126.5543,126.9828,126.4846,126.8831,126.3619,125.8312,125.2908,124.7409,125.0685,124.4956,123.9132,124.196,123.5905,122.9756,123.213,122.5749,122.7802,122.1189,122.2918,122.4459,131.754,134.3041,131.8602,131.0643,129.4444,127.0157,125.4017,125.3858,123.7631,122.1417,120.5217,118.9033,117.2869,117.2048,116.3421,116.98,116.0881,115.9306,115.0153,115.5539,114.6092,114.375,114.8333,115.2584,114.9491,115.3133,118.397
-55.02737,-56.53639,-57.64236,-59.16656,-60.27155,-61.37196,-62.46769,-63.55867,-65.10655,-66.19549,-67.27939,-68.84297,-69.92415,-71,-72.57799,-73.65044,-75.23979,-76.30837,-77.90844,-79.5173,-87.20604,-90.58925,-90.625,-91.77223,-92.33177,-92.28228,-92.79235,-94.48496,-94.96678,-95.42753,-95.86725,-96.28602,-96.68389,-98.3465,-99.36555,-101.6891,-102.7061,-104.3844,-105.3921,-107.7557,-108.76,-110.4507,-112.8464,-115.2584,-116.9731,-119.4104,-124.7644
126.5543,126.9828,126.4846,125.9768,126.3619,125.8312,125.2908,125.6319,125.0685,124.4956,123.9132,124.196,123.5905,122.9756,123.213,122.5749,122.7802,122.1189,122.2918,122.4459,131.754,133.475,131.8602,131.0643,128.6303,127.8247,126.2055,124.5871,123.7631,122.1417,120.5217,118.9033,117.2869,116.4388,116.3421,116.2253,116.0881,115.9306,115.7525,115.5539,114.6092,115.0944,114.1201,115.2584,114.9491,115.3133,118.397
-55.02737,-56.53639,-57.64236,-58.74394,-60.27155,-61.37196,-62.46769,-64.01266,-65.10655,-66.19549,-67.27939,-68.84297,-69.92415,-71,-72.57799,-73.65044,-75.23979,-76.30837,-77.90844,-79.5173,-87.20604,-90.03006,-90.625,-91.77223,-91.75107,-92.87007,-93.38718,-93.88314,-94.96678,-95.42753,-95.86725,-96.28602,-96.68389,-97.70372,-99.36555,-101.0331,-102.7061,-104.3844,-106.0677,-107.7557,-108.76,-111.1453,-112.1455,-115.2584,-116.9731,-119.4104,-124.7644
126.5543,126.9828,126.4846,125.9768,126.3619,125.8312,126.1857,124.7409,125.0685,124.4956,123.9132,124.196,123.5905,122.9756,123.213,122.5749,122.7802,122.1189,122.2918,122.4459,131.754,134.3041,132.6843,130.2452,129.4444,127.8247,127.0094,125.3858,123.7631,121.3537,120.5217,118.9033,117.2869,116.4388,116.3421,116.2253,116.0881,115.9306,115.7525,114.8225,115.3345,115.0944,114.1201,115.2584,114.9491,115.3133,118.397
-55.02737,-56.53639,-57.64236,-58.74394,-60.27155,-61.37196,-62.91389,-63.55867,-65.10655,-66.19549,-67.27939,-68.84297,-69.92415,-71,-72.57799,-73.65044,-75.23979,-76.30837,-77.90844,-79.5173,-87.20604,-90.58925,-91.1914,-91.19865,-92.33177,-92.87007,-93.982,-94.48496,-94.96678,-94.81187,-95.86725,-96.28602,-96.68389,-97.70372,-99.36555,-101.0331,-102.7061,-104.3844,-106.0677,-107.0737,-109.4484,-111.1453,-112.1455,-115.2584,-116.9731,-119.4104,-124.7644
126.5543,126.9828,126.4846,125.9768,125.4594,125.8312,125.2908,124.7409,125.0685,124.4956,123.9132,124.196,123.5905,123.8416,123.213,122.5749,122.7802,122.1189,122.2918,123.2846,131.754,134.3041,131.8602,130.2452,128.6303,127.8247,126.2055,124.5871,123.7631,122.1417,120.5217,118.9033,117.2869,117.2048,116.3421,116.2253,116.0881,115.9306,115.7525,115.5539,114.6092,114.375,114.1201,115.2584,114.9491,115.3133,118.397
-55.02737,-56.53639,-57.64236,-58.74394,-59.84104,-61.37196,-62.46769,-63.55867,-65.10655,-66.19549,-67.27939,-68.84297,-69.92415,-71.5,-72.57799,-73.65044,-75.23979,-76.30837,-77.90844,-80.06194,-87.20604,-90.58925,-90.625,-91.19865,-91.75107,-92.87007,-93.38718,-93.88314,-94.96678,-95.42753,-95.86725,-96.28602,-96.68389,-98.3465,-99.36555,-101.0331,-102.7061,-104.3844,-106.0677,-107.7557,-108.76,-110.4507,-112.1455,-115.2584,-116.9731,-119.4104,-124.7644
126.5543,126.9828,126.4846,125.9768,126.3619,125.8312,125.2908,124.7409,125.0685,124.4956,124.792,124.196,123.5905,122.9756,123.213,122.5749,122.7802,122.1189,122.2918,123.2846,131.754,134.3041,131.8602,130.2452,128.6303,127.0157,126.2055,123.7885,123.7631,122.1417,120.5217,119.6805,117.2869,116.4388,116.3421,116.2253,116.0881,115.1874,115.7525,115.5539,115.3345,114.375,114.1201,115.2584,114.9491,115.3133,118.397
-55.02737,-56.53639,-57.64236,-58.74394,-60.27155,-61.37196,-62.46769,-63.55867,-65.10655,-66.19549,-67.75654,-68.84297,-69.92415,-71,-72.57799,-73.65044,-75.23979,-76.30837,-77.90844,-80.06194,-87.20604,-90.58925,-90.625,-91.19865,-91.75107,-92.28228,-93.38718,-93.28133,-94.96678,-95.42753,-95.86725,-96.91534,-96.68389,-97.70372,-99.36555,-101.0331,-102.7061,-103.7152,-106.0677,-107.7557,-109.4484,-110.4507,-112.1455,-115.2584,-116.9731,-119.4104,-124.7644
127.4714,126.9828,126.4846,125.9768,125.4594,125.8312,125.2908,125.6319,125.0685,124.4956,123.9132,124.196,123.5905,122.9756,123.213,122.5749,122.7802,122.1189,122.2918,123.2846,130.0862,134.3041,132.6843,131.0643,129.4444,127.0157,126.2055,125.3858,123.7631,122.1417,120.5217,118.9033,118.0586,116.4388,116.3421,116.2253,116.0881,115.9306,115.7525,115.5539,115.3345,115.0944,114.1201,115.2584,114.9491,115.3133,117.7086
-55.42612,-56.53639,-57.64236,-58.74394,-59.84104,-61.37196,-62.46769,-64.01266,-65.10655,-66.19549,-67.27939,-68.84297,-69.92415,-71,-72.57799,-73.65044,-75.23979,-76.30837,-77.90844,-80.06194,-86.10217,-90.58925,-91.1914,-91.77223,-92.33177,-92.28228,-93.38718,-94.48496,-94.96678,-95.42753,-95.86725,-96.28602,-97.31997,-97.70372,-99.36555,-101.0331,-102.7061,-104.3844,-106.0677,-107.7557,-109.4484,-111.1453,-112.1455,-115.2584,-116.9731,-119.4104,-124.039
127.4714,126.9828,126.4846,125.9768,126.3619,125.8312,125.2908,125.6319,125.0685,124.4956,124.792,124.196,123.5905,122.9756,123.213,122.5749,122.7802,122.1189,122.2918,123.2846,131.754,134.3041,132.6843,130.2452,130.2585,127.0157,126.2055,124.5871,123.7631,121.3537,119.739,118.9033,117.2869,116.4388,116.3421,116.2253,116.0881,115.9306,115.0153,114.8225,115.3345,114.375,114.8333,115.2584,114.9491,115.3133,118.397
-55.42612,-56.53639,-57.64236,-58.74394,-60.27155,-61.37196,-62.46769,-64.01266,-65.10655,-66.19549,-67.75654,-68.84297,-69.92415,-71,-72.57799,-73.65044,-75.23979,-76.30837,-77.90844,-80.06194,-87.20604,-90.58925,-91.1914,-91.19865,-92.91247,-92.28228,-93.38718,-93.88314,-94.96678,-94.81187,-95.24474,-96.28602,-96.68389,-97.70372,-99.36555,-101.0331,-102.7061,-104.3844,-105.3921,-107.0737,-109.4484,-110.4507,-112.8464,-115.2584,-116.9731,-119.4104,-124.7644
127.4714,126.9828,126.4846,125.9768,126.3619,125.8312,126.1857,125.6319,125.0685,124.4956,123.9132,124.196,123.5905,123.8416,123.213,122.5749,122.7802,122.1189,122.2918,123.2846,131.754,134.3041,132.6843,131.0643,128.6303,127.0157,126.2055,124.5871,123.7631,122.1417,119.739,118.9033,117.2869,116.4388,116.3421,116.2253,116.0881,115.9306,115.7525,115.5539,115.3345,115.0944,114.1201,115.2584,114.9491,115.3133,118.397
-55.42612,-56.53639,-57.64236,-58.74394,-60.27155,-61.37196,-62.91389,-64.01266,-65.10655,-66.19549,-67.27939,-68.84297,-69.92415,-71.5,-72.57799,-73.65044,-75.23979,-76.30837,-77.90844,-80.06194,-87.20604,-90.58925,-91.1914,-91.77223,-91.75107,-92.28228,-93.38718,-93.88314,-94.96678,-95.42753,-95.24474,-96.28602,-96.68389,-97.70372,-99.36555,-101.0331,-102.7061,-104.3844,-106.0677,-107.7557,-109.4484,-111.1453,-112.1455,-115.2584,-116.9731,-119.4104,-124.7644
127.4714,126.9828,126.4846,125.9768,126.3619,125.8312,125.2908,124.7409,125.0685,124.4956,123.9132,124.196,123.5905,123.8416,123.213,122.5749,122.7802,122.1189,122.2918,123.2846,131.754,134.3041,131.8602,131.0643,128.6303,127.0157,125.4017,125.3858,122.9698,121.3537,120.5217,118.9033,117.2869,117.2048,116.3421,116.2253,116.0881,115.9306,115.0153,115.5539,115.3345,114.375,114.8333,115.2584,114.9491,114.6186,118.397
-55.42612,-56.53639,-57.64236,-58.74394,-60.27155,-61.37196,-62.46769,-63.55867,-65.10655,-66.19549,-67.27939,-68.84297,-69.92415,-71.5,-72.57799,-73.65044,-75.23979,-76.30837,-77.90844,-80.06194,-87.20604,-90.58925,-90.625,-91.77223,-91.75107,-92.28228,-92.79235,-94.48496,-94.35802,-94.81187,-95.86725,-96.28602,-96.68389,-98.3465,-99.36555,-101.0331,-102.7061,-104.3844,-105.3921,-107.7557,-109.4484,-110.4507,-112.8464,-115.2584,-116.9731,-118.6911,-124.7644
126.5543,126.9828,126.4846,125.9768,126.3619,125.8312,125.2908,125.6319,125.0685,124.4956,124.792,124.196,123.5905,122.9756,123.213,122.5749,122.7802,122.1189,122.2918,122.4459,131.754,133.475,131.8602,130.2452,129.4444,127.8247,126.2055,125.3858,123.7631,122.1417,120.5217,118.9033,117.2869,117.2048,116.3421,116.2253,116.0881,115.9306,115.7525,115.5539,114.6092,115.0944,114.1201,115.2584,114.9491,115.3133,117.7086
-55.02737,-56.53639,-57.64236,-58.74394,-60.27155,-61.37196,-62.46769,-64.01266,-65.10655,-66.19549,-67.75654,-68.84297,-69.92415,-71,-72.57799,-73.65044,-75.23979,-76.30837,-77.90844,-79.5173,-87.20604,-90.03006,-90.625,-91.19865,-92.33177,-92.87007,-93.38718,-94.48496,-94.96678,-95.42753,-95.86725,-96.28602,-96.68389,-98.3465,-99.36555,-101.0331,-102.7061,-104.3844,-106.0677,-107.7557,-108.76,-111.1453,-112.1455,-115.2584,-116.9731,-119.4104,-124.039
127.4714,126.9828,126.4846,125.9768,126.3619,125.8312,126.1857,124.7409,125.0685,124.4956,124.792,123.3214,123.5905,123.8416,123.213,122.5749,122.7802,122.1189,122.2918,123.2846,131.754,133.475,131.8602,131.0643,129.4444,127.8247,126.2055,124.5871,123.7631,121.3537,120.5217,118.9033,117.2869,117.2048,116.3421,116.2253,116.0881,115.9306,115.7525,115.5539,114.6092,115.0944,114.8333,115.2584,114.9491,115.3133,118.397
-55.42612,-56.53639,-57.64236,-58.74394,-60.27155,-61.37196,-62.91389,-63.55867,-65.10655,-66.19549,-67.75654,-68.35816,-69.92415,-71.5,-72.57799,-73.65044,-75.23979,-76.30837,-77.90844,-80.06194,-87.20604,-90.03006,-90.625,-91.77223,-92.33177,-92.87007,-93.38718,-93.88314,-94.96678,-94.81187,-95.86725,-96.28602,-96.68389,-98.3465,-99.36555,-101.0331,-102.7061,-104.3844,-106.0677,-107.7557,-108.76,-111.1453,-112.8464,-115.2584,-116.9731,-119.4104,-124.7644
126.5543,126.9828,126.4846,125.9768,126.3619,125.8312,125.2908,125.6319,125.0685,125.3786,123.9132,124.196,123.5905,122.9756,123.213,122.5749,122.7802,122.1189,122.2918,123.2846,131.754,134.3041,132.6843,131.0643,128.6303,127.0157,126.2055,125.3858,123.7631,122.1417,121.3043,118.9033,118.0586,117.2048,116.3421,116.2253,116.0881,115.9306,115.0153,115.5539,115.3345,115.0944,114.8333,113.8442,114.9491,114.6186,118.397
-55.02737,-56.53639,-57.64236,-58.74394,-60.27155,-61.37196,-62.46769,-64.01266,-65.10655,-66.66496,-67.27939,-68.84297,-69.92415,-71,-72.57799,-73.65044,-75.23979,-76.30837,-77.90844,-80.06194,-87.20604,-90.58925,-91.1914,-91.77223,-91.75107,-92.28228,-93.38718,-94.48496,-94.96678,-95.42753,-96.48977,-96.28602,-97.31997,-98.3465,-99.36555,-101.0331,-102.7061,-104.3844,-105.3921,-107.7557,-109.4484,-111.1453,-112.8464,-113.8442,-116.9731,-118.6911,-124.7644
127.4714,126.9828,126.4846,126.8831,126.3619,125.8312,125.2908,125.6319,125.0685,125.3786,124.792,124.196,123.5905,123.8416,123.213,122.5749,121.9275,122.1189,122.2918,123.2846,131.754,134.3041,132.6843,130.2452,128.6303,127.0157,126.2055,124.5871,123.7631,122.1417,120.5217,118.9033,118.0586,117.2048,116.3421,116.2253,116.0881,115.1874,115.7525,115.5539,115.3345,114.375,114.8333,115.2584,114.9491,115.3133,117.7086
-55.42612,-56.53639,-57.64236,-59.16656,-60.27155,-61.37196,-62.46769,-64.01266,-65.10655,-66.66496,-67.75654,-68.84297,-69.92415,-71.5,-72.57799,-73.65044,-74.71729,-76.30837,-77.90844,-80.06194,-87.20604,-90.58925,-91.1914,-91.19865,-91.75107,-92.28228,-93.38718,-93.88314,-94.96678,-95.42753,-95.86725,-96.28602,-97.31997,-98.3465,-99.36555,-101.0331,-102.7061,-103.7152,-106.0677,-107.7557,-109.4484,-110.4507,-112.8464,-115.2584,-116.9731,-119.4104,-124.039
127.4714,126.9828,126.4846,126.8831,126.3619,125.8312,126.1857,125.6319,125.0685,124.4956,124.792,124.196,123.5905,122.9756,123.213,122.5749,122.7802,122.1189,122.2918,123.2846,131.754,133.475,132.6843,131.0643,128.6303,127.8247,125.4017,125.3858,123.7631,122.1417,120.5217,118.9033,117.2869,116.4388,116.3421,116.2253,116.0881,115.9306,115.7525,115.5539,114.6092,115.0944,114.1201,113.8442,114.9491,115.3133,117.7086
-55.42612,-56.53639,-57.64236,-59.16656,-60.27155,-61.37196,-62.91389,-64.01266,-65.10655,-66.19549,-67.75654,-68.84297,-69.92415,-71,-72.57799,-73.65044,-75.23979,-76.30837,-77.90844,-80.06194,-87.20604,-90.03006,-91.1914,-91.77223,-91.75107,-92.87007,-92.79235,-94.48496,-94.96678,-95.42753,-95.86725,-96.28602,-96.68389,-97.70372,-99.36555,-101.0331,-102.7061,-104.3844,-106.0677,-107.7557,-108.76,-111.1453,-112.1455,-113.8442,-116.9731,-119.4104,-124.039
127.4714,126.9828,126.4846,125.9768,126.3619,125.8312,125.2908,125.6319,125.0685,124.4956,124.792,124.196,123.5905,122.9756,122.3513,122.5749,121.9275,122.1189,122.2918,122.4459,131.754,133.475,132.6843,130.2452,129.4444,127.8247,126.2055,124.5871,123.7631,122.1417,120.5217,118.9033,117.2869,117.2048,116.3421,116.2253,116.0881,115.9306,115.7525,114.8225,115.3345,115.0944,114.1201,115.2584,114.9491,115.3133,117.7086
-55.42612,-56.53639,-57.64236,-58.74394,-60.27155,-61.37196,-62.46769,-64.01266,-65.10655,-66.19549,-67.75654,-68.84297,-69.92415,-71,-72.07045,-73.65044,-74.71729,-76.30837,-77.90844,-79.5173,-87.20604,-90.03006,-91.1914,-91.19865,-92.33177,-92.87007,-93.38718,-93.88314,-94.96678,-95.42753,-95.86725,-96.28602,-96.68389,-98.3465,-99.36555,-101.0331,-102.7061,-104.3844,-106.0677,-107.0737,-109.4484,-111.1453,-112.1455,-115.2584,-116.9731,-119.4104,-124.039
127.4714,126.9828,126.4846,125.9768,126.3619,125.8312,125.2908,124.7409,125.0685,124.4956,124.792,124.196,123.5905,123.8416,123.213,122.5749,122.7802,122.1189,122.2918,124.1232,131.754,133.475,132.6843,130.2452,129.4444,127.8247,125.4017,124.5871,122.9698,122.9297,120.5217,119.6805,118.0586,117.2048,116.3421,116.2253,116.0881,115.9306,115.0153,115.5539,115.3345,114.375,114.8333,115.2584,114.9491,115.3133,118.397
-55.42612,-56.53639,-57.64236,-58.74394,-60.27155,-61.37196,-62.46769,-63.55867,-65.10655,-66.19549,-67.75654,-68.84297,-69.92415,-71.5,-72.57799,-73.65044,-75.23979,-76.30837,-77.90844,-80.60658,-87.20604,-90.03006,-91.1914,-91.19865,-92.33177,-92.87007,-92.79235,-93.88314,-94.35802,-96.04319,-95.86725,-96.91534,-97.31997,-98.3465,-99.36555,-101.0331,-102.7061,-104.3844,-105.3921,-107.7557,-109.4484,-110.4507,-112.8464,-115.2584,-116.9731,-119.4104,-124.7644
127.4714,126.9828,126.4846,125.9768,126.3619,125.8312,125.2908,124.7409,125.0685,124.4956,124.792,123.3214,123.5905,123.8416,123.213,122.5749,122.7802,122.1189,122.2918,123.2846,131.754,133.475,132.6843,130.2452,128.6303,127.0157,126.2055,125.3858,123.7631,122.1417,120.5217,118.9033,117.2869,116.4388,116.3421,116.2253,116.0881,115.9306,115.7525,114.8225,115.3345,115.0944,114.1201,115.2584,114.9491,115.3133,118.397
-55.42612,-56.53639,-57.64236,-58.74394,-60.27155,-61.37196,-62.46769,-63.55867,-65.10655,-66.19549,-67.75654,-68.35816,-69.92415,-71.5,-72.57799,-73.65044,-75.23979,-76.30837,-77.90844,-80.06194,-87.20604,-90.03006,-91.1914,-91.19865,-91.75107,-92.28228,-93.38718,-94.48496,-94.96678,-95.42753,-95.86725,-96.28602,-96.68389,-97.70372,-99.36555,-101.0331,-102.7061,-104.3844,-106.0677,-107.0737,-109.4484,-111.1453,-112.1455,-115.2584,-116.9731,-119.4104,-124.7644
127.4714,126.9828,126.4846,125.9768,126.3619,125.8312,125.2908,125.6319,125.0685,124.4956,123.9132,124.196,123.5905,122.9756,123.213,122.5749,122.7802,122.1189,122.2918,123.2846,131.754,133.475,131.8602,130.2452,128.6303,127.0157,126.2055,124.5871,123.7631,122.1417,120.5217,118.9033,117.2869,117.2048,116.3421,116.2253,116.0881,115.9306,115.7525,115.5539,115.3345,115.0944,114.8333,115.2584,114.9491,115.3133,118.397
-55.42612,-56.53639,-57.64236,-58.74394,-60.27155,-61.37196,-62.46769,-64.01266,-65.10655,-66.19549,-67.27939,-68.84297,-69.92415,-71,-72.57799,-73.65044,-75.23979,-76.30837,-77.90844,-80.06194,-87.20604,-90.03006,-90.625,-91.19865,-91.75107,-92.28228,-93.38718,-93.88314,-94.96678,-95.42753,-95.86725,-96.28602,-96.68389,-98.3465,-99.36555,-101.0331,-102.7061,-104.3844,-106.0677,-107.7557,-109.4484,-111.1453,-112.8464,-115.2584,-116.9731,-119.4104,-124.7644
127.4714,126.9828,126.4846,125.9768,126.3619,125.8312,125.2908,124.7409,125.0685,124.4956,124.792,124.196,123.5905,122.9756,123.213,122.5749,122.7802,122.1189,122.2918,123.2846,131.754,133.475,132.6843,130.2452,128.6303,127.8247,125.4017,124.5871,122.9698,122.1417,120.5217,118.9033,117.2869,116.4388,116.3421,116.2253,116.0881,115.9306,115.7525,115.5539,115.3345,115.0944,114.8333,115.2584,114.9491,115.3133,117.7086
-55.42612,-56.53639,-57.64236,-58.74394,-60.27155,-61.37196,-62.46769,-63.55867,-65.10655,-66.19549,-67.75654,-68.84297,-69.92415,-71,-72.57799,-73.65044,-75.23979,-76.30837,-77.90844,-80.06194,-87.20604,-90.03006,-91.1914,-91.19865,-91.75107,-92.87007,-92.79235,-93.88314,-94.35802,-95.42753,-95.86725,-96.28602,-96.68389,-97.70372,-99.36555,-101.0331,-102.7061,-104.3844,-106.0677,-107.7557,-109.4484,-111.1453,-112.8464,-115.2584,-116.9731,-119.4104,-124.039
127.4714,126.9828,126.4846,125.9768,125.4594,125.8312,125.2908,125.6319,125.0685,124.4956,124.792,124.196,123.5905,122.9756,123.213,122.5749,122.7802,122.1189,122.2918,123.2846,131.754,134.3041,131.8602,131.0643,129.4444,127.8247,126.2055,124.5871,123.7631,122.1417,120.5217,118.9033,117.2869,116.4388,116.3421,116.2253,116.0881,115.9306,115.7525,115.5539,114.6092,115.0944,114.8333,115.2584,114.9491,115.3133,118.397
-55.42612,-56.53639,-57.64236,-58.74394,-59.84104,-61.37196,-62.46769,-64.01266,-65.10655,-66.19549,-67.75654,-68.84297,-69.92415,-71,-72.57799,-73.65044,-75.23979,-76.30837,-77.90844,-80.06194,-87.20604,-90.58925,-90.625,-91.77223,-92.33177,-92.87007,-93.38718,-93.88314,-94.96678,-95.42753,-95.86725,-96.28602,-96.68389,-97.70372,-99.36555,-101.0331,-102.7061,-104.3844,-106.0677,-107.7557,-108.76,-111.1453,-112.8464,-115.2584,-116.9731,-119.4104,-124.7644
127.4714,126.9828,126.4846,125.9768,126.3619,125.8312,125.2908,125.6319,125.0685,124.4956,124.792,124.196,123.5905,123.8416,123.213,122.5749,121.9275,122.1189,122.2918,122.4459,131.754,133.475,131.8602,130.2452,129.4444,127.8247,125.4017,125.3858,122.9698,122.1417,120.5217,118.9033,117.2869,116.4388,116.3421,116.2253,116.0881,115.9306,115.7525,115.5539,114.6092,114.375,114.1201,115.2584,114.9491,115.3133,118.397
-55.42612,-56.53639,-57.64236,-58.74394,-60.27155,-61.37196,-62.46769,-64.01266,-65.10655,-66.19549,-67.75654,-68.84297,-69.92415,-71.5,-72.57799,-73.65044,-74.71729,-76.30837,-77.90844,-79.5173,-87.20604,-90.03006,-90.625,-91.19865,-92.33177,-92.87007,-92.79235,-94.48496,-94.35802,-95.42753,-95.86725,-96.28602,-96.68389,-97.70372,-99.36555,-101.0331,-102.7061,-104.3844,-106.0677,-107.7557,-108.76,-110.4507,-112.1455,-115.2584,-116.9731,-119.4104,-124.7644
127.4714,126.9828,126.4846,125.9768,126.3619,125.8312,125.2908,125.6319,125.0685,124.4956,124.792,124.196,123.5905,123.8416,123.213,122.5749,122.7802,122.1189,122.2918,123.2846,131.754,134.3041,132.6843,131.0643,129.4444,127.0157,125.4017,125.3858,123.7631,121.3537,120.5217,118.9033,117.2869,116.4388,116.3421,116.2253,116.0881,115.9306,115.7525,115.5539,115.3345,114.375,114.8333,115.2584,114.9491,115.3133,118.397
-55.42612,-56.53639,-57.64236,-58.74394,-60.27155,-61.37196,-62.46769,-64.01266,-65.10655,-66.19549,-67.75654,-68.84297,-69.92415,-71.5,-72.57799,-73.65044,-75.23979,-76.30837,-77.90844,-80.06194,-87.20604,-90.58925,-91.1914,-91.77223,-92.33177,-92.28228,-92.79235,-94.48496,-94.96678,-94.81187,-95.86725,-96.28602,-96.68389,-97.70372,-99.36555,-101.0331,-102.7061,-104.3844,-106.0677,-107.7557,-109.4484,-110.4507,-112.8464,-115.2584,-116.9731,-119.4104,-124.7644
127.4714,126.9828,126.4846,125.9768,126.3619,125.8312,125.2908,125.6319,125.0685,124.4956,124.792,124.196,123.5905,122.9756,123.213,122.5749,121.9275,122.1189,122.2918,123.2846,131.754,133.475,131.8602,130.2452,128.6303,127.8247,126.2055,124.5871,122.9698,122.1417,120.5217,118.9033,117.2869,117.2048,116.3421,116.2253,116.0881,115.9306,115.7525,115.5539,114.6092,115.0944,114.8333,115.2584,114.9491,115.3133,118.397
-55.42612,-56.53639,-57.64236,-58.74394,-60.27155,-61.37196,-62.46769,-64.01266,-65.10655,-66.19549,-67.75654,-68.84297,-69.92415,-71,-72.57799,-73.65044,-74.71729,-76.30837,-77.90844,-80.06194,-87.20604,-90.03006,-90.625,-91.19865,-91.75107,-92.87007,-93.38718,-93.88314,-94.35802,-95.42753,-95.86725,-96.28602,-96.68389,-98.3465,-99.36555,-101.0331,-102.7061,-104.3844,-106.0677,-107.7557,-108.76,-111.1453,-112.8464,-115.2584,-116.9731,-119.4104,-124.7644
125.6372,126.9828,126.4846,125.9768,126.3619,125.8312,125.2908,125.6319,125.0685,124.4956,123.9132,124.196,123.5905,122.9756,123.213,122.5749,122.7802,122.1189,122.2918,123.2846,131.754,134.3041,132.6843,131.0643,128.6303,127.0157,126.2055,124.5871,123.7631,122.1417,120.5217,118.9033,117.2869,117.2048,116.3421,116.2253,116.0881,115.9306,115.7525,115.5539,115.3345,115.0944,114.1201,113.8442,114.9491,115.3133,118.397
-54.62862,-56.53639,-57.64236,-58.74394,-60.27155,-61.37196,-62.46769,-64.01266,-65.10655,-66.19549,-67.27939,-68.84297,-69.92415,-71,-72.57799,-73.65044,-75.23979,-76.30837,-77.90844,-80.06194,-87.20604,-90.58925,-91.1914,-91.77223,-91.75107,-92.28228,-93.38718,-93.88314,-94.96678,-95.42753,-95.86725,-96.28602,-96.68389,-98.3465,-99.36555,-101.0331,-102.7061,-104.3844,-106.0677,-107.7557,-109.4484,-111.1453,-112.1455,-113.8442,-116.9731,-119.4104,-124.7644
127.4714,126.9828,126.4846,125.9768,126.3619,125.8312,126.1857,125.6319,125.0685,124.4956,123.9132,124.196,124.4609,122.9756,123.213,122.5749,122.7802,122.1189,122.2918,123.2846,131.754,133.475,132.6843,130.2452,128.6303,127.0157,127.0094,125.3858,123.7631,122.1417,120.5217,118.9033,118.0586,116.4388,116.3421,116.2253,116.0881,115.9306,115.7525,114.8225,115.3345,115.0944,114.1201,115.2584,114.9491,115.3133,118.397
-55.42612,-56.53639,-57.64236,-58.74394,-60.27155,-61.37196,-62.91389,-64.01266,-65.10655,-66.19549,-67.27939,-68.84297,-70.41657,-71,-72.57799,-73.65044,-75.23979,-76.30837,-77.90844,-80.06194,-87.20604,-90.03006,-91.1914,-91.19865,-91.75107,-92.28228,-93.982,-94.48496,-94.96678,-95.42753,-95.86725,-96.28602,-97.31997,-97.70372,-99.36555,-101.0331,-102.7061,-104.3844,-106.0677,-107.0737,-109.4484,-111.1453,-112.1455,-115.2584,-116.9731,-119.4104,-124.7644
127.4714,126.9828,126.4846,125.9768,126.3619,125.8312,125.2908,125.6319,125.0685,124.4956,123.9132,124.196,123.5905,122.9756,123.213,122.5749,122.7802,122.1189,122.2918,123.2846,131.754,133.475,131.8602,130.2452,129.4444,127.8247,126.2055,124.5871,123.7631,122.1417,119.739,118.9033,117.2869,117.2048,116.3421,116.2253,116.0881,115.9306,115.7525,115.5539,115.3345,115.0944,114.8333,115.2584,114.9491,115.3133,118.397
-55.42612,-56.53639,-57.64236,-58.74394,-60.27155,-61.37196,-62.46769,-64.01266,-65.10655,-66.19549,-67.27939,-68.84297,-69.92415,-71,-72.57799,-73.65044,-75.23979,-76.30837,-77.90844,-80.06194,-87.20604,-90.03006,-90.625,-91.19865,-92.33177,-92.87007,-93.38718,-93.88314,-94.96678,-95.42753,-95.24474,-96.28602,-96.68389,-98.3465,-99.36555,-101.0331,-102.7061,-104.3844,-106.0677,-107.7557,-109.4484,-111.1453,-112.8464,-115.2584,-116.9731,-119.4104,-124.7644
125.6372,126.9828,126.4846,125.9768,125.4594,125.8312,125.2908,124.7409,125.0685,124.4956,124.792,124.196,123.5905,123.8416,123.213,122.5749,122.7802,122.1189,122.2918,122.4459,131.754,134.3041,131.8602,131.0643,129.4444,127.0157,126.2055,125.3858,123.7631,122.1417,120.5217,118.9033,117.2869,117.2048,116.3421,116.2253,116.0881,115.9306,115.7525,114.8225,115.3345,114.375,114.8333,115.2584,114.9491,115.3133,117.7086
-54.62862,-56.53639,-57.64236,-58.74394,-59.84104,-61.37196,-62.46769,-63.55867,-65.10655,-66.19549,-67.75654,-68.84297,-69.92415,-71.5,-72.57799,-73.65044,-75.23979,-76.30837,-77.90844,-79.5173,-87.20604,-90.58925,-90.625,-91.77223,-92.33177,-92.28228,-93.38718,-94.48496,-94.96678,-95.42753,-95.86725,-96.28602,-96.68389,-98.3465,-99.36555,-101.0331,-102.7061,-104.3844,-106.0677,-107.0737,-109.4484,-110.4507,-112.8464,-115.2584,-116.9731,-119.4104,-124.039
127.4714,126.9828,126.4846,125.9768,126.3619,125.8312,125.2908,125.6319,125.0685,124.4956,124.792,124.196,123.5905,123.8416,123.213,122.5749,122.7802,122.1189,122.2918,123.2846,131.754,134.3041,132.6843,130.2452,128.6303,127.8247,125.4017,124.5871,123.7631,122.1417,120.5217,118.9033,117.2869,117.2048,116.3421,116.2253,116.0881,115.9306,115.7525,115.5539,115.3345,115.0944,114.1201,115.2584,114.9491,115.3133,118.397
-55.42612,-56.53639,-57.64236,-58.74394,-60.27155,-61.37196,-62.46769,-64.01266,-65.10655,-66.19549,-67.75654,-68.84297,-69.92415,-71.5,-72.57799,-73.65044,-75.23979,-76.30837,-77.90844,-80.06194,-87.20604,-90.58925,-91.1914,-91.19865,-91.75107,-92.87007,-92.79235,-93.88314,-94.96678,-95.42753,-95.86725,-96.28602,-96.68389,-98.3465,-99.36555,-101.0331,-102.7061,-104.3844,-106.0677,-107.7557,-109.4484,-111.1453,-112.1455,-115.2584,-116.9731,-119.4104,-124.7644
127.4714,126.9828,126.4846,125.9768,126.3619,125.8312,125.2908,125.6319,125.0685,124.4956,124.792,124.196,123.5905,123.8416,123.213,122.5749,122.7802,122.1189,122.2918,122.4459,131.754,134.3041,132.6843,131.0643,129.4444,127.0157,127.0094,124.5871,123.7631,122.1417,120.5217,118.9033,118.0586,117.2048,116.3421,116.2253,116.0881,115.9306,115.7525,115.5539,115.3345,115.0944,114.1201,115.2584,114.9491,115.3133,117.7086
-55.42612,-56.53639,-57.64236,-58.74394,-60.27155,-61.37196,-62.46769,-64.01266,-65.10655,-66.19549,-67.75654,-68.84297,-69.92415,-71.5,-72.57799,-73.65044,-75.23979,-76.30837,-77.90844,-79.5173,-87.20604,-90.58925,-91.1914,-91.77223,-92.33177,-92.28228,-93.982,-93.88314,-94.96678,-95.42753,-95.86725,-96.28602,-97.31997,-98.3465,-99.36555,-101.0331,-102.7061,-104.3844,-106.0677,-107.7557,-109.4484,-111.1453,-112.1455,-115.2584,-116.9731,-119.4104,-124.039
127.4714,126.9828,126.4846,125.9768,126.3619,125.8312,125.2908,125.6319,125.0685,124.4956,123.9132,124.196,123.5905,123.8416,123.213,123.4321,122.7802,122.1189,122.2918,123.2846,131.754,133.475,132.6843,130.2452,129.4444,127.8247,125.4017,125.3858,123.7631,122.1417,120.5217,118.9033,117.2869,117.2048,116.3421,116.2253,116.0881,115.9306,115.7525,115.5539,115.3345,115.0944,114.8333,115.2584,114.9491,114.6186,118.397
-55.42612,-56.53639,-57.64236,-58.74394,-60.27155,-61.37196,-62.46769,-64.01266,-65.10655,-66.19549,-67.27939,-68.84297,-69.92415,-71.5,-72.57799,-74.16548,-75.23979,-76.30837,-77.90844,-80.06194,-87.20604,-90.03006,-91.1914,-91.19865,-92.33177,-92.87007,-92.79235,-94.48496,-94.96678,-95.42753,-95.86725,-96.28602,-96.68389,-98.3465,-99.36555,-101.0331,-102.7061,-104.3844,-106.0677,-107.7557,-109.4484,-111.1453,-112.8464,-115.2584,-116.9731,-118.6911,-124.7644
