150.349,149.6891,150.7918,148.3352,148.5201,146.9361,147.0901,146.3583,144.7537,144.0041,143.2435,142.4721,141.6898,140.8967,140.0928,139.2783,138.4532,139.2558,140.0279,142.387,143.8904,146.1503,146.7704,142.6299,140.0869,137.5548,135.0343,132.5257,130.7898,129.0553,128.8204,127.8209,127.549,126.5242,125.4898,125.1651,124.1056,123.7437,123.36,122.2599,121.8388,120.7137,120.2551,119.7744,117.9464
-74.96123,-76.2704,-78.49726,-78.87122,-80.63983,-81.44802,-83.21958,-84.5,-85.26644,-86.5264,-87.77976,-89.02644,-90.26633,-91.49936,-92.72541,-93.94441,-95.15625,-97.50799,-99.88091,-103.4502,-106.4733,-110.1321,-112.6209,-111.4347,-111.4301,-111.3897,-111.3137,-111.2023,-111.7051,-112.1861,-113.9706,-115.0905,-116.8771,-117.9857,-119.0853,-120.8706,-121.9582,-123.7437,-125.5321,-126.6038,-128.3913,-129.4496,-131.2354,-133.0229,-133.3141
150.349,150.5801,149.0178,148.3352,148.5201,146.9361,147.0901,146.3583,144.7537,144.0041,143.2435,142.4721,141.6898,140.8967,140.0928,139.2783,138.4532,139.2558,140.0279,142.387,143.8904,146.1503,145.977,142.6299,140.0869,137.5548,135.8059,133.2917,130.7898,129.81,129.5693,127.8209,126.8117,126.5242,125.4898,125.1651,124.1056,123.7437,122.6591,122.2599,121.8388,120.7137,120.2551,119.7744,117.9464
-74.96123,-76.72439,-77.57377,-78.87122,-80.63983,-81.44802,-83.21958,-84.5,-85.26644,-86.5264,-87.77976,-89.02644,-90.26633,-91.49936,-92.72541,-93.94441,-95.15625,-97.50799,-99.88091,-103.4502,-106.4733,-110.1321,-112.0121,-111.4347,-111.4301,-111.3897,-111.9498,-111.845,-111.7051,-112.8422,-114.6333,-115.0905,-116.2015,-117.9857,-119.0853,-120.8706,-121.9582,-123.7437,-124.8188,-126.6038,-128.3913,-129.4496,-131.2354,-133.0229,-133.3141
150.349,149.6891,149.9048,149.2181,147.6413,146.9361,146.2198,145.4923,144.7537,144.0041,143.2435,142.4721,141.6898,140.8967,140.0928,139.2783,138.4532,139.2558,140.842,142.387,143.8904,146.1503,146.7704,142.6299,140.0869,137.5548,135.0343,133.2917,130.7898,129.81,128.8204,127.8209,127.549,126.5242,125.4898,125.1651,124.1056,123.7437,122.6591,122.2599,121.8388,120.7137,120.2551,119.7744,117.9464
-74.96123,-76.2704,-78.03552,-79.34069,-80.16267,-81.44802,-82.72716,-84,-85.26644,-86.5264,-87.77976,-89.02644,-90.26633,-91.49936,-92.72541,-93.94441,-95.15625,-97.50799,-100.4616,-103.4502,-106.4733,-110.1321,-112.6209,-111.4347,-111.4301,-111.3897,-111.3137,-111.845,-111.7051,-112.8422,-113.9706,-115.0905,-116.8771,-117.9857,-119.0853,-120.8706,-121.9582,-123.7437,-124.8188,-126.6038,-128.3913,-129.4496,-131.2354,-133.0229,-133.3141
150.349,150.5801,149.9048,148.3352,147.6413,146.9361,146.2198,145.4923,144.7537,144.0041,143.2435,142.4721,141.6898,140.8967,140.0928,139.2783,138.4532,140.075,140.842,142.387,143.8904,146.1503,146.7704,142.6299,140.0869,137.5548,135.0343,133.2917,130.7898,129.81,128.8204,127.8209,126.8117,126.5242,125.4898,125.1651,124.1056,123.7437,123.36,122.2599,121.8388,120.7137,120.2551,119.1052,117.9464
-74.96123,-76.72439,-78.03552,-78.87122,-80.16267,-81.44802,-82.72716,-84,-85.26644,-86.5264,-87.77976,-89.02644,-90.26633,-91.49936,-92.72541,-93.94441,-95.15625,-98.08157,-100.4616,-103.4502,-106.4733,-110.1321,-112.6209,-111.4347,-111.4301,-111.3897,-111.3137,-111.845,-111.7051,-112.8422,-113.9706,-115.0905,-116.2015,-117.9857,-119.0853,-120.8706,-121.9582,-123.7437,-125.5321,-126.6038,-128.3913,-129.4496,-131.2354,-132.2798,-133.3141
150.349,150.5801,149.0178,148.3352,148.5201,147.8107,147.0901,145.4923,144.7537,144.0041,143.2435,142.4721,141.6898,140.8967,140.0928,139.2783,138.4532,139.2558,140.842,142.387,143.8904,146.1503,146.7704,142.6299,140.0869,137.5548,135.0343,133.2917,130.7898,129.81,128.8204,127.8209,126.8117,126.5242,125.4898,125.1651,124.1056,123.7437,123.36,122.2599,121.8388,120.7137,120.2551,119.7744,117.9464
-74.96123,-76.72439,-77.57377,-78.87122,-80.63983,-81.93283,-83.21958,-84,-85.26644,-86.5264,-87.77976,-89.02644,-90.26633,-91.49936,-92.72541,-93.94441,-95.15625,-97.50799,-100.4616,-103.4502,-106.4733,-110.1321,-112.6209,-111.4347,-111.4301,-111.3897,-111.3137,-111.845,-111.7051,-112.8422,-113.9706,-115.0905,-116.2015,-117.9857,-119.0853,-120.8706,-121.9582,-123.7437,-125.5321,-126.6038,-128.3913,-129.4496,-131.2354,-133.0229,-133.3141
150.349,150.5801,149.9048,148.3352,147.6413,146.9361,146.2198,145.4923,144.7537,144.0041,143.2435,142.4721,141.6898,140.8967,140.0928,139.2783,138.4532,139.2558,140.0279,142.387,143.8904,146.1503,146.7704,142.6299,140.0869,137.5548,135.0343,133.2917,130.7898,129.81,128.8204,127.8209,126.8117,126.5242,125.4898,125.1651,124.1056,123.7437,122.6591,122.2599,121.1504,120.7137,120.2551,119.1052,117.9464
-74.96123,-76.72439,-78.03552,-78.87122,-80.16267,-81.44802,-82.72716,-84,-85.26644,-86.5264,-87.77976,-89.02644,-90.26633,-91.49936,-92.72541,-93.94441,-95.15625,-97.50799,-99.88091,-103.4502,-106.4733,-110.1321,-112.6209,-111.4347,-111.4301,-111.3897,-111.3137,-111.845,-111.7051,-112.8422,-113.9706,-115.0905,-116.2015,-117.9857,-119.0853,-120.8706,-121.9582,-123.7437,-124.8188,-126.6038,-127.6659,-129.4496,-131.2354,-132.2798,-133.3141
150.349,149.6891,149.9048,149.2181,147.6413,146.9361,147.0901,145.4923,144.7537,144.0041,143.2435,142.4721,141.6898,140.8967,140.0928,139.2783,138.4532,139.2558,140.842,142.387,143.8904,146.1503,146.7704,142.6299,140.0869,137.5548,135.0343,133.2917,130.7898,129.0553,128.8204,127.8209,127.549,126.5242,125.4898,125.1651,124.1056,123.7437,122.6591,122.2599,121.1504,120.7137,120.2551,119.7744,117.9464
-74.96123,-76.2704,-78.03552,-79.34069,-80.16267,-81.44802,-83.21958,-84,-85.26644,-86.5264,-87.77976,-89.02644,-90.26633,-91.49936,-92.72541,-93.94441,-95.15625,-97.50799,-100.4616,-103.4502,-106.4733,-110.1321,-112.6209,-111.4347,-111.4301,-111.3897,-111.3137,-111.845,-111.7051,-112.1861,-113.9706,-115.0905,-116.8771,-117.9857,-119.0853,-120.8706,-121.9582,-123.7437,-124.8188,-126.6038,-127.6659,-129.4496,-131.2354,-133.0229,-133.3141
150.349,150.5801,149.9048,149.2181,148.5201,147.8107,146.2198,145.4923,145.6153,144.0041,143.2435,142.4721,141.6898,140.8967,140.0928,139.2783,138.4532,139.2558,140.842,142.387,143.8904,146.1503,146.7704,142.6299,140.0869,137.5548,135.0343,132.5257,130.7898,129.81,128.8204,127.8209,126.8117,126.5242,125.4898,125.1651,124.1056,123.7437,123.36,122.2599,121.1504,120.7137,120.2551,119.7744,117.9464
-74.96123,-76.72439,-78.03552,-79.34069,-80.63983,-81.93283,-82.72716,-84,-85.77398,-86.5264,-87.77976,-89.02644,-90.26633,-91.49936,-92.72541,-93.94441,-95.15625,-97.50799,-100.4616,-103.4502,-106.4733,-110.1321,-112.6209,-111.4347,-111.4301,-111.3897,-111.3137,-111.2023,-111.7051,-112.8422,-113.9706,-115.0905,-116.2015,-117.9857,-119.0853,-120.8706,-121.9582,-123.7437,-125.5321,-126.6038,-127.6659,-129.4496,-131.2354,-133.0229,-133.3141
150.349,150.5801,149.9048,149.2181,147.6413,146.9361,147.0901,146.3583,144.7537,144.0041,143.2435,142.4721,141.6898,140.8967,140.0928,139.2783,138.4532,139.2558,140.0279,142.387,144.6942,146.1503,146.7704,142.6299,140.0869,137.5548,135.0343,133.2917,130.7898,129.0553,128.8204,127.8209,126.8117,126.5242,125.4898,125.1651,124.1056,123.7437,122.6591,122.2599,121.8388,120.7137,120.2551,119.1052,117.9464
-74.96123,-76.72439,-78.03552,-79.34069,-80.16267,-81.44802,-83.21958,-84.5,-85.26644,-86.5264,-87.77976,-89.02644,-90.26633,-91.49936,-92.72541,-93.94441,-95.15625,-97.50799,-99.88091,-103.4502,-107.0681,-110.1321,-112.6209,-111.4347,-111.4301,-111.3897,-111.3137,-111.845,-111.7051,-112.1861,-113.9706,-115.0905,-116.2015,-117.9857,-119.0853,-120.8706,-121.9582,-123.7437,-124.8188,-126.6038,-128.3913,-129.4496,-131.2354,-132.2798,-133.3141
150.349,150.5801,149.0178,148.3352,147.6413,146.9361,147.0901,146.3583,144.7537,144.0041,143.2435,142.4721,141.6898,140.8967,140.0928,139.2783,138.4532,139.2558,140.842,142.387,143.8904,146.1503,146.7704,142.6299,140.0869,137.5548,135.0343,133.2917,130.7898,129.0553,128.8204,127.8209,127.549,126.5242,125.4898,125.1651,124.1056,123.7437,122.6591,122.2599,121.8388,120.7137,120.2551,119.1052,117.9464
-74.96123,-76.72439,-77.57377,-78.87122,-80.16267,-81.44802,-83.21958,-84.5,-85.26644,-86.5264,-87.77976,-89.02644,-90.26633,-91.49936,-92.72541,-93.94441,-95.15625,-97.50799,-100.4616,-103.4502,-106.4733,-110.1321,-112.6209,-111.4347,-111.4301,-111.3897,-111.3137,-111.845,-111.7051,-112.1861,-113.9706,-115.0905,-116.8771,-117.9857,-119.0853,-120.8706,-121.9582,-123.7437,-124.8188,-126.6038,-128.3913,-129.4496,-131.2354,-132.2798,-133.3141
150.349,150.5801,149.0178,148.3352,148.5201,147.8107,147.0901,145.4923,144.7537,144.0041,143.2435,142.4721,141.6898,141.7353,140.0928,139.2783,138.4532,139.2558,141.6561,142.387,144.6942,146.1503,146.7704,143.418,140.0869,137.5548,135.8059,133.2917,130.7898,129.81,128.8204,127.8209,127.549,126.5242,125.4898,125.1651,124.1056,123.7437,123.36,122.2599,121.8388,120.7137,120.2551,119.7744,117.9464
-74.96123,-76.72439,-77.57377,-78.87122,-80.63983,-81.93283,-83.21958,-84,-85.26644,-86.5264,-87.77976,-89.02644,-90.26633,-92.044,-92.72541,-93.94441,-95.15625,-97.50799,-101.0423,-103.4502,-107.0681,-110.1321,-112.6209,-112.0504,-111.4301,-111.3897,-111.9498,-111.845,-111.7051,-112.8422,-113.9706,-115.0905,-116.8771,-117.9857,-119.0853,-120.8706,-121.9582,-123.7437,-125.5321,-126.6038,-128.3913,-129.4496,-131.2354,-133.0229,-133.3141
150.349,150.5801,149.9048,149.2181,147.6413,147.8107,146.2198,146.3583,145.6153,144.0041,143.2435,142.4721,141.6898,140.8967,140.0928,139.2783,138.4532,139.2558,141.6561,142.387,143.8904,146.1503,145.977,142.6299,140.0869,137.5548,135.0343,132.5257,130.7898,129.0553,128.8204,127.8209,126.8117,126.5242,125.4898,124.4458,124.1056,123.7437,122.6591,122.9545,121.8388,120.7137,120.2551,119.7744,118.609
-74.96123,-76.72439,-78.03552,-79.34069,-80.16267,-81.93283,-82.72716,-84.5,-85.77398,-86.5264,-87.77976,-89.02644,-90.26633,-91.49936,-92.72541,-93.94441,-95.15625,-97.50799,-101.0423,-103.4502,-106.4733,-110.1321,-112.0121,-111.4347,-111.4301,-111.3897,-111.3137,-111.2023,-111.7051,-112.1861,-113.9706,-115.0905,-116.2015,-117.9857,-119.0853,-120.1759,-121.9582,-123.7437,-124.8188,-127.3231,-128.3913,-129.4496,-131.2354,-133.0229,-134.0631
150.349,150.5801,149.0178,148.3352,147.6413,147.8107,146.2198,146.3583,144.7537,144.0041,143.2435,142.4721,141.6898,140.8967,140.0928,139.2783,138.4532,139.2558,140.842,142.387,143.8904,146.1503,146.7704,142.6299,140.0869,137.5548,135.0343,133.2917,130.7898,129.81,128.8204,127.8209,127.549,125.7928,125.4898,124.4458,124.8188,123.7437,122.6591,122.2599,121.8388,120.7137,120.2551,119.7744,117.9464
-74.96123,-76.72439,-77.57377,-78.87122,-80.16267,-81.93283,-82.72716,-84.5,-85.26644,-86.5264,-87.77976,-89.02644,-90.26633,-91.49936,-92.72541,-93.94441,-95.15625,-97.50799,-100.4616,-103.4502,-106.4733,-110.1321,-112.6209,-111.4347,-111.4301,-111.3897,-111.3137,-111.845,-111.7051,-112.8422,-113.9706,-115.0905,-116.8771,-117.3037,-119.0853,-120.1759,-122.6591,-123.7437,-124.8188,-126.6038,-128.3913,-129.4496,-131.2354,-133.0229,-133.3141
151.2439,150.5801,150.7918,148.3352,148.5201,147.8107,146.2198,145.4923,144.7537,144.0041,143.2435,142.4721,141.6898,140.8967,140.0928,140.1073,138.4532,139.2558,140.842,142.387,143.8904,146.1503,145.977,142.6299,140.0869,137.5548,135.0343,133.2917,130.7898,129.0553,129.5693,127.8209,127.549,126.5242,125.4898,125.1651,124.1056,123.7437,123.36,122.2599,121.8388,120.7137,120.2551,119.7744,117.9464
-75.40743,-76.72439,-78.49726,-78.87122,-80.63983,-81.93283,-82.72716,-84,-85.26644,-86.5264,-87.77976,-89.02644,-90.26633,-91.49936,-92.72541,-94.5036,-95.15625,-97.50799,-100.4616,-103.4502,-106.4733,-110.1321,-112.0121,-111.4347,-111.4301,-111.3897,-111.3137,-111.845,-111.7051,-112.1861,-114.6333,-115.0905,-116.8771,-117.9857,-119.0853,-120.8706,-121.9582,-123.7437,-125.5321,-126.6038,-128.3913,-129.4496,-131.2354,-133.0229,-133.3141
150.349,150.5801,149.9048,148.3352,147.6413,146.9361,147.0901,147.2243,144.7537,144.0041,143.2435,142.4721,141.6898,140.8967,140.0928,139.2783,138.4532,139.2558,141.6561,142.387,144.6942,146.1503,146.7704,142.6299,140.0869,138.332,135.0343,133.2917,130.7898,129.81,128.8204,127.8209,126.8117,126.5242,125.4898,125.1651,124.1056,123.7437,123.36,122.2599,121.8388,121.3957,120.2551,119.7744,117.9464
-74.96123,-76.72439,-78.03552,-78.87122,-80.16267,-81.44802,-83.21958,-85,-85.26644,-86.5264,-87.77976,-89.02644,-90.26633,-91.49936,-92.72541,-93.94441,-95.15625,-97.50799,-101.0423,-103.4502,-107.0681,-110.1321,-112.6209,-111.4347,-111.4301,-112.019,-111.3137,-111.845,-111.7051,-112.8422,-113.9706,-115.0905,-116.2015,-117.9857,-119.0853,-120.8706,-121.9582,-123.7437,-125.5321,-126.6038,-128.3913,-130.181,-131.2354,-133.0229,-133.3141
150.349,150.5801,149.9048,149.2181,147.6413,146.9361,147.0901,145.4923,144.7537,144.0041,143.2435,142.4721,141.6898,140.8967,140.0928,139.2783,138.4532,140.075,140.842,142.387,143.8904,146.1503,146.7704,142.6299,140.0869,137.5548,135.0343,133.2917,130.7898,129.81,128.8204,127.8209,126.8117,126.5242,125.4898,125.1651,124.1056,123.7437,122.6591,122.2599,121.8388,120.7137,120.2551,119.1052,117.9464
-74.96123,-76.72439,-78.03552,-79.34069,-80.16267,-81.44802,-83.21958,-84,-85.26644,-86.5264,-87.77976,-89.02644,-90.26633,-91.49936,-92.72541,-93.94441,-95.15625,-98.08157,-100.4616,-103.4502,-106.4733,-110.1321,-112.6209,-111.4347,-111.4301,-111.3897,-111.3137,-111.845,-111.7051,-112.8422,-113.9706,-115.0905,-116.2015,-117.9857,-119.0853,-120.8706,-121.9582,-123.7437,-124.8188,-126.6038,-128.3913,-129.4496,-131.2354,-132.2798,-133.3141
150.349,150.5801,149.0178,148.3352,147.6413,147.8107,146.2198,145.4923,144.7537,144.0041,143.2435,142.4721,141.6898,140.8967,140.0928,139.2783,138.4532,139.2558,140.842,142.387,144.6942,146.1503,146.7704,142.6299,140.0869,137.5548,135.0343,132.5257,130.7898,129.0553,128.8204,127.8209,126.8117,126.5242,125.4898,125.1651,124.1056,123.7437,122.6591,122.2599,121.8388,120.7137,120.2551,119.1052,117.9464
-74.96123,-76.72439,-77.57377,-78.87122,-80.16267,-81.93283,-82.72716,-84,-85.26644,-86.5264,-87.77976,-89.02644,-90.26633,-91.49936,-92.72541,-93.94441,-95.15625,-97.50799,-100.4616,-103.4502,-107.0681,-110.1321,-112.6209,-111.4347,-111.4301,-111.3897,-111.3137,-111.2023,-111.7051,-112.1861,-113.9706,-115.0905,-116.2015,-117.9857,-119.0853,-120.8706,-121.9582,-123.7437,-124.8188,-126.6038,-128.3913,-129.4496,-131.2354,-132.2798,-133.3141
150.349,150.5801,149.9048,148.3352,147.6413,146.9361,147.0901,145.4923,144.7537,144.0041,143.2435,142.4721,141.6898,140.8967,140.0928,139.2783,138.4532,140.075,140.842,142.387,143.8904,146.1503,146.7704,142.6299,140.0869,137.5548,135.0343,133.2917,130.7898,129.0553,128.8204,127.8209,126.8117,126.5242,125.4898,125.1651,124.1056,123.7437,122.6591,122.2599,121.8388,120.7137,120.2551,119.1052,117.9464
-74.96123,-76.72439,-78.03552,-78.87122,-80.16267,-81.44802,-83.21958,-84,-85.26644,-86.5264,-87.77976,-89.02644,-90.26633,-91.49936,-92.72541,-93.94441,-95.15625,-98.08157,-100.4616,-103.4502,-106.4733,-110.1321,-112.6209,-111.4347,-111.4301,-111.3897,-111.3137,-111.845,-111.7051,-112.1861,-113.9706,-115.0905,-116.2015,-117.9857,-119.0853,-120.8706,-121.9582,-123.7437,-124.8188,-126.6038,-128.3913,-129.4496,-131.2354,-132.2798,-133.3141
150.349,150.5801,150.7918,149.2181,148.5201,147.8107,146.2198,145.4923,144.7537,144.0041,143.2435,142.4721,141.6898,140.8967,140.0928,139.2783,138.4532,139.2558,141.6561,142.387,143.8904,146.1503,145.977,142.6299,140.0869,137.5548,135.0343,133.2917,130.7898,129.81,128.8204,127.8209,126.8117,126.5242,125.4898,125.1651,124.1056,123.7437,123.36,122.2599,121.1504,120.7137,120.2551,119.7744,117.9464
-74.96123,-76.72439,-78.49726,-79.34069,-80.63983,-81.93283,-82.72716,-84,-85.26644,-86.5264,-87.77976,-89.02644,-90.26633,-91.49936,-92.72541,-93.94441,-95.15625,-97.50799,-101.0423,-103.4502,-106.4733,-110.1321,-112.0121,-111.4347,-111.4301,-111.3897,-111.3137,-111.845,-111.7051,-112.8422,-113.9706,-115.0905,-116.2015,-117.9857,-119.0853,-120.8706,-121.9582,-123.7437,-125.5321,-126.6038,-127.6659,-129.4496,-131.2354,-133.0229,-133.3141
150.349,150.5801,149.9048,148.3352,147.6413,147.8107,146.2198,145.4923,144.7537,144.0041,143.2435,142.4721,141.6898,140.8967,140.0928,139.2783,138.4532,140.075,140.842,142.387,144.6942,145.3517,146.7704,142.6299,140.0869,137.5548,135.8059,133.2917,130.7898,129.81,128.8204,127.8209,126.8117,126.5242,125.4898,125.1651,124.1056,123.7437,122.6591,122.2599,121.8388,120.7137,120.2551,119.1052,117.9464
-74.96123,-76.72439,-78.03552,-78.87122,-80.16267,-81.93283,-82.72716,-84,-85.26644,-86.5264,-87.77976,-89.02644,-90.26633,-91.49936,-92.72541,-93.94441,-95.15625,-98.08157,-100.4616,-103.4502,-107.0681,-109.5303,-112.6209,-111.4347,-111.4301,-111.3897,-111.9498,-111.845,-111.7051,-112.8422,-113.9706,-115.0905,-116.2015,-117.9857,-119.0853,-120.8706,-121.9582,-123.7437,-124.8188,-126.6038,-128.3913,-129.4496,-131.2354,-132.2798,-133.3141
150.349,150.5801,149.0178,148.3352,147.6413,146.9361,146.2198,146.3583,144.7537,144.0041,143.2435,142.4721,141.6898,140.8967,140.0928,139.2783,138.4532,140.075,140.842,142.387,143.8904,146.1503,146.7704,142.6299,140.0869,137.5548,135.0343,133.2917,130.7898,129.0553,128.8204,127.8209,126.8117,126.5242,125.4898,125.1651,124.1056,123.7437,122.6591,122.2599,121.1504,120.7137,120.2551,119.1052,117.9464
-74.96123,-76.72439,-77.57377,-78.87122,-80.16267,-81.44802,-82.72716,-84.5,-85.26644,-86.5264,-87.77976,-89.02644,-90.26633,-91.49936,-92.72541,-93.94441,-95.15625,-98.08157,-100.4616,-103.4502,-106.4733,-110.1321,-112.6209,-111.4347,-111.4301,-111.3897,-111.3137,-111.845,-111.7051,-112.1861,-113.9706,-115.0905,-116.2015,-117.9857,-119.0853,-120.8706,-121.9582,-123.7437,-124.8188,-126.6038,-127.6659,-129.4496,-131.2354,-132.2798,-133.3141
150.349,150.5801,149.0178,148.3352,147.6413,146.9361,147.0901,145.4923,144.7537,144.0041,143.2435,142.4721,141.6898,140.8967,140.0928,139.2783,138.4532,139.2558,140.0279,141.578,143.8904,146.1503,146.7704,142.6299,140.0869,137.5548,135.0343,133.2917,130.7898,129.0553,128.8204,127.8209,126.8117,126.5242,125.4898,125.1651,124.1056,123.7437,122.6591,122.2599,121.8388,120.7137,120.2551,119.1052,117.9464
-74.96123,-76.72439,-77.57377,-78.87122,-80.16267,-81.44802,-83.21958,-84,-85.26644,-86.5264,-87.77976,-89.02644,-90.26633,-91.49936,-92.72541,-93.94441,-95.15625,-97.50799,-99.88091,-102.8624,-106.4733,-110.1321,-112.6209,-111.4347,-111.4301,-111.3897,-111.3137,-111.845,-111.7051,-112.1861,-113.9706,-115.0905,-116.2015,-117.9857,-119.0853,-120.8706,-121.9582,-123.7437,-124.8188,-126.6038,-128.3913,-129.4496,-131.2354,-132.2798,-133.3141
150.349,150.5801,149.0178,149.2181,147.6413,146.9361,147.0901,146.3583,144.7537,144.0041,143.2435,142.4721,141.6898,140.8967,140.0928,139.2783,138.4532,140.075,140.842,142.387,143.8904,146.1503,145.977,142.6299,140.0869,137.5548,135.0343,133.2917,130.7898,129.81,128.8204,127.8209,127.549,126.5242,125.4898,125.1651,124.1056,123.7437,122.6591,122.2599,121.8388,120.7137,120.2551,119.7744,117.9464
-74.96123,-76.72439,-77.57377,-79.34069,-80.16267,-81.44802,-83.21958,-84.5,-85.26644,-86.5264,-87.77976,-89.02644,-90.26633,-91.49936,-92.72541,-93.94441,-95.15625,-98.08157,-100.4616,-103.4502,-106.4733,-110.1321,-112.0121,-111.4347,-111.4301,-111.3897,-111.3137,-111.845,-111.7051,-112.8422,-113.9706,-115.0905,-116.8771,-117.9857,-119.0853,-120.8706,-121.9582,-123.7437,-124.8188,-126.6038,-128.3913,-129.4496,-131.2354,-133.0229,-133.3141
150.349,149.6891,149.9048,148.3352,147.6413,146.9361,146.2198,145.4923,144.7537,144.0041,143.2435,142.4721,141.6898,140.8967,140.0928,139.2783,138.4532,139.2558,140.842,142.387,143.8904,146.1503,146.7704,142.6299,140.0869,137.5548,135.0343,132.5257,130.7898,129.81,128.8204,127.8209,126.8117,126.5242,125.4898,125.1651,124.1056,123.7437,122.6591,122.2599,121.1504,120.7137,120.2551,119.1052,117.9464
-74.96123,-76.2704,-78.03552,-78.87122,-80.16267,-81.44802,-82.72716,-84,-85.26644,-86.5264,-87.77976,-89.02644,-90.26633,-91.49936,-92.72541,-93.94441,-95.15625,-97.50799,-100.4616,-103.4502,-106.4733,-110.1321,-112.6209,-111.4347,-111.4301,-111.3897,-111.3137,-111.2023,-111.7051,-112.8422,-113.9706,-115.0905,-116.2015,-117.9857,-119.0853,-120.8706,-121.9582,-123.7437,-124.8188,-126.6038,-127.6659,-129.4496,-131.2354,-132.2798,-133.3141
149.454,150.5801,149.0178,149.2181,147.6413,146.9361,147.0901,146.3583,144.7537,144.0041,143.2435,142.4721,141.6898,140.8967,140.0928,139.2783,138.4532,139.2558,140.842,142.387,143.8904,146.1503,146.7704,142.6299,140.0869,137.5548,135.0343,133.2917,130.7898,129.81,128.8204,127.8209,126.8117,126.5242,125.4898,125.1651,124.1056,123.7437,122.6591,122.2599,121.1504,120.7137,120.2551,119.7744,117.9464
-74.51503,-76.72439,-77.57377,-79.34069,-80.16267,-81.44802,-83.21958,-84.5,-85.26644,-86.5264,-87.77976,-89.02644,-90.26633,-91.49936,-92.72541,-93.94441,-95.15625,-97.50799,-100.4616,-103.4502,-106.4733,-110.1321,-112.6209,-111.4347,-111.4301,-111.3897,-111.3137,-111.845,-111.7051,-112.8422,-113.9706,-115.0905,-116.2015,-117.9857,-119.0853,-120.8706,-121.9582,-123.7437,-124.8188,-126.6038,-127.6659,-129.4496,-131.2354,-133.0229,-133.3141
150.349,150.5801,149.0178,150.1011,148.5201,146.9361,147.9605,146.3583,144.7537,144.0041,143.2435,142.4721,141.6898,140.8967,140.0928,139.2783,138.4532,139.2558,140.842,142.387,143.8904,146.1503,146.7704,142.6299,140.0869,137.5548,135.0343,133.2917,130.7898,129.0553,129.5693,127.8209,126.8117,126.5242,125.4898,125.1651,124.1056,123.7437,122.6591,122.2599,121.8388,120.7137,120.2551,119.7744,118.609
-74.96123,-76.72439,-77.57377,-79.81017,-80.63983,-81.44802,-83.71201,-84.5,-85.26644,-86.5264,-87.77976,-89.02644,-90.26633,-91.49936,-92.72541,-93.94441,-95.15625,-97.50799,-100.4616,-103.4502,-106.4733,-110.1321,-112.6209,-111.4347,-111.4301,-111.3897,-111.3137,-111.845,-111.7051,-112.1861,-114.6333,-115.0905,-116.2015,-117.9857,-119.0853,-120.8706,-121.9582,-123.7437,-124.8188,-126.6038,-128.3913,-129.4496,-131.2354,-133.0229,-134.0631
150.349,149.6891,149.9048,148.3352,147.6413,146.9361,147.0901,146.3583,144.7537,144.0041,143.2435,142.4721,141.6898,141.7353,140.0928,139.2783,138.4532,139.2558,140.842,141.578,143.8904,145.3517,146.7704,142.6299,140.0869,137.5548,135.0343,133.2917,130.0294,129.0553,128.8204,127.8209,126.8117,126.5242,125.4898,124.4458,124.1056,123.7437,122.6591,122.2599,121.8388,120.7137,120.2551,119.1052,117.9464
-74.96123,-76.2704,-78.03552,-78.87122,-80.16267,-81.44802,-83.21958,-84.5,-85.26644,-86.5264,-87.77976,-89.02644,-90.26633,-92.044,-92.72541,-93.94441,-95.15625,-97.50799,-100.4616,-102.8624,-106.4733,-109.5303,-112.6209,-111.4347,-111.4301,-111.3897,-111.3137,-111.845,-111.0556,-112.1861,-113.9706,-115.0905,-116.2015,-117.9857,-119.0853,-120.1759,-121.9582,-123.7437,-124.8188,-126.6038,-128.3913,-129.4496,-131.2354,-132.2798,-133.3141
150.349,150.5801,150.7918,148.3352,147.6413,146.9361,147.0901,146.3583,145.6153,144.0041,143.2435,142.4721,141.6898,140.8967,140.0928,139.2783,138.4532,139.2558,140.842,142.387,143.8904,146.1503,146.7704,142.6299,140.0869,137.5548,135.8059,133.2917,130.7898,129.0553,129.5693,127.8209,126.8117,126.5242,125.4898,124.4458,124.1056,123.7437,122.6591,122.2599,121.8388,120.7137,120.2551,119.1052,117.9464
-74.96123,-76.72439,-78.49726,-78.87122,-80.16267,-81.44802,-83.21958,-84.5,-85.77398,-86.5264,-87.77976,-89.02644,-90.26633,-91.49936,-92.72541,-93.94441,-95.15625,-97.50799,-100.4616,-103.4502,-106.4733,-110.1321,-112.6209,-111.4347,-111.4301,-111.3897,-111.9498,-111.845,-111.7051,-112.1861,-114.6333,-115.0905,-116.2015,-117.9857,-119.0853,-120.1759,-121.9582,-123.7437,-124.8188,-126.6038,-128.3913,-129.4496,-131.2354,-132.2798,-133.3141
149.454,149.6891,149.9048,148.3352,148.5201,147.8107,147.0901,146.3583,144.7537,144.0041,143.2435,142.4721,141.6898,140.8967,140.0928,139.2783,138.4532,139.2558,140.0279,142.387,143.8904,145.3517,146.7704,142.6299,140.8695,137.5548,135.0343,133.2917,130.7898,129.81,129.5693,127.8209,126.8117,126.5242,125.4898,125.1651,124.1056,123.7437,122.6591,122.2599,121.1504,120.7137,120.2551,119.7744,117.9464
-74.51503,-76.2704,-78.03552,-78.87122,-80.63983,-81.93283,-83.21958,-84.5,-85.26644,-86.5264,-87.77976,-89.02644,-90.26633,-91.49936,-92.72541,-93.94441,-95.15625,-97.50799,-99.88091,-103.4502,-106.4733,-109.5303,-112.6209,-111.4347,-112.0526,-111.3897,-111.3137,-111.845,-111.7051,-112.8422,-114.6333,-115.0905,-116.2015,-117.9857,-119.0853,-120.8706,-121.9582,-123.7437,-124.8188,-126.6038,-127.6659,-129.4496,-131.2354,-133.0229,-133.3141
150.349,150.5801,149.0178,149.2181,147.6413,147.8107,147.0901,145.4923,145.6153,144.0041,143.2435,142.4721,141.6898,140.8967,140.0928,139.2783,138.4532,139.2558,140.842,141.578,143.8904,146.1503,145.977,142.6299,140.0869,137.5548,135.0343,133.2917,130.7898,129.81,129.5693,127.8209,127.549,126.5242,125.4898,125.1651,124.1056,123.7437,123.36,122.2599,121.1504,120.7137,120.2551,119.1052,117.9464
-74.96123,-76.72439,-77.57377,-79.34069,-80.16267,-81.93283,-83.21958,-84,-85.77398,-86.5264,-87.77976,-89.02644,-90.26633,-91.49936,-92.72541,-93.94441,-95.15625,-97.50799,-100.4616,-102.8624,-106.4733,-110.1321,-112.0121,-111.4347,-111.4301,-111.3897,-111.3137,-111.845,-111.7051,-112.8422,-114.6333,-115.0905,-116.8771,-117.9857,-119.0853,-120.8706,-121.9582,-123.7437,-125.5321,-126.6038,-127.6659,-129.4496,-131.2354,-132.2798,-133.3141
