150.349,150.5801,149.9048,148.3352,147.6413,146.9361,146.2198,145.4923,144.7537,144.0041,142.3909,142.4721,140.8464,140.058,139.2589,138.4493,139.2773,139.2558,140.842,142.387,143.8904,146.1503,145.977,143.418,140.0869,137.5548,135.0343,133.2917,131.5502,129.0553,128.8204,127.0778,126.0744,125.7928,124.7644,124.4458,123.3923,123.0366,122.6591,121.5652,121.1504,120.0317,119.5795,119.1052,117.9464
-74.96123,-76.72439,-78.03552,-78.87122,-80.16267,-81.44802,-82.72716,-84,-85.26644,-86.5264,-87.25726,-89.02644,-89.72903,-90.95472,-92.17348,-93.38521,-95.72265,-97.50799,-100.4616,-103.4502,-106.4733,-110.1321,-112.0121,-112.0504,-111.4301,-111.3897,-111.3137,-111.845,-112.3545,-112.1861,-113.9706,-114.4213,-115.5259,-117.3037,-118.397,-120.1759,-121.2573,-123.0366,-124.8188,-125.8845,-127.6659,-128.7183,-130.4981,-132.2798,-133.3141
150.349,149.6891,149.9048,148.3352,148.5201,146.9361,146.2198,145.4923,144.7537,144.0041,142.3909,141.624,140.8464,140.058,139.2589,139.2783,138.4532,139.2558,140.842,142.387,143.0865,146.1503,145.977,143.418,140.0869,138.332,135.8059,133.2917,131.5502,129.0553,128.8204,127.0778,126.8117,125.7928,124.7644,124.4458,123.3923,123.0366,121.9582,121.5652,121.1504,120.0317,119.5795,118.4361,118.609
-74.96123,-76.2704,-78.03552,-78.87122,-80.63983,-81.44802,-82.72716,-84,-85.26644,-86.5264,-87.25726,-88.49652,-89.72903,-90.95472,-92.17348,-93.94441,-95.15625,-97.50799,-100.4616,-103.4502,-105.8785,-110.1321,-112.0121,-112.0504,-111.4301,-112.019,-111.9498,-111.845,-112.3545,-112.1861,-113.9706,-114.4213,-116.2015,-117.3037,-118.397,-120.1759,-121.2573,-123.0366,-124.1056,-125.8845,-127.6659,-128.7183,-130.4981,-131.5366,-134.0631
150.349,150.5801,149.9048,149.2181,147.6413,147.8107,146.2198,145.4923,144.7537,144.0041,142.3909,141.624,140.8464,140.058,139.2589,138.4493,138.4532,138.4367,140.842,141.578,143.8904,146.1503,145.1837,143.418,140.8695,137.5548,135.0343,133.2917,131.5502,129.0553,128.8204,127.8209,126.0744,125.7928,124.7644,124.4458,123.3923,123.0366,121.9582,121.5652,121.1504,120.0317,119.5795,118.4361,117.9464
-74.96123,-76.72439,-78.03552,-79.34069,-80.16267,-81.93283,-82.72716,-84,-85.26644,-86.5264,-87.25726,-88.49652,-89.72903,-90.95472,-92.17348,-93.38521,-95.15625,-96.93442,-100.4616,-102.8624,-106.4733,-110.1321,-111.4033,-112.0504,-112.0526,-111.3897,-111.3137,-111.845,-112.3545,-112.1861,-113.9706,-115.0905,-115.5259,-117.3037,-118.397,-120.1759,-121.2573,-123.0366,-124.1056,-125.8845,-127.6659,-128.7183,-130.4981,-131.5366,-133.3141
150.349,150.5801,149.0178,148.3352,147.6413,146.9361,146.2198,145.4923,144.7537,144.0041,143.2435,141.624,140.8464,140.058,139.2589,138.4493,139.2773,139.2558,140.842,141.578,144.6942,146.1503,145.977,143.418,140.0869,137.5548,135.0343,133.2917,130.7898,129.81,128.8204,127.0778,126.8117,125.7928,124.7644,124.4458,123.3923,123.0366,121.9582,121.5652,121.1504,120.0317,119.5795,119.1052,117.9464
-74.96123,-76.72439,-77.57377,-78.87122,-80.16267,-81.44802,-82.72716,-84,-85.26644,-86.5264,-87.77976,-88.49652,-89.72903,-90.95472,-92.17348,-93.38521,-95.72265,-97.50799,-100.4616,-102.8624,-107.0681,-110.1321,-112.0121,-112.0504,-111.4301,-111.3897,-111.3137,-111.845,-111.7051,-112.8422,-113.9706,-114.4213,-116.2015,-117.3037,-118.397,-120.1759,-121.2573,-123.0366,-124.1056,-125.8845,-127.6659,-128.7183,-130.4981,-132.2798,-133.3141
150.349,150.5801,149.9048,149.2181,147.6413,146.9361,146.2198,145.4923,144.7537,144.0041,143.2435,141.624,141.6898,140.058,139.2589,138.4493,138.4532,139.2558,140.842,141.578,143.8904,146.1503,145.977,143.418,140.0869,137.5548,135.8059,133.2917,131.5502,129.0553,128.8204,127.0778,126.0744,125.7928,124.7644,124.4458,123.3923,123.0366,122.6591,121.5652,121.1504,120.0317,119.5795,119.1052,118.609
-74.96123,-76.72439,-78.03552,-79.34069,-80.16267,-81.44802,-82.72716,-84,-85.26644,-86.5264,-87.77976,-88.49652,-90.26633,-90.95472,-92.17348,-93.38521,-95.15625,-97.50799,-100.4616,-102.8624,-106.4733,-110.1321,-112.0121,-112.0504,-111.4301,-111.3897,-111.9498,-111.845,-112.3545,-112.1861,-113.9706,-114.4213,-115.5259,-117.3037,-118.397,-120.1759,-121.2573,-123.0366,-124.8188,-125.8845,-127.6659,-128.7183,-130.4981,-132.2798,-134.0631
151.2439,150.5801,149.9048,149.2181,147.6413,146.9361,146.2198,145.4923,144.7537,144.0041,143.2435,141.624,140.8464,140.058,140.0928,138.4493,138.4532,138.4367,140.842,142.387,143.8904,146.1503,145.977,143.418,140.0869,138.332,135.0343,133.2917,131.5502,129.0553,128.0714,127.0778,126.8117,125.7928,124.7644,124.4458,124.1056,123.0366,122.6591,121.5652,120.4621,120.7137,119.5795,118.4361,117.9464
-75.40743,-76.72439,-78.03552,-79.34069,-80.16267,-81.44802,-82.72716,-84,-85.26644,-86.5264,-87.77976,-88.49652,-89.72903,-90.95472,-92.72541,-93.38521,-95.15625,-96.93442,-100.4616,-103.4502,-106.4733,-110.1321,-112.0121,-112.0504,-111.4301,-112.019,-111.3137,-111.845,-112.3545,-112.1861,-113.308,-114.4213,-116.2015,-117.3037,-118.397,-120.1759,-121.9582,-123.0366,-124.8188,-125.8845,-126.9405,-129.4496,-130.4981,-131.5366,-133.3141
150.349,150.5801,149.9048,148.3352,147.6413,147.8107,146.2198,145.4923,144.7537,144.0041,143.2435,142.4721,141.6898,140.8967,139.2589,139.2783,138.4532,139.2558,140.842,142.387,143.8904,146.1503,145.977,143.418,140.0869,137.5548,135.0343,132.5257,131.5502,129.0553,128.0714,127.0778,126.8117,125.7928,124.7644,124.4458,123.3923,123.0366,122.6591,121.5652,121.1504,120.0317,119.5795,118.4361,117.9464
-74.96123,-76.72439,-78.03552,-78.87122,-80.16267,-81.93283,-82.72716,-84,-85.26644,-86.5264,-87.77976,-89.02644,-90.26633,-91.49936,-92.17348,-93.94441,-95.15625,-97.50799,-100.4616,-103.4502,-106.4733,-110.1321,-112.0121,-112.0504,-111.4301,-111.3897,-111.3137,-111.2023,-112.3545,-112.1861,-113.308,-114.4213,-116.2015,-117.3037,-118.397,-120.1759,-121.2573,-123.0366,-124.8188,-125.8845,-127.6659,-128.7183,-130.4981,-131.5366,-133.3141
150.349,149.6891,149.0178,148.3352,147.6413,146.9361,146.2198,145.4923,144.7537,144.0041,143.2435,141.624,140.8464,140.058,139.2589,138.4493,138.4532,139.2558,140.842,142.387,143.8904,146.1503,145.977,142.6299,140.0869,137.5548,135.0343,133.2917,131.5502,129.0553,128.8204,127.0778,126.8117,125.7928,124.7644,124.4458,123.3923,123.0366,121.9582,121.5652,121.1504,120.0317,119.5795,119.1052,118.609
-74.96123,-76.2704,-77.57377,-78.87122,-80.16267,-81.44802,-82.72716,-84,-85.26644,-86.5264,-87.77976,-88.49652,-89.72903,-90.95472,-92.17348,-93.38521,-95.15625,-97.50799,-100.4616,-103.4502,-106.4733,-110.1321,-112.0121,-111.4347,-111.4301,-111.3897,-111.3137,-111.845,-112.3545,-112.1861,-113.9706,-114.4213,-116.2015,-117.3037,-118.397,-120.1759,-121.2573,-123.0366,-124.1056,-125.8845,-127.6659,-128.7183,-130.4981,-132.2798,-134.0631
150.349,150.5801,149.0178,149.2181,147.6413,146.9361,146.2198,145.4923,144.7537,144.0041,142.3909,141.624,140.8464,140.058,139.2589,138.4493,138.4532,138.4367,140.842,142.387,143.0865,146.1503,145.977,143.418,140.0869,137.5548,135.0343,133.2917,131.5502,129.0553,128.0714,127.0778,126.8117,125.7928,124.7644,124.4458,123.3923,123.0366,121.9582,121.5652,121.1504,120.0317,119.5795,119.1052,117.9464
-74.96123,-76.72439,-77.57377,-79.34069,-80.16267,-81.44802,-82.72716,-84,-85.26644,-86.5264,-87.25726,-88.49652,-89.72903,-90.95472,-92.17348,-93.38521,-95.15625,-96.93442,-100.4616,-103.4502,-105.8785,-110.1321,-112.0121,-112.0504,-111.4301,-111.3897,-111.3137,-111.845,-112.3545,-112.1861,-113.308,-114.4213,-116.2015,-117.3037,-118.397,-120.1759,-121.2573,-123.0366,-124.1056,-125.8845,-127.6659,-128.7183,-130.4981,-132.2798,-133.3141
150.349,150.5801,149.9048,149.2181,147.6413,146.9361,146.2198,145.4923,144.7537,144.0041,142.3909,141.624,140.8464,140.058,139.2589,138.4493,138.4532,139.2558,140.842,142.387,144.6942,146.1503,145.1837,143.418,140.0869,137.5548,135.0343,133.2917,131.5502,129.0553,128.0714,127.0778,126.0744,125.7928,124.7644,124.4458,123.3923,123.0366,122.6591,121.5652,121.1504,120.0317,119.5795,118.4361,117.9464
-74.96123,-76.72439,-78.03552,-79.34069,-80.16267,-81.44802,-82.72716,-84,-85.26644,-86.5264,-87.25726,-88.49652,-89.72903,-90.95472,-92.17348,-93.38521,-95.15625,-97.50799,-100.4616,-103.4502,-107.0681,-110.1321,-111.4033,-112.0504,-111.4301,-111.3897,-111.3137,-111.845,-112.3545,-112.1861,-113.308,-114.4213,-115.5259,-117.3037,-118.397,-120.1759,-121.2573,-123.0366,-124.8188,-125.8845,-127.6659,-128.7183,-130.4981,-131.5366,-133.3141
150.349,150.5801,149.9048,148.3352,147.6413,146.9361,146.2198,145.4923,144.7537,144.0041,142.3909,142.4721,140.8464,140.058,139.2589,138.4493,138.4532,139.2558,140.842,142.387,143.8904,146.1503,145.977,143.418,140.0869,137.5548,135.0343,132.5257,131.5502,129.0553,128.8204,127.0778,126.0744,125.7928,124.7644,124.4458,123.3923,123.0366,121.9582,121.5652,121.1504,120.0317,119.5795,119.1052,117.9464
-74.96123,-76.72439,-78.03552,-78.87122,-80.16267,-81.44802,-82.72716,-84,-85.26644,-86.5264,-87.25726,-89.02644,-89.72903,-90.95472,-92.17348,-93.38521,-95.15625,-97.50799,-100.4616,-103.4502,-106.4733,-110.1321,-112.0121,-112.0504,-111.4301,-111.3897,-111.3137,-111.2023,-112.3545,-112.1861,-113.9706,-114.4213,-115.5259,-117.3037,-118.397,-120.1759,-121.2573,-123.0366,-124.1056,-125.8845,-127.6659,-128.7183,-130.4981,-132.2798,-133.3141
150.349,150.5801,149.9048,149.2181,147.6413,146.9361,146.2198,145.4923,144.7537,144.0041,142.3909,141.624,140.8464,140.058,139.2589,138.4493,138.4532,139.2558,140.842,142.387,143.8904,146.1503,145.977,142.6299,140.0869,137.5548,135.0343,133.2917,131.5502,129.0553,128.8204,127.0778,126.0744,125.7928,124.7644,124.4458,123.3923,123.0366,121.9582,121.5652,121.1504,120.0317,119.5795,119.1052,117.9464
-74.96123,-76.72439,-78.03552,-79.34069,-80.16267,-81.44802,-82.72716,-84,-85.26644,-86.5264,-87.25726,-88.49652,-89.72903,-90.95472,-92.17348,-93.38521,-95.15625,-97.50799,-100.4616,-103.4502,-106.4733,-110.1321,-112.0121,-111.4347,-111.4301,-111.3897,-111.3137,-111.845,-112.3545,-112.1861,-113.9706,-114.4213,-115.5259,-117.3037,-118.397,-120.1759,-121.2573,-123.0366,-124.1056,-125.8845,-127.6659,-128.7183,-130.4981,-132.2798,-133.3141
151.2439,150.5801,149.0178,149.2181,147.6413,146.9361,146.2198,145.4923,144.7537,144.0041,142.3909,142.4721,140.8464,140.058,139.2589,138.4493,138.4532,138.4367,140.842,142.387,143.8904,146.1503,145.977,143.418,140.0869,138.332,135.0343,133.2917,130.7898,129.0553,128.8204,127.0778,126.0744,125.7928,124.7644,124.4458,123.3923,123.0366,121.9582,121.5652,120.4621,120.0317,119.5795,119.1052,117.9464
-75.40743,-76.72439,-77.57377,-79.34069,-80.16267,-81.44802,-82.72716,-84,-85.26644,-86.5264,-87.25726,-89.02644,-89.72903,-90.95472,-92.17348,-93.38521,-95.15625,-96.93442,-100.4616,-103.4502,-106.4733,-110.1321,-112.0121,-112.0504,-111.4301,-112.019,-111.3137,-111.845,-111.7051,-112.1861,-113.9706,-114.4213,-115.5259,-117.3037,-118.397,-120.1759,-121.2573,-123.0366,-124.1056,-125.8845,-126.9405,-128.7183,-130.4981,-132.2798,-133.3141
150.349,150.5801,149.9048,148.3352,147.6413,146.9361,146.2198,145.4923,144.7537,144.0041,142.3909,141.624,140.8464,140.058,139.2589,138.4493,138.4532,139.2558,140.842,141.578,143.0865,146.1503,145.977,142.6299,140.0869,137.5548,135.0343,133.2917,131.5502,129.0553,128.0714,127.0778,126.0744,125.7928,124.7644,124.4458,123.3923,123.0366,121.9582,121.5652,120.4621,120.0317,119.5795,118.4361,117.9464
-74.96123,-76.72439,-78.03552,-78.87122,-80.16267,-81.44802,-82.72716,-84,-85.26644,-86.5264,-87.25726,-88.49652,-89.72903,-90.95472,-92.17348,-93.38521,-95.15625,-97.50799,-100.4616,-102.8624,-105.8785,-110.1321,-112.0121,-111.4347,-111.4301,-111.3897,-111.3137,-111.845,-112.3545,-112.1861,-113.308,-114.4213,-115.5259,-117.3037,-118.397,-120.1759,-121.2573,-123.0366,-124.1056,-125.8845,-126.9405,-128.7183,-130.4981,-131.5366,-133.3141
150.349,149.6891,149.9048,148.3352,147.6413,146.9361,146.2198,145.4923,144.7537,144.0041,142.3909,142.4721,140.8464,140.058,139.2589,138.4493,138.4532,138.4367,140.842,142.387,143.8904,146.1503,145.977,142.6299,140.0869,137.5548,135.0343,133.2917,131.5502,129.0553,128.0714,127.0778,126.0744,125.7928,124.7644,124.4458,123.3923,123.0366,122.6591,121.5652,121.1504,120.0317,119.5795,118.4361,118.609
-74.96123,-76.2704,-78.03552,-78.87122,-80.16267,-81.44802,-82.72716,-84,-85.26644,-86.5264,-87.25726,-89.02644,-89.72903,-90.95472,-92.17348,-93.38521,-95.15625,-96.93442,-100.4616,-103.4502,-106.4733,-110.1321,-112.0121,-111.4347,-111.4301,-111.3897,-111.3137,-111.845,-112.3545,-112.1861,-113.308,-114.4213,-115.5259,-117.3037,-118.397,-120.1759,-121.2573,-123.0366,-124.8188,-125.8845,-127.6659,-128.7183,-130.4981,-131.5366,-134.0631
150.349,150.5801,149.9048,148.3352,147.6413,146.9361,146.2198,145.4923,144.7537,144.0041,143.2435,142.4721,140.8464,140.058,139.2589,138.4493,138.4532,138.4367,140.842,142.387,143.8904,146.1503,145.977,142.6299,140.0869,137.5548,135.0343,132.5257,131.5502,129.0553,128.0714,127.0778,126.8117,125.7928,124.7644,124.4458,123.3923,123.0366,121.9582,121.5652,120.4621,120.7137,119.5795,118.4361,118.609
-74.96123,-76.72439,-78.03552,-78.87122,-80.16267,-81.44802,-82.72716,-84,-85.26644,-86.5264,-87.77976,-89.02644,-89.72903,-90.95472,-92.17348,-93.38521,-95.15625,-96.93442,-100.4616,-103.4502,-106.4733,-110.1321,-112.0121,-111.4347,-111.4301,-111.3897,-111.3137,-111.2023,-112.3545,-112.1861,-113.308,-114.4213,-116.2015,-117.3037,-118.397,-120.1759,-121.2573,-123.0366,-124.1056,-125.8845,-126.9405,-129.4496,-130.4981,-131.5366,-134.0631
150.349,150.5801,149.9048,148.3352,147.6413,146.9361,146.2198,145.4923,144.7537,144.0041,143.2435,142.4721,140.8464,140.058,139.2589,138.4493,138.4532,139.2558,140.842,142.387,144.6942,146.1503,145.977,143.418,140.0869,137.5548,135.0343,133.2917,130.7898,129.0553,128.0714,127.0778,126.0744,125.7928,124.7644,124.4458,123.3923,123.0366,121.9582,121.5652,120.4621,120.0317,119.5795,119.1052,117.9464
-74.96123,-76.72439,-78.03552,-78.87122,-80.16267,-81.44802,-82.72716,-84,-85.26644,-86.5264,-87.77976,-89.02644,-89.72903,-90.95472,-92.17348,-93.38521,-95.15625,-97.50799,-100.4616,-103.4502,-107.0681,-110.1321,-112.0121,-112.0504,-111.4301,-111.3897,-111.3137,-111.845,-111.7051,-112.1861,-113.308,-114.4213,-115.5259,-117.3037,-118.397,-120.1759,-121.2573,-123.0366,-124.1056,-125.8845,-126.9405,-128.7183,-130.4981,-132.2798,-133.3141
151.2439,149.6891,149.9048,149.2181,147.6413,146.9361,146.2198,145.4923,144.7537,144.0041,142.3909,142.4721,140.8464,140.058,139.2589,139.2783,138.4532,138.4367,140.842,142.387,143.8904,146.1503,145.977,143.418,140.0869,137.5548,135.8059,134.0578,130.7898,129.0553,128.0714,127.0778,126.8117,125.7928,124.7644,124.4458,124.1056,123.0366,121.9582,121.5652,120.4621,120.0317,119.5795,118.4361,117.9464
-75.40743,-76.2704,-78.03552,-79.34069,-80.16267,-81.44802,-82.72716,-84,-85.26644,-86.5264,-87.25726,-89.02644,-89.72903,-90.95472,-92.17348,-93.94441,-95.15625,-96.93442,-100.4616,-103.4502,-106.4733,-110.1321,-112.0121,-112.0504,-111.4301,-111.3897,-111.9498,-112.4878,-111.7051,-112.1861,-113.308,-114.4213,-116.2015,-117.3037,-118.397,-120.1759,-121.9582,-123.0366,-124.1056,-125.8845,-126.9405,-128.7183,-130.4981,-131.5366,-133.3141
150.349,149.6891,149.9048,148.3352,147.6413,146.9361,146.2198,145.4923,144.7537,144.0041,143.2435,142.4721,140.8464,140.058,139.2589,138.4493,138.4532,139.2558,140.842,141.578,143.0865,146.1503,145.977,143.418,140.0869,137.5548,135.0343,133.2917,131.5502,129.0553,128.0714,127.0778,126.8117,125.7928,124.7644,124.4458,123.3923,123.0366,121.9582,121.5652,120.4621,120.0317,118.9039,119.1052,118.609
-74.96123,-76.2704,-78.03552,-78.87122,-80.16267,-81.44802,-82.72716,-84,-85.26644,-86.5264,-87.77976,-89.02644,-89.72903,-90.95472,-92.17348,-93.38521,-95.15625,-97.50799,-100.4616,-102.8624,-105.8785,-110.1321,-112.0121,-112.0504,-111.4301,-111.3897,-111.3137,-111.845,-112.3545,-112.1861,-113.308,-114.4213,-116.2015,-117.3037,-118.397,-120.1759,-121.2573,-123.0366,-124.1056,-125.8845,-126.9405,-128.7183,-129.7608,-132.2798,-134.0631
150.349,150.5801,149.9048,149.2181,147.6413,147.8107,146.2198,145.4923,144.7537,144.0041,143.2435,141.624,140.8464,140.058,139.2589,138.4493,138.4532,139.2558,140.842,141.578,143.8904,146.1503,145.977,142.6299,140.0869,137.5548,135.8059,133.2917,131.5502,129.0553,128.0714,127.0778,126.0744,125.7928,124.7644,124.4458,123.3923,123.0366,122.6591,121.5652,121.1504,120.0317,119.5795,118.4361,117.9464
-74.96123,-76.72439,-78.03552,-79.34069,-80.16267,-81.93283,-82.72716,-84,-85.26644,-86.5264,-87.77976,-88.49652,-89.72903,-90.95472,-92.17348,-93.38521,-95.15625,-97.50799,-100.4616,-102.8624,-106.4733,-110.1321,-112.0121,-111.4347,-111.4301,-111.3897,-111.9498,-111.845,-112.3545,-112.1861,-113.308,-114.4213,-115.5259,-117.3037,-118.397,-120.1759,-121.2573,-123.0366,-124.8188,-125.8845,-127.6659,-128.7183,-130.4981,-131.5366,-133.3141
150.349,149.6891,149.9048,148.3352,147.6413,146.9361,146.2198,145.4923,144.7537,144.0041,143.2435,141.624,140.8464,140.058,139.2589,138.4493,138.4532,139.2558,140.842,142.387,144.6942,146.1503,145.977,143.418,140.0869,137.5548,135.0343,133.2917,130.7898,129.0553,128.8204,127.0778,126.0744,125.7928,124.7644,124.4458,124.1056,123.0366,122.6591,121.5652,121.1504,120.0317,119.5795,118.4361,117.9464
-74.96123,-76.2704,-78.03552,-78.87122,-80.16267,-81.44802,-82.72716,-84,-85.26644,-86.5264,-87.77976,-88.49652,-89.72903,-90.95472,-92.17348,-93.38521,-95.15625,-97.50799,-100.4616,-103.4502,-107.0681,-110.1321,-112.0121,-112.0504,-111.4301,-111.3897,-111.3137,-111.845,-111.7051,-112.1861,-113.9706,-114.4213,-115.5259,-117.3037,-118.397,-120.1759,-121.9582,-123.0366,-124.8188,-125.8845,-127.6659,-128.7183,-130.4981,-131.5366,-133.3141
150.349,150.5801,149.9048,148.3352,147.6413,146.9361,146.2198,145.4923,144.7537,144.0041,143.2435,141.624,140.8464,140.058,139.2589,138.4493,138.4532,138.4367,140.0279,142.387,143.8904,146.1503,145.977,143.418,140.0869,137.5548,135.0343,133.2917,131.5502,129.0553,128.8204,127.0778,126.0744,125.7928,124.7644,124.4458,123.3923,123.0366,122.6591,121.5652,121.1504,120.7137,119.5795,118.4361,117.9464
-74.96123,-76.72439,-78.03552,-78.87122,-80.16267,-81.44802,-82.72716,-84,-85.26644,-86.5264,-87.77976,-88.49652,-89.72903,-90.95472,-92.17348,-93.38521,-95.15625,-96.93442,-99.88091,-103.4502,-106.4733,-110.1321,-112.0121,-112.0504,-111.4301,-111.3897,-111.3137,-111.845,-112.3545,-112.1861,-113.9706,-114.4213,-115.5259,-117.3037,-118.397,-120.1759,-121.2573,-123.0366,-124.8188,-125.8845,-127.6659,-129.4496,-130.4981,-131.5366,-133.3141
149.454,150.5801,149.0178,148.3352,147.6413,146.9361,146.2198,145.4923,144.7537,143.1469,143.2435,142.4721,140.8464,140.058,139.2589,138.4493,138.4532,138.4367,140.842,141.578,143.8904,146.1503,145.977,142.6299,140.0869,137.5548,135.0343,133.2917,131.5502,129.0553,128.8204,127.0778,126.8117,125.7928,124.7644,124.4458,123.3923,123.0366,121.9582,121.5652,120.4621,120.0317,119.5795,119.1052,117.9464
-74.51503,-76.72439,-77.57377,-78.87122,-80.16267,-81.44802,-82.72716,-84,-85.26644,-86.01136,-87.77976,-89.02644,-89.72903,-90.95472,-92.17348,-93.38521,-95.15625,-96.93442,-100.4616,-102.8624,-106.4733,-110.1321,-112.0121,-111.4347,-111.4301,-111.3897,-111.3137,-111.845,-112.3545,-112.1861,-113.9706,-114.4213,-116.2015,-117.3037,-118.397,-120.1759,-121.2573,-123.0366,-124.1056,-125.8845,-126.9405,-128.7183,-130.4981,-132.2798,-133.3141
150.349,150.5801,149.9048,148.3352,147.6413,146.9361,146.2198,145.4923,144.7537,144.0041,143.2435,141.624,140.8464,140.058,139.2589,138.4493,139.2773,138.4367,140.842,142.387,143.8904,146.1503,145.977,143.418,140.0869,137.5548,135.0343,133.2917,130.7898,129.0553,128.0714,127.0778,126.8117,125.7928,124.7644,124.4458,123.3923,123.0366,121.9582,121.5652,121.1504,120.7137,119.5795,118.4361,117.9464
-74.96123,-76.72439,-78.03552,-78.87122,-80.16267,-81.44802,-82.72716,-84,-85.26644,-86.5264,-87.77976,-88.49652,-89.72903,-90.95472,-92.17348,-93.38521,-95.72265,-96.93442,-100.4616,-103.4502,-106.4733,-110.1321,-112.0121,-112.0504,-111.4301,-111.3897,-111.3137,-111.845,-111.7051,-112.1861,-113.308,-114.4213,-116.2015,-117.3037,-118.397,-120.1759,-121.2573,-123.0366,-124.1056,-125.8845,-127.6659,-129.4496,-130.4981,-131.5366,-133.3141
150.349,150.5801,149.9048,148.3352,147.6413,146.9361,147.0901,145.4923,144.7537,143.1469,142.3909,141.624,140.8464,140.058,139.2589,138.4493,138.4532,138.4367,140.842,141.578,143.0865,146.1503,145.977,143.418,140.0869,137.5548,135.0343,133.2917,130.7898,129.0553,128.0714,127.0778,126.8117,125.7928,125.4898,124.4458,123.3923,123.0366,122.6591,121.5652,121.1504,120.0317,119.5795,119.1052,117.9464
-74.96123,-76.72439,-78.03552,-78.87122,-80.16267,-81.44802,-83.21958,-84,-85.26644,-86.01136,-87.25726,-88.49652,-89.72903,-90.95472,-92.17348,-93.38521,-95.15625,-96.93442,-100.4616,-102.8624,-105.8785,-110.1321,-112.0121,-112.0504,-111.4301,-111.3897,-111.3137,-111.845,-111.7051,-112.1861,-113.308,-114.4213,-116.2015,-117.3037,-119.0853,-120.1759,-121.2573,-123.0366,-124.8188,-125.8845,-127.6659,-128.7183,-130.4981,-132.2798,-133.3141
150.349,150.5801,149.9048,148.3352,147.6413,146.9361,146.2198,145.4923,143.8921,144.0041,143.2435,142.4721,140.8464,140.058,139.2589,138.4493,138.4532,138.4367,140.842,141.578,143.8904,146.1503,145.977,143.418,140.0869,137.5548,135.8059,133.2917,131.5502,129.0553,128.8204,127.0778,126.0744,125.7928,124.7644,124.4458,123.3923,123.0366,122.6591,121.5652,121.1504,120.0317,119.5795,118.4361,117.9464
-74.96123,-76.72439,-78.03552,-78.87122,-80.16267,-81.44802,-82.72716,-84,-84.75891,-86.5264,-87.77976,-89.02644,-89.72903,-90.95472,-92.17348,-93.38521,-95.15625,-96.93442,-100.4616,-102.8624,-106.4733,-110.1321,-112.0121,-112.0504,-111.4301,-111.3897,-111.9498,-111.845,-112.3545,-112.1861,-113.9706,-114.4213,-115.5259,-117.3037,-118.397,-120.1759,-121.2573,-123.0366,-124.8188,-125.8845,-127.6659,-128.7183,-130.4981,-131.5366,-133.3141
151.2439,150.5801,149.9048,149.2181,147.6413,146.9361,146.2198,145.4923,144.7537,144.0041,142.3909,141.624,140.8464,140.058,139.2589,138.4493,139.2773,138.4367,140.0279,142.387,143.0865,146.1503,145.977,143.418,140.0869,137.5548,135.0343,133.2917,131.5502,129.0553,128.0714,127.0778,126.0744,125.7928,124.7644,124.4458,123.3923,123.0366,122.6591,121.5652,121.1504,120.0317,119.5795,118.4361,117.9464
-75.40743,-76.72439,-78.03552,-79.34069,-80.16267,-81.44802,-82.72716,-84,-85.26644,-86.5264,-87.25726,-88.49652,-89.72903,-90.95472,-92.17348,-93.38521,-95.72265,-96.93442,-99.88091,-103.4502,-105.8785,-110.1321,-112.0121,-112.0504,-111.4301,-111.3897,-111.3137,-111.845,-112.3545,-112.1861,-113.308,-114.4213,-115.5259,-117.3037,-118.397,-120.1759,-121.2573,-123.0366,-124.8188,-125.8845,-127.6659,-128.7183,-130.4981,-131.5366,-133.3141
150.349,149.6891,149.0178,148.3352,147.6413,146.9361,146.2198,145.4923,144.7537,143.1469,143.2435,141.624,140.8464,140.058,139.2589,138.4493,138.4532,138.4367,140.842,142.387,143.8904,146.1503,145.1837,142.6299,140.8695,137.5548,135.8059,133.2917,131.5502,129.0553,128.0714,127.0778,126.8117,125.7928,124.7644,124.4458,123.3923,123.0366,122.6591,121.5652,120.4621,120.0317,119.5795,119.1052,118.609
-74.96123,-76.2704,-77.57377,-78.87122,-80.16267,-81.44802,-82.72716,-84,-85.26644,-86.01136,-87.77976,-88.49652,-89.72903,-90.95472,-92.17348,-93.38521,-95.15625,-96.93442,-100.4616,-103.4502,-106.4733,-110.1321,-111.4033,-111.4347,-112.0526,-111.3897,-111.9498,-111.845,-112.3545,-112.1861,-113.308,-114.4213,-116.2015,-117.3037,-118.397,-120.1759,-121.2573,-123.0366,-124.8188,-125.8845,-126.9405,-128.7183,-130.4981,-132.2798,-134.0631
150.349,150.5801,149.0178,148.3352,147.6413,146.9361,146.2198,145.4923,144.7537,144.0041,143.2435,141.624,140.8464,140.058,139.2589,138.4493,138.4532,138.4367,140.842,142.387,143.0865,146.1503,145.977,143.418,140.0869,137.5548,135.0343,133.2917,131.5502,129.0553,128.0714,127.0778,126.0744,125.7928,124.7644,124.4458,123.3923,123.0366,122.6591,121.5652,121.1504,120.0317,119.5795,119.1052,118.609
-74.96123,-76.72439,-77.57377,-78.87122,-80.16267,-81.44802,-82.72716,-84,-85.26644,-86.5264,-87.77976,-88.49652,-89.72903,-90.95472,-92.17348,-93.38521,-95.15625,-96.93442,-100.4616,-103.4502,-105.8785,-110.1321,-112.0121,-112.0504,-111.4301,-111.3897,-111.3137,-111.845,-112.3545,-112.1861,-113.308,-114.4213,-115.5259,-117.3037,-118.397,-120.1759,-121.2573,-123.0366,-124.8188,-125.8845,-127.6659,-128.7183,-130.4981,-132.2798,-134.0631
150.349,150.5801,149.9048,147.4522,147.6413,146.9361,146.2198,145.4923,144.7537,144.0041,142.3909,141.624,140.8464,140.058,139.2589,138.4493,138.4532,139.2558,140.842,142.387,143.0865,146.1503,145.977,143.418,140.0869,137.5548,135.0343,133.2917,131.5502,129.0553,128.8204,127.0778,126.8117,125.7928,124.7644,124.4458,123.3923,123.0366,121.9582,121.5652,121.1504,120.0317,119.5795,119.1052,117.9464
-74.96123,-76.72439,-78.03552,-78.40175,-80.16267,-81.44802,-82.72716,-84,-85.26644,-86.5264,-87.25726,-88.49652,-89.72903,-90.95472,-92.17348,-93.38521,-95.15625,-97.50799,-100.4616,-103.4502,-105.8785,-110.1321,-112.0121,-112.0504,-111.4301,-111.3897,-111.3137,-111.845,-112.3545,-112.1861,-113.9706,-114.4213,-116.2015,-117.3037,-118.397,-120.1759,-121.2573,-123.0366,-124.1056,-125.8845,-127.6659,-128.7183,-130.4981,-132.2798,-133.3141
