172.7664,169.1198,169.3869,167.6686,166.9193,166.1547,165.3748,163.5884,162.7776,161.9522,160.118,159.2634,159.3912,157.5129,157.6151,157.7053,158.7821,159.8477,159.9025,160.9448,161.9753,162.9938,163,163.9938,164.9749,165.9431,166.8983,167.8401,167.7698,169.6829,170.5835,172.4667,171.3455,157.2726,142.2166,140.0936,139.949,139.7937,139.6278,138.4622,138.2764,137.0937,136.8883,135.6892,135.4646,135.2296,134.0062,133.7526,132.5143,133.2147,131.9602,131.6681,131.3659,131.0537
33.58238,31.34451,29.86749,28.05809,26.43742,24.83198,23.24191,21.53682,19.98657,18.45212,16.82908,15.33532,13.94492,12.39654,11.02152,9.645669,8.321417,6.979102,5.583919,4.214489,2.82729,1.422425,0,-1.431152,-2.879647,-4.345373,-5.828216,-7.328057,-8.792441,-10.37825,-11.92836,-13.57342,-14.99079,-15.14363,-14.94757,-15.96165,-17.18358,-18.40419,-19.62341,-20.69332,-21.90083,-22.94162,-24.1371,-25.1485,-26.33164,-27.51277,-28.4839,-29.65223,-30.59334,-31.98201,-32.90138,-34.05168,-35.19939,-36.34442
175.7113,170.1031,169.3869,167.6686,166.9193,166.1547,165.3748,164.5798,162.7776,161.9522,161.1125,159.2634,159.3912,157.5129,157.6151,157.7053,159.7807,159.8477,159.9025,160.9448,161.9753,161.9938,163,163.9938,164.9749,165.9431,166.8983,167.8401,168.7684,169.6829,170.5835,171.4698,171.3455,157.2726,142.2166,140.0936,139.949,139.7937,139.6278,138.4622,138.2764,137.0937,136.8883,135.6892,135.4646,135.2296,134.0062,133.7526,133.4887,132.2423,131.9602,131.6681,131.3659,131.0537
34.15481,31.52675,29.86749,28.05809,26.43742,24.83198,23.24191,21.66735,19.98657,18.45212,16.93361,15.33532,13.94492,12.39654,11.02152,9.645669,8.373753,6.979102,5.583919,4.214489,2.82729,1.413699,0,-1.431152,-2.879647,-4.345373,-5.828216,-7.328057,-8.844777,-10.37825,-11.92836,-13.49496,-14.99079,-15.14363,-14.94757,-15.96165,-17.18358,-18.40419,-19.62341,-20.69332,-21.90083,-22.94162,-24.1371,-25.1485,-26.33164,-27.51277,-28.4839,-29.65223,-30.81829,-31.74857,-32.90138,-34.05168,-35.19939,-36.34442
172.7664,170.1031,169.3869,167.6686,166.9193,166.1547,165.3748,164.5798,162.7776,161.9522,161.1125,159.2634,159.3912,158.5099,157.6151,157.7053,158.7821,159.8477,159.9025,160.9448,161.9753,162.9938,163,163.9938,164.9749,166.9428,166.8983,167.8401,167.7698,169.6829,170.5835,171.4698,171.3455,157.2726,143.2112,140.0936,139.949,139.7937,139.6278,138.4622,138.2764,137.0937,136.8883,135.6892,135.4646,135.2296,134.0062,133.7526,133.4887,133.2147,131.9602,131.6681,131.3659,132.0174
33.58238,31.52675,29.86749,28.05809,26.43742,24.83198,23.24191,21.66735,19.98657,18.45212,16.93361,15.33532,13.94492,12.475,11.02152,9.645669,8.321417,6.979102,5.583919,4.214489,2.82729,1.422425,0,-1.431152,-2.879647,-4.37155,-5.828216,-7.328057,-8.792441,-10.37825,-11.92836,-13.49496,-14.99079,-15.14363,-15.0521,-15.96165,-17.18358,-18.40419,-19.62341,-20.69332,-21.90083,-22.94162,-24.1371,-25.1485,-26.33164,-27.51277,-28.4839,-29.65223,-30.81829,-31.98201,-32.90138,-34.05168,-35.19939,-36.61166
173.748,170.1031,169.3869,167.6686,166.9193,166.1547,165.3748,163.5884,162.7776,161.9522,161.1125,159.2634,159.3912,157.5129,157.6151,157.7053,158.7821,159.8477,159.9025,160.9448,160.9755,161.9938,163,164.9937,164.9749,165.9431,166.8983,167.8401,167.7698,169.6829,170.5835,171.4698,171.3455,157.2726,143.2112,140.0936,139.949,139.7937,139.6278,138.4622,138.2764,137.0937,136.8883,135.6892,135.4646,135.2296,134.0062,133.7526,132.5143,133.2147,131.9602,131.6681,131.3659,131.0537
33.77319,31.52675,29.86749,28.05809,26.43742,24.83198,23.24191,21.53682,19.98657,18.45212,16.93361,15.33532,13.94492,12.39654,11.02152,9.645669,8.321417,6.979102,5.583919,4.214489,2.809837,1.413699,0,-1.439878,-2.879647,-4.345373,-5.828216,-7.328057,-8.792441,-10.37825,-11.92836,-13.49496,-14.99079,-15.14363,-15.0521,-15.96165,-17.18358,-18.40419,-19.62341,-20.69332,-21.90083,-22.94162,-24.1371,-25.1485,-26.33164,-27.51277,-28.4839,-29.65223,-30.59334,-31.98201,-32.90138,-34.05168,-35.19939,-36.34442
172.7664,170.1031,169.3869,167.6686,166.9193,166.1547,165.3748,164.5798,162.7776,161.9522,160.118,159.2634,159.3912,157.5129,157.6151,158.7034,158.7821,159.8477,159.9025,160.9448,161.9753,161.9938,163,163.9938,165.9747,165.9431,166.8983,167.8401,167.7698,169.6829,170.5835,172.4667,171.3455,157.2726,142.2166,140.0936,139.949,139.7937,139.6278,138.4622,138.2764,137.0937,136.8883,135.6892,135.4646,134.2497,134.0062,133.7526,133.4887,132.2423,131.9602,131.6681,131.3659,132.0174
33.58238,31.52675,29.86749,28.05809,26.43742,24.83198,23.24191,21.66735,19.98657,18.45212,16.82908,15.33532,13.94492,12.39654,11.02152,9.706718,8.321417,6.979102,5.583919,4.214489,2.82729,1.413699,0,-1.431152,-2.897099,-4.345373,-5.828216,-7.328057,-8.792441,-10.37825,-11.92836,-13.57342,-14.99079,-15.14363,-14.94757,-15.96165,-17.18358,-18.40419,-19.62341,-20.69332,-21.90083,-22.94162,-24.1371,-25.1485,-26.33164,-27.31341,-28.4839,-29.65223,-30.81829,-31.74857,-32.90138,-34.05168,-35.19939,-36.61166
173.748,170.1031,169.3869,167.6686,166.9193,166.1547,165.3748,164.5798,162.7776,161.9522,161.1125,159.2634,159.3912,158.5099,157.6151,157.7053,158.7821,159.8477,159.9025,160.9448,161.9753,162.9938,163,163.9938,164.9749,165.9431,166.8983,167.8401,168.7684,169.6829,170.5835,172.4667,171.3455,157.2726,143.2112,140.0936,139.949,139.7937,139.6278,138.4622,138.2764,137.0937,136.8883,135.6892,135.4646,135.2296,134.0062,133.7526,133.4887,132.2423,131.9602,131.6681,131.3659,132.0174
33.77319,31.52675,29.86749,28.05809,26.43742,24.83198,23.24191,21.66735,19.98657,18.45212,16.93361,15.33532,13.94492,12.475,11.02152,9.645669,8.321417,6.979102,5.583919,4.214489,2.82729,1.422425,0,-1.431152,-2.879647,-4.345373,-5.828216,-7.328057,-8.844777,-10.37825,-11.92836,-13.57342,-14.99079,-15.14363,-15.0521,-15.96165,-17.18358,-18.40419,-19.62341,-20.69332,-21.90083,-22.94162,-24.1371,-25.1485,-26.33164,-27.51277,-28.4839,-29.65223,-30.81829,-31.74857,-32.90138,-34.05168,-35.19939,-36.61166
174.7296,170.1031,169.3869,167.6686,166.9193,166.1547,165.3748,164.5798,162.7776,161.9522,160.118,159.2634,159.3912,158.5099,157.6151,157.7053,158.7821,159.8477,159.9025,160.9448,161.9753,161.9938,163,164.9937,165.9747,165.9431,166.8983,167.8401,168.7684,169.6829,170.5835,171.4698,171.3455,157.2726,141.2221,140.0936,139.949,139.7937,139.6278,138.4622,138.2764,137.0937,136.8883,135.6892,135.4646,135.2296,134.0062,133.7526,133.4887,133.2147,131.9602,131.6681,131.3659,131.0537
33.964,31.52675,29.86749,28.05809,26.43742,24.83198,23.24191,21.66735,19.98657,18.45212,16.82908,15.33532,13.94492,12.475,11.02152,9.645669,8.321417,6.979102,5.583919,4.214489,2.82729,1.413699,0,-1.439878,-2.897099,-4.345373,-5.828216,-7.328057,-8.844777,-10.37825,-11.92836,-13.49496,-14.99079,-15.14363,-14.84304,-15.96165,-17.18358,-18.40419,-19.62341,-20.69332,-21.90083,-22.94162,-24.1371,-25.1485,-26.33164,-27.51277,-28.4839,-29.65223,-30.81829,-31.98201,-32.90138,-34.05168,-35.19939,-36.34442
173.748,170.1031,169.3869,167.6686,165.9316,166.1547,165.3748,163.5884,162.7776,160.9586,161.1125,159.2634,159.3912,158.5099,157.6151,157.7053,158.7821,159.8477,159.9025,160.9448,161.9753,162.9938,163,163.9938,164.9749,165.9431,166.8983,167.8401,167.7698,169.6829,170.5835,171.4698,171.3455,157.2726,143.2112,140.0936,139.949,139.7937,139.6278,138.4622,138.2764,138.08,136.8883,136.6724,135.4646,135.2296,134.0062,133.7526,132.5143,133.2147,131.9602,131.6681,131.3659,131.0537
33.77319,31.52675,29.86749,28.05809,26.28099,24.83198,23.24191,21.53682,19.98657,18.33892,16.93361,15.33532,13.94492,12.475,11.02152,9.645669,8.321417,6.979102,5.583919,4.214489,2.82729,1.422425,0,-1.431152,-2.879647,-4.345373,-5.828216,-7.328057,-8.792441,-10.37825,-11.92836,-13.49496,-14.99079,-15.14363,-15.0521,-15.96165,-17.18358,-18.40419,-19.62341,-20.69332,-21.90083,-23.10666,-24.1371,-25.33074,-26.33164,-27.51277,-28.4839,-29.65223,-30.59334,-31.98201,-32.90138,-34.05168,-35.19939,-36.34442
172.7664,170.1031,169.3869,167.6686,166.9193,166.1547,165.3748,164.5798,162.7776,161.9522,161.1125,159.2634,158.395,157.5129,157.6151,157.7053,158.7821,159.8477,159.9025,160.9448,161.9753,162.9938,164,163.9938,164.9749,165.9431,166.8983,167.8401,167.7698,169.6829,170.5835,171.4698,171.3455,157.2726,143.2112,140.0936,139.949,139.7937,138.6375,138.4622,138.2764,137.0937,136.8883,135.6892,135.4646,135.2296,134.0062,133.7526,133.4887,133.2147,131.9602,131.6681,131.3659,131.0537
33.58238,31.52675,29.86749,28.05809,26.43742,24.83198,23.24191,21.66735,19.98657,18.45212,16.93361,15.33532,13.85776,12.39654,11.02152,9.645669,8.321417,6.979102,5.583919,4.214489,2.82729,1.422425,0,-1.431152,-2.879647,-4.345373,-5.828216,-7.328057,-8.792441,-10.37825,-11.92836,-13.49496,-14.99079,-15.14363,-15.0521,-15.96165,-17.18358,-18.40419,-19.48423,-20.69332,-21.90083,-22.94162,-24.1371,-25.1485,-26.33164,-27.51277,-28.4839,-29.65223,-30.81829,-31.98201,-32.90138,-34.05168,-35.19939,-36.34442
172.7664,170.1031,169.3869,167.6686,166.9193,166.1547,165.3748,164.5798,162.7776,161.9522,160.118,159.2634,159.3912,157.5129,157.6151,157.7053,158.7821,159.8477,159.9025,160.9448,161.9753,162.9938,163,163.9938,164.9749,165.9431,167.8977,167.8401,168.7684,169.6829,169.5859,171.4698,171.3455,156.2772,143.2112,140.0936,139.949,139.7937,139.6278,138.4622,138.2764,137.0937,136.8883,135.6892,135.4646,135.2296,134.0062,133.7526,133.4887,133.2147,131.9602,131.6681,131.3659,131.0537
33.58238,31.52675,29.86749,28.05809,26.43742,24.83198,23.24191,21.66735,19.98657,18.45212,16.82908,15.33532,13.94492,12.39654,11.02152,9.645669,8.321417,6.979102,5.583919,4.214489,2.82729,1.422425,0,-1.431152,-2.879647,-4.345373,-5.863115,-7.328057,-8.844777,-10.37825,-11.8586,-13.49496,-14.99079,-15.04778,-15.0521,-15.96165,-17.18358,-18.40419,-19.62341,-20.69332,-21.90083,-22.94162,-24.1371,-25.1485,-26.33164,-27.51277,-28.4839,-29.65223,-30.81829,-31.98201,-32.90138,-34.05168,-35.19939,-36.34442
169.8215,170.1031,169.3869,167.6686,166.9193,166.1547,165.3748,163.5884,162.7776,161.9522,161.1125,159.2634,159.3912,157.5129,157.6151,157.7053,158.7821,159.8477,159.9025,160.9448,161.9753,161.9938,163,163.9938,165.9747,165.9431,166.8983,167.8401,167.7698,169.6829,170.5835,171.4698,171.3455,157.2726,142.2166,140.0936,139.949,139.7937,139.6278,138.4622,138.2764,137.0937,136.8883,136.6724,135.4646,135.2296,134.0062,133.7526,133.4887,133.2147,132.9305,131.6681,131.3659,132.0174
33.00996,31.52675,29.86749,28.05809,26.43742,24.83198,23.24191,21.53682,19.98657,18.45212,16.93361,15.33532,13.94492,12.39654,11.02152,9.645669,8.321417,6.979102,5.583919,4.214489,2.82729,1.413699,0,-1.431152,-2.897099,-4.345373,-5.828216,-7.328057,-8.792441,-10.37825,-11.92836,-13.49496,-14.99079,-15.14363,-14.94757,-15.96165,-17.18358,-18.40419,-19.62341,-20.69332,-21.90083,-22.94162,-24.1371,-25.33074,-26.33164,-27.51277,-28.4839,-29.65223,-30.81829,-31.98201,-33.1433,-34.05168,-35.19939,-36.61166
