91.13732,89.20497,90.60594,91,91.86444,92.70685,93.52724,94.32563,95.10203,95.85647,96.58897,97.85876,98.55469,99.8023,101.0423,102.8624,104.094,105.9194,108.3595,110.2034,112.6751,114.5363,116.4023,118.2729,120.1479,122.683,124.5726,127.1348,129.0377,128.2157,123.9038,121.5652,118.4537,115.2584,116.2598,116.533,117.5106,118.4793,118.7017,119.6463,120.5819,121.5082,122.4254,123.3332,123.4599,124.3434,125.2173,126.0817,126.9365,127.7817,127.0094
167.8541,160.93,160.1454,157.6166,155.9549,154.2901,152.6226,150.9526,149.2803,147.606,145.93,145.0816,143.398,142.5325,141.6561,141.578,140.675,140.5598,141.2169,141.0539,141.6521,141.4406,141.2073,140.9522,140.6751,141.1307,140.8037,141.1975,140.82,137.4945,130.5674,125.8845,120.5393,115.2584,114.2482,112.5347,111.5134,110.4837,108.77,107.73,106.6818,105.6255,104.5611,103.4888,101.7725,100.6913,99.60234,98.50584,97.40183,96.2904,93.982
91.13732,89.20497,90.60594,91.5,91.86444,93.22189,93.52724,94.32563,95.10203,95.85647,96.58897,97.85876,98.55469,99.8023,101.0423,102.8624,104.094,105.9194,108.3595,110.2034,112.6751,114.5363,116.4023,118.2729,120.1479,122.027,124.5726,127.1348,128.3621,128.2157,123.9038,120.8706,118.4537,115.2584,115.5466,116.533,118.236,117.7479,119.4389,120.3895,120.5819,121.5082,122.4254,122.5671,123.4599,124.3434,125.2173,126.0817,126.9365,127.7817,127.8132
167.8541,160.93,160.1454,158.4826,155.9549,155.1473,152.6226,150.9526,149.2803,147.606,145.93,145.0816,143.398,142.5325,141.6561,141.578,140.675,140.5598,141.2169,141.0539,141.6521,141.4406,141.2073,140.9522,140.6751,140.376,140.8037,141.1975,140.0827,137.4945,130.5674,125.1651,120.5393,115.2584,113.5473,112.5347,112.2018,109.8017,109.4456,108.3992,106.6818,105.6255,104.5611,102.846,101.7725,100.6913,99.60234,98.50584,97.40183,96.2904,94.57682
91.61448,89.20497,90.60594,91.5,91.86444,92.70685,93.52724,94.32563,95.10203,95.85647,96.58897,97.85876,98.55469,99.8023,101.0423,102.8624,104.094,105.9194,108.3595,110.2034,112.0526,114.5363,116.4023,118.2729,120.1479,122.683,124.5726,127.1348,129.0377,128.2157,123.9038,121.5652,118.4537,115.2584,116.2598,116.533,117.5106,118.4793,118.7017,119.6463,120.5819,121.5082,122.4254,122.5671,123.4599,124.3434,125.2173,126.0817,126.9365,127.7817,127.8132
168.7329,160.93,160.1454,158.4826,155.9549,154.2901,152.6226,150.9526,149.2803,147.606,145.93,145.0816,143.398,142.5325,141.6561,141.578,140.675,140.5598,141.2169,141.0539,140.8695,141.4406,141.2073,140.9522,140.6751,141.1307,140.8037,141.1975,140.82,137.4945,130.5674,125.8845,120.5393,115.2584,114.2482,112.5347,111.5134,110.4837,108.77,107.73,106.6818,105.6255,104.5611,102.846,101.7725,100.6913,99.60234,98.50584,97.40183,96.2904,94.57682
91.13732,89.20497,90.60594,91.5,91.86444,92.70685,93.52724,94.32563,95.10203,95.85647,96.58897,97.85876,98.55469,99.8023,101.0423,102.8624,104.094,105.9194,108.3595,110.2034,112.0526,114.5363,116.4023,118.2729,120.1479,122.027,124.5726,127.1348,129.0377,128.2157,123.9038,120.8706,118.4537,115.2584,116.2598,116.533,117.5106,118.4793,118.7017,119.6463,120.5819,121.5082,122.4254,123.3332,123.4599,124.3434,125.2173,126.0817,126.9365,127.7817,127.8132
167.8541,160.93,160.1454,158.4826,155.9549,154.2901,152.6226,150.9526,149.2803,147.606,145.93,145.0816,143.398,142.5325,141.6561,141.578,140.675,140.5598,141.2169,141.0539,140.8695,141.4406,141.2073,140.9522,140.6751,140.376,140.8037,141.1975,140.82,137.4945,130.5674,125.1651,120.5393,115.2584,114.2482,112.5347,111.5134,110.4837,108.77,107.73,106.6818,105.6255,104.5611,103.4888,101.7725,100.6913,99.60234,98.50584,97.40183,96.2904,94.57682
91.13732,89.20497,90.60594,91,91.86444,93.22189,93.52724,94.32563,95.10203,95.85647,96.58897,97.85876,98.55469,99.8023,101.0423,102.8624,104.094,105.9194,108.3595,110.2034,112.0526,114.5363,116.4023,118.2729,120.1479,122.027,124.5726,127.1348,129.0377,128.2157,123.9038,120.8706,118.4537,115.2584,116.2598,116.533,117.5106,117.7479,118.7017,119.6463,120.5819,121.5082,122.4254,122.5671,123.4599,124.3434,125.2173,126.0817,126.9365,127.7817,127.0094
167.8541,160.93,160.1454,157.6166,155.9549,155.1473,152.6226,150.9526,149.2803,147.606,145.93,145.0816,143.398,142.5325,141.6561,141.578,140.675,140.5598,141.2169,141.0539,140.8695,141.4406,141.2073,140.9522,140.6751,140.376,140.8037,141.1975,140.82,137.4945,130.5674,125.1651,120.5393,115.2584,114.2482,112.5347,111.5134,109.8017,108.77,107.73,106.6818,105.6255,104.5611,102.846,101.7725,100.6913,99.60234,98.50584,97.40183,96.2904,93.982
91.13732,89.20497,90.60594,91.5,91.86444,92.70685,93.52724,94.32563,95.10203,95.85647,96.58897,97.85876,98.55469,99.8023,101.0423,102.8624,104.094,105.9194,108.3595,110.2034,112.0526,114.5363,116.4023,118.2729,120.1479,122.027,124.5726,127.1348,129.0377,128.2157,123.9038,121.5652,118.4537,115.2584,116.2598,116.533,117.5106,118.4793,118.7017,119.6463,120.5819,120.7535,121.665,122.5671,123.4599,124.3434,125.2173,126.0817,126.9365,127.7817,127.8132
167.8541,160.93,160.1454,158.4826,155.9549,154.2901,152.6226,150.9526,149.2803,147.606,145.93,145.0816,143.398,142.5325,141.6561,141.578,140.675,140.5598,141.2169,141.0539,140.8695,141.4406,141.2073,140.9522,140.6751,140.376,140.8037,141.1975,140.82,137.4945,130.5674,125.8845,120.5393,115.2584,114.2482,112.5347,111.5134,110.4837,108.77,107.73,106.6818,104.9694,103.9117,102.846,101.7725,100.6913,99.60234,98.50584,97.40183,96.2904,94.57682
91.13732,89.20497,90.60594,91.5,91.86444,92.70685,93.52724,94.32563,95.10203,95.85647,96.58897,97.85876,98.55469,99.22872,101.0423,102.8624,104.094,105.9194,108.3595,110.2034,112.0526,114.5363,116.4023,118.2729,120.1479,122.027,124.5726,126.4657,129.0377,128.2157,123.9038,120.8706,118.4537,115.2584,116.2598,116.533,117.5106,118.4793,118.7017,119.6463,120.5819,121.5082,122.4254,122.5671,123.4599,124.3434,125.2173,126.0817,126.9365,127.7817,127.8132
167.8541,160.93,160.1454,158.4826,155.9549,154.2901,152.6226,150.9526,149.2803,147.606,145.93,145.0816,143.398,141.7133,141.6561,141.578,140.675,140.5598,141.2169,141.0539,140.8695,141.4406,141.2073,140.9522,140.6751,140.376,140.8037,140.4544,140.82,137.4945,130.5674,125.1651,120.5393,115.2584,114.2482,112.5347,111.5134,110.4837,108.77,107.73,106.6818,105.6255,104.5611,102.846,101.7725,100.6913,99.60234,98.50584,97.40183,96.2904,94.57682
91.61448,89.20497,90.60594,91.5,91.86444,93.22189,93.52724,94.32563,95.10203,95.85647,96.58897,97.85876,98.55469,99.8023,101.0423,102.8624,104.094,105.9194,108.3595,110.2034,112.0526,114.5363,116.4023,118.2729,120.1479,122.683,124.5726,127.1348,129.0377,128.2157,123.9038,121.5652,118.4537,115.2584,116.2598,116.533,117.5106,118.4793,119.4389,119.6463,120.5819,121.5082,122.4254,122.5671,123.4599,124.3434,125.2173,126.0817,126.9365,127.7817,127.8132
168.7329,160.93,160.1454,158.4826,155.9549,155.1473,152.6226,150.9526,149.2803,147.606,145.93,145.0816,143.398,142.5325,141.6561,141.578,140.675,140.5598,141.2169,141.0539,140.8695,141.4406,141.2073,140.9522,140.6751,141.1307,140.8037,141.1975,140.82,137.4945,130.5674,125.8845,120.5393,115.2584,114.2482,112.5347,111.5134,110.4837,109.4456,107.73,106.6818,105.6255,104.5611,102.846,101.7725,100.6913,99.60234,98.50584,97.40183,96.2904,94.57682
91.13732,89.20497,90.60594,91.5,91.86444,92.70685,93.52724,94.32563,95.10203,95.85647,96.58897,97.85876,98.55469,99.8023,101.0423,102.8624,104.094,105.9194,108.3595,110.2034,112.0526,114.5363,116.4023,118.2729,120.1479,122.027,124.5726,127.1348,128.3621,127.5337,123.9038,121.5652,118.4537,115.2584,116.2598,116.533,117.5106,118.4793,118.7017,119.6463,120.5819,121.5082,122.4254,123.3332,123.4599,124.3434,125.2173,126.0817,126.9365,127.7817,127.8132
167.8541,160.93,160.1454,158.4826,155.9549,154.2901,152.6226,150.9526,149.2803,147.606,145.93,145.0816,143.398,142.5325,141.6561,141.578,140.675,140.5598,141.2169,141.0539,140.8695,141.4406,141.2073,140.9522,140.6751,140.376,140.8037,141.1975,140.0827,136.7631,130.5674,125.8845,120.5393,115.2584,114.2482,112.5347,111.5134,110.4837,108.77,107.73,106.6818,105.6255,104.5611,103.4888,101.7725,100.6913,99.60234,98.50584,97.40183,96.2904,94.57682
91.13732,89.20497,90.60594,91.5,91.86444,93.22189,93.52724,94.32563,95.10203,95.85647,96.58897,97.85876,98.55469,99.8023,101.0423,102.8624,104.094,106.5213,108.3595,110.2034,112.6751,113.907,116.4023,118.2729,120.1479,122.027,124.5726,127.1348,128.3621,128.2157,123.9038,120.8706,118.4537,114.5513,116.9731,116.533,117.5106,117.7479,118.7017,120.3895,120.5819,121.5082,122.4254,122.5671,123.4599,124.3434,125.2173,126.0817,126.9365,127.7817,127.8132
167.8541,160.93,160.1454,158.4826,155.9549,155.1473,152.6226,150.9526,149.2803,147.606,145.93,145.0816,143.398,142.5325,141.6561,141.578,140.675,141.3585,141.2169,141.0539,141.6521,140.6634,141.2073,140.9522,140.6751,140.376,140.8037,141.1975,140.0827,137.4945,130.5674,125.1651,120.5393,114.5513,114.9491,112.5347,111.5134,109.8017,108.77,108.3992,106.6818,105.6255,104.5611,102.846,101.7725,100.6913,99.60234,98.50584,97.40183,96.2904,94.57682
91.13732,89.20497,90.60594,91.5,91.86444,92.70685,93.52724,94.32563,95.63933,95.85647,96.58897,97.85876,98.55469,99.8023,101.0423,102.8624,104.094,105.9194,108.3595,110.2034,112.0526,114.5363,116.4023,118.2729,120.1479,122.027,124.5726,127.1348,128.3621,128.2157,123.9038,121.5652,118.4537,115.2584,116.2598,116.533,117.5106,118.4793,118.7017,119.6463,120.5819,121.5082,121.665,122.5671,123.4599,124.3434,125.2173,126.0817,126.9365,127.7817,127.0094
167.8541,160.93,160.1454,158.4826,155.9549,154.2901,152.6226,150.9526,150.1237,147.606,145.93,145.0816,143.398,142.5325,141.6561,141.578,140.675,140.5598,141.2169,141.0539,140.8695,141.4406,141.2073,140.9522,140.6751,140.376,140.8037,141.1975,140.0827,137.4945,130.5674,125.8845,120.5393,115.2584,114.2482,112.5347,111.5134,110.4837,108.77,107.73,106.6818,105.6255,103.9117,102.846,101.7725,100.6913,99.60234,98.50584,97.40183,96.2904,93.982
91.13732,89.20497,90.60594,91.5,91.86444,92.70685,93.52724,94.32563,95.10203,95.85647,96.58897,97.85876,98.55469,99.8023,101.0423,102.8624,104.094,105.9194,107.7508,110.2034,112.6751,114.5363,116.4023,118.2729,120.1479,122.027,124.5726,127.1348,128.3621,128.2157,123.9038,120.8706,118.4537,115.2584,116.2598,116.533,117.5106,118.4793,118.7017,119.6463,120.5819,120.7535,122.4254,122.5671,123.4599,124.3434,125.2173,126.0817,126.9365,127.7817,127.0094
167.8541,160.93,160.1454,158.4826,155.9549,154.2901,152.6226,150.9526,149.2803,147.606,145.93,145.0816,143.398,142.5325,141.6561,141.578,140.675,140.5598,140.4235,141.0539,141.6521,141.4406,141.2073,140.9522,140.6751,140.376,140.8037,141.1975,140.0827,137.4945,130.5674,125.1651,120.5393,115.2584,114.2482,112.5347,111.5134,110.4837,108.77,107.73,106.6818,104.9694,104.5611,102.846,101.7725,100.6913,99.60234,98.50584,97.40183,96.2904,93.982
91.13732,89.20497,90.60594,91.5,91.86444,93.22189,93.52724,94.32563,95.10203,95.85647,96.58897,97.85876,98.55469,99.8023,101.0423,102.8624,104.094,105.9194,108.3595,110.2034,112.0526,114.5363,116.4023,118.2729,120.1479,122.027,124.5726,127.1348,128.3621,128.2157,123.9038,121.5652,118.4537,115.2584,116.2598,116.533,117.5106,118.4793,118.7017,119.6463,120.5819,120.7535,122.4254,122.5671,124.2316,124.3434,125.2173,126.0817,126.9365,127.7817,127.8132
167.8541,160.93,160.1454,158.4826,155.9549,155.1473,152.6226,150.9526,149.2803,147.606,145.93,145.0816,143.398,142.5325,141.6561,141.578,140.675,140.5598,141.2169,141.0539,140.8695,141.4406,141.2073,140.9522,140.6751,140.376,140.8037,141.1975,140.0827,137.4945,130.5674,125.8845,120.5393,115.2584,114.2482,112.5347,111.5134,110.4837,108.77,107.73,106.6818,104.9694,104.5611,102.846,102.4086,100.6913,99.60234,98.50584,97.40183,96.2904,94.57682
91.13732,89.20497,90.60594,91.5,91.86444,92.70685,94.04974,94.32563,95.10203,95.85647,96.58897,97.85876,98.55469,99.8023,101.0423,102.8624,104.094,105.9194,108.3595,110.2034,112.0526,114.5363,117.0384,118.2729,120.1479,122.027,124.5726,127.1348,128.3621,128.2157,123.9038,121.5652,118.4537,115.2584,116.2598,116.533,117.5106,118.4793,119.4389,119.6463,120.5819,120.7535,121.665,122.5671,123.4599,124.3434,125.2173,126.0817,126.9365,127.7817,127.8132
167.8541,160.93,160.1454,158.4826,155.9549,154.2901,153.4752,150.9526,149.2803,147.606,145.93,145.0816,143.398,142.5325,141.6561,141.578,140.675,140.5598,141.2169,141.0539,140.8695,141.4406,141.9789,140.9522,140.6751,140.376,140.8037,141.1975,140.0827,137.4945,130.5674,125.8845,120.5393,115.2584,114.2482,112.5347,111.5134,110.4837,109.4456,107.73,106.6818,104.9694,103.9117,102.846,101.7725,100.6913,99.60234,98.50584,97.40183,96.2904,94.57682
91.13732,89.20497,90.60594,91.5,91.86444,93.22189,93.52724,94.32563,95.10203,95.85647,96.58897,97.85876,98.55469,99.8023,101.0423,102.8624,104.094,106.5213,108.3595,110.2034,112.6751,114.5363,116.4023,118.2729,120.1479,122.027,124.5726,126.4657,128.3621,128.2157,123.9038,120.8706,118.4537,115.2584,116.2598,116.533,117.5106,118.4793,118.7017,119.6463,120.5819,121.5082,122.4254,122.5671,123.4599,124.3434,125.2173,126.0817,126.9365,127.7817,127.8132
167.8541,160.93,160.1454,158.4826,155.9549,155.1473,152.6226,150.9526,149.2803,147.606,145.93,145.0816,143.398,142.5325,141.6561,141.578,140.675,141.3585,141.2169,141.0539,141.6521,141.4406,141.2073,140.9522,140.6751,140.376,140.8037,140.4544,140.0827,137.4945,130.5674,125.1651,120.5393,115.2584,114.2482,112.5347,111.5134,110.4837,108.77,107.73,106.6818,105.6255,104.5611,102.846,101.7725,100.6913,99.60234,98.50584,97.40183,96.2904,94.57682
91.13732,89.20497,90.60594,91,91.86444,92.70685,93.52724,94.32563,95.10203,95.85647,96.58897,97.85876,98.55469,99.8023,101.0423,102.8624,104.094,105.9194,108.3595,110.2034,112.6751,114.5363,116.4023,118.2729,120.1479,122.027,124.5726,126.4657,129.0377,128.2157,123.9038,121.5652,118.4537,115.2584,116.2598,116.533,117.5106,118.4793,118.7017,119.6463,120.5819,121.5082,122.4254,122.5671,123.4599,124.3434,125.2173,126.0817,126.9365,127.7817,127.8132
167.8541,160.93,160.1454,157.6166,155.9549,154.2901,152.6226,150.9526,149.2803,147.606,145.93,145.0816,143.398,142.5325,141.6561,141.578,140.675,140.5598,141.2169,141.0539,141.6521,141.4406,141.2073,140.9522,140.6751,140.376,140.8037,140.4544,140.82,137.4945,130.5674,125.8845,120.5393,115.2584,114.2482,112.5347,111.5134,110.4837,108.77,107.73,106.6818,105.6255,104.5611,102.846,101.7725,100.6913,99.60234,98.50584,97.40183,96.2904,94.57682
91.13732,89.20497,90.60594,91,91.86444,93.22189,93.52724,94.32563,95.10203,95.85647,96.58897,97.85876,98.55469,99.8023,101.0423,102.8624,104.094,105.9194,108.3595,110.2034,112.6751,114.5363,116.4023,118.2729,120.1479,122.027,124.5726,127.1348,129.0377,128.2157,124.5922,121.5652,118.4537,115.2584,116.2598,116.533,117.5106,118.4793,118.7017,119.6463,120.5819,121.5082,122.4254,122.5671,123.4599,124.3434,125.2173,126.0817,126.9365,127.7817,127.0094
167.8541,160.93,160.1454,157.6166,155.9549,155.1473,152.6226,150.9526,149.2803,147.606,145.93,145.0816,143.398,142.5325,141.6561,141.578,140.675,140.5598,141.2169,141.0539,141.6521,141.4406,141.2073,140.9522,140.6751,140.376,140.8037,141.1975,140.82,137.4945,131.2928,125.8845,120.5393,115.2584,114.2482,112.5347,111.5134,110.4837,108.77,107.73,106.6818,105.6255,104.5611,102.846,101.7725,100.6913,99.60234,98.50584,97.40183,96.2904,93.982
91.61448,89.20497,90.60594,91.5,91.86444,93.22189,93.52724,94.32563,95.10203,95.85647,96.58897,97.85876,98.55469,99.8023,101.0423,102.8624,104.094,105.9194,107.7508,110.2034,112.0526,113.907,116.4023,118.2729,120.1479,122.027,124.5726,127.1348,128.3621,128.2157,123.9038,120.8706,118.4537,115.2584,116.2598,117.2524,117.5106,118.4793,118.7017,119.6463,120.5819,121.5082,122.4254,122.5671,123.4599,124.3434,125.2173,126.0817,126.9365,127.7817,127.8132
168.7329,160.93,160.1454,158.4826,155.9549,155.1473,152.6226,150.9526,149.2803,147.606,145.93,145.0816,143.398,142.5325,141.6561,141.578,140.675,140.5598,140.4235,141.0539,140.8695,140.6634,141.2073,140.9522,140.6751,140.376,140.8037,141.1975,140.0827,137.4945,130.5674,125.1651,120.5393,115.2584,114.2482,113.2293,111.5134,110.4837,108.77,107.73,106.6818,105.6255,104.5611,102.846,101.7725,100.6913,99.60234,98.50584,97.40183,96.2904,94.57682
91.13732,89.20497,90.60594,91.5,91.86444,92.70685,93.52724,94.32563,95.10203,95.85647,96.58897,97.85876,98.55469,99.8023,101.0423,102.8624,104.094,105.9194,108.3595,110.2034,112.0526,114.5363,116.4023,118.2729,120.1479,122.027,124.5726,127.1348,128.3621,128.2157,123.9038,121.5652,118.4537,115.2584,116.2598,116.533,117.5106,118.4793,118.7017,119.6463,120.5819,121.5082,122.4254,122.5671,123.4599,124.3434,125.2173,126.0817,126.9365,127.7817,127.8132
167.8541,160.93,160.1454,158.4826,155.9549,154.2901,152.6226,150.9526,149.2803,147.606,145.93,145.0816,143.398,142.5325,141.6561,141.578,140.675,140.5598,141.2169,141.0539,140.8695,141.4406,141.2073,140.9522,140.6751,140.376,140.8037,141.1975,140.0827,137.4945,130.5674,125.8845,120.5393,115.2584,114.2482,112.5347,111.5134,110.4837,108.77,107.73,106.6818,105.6255,104.5611,102.846,101.7725,100.6913,99.60234,98.50584,97.40183,96.2904,94.57682
91.13732,89.20497,90.60594,91,91.86444,93.22189,93.52724,94.32563,95.10203,95.85647,96.58897,97.85876,98.55469,99.8023,101.0423,102.8624,104.094,105.9194,108.3595,110.2034,112.0526,114.5363,116.4023,118.2729,120.1479,122.027,124.5726,127.1348,129.0377,128.2157,123.9038,120.8706,118.4537,115.2584,116.2598,116.533,117.5106,117.7479,118.7017,119.6463,120.5819,121.5082,121.665,123.3332,123.4599,124.3434,125.2173,126.0817,126.9365,127.7817,127.0094
167.8541,160.93,160.1454,157.6166,155.9549,155.1473,152.6226,150.9526,149.2803,147.606,145.93,145.0816,143.398,142.5325,141.6561,141.578,140.675,140.5598,141.2169,141.0539,140.8695,141.4406,141.2073,140.9522,140.6751,140.376,140.8037,141.1975,140.82,137.4945,130.5674,125.1651,120.5393,115.2584,114.2482,112.5347,111.5134,109.8017,108.77,107.73,106.6818,105.6255,103.9117,103.4888,101.7725,100.6913,99.60234,98.50584,97.40183,96.2904,93.982
91.13732,89.20497,90.60594,91,91.86444,92.70685,93.52724,94.32563,95.10203,95.85647,96.58897,97.85876,98.55469,99.8023,101.0423,102.8624,104.094,105.9194,108.3595,110.2034,112.6751,114.5363,116.4023,118.2729,120.1479,122.027,124.5726,126.4657,128.3621,128.2157,123.9038,120.8706,118.4537,115.2584,116.2598,116.533,117.5106,118.4793,118.7017,119.6463,120.5819,120.7535,122.4254,122.5671,123.4599,124.3434,125.2173,126.0817,126.9365,127.7817,127.8132
167.8541,160.93,160.1454,157.6166,155.9549,154.2901,152.6226,150.9526,149.2803,147.606,145.93,145.0816,143.398,142.5325,141.6561,141.578,140.675,140.5598,141.2169,141.0539,141.6521,141.4406,141.2073,140.9522,140.6751,140.376,140.8037,140.4544,140.0827,137.4945,130.5674,125.1651,120.5393,115.2584,114.2482,112.5347,111.5134,110.4837,108.77,107.73,106.6818,104.9694,104.5611,102.846,101.7725,100.6913,99.60234,98.50584,97.40183,96.2904,94.57682
91.13732,89.20497,90.60594,91.5,91.86444,92.70685,93.52724,94.32563,95.10203,95.85647,96.58897,97.85876,98.55469,99.8023,101.0423,102.8624,104.094,105.9194,108.3595,110.2034,112.0526,114.5363,116.4023,118.2729,120.1479,122.027,125.2352,127.1348,128.3621,128.2157,123.9038,121.5652,118.4537,115.2584,116.2598,116.533,117.5106,118.4793,118.7017,119.6463,120.5819,121.5082,121.665,122.5671,123.4599,124.3434,125.2173,126.0817,126.9365,127.7817,127.0094
167.8541,160.93,160.1454,158.4826,155.9549,154.2901,152.6226,150.9526,149.2803,147.606,145.93,145.0816,143.398,142.5325,141.6561,141.578,140.675,140.5598,141.2169,141.0539,140.8695,141.4406,141.2073,140.9522,140.6751,140.376,141.5526,141.1975,140.0827,137.4945,130.5674,125.8845,120.5393,115.2584,114.2482,112.5347,111.5134,110.4837,108.77,107.73,106.6818,105.6255,103.9117,102.846,101.7725,100.6913,99.60234,98.50584,97.40183,96.2904,93.982
91.13732,89.20497,90.60594,91,92.37198,92.70685,94.04974,94.32563,95.10203,96.40111,96.58897,97.85876,98.55469,99.8023,101.0423,102.8624,104.094,105.9194,108.3595,110.2034,112.0526,114.5363,116.4023,118.2729,120.1479,122.027,124.5726,127.1348,128.3621,128.2157,123.9038,121.5652,118.4537,115.2584,116.2598,116.533,117.5106,118.4793,119.4389,119.6463,120.5819,121.5082,121.665,123.3332,123.4599,124.3434,125.2173,126.0817,126.9365,127.7817,127.0094
167.8541,160.93,160.1454,157.6166,156.8165,154.2901,153.4752,150.9526,149.2803,148.4447,145.93,145.0816,143.398,142.5325,141.6561,141.578,140.675,140.5598,141.2169,141.0539,140.8695,141.4406,141.2073,140.9522,140.6751,140.376,140.8037,141.1975,140.0827,137.4945,130.5674,125.8845,120.5393,115.2584,114.2482,112.5347,111.5134,110.4837,109.4456,107.73,106.6818,105.6255,103.9117,103.4888,101.7725,100.6913,99.60234,98.50584,97.40183,96.2904,93.982
91.13732,89.20497,90.60594,91.5,91.86444,92.70685,93.52724,94.85555,95.10203,95.85647,96.58897,97.85876,98.55469,99.8023,101.0423,102.8624,104.094,105.9194,108.3595,110.2034,112.0526,114.5363,117.0384,118.2729,120.1479,122.683,124.5726,127.1348,128.3621,128.2157,123.9038,120.8706,118.4537,115.2584,116.2598,116.533,117.5106,117.7479,119.4389,119.6463,120.5819,121.5082,122.4254,122.5671,123.4599,124.3434,125.2173,126.0817,126.9365,127.7817,127.0094
167.8541,160.93,160.1454,158.4826,155.9549,154.2901,152.6226,151.8006,149.2803,147.606,145.93,145.0816,143.398,142.5325,141.6561,141.578,140.675,140.5598,141.2169,141.0539,140.8695,141.4406,141.9789,140.9522,140.6751,141.1307,140.8037,141.1975,140.0827,137.4945,130.5674,125.1651,120.5393,115.2584,114.2482,112.5347,111.5134,109.8017,109.4456,107.73,106.6818,105.6255,104.5611,102.846,101.7725,100.6913,99.60234,98.50584,97.40183,96.2904,93.982
91.13732,89.20497,90.60594,91,91.86444,92.70685,94.04974,94.32563,95.10203,95.85647,96.58897,97.85876,98.55469,99.8023,101.0423,102.8624,104.094,105.9194,108.3595,110.2034,112.0526,114.5363,116.4023,118.2729,120.1479,122.027,124.5726,127.1348,128.3621,128.2157,123.9038,120.8706,118.4537,115.2584,116.2598,116.533,117.5106,118.4793,118.7017,119.6463,120.5819,121.5082,122.4254,122.5671,123.4599,124.3434,125.2173,126.0817,126.9365,127.7817,127.0094
167.8541,160.93,160.1454,157.6166,155.9549,154.2901,153.4752,150.9526,149.2803,147.606,145.93,145.0816,143.398,142.5325,141.6561,141.578,140.675,140.5598,141.2169,141.0539,140.8695,141.4406,141.2073,140.9522,140.6751,140.376,140.8037,141.1975,140.0827,137.4945,130.5674,125.1651,120.5393,115.2584,114.2482,112.5347,111.5134,110.4837,108.77,107.73,106.6818,105.6255,104.5611,102.846,101.7725,100.6913,99.60234,98.50584,97.40183,96.2904,93.982
91.13732,89.20497,90.60594,91,91.86444,92.70685,93.52724,94.32563,95.10203,95.85647,96.58897,97.85876,98.55469,99.8023,101.0423,102.8624,104.094,105.9194,108.3595,110.2034,112.6751,114.5363,117.0384,118.2729,120.1479,122.027,124.5726,126.4657,128.3621,128.2157,123.9038,121.5652,118.4537,115.2584,116.2598,116.533,117.5106,118.4793,118.7017,119.6463,120.5819,121.5082,122.4254,122.5671,123.4599,124.3434,125.2173,126.0817,126.9365,127.7817,127.8132
167.8541,160.93,160.1454,157.6166,155.9549,154.2901,152.6226,150.9526,149.2803,147.606,145.93,145.0816,143.398,142.5325,141.6561,141.578,140.675,140.5598,141.2169,141.0539,141.6521,141.4406,141.9789,140.9522,140.6751,140.376,140.8037,140.4544,140.0827,137.4945,130.5674,125.8845,120.5393,115.2584,114.2482,112.5347,111.5134,110.4837,108.77,107.73,106.6818,105.6255,104.5611,102.846,101.7725,100.6913,99.60234,98.50584,97.40183,96.2904,94.57682
91.13732,89.20497,90.60594,91.5,91.86444,92.70685,93.52724,94.32563,95.63933,95.85647,96.58897,97.85876,98.55469,99.8023,101.0423,102.8624,104.094,105.9194,107.7508,110.2034,112.6751,114.5363,116.4023,118.2729,120.1479,122.027,124.5726,127.1348,129.0377,128.2157,123.9038,121.5652,118.4537,115.2584,116.2598,116.533,117.5106,117.7479,119.4389,119.6463,120.5819,121.5082,122.4254,122.5671,123.4599,124.3434,125.2173,126.0817,126.9365,127.7817,127.8132
167.8541,160.93,160.1454,158.4826,155.9549,154.2901,152.6226,150.9526,150.1237,147.606,145.93,145.0816,143.398,142.5325,141.6561,141.578,140.675,140.5598,140.4235,141.0539,141.6521,141.4406,141.2073,140.9522,140.6751,140.376,140.8037,141.1975,140.82,137.4945,130.5674,125.8845,120.5393,115.2584,114.2482,112.5347,111.5134,109.8017,109.4456,107.73,106.6818,105.6255,104.5611,102.846,101.7725,100.6913,99.60234,98.50584,97.40183,96.2904,94.57682
91.13732,89.20497,90.60594,91.5,92.37198,92.70685,93.52724,94.32563,95.10203,95.85647,96.58897,97.85876,98.55469,99.8023,101.0423,102.8624,104.094,105.9194,108.3595,110.2034,112.6751,114.5363,116.4023,118.2729,120.1479,122.027,124.5726,127.1348,129.0377,128.2157,123.9038,120.8706,118.4537,115.2584,116.2598,116.533,117.5106,118.4793,119.4389,119.6463,120.5819,121.5082,122.4254,122.5671,123.4599,124.3434,125.2173,126.0817,126.9365,127.7817,127.0094
167.8541,160.93,160.1454,158.4826,156.8165,154.2901,152.6226,150.9526,149.2803,147.606,145.93,145.0816,143.398,142.5325,141.6561,141.578,140.675,140.5598,141.2169,141.0539,141.6521,141.4406,141.2073,140.9522,140.6751,140.376,140.8037,141.1975,140.82,137.4945,130.5674,125.1651,120.5393,115.2584,114.2482,112.5347,111.5134,110.4837,109.4456,107.73,106.6818,105.6255,104.5611,102.846,101.7725,100.6913,99.60234,98.50584,97.40183,96.2904,93.982
91.13732,89.20497,90.60594,91,92.37198,92.70685,93.52724,94.32563,95.10203,95.85647,96.58897,97.85876,98.55469,99.8023,101.0423,102.8624,104.094,105.9194,108.3595,110.2034,112.0526,114.5363,116.4023,118.2729,120.1479,122.027,124.5726,127.1348,129.0377,128.2157,123.9038,121.5652,118.4537,115.2584,116.2598,116.533,117.5106,117.7479,118.7017,119.6463,120.5819,121.5082,121.665,122.5671,123.4599,124.3434,125.2173,126.0817,126.9365,127.7817,127.0094
167.8541,160.93,160.1454,157.6166,156.8165,154.2901,152.6226,150.9526,149.2803,147.606,145.93,145.0816,143.398,142.5325,141.6561,141.578,140.675,140.5598,141.2169,141.0539,140.8695,141.4406,141.2073,140.9522,140.6751,140.376,140.8037,141.1975,140.82,137.4945,130.5674,125.8845,120.5393,115.2584,114.2482,112.5347,111.5134,109.8017,108.77,107.73,106.6818,105.6255,103.9117,102.846,101.7725,100.6913,99.60234,98.50584,97.40183,96.2904,93.982
91.13732,89.20497,90.60594,91.5,91.86444,93.22189,93.52724,94.32563,95.10203,95.85647,96.58897,97.85876,98.55469,99.8023,101.0423,102.8624,104.094,105.9194,107.7508,110.2034,112.0526,114.5363,116.4023,118.2729,120.1479,122.027,124.5726,127.1348,128.3621,128.2157,123.9038,121.5652,118.4537,115.2584,116.2598,116.533,117.5106,118.4793,118.7017,119.6463,120.5819,121.5082,121.665,123.3332,123.4599,124.3434,125.2173,126.0817,126.9365,127.7817,127.8132
167.8541,160.93,160.1454,158.4826,155.9549,155.1473,152.6226,150.9526,149.2803,147.606,145.93,145.0816,143.398,142.5325,141.6561,141.578,140.675,140.5598,140.4235,141.0539,140.8695,141.4406,141.2073,140.9522,140.6751,140.376,140.8037,141.1975,140.0827,137.4945,130.5674,125.8845,120.5393,115.2584,114.2482,112.5347,111.5134,110.4837,108.77,107.73,106.6818,105.6255,103.9117,103.4888,101.7725,100.6913,99.60234,98.50584,97.40183,96.2904,94.57682
