164.356,163.9778,164.3477,164.6942,165.0175,165.3176,165.5945,165.8485,166.8937,167.107,167.2976,167.4656,168.4449,170.2501,172.0519,173.8499,175.6439,179.148,180.9421,183.5974,186.2561,188.0432,190.7033,193.3655,195.1424,190.6754,185.2514,180.6576,176.9067,174.9174,174.7126,175.4007,176.0755,175.8164,177.3849,177.0921,177.7098,178.3139,178.9044,179.4813,180.0445,180.594,181.1298,183.5539
135.4847,132.7866,130.7281,128.6732,126.6224,124.5757,122.5335,120.496,119.0441,117.0096,114.9805,112.957,111.4913,110.5617,109.6091,108.6334,107.6347,107.643,106.5831,106,105.3786,104.2341,103.5435,102.8143,101.5847,97.15397,92.36295,88.1126,84.38017,81.56532,79.6211,78.09344,76.55982,74.62965,73.47522,71.54986,70.00173,68.44828,66.88961,65.32585,63.75711,62.18352,60.60519,59.64028
163.5844,163.9778,164.3477,164.6942,165.0175,165.3176,165.5945,165.8485,166.8937,167.9262,167.2976,167.4656,168.4449,170.2501,172.0519,173.8499,175.6439,178.2908,180.9421,183.5974,186.2561,188.0432,190.7033,193.3655,195.1424,190.6754,185.2514,180.6576,176.9067,174.9174,174.7126,175.4007,176.0755,176.7369,176.461,177.0921,177.7098,178.3139,178.9044,179.4813,180.0445,180.594,182.0781,180.7007
134.8486,132.7866,130.7281,128.6732,126.6224,124.5757,122.5335,120.496,119.0441,117.5832,114.9805,112.957,111.4913,110.5617,109.6091,108.6334,107.6347,107.1279,106.5831,106,105.3786,104.2341,103.5435,102.8143,101.5847,97.15397,92.36295,88.1126,84.38017,81.56532,79.6211,78.09344,76.55982,75.02038,73.09254,71.54986,70.00173,68.44828,66.88961,65.32585,63.75711,62.18352,60.92249,58.71323
163.5844,163.9778,164.3477,164.6942,165.0175,165.3176,165.5945,165.8485,166.8937,167.107,168.1217,168.2946,168.4449,170.2501,172.0519,173.8499,175.6439,178.2908,180.9421,183.5974,186.2561,188.0432,190.7033,193.3655,195.1424,190.6754,185.2514,180.6576,176.9067,174.9174,174.7126,175.4007,176.0755,176.7369,177.3849,177.0921,177.7098,178.3139,178.9044,179.4813,180.0445,180.594,182.0781,183.5539
134.8486,132.7866,130.7281,128.6732,126.6224,124.5757,122.5335,120.496,119.0441,117.0096,115.5469,113.5162,111.4913,110.5617,109.6091,108.6334,107.6347,107.1279,106.5831,106,105.3786,104.2341,103.5435,102.8143,101.5847,97.15397,92.36295,88.1126,84.38017,81.56532,79.6211,78.09344,76.55982,75.02038,73.47522,71.54986,70.00173,68.44828,66.88961,65.32585,63.75711,62.18352,60.92249,59.64028
163.5844,163.9778,164.3477,164.6942,165.0175,165.3176,165.5945,165.8485,166.8937,167.107,167.2976,168.2946,168.4449,170.2501,172.0519,173.8499,176.4965,178.2908,180.9421,183.5974,186.2561,187.1686,190.7033,193.3655,195.1424,189.7844,184.3565,180.6576,176.9067,174.0111,174.7126,175.4007,176.0755,176.7369,176.461,177.0921,177.7098,178.3139,178.9044,179.4813,180.0445,180.594,182.0781,186.4071
134.8486,132.7866,130.7281,128.6732,126.6224,124.5757,122.5335,120.496,119.0441,117.0096,114.9805,113.5162,111.4913,110.5617,109.6091,108.6334,108.1572,107.1279,106.5831,106,105.3786,103.7493,103.5435,102.8143,101.5847,96.69998,91.91675,88.1126,84.38017,81.14271,79.6211,78.09344,76.55982,75.02038,73.09254,71.54986,70.00173,68.44828,66.88961,65.32585,63.75711,62.18352,60.92249,60.56733
163.5844,163.9778,164.3477,164.6942,165.0175,165.3176,165.5945,165.8485,166.8937,167.107,167.2976,167.4656,168.4449,170.2501,172.0519,173.8499,175.6439,179.148,180.9421,182.7314,186.2561,187.1686,190.7033,193.3655,195.1424,189.7844,185.2514,180.6576,176.9067,174.9174,174.7126,175.4007,176.0755,176.7369,177.3849,177.0921,177.7098,178.3139,178.9044,179.4813,180.0445,180.594,182.0781,184.505
134.8486,132.7866,130.7281,128.6732,126.6224,124.5757,122.5335,120.496,119.0441,117.0096,114.9805,112.957,111.4913,110.5617,109.6091,108.6334,107.6347,107.643,106.5831,105.5,105.3786,103.7493,103.5435,102.8143,101.5847,96.69998,92.36295,88.1126,84.38017,81.56532,79.6211,78.09344,76.55982,75.02038,73.47522,71.54986,70.00173,68.44828,66.88961,65.32585,63.75711,62.18352,60.92249,59.9493
164.356,163.9778,164.3477,164.6942,165.0175,165.3176,165.5945,165.8485,166.8937,167.107,167.2976,167.4656,169.2788,170.2501,172.0519,173.8499,175.6439,178.2908,180.9421,183.5974,186.2561,188.0432,190.7033,193.3655,195.1424,189.7844,185.2514,180.6576,176.9067,174.9174,174.7126,175.4007,176.0755,176.7369,176.461,177.0921,177.7098,178.3139,178.9044,179.4813,180.0445,180.594,181.1298,182.6029
135.4847,132.7866,130.7281,128.6732,126.6224,124.5757,122.5335,120.496,119.0441,117.0096,114.9805,112.957,112.0432,110.5617,109.6091,108.6334,107.6347,107.1279,106.5831,106,105.3786,104.2341,103.5435,102.8143,101.5847,96.69998,92.36295,88.1126,84.38017,81.56532,79.6211,78.09344,76.55982,75.02038,73.09254,71.54986,70.00173,68.44828,66.88961,65.32585,63.75711,62.18352,60.60519,59.33126
162.8128,163.9778,164.3477,164.6942,165.0175,165.3176,165.5945,165.8485,166.8937,167.107,167.2976,168.2946,169.2788,170.2501,172.0519,173.8499,175.6439,178.2908,180.9421,183.5974,186.2561,187.1686,190.7033,193.3655,194.2554,189.7844,185.2514,180.6576,176.0041,174.9174,174.7126,175.4007,176.0755,176.7369,176.461,177.0921,177.7098,178.3139,178.9044,179.4813,180.0445,180.594,181.1298,181.6518
134.2125,132.7866,130.7281,128.6732,126.6224,124.5757,122.5335,120.496,119.0441,117.0096,114.9805,113.5162,112.0432,110.5617,109.6091,108.6334,107.6347,107.1279,106.5831,106,105.3786,103.7493,103.5435,102.8143,101.1229,96.69998,92.36295,88.1126,83.94966,81.56532,79.6211,78.09344,76.55982,75.02038,73.09254,71.54986,70.00173,68.44828,66.88961,65.32585,63.75711,62.18352,60.60519,59.02225
163.5844,163.9778,164.3477,164.6942,165.0175,165.3176,165.5945,165.8485,166.8937,167.107,167.2976,168.2946,169.2788,170.2501,172.0519,173.8499,175.6439,178.2908,180.9421,183.5974,186.2561,187.1686,190.7033,193.3655,195.1424,189.7844,185.2514,180.6576,176.9067,174.9174,174.7126,175.4007,176.0755,175.8164,176.461,177.0921,177.7098,178.3139,178.9044,179.4813,180.0445,180.594,182.0781,182.6029
134.8486,132.7866,130.7281,128.6732,126.6224,124.5757,122.5335,120.496,119.0441,117.0096,114.9805,113.5162,112.0432,110.5617,109.6091,108.6334,107.6347,107.1279,106.5831,106,105.3786,103.7493,103.5435,102.8143,101.5847,96.69998,92.36295,88.1126,84.38017,81.56532,79.6211,78.09344,76.55982,74.62965,73.09254,71.54986,70.00173,68.44828,66.88961,65.32585,63.75711,62.18352,60.92249,59.33126
164.356,163.9778,164.3477,164.6942,165.0175,165.3176,165.5945,165.8485,166.8937,167.107,167.2976,167.4656,169.2788,170.2501,172.0519,173.8499,176.4965,178.2908,180.9421,183.5974,186.2561,188.0432,190.7033,193.3655,196.0294,189.7844,185.2514,180.6576,176.9067,174.9174,174.7126,175.4007,176.0755,175.8164,176.461,177.0921,177.7098,178.3139,178.9044,179.4813,180.0445,180.594,182.0781,182.6029
135.4847,132.7866,130.7281,128.6732,126.6224,124.5757,122.5335,120.496,119.0441,117.0096,114.9805,112.957,112.0432,110.5617,109.6091,108.6334,108.1572,107.1279,106.5831,106,105.3786,104.2341,103.5435,102.8143,102.0464,96.69998,92.36295,88.1126,84.38017,81.56532,79.6211,78.09344,76.55982,74.62965,73.09254,71.54986,70.00173,68.44828,66.88961,65.32585,63.75711,62.18352,60.92249,59.33126
162.8128,163.9778,164.3477,164.6942,165.0175,165.3176,165.5945,165.8485,166.8937,167.107,167.2976,168.2946,168.4449,170.2501,172.0519,173.8499,176.4965,178.2908,180.9421,183.5974,186.2561,188.0432,190.7033,193.3655,195.1424,190.6754,185.2514,180.6576,176.9067,174.9174,174.7126,175.4007,176.0755,176.7369,176.461,177.0921,177.7098,178.3139,178.9044,179.4813,180.0445,180.594,181.1298,179.7497
134.2125,132.7866,130.7281,128.6732,126.6224,124.5757,122.5335,120.496,119.0441,117.0096,114.9805,113.5162,111.4913,110.5617,109.6091,108.6334,108.1572,107.1279,106.5831,106,105.3786,104.2341,103.5435,102.8143,101.5847,97.15397,92.36295,88.1126,84.38017,81.56532,79.6211,78.09344,76.55982,75.02038,73.09254,71.54986,70.00173,68.44828,66.88961,65.32585,63.75711,62.18352,60.60519,58.40421
163.5844,163.9778,164.3477,164.6942,165.0175,165.3176,165.5945,165.8485,166.8937,167.107,167.2976,168.2946,169.2788,170.2501,172.0519,173.8499,175.6439,178.2908,180.9421,183.5974,186.2561,188.0432,190.7033,193.3655,195.1424,190.6754,185.2514,180.6576,176.9067,174.0111,174.7126,175.4007,176.0755,175.8164,176.461,177.0921,177.7098,178.3139,178.9044,179.4813,180.0445,180.594,181.1298,179.7497
134.8486,132.7866,130.7281,128.6732,126.6224,124.5757,122.5335,120.496,119.0441,117.0096,114.9805,113.5162,112.0432,110.5617,109.6091,108.6334,107.6347,107.1279,106.5831,106,105.3786,104.2341,103.5435,102.8143,101.5847,97.15397,92.36295,88.1126,84.38017,81.14271,79.6211,78.09344,76.55982,74.62965,73.09254,71.54986,70.00173,68.44828,66.88961,65.32585,63.75711,62.18352,60.60519,58.40421
163.5844,163.9778,164.3477,164.6942,165.0175,165.3176,165.5945,165.8485,166.8937,167.107,167.2976,167.4656,169.2788,170.2501,172.0519,173.8499,175.6439,178.2908,180.9421,182.7314,186.2561,188.0432,190.7033,193.3655,195.1424,189.7844,184.3565,180.6576,176.0041,174.9174,174.7126,175.4007,176.0755,175.8164,176.461,177.0921,177.7098,178.3139,178.9044,179.4813,180.0445,180.594,181.1298,183.5539
134.8486,132.7866,130.7281,128.6732,126.6224,124.5757,122.5335,120.496,119.0441,117.0096,114.9805,112.957,112.0432,110.5617,109.6091,108.6334,107.6347,107.1279,106.5831,105.5,105.3786,104.2341,103.5435,102.8143,101.5847,96.69998,91.91675,88.1126,83.94966,81.56532,79.6211,78.09344,76.55982,74.62965,73.09254,71.54986,70.00173,68.44828,66.88961,65.32585,63.75711,62.18352,60.60519,59.64028
164.356,163.9778,164.3477,164.6942,165.0175,165.3176,165.5945,165.8485,166.8937,167.107,167.2976,168.2946,169.2788,170.2501,172.0519,173.8499,176.4965,178.2908,180.9421,183.5974,186.2561,188.0432,190.7033,193.3655,194.2554,190.6754,184.3565,180.6576,176.9067,174.9174,174.7126,175.4007,176.0755,176.7369,176.461,177.0921,177.7098,178.3139,178.9044,179.4813,180.0445,180.594,181.1298,183.5539
135.4847,132.7866,130.7281,128.6732,126.6224,124.5757,122.5335,120.496,119.0441,117.0096,114.9805,113.5162,112.0432,110.5617,109.6091,108.6334,108.1572,107.1279,106.5831,106,105.3786,104.2341,103.5435,102.8143,101.1229,97.15397,91.91675,88.1126,84.38017,81.56532,79.6211,78.09344,76.55982,75.02038,73.09254,71.54986,70.00173,68.44828,66.88961,65.32585,63.75711,62.18352,60.60519,59.64028
162.8128,163.9778,164.3477,164.6942,165.0175,165.3176,165.5945,165.8485,166.8937,167.107,168.1217,168.2946,169.2788,170.2501,172.0519,173.8499,176.4965,178.2908,180.9421,183.5974,186.2561,188.0432,190.7033,193.3655,195.1424,189.7844,185.2514,180.6576,176.0041,174.9174,174.7126,175.4007,176.0755,176.7369,176.461,177.0921,177.7098,178.3139,178.9044,179.4813,180.0445,180.594,181.1298,185.456
134.2125,132.7866,130.7281,128.6732,126.6224,124.5757,122.5335,120.496,119.0441,117.0096,115.5469,113.5162,112.0432,110.5617,109.6091,108.6334,108.1572,107.1279,106.5831,106,105.3786,104.2341,103.5435,102.8143,101.5847,96.69998,92.36295,88.1126,83.94966,81.56532,79.6211,78.09344,76.55982,75.02038,73.09254,71.54986,70.00173,68.44828,66.88961,65.32585,63.75711,62.18352,60.60519,60.25831
164.356,163.9778,164.3477,164.6942,165.0175,165.3176,165.5945,165.8485,166.8937,167.107,167.2976,168.2946,168.4449,170.2501,172.0519,173.8499,175.6439,178.2908,180.9421,183.5974,186.2561,188.0432,190.7033,193.3655,196.0294,190.6754,185.2514,180.6576,176.0041,174.9174,174.7126,175.4007,176.0755,176.7369,176.461,177.0921,177.7098,178.3139,178.9044,179.4813,180.0445,180.594,180.1815,187.3581
135.4847,132.7866,130.7281,128.6732,126.6224,124.5757,122.5335,120.496,119.0441,117.0096,114.9805,113.5162,111.4913,110.5617,109.6091,108.6334,107.6347,107.1279,106.5831,106,105.3786,104.2341,103.5435,102.8143,102.0464,97.15397,92.36295,88.1126,83.94966,81.56532,79.6211,78.09344,76.55982,75.02038,73.09254,71.54986,70.00173,68.44828,66.88961,65.32585,63.75711,62.18352,60.28788,60.87635
165.1277,163.2007,164.3477,164.6942,165.0175,165.3176,165.5945,165.8485,166.8937,167.9262,168.1217,168.2946,168.4449,170.2501,172.0519,173.8499,176.4965,178.2908,180.9421,183.5974,186.2561,188.0432,190.7033,193.3655,195.1424,189.7844,185.2514,180.6576,176.9067,174.9174,174.7126,175.4007,176.0755,176.7369,177.3849,177.0921,177.7098,178.3139,178.9044,179.4813,180.0445,180.594,181.1298,182.6029
136.1207,132.1573,130.7281,128.6732,126.6224,124.5757,122.5335,120.496,119.0441,117.5832,115.5469,113.5162,111.4913,110.5617,109.6091,108.6334,108.1572,107.1279,106.5831,106,105.3786,104.2341,103.5435,102.8143,101.5847,96.69998,92.36295,88.1126,84.38017,81.56532,79.6211,78.09344,76.55982,75.02038,73.47522,71.54986,70.00173,68.44828,66.88961,65.32585,63.75711,62.18352,60.60519,59.33126
163.5844,163.9778,164.3477,164.6942,165.0175,165.3176,165.5945,165.8485,166.8937,167.107,167.2976,168.2946,168.4449,170.2501,172.0519,173.8499,175.6439,178.2908,180.9421,182.7314,186.2561,188.0432,189.8245,193.3655,194.2554,189.7844,185.2514,180.6576,176.9067,174.9174,174.7126,175.4007,176.0755,175.8164,176.461,177.0921,177.7098,178.3139,178.9044,179.4813,180.0445,180.594,182.0781,182.6029
134.8486,132.7866,130.7281,128.6732,126.6224,124.5757,122.5335,120.496,119.0441,117.0096,114.9805,113.5162,111.4913,110.5617,109.6091,108.6334,107.6347,107.1279,106.5831,105.5,105.3786,104.2341,103.0663,102.8143,101.1229,96.69998,92.36295,88.1126,84.38017,81.56532,79.6211,78.09344,76.55982,74.62965,73.09254,71.54986,70.00173,68.44828,66.88961,65.32585,63.75711,62.18352,60.92249,59.33126
163.5844,163.9778,164.3477,164.6942,165.0175,165.3176,165.5945,165.8485,166.8937,167.107,167.2976,168.2946,168.4449,170.2501,172.0519,173.8499,176.4965,178.2908,180.9421,183.5974,186.2561,188.0432,190.7033,193.3655,195.1424,189.7844,185.2514,180.6576,176.9067,174.9174,174.7126,175.4007,176.0755,176.7369,176.461,177.0921,177.7098,178.3139,178.9044,179.4813,180.0445,180.594,181.1298,184.505
134.8486,132.7866,130.7281,128.6732,126.6224,124.5757,122.5335,120.496,119.0441,117.0096,114.9805,113.5162,111.4913,110.5617,109.6091,108.6334,108.1572,107.1279,106.5831,106,105.3786,104.2341,103.5435,102.8143,101.5847,96.69998,92.36295,88.1126,84.38017,81.56532,79.6211,78.09344,76.55982,75.02038,73.09254,71.54986,70.00173,68.44828,66.88961,65.32585,63.75711,62.18352,60.60519,59.9493
162.8128,163.9778,164.3477,164.6942,165.0175,165.3176,165.5945,165.8485,166.8937,167.107,167.2976,168.2946,169.2788,170.2501,172.0519,173.8499,175.6439,178.2908,180.9421,183.5974,185.3858,188.0432,190.7033,193.3655,194.2554,190.6754,185.2514,180.6576,176.9067,174.9174,174.7126,175.4007,176.0755,176.7369,176.461,177.0921,177.7098,178.3139,178.9044,179.4813,180.0445,180.594,181.1298,185.456
134.2125,132.7866,130.7281,128.6732,126.6224,124.5757,122.5335,120.496,119.0441,117.0096,114.9805,113.5162,112.0432,110.5617,109.6091,108.6334,107.6347,107.1279,106.5831,106,104.8862,104.2341,103.5435,102.8143,101.1229,97.15397,92.36295,88.1126,84.38017,81.56532,79.6211,78.09344,76.55982,75.02038,73.09254,71.54986,70.00173,68.44828,66.88961,65.32585,63.75711,62.18352,60.60519,60.25831
164.356,163.9778,164.3477,164.6942,165.0175,165.3176,165.5945,165.8485,166.8937,167.107,167.2976,168.2946,168.4449,170.2501,172.0519,173.8499,175.6439,178.2908,180.9421,183.5974,186.2561,188.0432,190.7033,193.3655,195.1424,189.7844,185.2514,180.6576,177.8093,174.9174,174.7126,175.4007,176.0755,176.7369,176.461,177.0921,177.7098,178.3139,178.9044,179.4813,180.0445,180.594,182.0781,185.456
135.4847,132.7866,130.7281,128.6732,126.6224,124.5757,122.5335,120.496,119.0441,117.0096,114.9805,113.5162,111.4913,110.5617,109.6091,108.6334,107.6347,107.1279,106.5831,106,105.3786,104.2341,103.5435,102.8143,101.5847,96.69998,92.36295,88.1126,84.81069,81.56532,79.6211,78.09344,76.55982,75.02038,73.09254,71.54986,70.00173,68.44828,66.88961,65.32585,63.75711,62.18352,60.92249,60.25831
164.356,163.9778,164.3477,164.6942,165.0175,165.3176,165.5945,165.8485,166.8937,167.107,167.2976,168.2946,168.4449,170.2501,172.0519,173.8499,176.4965,178.2908,180.9421,183.5974,186.2561,188.0432,190.7033,193.3655,195.1424,190.6754,185.2514,180.6576,176.0041,174.0111,174.7126,175.4007,176.0755,176.7369,176.461,177.0921,177.7098,178.3139,178.9044,179.4813,180.0445,180.594,182.0781,183.5539
135.4847,132.7866,130.7281,128.6732,126.6224,124.5757,122.5335,120.496,119.0441,117.0096,114.9805,113.5162,111.4913,110.5617,109.6091,108.6334,108.1572,107.1279,106.5831,106,105.3786,104.2341,103.5435,102.8143,101.5847,97.15397,92.36295,88.1126,83.94966,81.14271,79.6211,78.09344,76.55982,75.02038,73.09254,71.54986,70.00173,68.44828,66.88961,65.32585,63.75711,62.18352,60.92249,59.64028
164.356,163.9778,164.3477,164.6942,165.0175,165.3176,165.5945,165.8485,166.8937,167.107,167.2976,168.2946,169.2788,170.2501,172.0519,173.8499,175.6439,178.2908,180.9421,183.5974,186.2561,188.0432,190.7033,193.3655,194.2554,189.7844,184.3565,180.6576,176.0041,174.9174,174.7126,175.4007,175.1585,175.8164,176.461,178.0193,177.7098,178.3139,178.9044,179.4813,180.0445,180.594,182.0781,180.7007
135.4847,132.7866,130.7281,128.6732,126.6224,124.5757,122.5335,120.496,119.0441,117.0096,114.9805,113.5162,112.0432,110.5617,109.6091,108.6334,107.6347,107.1279,106.5831,106,105.3786,104.2341,103.5435,102.8143,101.1229,96.69998,91.91675,88.1126,83.94966,81.56532,79.6211,78.09344,76.16107,74.62965,73.09254,71.92447,70.00173,68.44828,66.88961,65.32585,63.75711,62.18352,60.92249,58.71323
164.356,163.9778,164.3477,164.6942,165.0175,165.3176,165.5945,165.8485,166.8937,167.107,168.1217,168.2946,168.4449,170.2501,172.0519,173.8499,176.4965,178.2908,180.9421,183.5974,185.3858,188.0432,190.7033,193.3655,194.2554,190.6754,185.2514,180.6576,176.0041,174.9174,174.7126,175.4007,176.0755,176.7369,177.3849,177.0921,177.7098,178.3139,178.9044,179.4813,180.0445,180.594,181.1298,185.456
135.4847,132.7866,130.7281,128.6732,126.6224,124.5757,122.5335,120.496,119.0441,117.0096,115.5469,113.5162,111.4913,110.5617,109.6091,108.6334,108.1572,107.1279,106.5831,106,104.8862,104.2341,103.5435,102.8143,101.1229,97.15397,92.36295,88.1126,83.94966,81.56532,79.6211,78.09344,76.55982,75.02038,73.47522,71.54986,70.00173,68.44828,66.88961,65.32585,63.75711,62.18352,60.60519,60.25831
163.5844,163.9778,164.3477,164.6942,165.0175,165.3176,165.5945,165.8485,166.8937,167.107,168.1217,168.2946,168.4449,170.2501,172.0519,173.8499,175.6439,178.2908,180.9421,183.5974,186.2561,188.0432,190.7033,193.3655,195.1424,189.7844,184.3565,180.6576,176.9067,174.9174,174.7126,175.4007,176.0755,176.7369,176.461,177.0921,177.7098,178.3139,178.9044,179.4813,180.0445,180.594,180.1815,186.4071
134.8486,132.7866,130.7281,128.6732,126.6224,124.5757,122.5335,120.496,119.0441,117.0096,115.5469,113.5162,111.4913,110.5617,109.6091,108.6334,107.6347,107.1279,106.5831,106,105.3786,104.2341,103.5435,102.8143,101.5847,96.69998,91.91675,88.1126,84.38017,81.56532,79.6211,78.09344,76.55982,75.02038,73.09254,71.54986,70.00173,68.44828,66.88961,65.32585,63.75711,62.18352,60.28788,60.56733
162.8128,163.9778,164.3477,164.6942,165.0175,165.3176,165.5945,165.8485,166.8937,167.107,168.1217,168.2946,168.4449,170.2501,172.0519,173.8499,175.6439,178.2908,180.9421,183.5974,186.2561,188.0432,190.7033,193.3655,195.1424,190.6754,185.2514,180.6576,176.9067,174.9174,174.7126,175.4007,176.0755,176.7369,176.461,177.0921,177.7098,178.3139,178.9044,179.4813,180.0445,180.594,181.1298,183.5539
134.2125,132.7866,130.7281,128.6732,126.6224,124.5757,122.5335,120.496,119.0441,117.0096,115.5469,113.5162,111.4913,110.5617,109.6091,108.6334,107.6347,107.1279,106.5831,106,105.3786,104.2341,103.5435,102.8143,101.5847,97.15397,92.36295,88.1126,84.38017,81.56532,79.6211,78.09344,76.55982,75.02038,73.09254,71.54986,70.00173,68.44828,66.88961,65.32585,63.75711,62.18352,60.60519,59.64028
162.8128,163.9778,164.3477,164.6942,165.0175,165.3176,165.5945,165.8485,166.8937,167.107,167.2976,167.4656,169.2788,170.2501,172.0519,173.8499,175.6439,178.2908,180.9421,183.5974,186.2561,188.0432,190.7033,193.3655,195.1424,189.7844,185.2514,180.6576,176.9067,174.9174,174.7126,175.4007,176.0755,176.7369,176.461,177.0921,177.7098,178.3139,178.9044,179.4813,180.0445,180.594,181.1298,184.505
134.2125,132.7866,130.7281,128.6732,126.6224,124.5757,122.5335,120.496,119.0441,117.0096,114.9805,112.957,112.0432,110.5617,109.6091,108.6334,107.6347,107.1279,106.5831,106,105.3786,104.2341,103.5435,102.8143,101.5847,96.69998,92.36295,88.1126,84.38017,81.56532,79.6211,78.09344,76.55982,75.02038,73.09254,71.54986,70.00173,68.44828,66.88961,65.32585,63.75711,62.18352,60.60519,59.9493
164.356,163.9778,164.3477,164.6942,165.0175,165.3176,165.5945,165.8485,166.8937,167.9262,167.2976,167.4656,168.4449,170.2501,172.0519,173.8499,175.6439,179.148,180.9421,183.5974,186.2561,188.0432,190.7033,193.3655,194.2554,190.6754,185.2514,180.6576,176.9067,174.9174,174.7126,175.4007,176.0755,175.8164,176.461,177.0921,177.7098,178.3139,178.9044,179.4813,180.0445,180.594,181.1298,181.6518
135.4847,132.7866,130.7281,128.6732,126.6224,124.5757,122.5335,120.496,119.0441,117.5832,114.9805,112.957,111.4913,110.5617,109.6091,108.6334,107.6347,107.643,106.5831,106,105.3786,104.2341,103.5435,102.8143,101.1229,97.15397,92.36295,88.1126,84.38017,81.56532,79.6211,78.09344,76.55982,74.62965,73.09254,71.54986,70.00173,68.44828,66.88961,65.32585,63.75711,62.18352,60.60519,59.02225
162.0412,163.9778,164.3477,164.6942,165.0175,165.3176,165.5945,165.8485,166.8937,167.9262,167.2976,167.4656,169.2788,170.2501,172.0519,173.8499,175.6439,178.2908,180.9421,183.5974,186.2561,188.0432,190.7033,193.3655,194.2554,190.6754,184.3565,180.6576,176.9067,174.9174,174.7126,175.4007,176.0755,176.7369,176.461,178.0193,177.7098,178.3139,178.9044,179.4813,180.0445,180.594,182.0781,184.505
133.5764,132.7866,130.7281,128.6732,126.6224,124.5757,122.5335,120.496,119.0441,117.5832,114.9805,112.957,112.0432,110.5617,109.6091,108.6334,107.6347,107.1279,106.5831,106,105.3786,104.2341,103.5435,102.8143,101.1229,97.15397,91.91675,88.1126,84.38017,81.56532,79.6211,78.09344,76.55982,75.02038,73.09254,71.92447,70.00173,68.44828,66.88961,65.32585,63.75711,62.18352,60.92249,59.9493
