172.3414,172.6,172.8455,173.0778,173.2969,173.5029,173.6956,173.8751,174.0413,174.1943,174.3341,173.4636,174.5737,174.6736,173.7615,174.8334,173.894,174.94,177.9729,180.9931,184,186.9929,189.9711,194.9332,194.8812,191.8173,188.741,186.6512,184.5493,182.4359,181.3074,179.1713,178.0194,177.8494,176.6732,176.4772,177.258,177.0338,177.7839,177.5314,177.2654,177.9691,178.6561,178.3463,179.001,178.6622,179.2841,177.9437
30.38843,28.88333,27.37603,25.86665,24.35529,22.84208,21.32714,19.81056,18.29248,16.77301,15.25225,13.65188,12.20738,10.68349,9.106456,7.633393,6.072512,4.580966,3.106528,1.579503,0,-1.631862,-3.315957,-5.104505,-6.805402,-8.374922,-9.891496,-11.41608,-12.90495,-14.35801,-15.86235,-17.25224,-18.71059,-20.26338,-21.69274,-23.23366,-24.91199,-26.45788,-28.1582,-29.70857,-31.25667,-32.98463,-34.72724,-36.28496,-38.04784,-39.60845,-41.39099,-42.7205
171.3565,172.6,172.8455,173.0778,173.2969,173.5029,173.6956,173.8751,174.0413,174.1943,174.3341,174.4605,174.5737,173.6755,173.7615,173.8344,174.8934,174.94,177.9729,180.9931,184,186.9929,189.9711,194.9332,194.8812,191.8173,189.7396,186.6512,184.5493,183.4328,181.3074,179.1713,177.0249,177.8494,176.6732,177.4686,177.258,177.0338,177.7839,177.5314,178.2502,178.9524,177.6745,179.3262,179.001,179.6385,179.2841,177.9437
30.21478,28.88333,27.37603,25.86665,24.35529,22.84208,21.32714,19.81056,18.29248,16.77301,15.25225,13.73034,12.20738,10.62245,9.106456,7.589773,6.107412,4.580966,3.106528,1.579503,0,-1.631862,-3.315957,-5.104505,-6.805402,-8.374922,-9.943832,-11.41608,-12.90495,-14.43647,-15.86235,-17.25224,-18.60607,-20.26338,-21.69274,-23.36419,-24.91199,-26.45788,-28.1582,-29.70857,-31.43032,-33.16687,-34.53643,-36.48433,-38.04784,-39.82489,-41.39099,-42.7205
170.3717,172.6,172.8455,173.0778,173.2969,173.5029,173.6956,173.8751,174.0413,174.1943,174.3341,173.4636,174.5737,174.6736,174.7602,174.8334,173.894,173.9404,177.9729,180.9931,183,186.9929,189.9711,194.9332,195.8806,191.8173,189.7396,186.6512,185.5469,182.4359,181.3074,179.1713,177.0249,177.8494,176.6732,176.4772,177.258,177.0338,177.7839,177.5314,177.2654,178.9524,177.6745,178.3463,179.9792,178.6622,179.2841,178.9161
30.04113,28.88333,27.37603,25.86665,24.35529,22.84208,21.32714,19.81056,18.29248,16.77301,15.25225,13.65188,12.20738,10.68349,9.158792,7.633393,6.072512,4.554789,3.106528,1.579503,0,-1.631862,-3.315957,-5.104505,-6.840301,-8.374922,-9.943832,-11.41608,-12.9747,-14.35801,-15.86235,-17.25224,-18.60607,-20.26338,-21.69274,-23.23366,-24.91199,-26.45788,-28.1582,-29.70857,-31.25667,-33.16687,-34.53643,-36.28496,-38.25575,-39.60845,-41.39099,-42.95395
170.3717,171.6137,172.8455,173.0778,173.2969,173.5029,173.6956,173.8751,173.0468,174.1943,174.3341,174.4605,173.5761,174.6736,174.7602,174.8334,174.8934,174.94,177.9729,181.9931,184,185.9929,189.9711,194.9332,194.8812,191.8173,189.7396,186.6512,184.5493,182.4359,181.3074,179.1713,177.0249,177.8494,176.6732,176.4772,177.258,177.0338,177.7839,177.5314,178.2502,178.9524,178.6561,179.3262,179.001,178.6622,179.2841,177.9437
30.04113,28.71828,27.37603,25.86665,24.35529,22.84208,21.32714,19.81056,18.18795,16.77301,15.25225,13.73034,12.13763,10.68349,9.158792,7.633393,6.107412,4.580966,3.106528,1.588229,0,-1.623136,-3.315957,-5.104505,-6.805402,-8.374922,-9.943832,-11.41608,-12.90495,-14.35801,-15.86235,-17.25224,-18.60607,-20.26338,-21.69274,-23.23366,-24.91199,-26.45788,-28.1582,-29.70857,-31.43032,-33.16687,-34.72724,-36.48433,-38.04784,-39.60845,-41.39099,-42.7205
171.3565,172.6,172.8455,173.0778,173.2969,173.5029,173.6956,173.8751,174.0413,174.1943,174.3341,174.4605,174.5737,173.6755,173.7615,173.8344,174.8934,174.94,177.9729,180.9931,184,186.9929,189.9711,194.9332,194.8812,191.8173,188.741,186.6512,185.5469,182.4359,180.3112,179.1713,177.0249,177.8494,176.6732,176.4772,177.258,177.0338,177.7839,177.5314,177.2654,177.9691,179.6378,178.3463,179.001,178.6622,179.2841,178.9161
30.21478,28.88333,27.37603,25.86665,24.35529,22.84208,21.32714,19.81056,18.29248,16.77301,15.25225,13.73034,12.20738,10.62245,9.106456,7.589773,6.107412,4.580966,3.106528,1.579503,0,-1.631862,-3.315957,-5.104505,-6.805402,-8.374922,-9.891496,-11.41608,-12.9747,-14.35801,-15.77519,-17.25224,-18.60607,-20.26338,-21.69274,-23.23366,-24.91199,-26.45788,-28.1582,-29.70857,-31.25667,-32.98463,-34.91805,-36.28496,-38.04784,-39.60845,-41.39099,-42.95395
170.3717,172.6,172.8455,173.0778,173.2969,172.5114,173.6956,173.8751,174.0413,174.1943,174.3341,174.4605,174.5737,173.6755,174.7602,173.8344,174.8934,174.94,177.9729,180.9931,184,185.9929,189.9711,194.9332,194.8812,191.8173,189.7396,187.6493,185.5469,183.4328,181.3074,179.1713,177.0249,177.8494,177.6658,176.4772,177.258,177.0338,177.7839,177.5314,178.2502,178.9524,177.6745,178.3463,179.001,179.6385,179.2841,178.9161
30.04113,28.88333,27.37603,25.86665,24.35529,22.71156,21.32714,19.81056,18.29248,16.77301,15.25225,13.73034,12.20738,10.62245,9.158792,7.589773,6.107412,4.580966,3.106528,1.579503,0,-1.623136,-3.315957,-5.104505,-6.805402,-8.374922,-9.943832,-11.47713,-12.9747,-14.43647,-15.86235,-17.25224,-18.60607,-20.26338,-21.81461,-23.23366,-24.91199,-26.45788,-28.1582,-29.70857,-31.43032,-33.16687,-34.53643,-36.28496,-38.04784,-39.82489,-41.39099,-42.95395
170.3717,172.6,172.8455,173.0778,173.2969,173.5029,173.6956,172.8815,173.0468,174.1943,174.3341,174.4605,174.5737,173.6755,173.7615,173.8344,174.8934,174.94,177.9729,180.9931,184,186.9929,189.9711,194.9332,194.8812,191.8173,189.7396,187.6493,185.5469,183.4328,181.3074,179.1713,177.0249,177.8494,176.6732,177.4686,177.258,177.0338,176.7962,177.5314,178.2502,178.9524,177.6745,179.3262,179.001,179.6385,179.2841,178.9161
30.04113,28.88333,27.37603,25.86665,24.35529,22.84208,21.32714,19.69736,18.18795,16.77301,15.25225,13.73034,12.20738,10.62245,9.106456,7.589773,6.107412,4.580966,3.106528,1.579503,0,-1.631862,-3.315957,-5.104505,-6.805402,-8.374922,-9.943832,-11.47713,-12.9747,-14.43647,-15.86235,-17.25224,-18.60607,-20.26338,-21.69274,-23.36419,-24.91199,-26.45788,-28.00177,-29.70857,-31.43032,-33.16687,-34.53643,-36.48433,-38.04784,-39.82489,-41.39099,-42.95395
170.3717,172.6,172.8455,173.0778,173.2969,173.5029,173.6956,173.8751,174.0413,174.1943,174.3341,174.4605,174.5737,173.6755,173.7615,173.8344,173.894,174.94,177.9729,180.9931,184,186.9929,189.9711,194.9332,195.8806,191.8173,189.7396,186.6512,185.5469,183.4328,181.3074,179.1713,177.0249,177.8494,176.6732,176.4772,177.258,177.0338,177.7839,177.5314,177.2654,178.9524,178.6561,179.3262,179.001,178.6622,179.2841,178.9161
30.04113,28.88333,27.37603,25.86665,24.35529,22.84208,21.32714,19.81056,18.29248,16.77301,15.25225,13.73034,12.20738,10.62245,9.106456,7.589773,6.072512,4.580966,3.106528,1.579503,0,-1.631862,-3.315957,-5.104505,-6.840301,-8.374922,-9.943832,-11.41608,-12.9747,-14.43647,-15.86235,-17.25224,-18.60607,-20.26338,-21.69274,-23.23366,-24.91199,-26.45788,-28.1582,-29.70857,-31.25667,-33.16687,-34.72724,-36.48433,-38.04784,-39.60845,-41.39099,-42.95395
171.3565,172.6,172.8455,173.0778,173.2969,173.5029,173.6956,173.8751,173.0468,174.1943,174.3341,174.4605,174.5737,174.6736,173.7615,173.8344,174.8934,174.94,177.9729,180.9931,183,186.9929,189.9711,194.9332,195.8806,192.8163,190.7382,187.6493,186.5445,184.4297,182.3036,180.1667,178.0194,177.8494,176.6732,176.4772,177.258,177.0338,177.7839,177.5314,177.2654,177.9691,178.6561,179.3262,179.001,178.6622,179.2841,178.9161
30.21478,28.88333,27.37603,25.86665,24.35529,22.84208,21.32714,19.81056,18.18795,16.77301,15.25225,13.73034,12.20738,10.68349,9.106456,7.589773,6.107412,4.580966,3.106528,1.579503,0,-1.631862,-3.315957,-5.104505,-6.840301,-8.418542,-9.996168,-11.47713,-13.04446,-14.51493,-15.9495,-17.34808,-18.71059,-20.26338,-21.69274,-23.23366,-24.91199,-26.45788,-28.1582,-29.70857,-31.25667,-32.98463,-34.72724,-36.48433,-38.04784,-39.60845,-41.39099,-42.95395
170.3717,172.6,171.8578,172.0888,172.3066,172.5114,172.703,172.8815,173.0468,173.1989,173.3379,173.4636,173.5761,173.6755,172.7629,172.8353,174.8934,174.94,178.9727,180.9931,183,186.9929,189.9711,194.9332,195.8806,192.8163,189.7396,188.6475,186.5445,183.4328,182.3036,180.1667,178.0194,177.8494,176.6732,176.4772,177.258,177.0338,177.7839,177.5314,178.2502,177.9691,178.6561,178.3463,179.001,178.6622,179.2841,178.9161
30.04113,28.88333,27.2196,25.71884,24.21612,22.71156,21.20527,19.69736,18.18795,16.67716,15.1651,13.65188,12.13763,10.62245,9.05412,7.546154,6.107412,4.580966,3.123981,1.579503,0,-1.631862,-3.315957,-5.104505,-6.840301,-8.418542,-9.943832,-11.53817,-13.04446,-14.43647,-15.9495,-17.34808,-18.71059,-20.26338,-21.69274,-23.23366,-24.91199,-26.45788,-28.1582,-29.70857,-31.43032,-32.98463,-34.72724,-36.28496,-38.04784,-39.60845,-41.39099,-42.95395
168.4021,172.6,171.8578,172.0888,172.3066,172.5114,172.703,172.8815,173.0468,173.1989,173.3379,172.4667,173.5761,173.6755,172.7629,173.8344,174.8934,174.94,177.9729,180.9931,183,186.9929,189.9711,194.9332,194.8812,192.8163,189.7396,187.6493,185.5469,183.4328,182.3036,180.1667,178.0194,177.8494,176.6732,176.4772,177.258,177.0338,177.7839,177.5314,177.2654,177.9691,178.6561,178.3463,178.0229,178.6622,179.2841,178.9161
29.69384,28.88333,27.2196,25.71884,24.21612,22.71156,21.20527,19.69736,18.18795,16.67716,15.1651,13.57342,12.13763,10.62245,9.05412,7.589773,6.107412,4.580966,3.106528,1.579503,0,-1.631862,-3.315957,-5.104505,-6.805402,-8.418542,-9.943832,-11.47713,-12.9747,-14.43647,-15.9495,-17.34808,-18.71059,-20.26338,-21.69274,-23.23366,-24.91199,-26.45788,-28.1582,-29.70857,-31.25667,-32.98463,-34.72724,-36.28496,-37.83993,-39.60845,-41.39099,-42.95395
171.3565,172.6,171.8578,172.0888,172.3066,172.5114,172.703,172.8815,173.0468,173.1989,173.3379,173.4636,173.5761,173.6755,172.7629,172.8353,173.894,174.94,177.9729,180.9931,183,186.9929,189.9711,194.9332,194.8812,192.8163,190.7382,187.6493,186.5445,184.4297,182.3036,180.1667,178.0194,177.8494,176.6732,176.4772,177.258,177.0338,177.7839,177.5314,178.2502,177.9691,178.6561,178.3463,179.001,178.6622,179.2841,177.9437
30.21478,28.88333,27.2196,25.71884,24.21612,22.71156,21.20527,19.69736,18.18795,16.67716,15.1651,13.65188,12.13763,10.62245,9.05412,7.546154,6.072512,4.580966,3.106528,1.579503,0,-1.631862,-3.315957,-5.104505,-6.805402,-8.418542,-9.996168,-11.47713,-13.04446,-14.51493,-15.9495,-17.34808,-18.71059,-20.26338,-21.69274,-23.23366,-24.91199,-26.45788,-28.1582,-29.70857,-31.43032,-32.98463,-34.72724,-36.28496,-38.04784,-39.60845,-41.39099,-42.7205
168.4021,172.6,171.8578,172.0888,172.3066,172.5114,172.703,172.8815,173.0468,173.1989,173.3379,173.4636,173.5761,172.6773,172.7629,173.8344,174.8934,174.94,177.9729,180.9931,183,186.9929,189.9711,194.9332,194.8812,192.8163,189.7396,187.6493,186.5445,184.4297,182.3036,180.1667,178.0194,177.8494,176.6732,176.4772,177.258,177.0338,177.7839,177.5314,177.2654,177.9691,177.6745,178.3463,179.001,178.6622,179.2841,179.8884
29.69384,28.88333,27.2196,25.71884,24.21612,22.71156,21.20527,19.69736,18.18795,16.67716,15.1651,13.65188,12.13763,10.5614,9.05412,7.589773,6.107412,4.580966,3.106528,1.579503,0,-1.631862,-3.315957,-5.104505,-6.805402,-8.418542,-9.943832,-11.47713,-13.04446,-14.51493,-15.9495,-17.34808,-18.71059,-20.26338,-21.69274,-23.23366,-24.91199,-26.45788,-28.1582,-29.70857,-31.25667,-32.98463,-34.53643,-36.28496,-38.04784,-39.60845,-41.39099,-43.18739
169.3869,172.6,171.8578,172.0888,172.3066,172.5114,172.703,172.8815,173.0468,173.1989,173.3379,173.4636,173.5761,172.6773,173.7615,173.8344,173.894,174.94,177.9729,180.9931,183,186.9929,189.9711,194.9332,194.8812,192.8163,190.7382,188.6475,186.5445,183.4328,182.3036,180.1667,178.0194,177.8494,176.6732,176.4772,177.258,177.0338,177.7839,177.5314,177.2654,177.9691,178.6561,178.3463,179.001,178.6622,179.2841,179.8884
29.86749,28.88333,27.2196,25.71884,24.21612,22.71156,21.20527,19.69736,18.18795,16.67716,15.1651,13.65188,12.13763,10.5614,9.106456,7.589773,6.072512,4.580966,3.106528,1.579503,0,-1.631862,-3.315957,-5.104505,-6.805402,-8.418542,-9.996168,-11.53817,-13.04446,-14.43647,-15.9495,-17.34808,-18.71059,-20.26338,-21.69274,-23.23366,-24.91199,-26.45788,-28.1582,-29.70857,-31.25667,-32.98463,-34.72724,-36.28496,-38.04784,-39.60845,-41.39099,-43.18739
169.3869,172.6,171.8578,172.0888,172.3066,172.5114,172.703,172.8815,173.0468,173.1989,173.3379,173.4636,173.5761,173.6755,172.7629,174.8334,173.894,174.94,177.9729,179.9931,183,186.9929,189.9711,194.9332,195.8806,192.8163,189.7396,187.6493,186.5445,184.4297,182.3036,180.1667,179.0139,177.8494,176.6732,176.4772,177.258,177.0338,177.7839,177.5314,178.2502,177.9691,178.6561,178.3463,179.001,178.6622,179.2841,178.9161
29.86749,28.88333,27.2196,25.71884,24.21612,22.71156,21.20527,19.69736,18.18795,16.67716,15.1651,13.65188,12.13763,10.62245,9.05412,7.633393,6.072512,4.580966,3.106528,1.570776,0,-1.631862,-3.315957,-5.104505,-6.840301,-8.418542,-9.943832,-11.47713,-13.04446,-14.51493,-15.9495,-17.34808,-18.81512,-20.26338,-21.69274,-23.23366,-24.91199,-26.45788,-28.1582,-29.70857,-31.43032,-32.98463,-34.72724,-36.28496,-38.04784,-39.60845,-41.39099,-42.95395
170.3717,172.6,171.8578,172.0888,172.3066,172.5114,172.703,172.8815,173.0468,173.1989,173.3379,173.4636,173.5761,173.6755,172.7629,173.8344,173.894,174.94,177.9729,180.9931,183,186.9929,189.9711,194.9332,194.8812,192.8163,190.7382,188.6475,186.5445,183.4328,182.3036,180.1667,178.0194,177.8494,176.6732,176.4772,177.258,177.0338,177.7839,177.5314,177.2654,177.9691,177.6745,178.3463,179.001,178.6622,179.2841,178.9161
30.04113,28.88333,27.2196,25.71884,24.21612,22.71156,21.20527,19.69736,18.18795,16.67716,15.1651,13.65188,12.13763,10.62245,9.05412,7.589773,6.072512,4.580966,3.106528,1.579503,0,-1.631862,-3.315957,-5.104505,-6.805402,-8.418542,-9.996168,-11.53817,-13.04446,-14.43647,-15.9495,-17.34808,-18.71059,-20.26338,-21.69274,-23.23366,-24.91199,-26.45788,-28.1582,-29.70857,-31.25667,-32.98463,-34.53643,-36.28496,-38.04784,-39.60845,-41.39099,-42.95395
170.3717,172.6,171.8578,172.0888,172.3066,172.5114,172.703,172.8815,173.0468,173.1989,173.3379,173.4636,172.5786,173.6755,172.7629,173.8344,174.8934,174.94,177.9729,180.9931,183,186.9929,189.9711,194.9332,194.8812,192.8163,190.7382,187.6493,186.5445,184.4297,182.3036,180.1667,178.0194,177.8494,176.6732,176.4772,177.258,177.0338,177.7839,177.5314,177.2654,177.9691,178.6561,178.3463,179.001,178.6622,179.2841,178.9161
30.04113,28.88333,27.2196,25.71884,24.21612,22.71156,21.20527,19.69736,18.18795,16.67716,15.1651,13.65188,12.06787,10.62245,9.05412,7.589773,6.107412,4.580966,3.106528,1.579503,0,-1.631862,-3.315957,-5.104505,-6.805402,-8.418542,-9.996168,-11.47713,-13.04446,-14.51493,-15.9495,-17.34808,-18.71059,-20.26338,-21.69274,-23.23366,-24.91199,-26.45788,-28.1582,-29.70857,-31.25667,-32.98463,-34.72724,-36.28496,-38.04784,-39.60845,-41.39099,-42.95395
171.3565,172.6,171.8578,173.0778,172.3066,172.5114,172.703,172.8815,172.0523,173.1989,173.3379,173.4636,173.5761,173.6755,172.7629,173.8344,173.894,174.94,177.9729,181.9931,183,186.9929,189.9711,194.9332,195.8806,192.8163,190.7382,187.6493,186.5445,183.4328,182.3036,180.1667,178.0194,177.8494,176.6732,176.4772,177.258,177.0338,177.7839,177.5314,178.2502,176.9859,177.6745,178.3463,179.001,178.6622,179.2841,179.8884
30.21478,28.88333,27.2196,25.86665,24.21612,22.71156,21.20527,19.69736,18.08342,16.67716,15.1651,13.65188,12.13763,10.62245,9.05412,7.589773,6.072512,4.580966,3.106528,1.588229,0,-1.631862,-3.315957,-5.104505,-6.840301,-8.418542,-9.996168,-11.47713,-13.04446,-14.43647,-15.9495,-17.34808,-18.71059,-20.26338,-21.69274,-23.23366,-24.91199,-26.45788,-28.1582,-29.70857,-31.43032,-32.80239,-34.53643,-36.28496,-38.04784,-39.60845,-41.39099,-43.18739
167.4173,172.6,171.8578,172.0888,172.3066,172.5114,172.703,172.8815,173.0468,172.2035,173.3379,173.4636,172.5786,173.6755,172.7629,173.8344,173.894,174.94,177.9729,180.9931,183,186.9929,189.9711,194.9332,194.8812,192.8163,189.7396,188.6475,186.5445,183.4328,182.3036,180.1667,178.0194,177.8494,177.6658,176.4772,176.2677,177.0338,176.7962,177.5314,178.2502,177.9691,177.6745,178.3463,179.001,178.6622,179.2841,178.9161
29.52019,28.88333,27.2196,25.71884,24.21612,22.71156,21.20527,19.69736,18.18795,16.58132,15.1651,13.65188,12.06787,10.62245,9.05412,7.589773,6.072512,4.580966,3.106528,1.579503,0,-1.631862,-3.315957,-5.104505,-6.805402,-8.418542,-9.943832,-11.53817,-13.04446,-14.43647,-15.9495,-17.34808,-18.71059,-20.26338,-21.81461,-23.23366,-24.77281,-26.45788,-28.00177,-29.70857,-31.43032,-32.98463,-34.53643,-36.28496,-38.04784,-39.60845,-41.39099,-42.95395
169.3869,171.6137,171.8578,172.0888,172.3066,172.5114,172.703,172.8815,172.0523,172.2035,173.3379,173.4636,173.5761,172.6773,173.7615,172.8353,173.894,174.94,177.9729,180.9931,184,186.9929,189.9711,194.9332,194.8812,192.8163,189.7396,188.6475,185.5469,183.4328,182.3036,180.1667,178.0194,177.8494,176.6732,176.4772,177.258,177.0338,177.7839,177.5314,178.2502,177.9691,177.6745,178.3463,179.001,178.6622,179.2841,178.9161
29.86749,28.71828,27.2196,25.71884,24.21612,22.71156,21.20527,19.69736,18.08342,16.58132,15.1651,13.65188,12.13763,10.5614,9.106456,7.546154,6.072512,4.580966,3.106528,1.579503,0,-1.631862,-3.315957,-5.104505,-6.805402,-8.418542,-9.943832,-11.53817,-12.9747,-14.43647,-15.9495,-17.34808,-18.71059,-20.26338,-21.69274,-23.23366,-24.91199,-26.45788,-28.1582,-29.70857,-31.43032,-32.98463,-34.53643,-36.28496,-38.04784,-39.60845,-41.39099,-42.95395
170.3717,171.6137,171.8578,172.0888,172.3066,172.5114,172.703,172.8815,172.0523,173.1989,173.3379,173.4636,173.5761,172.6773,172.7629,173.8344,173.894,173.9404,177.9729,180.9931,183,186.9929,189.9711,194.9332,195.8806,192.8163,190.7382,187.6493,186.5445,183.4328,182.3036,180.1667,178.0194,177.8494,176.6732,176.4772,177.258,177.0338,176.7962,177.5314,178.2502,177.9691,177.6745,179.3262,179.001,178.6622,179.2841,178.9161
30.04113,28.71828,27.2196,25.71884,24.21612,22.71156,21.20527,19.69736,18.08342,16.67716,15.1651,13.65188,12.13763,10.5614,9.05412,7.589773,6.072512,4.554789,3.106528,1.579503,0,-1.631862,-3.315957,-5.104505,-6.840301,-8.418542,-9.996168,-11.47713,-13.04446,-14.43647,-15.9495,-17.34808,-18.71059,-20.26338,-21.69274,-23.23366,-24.91199,-26.45788,-28.00177,-29.70857,-31.43032,-32.98463,-34.53643,-36.48433,-38.04784,-39.60845,-41.39099,-42.95395
169.3869,172.6,171.8578,172.0888,172.3066,172.5114,172.703,172.8815,173.0468,173.1989,173.3379,172.4667,172.5786,173.6755,172.7629,172.8353,173.894,174.94,177.9729,179.9931,183,186.9929,189.9711,194.9332,195.8806,192.8163,189.7396,188.6475,186.5445,184.4297,182.3036,180.1667,178.0194,177.8494,177.6658,176.4772,176.2677,178.0229,177.7839,177.5314,177.2654,177.9691,178.6561,178.3463,179.001,178.6622,179.2841,178.9161
29.86749,28.88333,27.2196,25.71884,24.21612,22.71156,21.20527,19.69736,18.18795,16.67716,15.1651,13.57342,12.06787,10.62245,9.05412,7.546154,6.072512,4.580966,3.106528,1.570776,0,-1.631862,-3.315957,-5.104505,-6.840301,-8.418542,-9.943832,-11.53817,-13.04446,-14.51493,-15.9495,-17.34808,-18.71059,-20.26338,-21.81461,-23.23366,-24.77281,-26.60569,-28.1582,-29.70857,-31.25667,-32.98463,-34.72724,-36.28496,-38.04784,-39.60845,-41.39099,-42.95395
169.3869,172.6,171.8578,172.0888,172.3066,172.5114,172.703,172.8815,173.0468,173.1989,173.3379,172.4667,173.5761,173.6755,172.7629,173.8344,174.8934,174.94,177.9729,180.9931,184,186.9929,189.9711,194.9332,194.8812,192.8163,189.7396,187.6493,185.5469,184.4297,182.3036,180.1667,178.0194,177.8494,176.6732,177.4686,177.258,177.0338,177.7839,177.5314,177.2654,177.9691,177.6745,178.3463,179.001,178.6622,179.2841,178.9161
29.86749,28.88333,27.2196,25.71884,24.21612,22.71156,21.20527,19.69736,18.18795,16.67716,15.1651,13.57342,12.13763,10.62245,9.05412,7.589773,6.107412,4.580966,3.106528,1.579503,0,-1.631862,-3.315957,-5.104505,-6.805402,-8.418542,-9.943832,-11.47713,-12.9747,-14.51493,-15.9495,-17.34808,-18.71059,-20.26338,-21.69274,-23.36419,-24.91199,-26.45788,-28.1582,-29.70857,-31.25667,-32.98463,-34.53643,-36.28496,-38.04784,-39.60845,-41.39099,-42.95395
171.3565,172.6,171.8578,172.0888,172.3066,172.5114,172.703,172.8815,173.0468,173.1989,173.3379,173.4636,172.5786,173.6755,173.7615,172.8353,174.8934,174.94,177.9729,180.9931,183,186.9929,189.9711,194.9332,194.8812,192.8163,189.7396,187.6493,185.5469,184.4297,182.3036,180.1667,178.0194,177.8494,176.6732,176.4772,177.258,177.0338,177.7839,177.5314,177.2654,177.9691,178.6561,178.3463,179.001,178.6622,179.2841,178.9161
30.21478,28.88333,27.2196,25.71884,24.21612,22.71156,21.20527,19.69736,18.18795,16.67716,15.1651,13.65188,12.06787,10.62245,9.106456,7.546154,6.107412,4.580966,3.106528,1.579503,0,-1.631862,-3.315957,-5.104505,-6.805402,-8.418542,-9.943832,-11.47713,-12.9747,-14.51493,-15.9495,-17.34808,-18.71059,-20.26338,-21.69274,-23.23366,-24.91199,-26.45788,-28.1582,-29.70857,-31.25667,-32.98463,-34.72724,-36.28496,-38.04784,-39.60845,-41.39099,-42.95395
168.4021,172.6,171.8578,172.0888,172.3066,172.5114,172.703,172.8815,173.0468,173.1989,172.3417,173.4636,173.5761,173.6755,172.7629,172.8353,174.8934,174.94,177.9729,180.9931,183,186.9929,189.9711,194.9332,194.8812,192.8163,190.7382,188.6475,185.5469,184.4297,182.3036,180.1667,179.0139,177.8494,177.6658,176.4772,177.258,177.0338,177.7839,177.5314,178.2502,177.9691,178.6561,178.3463,179.001,178.6622,179.2841,179.8884
29.69384,28.88333,27.2196,25.71884,24.21612,22.71156,21.20527,19.69736,18.18795,16.67716,15.07794,13.65188,12.13763,10.62245,9.05412,7.546154,6.107412,4.580966,3.106528,1.579503,0,-1.631862,-3.315957,-5.104505,-6.805402,-8.418542,-9.996168,-11.53817,-12.9747,-14.51493,-15.9495,-17.34808,-18.81512,-20.26338,-21.81461,-23.23366,-24.91199,-26.45788,-28.1582,-29.70857,-31.43032,-32.98463,-34.72724,-36.28496,-38.04784,-39.60845,-41.39099,-43.18739
169.3869,172.6,171.8578,172.0888,172.3066,172.5114,172.703,172.8815,173.0468,173.1989,173.3379,173.4636,173.5761,173.6755,172.7629,172.8353,173.894,174.94,177.9729,180.9931,183,186.9929,189.9711,194.9332,194.8812,192.8163,190.7382,188.6475,186.5445,184.4297,182.3036,180.1667,178.0194,177.8494,176.6732,176.4772,177.258,177.0338,177.7839,177.5314,178.2502,177.9691,178.6561,178.3463,179.001,178.6622,179.2841,179.8884
29.86749,28.88333,27.2196,25.71884,24.21612,22.71156,21.20527,19.69736,18.18795,16.67716,15.1651,13.65188,12.13763,10.62245,9.05412,7.546154,6.072512,4.580966,3.106528,1.579503,0,-1.631862,-3.315957,-5.104505,-6.805402,-8.418542,-9.996168,-11.53817,-13.04446,-14.51493,-15.9495,-17.34808,-18.71059,-20.26338,-21.69274,-23.23366,-24.91199,-26.45788,-28.1582,-29.70857,-31.43032,-32.98463,-34.72724,-36.28496,-38.04784,-39.60845,-41.39099,-43.18739
168.4021,172.6,171.8578,172.0888,172.3066,172.5114,172.703,172.8815,173.0468,173.1989,173.3379,173.4636,173.5761,173.6755,172.7629,173.8344,173.894,174.94,177.9729,180.9931,183,186.9929,189.9711,194.9332,194.8812,192.8163,189.7396,187.6493,186.5445,184.4297,182.3036,180.1667,178.0194,177.8494,177.6658,176.4772,177.258,177.0338,177.7839,177.5314,178.2502,177.9691,177.6745,178.3463,179.001,178.6622,179.2841,179.8884
29.69384,28.88333,27.2196,25.71884,24.21612,22.71156,21.20527,19.69736,18.18795,16.67716,15.1651,13.65188,12.13763,10.62245,9.05412,7.589773,6.072512,4.580966,3.106528,1.579503,0,-1.631862,-3.315957,-5.104505,-6.805402,-8.418542,-9.943832,-11.47713,-13.04446,-14.51493,-15.9495,-17.34808,-18.71059,-20.26338,-21.81461,-23.23366,-24.91199,-26.45788,-28.1582,-29.70857,-31.43032,-32.98463,-34.53643,-36.28496,-38.04784,-39.60845,-41.39099,-43.18739
169.3869,171.6137,171.8578,172.0888,172.3066,172.5114,172.703,172.8815,173.0468,173.1989,173.3379,173.4636,173.5761,173.6755,172.7629,173.8344,174.8934,174.94,177.9729,180.9931,183,186.9929,189.9711,194.9332,195.8806,192.8163,190.7382,188.6475,186.5445,184.4297,182.3036,180.1667,178.0194,177.8494,176.6732,176.4772,177.258,177.0338,177.7839,177.5314,177.2654,177.9691,178.6561,178.3463,179.001,178.6622,179.2841,178.9161
29.86749,28.71828,27.2196,25.71884,24.21612,22.71156,21.20527,19.69736,18.18795,16.67716,15.1651,13.65188,12.13763,10.62245,9.05412,7.589773,6.107412,4.580966,3.106528,1.579503,0,-1.631862,-3.315957,-5.104505,-6.840301,-8.418542,-9.996168,-11.53817,-13.04446,-14.51493,-15.9495,-17.34808,-18.71059,-20.26338,-21.69274,-23.23366,-24.91199,-26.45788,-28.1582,-29.70857,-31.25667,-32.98463,-34.72724,-36.28496,-38.04784,-39.60845,-41.39099,-42.95395
168.4021,172.6,171.8578,172.0888,172.3066,172.5114,172.703,172.8815,173.0468,173.1989,173.3379,173.4636,173.5761,172.6773,173.7615,172.8353,174.8934,174.94,177.9729,180.9931,184,186.9929,189.9711,194.9332,195.8806,192.8163,189.7396,187.6493,186.5445,184.4297,182.3036,180.1667,178.0194,177.8494,176.6732,176.4772,177.258,177.0338,177.7839,177.5314,177.2654,177.9691,177.6745,178.3463,179.001,178.6622,179.2841,178.9161
29.69384,28.88333,27.2196,25.71884,24.21612,22.71156,21.20527,19.69736,18.18795,16.67716,15.1651,13.65188,12.13763,10.5614,9.106456,7.546154,6.107412,4.580966,3.106528,1.579503,0,-1.631862,-3.315957,-5.104505,-6.840301,-8.418542,-9.943832,-11.47713,-13.04446,-14.51493,-15.9495,-17.34808,-18.71059,-20.26338,-21.69274,-23.23366,-24.91199,-26.45788,-28.1582,-29.70857,-31.25667,-32.98463,-34.53643,-36.28496,-38.04784,-39.60845,-41.39099,-42.95395
169.3869,172.6,171.8578,172.0888,172.3066,172.5114,172.703,172.8815,173.0468,173.1989,172.3417,173.4636,173.5761,173.6755,173.7615,173.8344,174.8934,174.94,177.9729,179.9931,183,186.9929,189.9711,194.9332,194.8812,192.8163,190.7382,188.6475,185.5469,184.4297,182.3036,180.1667,178.0194,177.8494,176.6732,176.4772,177.258,177.0338,177.7839,177.5314,177.2654,177.9691,177.6745,178.3463,179.001,178.6622,179.2841,179.8884
29.86749,28.88333,27.2196,25.71884,24.21612,22.71156,21.20527,19.69736,18.18795,16.67716,15.07794,13.65188,12.13763,10.62245,9.106456,7.589773,6.107412,4.580966,3.106528,1.570776,0,-1.631862,-3.315957,-5.104505,-6.805402,-8.418542,-9.996168,-11.53817,-12.9747,-14.51493,-15.9495,-17.34808,-18.71059,-20.26338,-21.69274,-23.23366,-24.91199,-26.45788,-28.1582,-29.70857,-31.25667,-32.98463,-34.53643,-36.28496,-38.04784,-39.60845,-41.39099,-43.18739
