98.79516,98.73275,97.92554,97.11087,96.28881,95.45942,95.32366,94.47354,94.30458,93.43378,92.55586,91.67089,90.77895,90.53615,89.62383,89.34748,88.41487,87.47553,86.52953,85.57695,85.2266,90.27225,94.57682,98.16014,98.1388,96.36084,94.02344,92.26683,90.51767,88.77616,87.04254,85.317,84.12227,82.40609,81.20614,79,77.80292,76.11511,74.43677,73.23756,71.57104,70.36853,68.71446,67.50916,66.29871,65.50583,64.69215,63.85765,63.00235,62.12625,61.22935,60.31166,59.7397,58.77234,57.78422,59.5115
-90.52909,-92.06978,-92.92787,-93.77888,-94.62275,-95.45942,-97.00206,-97.83021,-99.37629,-100.1955,-101.007,-101.8108,-102.6069,-104.1499,-104.936,-106.4802,-107.2558,-108.0233,-108.7825,-109.5335,-111.0695,-119.7953,-127.8132,-135.1058,-137.5855,-137.6175,-136.8049,-136.7912,-136.7573,-136.7033,-136.6294,-136.5357,-137.2751,-137.1468,-137.8607,-136.832,-137.5162,-137.3153,-137.0955,-137.7398,-137.4867,-138.106,-137.8199,-138.4143,-138.9981,-140.4777,-141.954,-143.4266,-144.8955,-146.3603,-147.8207,-149.2766,-151.6581,-153.1072,-154.5509,-163.5065
98.79516,98.73275,97.92554,97.11087,96.28881,96.16652,95.32366,94.47354,93.61622,93.43378,92.55586,92.34002,91.44157,90.53615,89.62383,89.34748,88.41487,87.47553,86.52953,85.57695,85.2266,90.87407,94.57682,98.16014,98.1388,96.36084,94.02344,92.26683,90.51767,88.77616,87.04254,85.317,84.12227,82.40609,80.6986,79,77.80292,76.11511,74.43677,73.23756,71.57104,69.91454,68.71446,67.50916,66.29871,65.50583,64.69215,63.85765,63.00235,62.12625,61.22935,60.31166,59.7397,58.77234,57.78422,59.5115
-90.52909,-92.06978,-92.92787,-93.77888,-94.62275,-96.16652,-97.00206,-97.83021,-98.65091,-100.1955,-101.007,-102.554,-103.3559,-104.1499,-104.936,-106.4802,-107.2558,-108.0233,-108.7825,-109.5335,-111.0695,-120.594,-127.8132,-135.1058,-137.5855,-137.6175,-136.8049,-136.7912,-136.7573,-136.7033,-136.6294,-136.5357,-137.2751,-137.1468,-136.999,-136.832,-137.5162,-137.3153,-137.0955,-137.7398,-137.4867,-137.215,-137.8199,-138.4143,-138.9981,-140.4777,-141.954,-143.4266,-144.8955,-146.3603,-147.8207,-149.2766,-151.6581,-153.1072,-154.5509,-163.5065
98.79516,98.73275,97.92554,97.11087,97.00206,96.16652,95.32366,94.47354,93.61622,93.43378,92.55586,91.67089,91.44157,90.53615,89.62383,89.34748,88.41487,87.47553,87.15205,85.57695,85.83536,90.87407,93.982,98.16014,98.1388,95.78726,94.02344,92.26683,90.51767,88.77616,87.04254,85.84692,84.12227,82.40609,81.20614,79.5,77.80292,76.11511,74.43677,73.23756,72.03278,69.91454,68.71446,67.50916,66.29871,65.50583,64.69215,63.85765,63.00235,62.12625,61.22935,60.31166,59.3732,58.77234,57.78422,59.5115
-90.52909,-92.06978,-92.92787,-93.77888,-95.32366,-96.16652,-97.00206,-97.83021,-98.65091,-100.1955,-101.007,-101.8108,-103.3559,-104.1499,-104.936,-106.4802,-107.2558,-108.0233,-109.5651,-109.5335,-111.8628,-120.594,-127.0094,-135.1058,-137.5855,-136.7984,-136.8049,-136.7912,-136.7573,-136.7033,-136.6294,-137.3838,-137.2751,-137.1468,-137.8607,-137.698,-137.5162,-137.3153,-137.0955,-137.7398,-138.3737,-137.215,-137.8199,-138.4143,-138.9981,-140.4777,-141.954,-143.4266,-144.8955,-146.3603,-147.8207,-149.2766,-150.7276,-153.1072,-154.5509,-163.5065
96.58333,98.73275,97.92554,97.11087,96.28881,96.16652,95.32366,94.47354,94.30458,93.43378,92.55586,91.67089,91.44157,90.53615,89.62383,89.34748,88.41487,87.47553,86.52953,85.57695,85.2266,90.87407,94.57682,98.16014,98.1388,96.36084,94.02344,92.26683,90.51767,88.77616,87.04254,85.317,84.64477,82.40609,80.6986,79,77.80292,76.11511,74.43677,73.23756,71.57104,69.91454,68.71446,67.50916,66.29871,65.50583,64.69215,63.85765,63.00235,62.12625,61.22935,60.31166,59.3732,58.77234,57.78422,59.5115
-88.50232,-92.06978,-92.92787,-93.77888,-94.62275,-96.16652,-97.00206,-97.83021,-99.37629,-100.1955,-101.007,-101.8108,-103.3559,-104.1499,-104.936,-106.4802,-107.2558,-108.0233,-108.7825,-109.5335,-111.0695,-120.594,-127.8132,-135.1058,-137.5855,-137.6175,-136.8049,-136.7912,-136.7573,-136.7033,-136.6294,-136.5357,-138.1277,-137.1468,-136.999,-136.832,-137.5162,-137.3153,-137.0955,-137.7398,-137.4867,-137.215,-137.8199,-138.4143,-138.9981,-140.4777,-141.954,-143.4266,-144.8955,-146.3603,-147.8207,-149.2766,-150.7276,-153.1072,-154.5509,-163.5065
98.79516,98.73275,97.92554,97.11087,96.28881,96.16652,95.32366,94.47354,94.30458,93.43378,92.55586,91.67089,90.77895,90.53615,89.62383,88.70469,88.41487,87.47553,87.15205,85.57695,85.83536,90.27225,93.982,98.16014,98.1388,96.36084,94.02344,92.26683,90.51767,88.77616,87.57984,85.84692,84.12227,82.40609,80.6986,79.5,77.80292,76.11511,74.43677,72.76809,71.57104,69.91454,68.71446,67.50916,66.29871,65.50583,64.69215,63.85765,63.00235,62.12625,61.22935,60.31166,59.7397,58.77234,57.78422,59.5115
-90.52909,-92.06978,-92.92787,-93.77888,-94.62275,-96.16652,-97.00206,-97.83021,-99.37629,-100.1955,-101.007,-101.8108,-102.6069,-104.1499,-104.936,-105.7141,-107.2558,-108.0233,-109.5651,-109.5335,-111.8628,-119.7953,-127.0094,-135.1058,-137.5855,-137.6175,-136.8049,-136.7912,-136.7573,-136.7033,-137.4728,-137.3838,-137.2751,-137.1468,-136.999,-137.698,-137.5162,-137.3153,-137.0955,-136.8569,-137.4867,-137.215,-137.8199,-138.4143,-138.9981,-140.4777,-141.954,-143.4266,-144.8955,-146.3603,-147.8207,-149.2766,-151.6581,-153.1072,-154.5509,-163.5065
98.79516,98.73275,97.92554,97.11087,97.00206,96.16652,95.32366,94.47354,94.30458,93.43378,92.55586,91.67089,90.77895,90.53615,89.62383,89.34748,88.41487,87.47553,87.15205,85.57695,85.2266,90.27225,94.57682,98.16014,98.1388,96.36084,94.58984,92.82602,90.51767,89.3208,87.04254,85.317,84.12227,82.40609,80.6986,79.5,77.80292,76.11511,74.43677,73.23756,71.57104,69.91454,68.71446,67.50916,66.29871,65.50583,64.27745,63.85765,63.00235,62.12625,61.22935,60.31166,59.7397,58.77234,57.78422,59.5115
-90.52909,-92.06978,-92.92787,-93.77888,-95.32366,-96.16652,-97.00206,-97.83021,-99.37629,-100.1955,-101.007,-101.8108,-102.6069,-104.1499,-104.936,-106.4802,-107.2558,-108.0233,-109.5651,-109.5335,-111.0695,-119.7953,-127.8132,-135.1058,-137.5855,-137.6175,-137.6291,-137.6202,-136.7573,-137.542,-136.6294,-136.5357,-137.2751,-137.1468,-136.999,-137.698,-137.5162,-137.3153,-137.0955,-137.7398,-137.4867,-137.215,-137.8199,-138.4143,-138.9981,-140.4777,-141.044,-143.4266,-144.8955,-146.3603,-147.8207,-149.2766,-151.6581,-153.1072,-154.5509,-163.5065
98.79516,98.73275,97.92554,97.11087,96.28881,96.16652,95.32366,94.47354,94.30458,93.43378,92.55586,91.67089,91.44157,90.53615,89.62383,89.34748,88.41487,87.47553,87.15205,85.57695,85.2266,90.87407,94.57682,98.16014,98.1388,96.36084,94.02344,92.26683,90.51767,88.77616,87.04254,85.317,84.12227,82.40609,80.6986,79,77.80292,76.11511,74.43677,73.23756,71.57104,69.91454,68.71446,67.50916,66.29871,65.50583,64.69215,63.85765,63.00235,62.12625,61.22935,60.68627,59.7397,58.77234,57.78422,59.5115
-90.52909,-92.06978,-92.92787,-93.77888,-94.62275,-96.16652,-97.00206,-97.83021,-99.37629,-100.1955,-101.007,-101.8108,-103.3559,-104.1499,-104.936,-106.4802,-107.2558,-108.0233,-109.5651,-109.5335,-111.0695,-120.594,-127.8132,-135.1058,-137.5855,-137.6175,-136.8049,-136.7912,-136.7573,-136.7033,-136.6294,-136.5357,-137.2751,-137.1468,-136.999,-136.832,-137.5162,-137.3153,-137.0955,-137.7398,-137.4867,-137.215,-137.8199,-138.4143,-138.9981,-140.4777,-141.954,-143.4266,-144.8955,-146.3603,-147.8207,-150.2038,-151.6581,-153.1072,-154.5509,-163.5065
98.79516,98.73275,97.92554,97.11087,96.28881,96.16652,95.32366,94.47354,94.30458,93.43378,92.55586,91.67089,90.77895,90.53615,89.62383,89.34748,88.41487,87.47553,86.52953,85.57695,85.2266,90.87407,93.982,98.16014,98.1388,96.36084,94.02344,92.26683,90.51767,88.77616,87.04254,85.317,84.12227,82.92113,80.6986,79,77.80292,76.11511,74.43677,73.23756,71.57104,69.91454,68.71446,67.50916,66.29871,65.50583,64.69215,63.85765,63.00235,62.12625,61.22935,60.31166,59.7397,58.77234,57.78422,59.5115
-90.52909,-92.06978,-92.92787,-93.77888,-94.62275,-96.16652,-97.00206,-97.83021,-99.37629,-100.1955,-101.007,-101.8108,-102.6069,-104.1499,-104.936,-106.4802,-107.2558,-108.0233,-108.7825,-109.5335,-111.0695,-120.594,-127.0094,-135.1058,-137.5855,-137.6175,-136.8049,-136.7912,-136.7573,-136.7033,-136.6294,-136.5357,-137.2751,-138.0039,-136.999,-136.832,-137.5162,-137.3153,-137.0955,-137.7398,-137.4867,-137.215,-137.8199,-138.4143,-138.9981,-140.4777,-141.954,-143.4266,-144.8955,-146.3603,-147.8207,-149.2766,-151.6581,-153.1072,-154.5509,-163.5065
98.79516,98.73275,97.92554,97.11087,96.28881,96.16652,95.32366,94.47354,94.30458,93.43378,92.55586,91.67089,91.44157,90.53615,89.62383,89.34748,88.41487,87.47553,87.15205,85.57695,85.2266,90.87407,94.57682,98.16014,98.1388,96.36084,94.02344,92.26683,90.51767,88.77616,87.04254,85.317,84.12227,82.92113,80.6986,79,77.80292,76.11511,74.43677,72.76809,71.57104,69.91454,69.16066,67.50916,66.29871,65.50583,64.69215,63.85765,63.00235,62.12625,61.22935,60.68627,59.7397,58.77234,57.78422,59.5115
-90.52909,-92.06978,-92.92787,-93.77888,-94.62275,-96.16652,-97.00206,-97.83021,-99.37629,-100.1955,-101.007,-101.8108,-103.3559,-104.1499,-104.936,-106.4802,-107.2558,-108.0233,-109.5651,-109.5335,-111.0695,-120.594,-127.8132,-135.1058,-137.5855,-137.6175,-136.8049,-136.7912,-136.7573,-136.7033,-136.6294,-136.5357,-137.2751,-138.0039,-136.999,-136.832,-137.5162,-137.3153,-137.0955,-136.8569,-137.4867,-137.215,-138.7148,-138.4143,-138.9981,-140.4777,-141.954,-143.4266,-144.8955,-146.3603,-147.8207,-150.2038,-151.6581,-153.1072,-154.5509,-163.5065
98.05789,98.73275,97.92554,97.11087,97.00206,96.16652,95.32366,94.47354,93.61622,93.43378,92.55586,91.67089,91.44157,90.53615,89.62383,88.70469,88.41487,87.47553,85.90702,85.57695,85.2266,90.87407,94.57682,98.16014,98.1388,96.36084,94.58984,92.26683,90.51767,88.77616,87.04254,85.84692,84.12227,82.40609,80.6986,79.5,77.80292,76.11511,74.43677,73.23756,71.57104,69.91454,68.71446,67.50916,66.29871,65.50583,64.69215,63.85765,63.00235,62.12625,61.22935,60.31166,59.7397,58.77234,57.78422,59.5115
-89.8535,-92.06978,-92.92787,-93.77888,-95.32366,-96.16652,-97.00206,-97.83021,-98.65091,-100.1955,-101.007,-101.8108,-103.3559,-104.1499,-104.936,-105.7141,-107.2558,-108.0233,-107.9999,-109.5335,-111.0695,-120.594,-127.8132,-135.1058,-137.5855,-137.6175,-137.6291,-136.7912,-136.7573,-136.7033,-136.6294,-137.3838,-137.2751,-137.1468,-136.999,-137.698,-137.5162,-137.3153,-137.0955,-137.7398,-137.4867,-137.215,-137.8199,-138.4143,-138.9981,-140.4777,-141.954,-143.4266,-144.8955,-146.3603,-147.8207,-149.2766,-151.6581,-153.1072,-154.5509,-163.5065
98.79516,98.73275,97.92554,97.11087,96.28881,96.16652,95.32366,94.47354,93.61622,93.43378,92.55586,91.67089,91.44157,90.53615,89.62383,88.70469,88.41487,87.47553,86.52953,85.57695,85.2266,90.87407,94.57682,98.16014,98.1388,96.36084,94.02344,92.26683,90.51767,88.77616,87.04254,85.317,84.12227,82.92113,81.20614,79.5,77.80292,76.11511,74.43677,72.76809,71.57104,69.91454,68.71446,67.50916,66.29871,65.50583,64.69215,63.85765,63.00235,62.12625,61.22935,60.31166,59.7397,58.77234,57.78422,59.5115
-90.52909,-92.06978,-92.92787,-93.77888,-94.62275,-96.16652,-97.00206,-97.83021,-98.65091,-100.1955,-101.007,-101.8108,-103.3559,-104.1499,-104.936,-105.7141,-107.2558,-108.0233,-108.7825,-109.5335,-111.0695,-120.594,-127.8132,-135.1058,-137.5855,-137.6175,-136.8049,-136.7912,-136.7573,-136.7033,-136.6294,-136.5357,-137.2751,-138.0039,-137.8607,-137.698,-137.5162,-137.3153,-137.0955,-136.8569,-137.4867,-137.215,-137.8199,-138.4143,-138.9981,-140.4777,-141.954,-143.4266,-144.8955,-146.3603,-147.8207,-149.2766,-151.6581,-153.1072,-154.5509,-163.5065
98.79516,98.73275,97.92554,97.83021,96.28881,96.16652,95.32366,95.1682,93.61622,93.43378,92.55586,91.67089,91.44157,90.53615,89.62383,89.34748,88.41487,87.47553,87.15205,85.57695,85.2266,90.87407,93.982,98.16014,98.1388,96.36084,94.58984,92.82602,90.51767,88.77616,87.04254,85.84692,84.12227,82.92113,81.20614,79.5,77.80292,76.11511,74.91393,73.23756,71.57104,69.91454,68.71446,67.50916,66.29871,65.50583,64.69215,63.85765,63.00235,62.12625,61.22935,60.31166,59.7397,58.77234,57.78422,59.5115
-90.52909,-92.06978,-92.92787,-94.47354,-94.62275,-96.16652,-97.00206,-98.54955,-98.65091,-100.1955,-101.007,-101.8108,-103.3559,-104.1499,-104.936,-106.4802,-107.2558,-108.0233,-109.5651,-109.5335,-111.0695,-120.594,-127.0094,-135.1058,-137.5855,-137.6175,-137.6291,-137.6202,-136.7573,-136.7033,-136.6294,-137.3838,-137.2751,-138.0039,-137.8607,-137.698,-137.5162,-137.3153,-137.9743,-137.7398,-137.4867,-137.215,-137.8199,-138.4143,-138.9981,-140.4777,-141.954,-143.4266,-144.8955,-146.3603,-147.8207,-149.2766,-151.6581,-153.1072,-154.5509,-163.5065
98.05789,98.73275,97.20017,97.11087,96.28881,96.16652,95.32366,94.47354,94.30458,93.43378,92.55586,91.67089,91.44157,90.53615,89.62383,89.34748,88.41487,87.47553,86.52953,85.57695,85.2266,90.87407,94.57682,98.16014,98.1388,96.36084,94.02344,92.26683,90.51767,88.77616,87.04254,85.84692,83.59977,82.92113,80.6986,79,77.80292,76.11511,74.43677,73.23756,71.57104,69.91454,68.71446,67.50916,66.29871,65.50583,64.69215,63.85765,63.00235,62.12625,61.22935,60.31166,59.7397,58.77234,57.78422,59.5115
-89.8535,-92.06978,-92.23951,-93.77888,-94.62275,-96.16652,-97.00206,-97.83021,-99.37629,-100.1955,-101.007,-101.8108,-103.3559,-104.1499,-104.936,-106.4802,-107.2558,-108.0233,-108.7825,-109.5335,-111.0695,-120.594,-127.8132,-135.1058,-137.5855,-137.6175,-136.8049,-136.7912,-136.7573,-136.7033,-136.6294,-137.3838,-136.4224,-138.0039,-136.999,-136.832,-137.5162,-137.3153,-137.0955,-137.7398,-137.4867,-137.215,-137.8199,-138.4143,-138.9981,-140.4777,-141.954,-143.4266,-144.8955,-146.3603,-147.8207,-149.2766,-151.6581,-153.1072,-154.5509,-163.5065
97.32061,98.73275,97.92554,97.11087,96.28881,96.16652,95.32366,94.47354,94.30458,93.43378,92.55586,91.67089,91.44157,90.53615,89.62383,89.34748,88.41487,87.47553,87.15205,85.57695,85.2266,90.27225,94.57682,98.16014,98.1388,96.36084,94.02344,92.26683,90.51767,89.3208,87.04254,85.317,84.12227,82.40609,80.6986,79.5,77.80292,76.11511,74.43677,73.23756,71.57104,70.36853,68.71446,67.50916,66.29871,65.50583,64.69215,63.85765,63.00235,62.12625,61.22935,60.31166,59.3732,58.77234,57.78422,59.5115
-89.17791,-92.06978,-92.92787,-93.77888,-94.62275,-96.16652,-97.00206,-97.83021,-99.37629,-100.1955,-101.007,-101.8108,-103.3559,-104.1499,-104.936,-106.4802,-107.2558,-108.0233,-109.5651,-109.5335,-111.0695,-119.7953,-127.8132,-135.1058,-137.5855,-137.6175,-136.8049,-136.7912,-136.7573,-137.542,-136.6294,-136.5357,-137.2751,-137.1468,-136.999,-137.698,-137.5162,-137.3153,-137.0955,-137.7398,-137.4867,-138.106,-137.8199,-138.4143,-138.9981,-140.4777,-141.954,-143.4266,-144.8955,-146.3603,-147.8207,-149.2766,-150.7276,-153.1072,-154.5509,-163.5065
97.32061,98.73275,97.92554,97.11087,96.28881,96.16652,95.32366,94.47354,94.30458,93.43378,92.55586,91.67089,91.44157,90.53615,89.62383,88.70469,88.41487,87.47553,87.15205,85.57695,85.2266,90.87407,94.57682,98.16014,98.1388,96.36084,94.02344,92.26683,90.51767,88.77616,87.04254,85.84692,84.12227,82.40609,80.6986,79,77.80292,76.11511,74.43677,73.23756,71.57104,69.91454,68.71446,67.50916,66.29871,65.50583,64.69215,63.85765,63.00235,62.12625,61.22935,60.31166,59.3732,58.77234,57.78422,59.5115
-89.17791,-92.06978,-92.92787,-93.77888,-94.62275,-96.16652,-97.00206,-97.83021,-99.37629,-100.1955,-101.007,-101.8108,-103.3559,-104.1499,-104.936,-105.7141,-107.2558,-108.0233,-109.5651,-109.5335,-111.0695,-120.594,-127.8132,-135.1058,-137.5855,-137.6175,-136.8049,-136.7912,-136.7573,-136.7033,-136.6294,-137.3838,-137.2751,-137.1468,-136.999,-136.832,-137.5162,-137.3153,-137.0955,-137.7398,-137.4867,-137.215,-137.8199,-138.4143,-138.9981,-140.4777,-141.954,-143.4266,-144.8955,-146.3603,-147.8207,-149.2766,-150.7276,-153.1072,-154.5509,-163.5065
98.79516,98.73275,97.92554,97.11087,96.28881,96.16652,95.32366,94.47354,93.61622,93.43378,92.55586,91.67089,91.44157,90.53615,89.62383,89.34748,88.41487,87.47553,87.15205,85.57695,85.2266,90.27225,94.57682,98.16014,98.1388,96.36084,94.02344,92.26683,90.51767,88.77616,87.04254,85.84692,84.12227,82.40609,80.6986,79,77.80292,76.11511,74.43677,73.23756,71.57104,69.91454,68.71446,67.50916,66.29871,65.50583,64.69215,63.85765,63.00235,62.12625,61.22935,60.31166,59.7397,58.77234,57.78422,59.85353
-90.52909,-92.06978,-92.92787,-93.77888,-94.62275,-96.16652,-97.00206,-97.83021,-98.65091,-100.1955,-101.007,-101.8108,-103.3559,-104.1499,-104.936,-106.4802,-107.2558,-108.0233,-109.5651,-109.5335,-111.0695,-119.7953,-127.8132,-135.1058,-137.5855,-137.6175,-136.8049,-136.7912,-136.7573,-136.7033,-136.6294,-137.3838,-137.2751,-137.1468,-136.999,-136.832,-137.5162,-137.3153,-137.0955,-137.7398,-137.4867,-137.215,-137.8199,-138.4143,-138.9981,-140.4777,-141.954,-143.4266,-144.8955,-146.3603,-147.8207,-149.2766,-151.6581,-153.1072,-154.5509,-164.4462
98.79516,98.73275,97.92554,97.11087,96.28881,96.16652,95.32366,94.47354,94.30458,93.43378,92.55586,91.67089,90.77895,90.53615,89.62383,88.70469,88.41487,87.47553,87.15205,85.57695,85.2266,90.87407,94.57682,98.16014,98.1388,96.36084,94.02344,92.26683,90.51767,88.77616,87.04254,85.84692,84.12227,82.40609,81.20614,79,77.80292,76.11511,74.43677,73.23756,71.57104,69.91454,68.71446,67.50916,66.29871,65.50583,64.69215,63.85765,63.00235,62.12625,61.22935,60.31166,59.7397,58.77234,57.78422,59.5115
-90.52909,-92.06978,-92.92787,-93.77888,-94.62275,-96.16652,-97.00206,-97.83021,-99.37629,-100.1955,-101.007,-101.8108,-102.6069,-104.1499,-104.936,-105.7141,-107.2558,-108.0233,-109.5651,-109.5335,-111.0695,-120.594,-127.8132,-135.1058,-137.5855,-137.6175,-136.8049,-136.7912,-136.7573,-136.7033,-136.6294,-137.3838,-137.2751,-137.1468,-137.8607,-136.832,-137.5162,-137.3153,-137.0955,-137.7398,-137.4867,-137.215,-137.8199,-138.4143,-138.9981,-140.4777,-141.954,-143.4266,-144.8955,-146.3603,-147.8207,-149.2766,-151.6581,-153.1072,-154.5509,-163.5065
99.53244,98.73275,97.92554,97.11087,97.00206,96.16652,95.32366,94.47354,94.30458,93.43378,92.55586,91.67089,91.44157,90.53615,89.62383,89.34748,88.41487,87.47553,86.52953,85.57695,85.2266,90.87407,94.57682,98.16014,98.1388,96.36084,94.02344,92.26683,90.51767,88.77616,87.04254,85.317,84.12227,82.40609,80.6986,79.5,77.80292,76.11511,74.43677,73.23756,71.57104,69.91454,68.71446,67.50916,66.29871,65.50583,64.69215,63.85765,63.00235,62.12625,61.22935,60.68627,59.7397,58.77234,57.78422,59.5115
-91.20468,-92.06978,-92.92787,-93.77888,-95.32366,-96.16652,-97.00206,-97.83021,-99.37629,-100.1955,-101.007,-101.8108,-103.3559,-104.1499,-104.936,-106.4802,-107.2558,-108.0233,-108.7825,-109.5335,-111.0695,-120.594,-127.8132,-135.1058,-137.5855,-137.6175,-136.8049,-136.7912,-136.7573,-136.7033,-136.6294,-136.5357,-137.2751,-137.1468,-136.999,-137.698,-137.5162,-137.3153,-137.0955,-137.7398,-137.4867,-137.215,-137.8199,-138.4143,-138.9981,-140.4777,-141.954,-143.4266,-144.8955,-146.3603,-147.8207,-150.2038,-151.6581,-153.1072,-154.5509,-163.5065
98.79516,98.73275,97.92554,97.11087,96.28881,96.16652,95.32366,94.47354,93.61622,93.43378,92.55586,91.67089,90.77895,90.53615,89.62383,89.34748,88.41487,87.47553,87.15205,85.57695,85.2266,90.27225,94.57682,98.16014,98.1388,96.36084,94.02344,92.26683,91.0696,88.77616,87.04254,85.317,84.12227,82.40609,80.6986,79,77.80292,76.11511,74.43677,73.23756,71.57104,69.91454,68.71446,67.50916,66.29871,65.50583,64.69215,63.85765,63.00235,62.12625,61.22935,60.31166,59.7397,58.77234,57.78422,59.5115
-90.52909,-92.06978,-92.92787,-93.77888,-94.62275,-96.16652,-97.00206,-97.83021,-98.65091,-100.1955,-101.007,-101.8108,-102.6069,-104.1499,-104.936,-106.4802,-107.2558,-108.0233,-109.5651,-109.5335,-111.0695,-119.7953,-127.8132,-135.1058,-137.5855,-137.6175,-136.8049,-136.7912,-137.5912,-136.7033,-136.6294,-136.5357,-137.2751,-137.1468,-136.999,-136.832,-137.5162,-137.3153,-137.0955,-137.7398,-137.4867,-137.215,-137.8199,-138.4143,-138.9981,-140.4777,-141.954,-143.4266,-144.8955,-146.3603,-147.8207,-149.2766,-151.6581,-153.1072,-154.5509,-163.5065
98.79516,98.73275,97.20017,97.11087,96.28881,96.16652,95.32366,94.47354,93.61622,93.43378,92.55586,92.34002,91.44157,90.53615,89.62383,89.34748,88.41487,87.47553,87.15205,85.57695,85.2266,90.87407,94.57682,98.16014,97.5581,96.36084,94.02344,92.26683,90.51767,88.77616,87.04254,85.317,83.59977,82.40609,80.6986,79.5,77.3105,76.11511,74.43677,73.23756,71.57104,69.91454,68.71446,67.50916,66.29871,65.50583,64.69215,63.85765,63.00235,62.12625,61.22935,60.31166,59.3732,58.77234,57.78422,59.5115
-90.52909,-92.06978,-92.23951,-93.77888,-94.62275,-96.16652,-97.00206,-97.83021,-98.65091,-100.1955,-101.007,-102.554,-103.3559,-104.1499,-104.936,-106.4802,-107.2558,-108.0233,-109.5651,-109.5335,-111.0695,-120.594,-127.8132,-135.1058,-136.7714,-137.6175,-136.8049,-136.7912,-136.7573,-136.7033,-136.6294,-136.5357,-136.4224,-137.1468,-136.999,-137.698,-136.6458,-137.3153,-137.0955,-137.7398,-137.4867,-137.215,-137.8199,-138.4143,-138.9981,-140.4777,-141.954,-143.4266,-144.8955,-146.3603,-147.8207,-149.2766,-150.7276,-153.1072,-154.5509,-163.5065
98.05789,98.0014,97.92554,97.11087,97.00206,96.16652,95.32366,94.47354,94.30458,93.43378,92.55586,91.67089,90.77895,90.53615,89.62383,88.70469,88.41487,88.10485,87.15205,85.57695,85.2266,90.87407,94.57682,98.16014,98.1388,96.36084,94.58984,92.26683,91.0696,88.77616,87.04254,85.317,84.12227,82.92113,81.20614,79,77.80292,76.11511,74.43677,73.23756,71.57104,69.91454,68.71446,67.50916,66.29871,65.50583,64.69215,63.85765,63.00235,62.12625,61.22935,60.68627,59.7397,58.77234,57.78422,59.5115
-89.8535,-91.38778,-92.92787,-93.77888,-95.32366,-96.16652,-97.00206,-97.83021,-99.37629,-100.1955,-101.007,-101.8108,-102.6069,-104.1499,-104.936,-105.7141,-107.2558,-108.8004,-109.5651,-109.5335,-111.0695,-120.594,-127.8132,-135.1058,-137.5855,-137.6175,-137.6291,-136.7912,-137.5912,-136.7033,-136.6294,-136.5357,-137.2751,-138.0039,-137.8607,-136.832,-137.5162,-137.3153,-137.0955,-137.7398,-137.4867,-137.215,-137.8199,-138.4143,-138.9981,-140.4777,-141.954,-143.4266,-144.8955,-146.3603,-147.8207,-150.2038,-151.6581,-153.1072,-154.5509,-163.5065
98.79516,98.73275,97.92554,97.11087,97.00206,96.16652,95.32366,94.47354,94.30458,93.43378,92.55586,92.34002,90.77895,90.53615,89.62383,89.34748,88.41487,87.47553,87.15205,85.57695,85.2266,90.87407,94.57682,98.16014,98.1388,96.36084,94.58984,92.26683,90.51767,89.3208,87.57984,85.317,84.12227,82.40609,80.6986,79,77.80292,76.11511,74.43677,73.23756,71.57104,69.91454,68.71446,67.50916,66.29871,65.50583,64.69215,63.85765,63.00235,62.12625,61.22935,60.68627,59.7397,58.77234,57.78422,59.5115
-90.52909,-92.06978,-92.92787,-93.77888,-95.32366,-96.16652,-97.00206,-97.83021,-99.37629,-100.1955,-101.007,-102.554,-102.6069,-104.1499,-104.936,-106.4802,-107.2558,-108.0233,-109.5651,-109.5335,-111.0695,-120.594,-127.8132,-135.1058,-137.5855,-137.6175,-137.6291,-136.7912,-136.7573,-137.542,-137.4728,-136.5357,-137.2751,-137.1468,-136.999,-136.832,-137.5162,-137.3153,-137.0955,-137.7398,-137.4867,-137.215,-137.8199,-138.4143,-138.9981,-140.4777,-141.954,-143.4266,-144.8955,-146.3603,-147.8207,-150.2038,-151.6581,-153.1072,-154.5509,-163.5065
98.79516,98.73275,97.92554,97.11087,96.28881,96.16652,95.32366,94.47354,93.61622,93.43378,92.55586,92.34002,91.44157,90.53615,89.62383,89.34748,88.41487,87.47553,87.15205,85.57695,85.83536,90.87407,93.982,98.16014,98.1388,96.36084,94.02344,92.26683,90.51767,88.77616,87.04254,85.84692,84.12227,82.40609,80.6986,79,77.80292,76.11511,74.43677,73.23756,71.57104,69.91454,68.71446,67.50916,66.29871,65.50583,64.69215,63.85765,63.00235,62.12625,61.22935,60.31166,59.7397,58.77234,57.78422,59.5115
-90.52909,-92.06978,-92.92787,-93.77888,-94.62275,-96.16652,-97.00206,-97.83021,-98.65091,-100.1955,-101.007,-102.554,-103.3559,-104.1499,-104.936,-106.4802,-107.2558,-108.0233,-109.5651,-109.5335,-111.8628,-120.594,-127.0094,-135.1058,-137.5855,-137.6175,-136.8049,-136.7912,-136.7573,-136.7033,-136.6294,-137.3838,-137.2751,-137.1468,-136.999,-136.832,-137.5162,-137.3153,-137.0955,-137.7398,-137.4867,-137.215,-137.8199,-138.4143,-138.9981,-140.4777,-141.954,-143.4266,-144.8955,-146.3603,-147.8207,-149.2766,-151.6581,-153.1072,-154.5509,-163.5065
97.32061,98.73275,97.92554,97.11087,96.28881,96.16652,95.32366,94.47354,93.61622,93.43378,92.55586,91.67089,91.44157,90.53615,89.62383,88.70469,87.77879,87.47553,86.52953,85.57695,85.2266,90.27225,94.57682,98.16014,98.1388,96.36084,94.02344,92.82602,90.51767,88.77616,87.57984,85.317,84.12227,82.92113,80.6986,79,77.80292,76.11511,74.43677,72.76809,71.57104,69.91454,68.71446,67.50916,66.29871,65.50583,64.69215,63.85765,63.00235,62.12625,61.22935,60.31166,59.7397,58.77234,57.78422,59.5115
-89.17791,-92.06978,-92.92787,-93.77888,-94.62275,-96.16652,-97.00206,-97.83021,-98.65091,-100.1955,-101.007,-101.8108,-103.3559,-104.1499,-104.936,-105.7141,-106.4842,-108.0233,-108.7825,-109.5335,-111.0695,-119.7953,-127.8132,-135.1058,-137.5855,-137.6175,-136.8049,-137.6202,-136.7573,-136.7033,-137.4728,-136.5357,-137.2751,-138.0039,-136.999,-136.832,-137.5162,-137.3153,-137.0955,-136.8569,-137.4867,-137.215,-137.8199,-138.4143,-138.9981,-140.4777,-141.954,-143.4266,-144.8955,-146.3603,-147.8207,-149.2766,-151.6581,-153.1072,-154.5509,-163.5065
98.05789,98.73275,97.92554,97.11087,96.28881,96.16652,95.32366,94.47354,94.30458,93.43378,92.55586,91.67089,91.44157,90.53615,89.62383,89.34748,88.41487,87.47553,87.15205,85.57695,85.2266,90.27225,94.57682,98.16014,98.1388,96.36084,94.02344,92.26683,90.51767,88.77616,87.04254,85.84692,84.12227,82.40609,80.6986,79.5,77.3105,76.11511,74.43677,73.23756,71.57104,69.91454,68.71446,67.50916,66.29871,65.50583,64.69215,63.85765,63.00235,62.12625,61.22935,60.68627,59.3732,58.77234,57.78422,59.5115
-89.8535,-92.06978,-92.92787,-93.77888,-94.62275,-96.16652,-97.00206,-97.83021,-99.37629,-100.1955,-101.007,-101.8108,-103.3559,-104.1499,-104.936,-106.4802,-107.2558,-108.0233,-109.5651,-109.5335,-111.0695,-119.7953,-127.8132,-135.1058,-137.5855,-137.6175,-136.8049,-136.7912,-136.7573,-136.7033,-136.6294,-137.3838,-137.2751,-137.1468,-136.999,-137.698,-136.6458,-137.3153,-137.0955,-137.7398,-137.4867,-137.215,-137.8199,-138.4143,-138.9981,-140.4777,-141.954,-143.4266,-144.8955,-146.3603,-147.8207,-150.2038,-150.7276,-153.1072,-154.5509,-163.5065
98.79516,98.73275,97.92554,97.11087,96.28881,96.16652,95.32366,94.47354,94.30458,93.43378,92.55586,91.67089,91.44157,90.53615,89.62383,89.34748,88.41487,87.47553,87.15205,85.57695,85.2266,90.87407,94.57682,98.16014,98.1388,96.36084,94.58984,92.26683,90.51767,88.77616,87.57984,85.317,84.12227,82.40609,80.6986,79.5,77.80292,76.11511,74.43677,73.23756,71.57104,69.91454,68.71446,67.50916,66.29871,65.50583,64.69215,63.85765,63.00235,62.12625,61.22935,60.31166,59.3732,58.77234,57.78422,59.5115
-90.52909,-92.06978,-92.92787,-93.77888,-94.62275,-96.16652,-97.00206,-97.83021,-99.37629,-100.1955,-101.007,-101.8108,-103.3559,-104.1499,-104.936,-106.4802,-107.2558,-108.0233,-109.5651,-109.5335,-111.0695,-120.594,-127.8132,-135.1058,-137.5855,-137.6175,-137.6291,-136.7912,-136.7573,-136.7033,-137.4728,-136.5357,-137.2751,-137.1468,-136.999,-137.698,-137.5162,-137.3153,-137.0955,-137.7398,-137.4867,-137.215,-137.8199,-138.4143,-138.9981,-140.4777,-141.954,-143.4266,-144.8955,-146.3603,-147.8207,-149.2766,-150.7276,-153.1072,-154.5509,-163.5065
98.79516,98.73275,97.92554,97.11087,97.00206,95.45942,95.32366,94.47354,94.30458,93.43378,92.55586,91.67089,91.44157,90.53615,89.62383,89.34748,88.41487,87.47553,86.52953,85.57695,85.2266,90.27225,93.982,98.16014,98.1388,96.36084,94.58984,92.26683,90.51767,88.77616,87.04254,85.84692,84.12227,82.92113,80.6986,79,77.80292,76.11511,74.43677,72.76809,71.57104,69.91454,68.71446,67.50916,66.29871,65.50583,64.69215,63.85765,63.00235,62.12625,61.61203,60.31166,59.3732,58.77234,57.78422,59.5115
-90.52909,-92.06978,-92.92787,-93.77888,-95.32366,-95.45942,-97.00206,-97.83021,-99.37629,-100.1955,-101.007,-101.8108,-103.3559,-104.1499,-104.936,-106.4802,-107.2558,-108.0233,-108.7825,-109.5335,-111.0695,-119.7953,-127.0094,-135.1058,-137.5855,-137.6175,-137.6291,-136.7912,-136.7573,-136.7033,-136.6294,-137.3838,-137.2751,-138.0039,-136.999,-136.832,-137.5162,-137.3153,-137.0955,-136.8569,-137.4867,-137.215,-137.8199,-138.4143,-138.9981,-140.4777,-141.954,-143.4266,-144.8955,-146.3603,-148.7446,-149.2766,-150.7276,-153.1072,-154.5509,-163.5065
98.79516,98.73275,97.92554,97.11087,97.00206,96.16652,95.32366,94.47354,94.30458,93.43378,92.55586,91.67089,90.77895,89.88009,89.62383,89.34748,88.41487,87.47553,86.52953,85.57695,85.2266,90.87407,94.57682,98.16014,97.5581,96.36084,94.02344,92.82602,90.51767,88.77616,87.04254,85.84692,84.12227,82.40609,81.20614,79,77.80292,76.11511,74.43677,72.76809,71.57104,69.91454,68.71446,67.50916,66.29871,65.50583,64.69215,63.85765,63.00235,62.12625,61.22935,60.68627,59.3732,58.77234,57.78422,59.5115
-90.52909,-92.06978,-92.92787,-93.77888,-95.32366,-96.16652,-97.00206,-97.83021,-99.37629,-100.1955,-101.007,-101.8108,-102.6069,-103.3952,-104.936,-106.4802,-107.2558,-108.0233,-108.7825,-109.5335,-111.0695,-120.594,-127.8132,-135.1058,-136.7714,-137.6175,-136.8049,-137.6202,-136.7573,-136.7033,-136.6294,-137.3838,-137.2751,-137.1468,-137.8607,-136.832,-137.5162,-137.3153,-137.0955,-136.8569,-137.4867,-137.215,-137.8199,-138.4143,-138.9981,-140.4777,-141.954,-143.4266,-144.8955,-146.3603,-147.8207,-150.2038,-150.7276,-153.1072,-154.5509,-163.5065
98.05789,98.73275,97.92554,97.83021,96.28881,96.16652,95.32366,94.47354,94.30458,93.43378,92.55586,91.67089,91.44157,90.53615,89.62383,88.70469,88.41487,87.47553,87.15205,85.57695,85.2266,90.87407,94.57682,98.16014,98.1388,96.36084,94.02344,92.26683,90.51767,89.3208,87.04254,85.84692,84.12227,82.40609,80.6986,79,77.80292,76.11511,74.91393,73.23756,71.57104,69.91454,68.71446,67.50916,66.29871,65.50583,64.69215,63.85765,63.00235,62.12625,61.22935,60.68627,59.3732,58.77234,57.78422,59.5115
-89.8535,-92.06978,-92.92787,-94.47354,-94.62275,-96.16652,-97.00206,-97.83021,-99.37629,-100.1955,-101.007,-101.8108,-103.3559,-104.1499,-104.936,-105.7141,-107.2558,-108.0233,-109.5651,-109.5335,-111.0695,-120.594,-127.8132,-135.1058,-137.5855,-137.6175,-136.8049,-136.7912,-136.7573,-137.542,-136.6294,-137.3838,-137.2751,-137.1468,-136.999,-136.832,-137.5162,-137.3153,-137.9743,-137.7398,-137.4867,-137.215,-137.8199,-138.4143,-138.9981,-140.4777,-141.954,-143.4266,-144.8955,-146.3603,-147.8207,-150.2038,-150.7276,-153.1072,-154.5509,-163.5065
98.79516,98.73275,97.92554,97.11087,96.28881,96.16652,95.32366,94.47354,93.61622,93.43378,92.55586,91.67089,91.44157,90.53615,89.62383,89.34748,88.41487,87.47553,86.52953,85.57695,85.2266,90.87407,94.57682,98.16014,98.1388,96.36084,94.02344,92.26683,90.51767,88.77616,87.04254,85.317,84.12227,81.89105,80.6986,79,77.80292,76.11511,74.43677,72.76809,71.57104,69.91454,68.71446,67.50916,66.29871,65.50583,64.69215,63.85765,63.00235,62.12625,61.22935,60.68627,59.3732,58.77234,57.78422,59.5115
-90.52909,-92.06978,-92.92787,-93.77888,-94.62275,-96.16652,-97.00206,-97.83021,-98.65091,-100.1955,-101.007,-101.8108,-103.3559,-104.1499,-104.936,-106.4802,-107.2558,-108.0233,-108.7825,-109.5335,-111.0695,-120.594,-127.8132,-135.1058,-137.5855,-137.6175,-136.8049,-136.7912,-136.7573,-136.7033,-136.6294,-136.5357,-137.2751,-136.2896,-136.999,-136.832,-137.5162,-137.3153,-137.0955,-136.8569,-137.4867,-137.215,-137.8199,-138.4143,-138.9981,-140.4777,-141.954,-143.4266,-144.8955,-146.3603,-147.8207,-150.2038,-150.7276,-153.1072,-154.5509,-163.5065
