98.05789,98.73275,97.92554,97.11087,96.28881,96.16652,95.32366,94.47354,94.30458,93.43378,92.55586,91.67089,90.77895,90.53615,89.62383,89.34748,88.41487,87.47553,87.15205,85.57695,85.2266,90.27225,94.57682,98.16014,98.1388,96.36084,94.58984,92.26683,90.51767,88.77616,87.57984,85.84692,84.64477,82.92113,81.20614,79.5,77.3105,76.11511,74.91393,73.70704,71.57104,70.36853,68.71446,67.50916,66.29871,65.50583,64.69215,63.85765,63.00235,62.12625,61.22935,60.31166,59.3732,58.77234,57.78422,59.5115
-89.8535,-92.06978,-92.92787,-93.77888,-94.62275,-96.16652,-97.00206,-97.83021,-99.37629,-100.1955,-101.007,-101.8108,-102.6069,-104.1499,-104.936,-106.4802,-107.2558,-108.0233,-109.5651,-109.5335,-111.0695,-119.7953,-127.8132,-135.1058,-137.5855,-137.6175,-137.6291,-136.7912,-136.7573,-136.7033,-137.4728,-137.3838,-138.1277,-138.0039,-137.8607,-137.698,-136.6458,-137.3153,-137.9743,-138.6228,-137.4867,-138.106,-137.8199,-138.4143,-138.9981,-140.4777,-141.954,-143.4266,-144.8955,-146.3603,-147.8207,-149.2766,-150.7276,-153.1072,-154.5509,-163.5065
98.05789,98.73275,97.92554,97.11087,96.28881,96.16652,95.32366,94.47354,94.30458,93.43378,92.55586,91.67089,91.44157,90.53615,89.62383,89.34748,88.41487,87.47553,87.15205,85.57695,85.2266,90.87407,94.57682,98.16014,97.5581,96.36084,94.02344,92.26683,90.51767,88.77616,87.04254,85.84692,84.64477,82.92113,81.20614,79.5,78.29535,76.59992,74.43677,73.23756,71.57104,70.36853,69.16066,67.50916,66.29871,65.50583,64.69215,63.85765,63.00235,62.12625,61.22935,60.68627,59.3732,58.77234,57.78422,59.5115
-89.8535,-92.06978,-92.92787,-93.77888,-94.62275,-96.16652,-97.00206,-97.83021,-99.37629,-100.1955,-101.007,-101.8108,-103.3559,-104.1499,-104.936,-106.4802,-107.2558,-108.0233,-109.5651,-109.5335,-111.0695,-120.594,-127.8132,-135.1058,-136.7714,-137.6175,-136.8049,-136.7912,-136.7573,-136.7033,-136.6294,-137.3838,-138.1277,-138.0039,-137.8607,-137.698,-138.3866,-138.1899,-137.0955,-137.7398,-137.4867,-138.106,-138.7148,-138.4143,-138.9981,-140.4777,-141.954,-143.4266,-144.8955,-146.3603,-147.8207,-150.2038,-150.7276,-153.1072,-154.5509,-163.5065
98.79516,98.73275,97.92554,97.11087,97.00206,96.16652,95.32366,94.47354,94.30458,93.43378,92.55586,92.34002,91.44157,90.53615,89.62383,88.70469,88.41487,88.10485,87.15205,85.57695,85.2266,90.87407,94.57682,98.16014,98.1388,96.36084,94.02344,92.26683,90.51767,88.77616,87.04254,86.37684,84.12227,82.92113,80.6986,79.5,78.29535,76.59992,74.91393,73.23756,72.03278,70.36853,68.71446,67.50916,66.29871,65.50583,64.69215,63.85765,63.00235,62.12625,61.22935,60.31166,59.3732,58.77234,57.78422,59.5115
-90.52909,-92.06978,-92.92787,-93.77888,-95.32366,-96.16652,-97.00206,-97.83021,-99.37629,-100.1955,-101.007,-102.554,-103.3559,-104.1499,-104.936,-105.7141,-107.2558,-108.8004,-109.5651,-109.5335,-111.0695,-120.594,-127.8132,-135.1058,-137.5855,-137.6175,-136.8049,-136.7912,-136.7573,-136.7033,-136.6294,-138.2318,-137.2751,-138.0039,-136.999,-137.698,-138.3866,-138.1899,-137.9743,-137.7398,-138.3737,-138.106,-137.8199,-138.4143,-138.9981,-140.4777,-141.954,-143.4266,-144.8955,-146.3603,-147.8207,-149.2766,-150.7276,-153.1072,-154.5509,-163.5065
98.05789,98.0014,97.92554,97.11087,96.28881,96.16652,95.32366,94.47354,94.30458,93.43378,92.55586,91.67089,91.44157,90.53615,89.62383,89.34748,88.41487,87.47553,86.52953,85.57695,85.2266,90.87407,94.57682,98.16014,98.1388,96.36084,94.02344,92.26683,90.51767,88.77616,87.57984,85.84692,84.64477,82.92113,81.20614,79.5,77.80292,76.11511,74.91393,73.23756,72.03278,70.36853,68.71446,67.50916,66.29871,65.50583,64.69215,63.85765,63.00235,62.12625,61.22935,60.68627,59.3732,58.77234,57.78422,59.5115
-89.8535,-91.38778,-92.92787,-93.77888,-94.62275,-96.16652,-97.00206,-97.83021,-99.37629,-100.1955,-101.007,-101.8108,-103.3559,-104.1499,-104.936,-106.4802,-107.2558,-108.0233,-108.7825,-109.5335,-111.0695,-120.594,-127.8132,-135.1058,-137.5855,-137.6175,-136.8049,-136.7912,-136.7573,-136.7033,-137.4728,-137.3838,-138.1277,-138.0039,-137.8607,-137.698,-137.5162,-137.3153,-137.9743,-137.7398,-138.3737,-138.106,-137.8199,-138.4143,-138.9981,-140.4777,-141.954,-143.4266,-144.8955,-146.3603,-147.8207,-150.2038,-150.7276,-153.1072,-154.5509,-163.5065
98.79516,98.73275,97.92554,97.11087,96.28881,96.16652,95.32366,94.47354,94.30458,93.43378,92.55586,91.67089,90.77895,90.53615,89.62383,89.34748,88.41487,87.47553,87.15205,85.57695,85.2266,90.87407,94.57682,98.74792,97.5581,96.36084,94.02344,92.26683,90.51767,88.77616,87.04254,86.37684,84.64477,82.92113,80.6986,79.5,78.29535,76.59992,74.91393,73.23756,72.03278,69.91454,68.71446,67.50916,66.29871,65.50583,64.69215,63.85765,63.00235,62.12625,61.22935,60.31166,59.7397,58.77234,57.78422,59.5115
-90.52909,-92.06978,-92.92787,-93.77888,-94.62275,-96.16652,-97.00206,-97.83021,-99.37629,-100.1955,-101.007,-101.8108,-102.6069,-104.1499,-104.936,-106.4802,-107.2558,-108.0233,-109.5651,-109.5335,-111.0695,-120.594,-127.8132,-135.9149,-136.7714,-137.6175,-136.8049,-136.7912,-136.7573,-136.7033,-136.6294,-138.2318,-138.1277,-138.0039,-136.999,-137.698,-138.3866,-138.1899,-137.9743,-137.7398,-138.3737,-137.215,-137.8199,-138.4143,-138.9981,-140.4777,-141.954,-143.4266,-144.8955,-146.3603,-147.8207,-149.2766,-151.6581,-153.1072,-154.5509,-163.5065
98.05789,98.73275,97.92554,97.11087,96.28881,96.16652,95.32366,94.47354,94.30458,93.43378,92.55586,91.67089,91.44157,90.53615,89.62383,89.34748,88.41487,87.47553,86.52953,85.57695,85.2266,90.87407,94.57682,98.16014,98.1388,96.36084,94.02344,92.26683,90.51767,89.3208,87.04254,85.84692,84.64477,82.92113,81.20614,79.5,78.29535,76.59992,74.91393,73.23756,71.57104,69.91454,69.16066,67.50916,66.29871,65.50583,64.69215,63.85765,63.00235,62.12625,61.22935,60.31166,59.7397,58.77234,57.78422,59.5115
-89.8535,-92.06978,-92.92787,-93.77888,-94.62275,-96.16652,-97.00206,-97.83021,-99.37629,-100.1955,-101.007,-101.8108,-103.3559,-104.1499,-104.936,-106.4802,-107.2558,-108.0233,-108.7825,-109.5335,-111.0695,-120.594,-127.8132,-135.1058,-137.5855,-137.6175,-136.8049,-136.7912,-136.7573,-137.542,-136.6294,-137.3838,-138.1277,-138.0039,-137.8607,-137.698,-138.3866,-138.1899,-137.9743,-137.7398,-137.4867,-137.215,-138.7148,-138.4143,-138.9981,-140.4777,-141.954,-143.4266,-144.8955,-146.3603,-147.8207,-149.2766,-151.6581,-153.1072,-154.5509,-163.5065
98.79516,98.73275,97.92554,97.11087,96.28881,96.16652,95.32366,94.47354,94.30458,93.43378,92.55586,92.34002,91.44157,90.53615,89.62383,89.34748,88.41487,87.47553,87.15205,85.57695,85.2266,90.87407,94.57682,98.16014,98.1388,96.36084,94.02344,92.26683,90.51767,88.77616,87.04254,86.37684,84.64477,82.92113,81.20614,79.5,78.29535,76.59992,74.43677,73.23756,71.57104,70.36853,68.71446,67.50916,66.29871,65.50583,64.69215,63.85765,63.00235,62.12625,61.22935,60.31166,59.7397,58.77234,57.78422,59.5115
-90.52909,-92.06978,-92.92787,-93.77888,-94.62275,-96.16652,-97.00206,-97.83021,-99.37629,-100.1955,-101.007,-102.554,-103.3559,-104.1499,-104.936,-106.4802,-107.2558,-108.0233,-109.5651,-109.5335,-111.0695,-120.594,-127.8132,-135.1058,-137.5855,-137.6175,-136.8049,-136.7912,-136.7573,-136.7033,-136.6294,-138.2318,-138.1277,-138.0039,-137.8607,-137.698,-138.3866,-138.1899,-137.0955,-137.7398,-137.4867,-138.106,-137.8199,-138.4143,-138.9981,-140.4777,-141.954,-143.4266,-144.8955,-146.3603,-147.8207,-149.2766,-151.6581,-153.1072,-154.5509,-163.5065
98.79516,98.73275,97.92554,97.11087,97.00206,95.45942,95.32366,94.47354,93.61622,93.43378,92.55586,91.67089,91.44157,90.53615,89.62383,89.34748,88.41487,87.47553,87.15205,85.57695,85.2266,90.87407,94.57682,98.16014,98.1388,96.36084,94.02344,92.82602,90.51767,89.3208,87.04254,85.84692,84.12227,82.92113,81.20614,79.5,77.80292,76.59992,74.91393,73.23756,71.57104,70.36853,68.71446,67.50916,66.29871,65.50583,64.69215,63.85765,63.00235,62.12625,61.61203,60.31166,59.7397,58.77234,57.78422,59.5115
-90.52909,-92.06978,-92.92787,-93.77888,-95.32366,-95.45942,-97.00206,-97.83021,-98.65091,-100.1955,-101.007,-101.8108,-103.3559,-104.1499,-104.936,-106.4802,-107.2558,-108.0233,-109.5651,-109.5335,-111.0695,-120.594,-127.8132,-135.1058,-137.5855,-137.6175,-136.8049,-137.6202,-136.7573,-137.542,-136.6294,-137.3838,-137.2751,-138.0039,-137.8607,-137.698,-137.5162,-138.1899,-137.9743,-137.7398,-137.4867,-138.106,-137.8199,-138.4143,-138.9981,-140.4777,-141.954,-143.4266,-144.8955,-146.3603,-148.7446,-149.2766,-151.6581,-153.1072,-154.5509,-163.5065
98.05789,98.73275,97.92554,97.11087,96.28881,96.16652,95.32366,94.47354,94.30458,93.43378,92.55586,91.67089,91.44157,90.53615,89.62383,89.34748,88.41487,87.47553,86.52953,85.57695,85.2266,90.87407,94.57682,98.16014,98.1388,96.36084,94.02344,92.26683,90.51767,88.77616,87.04254,85.317,84.12227,82.92113,81.20614,79.5,78.29535,76.59992,74.91393,73.23756,71.57104,70.36853,68.71446,67.50916,66.29871,65.50583,64.69215,63.85765,63.00235,62.12625,61.22935,60.31166,59.3732,58.77234,57.78422,59.5115
-89.8535,-92.06978,-92.92787,-93.77888,-94.62275,-96.16652,-97.00206,-97.83021,-99.37629,-100.1955,-101.007,-101.8108,-103.3559,-104.1499,-104.936,-106.4802,-107.2558,-108.0233,-108.7825,-109.5335,-111.0695,-120.594,-127.8132,-135.1058,-137.5855,-137.6175,-136.8049,-136.7912,-136.7573,-136.7033,-136.6294,-136.5357,-137.2751,-138.0039,-137.8607,-137.698,-138.3866,-138.1899,-137.9743,-137.7398,-137.4867,-138.106,-137.8199,-138.4143,-138.9981,-140.4777,-141.954,-143.4266,-144.8955,-146.3603,-147.8207,-149.2766,-150.7276,-153.1072,-154.5509,-163.5065
98.79516,98.73275,97.92554,97.11087,96.28881,96.16652,95.32366,94.47354,94.30458,93.43378,92.55586,92.34002,91.44157,91.19221,89.62383,89.34748,88.41487,87.47553,87.15205,86.19261,85.2266,90.87407,94.57682,98.74792,98.1388,96.36084,94.02344,92.26683,90.51767,89.3208,87.57984,86.37684,84.12227,82.92113,81.20614,80,77.80292,76.59992,74.43677,73.70704,71.57104,70.36853,68.71446,67.50916,66.29871,65.50583,64.69215,63.85765,63.00235,62.12625,61.22935,60.68627,59.7397,58.77234,57.78422,59.5115
-90.52909,-92.06978,-92.92787,-93.77888,-94.62275,-96.16652,-97.00206,-97.83021,-99.37629,-100.1955,-101.007,-102.554,-103.3559,-104.9046,-104.936,-106.4802,-107.2558,-108.0233,-109.5651,-110.3215,-111.0695,-120.594,-127.8132,-135.9149,-137.5855,-137.6175,-136.8049,-136.7912,-136.7573,-137.542,-137.4728,-138.2318,-137.2751,-138.0039,-137.8607,-138.5641,-137.5162,-138.1899,-137.0955,-138.6228,-137.4867,-138.106,-137.8199,-138.4143,-138.9981,-140.4777,-141.954,-143.4266,-144.8955,-146.3603,-147.8207,-150.2038,-151.6581,-153.1072,-154.5509,-163.5065
98.79516,98.73275,97.92554,97.11087,97.00206,96.16652,95.32366,94.47354,94.30458,93.43378,92.55586,91.67089,91.44157,90.53615,89.62383,89.34748,88.41487,87.47553,87.15205,85.57695,85.2266,90.87407,94.57682,98.74792,98.1388,96.36084,94.02344,92.26683,90.51767,88.77616,87.04254,86.37684,84.64477,82.92113,81.20614,79.5,78.29535,76.11511,74.91393,73.70704,72.03278,70.36853,68.71446,67.50916,66.29871,65.50583,64.69215,63.85765,63.00235,62.12625,61.22935,60.68627,59.7397,58.77234,57.78422,59.5115
-90.52909,-92.06978,-92.92787,-93.77888,-95.32366,-96.16652,-97.00206,-97.83021,-99.37629,-100.1955,-101.007,-101.8108,-103.3559,-104.1499,-104.936,-106.4802,-107.2558,-108.0233,-109.5651,-109.5335,-111.0695,-120.594,-127.8132,-135.9149,-137.5855,-137.6175,-136.8049,-136.7912,-136.7573,-136.7033,-136.6294,-138.2318,-138.1277,-138.0039,-137.8607,-137.698,-138.3866,-137.3153,-137.9743,-138.6228,-138.3737,-138.106,-137.8199,-138.4143,-138.9981,-140.4777,-141.954,-143.4266,-144.8955,-146.3603,-147.8207,-150.2038,-151.6581,-153.1072,-154.5509,-163.5065
98.05789,98.73275,97.92554,97.11087,96.28881,96.16652,95.32366,94.47354,94.30458,93.43378,92.55586,91.67089,91.44157,90.53615,89.62383,89.34748,88.41487,87.47553,87.15205,85.57695,85.2266,90.87407,94.57682,98.74792,98.1388,96.36084,94.02344,92.82602,90.51767,88.77616,87.04254,85.84692,84.64477,82.92113,81.20614,80,78.29535,76.11511,74.91393,73.23756,72.03278,70.36853,68.71446,67.50916,66.29871,65.50583,64.69215,63.85765,63.00235,62.12625,61.22935,60.31166,59.3732,58.77234,57.78422,59.5115
-89.8535,-92.06978,-92.92787,-93.77888,-94.62275,-96.16652,-97.00206,-97.83021,-99.37629,-100.1955,-101.007,-101.8108,-103.3559,-104.1499,-104.936,-106.4802,-107.2558,-108.0233,-109.5651,-109.5335,-111.0695,-120.594,-127.8132,-135.9149,-137.5855,-137.6175,-136.8049,-137.6202,-136.7573,-136.7033,-136.6294,-137.3838,-138.1277,-138.0039,-137.8607,-138.5641,-138.3866,-137.3153,-137.9743,-137.7398,-138.3737,-138.106,-137.8199,-138.4143,-138.9981,-140.4777,-141.954,-143.4266,-144.8955,-146.3603,-147.8207,-149.2766,-150.7276,-153.1072,-154.5509,-163.5065
98.05789,98.73275,97.92554,97.11087,97.00206,96.16652,95.32366,94.47354,94.30458,93.43378,92.55586,91.67089,91.44157,90.53615,89.62383,89.34748,88.41487,87.47553,87.15205,85.57695,85.2266,90.87407,94.57682,98.16014,98.1388,96.36084,94.02344,92.26683,90.51767,88.77616,87.04254,86.37684,84.12227,82.40609,81.20614,79.5,77.80292,76.59992,74.91393,73.23756,71.57104,70.36853,68.71446,67.50916,66.29871,65.50583,64.69215,63.85765,63.00235,62.12625,61.22935,60.31166,59.7397,58.77234,57.78422,59.5115
-89.8535,-92.06978,-92.92787,-93.77888,-95.32366,-96.16652,-97.00206,-97.83021,-99.37629,-100.1955,-101.007,-101.8108,-103.3559,-104.1499,-104.936,-106.4802,-107.2558,-108.0233,-109.5651,-109.5335,-111.0695,-120.594,-127.8132,-135.1058,-137.5855,-137.6175,-136.8049,-136.7912,-136.7573,-136.7033,-136.6294,-138.2318,-137.2751,-137.1468,-137.8607,-137.698,-137.5162,-138.1899,-137.9743,-137.7398,-137.4867,-138.106,-137.8199,-138.4143,-138.9981,-140.4777,-141.954,-143.4266,-144.8955,-146.3603,-147.8207,-149.2766,-151.6581,-153.1072,-154.5509,-163.5065
98.05789,98.73275,97.92554,97.11087,96.28881,96.16652,95.32366,94.47354,93.61622,93.43378,92.55586,91.67089,90.77895,90.53615,89.62383,89.34748,88.41487,87.47553,87.15205,85.57695,85.2266,90.87407,94.57682,98.74792,98.1388,96.36084,94.02344,92.26683,90.51767,88.77616,87.04254,85.84692,84.64477,82.40609,81.20614,79.5,78.29535,76.59992,74.91393,73.70704,71.57104,70.36853,68.71446,67.50916,66.29871,65.50583,64.69215,63.85765,63.00235,62.12625,61.22935,60.31166,59.7397,58.77234,57.78422,59.5115
-89.8535,-92.06978,-92.92787,-93.77888,-94.62275,-96.16652,-97.00206,-97.83021,-98.65091,-100.1955,-101.007,-101.8108,-102.6069,-104.1499,-104.936,-106.4802,-107.2558,-108.0233,-109.5651,-109.5335,-111.0695,-120.594,-127.8132,-135.9149,-137.5855,-137.6175,-136.8049,-136.7912,-136.7573,-136.7033,-136.6294,-137.3838,-138.1277,-137.1468,-137.8607,-137.698,-138.3866,-138.1899,-137.9743,-138.6228,-137.4867,-138.106,-137.8199,-138.4143,-138.9981,-140.4777,-141.954,-143.4266,-144.8955,-146.3603,-147.8207,-149.2766,-151.6581,-153.1072,-154.5509,-163.5065
98.05789,98.73275,97.92554,97.11087,96.28881,96.16652,95.32366,94.47354,94.30458,93.43378,92.55586,91.67089,91.44157,90.53615,89.62383,89.34748,88.41487,87.47553,86.52953,85.57695,85.2266,90.87407,94.57682,98.16014,98.1388,96.36084,94.02344,92.26683,90.51767,88.77616,87.04254,85.84692,84.12227,82.92113,81.20614,79,78.29535,76.59992,74.43677,73.23756,72.03278,70.36853,69.16066,67.50916,66.29871,65.50583,64.69215,63.85765,63.00235,62.12625,61.22935,60.31166,59.7397,58.77234,57.78422,59.5115
-89.8535,-92.06978,-92.92787,-93.77888,-94.62275,-96.16652,-97.00206,-97.83021,-99.37629,-100.1955,-101.007,-101.8108,-103.3559,-104.1499,-104.936,-106.4802,-107.2558,-108.0233,-108.7825,-109.5335,-111.0695,-120.594,-127.8132,-135.1058,-137.5855,-137.6175,-136.8049,-136.7912,-136.7573,-136.7033,-136.6294,-137.3838,-137.2751,-138.0039,-137.8607,-136.832,-138.3866,-138.1899,-137.0955,-137.7398,-138.3737,-138.106,-138.7148,-138.4143,-138.9981,-140.4777,-141.954,-143.4266,-144.8955,-146.3603,-147.8207,-149.2766,-151.6581,-153.1072,-154.5509,-163.5065
98.05789,98.73275,97.20017,97.11087,96.28881,96.16652,95.32366,94.47354,94.30458,93.43378,92.55586,91.67089,90.77895,90.53615,89.62383,89.34748,88.41487,87.47553,87.15205,85.57695,85.2266,90.87407,94.57682,98.16014,97.5581,96.36084,94.02344,92.26683,90.51767,88.77616,87.57984,86.37684,84.12227,82.92113,81.20614,79,77.80292,76.11511,74.43677,73.70704,71.57104,69.91454,68.71446,67.50916,66.29871,65.50583,64.69215,63.85765,63.00235,62.12625,61.22935,60.68627,59.7397,58.77234,57.78422,59.85353
-89.8535,-92.06978,-92.23951,-93.77888,-94.62275,-96.16652,-97.00206,-97.83021,-99.37629,-100.1955,-101.007,-101.8108,-102.6069,-104.1499,-104.936,-106.4802,-107.2558,-108.0233,-109.5651,-109.5335,-111.0695,-120.594,-127.8132,-135.1058,-136.7714,-137.6175,-136.8049,-136.7912,-136.7573,-136.7033,-137.4728,-138.2318,-137.2751,-138.0039,-137.8607,-136.832,-137.5162,-137.3153,-137.0955,-138.6228,-137.4867,-137.215,-137.8199,-138.4143,-138.9981,-140.4777,-141.954,-143.4266,-144.8955,-146.3603,-147.8207,-150.2038,-151.6581,-153.1072,-154.5509,-164.4462
98.79516,98.73275,97.92554,97.11087,96.28881,96.16652,95.32366,94.47354,93.61622,93.43378,92.55586,91.67089,90.77895,90.53615,89.62383,89.34748,88.41487,87.47553,87.15205,85.57695,85.2266,90.87407,94.57682,98.16014,98.1388,96.36084,94.02344,92.82602,90.51767,88.77616,87.04254,86.37684,84.64477,82.92113,81.20614,79.5,78.29535,76.59992,74.91393,73.23756,72.03278,69.91454,69.16066,67.50916,66.29871,65.50583,64.69215,63.85765,63.00235,62.12625,61.22935,60.31166,59.3732,58.41398,57.78422,59.5115
-90.52909,-92.06978,-92.92787,-93.77888,-94.62275,-96.16652,-97.00206,-97.83021,-98.65091,-100.1955,-101.007,-101.8108,-102.6069,-104.1499,-104.936,-106.4802,-107.2558,-108.0233,-109.5651,-109.5335,-111.0695,-120.594,-127.8132,-135.1058,-137.5855,-137.6175,-136.8049,-137.6202,-136.7573,-136.7033,-136.6294,-138.2318,-138.1277,-138.0039,-137.8607,-137.698,-138.3866,-138.1899,-137.9743,-137.7398,-138.3737,-137.215,-138.7148,-138.4143,-138.9981,-140.4777,-141.954,-143.4266,-144.8955,-146.3603,-147.8207,-149.2766,-150.7276,-152.1736,-154.5509,-163.5065
98.05789,98.73275,97.92554,97.11087,96.28881,96.16652,95.32366,94.47354,93.61622,93.43378,92.55586,91.67089,91.44157,90.53615,89.62383,89.34748,88.41487,87.47553,87.15205,85.57695,85.2266,90.87407,94.57682,98.74792,98.1388,96.36084,94.58984,92.26683,90.51767,88.77616,87.04254,86.37684,83.59977,82.92113,81.20614,80,78.29535,76.59992,74.91393,73.23756,72.03278,70.36853,68.71446,67.50916,66.29871,65.50583,64.69215,63.85765,63.00235,62.12625,61.22935,60.31166,59.7397,58.77234,57.78422,59.5115
-89.8535,-92.06978,-92.92787,-93.77888,-94.62275,-96.16652,-97.00206,-97.83021,-98.65091,-100.1955,-101.007,-101.8108,-103.3559,-104.1499,-104.936,-106.4802,-107.2558,-108.0233,-109.5651,-109.5335,-111.0695,-120.594,-127.8132,-135.9149,-137.5855,-137.6175,-137.6291,-136.7912,-136.7573,-136.7033,-136.6294,-138.2318,-136.4224,-138.0039,-137.8607,-138.5641,-138.3866,-138.1899,-137.9743,-137.7398,-138.3737,-138.106,-137.8199,-138.4143,-138.9981,-140.4777,-141.954,-143.4266,-144.8955,-146.3603,-147.8207,-149.2766,-151.6581,-153.1072,-154.5509,-163.5065
98.05789,98.0014,97.92554,97.11087,97.00206,96.16652,95.32366,94.47354,94.30458,93.43378,92.55586,91.67089,91.44157,90.53615,89.62383,89.34748,88.41487,87.47553,87.15205,85.57695,85.2266,90.87407,94.57682,98.16014,98.1388,96.36084,94.02344,92.26683,90.51767,88.77616,87.04254,85.84692,84.12227,82.92113,80.6986,79.5,78.29535,76.59992,74.91393,73.70704,72.03278,69.91454,68.71446,67.07079,66.29871,65.50583,64.69215,63.85765,63.00235,62.12625,61.22935,60.31166,59.3732,58.77234,57.78422,59.5115
-89.8535,-91.38778,-92.92787,-93.77888,-95.32366,-96.16652,-97.00206,-97.83021,-99.37629,-100.1955,-101.007,-101.8108,-103.3559,-104.1499,-104.936,-106.4802,-107.2558,-108.0233,-109.5651,-109.5335,-111.0695,-120.594,-127.8132,-135.1058,-137.5855,-137.6175,-136.8049,-136.7912,-136.7573,-136.7033,-136.6294,-137.3838,-137.2751,-138.0039,-136.999,-137.698,-138.3866,-138.1899,-137.9743,-138.6228,-138.3737,-137.215,-137.8199,-137.5155,-138.9981,-140.4777,-141.954,-143.4266,-144.8955,-146.3603,-147.8207,-149.2766,-150.7276,-153.1072,-154.5509,-163.5065
98.79516,98.73275,97.92554,97.11087,96.28881,96.16652,95.32366,94.47354,94.30458,93.43378,92.55586,91.67089,91.44157,90.53615,89.62383,88.70469,88.41487,87.47553,86.52953,85.57695,85.2266,90.87407,94.57682,98.16014,98.1388,96.36084,94.02344,92.26683,90.51767,89.3208,87.04254,85.317,84.12227,82.92113,81.20614,79.5,77.80292,76.59992,74.91393,73.23756,71.57104,69.91454,68.71446,67.50916,66.29871,65.50583,64.69215,63.85765,63.00235,62.12625,61.22935,60.31166,59.7397,58.77234,57.78422,59.85353
-90.52909,-92.06978,-92.92787,-93.77888,-94.62275,-96.16652,-97.00206,-97.83021,-99.37629,-100.1955,-101.007,-101.8108,-103.3559,-104.1499,-104.936,-105.7141,-107.2558,-108.0233,-108.7825,-109.5335,-111.0695,-120.594,-127.8132,-135.1058,-137.5855,-137.6175,-136.8049,-136.7912,-136.7573,-137.542,-136.6294,-136.5357,-137.2751,-138.0039,-137.8607,-137.698,-137.5162,-138.1899,-137.9743,-137.7398,-137.4867,-137.215,-137.8199,-138.4143,-138.9981,-140.4777,-141.954,-143.4266,-144.8955,-146.3603,-147.8207,-149.2766,-151.6581,-153.1072,-154.5509,-164.4462
98.05789,98.73275,97.92554,97.11087,96.28881,96.16652,95.32366,94.47354,93.61622,93.43378,92.55586,91.67089,91.44157,90.53615,89.62383,89.34748,88.41487,87.47553,87.15205,85.57695,85.83536,90.87407,94.57682,98.16014,98.1388,96.36084,94.02344,92.26683,90.51767,88.77616,87.04254,85.84692,84.12227,82.92113,81.20614,79,78.29535,76.59992,74.43677,73.23756,72.03278,70.36853,68.71446,67.50916,66.29871,65.50583,64.69215,63.85765,63.00235,62.12625,61.22935,60.31166,59.3732,58.77234,57.78422,59.5115
-89.8535,-92.06978,-92.92787,-93.77888,-94.62275,-96.16652,-97.00206,-97.83021,-98.65091,-100.1955,-101.007,-101.8108,-103.3559,-104.1499,-104.936,-106.4802,-107.2558,-108.0233,-109.5651,-109.5335,-111.8628,-120.594,-127.8132,-135.1058,-137.5855,-137.6175,-136.8049,-136.7912,-136.7573,-136.7033,-136.6294,-137.3838,-137.2751,-138.0039,-137.8607,-136.832,-138.3866,-138.1899,-137.0955,-137.7398,-138.3737,-138.106,-137.8199,-138.4143,-138.9981,-140.4777,-141.954,-143.4266,-144.8955,-146.3603,-147.8207,-149.2766,-150.7276,-153.1072,-154.5509,-163.5065
98.05789,98.73275,97.92554,97.11087,96.28881,96.16652,95.32366,94.47354,94.30458,93.43378,92.55586,91.67089,91.44157,90.53615,89.62383,89.34748,88.41487,87.47553,87.15205,85.57695,85.2266,90.87407,94.57682,98.16014,98.1388,96.36084,94.02344,92.26683,90.51767,88.77616,87.04254,86.37684,84.12227,82.92113,80.6986,79,78.29535,76.59992,74.43677,72.76809,72.03278,70.36853,68.71446,67.50916,66.29871,65.08321,64.69215,63.85765,63.00235,62.12625,61.22935,60.31166,59.3732,58.77234,57.78422,59.5115
-89.8535,-92.06978,-92.92787,-93.77888,-94.62275,-96.16652,-97.00206,-97.83021,-99.37629,-100.1955,-101.007,-101.8108,-103.3559,-104.1499,-104.936,-106.4802,-107.2558,-108.0233,-109.5651,-109.5335,-111.0695,-120.594,-127.8132,-135.1058,-137.5855,-137.6175,-136.8049,-136.7912,-136.7573,-136.7033,-136.6294,-138.2318,-137.2751,-138.0039,-136.999,-136.832,-138.3866,-138.1899,-137.0955,-136.8569,-138.3737,-138.106,-137.8199,-138.4143,-138.9981,-139.5714,-141.954,-143.4266,-144.8955,-146.3603,-147.8207,-149.2766,-150.7276,-153.1072,-154.5509,-163.5065
98.05789,98.0014,97.92554,97.11087,96.28881,96.16652,95.32366,94.47354,93.61622,93.43378,92.55586,91.67089,91.44157,90.53615,89.62383,89.34748,88.41487,87.47553,86.52953,85.57695,85.2266,90.87407,94.57682,98.74792,98.1388,96.36084,94.58984,92.82602,90.51767,88.77616,87.04254,85.84692,84.64477,82.92113,80.6986,79.5,78.29535,76.59992,74.43677,73.70704,72.03278,69.91454,68.71446,67.50916,66.29871,65.50583,64.69215,63.85765,63.00235,62.12625,61.22935,60.31166,59.7397,58.77234,57.78422,59.5115
-89.8535,-91.38778,-92.92787,-93.77888,-94.62275,-96.16652,-97.00206,-97.83021,-98.65091,-100.1955,-101.007,-101.8108,-103.3559,-104.1499,-104.936,-106.4802,-107.2558,-108.0233,-108.7825,-109.5335,-111.0695,-120.594,-127.8132,-135.9149,-137.5855,-137.6175,-137.6291,-137.6202,-136.7573,-136.7033,-136.6294,-137.3838,-138.1277,-138.0039,-136.999,-137.698,-138.3866,-138.1899,-137.0955,-138.6228,-138.3737,-137.215,-137.8199,-138.4143,-138.9981,-140.4777,-141.954,-143.4266,-144.8955,-146.3603,-147.8207,-149.2766,-151.6581,-153.1072,-154.5509,-163.5065
98.79516,98.73275,97.92554,97.11087,96.28881,96.16652,94.62275,94.47354,93.61622,93.43378,92.55586,91.67089,91.44157,90.53615,89.62383,89.34748,88.41487,87.47553,86.52953,85.57695,85.2266,90.87407,94.57682,98.74792,98.1388,96.36084,94.02344,92.26683,90.51767,88.77616,87.57984,85.84692,84.64477,82.92113,81.20614,80,77.3105,76.11511,74.91393,73.23756,71.57104,70.36853,68.71446,67.50916,66.29871,65.50583,64.69215,64.26439,63.00235,62.12625,61.22935,60.68627,59.7397,58.77234,57.78422,59.5115
-90.52909,-92.06978,-92.92787,-93.77888,-94.62275,-96.16652,-96.28881,-97.83021,-98.65091,-100.1955,-101.007,-101.8108,-103.3559,-104.1499,-104.936,-106.4802,-107.2558,-108.0233,-108.7825,-109.5335,-111.0695,-120.594,-127.8132,-135.9149,-137.5855,-137.6175,-136.8049,-136.7912,-136.7573,-136.7033,-137.4728,-137.3838,-138.1277,-138.0039,-137.8607,-138.5641,-136.6458,-137.3153,-137.9743,-137.7398,-137.4867,-138.106,-137.8199,-138.4143,-138.9981,-140.4777,-141.954,-144.3402,-144.8955,-146.3603,-147.8207,-150.2038,-151.6581,-153.1072,-154.5509,-163.5065
97.32061,98.73275,97.92554,97.11087,96.28881,95.45942,95.32366,94.47354,93.61622,92.75178,92.55586,91.67089,91.44157,90.53615,89.62383,89.34748,88.41487,87.47553,87.15205,85.57695,85.2266,90.87407,94.57682,98.16014,98.1388,96.36084,94.02344,92.26683,90.51767,88.77616,87.57984,86.37684,84.12227,82.92113,80.6986,79.5,77.80292,76.59992,75.39108,72.76809,72.03278,70.36853,69.16066,67.50916,66.29871,65.50583,64.69215,63.85765,63.00235,62.12625,61.22935,60.31166,59.3732,58.77234,57.78422,59.5115
-89.17791,-92.06978,-92.92787,-93.77888,-94.62275,-95.45942,-97.00206,-97.83021,-98.65091,-99.4641,-101.007,-101.8108,-103.3559,-104.1499,-104.936,-106.4802,-107.2558,-108.0233,-109.5651,-109.5335,-111.0695,-120.594,-127.8132,-135.1058,-137.5855,-137.6175,-136.8049,-136.7912,-136.7573,-136.7033,-137.4728,-138.2318,-137.2751,-138.0039,-136.999,-137.698,-137.5162,-138.1899,-138.8531,-136.8569,-138.3737,-138.106,-138.7148,-138.4143,-138.9981,-140.4777,-141.954,-143.4266,-144.8955,-146.3603,-147.8207,-149.2766,-150.7276,-153.1072,-154.5509,-163.5065
97.32061,98.73275,97.92554,97.11087,96.28881,95.45942,94.62275,94.47354,94.30458,93.43378,92.55586,91.67089,91.44157,90.53615,89.62383,89.34748,88.41487,87.47553,87.15205,85.57695,85.2266,90.87407,94.57682,98.74792,98.1388,96.36084,94.02344,92.26683,90.51767,88.77616,87.04254,85.84692,84.64477,82.92113,81.20614,79,78.29535,76.11511,74.91393,73.70704,71.57104,70.36853,68.71446,67.50916,66.72922,65.50583,65.10684,63.85765,63.4011,62.12625,61.22935,60.31166,59.7397,58.77234,57.78422,59.5115
-89.17791,-92.06978,-92.92787,-93.77888,-94.62275,-95.45942,-96.28881,-97.83021,-99.37629,-100.1955,-101.007,-101.8108,-103.3559,-104.1499,-104.936,-106.4802,-107.2558,-108.0233,-109.5651,-109.5335,-111.0695,-120.594,-127.8132,-135.9149,-137.5855,-137.6175,-136.8049,-136.7912,-136.7573,-136.7033,-136.6294,-137.3838,-138.1277,-138.0039,-137.8607,-136.832,-138.3866,-137.3153,-137.9743,-138.6228,-137.4867,-138.106,-137.8199,-138.4143,-139.9007,-140.4777,-142.8639,-143.4266,-145.8126,-146.3603,-147.8207,-149.2766,-151.6581,-153.1072,-154.5509,-163.5065
98.05789,98.73275,97.92554,97.11087,96.28881,96.16652,95.32366,94.47354,94.30458,93.43378,92.55586,91.67089,91.44157,90.53615,89.62383,89.34748,88.41487,87.47553,87.15205,86.19261,85.2266,90.87407,94.57682,98.16014,98.1388,96.36084,94.58984,92.26683,91.0696,88.77616,87.57984,85.317,84.12227,82.40609,81.20614,79.5,78.29535,76.59992,74.91393,73.70704,72.03278,70.36853,69.16066,67.94753,66.72922,65.92845,65.10684,64.26439,63.4011,62.51698,61.61203,61.06087,59.7397,58.77234,58.13443,59.5115
-89.8535,-92.06978,-92.92787,-93.77888,-94.62275,-96.16652,-97.00206,-97.83021,-99.37629,-100.1955,-101.007,-101.8108,-103.3559,-104.1499,-104.936,-106.4802,-107.2558,-108.0233,-109.5651,-110.3215,-111.0695,-120.594,-127.8132,-135.1058,-137.5855,-137.6175,-137.6291,-136.7912,-137.5912,-136.7033,-137.4728,-136.5357,-137.2751,-137.1468,-137.8607,-137.698,-138.3866,-138.1899,-137.9743,-138.6228,-138.3737,-138.106,-138.7148,-139.3131,-139.9007,-141.384,-142.8639,-144.3402,-145.8126,-147.2808,-148.7446,-151.131,-151.6581,-153.1072,-155.4876,-163.5065
98.79516,98.73275,97.92554,97.11087,96.28881,96.16652,95.32366,94.47354,94.30458,93.43378,92.55586,91.67089,91.44157,90.53615,89.62383,89.34748,88.41487,87.47553,86.52953,86.19261,85.2266,90.87407,94.57682,98.74792,97.5581,96.36084,94.58984,92.82602,91.0696,89.3208,87.57984,86.37684,84.64477,82.92113,81.20614,80,78.29535,76.59992,74.91393,73.70704,72.03278,70.36853,69.16066,67.94753,66.72922,65.92845,65.10684,64.26439,63.4011,62.51698,61.61203,60.68627,60.1062,59.13071,57.78422,59.5115
-90.52909,-92.06978,-92.92787,-93.77888,-94.62275,-96.16652,-97.00206,-97.83021,-99.37629,-100.1955,-101.007,-101.8108,-103.3559,-104.1499,-104.936,-106.4802,-107.2558,-108.0233,-108.7825,-110.3215,-111.0695,-120.594,-127.8132,-135.9149,-136.7714,-137.6175,-137.6291,-137.6202,-137.5912,-137.542,-137.4728,-138.2318,-138.1277,-138.0039,-137.8607,-138.5641,-138.3866,-138.1899,-137.9743,-138.6228,-138.3737,-138.106,-138.7148,-139.3131,-139.9007,-141.384,-142.8639,-144.3402,-145.8126,-147.2808,-148.7446,-150.2038,-152.5885,-154.0408,-154.5509,-163.5065
98.79516,98.73275,97.92554,97.11087,96.28881,96.16652,95.32366,94.47354,93.61622,93.43378,92.55586,91.67089,91.44157,90.53615,89.62383,89.34748,88.41487,87.47553,86.52953,86.19261,85.2266,90.87407,94.57682,98.16014,98.1388,96.36084,94.58984,92.82602,91.0696,89.3208,87.57984,85.84692,84.64477,82.92113,81.20614,79.5,77.80292,76.59992,74.91393,73.70704,72.03278,70.36853,69.16066,67.94753,66.72922,65.92845,65.10684,64.26439,63.4011,62.51698,61.61203,60.68627,60.1062,59.13071,57.78422,59.5115
-90.52909,-92.06978,-92.92787,-93.77888,-94.62275,-96.16652,-97.00206,-97.83021,-98.65091,-100.1955,-101.007,-101.8108,-103.3559,-104.1499,-104.936,-106.4802,-107.2558,-108.0233,-108.7825,-110.3215,-111.0695,-120.594,-127.8132,-135.1058,-137.5855,-137.6175,-137.6291,-137.6202,-137.5912,-137.542,-137.4728,-137.3838,-138.1277,-138.0039,-137.8607,-137.698,-137.5162,-138.1899,-137.9743,-138.6228,-138.3737,-138.106,-138.7148,-139.3131,-139.9007,-141.384,-142.8639,-144.3402,-145.8126,-147.2808,-148.7446,-150.2038,-152.5885,-154.0408,-154.5509,-163.5065
98.05789,98.73275,97.92554,97.11087,96.28881,96.16652,95.32366,94.47354,94.30458,93.43378,92.55586,92.34002,91.44157,90.53615,89.62383,89.34748,88.41487,87.47553,86.52953,86.19261,85.2266,90.87407,94.57682,98.16014,98.1388,96.36084,94.58984,92.82602,91.0696,89.86544,87.57984,86.37684,84.64477,82.92113,81.20614,79.5,78.29535,76.59992,74.91393,73.70704,72.03278,70.36853,69.16066,67.94753,66.72922,65.92845,65.10684,64.26439,63.4011,62.51698,61.61203,60.31166,60.1062,59.13071,57.78422,59.5115
-89.8535,-92.06978,-92.92787,-93.77888,-94.62275,-96.16652,-97.00206,-97.83021,-99.37629,-100.1955,-101.007,-102.554,-103.3559,-104.1499,-104.936,-106.4802,-107.2558,-108.0233,-108.7825,-110.3215,-111.0695,-120.594,-127.8132,-135.1058,-137.5855,-137.6175,-137.6291,-137.6202,-137.5912,-138.3806,-137.4728,-138.2318,-138.1277,-138.0039,-137.8607,-137.698,-138.3866,-138.1899,-137.9743,-138.6228,-138.3737,-138.106,-138.7148,-139.3131,-139.9007,-141.384,-142.8639,-144.3402,-145.8126,-147.2808,-148.7446,-149.2766,-152.5885,-154.0408,-154.5509,-163.5065
