191.9342,190.8836,190.8182,190.7382,190.6437,190.5347,190.4112,190.2732,190.1207,189.9537,189.7722,189.5763,189.366,189.1412,189.891,190.6238,193.312,196.9616,198.6175,203.1968,206.7641,210.3017,213.8088,218.2589,224.6175,229.9601,228.4828,225.0607,221.635,218.2064,215.7344,213.256,209.8177,207.3303,204.8379,202.341,199.84,198.2751,195.7645,193.2511,190.7356,189.1455,187.5475,185.942,185.2461,185.4497,185.6321,184.8868,185.9326,185.1516,185.2514,185.3294,185.3853,185.419,185.4304
-5.025974,-6.665804,-8.331303,-9.996168,-11.66027,-13.32349,-14.98569,-16.64675,-18.30654,-19.96494,-21.62181,-23.27704,-24.9305,-26.58206,-28.37941,-30.19185,-32.34933,-34.72964,-36.81158,-39.49746,-42.06663,-44.70101,-47.40028,-50.38904,-53.92588,-57.33549,-59.08968,-60.30484,-61.46483,-62.56968,-63.90345,-65.19889,-66.15528,-67.3657,-68.53781,-69.67159,-70.76705,-72.16625,-73.19334,-74.18217,-75.13275,-76.41975,-77.68474,-78.92769,-80.54731,-82.56754,-84.59742,-86.21413,-88.68529,-90.30446,-92.36295,-94.43002,-96.50546,-98.58903,-100.6805
191.9342,190.8836,190.8182,190.7382,190.6437,190.5347,190.4112,190.2732,190.1207,189.9537,189.7722,189.5763,189.366,189.1412,188.902,190.6238,193.312,196.9616,200.584,202.2152,206.7641,210.3017,214.7851,218.2589,224.6175,230.9304,228.4828,225.0607,222.5986,218.2064,215.7344,212.2997,209.8177,207.3303,204.8379,202.341,200.7826,198.2751,195.7645,193.2511,190.7356,188.2183,187.5475,185.942,185.2461,185.4497,184.7221,185.7931,185.03,185.1516,185.2514,185.3294,185.3853,185.419,185.4304
-5.025974,-6.665804,-8.331303,-9.996168,-11.66027,-13.32349,-14.98569,-16.64675,-18.30654,-19.96494,-21.62181,-23.27704,-24.9305,-26.58206,-28.2316,-30.19185,-32.34933,-34.72964,-37.17605,-39.30665,-42.06663,-44.70101,-47.61672,-50.38904,-53.92588,-57.57741,-59.08968,-60.30484,-61.73206,-62.56968,-63.90345,-64.90652,-66.15528,-67.3657,-68.53781,-69.67159,-71.10086,-72.16625,-73.19334,-74.18217,-75.13275,-76.04514,-77.68474,-78.92769,-80.54731,-82.56754,-84.18273,-86.63674,-88.25477,-90.30446,-92.36295,-94.43002,-96.50546,-98.58903,-100.6805
191.9342,190.8836,190.8182,190.7382,190.6437,190.5347,190.4112,190.2732,190.1207,189.9537,189.7722,189.5763,189.366,189.1412,189.891,190.6238,193.312,196.9616,199.6007,203.1968,206.7641,210.3017,214.7851,220.2076,224.6175,230.9304,228.4828,225.0607,222.5986,218.2064,215.7344,213.256,209.8177,208.2814,205.7862,203.2865,200.7826,198.2751,195.7645,193.2511,190.7356,189.1455,187.5475,185.942,185.2461,185.4497,184.7221,185.7931,185.03,185.1516,185.2514,185.3294,185.3853,185.419,185.4304
-5.025974,-6.665804,-8.331303,-9.996168,-11.66027,-13.32349,-14.98569,-16.64675,-18.30654,-19.96494,-21.62181,-23.27704,-24.9305,-26.58206,-28.37941,-30.19185,-32.34933,-34.72964,-36.99381,-39.49746,-42.06663,-44.70101,-47.61672,-50.83894,-53.92588,-57.57741,-59.08968,-60.30484,-61.73206,-62.56968,-63.90345,-65.19889,-66.15528,-67.67472,-68.85511,-69.99715,-71.10086,-72.16625,-73.19334,-74.18217,-75.13275,-76.41975,-77.68474,-78.92769,-80.54731,-82.56754,-84.18273,-86.63674,-88.25477,-90.30446,-92.36295,-94.43002,-96.50546,-98.58903,-100.6805
191.9342,190.8836,190.8182,190.7382,190.6437,190.5347,190.4112,190.2732,190.1207,189.9537,189.7722,189.5763,189.366,189.1412,188.902,190.6238,193.312,195.9767,199.6007,203.1968,206.7641,210.3017,214.7851,218.2589,224.6175,230.9304,228.4828,225.0607,222.5986,218.2064,215.7344,213.256,209.8177,208.2814,204.8379,202.341,200.7826,198.2751,195.7645,193.2511,190.7356,189.1455,187.5475,185.942,185.2461,185.4497,185.6321,185.7931,185.03,185.1516,185.2514,185.3294,185.3853,185.419,185.4304
-5.025974,-6.665804,-8.331303,-9.996168,-11.66027,-13.32349,-14.98569,-16.64675,-18.30654,-19.96494,-21.62181,-23.27704,-24.9305,-26.58206,-28.2316,-30.19185,-32.34933,-34.55599,-36.99381,-39.49746,-42.06663,-44.70101,-47.61672,-50.38904,-53.92588,-57.57741,-59.08968,-60.30484,-61.73206,-62.56968,-63.90345,-65.19889,-66.15528,-67.67472,-68.53781,-69.67159,-71.10086,-72.16625,-73.19334,-74.18217,-75.13275,-76.41975,-77.68474,-78.92769,-80.54731,-82.56754,-84.59742,-86.63674,-88.25477,-90.30446,-92.36295,-94.43002,-96.50546,-98.58903,-100.6805
191.9342,191.883,191.8173,190.7382,190.6437,190.5347,190.4112,190.2732,191.1161,189.9537,189.7722,189.5763,189.366,189.1412,188.902,190.6238,193.312,196.9616,200.584,202.2152,206.7641,210.3017,213.8088,220.2076,224.6175,230.9304,228.4828,225.0607,222.5986,218.2064,215.7344,213.256,209.8177,207.3303,204.8379,202.341,200.7826,198.2751,195.7645,193.2511,190.7356,189.1455,187.5475,185.942,185.2461,185.4497,184.7221,184.8868,185.9326,185.1516,185.2514,185.3294,185.3853,185.419,185.4304
-5.025974,-6.700703,-8.374922,-9.996168,-11.66027,-13.32349,-14.98569,-16.64675,-18.40238,-19.96494,-21.62181,-23.27704,-24.9305,-26.58206,-28.2316,-30.19185,-32.34933,-34.72964,-37.17605,-39.30665,-42.06663,-44.70101,-47.40028,-50.83894,-53.92588,-57.57741,-59.08968,-60.30484,-61.73206,-62.56968,-63.90345,-65.19889,-66.15528,-67.3657,-68.53781,-69.67159,-71.10086,-72.16625,-73.19334,-74.18217,-75.13275,-76.41975,-77.68474,-78.92769,-80.54731,-82.56754,-84.18273,-86.21413,-88.68529,-90.30446,-92.36295,-94.43002,-96.50546,-98.58903,-100.6805
191.9342,191.883,190.8182,190.7382,191.6419,191.5323,190.4112,190.2732,191.1161,189.9537,189.7722,189.5763,189.366,189.1412,188.902,190.6238,192.3257,195.9767,200.584,202.2152,206.7641,210.3017,213.8088,218.2589,224.6175,230.9304,228.4828,226.0266,221.635,218.2064,215.7344,213.256,210.7714,207.3303,204.8379,202.341,199.84,198.2751,195.7645,193.2511,191.666,189.1455,187.5475,185.942,185.2461,185.4497,184.7221,184.8868,185.03,185.1516,185.2514,185.3294,185.3853,185.419,185.4304
-5.025974,-6.700703,-8.331303,-9.996168,-11.72132,-13.39324,-14.98569,-16.64675,-18.40238,-19.96494,-21.62181,-23.27704,-24.9305,-26.58206,-28.2316,-30.19185,-32.18428,-34.55599,-37.17605,-39.30665,-42.06663,-44.70101,-47.40028,-50.38904,-53.92588,-57.57741,-59.08968,-60.56366,-61.46483,-62.56968,-63.90345,-65.19889,-66.45598,-67.3657,-68.53781,-69.67159,-70.76705,-72.16625,-73.19334,-74.18217,-75.49925,-76.41975,-77.68474,-78.92769,-80.54731,-82.56754,-84.18273,-86.21413,-88.25477,-90.30446,-92.36295,-94.43002,-96.50546,-98.58903,-100.6805
191.9342,191.883,190.8182,190.7382,190.6437,190.5347,190.4112,189.277,190.1207,189.9537,189.7722,189.5763,189.366,189.1412,188.902,190.6238,192.3257,196.9616,198.6175,202.2152,206.7641,210.3017,213.8088,220.2076,224.6175,230.9304,228.4828,225.0607,222.5986,218.2064,215.7344,213.256,209.8177,207.3303,204.8379,202.341,199.84,198.2751,195.7645,193.2511,190.7356,189.1455,187.5475,185.942,185.2461,185.4497,184.7221,184.8868,185.03,185.1516,185.2514,185.3294,185.3853,185.419,184.5516
-5.025974,-6.700703,-8.331303,-9.996168,-11.66027,-13.32349,-14.98569,-16.55959,-18.30654,-19.96494,-21.62181,-23.27704,-24.9305,-26.58206,-28.2316,-30.19185,-32.18428,-34.72964,-36.81158,-39.30665,-42.06663,-44.70101,-47.40028,-50.83894,-53.92588,-57.57741,-59.08968,-60.30484,-61.73206,-62.56968,-63.90345,-65.19889,-66.15528,-67.3657,-68.53781,-69.67159,-70.76705,-72.16625,-73.19334,-74.18217,-75.13275,-76.41975,-77.68474,-78.92769,-80.54731,-82.56754,-84.18273,-86.21413,-88.25477,-90.30446,-92.36295,-94.43002,-96.50546,-98.58903,-100.2033
190.9345,190.8836,190.8182,190.7382,190.6437,190.5347,190.4112,190.2732,190.1207,189.9537,189.7722,189.5763,189.366,189.1412,188.902,190.6238,193.312,196.9616,199.6007,203.1968,206.7641,210.3017,213.8088,220.2076,224.6175,229.9601,228.4828,224.0948,222.5986,218.2064,214.7756,213.256,209.8177,207.3303,204.8379,202.341,200.7826,197.3355,195.7645,193.2511,190.7356,188.2183,187.5475,185.942,184.3291,185.4497,184.7221,185.7931,185.03,185.1516,185.2514,185.3294,185.3853,185.419,185.4304
-4.999797,-6.665804,-8.331303,-9.996168,-11.66027,-13.32349,-14.98569,-16.64675,-18.30654,-19.96494,-21.62181,-23.27704,-24.9305,-26.58206,-28.2316,-30.19185,-32.34933,-34.72964,-36.99381,-39.49746,-42.06663,-44.70101,-47.40028,-50.83894,-53.92588,-57.33549,-59.08968,-60.04602,-61.73206,-62.56968,-63.61944,-65.19889,-66.15528,-67.3657,-68.53781,-69.67159,-71.10086,-71.82423,-73.19334,-74.18217,-75.13275,-76.04514,-77.68474,-78.92769,-80.14856,-82.56754,-84.18273,-86.63674,-88.25477,-90.30446,-92.36295,-94.43002,-96.50546,-98.58903,-100.6805
190.9345,190.8836,190.8182,190.7382,190.6437,190.5347,190.4112,190.2732,190.1207,189.9537,189.7722,189.5763,189.366,189.1412,188.902,190.6238,193.312,196.9616,199.6007,203.1968,206.7641,210.3017,213.8088,218.2589,224.6175,230.9304,228.4828,225.0607,222.5986,218.2064,215.7344,213.256,209.8177,208.2814,204.8379,203.2865,199.84,198.2751,195.7645,193.2511,190.7356,189.1455,187.5475,185.942,185.2461,185.4497,185.6321,184.8868,185.03,185.1516,185.2514,185.3294,185.3853,185.419,185.4304
-4.999797,-6.665804,-8.331303,-9.996168,-11.66027,-13.32349,-14.98569,-16.64675,-18.30654,-19.96494,-21.62181,-23.27704,-24.9305,-26.58206,-28.2316,-30.19185,-32.34933,-34.72964,-36.99381,-39.49746,-42.06663,-44.70101,-47.40028,-50.38904,-53.92588,-57.57741,-59.08968,-60.30484,-61.73206,-62.56968,-63.90345,-65.19889,-66.15528,-67.67472,-68.53781,-69.99715,-70.76705,-72.16625,-73.19334,-74.18217,-75.13275,-76.41975,-77.68474,-78.92769,-80.54731,-82.56754,-84.59742,-86.21413,-88.25477,-90.30446,-92.36295,-94.43002,-96.50546,-98.58903,-100.6805
191.9342,190.8836,190.8182,190.7382,190.6437,190.5347,190.4112,190.2732,190.1207,189.9537,189.7722,189.5763,189.366,189.1412,189.891,190.6238,193.312,195.9767,200.584,203.1968,206.7641,210.3017,213.8088,220.2076,224.6175,230.9304,228.4828,225.0607,222.5986,218.2064,215.7344,213.256,209.8177,207.3303,204.8379,202.341,200.7826,198.2751,195.7645,193.2511,191.666,189.1455,187.5475,185.942,185.2461,185.4497,184.7221,184.8868,185.03,185.1516,185.2514,185.3294,185.3853,185.419,185.4304
-5.025974,-6.665804,-8.331303,-9.996168,-11.66027,-13.32349,-14.98569,-16.64675,-18.30654,-19.96494,-21.62181,-23.27704,-24.9305,-26.58206,-28.37941,-30.19185,-32.34933,-34.55599,-37.17605,-39.49746,-42.06663,-44.70101,-47.40028,-50.83894,-53.92588,-57.57741,-59.08968,-60.30484,-61.73206,-62.56968,-63.90345,-65.19889,-66.15528,-67.3657,-68.53781,-69.67159,-71.10086,-72.16625,-73.19334,-74.18217,-75.49925,-76.41975,-77.68474,-78.92769,-80.54731,-82.56754,-84.18273,-86.21413,-88.25477,-90.30446,-92.36295,-94.43002,-96.50546,-98.58903,-100.6805
191.9342,190.8836,190.8182,190.7382,190.6437,190.5347,190.4112,190.2732,190.1207,189.9537,189.7722,189.5763,189.366,189.1412,189.891,190.6238,193.312,196.9616,200.584,202.2152,206.7641,210.3017,213.8088,218.2589,224.6175,230.9304,228.4828,225.0607,221.635,218.2064,215.7344,212.2997,209.8177,207.3303,204.8379,202.341,199.84,198.2751,195.7645,193.2511,190.7356,189.1455,187.5475,185.942,185.2461,185.4497,184.7221,184.8868,185.03,185.1516,185.2514,185.3294,185.3853,185.419,185.4304
-5.025974,-6.665804,-8.331303,-9.996168,-11.66027,-13.32349,-14.98569,-16.64675,-18.30654,-19.96494,-21.62181,-23.27704,-24.9305,-26.58206,-28.37941,-30.19185,-32.34933,-34.72964,-37.17605,-39.30665,-42.06663,-44.70101,-47.40028,-50.38904,-53.92588,-57.57741,-59.08968,-60.30484,-61.46483,-62.56968,-63.90345,-64.90652,-66.15528,-67.3657,-68.53781,-69.67159,-70.76705,-72.16625,-73.19334,-74.18217,-75.13275,-76.41975,-77.68474,-78.92769,-80.54731,-82.56754,-84.18273,-86.21413,-88.25477,-90.30446,-92.36295,-94.43002,-96.50546,-98.58903,-100.6805
191.9342,190.8836,190.8182,190.7382,190.6437,191.5323,190.4112,190.2732,190.1207,189.9537,189.7722,189.5763,189.366,189.1412,189.891,190.6238,193.312,196.9616,198.6175,204.1785,205.7842,210.3017,213.8088,220.2076,224.6175,230.9304,228.4828,225.0607,222.5986,218.2064,215.7344,212.2997,209.8177,207.3303,204.8379,202.341,199.84,198.2751,195.7645,193.2511,190.7356,189.1455,187.5475,185.942,185.2461,185.4497,184.7221,184.8868,185.03,185.1516,185.2514,185.3294,185.3853,185.419,185.4304
-5.025974,-6.665804,-8.331303,-9.996168,-11.66027,-13.39324,-14.98569,-16.64675,-18.30654,-19.96494,-21.62181,-23.27704,-24.9305,-26.58206,-28.37941,-30.19185,-32.34933,-34.72964,-36.81158,-39.68827,-41.86727,-44.70101,-47.40028,-50.83894,-53.92588,-57.57741,-59.08968,-60.30484,-61.73206,-62.56968,-63.90345,-64.90652,-66.15528,-67.3657,-68.53781,-69.67159,-70.76705,-72.16625,-73.19334,-74.18217,-75.13275,-76.41975,-77.68474,-78.92769,-80.54731,-82.56754,-84.18273,-86.21413,-88.25477,-90.30446,-92.36295,-94.43002,-96.50546,-98.58903,-100.6805
191.9342,190.8836,190.8182,190.7382,190.6437,190.5347,190.4112,190.2732,190.1207,189.9537,189.7722,189.5763,189.366,189.1412,188.902,190.6238,192.3257,196.9616,199.6007,203.1968,206.7641,210.3017,213.8088,218.2589,224.6175,230.9304,228.4828,225.0607,221.635,218.2064,215.7344,213.256,209.8177,207.3303,204.8379,203.2865,200.7826,198.2751,195.7645,193.2511,191.666,189.1455,187.5475,185.942,185.2461,185.4497,184.7221,184.8868,185.03,185.1516,185.2514,185.3294,185.3853,185.419,185.4304
-5.025974,-6.665804,-8.331303,-9.996168,-11.66027,-13.32349,-14.98569,-16.64675,-18.30654,-19.96494,-21.62181,-23.27704,-24.9305,-26.58206,-28.2316,-30.19185,-32.18428,-34.72964,-36.99381,-39.49746,-42.06663,-44.70101,-47.40028,-50.38904,-53.92588,-57.57741,-59.08968,-60.30484,-61.46483,-62.56968,-63.90345,-65.19889,-66.15528,-67.3657,-68.53781,-69.99715,-71.10086,-72.16625,-73.19334,-74.18217,-75.49925,-76.41975,-77.68474,-78.92769,-80.54731,-82.56754,-84.18273,-86.21413,-88.25477,-90.30446,-92.36295,-94.43002,-96.50546,-98.58903,-100.6805
190.9345,190.8836,190.8182,190.7382,190.6437,190.5347,190.4112,190.2732,190.1207,189.9537,189.7722,189.5763,189.366,189.1412,188.902,190.6238,193.312,196.9616,199.6007,203.1968,206.7641,210.3017,213.8088,218.2589,224.6175,230.9304,228.4828,225.0607,222.5986,218.2064,215.7344,213.256,209.8177,207.3303,204.8379,202.341,199.84,198.2751,195.7645,193.2511,190.7356,188.2183,187.5475,185.942,185.2461,185.4497,184.7221,184.8868,185.03,185.1516,185.2514,185.3294,185.3853,185.419,185.4304
-4.999797,-6.665804,-8.331303,-9.996168,-11.66027,-13.32349,-14.98569,-16.64675,-18.30654,-19.96494,-21.62181,-23.27704,-24.9305,-26.58206,-28.2316,-30.19185,-32.34933,-34.72964,-36.99381,-39.49746,-42.06663,-44.70101,-47.40028,-50.38904,-53.92588,-57.57741,-59.08968,-60.30484,-61.73206,-62.56968,-63.90345,-65.19889,-66.15528,-67.3657,-68.53781,-69.67159,-70.76705,-72.16625,-73.19334,-74.18217,-75.13275,-76.04514,-77.68474,-78.92769,-80.54731,-82.56754,-84.18273,-86.21413,-88.25477,-90.30446,-92.36295,-94.43002,-96.50546,-98.58903,-100.6805
191.9342,191.883,190.8182,190.7382,190.6437,190.5347,190.4112,190.2732,190.1207,189.9537,189.7722,189.5763,189.366,189.1412,188.902,190.6238,193.312,196.9616,200.584,203.1968,206.7641,210.3017,213.8088,218.2589,224.6175,230.9304,228.4828,225.0607,222.5986,218.2064,215.7344,213.256,210.7714,207.3303,204.8379,202.341,200.7826,198.2751,195.7645,193.2511,191.666,188.2183,187.5475,185.942,185.2461,185.4497,184.7221,184.8868,185.03,185.1516,185.2514,185.3294,185.3853,185.419,185.4304
-5.025974,-6.700703,-8.331303,-9.996168,-11.66027,-13.32349,-14.98569,-16.64675,-18.30654,-19.96494,-21.62181,-23.27704,-24.9305,-26.58206,-28.2316,-30.19185,-32.34933,-34.72964,-37.17605,-39.49746,-42.06663,-44.70101,-47.40028,-50.38904,-53.92588,-57.57741,-59.08968,-60.30484,-61.73206,-62.56968,-63.90345,-65.19889,-66.45598,-67.3657,-68.53781,-69.67159,-71.10086,-72.16625,-73.19334,-74.18217,-75.49925,-76.04514,-77.68474,-78.92769,-80.54731,-82.56754,-84.18273,-86.21413,-88.25477,-90.30446,-92.36295,-94.43002,-96.50546,-98.58903,-100.6805
191.9342,191.883,190.8182,190.7382,190.6437,190.5347,190.4112,190.2732,190.1207,189.9537,189.7722,189.5763,189.366,189.1412,188.902,190.6238,193.312,196.9616,199.6007,203.1968,205.7842,210.3017,213.8088,218.2589,224.6175,230.9304,228.4828,225.0607,222.5986,218.2064,215.7344,213.256,209.8177,208.2814,204.8379,203.2865,200.7826,198.2751,195.7645,193.2511,190.7356,188.2183,187.5475,185.942,185.2461,185.4497,184.7221,184.8868,185.03,185.1516,185.2514,185.3294,185.3853,185.419,185.4304
-5.025974,-6.700703,-8.331303,-9.996168,-11.66027,-13.32349,-14.98569,-16.64675,-18.30654,-19.96494,-21.62181,-23.27704,-24.9305,-26.58206,-28.2316,-30.19185,-32.34933,-34.72964,-36.99381,-39.49746,-41.86727,-44.70101,-47.40028,-50.38904,-53.92588,-57.57741,-59.08968,-60.30484,-61.73206,-62.56968,-63.90345,-65.19889,-66.15528,-67.67472,-68.53781,-69.99715,-71.10086,-72.16625,-73.19334,-74.18217,-75.13275,-76.04514,-77.68474,-78.92769,-80.54731,-82.56754,-84.18273,-86.21413,-88.25477,-90.30446,-92.36295,-94.43002,-96.50546,-98.58903,-100.6805
191.9342,190.8836,190.8182,190.7382,190.6437,190.5347,190.4112,190.2732,190.1207,189.9537,189.7722,189.5763,189.366,189.1412,188.902,190.6238,193.312,196.9616,199.6007,203.1968,206.7641,210.3017,213.8088,220.2076,224.6175,230.9304,228.4828,225.0607,221.635,218.2064,215.7344,213.256,209.8177,207.3303,205.7862,202.341,200.7826,198.2751,195.7645,193.2511,190.7356,189.1455,187.5475,185.942,185.2461,185.4497,184.7221,184.8868,185.03,185.1516,185.2514,185.3294,185.3853,185.419,185.4304
-5.025974,-6.665804,-8.331303,-9.996168,-11.66027,-13.32349,-14.98569,-16.64675,-18.30654,-19.96494,-21.62181,-23.27704,-24.9305,-26.58206,-28.2316,-30.19185,-32.34933,-34.72964,-36.99381,-39.49746,-42.06663,-44.70101,-47.40028,-50.83894,-53.92588,-57.57741,-59.08968,-60.30484,-61.46483,-62.56968,-63.90345,-65.19889,-66.15528,-67.3657,-68.85511,-69.67159,-71.10086,-72.16625,-73.19334,-74.18217,-75.13275,-76.41975,-77.68474,-78.92769,-80.54731,-82.56754,-84.18273,-86.21413,-88.25477,-90.30446,-92.36295,-94.43002,-96.50546,-98.58903,-100.6805
190.9345,190.8836,190.8182,190.7382,190.6437,190.5347,190.4112,190.2732,190.1207,189.9537,189.7722,189.5763,189.366,189.1412,189.891,190.6238,193.312,196.9616,199.6007,203.1968,205.7842,210.3017,213.8088,218.2589,224.6175,229.9601,228.4828,225.0607,221.635,218.2064,215.7344,212.2997,210.7714,207.3303,204.8379,202.341,200.7826,198.2751,195.7645,193.2511,190.7356,189.1455,187.5475,185.942,185.2461,185.4497,184.7221,184.8868,185.03,185.1516,185.2514,185.3294,185.3853,185.419,185.4304
-4.999797,-6.665804,-8.331303,-9.996168,-11.66027,-13.32349,-14.98569,-16.64675,-18.30654,-19.96494,-21.62181,-23.27704,-24.9305,-26.58206,-28.37941,-30.19185,-32.34933,-34.72964,-36.99381,-39.49746,-41.86727,-44.70101,-47.40028,-50.38904,-53.92588,-57.33549,-59.08968,-60.30484,-61.46483,-62.56968,-63.90345,-64.90652,-66.45598,-67.3657,-68.53781,-69.67159,-71.10086,-72.16625,-73.19334,-74.18217,-75.13275,-76.41975,-77.68474,-78.92769,-80.54731,-82.56754,-84.18273,-86.21413,-88.25477,-90.30446,-92.36295,-94.43002,-96.50546,-98.58903,-100.6805
191.9342,190.8836,190.8182,190.7382,190.6437,190.5347,190.4112,190.2732,190.1207,189.9537,189.7722,189.5763,189.366,189.1412,188.902,190.6238,192.3257,195.9767,199.6007,202.2152,206.7641,210.3017,213.8088,218.2589,224.6175,230.9304,228.4828,225.0607,222.5986,218.2064,215.7344,212.2997,209.8177,208.2814,204.8379,202.341,200.7826,198.2751,195.7645,193.2511,190.7356,188.2183,187.5475,185.942,185.2461,184.5362,184.7221,184.8868,185.03,185.1516,185.2514,185.3294,185.3853,185.419,185.4304
-5.025974,-6.665804,-8.331303,-9.996168,-11.66027,-13.32349,-14.98569,-16.64675,-18.30654,-19.96494,-21.62181,-23.27704,-24.9305,-26.58206,-28.2316,-30.19185,-32.18428,-34.55599,-36.99381,-39.30665,-42.06663,-44.70101,-47.40028,-50.38904,-53.92588,-57.57741,-59.08968,-60.30484,-61.73206,-62.56968,-63.90345,-64.90652,-66.15528,-67.67472,-68.53781,-69.67159,-71.10086,-72.16625,-73.19334,-74.18217,-75.13275,-76.04514,-77.68474,-78.92769,-80.54731,-82.1608,-84.18273,-86.21413,-88.25477,-90.30446,-92.36295,-94.43002,-96.50546,-98.58903,-100.6805
191.9342,191.883,190.8182,190.7382,190.6437,190.5347,190.4112,190.2732,190.1207,189.9537,189.7722,189.5763,189.366,189.1412,188.902,190.6238,193.312,196.9616,199.6007,202.2152,206.7641,210.3017,213.8088,220.2076,224.6175,230.9304,228.4828,226.0266,222.5986,218.2064,215.7344,213.256,209.8177,207.3303,204.8379,202.341,200.7826,198.2751,195.7645,193.2511,190.7356,189.1455,187.5475,185.942,185.2461,184.5362,184.7221,184.8868,185.03,185.1516,185.2514,185.3294,185.3853,185.419,185.4304
-5.025974,-6.700703,-8.331303,-9.996168,-11.66027,-13.32349,-14.98569,-16.64675,-18.30654,-19.96494,-21.62181,-23.27704,-24.9305,-26.58206,-28.2316,-30.19185,-32.34933,-34.72964,-36.99381,-39.30665,-42.06663,-44.70101,-47.40028,-50.83894,-53.92588,-57.57741,-59.08968,-60.56366,-61.73206,-62.56968,-63.90345,-65.19889,-66.15528,-67.3657,-68.53781,-69.67159,-71.10086,-72.16625,-73.19334,-74.18217,-75.13275,-76.41975,-77.68474,-78.92769,-80.54731,-82.1608,-84.18273,-86.21413,-88.25477,-90.30446,-92.36295,-94.43002,-96.50546,-98.58903,-100.6805
191.9342,190.8836,190.8182,190.7382,190.6437,190.5347,190.4112,190.2732,189.1253,189.9537,189.7722,189.5763,189.366,189.1412,188.902,190.6238,193.312,195.9767,200.584,202.2152,206.7641,210.3017,213.8088,220.2076,224.6175,230.9304,228.4828,225.0607,222.5986,218.2064,215.7344,213.256,210.7714,207.3303,204.8379,202.341,199.84,198.2751,195.7645,193.2511,190.7356,189.1455,187.5475,185.942,185.2461,185.4497,184.7221,185.7931,185.9326,185.1516,185.2514,185.3294,185.3853,185.419,185.4304
-5.025974,-6.665804,-8.331303,-9.996168,-11.66027,-13.32349,-14.98569,-16.64675,-18.21069,-19.96494,-21.62181,-23.27704,-24.9305,-26.58206,-28.2316,-30.19185,-32.34933,-34.55599,-37.17605,-39.30665,-42.06663,-44.70101,-47.40028,-50.83894,-53.92588,-57.57741,-59.08968,-60.30484,-61.73206,-62.56968,-63.90345,-65.19889,-66.45598,-67.3657,-68.53781,-69.67159,-70.76705,-72.16625,-73.19334,-74.18217,-75.13275,-76.41975,-77.68474,-78.92769,-80.54731,-82.56754,-84.18273,-86.63674,-88.68529,-90.30446,-92.36295,-94.43002,-96.50546,-98.58903,-100.6805
191.9342,190.8836,190.8182,190.7382,190.6437,190.5347,189.4143,189.277,190.1207,189.9537,189.7722,189.5763,189.366,189.1412,188.902,190.6238,193.312,195.9767,199.6007,202.2152,206.7641,210.3017,213.8088,218.2589,224.6175,230.9304,228.4828,226.0266,221.635,218.2064,215.7344,212.2997,209.8177,207.3303,204.8379,203.2865,200.7826,198.2751,195.7645,193.2511,190.7356,188.2183,187.5475,185.942,185.2461,185.4497,184.7221,184.8868,185.03,185.1516,185.2514,185.3294,185.3853,185.419,185.4304
-5.025974,-6.665804,-8.331303,-9.996168,-11.66027,-13.32349,-14.90723,-16.55959,-18.30654,-19.96494,-21.62181,-23.27704,-24.9305,-26.58206,-28.2316,-30.19185,-32.34933,-34.55599,-36.99381,-39.30665,-42.06663,-44.70101,-47.40028,-50.38904,-53.92588,-57.57741,-59.08968,-60.56366,-61.46483,-62.56968,-63.90345,-64.90652,-66.15528,-67.3657,-68.53781,-69.99715,-71.10086,-72.16625,-73.19334,-74.18217,-75.13275,-76.04514,-77.68474,-78.92769,-80.54731,-82.56754,-84.18273,-86.21413,-88.25477,-90.30446,-92.36295,-94.43002,-96.50546,-98.58903,-100.6805
191.9342,190.8836,190.8182,190.7382,190.6437,190.5347,190.4112,190.2732,189.1253,189.9537,189.7722,189.5763,189.366,189.1412,188.902,190.6238,193.312,196.9616,199.6007,202.2152,205.7842,210.3017,214.7851,218.2589,224.6175,230.9304,228.4828,225.0607,222.5986,218.2064,215.7344,212.2997,209.8177,207.3303,204.8379,202.341,199.84,198.2751,195.7645,193.2511,190.7356,188.2183,187.5475,185.942,185.2461,185.4497,184.7221,184.8868,185.03,185.1516,185.2514,185.3294,185.3853,185.419,185.4304
-5.025974,-6.665804,-8.331303,-9.996168,-11.66027,-13.32349,-14.98569,-16.64675,-18.21069,-19.96494,-21.62181,-23.27704,-24.9305,-26.58206,-28.2316,-30.19185,-32.34933,-34.72964,-36.99381,-39.30665,-41.86727,-44.70101,-47.61672,-50.38904,-53.92588,-57.57741,-59.08968,-60.30484,-61.73206,-62.56968,-63.90345,-64.90652,-66.15528,-67.3657,-68.53781,-69.67159,-70.76705,-72.16625,-73.19334,-74.18217,-75.13275,-76.04514,-77.68474,-78.92769,-80.54731,-82.56754,-84.18273,-86.21413,-88.25477,-90.30446,-92.36295,-94.43002,-96.50546,-98.58903,-100.6805
191.9342,190.8836,190.8182,190.7382,190.6437,190.5347,190.4112,190.2732,190.1207,189.9537,189.7722,189.5763,189.366,189.1412,189.891,190.6238,193.312,195.9767,198.6175,204.1785,206.7641,209.3236,213.8088,220.2076,224.6175,230.9304,227.5147,225.0607,221.635,218.2064,215.7344,212.2997,210.7714,207.3303,205.7862,203.2865,200.7826,198.2751,195.7645,193.2511,190.7356,189.1455,187.5475,185.942,185.2461,185.4497,184.7221,185.7931,185.03,185.1516,185.2514,185.3294,185.3853,185.419,185.4304
-5.025974,-6.665804,-8.331303,-9.996168,-11.66027,-13.32349,-14.98569,-16.64675,-18.30654,-19.96494,-21.62181,-23.27704,-24.9305,-26.58206,-28.37941,-30.19185,-32.34933,-34.55599,-36.81158,-39.68827,-42.06663,-44.4931,-47.40028,-50.83894,-53.92588,-57.57741,-58.8393,-60.30484,-61.46483,-62.56968,-63.90345,-64.90652,-66.45598,-67.3657,-68.85511,-69.99715,-71.10086,-72.16625,-73.19334,-74.18217,-75.13275,-76.41975,-77.68474,-78.92769,-80.54731,-82.56754,-84.18273,-86.63674,-88.25477,-90.30446,-92.36295,-94.43002,-96.50546,-98.58903,-100.6805
191.9342,190.8836,190.8182,190.7382,190.6437,190.5347,190.4112,190.2732,190.1207,189.9537,189.7722,189.5763,189.366,189.1412,189.891,190.6238,193.312,195.9767,200.584,202.2152,206.7641,210.3017,214.7851,220.2076,224.6175,230.9304,228.4828,225.0607,222.5986,218.2064,215.7344,213.256,209.8177,207.3303,204.8379,202.341,200.7826,198.2751,195.7645,193.2511,190.7356,189.1455,187.5475,185.942,185.2461,185.4497,184.7221,184.8868,185.03,185.1516,185.2514,185.3294,185.3853,185.419,185.4304
-5.025974,-6.665804,-8.331303,-9.996168,-11.66027,-13.32349,-14.98569,-16.64675,-18.30654,-19.96494,-21.62181,-23.27704,-24.9305,-26.58206,-28.37941,-30.19185,-32.34933,-34.55599,-37.17605,-39.30665,-42.06663,-44.70101,-47.61672,-50.83894,-53.92588,-57.57741,-59.08968,-60.30484,-61.73206,-62.56968,-63.90345,-65.19889,-66.15528,-67.3657,-68.53781,-69.67159,-71.10086,-72.16625,-73.19334,-74.18217,-75.13275,-76.41975,-77.68474,-78.92769,-80.54731,-82.56754,-84.18273,-86.21413,-88.25477,-90.30446,-92.36295,-94.43002,-96.50546,-98.58903,-100.6805
191.9342,190.8836,190.8182,190.7382,190.6437,190.5347,190.4112,190.2732,190.1207,189.9537,189.7722,189.5763,189.366,189.1412,189.891,190.6238,193.312,195.9767,198.6175,204.1785,205.7842,210.3017,213.8088,218.2589,224.6175,230.9304,228.4828,225.0607,222.5986,218.2064,215.7344,213.256,209.8177,207.3303,204.8379,203.2865,200.7826,198.2751,195.7645,193.2511,190.7356,189.1455,187.5475,185.942,185.2461,185.4497,184.7221,184.8868,185.03,185.1516,185.2514,185.3294,185.3853,185.419,185.4304
-5.025974,-6.665804,-8.331303,-9.996168,-11.66027,-13.32349,-14.98569,-16.64675,-18.30654,-19.96494,-21.62181,-23.27704,-24.9305,-26.58206,-28.37941,-30.19185,-32.34933,-34.55599,-36.81158,-39.68827,-41.86727,-44.70101,-47.40028,-50.38904,-53.92588,-57.57741,-59.08968,-60.30484,-61.73206,-62.56968,-63.90345,-65.19889,-66.15528,-67.3657,-68.53781,-69.99715,-71.10086,-72.16625,-73.19334,-74.18217,-75.13275,-76.41975,-77.68474,-78.92769,-80.54731,-82.56754,-84.18273,-86.21413,-88.25477,-90.30446,-92.36295,-94.43002,-96.50546,-98.58903,-100.6805
191.9342,190.8836,190.8182,190.7382,190.6437,190.5347,190.4112,190.2732,190.1207,189.9537,189.7722,189.5763,189.366,189.1412,188.902,190.6238,193.312,195.9767,199.6007,203.1968,206.7641,210.3017,213.8088,218.2589,224.6175,230.9304,228.4828,225.0607,221.635,218.2064,215.7344,213.256,210.7714,208.2814,204.8379,202.341,199.84,198.2751,195.7645,193.2511,190.7356,189.1455,187.5475,185.942,185.2461,185.4497,184.7221,184.8868,185.03,185.1516,185.2514,185.3294,185.3853,185.419,185.4304
-5.025974,-6.665804,-8.331303,-9.996168,-11.66027,-13.32349,-14.98569,-16.64675,-18.30654,-19.96494,-21.62181,-23.27704,-24.9305,-26.58206,-28.2316,-30.19185,-32.34933,-34.55599,-36.99381,-39.49746,-42.06663,-44.70101,-47.40028,-50.38904,-53.92588,-57.57741,-59.08968,-60.30484,-61.46483,-62.56968,-63.90345,-65.19889,-66.45598,-67.67472,-68.53781,-69.67159,-70.76705,-72.16625,-73.19334,-74.18217,-75.13275,-76.41975,-77.68474,-78.92769,-80.54731,-82.56754,-84.18273,-86.21413,-88.25477,-90.30446,-92.36295,-94.43002,-96.50546,-98.58903,-100.6805
191.9342,190.8836,190.8182,190.7382,190.6437,190.5347,190.4112,190.2732,190.1207,189.9537,189.7722,189.5763,189.366,189.1412,189.891,190.6238,193.312,195.9767,199.6007,203.1968,206.7641,210.3017,214.7851,218.2589,224.6175,229.9601,228.4828,225.0607,221.635,218.2064,215.7344,213.256,209.8177,207.3303,204.8379,202.341,200.7826,198.2751,195.7645,193.2511,190.7356,188.2183,187.5475,185.942,185.2461,185.4497,184.7221,184.8868,185.03,185.1516,185.2514,185.3294,185.3853,185.419,185.4304
-5.025974,-6.665804,-8.331303,-9.996168,-11.66027,-13.32349,-14.98569,-16.64675,-18.30654,-19.96494,-21.62181,-23.27704,-24.9305,-26.58206,-28.37941,-30.19185,-32.34933,-34.55599,-36.99381,-39.49746,-42.06663,-44.70101,-47.61672,-50.38904,-53.92588,-57.33549,-59.08968,-60.30484,-61.46483,-62.56968,-63.90345,-65.19889,-66.15528,-67.3657,-68.53781,-69.67159,-71.10086,-72.16625,-73.19334,-74.18217,-75.13275,-76.04514,-77.68474,-78.92769,-80.54731,-82.56754,-84.18273,-86.21413,-88.25477,-90.30446,-92.36295,-94.43002,-96.50546,-98.58903,-100.6805
190.9345,190.8836,190.8182,190.7382,190.6437,190.5347,190.4112,190.2732,190.1207,189.9537,189.7722,189.5763,189.366,189.1412,188.902,190.6238,193.312,195.9767,199.6007,203.1968,206.7641,210.3017,214.7851,218.2589,224.6175,230.9304,228.4828,225.0607,222.5986,218.2064,215.7344,213.256,209.8177,207.3303,204.8379,202.341,200.7826,198.2751,195.7645,193.2511,190.7356,189.1455,187.5475,185.942,185.2461,185.4497,184.7221,184.8868,185.03,185.1516,185.2514,185.3294,185.3853,185.419,185.4304
-4.999797,-6.665804,-8.331303,-9.996168,-11.66027,-13.32349,-14.98569,-16.64675,-18.30654,-19.96494,-21.62181,-23.27704,-24.9305,-26.58206,-28.2316,-30.19185,-32.34933,-34.55599,-36.99381,-39.49746,-42.06663,-44.70101,-47.61672,-50.38904,-53.92588,-57.57741,-59.08968,-60.30484,-61.73206,-62.56968,-63.90345,-65.19889,-66.15528,-67.3657,-68.53781,-69.67159,-71.10086,-72.16625,-73.19334,-74.18217,-75.13275,-76.41975,-77.68474,-78.92769,-80.54731,-82.56754,-84.18273,-86.21413,-88.25477,-90.30446,-92.36295,-94.43002,-96.50546,-98.58903,-100.6805
190.9345,190.8836,190.8182,190.7382,190.6437,190.5347,190.4112,190.2732,190.1207,189.9537,189.7722,189.5763,189.366,189.1412,188.902,190.6238,193.312,196.9616,199.6007,203.1968,206.7641,210.3017,213.8088,220.2076,224.6175,230.9304,228.4828,225.0607,221.635,218.2064,215.7344,213.256,210.7714,207.3303,204.8379,202.341,200.7826,198.2751,195.7645,193.2511,190.7356,188.2183,187.5475,185.942,185.2461,185.4497,184.7221,184.8868,185.03,185.1516,185.2514,185.3294,185.3853,185.419,185.4304
-4.999797,-6.665804,-8.331303,-9.996168,-11.66027,-13.32349,-14.98569,-16.64675,-18.30654,-19.96494,-21.62181,-23.27704,-24.9305,-26.58206,-28.2316,-30.19185,-32.34933,-34.72964,-36.99381,-39.49746,-42.06663,-44.70101,-47.40028,-50.83894,-53.92588,-57.57741,-59.08968,-60.30484,-61.46483,-62.56968,-63.90345,-65.19889,-66.45598,-67.3657,-68.53781,-69.67159,-71.10086,-72.16625,-73.19334,-74.18217,-75.13275,-76.04514,-77.68474,-78.92769,-80.54731,-82.56754,-84.18273,-86.21413,-88.25477,-90.30446,-92.36295,-94.43002,-96.50546,-98.58903,-100.6805
