113.2064,113.3005,114.1406,114.2004,113.4633,114.2608,114.2616,114.2429,113.4062,113.3438,113.2624,113.1621,113.8621,113.7294,112.7491,113.4085,113.2205,113.8578,115.3345,115.9591,117.4319,118.9048,120.3775,120.9794,121.5721,123.0344,124.4956,125.9555,126.5229,128.8705,129.4263,131.7775,132.3209,133.7643,135.2047,136.642,137.1552,139.5058,135.3688,125.6064,119.4983,114.274,112.7631,111.2317,110.6257,110.9539,111.2736,111.5849,111.8877,111.2231,111.5064,111.7811,112.0474,112.3051,112.5543,112.7949,113.0269,113.2503,112.487,112.6913,112.8871,113.0743,113.2529,113.4228,114.5718,116.7039
98.40885,96.76776,95.77535,94.13958,91.88078,90.88714,89.27091,87.66165,85.45773,83.87001,82.28994,80.71771,79.72712,78.16406,76.05023,75.06343,73.52627,72.53545,72.06902,71.0598,70.56022,70.04029,69.5,68.44687,67.38854,66.80223,66.19549,65.5683,64.46665,64.25249,63.12545,62.85462,61.70227,60.95991,60.19702,59.41361,58.21894,57.7852,54.69256,49.47767,45.8711,42.7253,41.04242,39.38921,38.09147,37.12464,36.15499,35.18258,34.20749,32.94578,31.97393,30.99965,30.02301,29.04408,28.06294,27.07966,26.09432,25.107,23.90984,22.92731,21.94303,20.95709,19.96954,18.98047,18.1464,17.44151
114.7159,113.3005,114.1406,114.2004,114.2405,114.2608,114.2616,114.2429,113.4062,113.3438,113.2624,113.1621,113.8621,112.9053,113.5781,113.4085,113.2205,113.8578,115.3345,115.9591,117.4319,118.9048,120.3775,120.9794,121.5721,123.0344,124.4956,125.9555,127.4139,128.8705,130.3251,131.7775,132.3209,133.7643,135.2047,136.642,137.1552,139.5058,135.3688,125.6064,117.6311,113.3373,112.7631,111.2317,111.5712,111.9022,111.2736,111.5849,111.8877,111.2231,111.5064,111.7811,112.0474,112.3051,112.5543,112.7949,112.0526,112.274,113.4651,112.6913,112.8871,113.0743,113.2529,113.4228,114.5718,114.7258
99.72097,96.76776,95.77535,94.13958,92.5101,90.88714,89.27091,87.66165,85.45773,83.87001,82.28994,80.71771,79.72712,77.59765,76.60943,75.06343,73.52627,72.53545,72.06902,71.0598,70.56022,70.04029,69.5,68.44687,67.38854,66.80223,66.19549,65.5683,64.92064,64.25249,63.56382,62.85462,61.70227,60.95991,60.19702,59.41361,58.21894,57.7852,54.69256,49.47767,45.15436,42.37509,41.04242,39.38921,38.41704,37.44195,36.15499,35.18258,34.20749,32.94578,31.97393,30.99965,30.02301,29.04408,28.06294,27.07966,25.86937,24.89056,24.11776,22.92731,21.94303,20.95709,19.96954,18.98047,18.1464,17.14589
113.9611,113.3005,114.9067,114.2004,114.2405,114.2608,114.2616,114.2429,113.4062,113.3438,113.2624,113.1621,113.8621,113.7294,112.7491,112.5746,113.2205,113.8578,115.3345,115.9591,117.4319,118.9048,119.5115,120.9794,121.5721,123.0344,124.4956,125.9555,127.4139,127.9756,129.4263,130.8749,132.3209,132.8543,135.2047,136.642,137.1552,139.5058,135.3688,126.5368,118.5647,113.3373,112.7631,111.2317,111.5712,110.9539,111.2736,111.5849,111.8877,111.2231,111.5064,111.7811,112.0474,112.3051,112.5543,112.7949,113.0269,112.274,112.487,112.6913,112.8871,113.0743,112.2681,113.4228,114.5718,115.7149
99.06491,96.76776,96.41814,94.13958,92.5101,90.88714,89.27091,87.66165,85.45773,83.87001,82.28994,80.71771,79.72712,78.16406,76.05023,74.51149,73.52627,72.53545,72.06902,71.0598,70.56022,70.04029,69,68.44687,67.38854,66.80223,66.19549,65.5683,64.92064,63.80629,63.12545,62.42411,61.70227,60.54521,60.19702,59.41361,58.21894,57.7852,54.69256,49.84417,45.51273,42.37509,41.04242,39.38921,38.41704,37.12464,36.15499,35.18258,34.20749,32.94578,31.97393,30.99965,30.02301,29.04408,28.06294,27.07966,26.09432,24.89056,23.90984,22.92731,21.94303,20.95709,19.79589,18.98047,18.1464,17.2937
113.2064,113.3005,114.9067,114.2004,113.4633,114.2608,114.2616,114.2429,113.4062,113.3438,112.4534,113.1621,113.8621,113.7294,112.7491,112.5746,113.2205,113.8578,115.3345,116.8117,117.4319,118.9048,120.3775,120.9794,121.5721,123.0344,124.4956,125.9555,127.4139,128.8705,130.3251,131.7775,132.3209,133.7643,135.2047,136.642,137.1552,139.5058,135.3688,125.6064,119.4983,114.274,112.7631,111.2317,111.5712,110.9539,111.2736,111.5849,111.8877,111.2231,111.5064,111.7811,112.0474,112.3051,112.5543,112.7949,113.0269,113.2503,112.487,112.6913,112.8871,113.0743,113.2529,113.4228,113.5842,113.7368
98.40885,96.76776,96.41814,94.13958,91.88078,90.88714,89.27091,87.66165,85.45773,83.87001,81.70215,80.71771,79.72712,78.16406,76.05023,74.51149,73.52627,72.53545,72.06902,71.5823,70.56022,70.04029,69.5,68.44687,67.38854,66.80223,66.19549,65.5683,64.92064,64.25249,63.56382,62.85462,61.70227,60.95991,60.19702,59.41361,58.21894,57.7852,54.69256,49.47767,45.8711,42.7253,41.04242,39.38921,38.41704,37.12464,36.15499,35.18258,34.20749,32.94578,31.97393,30.99965,30.02301,29.04408,28.06294,27.07966,26.09432,25.107,23.90984,22.92731,21.94303,20.95709,19.96954,18.98047,17.98996,16.99808
115.4706,113.3005,114.9067,114.2004,114.2405,114.2608,114.2616,114.2429,113.4062,113.3438,113.2624,113.1621,113.8621,113.7294,113.5781,113.4085,113.2205,113.8578,115.3345,115.9591,117.4319,118.9048,120.3775,120.9794,121.5721,123.0344,124.4956,125.9555,127.4139,128.8705,130.3251,131.7775,132.3209,133.7643,135.2047,136.642,137.1552,139.5058,135.3688,125.6064,119.4983,113.3373,112.7631,111.2317,111.5712,110.9539,111.2736,111.5849,111.8877,111.2231,111.5064,111.7811,112.0474,112.3051,112.5543,112.7949,113.0269,112.274,112.487,112.6913,112.8871,113.0743,113.2529,113.4228,113.5842,115.7149
100.377,96.76776,96.41814,94.13958,92.5101,90.88714,89.27091,87.66165,85.45773,83.87001,82.28994,80.71771,79.72712,78.16406,76.60943,75.06343,73.52627,72.53545,72.06902,71.0598,70.56022,70.04029,69.5,68.44687,67.38854,66.80223,66.19549,65.5683,64.92064,64.25249,63.56382,62.85462,61.70227,60.95991,60.19702,59.41361,58.21894,57.7852,54.69256,49.47767,45.8711,42.37509,41.04242,39.38921,38.41704,37.12464,36.15499,35.18258,34.20749,32.94578,31.97393,30.99965,30.02301,29.04408,28.06294,27.07966,26.09432,24.89056,23.90984,22.92731,21.94303,20.95709,19.96954,18.98047,17.98996,17.2937
110.1876,113.3005,114.1406,114.2004,114.2405,114.2608,114.2616,114.2429,113.4062,113.3438,113.2624,113.1621,113.8621,113.7294,113.5781,113.4085,113.2205,113.8578,115.3345,116.8117,117.4319,118.9048,120.3775,120.9794,121.5721,123.0344,124.4956,125.9555,127.4139,128.8705,130.3251,130.8749,132.3209,133.7643,135.2047,136.642,137.1552,139.5058,135.3688,125.6064,119.4983,114.274,112.7631,111.2317,111.5712,110.9539,111.2736,111.5849,111.8877,111.2231,111.5064,111.7811,112.0474,112.3051,112.5543,111.8225,113.0269,113.2503,112.487,112.6913,112.8871,113.0743,113.2529,113.4228,113.5842,119.6709
95.78462,96.76776,95.77535,94.13958,92.5101,90.88714,89.27091,87.66165,85.45773,83.87001,82.28994,80.71771,79.72712,78.16406,76.60943,75.06343,73.52627,72.53545,72.06902,71.5823,70.56022,70.04029,69.5,68.44687,67.38854,66.80223,66.19549,65.5683,64.92064,64.25249,63.56382,62.42411,61.70227,60.95991,60.19702,59.41361,58.21894,57.7852,54.69256,49.47767,45.8711,42.7253,41.04242,39.38921,38.41704,37.12464,36.15499,35.18258,34.20749,32.94578,31.97393,30.99965,30.02301,29.04408,28.06294,26.84622,26.09432,25.107,23.90984,22.92731,21.94303,20.95709,19.96954,18.98047,17.98996,17.88494
115.4706,113.3005,114.9067,114.2004,113.4633,114.2608,114.2616,114.2429,113.4062,113.3438,113.2624,113.1621,113.8621,113.7294,113.5781,112.5746,113.2205,113.8578,115.3345,115.9591,117.4319,118.9048,120.3775,120.9794,121.5721,123.0344,124.4956,125.9555,127.4139,128.8705,130.3251,131.7775,132.3209,133.7643,135.2047,136.642,137.1552,139.5058,135.3688,125.6064,119.4983,114.274,112.7631,111.2317,111.5712,110.9539,111.2736,111.5849,111.8877,111.2231,111.5064,111.7811,112.0474,112.3051,112.5543,112.7949,112.0526,112.274,112.487,112.6913,112.8871,113.0743,113.2529,113.4228,113.5842,120.6599
100.377,96.76776,96.41814,94.13958,91.88078,90.88714,89.27091,87.66165,85.45773,83.87001,82.28994,80.71771,79.72712,78.16406,76.60943,74.51149,73.52627,72.53545,72.06902,71.0598,70.56022,70.04029,69.5,68.44687,67.38854,66.80223,66.19549,65.5683,64.92064,64.25249,63.56382,62.85462,61.70227,60.95991,60.19702,59.41361,58.21894,57.7852,54.69256,49.47767,45.8711,42.7253,41.04242,39.38921,38.41704,37.12464,36.15499,35.18258,34.20749,32.94578,31.97393,30.99965,30.02301,29.04408,28.06294,27.07966,25.86937,24.89056,23.90984,22.92731,21.94303,20.95709,19.96954,18.98047,17.98996,18.03275
117.7347,113.3005,114.1406,114.2004,114.2405,114.2608,114.2616,113.4495,113.4062,113.3438,113.2624,113.1621,113.8621,113.7294,113.5781,113.4085,113.2205,113.8578,115.3345,115.9591,117.4319,118.9048,120.3775,120.9794,121.5721,123.0344,124.4956,125.9555,127.4139,128.8705,129.4263,131.7775,132.3209,133.7643,135.2047,136.642,137.1552,139.5058,135.3688,125.6064,118.5647,114.274,112.7631,111.2317,111.5712,110.9539,111.2736,111.5849,111.8877,111.2231,111.5064,111.7811,112.0474,112.3051,112.5543,112.7949,113.0269,113.2503,112.487,112.6913,112.8871,113.0743,113.2529,113.4228,113.5842,114.7258
102.3452,96.76776,95.77535,94.13958,92.5101,90.88714,89.27091,87.05288,85.45773,83.87001,82.28994,80.71771,79.72712,78.16406,76.60943,75.06343,73.52627,72.53545,72.06902,71.0598,70.56022,70.04029,69.5,68.44687,67.38854,66.80223,66.19549,65.5683,64.92064,64.25249,63.12545,62.85462,61.70227,60.95991,60.19702,59.41361,58.21894,57.7852,54.69256,49.47767,45.51273,42.7253,41.04242,39.38921,38.41704,37.12464,36.15499,35.18258,34.20749,32.94578,31.97393,30.99965,30.02301,29.04408,28.06294,27.07966,26.09432,25.107,23.90984,22.92731,21.94303,20.95709,19.96954,18.98047,17.98996,17.14589
116.2253,113.3005,114.1406,114.2004,114.2405,114.2608,114.2616,113.4495,114.2049,113.3438,113.2624,113.1621,113.8621,112.9053,112.7491,112.5746,113.2205,113.8578,114.4865,115.9591,117.4319,118.9048,120.3775,120.9794,121.5721,123.0344,124.4956,125.9555,126.5229,128.8705,129.4263,131.7775,132.3209,133.7643,135.2047,136.642,137.1552,139.5058,135.3688,126.5368,119.4983,114.274,112.7631,111.2317,111.5712,110.9539,111.2736,111.5849,110.9314,111.2231,111.5064,111.7811,112.0474,112.3051,112.5543,112.7949,113.0269,112.274,112.487,112.6913,112.8871,113.0743,113.2529,113.4228,113.5842,116.7039
101.0331,96.76776,95.77535,94.13958,92.5101,90.88714,89.27091,87.05288,86.05955,83.87001,82.28994,80.71771,79.72712,77.59765,76.05023,74.51149,73.52627,72.53545,71.5391,71.0598,70.56022,70.04029,69.5,68.44687,67.38854,66.80223,66.19549,65.5683,64.46665,64.25249,63.12545,62.85462,61.70227,60.95991,60.19702,59.41361,58.21894,57.7852,54.69256,49.84417,45.8711,42.7253,41.04242,39.38921,38.41704,37.12464,36.15499,35.18258,33.91512,32.94578,31.97393,30.99965,30.02301,29.04408,28.06294,27.07966,26.09432,24.89056,23.90984,22.92731,21.94303,20.95709,19.96954,18.98047,17.98996,17.44151
117.7347,113.3005,114.1406,114.2004,114.2405,114.2608,114.2616,114.2429,114.2049,113.3438,113.2624,113.1621,113.043,112.9053,113.5781,112.5746,113.2205,113.8578,115.3345,115.9591,117.4319,118.9048,120.3775,120.9794,121.5721,123.0344,124.4956,125.9555,127.4139,128.8705,130.3251,131.7775,132.3209,133.7643,135.2047,136.642,137.1552,139.5058,135.3688,126.5368,119.4983,114.274,112.7631,111.2317,111.5712,111.9022,111.2736,111.5849,110.9314,111.2231,111.5064,111.7811,112.0474,112.3051,112.5543,112.7949,112.0526,112.274,112.487,112.6913,112.8871,113.0743,113.2529,113.4228,113.5842,117.6929
102.3452,96.76776,95.77535,94.13958,92.5101,90.88714,89.27091,87.66165,86.05955,83.87001,82.28994,80.71771,79.15355,77.59765,76.60943,74.51149,73.52627,72.53545,72.06902,71.0598,70.56022,70.04029,69.5,68.44687,67.38854,66.80223,66.19549,65.5683,64.92064,64.25249,63.56382,62.85462,61.70227,60.95991,60.19702,59.41361,58.21894,57.7852,54.69256,49.84417,45.8711,42.7253,41.04242,39.38921,38.41704,37.44195,36.15499,35.18258,33.91512,32.94578,31.97393,30.99965,30.02301,29.04408,28.06294,27.07966,25.86937,24.89056,23.90984,22.92731,21.94303,20.95709,19.96954,18.98047,17.98996,17.58932
112.4517,113.3005,114.1406,114.2004,114.2405,114.2608,114.2616,114.2429,114.2049,113.3438,113.2624,113.1621,113.8621,112.9053,113.5781,113.4085,113.2205,113.8578,115.3345,116.8117,117.4319,118.9048,120.3775,120.9794,121.5721,123.0344,124.4956,125.9555,127.4139,128.8705,130.3251,130.8749,132.3209,133.7643,135.2047,136.642,137.1552,139.5058,135.3688,125.6064,119.4983,114.274,112.7631,111.2317,111.5712,111.9022,111.2736,111.5849,110.9314,112.1819,111.5064,111.7811,112.0474,112.3051,112.5543,112.7949,113.0269,112.274,113.4651,112.6913,112.8871,113.0743,113.2529,113.4228,114.5718,115.7149
97.7528,96.76776,95.77535,94.13958,92.5101,90.88714,89.27091,87.66165,86.05955,83.87001,82.28994,80.71771,79.72712,77.59765,76.60943,75.06343,73.52627,72.53545,72.06902,71.5823,70.56022,70.04029,69.5,68.44687,67.38854,66.80223,66.19549,65.5683,64.92064,64.25249,63.56382,62.42411,61.70227,60.95991,60.19702,59.41361,58.21894,57.7852,54.69256,49.47767,45.8711,42.7253,41.04242,39.38921,38.41704,37.44195,36.15499,35.18258,33.91512,33.2298,31.97393,30.99965,30.02301,29.04408,28.06294,27.07966,26.09432,24.89056,24.11776,22.92731,21.94303,20.95709,19.96954,18.98047,18.1464,17.2937
116.2253,113.3005,114.9067,114.2004,114.2405,114.2608,114.2616,114.2429,113.4062,113.3438,113.2624,113.1621,113.043,112.9053,113.5781,113.4085,113.2205,113.8578,114.4865,115.9591,117.4319,118.9048,120.3775,120.9794,121.5721,123.0344,124.4956,125.9555,127.4139,128.8705,130.3251,130.8749,132.3209,133.7643,135.2047,136.642,137.1552,139.5058,135.3688,125.6064,119.4983,114.274,112.7631,111.2317,111.5712,111.9022,111.2736,111.5849,110.9314,111.2231,111.5064,111.7811,112.0474,112.3051,112.5543,112.7949,113.0269,112.274,112.487,112.6913,112.8871,113.0743,113.2529,113.4228,113.5842,119.6709
101.0331,96.76776,96.41814,94.13958,92.5101,90.88714,89.27091,87.66165,85.45773,83.87001,82.28994,80.71771,79.15355,77.59765,76.60943,75.06343,73.52627,72.53545,71.5391,71.0598,70.56022,70.04029,69.5,68.44687,67.38854,66.80223,66.19549,65.5683,64.92064,64.25249,63.56382,62.42411,61.70227,60.95991,60.19702,59.41361,58.21894,57.7852,54.69256,49.47767,45.8711,42.7253,41.04242,39.38921,38.41704,37.44195,36.15499,35.18258,33.91512,32.94578,31.97393,30.99965,30.02301,29.04408,28.06294,27.07966,26.09432,24.89056,23.90984,22.92731,21.94303,20.95709,19.96954,18.98047,17.98996,17.88494
114.7159,113.3005,114.1406,114.2004,113.4633,114.2608,114.2616,113.4495,113.4062,113.3438,113.2624,113.1621,113.8621,112.9053,113.5781,112.5746,113.2205,113.8578,115.3345,115.9591,117.4319,118.9048,120.3775,120.9794,121.5721,123.0344,124.4956,125.9555,127.4139,128.8705,130.3251,131.7775,132.3209,133.7643,135.2047,136.642,137.1552,139.5058,135.3688,125.6064,119.4983,113.3373,112.7631,111.2317,111.5712,110.9539,111.2736,111.5849,110.9314,111.2231,111.5064,111.7811,112.0474,112.3051,112.5543,112.7949,113.0269,113.2503,112.487,112.6913,112.8871,113.0743,113.2529,113.4228,113.5842,115.7149
99.72097,96.76776,95.77535,94.13958,91.88078,90.88714,89.27091,87.05288,85.45773,83.87001,82.28994,80.71771,79.72712,77.59765,76.60943,74.51149,73.52627,72.53545,72.06902,71.0598,70.56022,70.04029,69.5,68.44687,67.38854,66.80223,66.19549,65.5683,64.92064,64.25249,63.56382,62.85462,61.70227,60.95991,60.19702,59.41361,58.21894,57.7852,54.69256,49.47767,45.8711,42.37509,41.04242,39.38921,38.41704,37.12464,36.15499,35.18258,33.91512,32.94578,31.97393,30.99965,30.02301,29.04408,28.06294,27.07966,26.09432,25.107,23.90984,22.92731,21.94303,20.95709,19.96954,18.98047,17.98996,17.2937
113.2064,113.3005,114.1406,114.2004,114.2405,114.2608,114.2616,114.2429,113.4062,113.3438,113.2624,113.1621,113.8621,113.7294,112.7491,113.4085,113.2205,113.8578,115.3345,116.8117,117.4319,118.9048,120.3775,120.9794,121.5721,123.0344,124.4956,125.9555,127.4139,128.8705,130.3251,131.7775,132.3209,133.7643,135.2047,136.642,137.1552,139.5058,135.3688,126.5368,118.5647,112.4007,112.7631,111.2317,111.5712,110.9539,111.2736,111.5849,110.9314,111.2231,111.5064,111.7811,112.0474,112.3051,112.5543,112.7949,113.0269,112.274,112.487,112.6913,112.8871,113.0743,113.2529,113.4228,113.5842,115.7149
98.40885,96.76776,95.77535,94.13958,92.5101,90.88714,89.27091,87.66165,85.45773,83.87001,82.28994,80.71771,79.72712,78.16406,76.05023,75.06343,73.52627,72.53545,72.06902,71.5823,70.56022,70.04029,69.5,68.44687,67.38854,66.80223,66.19549,65.5683,64.92064,64.25249,63.56382,62.85462,61.70227,60.95991,60.19702,59.41361,58.21894,57.7852,54.69256,49.84417,45.51273,42.02489,41.04242,39.38921,38.41704,37.12464,36.15499,35.18258,33.91512,32.94578,31.97393,30.99965,30.02301,29.04408,28.06294,27.07966,26.09432,24.89056,23.90984,22.92731,21.94303,20.95709,19.96954,18.98047,17.98996,17.2937
115.4706,113.3005,114.1406,114.2004,114.2405,114.2608,114.2616,114.2429,113.4062,113.3438,113.2624,113.1621,113.8621,112.9053,112.7491,112.5746,113.2205,113.8578,114.4865,116.8117,117.4319,118.9048,120.3775,120.9794,121.5721,123.0344,124.4956,125.9555,127.4139,128.8705,129.4263,131.7775,132.3209,133.7643,135.2047,136.642,137.1552,139.5058,135.3688,125.6064,119.4983,114.274,112.7631,111.2317,111.5712,111.9022,111.2736,111.5849,111.8877,111.2231,111.5064,111.7811,112.0474,112.3051,112.5543,112.7949,112.0526,112.274,112.487,112.6913,112.8871,113.0743,113.2529,113.4228,114.5718,115.7149
100.377,96.76776,95.77535,94.13958,92.5101,90.88714,89.27091,87.66165,85.45773,83.87001,82.28994,80.71771,79.72712,77.59765,76.05023,74.51149,73.52627,72.53545,71.5391,71.5823,70.56022,70.04029,69.5,68.44687,67.38854,66.80223,66.19549,65.5683,64.92064,64.25249,63.12545,62.85462,61.70227,60.95991,60.19702,59.41361,58.21894,57.7852,54.69256,49.47767,45.8711,42.7253,41.04242,39.38921,38.41704,37.44195,36.15499,35.18258,34.20749,32.94578,31.97393,30.99965,30.02301,29.04408,28.06294,27.07966,25.86937,24.89056,23.90984,22.92731,21.94303,20.95709,19.96954,18.98047,18.1464,17.2937
113.2064,113.3005,114.1406,114.2004,114.2405,114.2608,114.2616,114.2429,113.4062,113.3438,113.2624,113.1621,113.8621,113.7294,113.5781,113.4085,113.2205,113.8578,115.3345,116.8117,117.4319,118.9048,120.3775,120.9794,121.5721,123.0344,124.4956,125.9555,127.4139,128.8705,130.3251,130.8749,132.3209,133.7643,135.2047,136.642,137.1552,139.5058,135.3688,125.6064,119.4983,114.274,112.7631,111.2317,111.5712,110.9539,111.2736,110.6312,111.8877,111.2231,111.5064,111.7811,112.0474,112.3051,112.5543,112.7949,112.0526,112.274,112.487,112.6913,112.8871,113.0743,113.2529,113.4228,114.5718,116.7039
98.40885,96.76776,95.77535,94.13958,92.5101,90.88714,89.27091,87.66165,85.45773,83.87001,82.28994,80.71771,79.72712,78.16406,76.60943,75.06343,73.52627,72.53545,72.06902,71.5823,70.56022,70.04029,69.5,68.44687,67.38854,66.80223,66.19549,65.5683,64.92064,64.25249,63.56382,62.42411,61.70227,60.95991,60.19702,59.41361,58.21894,57.7852,54.69256,49.47767,45.8711,42.7253,41.04242,39.38921,38.41704,37.12464,36.15499,34.88187,34.20749,32.94578,31.97393,30.99965,30.02301,29.04408,28.06294,27.07966,25.86937,24.89056,23.90984,22.92731,21.94303,20.95709,19.96954,18.98047,18.1464,17.44151
116.98,113.3005,114.1406,114.2004,114.2405,114.2608,114.2616,114.2429,113.4062,113.3438,113.2624,113.1621,113.8621,113.7294,113.5781,113.4085,113.2205,113.8578,115.3345,116.8117,117.4319,118.9048,120.3775,120.9794,121.5721,123.0344,124.4956,125.0685,126.5229,127.9756,129.4263,131.7775,132.3209,133.7643,135.2047,136.642,137.1552,139.5058,135.3688,125.6064,119.4983,114.274,112.7631,111.2317,111.5712,110.9539,112.2247,111.5849,111.8877,111.2231,111.5064,111.7811,112.0474,112.3051,112.5543,112.7949,113.0269,113.2503,112.487,112.6913,112.8871,113.0743,113.2529,113.4228,113.5842,117.6929
101.6891,96.76776,95.77535,94.13958,92.5101,90.88714,89.27091,87.66165,85.45773,83.87001,82.28994,80.71771,79.72712,78.16406,76.60943,75.06343,73.52627,72.53545,72.06902,71.5823,70.56022,70.04029,69.5,68.44687,67.38854,66.80223,66.19549,65.10655,64.46665,63.80629,63.12545,62.85462,61.70227,60.95991,60.19702,59.41361,58.21894,57.7852,54.69256,49.47767,45.8711,42.7253,41.04242,39.38921,38.41704,37.12464,36.46401,35.18258,34.20749,32.94578,31.97393,30.99965,30.02301,29.04408,28.06294,27.07966,26.09432,25.107,23.90984,22.92731,21.94303,20.95709,19.96954,18.98047,17.98996,17.58932
113.2064,113.3005,114.1406,114.2004,114.2405,114.2608,114.2616,114.2429,114.2049,113.3438,113.2624,113.1621,113.8621,112.9053,112.7491,112.5746,113.2205,113.8578,115.3345,115.9591,118.2891,118.9048,119.5115,120.9794,121.5721,123.0344,124.4956,125.9555,127.4139,128.8705,129.4263,131.7775,132.3209,133.7643,135.2047,136.642,137.1552,139.5058,135.3688,125.6064,118.5647,114.274,112.7631,111.2317,111.5712,111.9022,111.2736,111.5849,110.9314,111.2231,111.5064,111.7811,112.0474,112.3051,112.5543,112.7949,113.0269,112.274,112.487,112.6913,112.8871,113.0743,113.2529,112.4366,113.5842,118.6819
98.40885,96.76776,95.77535,94.13958,92.5101,90.88714,89.27091,87.66165,86.05955,83.87001,82.28994,80.71771,79.72712,77.59765,76.05023,74.51149,73.52627,72.53545,72.06902,71.0598,71.07525,70.04029,69,68.44687,67.38854,66.80223,66.19549,65.5683,64.92064,64.25249,63.12545,62.85462,61.70227,60.95991,60.19702,59.41361,58.21894,57.7852,54.69256,49.47767,45.51273,42.7253,41.04242,39.38921,38.41704,37.44195,36.15499,35.18258,33.91512,32.94578,31.97393,30.99965,30.02301,29.04408,28.06294,27.07966,26.09432,24.89056,23.90984,22.92731,21.94303,20.95709,19.96954,18.81543,17.98996,17.73713
114.7159,114.0609,114.1406,114.9721,114.2405,114.2608,114.2616,114.2429,113.4062,113.3438,113.2624,113.1621,113.8621,113.7294,113.5781,113.4085,113.2205,113.8578,114.4865,115.9591,117.4319,118.9048,120.3775,120.9794,121.5721,123.0344,124.4956,125.9555,127.4139,128.8705,130.3251,131.7775,132.3209,133.7643,135.2047,136.642,138.0757,139.5058,135.3688,125.6064,119.4983,114.274,112.7631,111.2317,111.5712,110.9539,111.2736,111.5849,111.8877,112.1819,111.5064,111.7811,112.0474,112.3051,112.5543,112.7949,113.0269,113.2503,112.487,112.6913,112.8871,113.0743,113.2529,113.4228,113.5842,116.7039
99.72097,97.41721,95.77535,94.77565,92.5101,90.88714,89.27091,87.66165,85.45773,83.87001,82.28994,80.71771,79.72712,78.16406,76.60943,75.06343,73.52627,72.53545,71.5391,71.0598,70.56022,70.04029,69.5,68.44687,67.38854,66.80223,66.19549,65.5683,64.92064,64.25249,63.56382,62.85462,61.70227,60.95991,60.19702,59.41361,58.60967,57.7852,54.69256,49.47767,45.8711,42.7253,41.04242,39.38921,38.41704,37.12464,36.15499,35.18258,34.20749,33.2298,31.97393,30.99965,30.02301,29.04408,28.06294,27.07966,26.09432,25.107,23.90984,22.92731,21.94303,20.95709,19.96954,18.98047,17.98996,17.44151
117.7347,113.3005,114.1406,114.2004,113.4633,114.2608,114.2616,114.2429,114.2049,113.3438,113.2624,113.1621,113.8621,112.9053,112.7491,112.5746,113.2205,113.8578,115.3345,115.9591,117.4319,118.9048,120.3775,120.9794,121.5721,123.0344,124.4956,125.9555,127.4139,128.8705,130.3251,131.7775,132.3209,133.7643,135.2047,136.642,138.0757,139.5058,135.3688,125.6064,118.5647,114.274,112.7631,112.1743,111.5712,110.9539,111.2736,111.5849,111.8877,111.2231,111.5064,111.7811,112.0474,112.3051,112.5543,112.7949,112.0526,112.274,112.487,112.6913,112.8871,113.0743,113.2529,113.4228,113.5842,112.7478
102.3452,96.76776,95.77535,94.13958,91.88078,90.88714,89.27091,87.66165,86.05955,83.87001,82.28994,80.71771,79.72712,77.59765,76.05023,74.51149,73.52627,72.53545,72.06902,71.0598,70.56022,70.04029,69.5,68.44687,67.38854,66.80223,66.19549,65.5683,64.92064,64.25249,63.56382,62.85462,61.70227,60.95991,60.19702,59.41361,58.60967,57.7852,54.69256,49.47767,45.51273,42.7253,41.04242,39.72302,38.41704,37.12464,36.15499,35.18258,34.20749,32.94578,31.97393,30.99965,30.02301,29.04408,28.06294,27.07966,25.86937,24.89056,23.90984,22.92731,21.94303,20.95709,19.96954,18.98047,17.98996,16.85027
113.2064,113.3005,114.1406,114.2004,114.2405,114.2608,114.2616,114.2429,113.4062,113.3438,113.2624,113.1621,113.8621,112.9053,112.7491,112.5746,113.2205,113.8578,115.3345,116.8117,117.4319,118.9048,120.3775,120.9794,121.5721,123.0344,124.4956,125.9555,127.4139,128.8705,130.3251,131.7775,132.3209,133.7643,135.2047,136.642,137.1552,139.5058,135.3688,125.6064,119.4983,113.3373,112.7631,111.2317,110.6257,110.9539,111.2736,111.5849,111.8877,111.2231,111.5064,111.7811,112.0474,112.3051,112.5543,112.7949,112.0526,112.274,112.487,112.6913,112.8871,113.0743,113.2529,113.4228,113.5842,118.6819
98.40885,96.76776,95.77535,94.13958,92.5101,90.88714,89.27091,87.66165,85.45773,83.87001,82.28994,80.71771,79.72712,77.59765,76.05023,74.51149,73.52627,72.53545,72.06902,71.5823,70.56022,70.04029,69.5,68.44687,67.38854,66.80223,66.19549,65.5683,64.92064,64.25249,63.56382,62.85462,61.70227,60.95991,60.19702,59.41361,58.21894,57.7852,54.69256,49.47767,45.8711,42.37509,41.04242,39.38921,38.09147,37.12464,36.15499,35.18258,34.20749,32.94578,31.97393,30.99965,30.02301,29.04408,28.06294,27.07966,25.86937,24.89056,23.90984,22.92731,21.94303,20.95709,19.96954,18.98047,17.98996,17.73713
