119.4983,120.0239,119.6067,119.1805,118.7451,118.3007,118.7609,118.295,117.82,117.3361,116.8432,116.3415,115.8308,116.1984,115.6661,115.125,113.7006,113.1462,112.5833,112.0118,112.2889,111.6959,113.6384,115.5446,118.2526,121.7473,124.3556,128.5637,130.2452,128.6303,126.2067,124.5978,122.9899,120.5897,118.9896,117.3912,115.7947,114.2004,112.6085,111.0193,109.4329,108.5986,107.756,105.4307,104.5836,103.0032,102.1463,101.2816,101.1163,100.23,100.7255,99.81141,99.57176,98.63617,99.03133,98.73039,97.7528,97.41721,97.06093,96.68389,95.6567,95.86725
-45.8711,-47.27866,-48.32425,-49.36616,-50.40432,-51.43863,-52.87576,-53.91012,-54.94037,-55.96644,-56.98825,-58.00572,-59.01876,-60.48907,-61.50077,-62.5078,-63.02525,-64.01506,-65,-65.97999,-67.46999,-68.44731,-71.00918,-73.61005,-76.7941,-80.5828,-83.87894,-88.35937,-91.19865,-91.75107,-91.6945,-92.19753,-92.67951,-92.53174,-92.96488,-93.3772,-93.76874,-94.13958,-94.48978,-94.81942,-95.12856,-96.07991,-97.02394,-96.6094,-97.52577,-97.74635,-98.64149,-99.52912,-101.1163,-101.9948,-104.3043,-105.1793,-106.7776,-107.6425,-109.9854,-111.5944,-112.4517,-114.0609,-115.6727,-117.2869,-118.1262,-120.5217
119.4983,120.0239,120.5339,119.1805,118.7451,118.3007,118.7609,118.295,117.82,116.4335,116.8432,116.3415,114.9398,115.3114,114.7832,114.2462,113.7006,113.1462,112.5833,112.8734,112.2889,111.6959,114.4865,115.5446,118.2526,121.7473,124.3556,128.5637,130.2452,128.6303,126.2067,124.5978,122.9899,120.5897,118.9896,117.3912,115.7947,114.2004,112.6085,111.0193,109.4329,109.3475,107.0129,106.1679,104.5836,103.0032,102.1463,101.2816,101.1163,100.9309,100.7255,100.4998,99.57176,99.31176,99.03133,98.06777,98.40885,97.41721,97.06093,96.68389,96.28602,93.99971
-45.8711,-47.27866,-48.69886,-49.36616,-50.40432,-51.43863,-52.87576,-53.91012,-54.94037,-55.53593,-56.98825,-58.00572,-58.56477,-60.02732,-61.0313,-62.03064,-63.02525,-64.01506,-65,-66.48753,-67.46999,-68.44731,-71.5391,-73.61005,-76.7941,-80.5828,-83.87894,-88.35937,-91.19865,-91.75107,-91.6945,-92.19753,-92.67951,-92.53174,-92.96488,-93.3772,-93.76874,-94.13958,-94.48978,-94.81942,-95.12856,-96.74253,-96.35481,-97.28499,-97.52577,-97.74635,-98.64149,-99.52912,-101.1163,-102.7081,-104.3043,-105.9047,-106.7776,-108.3798,-109.9854,-110.8454,-113.2064,-114.0609,-115.6727,-117.2869,-118.9033,-118.1738
119.4983,120.0239,119.6067,119.1805,118.7451,119.2178,118.7609,117.385,117.82,117.3361,115.9444,116.3415,115.8308,115.3114,114.7832,114.2462,113.7006,113.1462,112.5833,112.8734,112.2889,111.6959,113.6384,115.5446,118.2526,121.7473,123.5266,127.7396,130.2452,128.6303,126.2067,124.5978,122.9899,121.3831,118.9896,117.3912,115.7947,114.2004,112.6085,111.0193,109.4329,107.8496,107.0129,106.1679,104.5836,103.0032,102.1463,101.2816,101.1163,100.9309,100.7255,100.4998,99.57176,99.31176,99.03133,98.06777,97.7528,97.41721,96.41814,96.68389,95.6567,93.3772
-45.8711,-47.27866,-48.32425,-49.36616,-50.40432,-51.83738,-52.87576,-53.49543,-54.94037,-55.96644,-56.54988,-58.00572,-59.01876,-60.02732,-61.0313,-62.03064,-63.02525,-64.01506,-65,-66.48753,-67.46999,-68.44731,-71.00918,-73.61005,-76.7941,-80.5828,-83.31974,-87.79297,-91.19865,-91.75107,-91.6945,-92.19753,-92.67951,-93.1405,-92.96488,-93.3772,-93.76874,-94.13958,-94.48978,-94.81942,-95.12856,-95.41729,-96.35481,-97.28499,-97.52577,-97.74635,-98.64149,-99.52912,-101.1163,-102.7081,-104.3043,-105.9047,-106.7776,-108.3798,-109.9854,-110.8454,-112.4517,-114.0609,-114.9067,-117.2869,-118.1262,-117.3912
119.4983,120.0239,119.6067,120.1043,119.6656,119.2178,118.7609,118.295,117.82,117.3361,116.8432,116.3415,115.8308,115.3114,114.7832,114.2462,113.7006,114.0166,113.4493,112.8734,112.2889,111.6959,113.6384,115.5446,118.2526,121.7473,123.5266,128.5637,130.2452,128.6303,126.2067,124.5978,122.1912,120.5897,118.9896,117.3912,115.7947,114.2004,112.6085,111.0193,109.4329,109.3475,107.0129,106.1679,104.5836,103.7285,102.1463,101.9948,101.1163,100.9309,100.0308,99.81141,99.57176,99.31176,99.03133,98.73039,97.09674,97.41721,97.06093,96.68389,95.6567,93.99971
-45.8711,-47.27866,-48.32425,-49.74885,-50.79505,-51.83738,-52.87576,-53.91012,-54.94037,-55.96644,-56.98825,-58.00572,-59.01876,-60.02732,-61.0313,-62.03064,-63.02525,-64.50749,-65.5,-66.48753,-67.46999,-68.44731,-71.00918,-73.61005,-76.7941,-80.5828,-83.31974,-88.35937,-91.19865,-91.75107,-91.6945,-92.19753,-92.0777,-92.53174,-92.96488,-93.3772,-93.76874,-94.13958,-94.48978,-94.81942,-95.12856,-96.74253,-96.35481,-97.28499,-97.52577,-98.4347,-98.64149,-100.23,-101.1163,-102.7081,-103.5849,-105.1793,-106.7776,-108.3798,-109.9854,-111.5944,-111.697,-114.0609,-115.6727,-117.2869,-118.1262,-118.1738
119.4983,120.0239,119.6067,119.1805,118.7451,119.2178,117.8474,118.295,117.82,117.3361,115.9444,115.4465,115.8308,115.3114,114.7832,114.2462,114.5752,113.1462,112.5833,112.8734,112.2889,111.6959,113.6384,115.5446,118.2526,120.9134,123.5266,128.5637,130.2452,128.6303,126.2067,124.5978,122.9899,120.5897,119.7776,117.3912,115.7947,114.2004,112.6085,111.0193,110.1876,108.5986,107.756,106.1679,104.5836,103.0032,102.1463,101.2816,101.1163,100.9309,100.7255,100.4998,99.57176,99.31176,99.03133,98.73039,98.40885,97.41721,97.06093,96.68389,95.6567,95.24474
-45.8711,-47.27866,-48.32425,-49.36616,-50.40432,-51.83738,-52.46903,-53.91012,-54.94037,-55.96644,-56.54988,-57.55952,-59.01876,-60.02732,-61.0313,-62.03064,-63.51006,-64.01506,-65,-66.48753,-67.46999,-68.44731,-71.00918,-73.61005,-76.7941,-80.03086,-83.31974,-88.35937,-91.19865,-91.75107,-91.6945,-92.19753,-92.67951,-92.53174,-93.58054,-93.3772,-93.76874,-94.13958,-94.48978,-94.81942,-95.78462,-96.07991,-97.02394,-97.28499,-97.52577,-97.74635,-98.64149,-99.52912,-101.1163,-102.7081,-104.3043,-105.9047,-106.7776,-108.3798,-109.9854,-111.5944,-113.2064,-114.0609,-115.6727,-117.2869,-118.1262,-119.739
118.5647,120.0239,120.5339,119.1805,119.6656,119.2178,117.8474,118.295,117.82,117.3361,116.8432,116.3415,115.8308,115.3114,115.6661,114.2462,113.7006,114.0166,112.5833,112.8734,112.2889,111.6959,114.4865,115.5446,118.2526,121.7473,123.5266,128.5637,130.2452,128.6303,126.2067,124.5978,122.9899,121.3831,119.7776,117.3912,115.7947,114.2004,112.6085,111.0193,109.4329,108.5986,107.0129,106.1679,104.5836,103.0032,102.1463,101.2816,101.1163,100.9309,100.7255,99.81141,99.57176,99.31176,99.03133,98.73039,97.7528,97.41721,96.41814,96.68389,95.6567,96.48977
-45.51273,-47.27866,-48.69886,-49.36616,-50.79505,-51.83738,-52.46903,-53.91012,-54.94037,-55.96644,-56.98825,-58.00572,-59.01876,-60.02732,-61.50077,-62.03064,-63.02525,-64.50749,-65,-66.48753,-67.46999,-68.44731,-71.5391,-73.61005,-76.7941,-80.5828,-83.31974,-88.35937,-91.19865,-91.75107,-91.6945,-92.19753,-92.67951,-93.1405,-93.58054,-93.3772,-93.76874,-94.13958,-94.48978,-94.81942,-95.12856,-96.07991,-96.35481,-97.28499,-97.52577,-97.74635,-98.64149,-99.52912,-101.1163,-102.7081,-104.3043,-105.1793,-106.7776,-108.3798,-109.9854,-111.5944,-112.4517,-114.0609,-114.9067,-117.2869,-118.1262,-121.3043
118.5647,120.0239,119.6067,119.1805,119.6656,118.3007,118.7609,118.295,117.82,117.3361,116.8432,116.3415,116.7219,115.3114,115.6661,115.125,113.7006,113.1462,112.5833,112.0118,112.2889,111.6959,113.6384,115.5446,119.0912,121.7473,123.5266,127.7396,130.2452,128.6303,126.2067,124.5978,122.9899,120.5897,119.7776,117.3912,115.7947,114.2004,112.6085,111.0193,109.4329,107.8496,107.0129,106.1679,104.5836,103.0032,102.1463,101.2816,101.1163,100.9309,100.0308,99.81141,99.57176,99.31176,99.03133,98.73039,97.7528,97.41721,97.06093,96.68389,95.6567,93.99971
-45.51273,-47.27866,-48.32425,-49.36616,-50.79505,-51.43863,-52.87576,-53.91012,-54.94037,-55.96644,-56.98825,-58.00572,-59.47276,-60.02732,-61.50077,-62.5078,-63.02525,-64.01506,-65,-65.97999,-67.46999,-68.44731,-71.00918,-73.61005,-77.33874,-80.5828,-83.31974,-87.79297,-91.19865,-91.75107,-91.6945,-92.19753,-92.67951,-92.53174,-93.58054,-93.3772,-93.76874,-94.13958,-94.48978,-94.81942,-95.12856,-95.41729,-96.35481,-97.28499,-97.52577,-97.74635,-98.64149,-99.52912,-101.1163,-102.7081,-103.5849,-105.1793,-106.7776,-108.3798,-109.9854,-111.5944,-112.4517,-114.0609,-115.6727,-117.2869,-118.1262,-118.1738
119.4983,120.0239,120.5339,119.1805,119.6656,119.2178,118.7609,118.295,117.82,116.4335,116.8432,116.3415,115.8308,115.3114,114.7832,114.2462,113.7006,113.1462,113.4493,112.8734,112.2889,111.6959,113.6384,115.5446,118.2526,121.7473,123.5266,128.5637,130.2452,127.8161,126.2067,123.794,122.9899,120.5897,118.9896,117.3912,115.7947,114.2004,112.6085,111.0193,110.1876,108.5986,107.756,106.1679,104.5836,103.0032,102.1463,101.2816,101.1163,100.9309,100.7255,99.81141,99.57176,98.63617,99.03133,98.73039,97.7528,97.41721,97.06093,96.68389,96.28602,95.86725
-45.8711,-47.27866,-48.69886,-49.36616,-50.79505,-51.83738,-52.87576,-53.91012,-54.94037,-55.53593,-56.98825,-58.00572,-59.01876,-60.02732,-61.0313,-62.03064,-63.02525,-64.01506,-65.5,-66.48753,-67.46999,-68.44731,-71.00918,-73.61005,-76.7941,-80.5828,-83.31974,-88.35937,-91.19865,-91.17036,-91.6945,-91.60271,-92.67951,-92.53174,-92.96488,-93.3772,-93.76874,-94.13958,-94.48978,-94.81942,-95.78462,-96.07991,-97.02394,-97.28499,-97.52577,-97.74635,-98.64149,-99.52912,-101.1163,-102.7081,-104.3043,-105.1793,-106.7776,-107.6425,-109.9854,-111.5944,-112.4517,-114.0609,-115.6727,-117.2869,-118.9033,-120.5217
119.4983,120.0239,119.6067,119.1805,118.7451,119.2178,118.7609,118.295,117.82,117.3361,115.9444,115.4465,116.7219,116.1984,114.7832,114.2462,113.7006,113.1462,112.5833,112.8734,112.2889,111.6959,113.6384,115.5446,118.2526,121.7473,124.3556,128.5637,130.2452,128.6303,126.2067,124.5978,122.9899,120.5897,119.7776,117.3912,115.7947,114.2004,112.6085,111.0193,110.1876,107.8496,107.756,106.1679,104.5836,103.0032,102.1463,101.2816,101.1163,100.9309,100.7255,100.4998,99.57176,99.31176,99.03133,98.73039,97.7528,97.41721,97.06093,96.68389,95.6567,93.3772
-45.8711,-47.27866,-48.32425,-49.36616,-50.40432,-51.83738,-52.87576,-53.91012,-54.94037,-55.96644,-56.54988,-57.55952,-59.47276,-60.48907,-61.0313,-62.03064,-63.02525,-64.01506,-65,-66.48753,-67.46999,-68.44731,-71.00918,-73.61005,-76.7941,-80.5828,-83.87894,-88.35937,-91.19865,-91.75107,-91.6945,-92.19753,-92.67951,-92.53174,-93.58054,-93.3772,-93.76874,-94.13958,-94.48978,-94.81942,-95.78462,-95.41729,-97.02394,-97.28499,-97.52577,-97.74635,-98.64149,-99.52912,-101.1163,-102.7081,-104.3043,-105.9047,-106.7776,-108.3798,-109.9854,-111.5944,-112.4517,-114.0609,-115.6727,-117.2869,-118.1262,-117.3912
118.5647,120.0239,119.6067,119.1805,118.7451,118.3007,117.8474,117.385,117.82,117.3361,116.8432,116.3415,116.7219,115.3114,115.6661,115.125,113.7006,113.1462,112.5833,112.8734,111.4317,111.6959,113.6384,115.5446,118.2526,120.9134,124.3556,127.7396,129.426,128.6303,126.2067,124.5978,122.1912,120.5897,118.9896,117.3912,115.7947,114.2004,113.3746,111.0193,110.1876,108.5986,107.756,106.1679,104.5836,103.0032,102.1463,101.9948,101.1163,100.9309,100.0308,99.81141,99.57176,99.31176,98.3622,98.06777,97.7528,98.06666,97.06093,96.68389,95.6567,94.62222
-45.51273,-47.27866,-48.32425,-49.36616,-50.40432,-51.43863,-52.46903,-53.49543,-54.94037,-55.96644,-56.98825,-58.00572,-59.47276,-60.02732,-61.50077,-62.5078,-63.02525,-64.01506,-65,-66.48753,-66.95495,-68.44731,-71.00918,-73.61005,-76.7941,-80.03086,-83.87894,-87.79297,-90.62508,-91.75107,-91.6945,-92.19753,-92.0777,-92.53174,-92.96488,-93.3772,-93.76874,-94.13958,-95.13257,-94.81942,-95.78462,-96.07991,-97.02394,-97.28499,-97.52577,-97.74635,-98.64149,-100.23,-101.1163,-102.7081,-103.5849,-105.1793,-106.7776,-108.3798,-109.2423,-110.8454,-112.4517,-114.8213,-115.6727,-117.2869,-118.1262,-118.9564
119.4983,120.9543,119.6067,119.1805,119.6656,119.2178,117.8474,118.295,117.82,117.3361,116.8432,116.3415,116.7219,114.4244,115.6661,114.2462,113.7006,113.1462,112.5833,112.0118,112.2889,111.6959,113.6384,115.5446,118.2526,121.7473,123.5266,128.5637,130.2452,128.6303,126.2067,124.5978,122.9899,120.5897,118.9896,117.3912,115.7947,114.2004,112.6085,111.0193,109.4329,108.5986,107.756,106.1679,104.5836,103.0032,102.1463,101.2816,101.1163,100.23,100.7255,99.81141,99.57176,99.31176,99.03133,98.06777,97.7528,98.06666,96.41814,96.68389,95.6567,95.24474
-45.8711,-47.64516,-48.32425,-49.36616,-50.79505,-51.83738,-52.46903,-53.91012,-54.94037,-55.96644,-56.98825,-58.00572,-59.47276,-59.56557,-61.50077,-62.03064,-63.02525,-64.01506,-65,-65.97999,-67.46999,-68.44731,-71.00918,-73.61005,-76.7941,-80.5828,-83.31974,-88.35937,-91.19865,-91.75107,-91.6945,-92.19753,-92.67951,-92.53174,-92.96488,-93.3772,-93.76874,-94.13958,-94.48978,-94.81942,-95.12856,-96.07991,-97.02394,-97.28499,-97.52577,-97.74635,-98.64149,-99.52912,-101.1163,-101.9948,-104.3043,-105.1793,-106.7776,-108.3798,-109.9854,-110.8454,-112.4517,-114.8213,-114.9067,-117.2869,-118.1262,-119.739
119.4983,120.0239,119.6067,119.1805,118.7451,118.3007,118.7609,118.295,117.82,117.3361,116.8432,115.4465,115.8308,114.4244,115.6661,114.2462,113.7006,113.1462,112.5833,112.0118,112.2889,111.6959,114.4865,115.5446,119.0912,121.7473,124.3556,127.7396,130.2452,128.6303,126.2067,124.5978,122.9899,120.5897,118.9896,117.3912,115.7947,114.2004,112.6085,111.0193,109.4329,109.3475,106.2697,106.1679,104.5836,103.0032,102.1463,101.2816,101.1163,100.9309,100.0308,99.81141,99.57176,99.31176,98.3622,98.73039,97.7528,97.41721,97.06093,96.68389,95.6567,93.99971
-45.8711,-47.27866,-48.32425,-49.36616,-50.40432,-51.43863,-52.87576,-53.91012,-54.94037,-55.96644,-56.98825,-57.55952,-59.01876,-59.56557,-61.50077,-62.03064,-63.02525,-64.01506,-65,-65.97999,-67.46999,-68.44731,-71.5391,-73.61005,-77.33874,-80.5828,-83.87894,-87.79297,-91.19865,-91.75107,-91.6945,-92.19753,-92.67951,-92.53174,-92.96488,-93.3772,-93.76874,-94.13958,-94.48978,-94.81942,-95.12856,-96.74253,-95.68568,-97.28499,-97.52577,-97.74635,-98.64149,-99.52912,-101.1163,-102.7081,-103.5849,-105.1793,-106.7776,-108.3798,-109.2423,-111.5944,-112.4517,-114.0609,-115.6727,-117.2869,-118.1262,-118.1738
119.4983,120.9543,119.6067,119.1805,118.7451,119.2178,118.7609,117.385,117.82,117.3361,116.8432,116.3415,115.8308,114.4244,115.6661,114.2462,114.5752,113.1462,112.5833,112.8734,112.2889,111.6959,114.4865,115.5446,118.2526,121.7473,123.5266,128.5637,130.2452,128.6303,126.2067,123.794,122.9899,121.3831,118.9896,117.3912,115.7947,114.2004,112.6085,111.0193,109.4329,108.5986,107.756,106.1679,104.5836,103.0032,102.1463,101.2816,101.1163,100.9309,100.7255,99.81141,100.2538,99.31176,99.03133,98.06777,97.7528,97.41721,97.06093,96.68389,95.6567,94.62222
-45.8711,-47.64516,-48.32425,-49.36616,-50.40432,-51.83738,-52.87576,-53.49543,-54.94037,-55.96644,-56.98825,-58.00572,-59.01876,-59.56557,-61.50077,-62.03064,-63.51006,-64.01506,-65,-66.48753,-67.46999,-68.44731,-71.5391,-73.61005,-76.7941,-80.5828,-83.31974,-88.35937,-91.19865,-91.75107,-91.6945,-91.60271,-92.67951,-93.1405,-92.96488,-93.3772,-93.76874,-94.13958,-94.48978,-94.81942,-95.12856,-96.07991,-97.02394,-97.28499,-97.52577,-97.74635,-98.64149,-99.52912,-101.1163,-102.7081,-104.3043,-105.1793,-107.509,-108.3798,-109.9854,-110.8454,-112.4517,-114.0609,-115.6727,-117.2869,-118.1262,-118.9564
119.4983,120.0239,119.6067,119.1805,119.6656,118.3007,118.7609,118.295,117.82,117.3361,116.8432,116.3415,115.8308,116.1984,114.7832,114.2462,113.7006,114.0166,113.4493,112.8734,112.2889,111.6959,113.6384,115.5446,118.2526,121.7473,123.5266,127.7396,130.2452,128.6303,126.2067,124.5978,122.9899,120.5897,118.9896,117.3912,115.7947,114.2004,112.6085,111.0193,109.4329,108.5986,107.756,106.1679,104.5836,103.0032,102.1463,101.2816,101.1163,100.9309,100.7255,99.81141,99.57176,99.31176,99.03133,98.73039,97.7528,97.41721,96.41814,96.68389,95.6567,95.86725
-45.8711,-47.27866,-48.32425,-49.36616,-50.79505,-51.43863,-52.87576,-53.91012,-54.94037,-55.96644,-56.98825,-58.00572,-59.01876,-60.48907,-61.0313,-62.03064,-63.02525,-64.50749,-65.5,-66.48753,-67.46999,-68.44731,-71.00918,-73.61005,-76.7941,-80.5828,-83.31974,-87.79297,-91.19865,-91.75107,-91.6945,-92.19753,-92.67951,-92.53174,-92.96488,-93.3772,-93.76874,-94.13958,-94.48978,-94.81942,-95.12856,-96.07991,-97.02394,-97.28499,-97.52577,-97.74635,-98.64149,-99.52912,-101.1163,-102.7081,-104.3043,-105.1793,-106.7776,-108.3798,-109.9854,-111.5944,-112.4517,-114.0609,-114.9067,-117.2869,-118.1262,-120.5217
118.5647,120.0239,119.6067,119.1805,118.7451,118.3007,117.8474,118.295,117.82,117.3361,116.8432,115.4465,115.8308,115.3114,114.7832,114.2462,114.5752,113.1462,112.5833,112.0118,112.2889,111.6959,113.6384,115.5446,119.0912,121.7473,124.3556,127.7396,130.2452,127.8161,126.2067,124.5978,122.9899,120.5897,119.7776,117.3912,115.7947,114.2004,112.6085,111.0193,109.4329,107.8496,107.0129,106.1679,104.5836,103.0032,102.1463,101.2816,101.1163,100.9309,100.0308,99.81141,99.57176,99.31176,99.03133,98.06777,97.09674,97.41721,96.41814,96.68389,95.6567,95.24474
-45.51273,-47.27866,-48.32425,-49.36616,-50.40432,-51.43863,-52.46903,-53.91012,-54.94037,-55.96644,-56.98825,-57.55952,-59.01876,-60.02732,-61.0313,-62.03064,-63.51006,-64.01506,-65,-65.97999,-67.46999,-68.44731,-71.00918,-73.61005,-77.33874,-80.5828,-83.87894,-87.79297,-91.19865,-91.17036,-91.6945,-92.19753,-92.67951,-92.53174,-93.58054,-93.3772,-93.76874,-94.13958,-94.48978,-94.81942,-95.12856,-95.41729,-96.35481,-97.28499,-97.52577,-97.74635,-98.64149,-99.52912,-101.1163,-102.7081,-103.5849,-105.1793,-106.7776,-108.3798,-109.9854,-110.8454,-111.697,-114.0609,-114.9067,-117.2869,-118.1262,-119.739
119.4983,120.0239,119.6067,119.1805,118.7451,119.2178,117.8474,118.295,117.82,117.3361,115.9444,115.4465,115.8308,115.3114,115.6661,114.2462,113.7006,113.1462,112.5833,112.8734,112.2889,111.6959,113.6384,115.5446,118.2526,121.7473,123.5266,128.5637,130.2452,128.6303,126.2067,124.5978,122.1912,120.5897,118.9896,117.3912,115.7947,114.2004,112.6085,111.0193,110.1876,108.5986,107.756,106.1679,104.5836,103.0032,102.1463,101.2816,101.1163,100.9309,100.0308,99.81141,99.57176,99.31176,98.3622,98.06777,98.40885,97.41721,97.06093,96.68389,95.6567,95.24474
-45.8711,-47.27866,-48.32425,-49.36616,-50.40432,-51.83738,-52.46903,-53.91012,-54.94037,-55.96644,-56.54988,-57.55952,-59.01876,-60.02732,-61.50077,-62.03064,-63.02525,-64.01506,-65,-66.48753,-67.46999,-68.44731,-71.00918,-73.61005,-76.7941,-80.5828,-83.31974,-88.35937,-91.19865,-91.75107,-91.6945,-92.19753,-92.0777,-92.53174,-92.96488,-93.3772,-93.76874,-94.13958,-94.48978,-94.81942,-95.78462,-96.07991,-97.02394,-97.28499,-97.52577,-97.74635,-98.64149,-99.52912,-101.1163,-102.7081,-103.5849,-105.1793,-106.7776,-108.3798,-109.2423,-110.8454,-113.2064,-114.0609,-115.6727,-117.2869,-118.1262,-119.739
119.4983,120.0239,119.6067,119.1805,118.7451,118.3007,118.7609,118.295,117.82,117.3361,116.8432,116.3415,115.8308,115.3114,114.7832,114.2462,113.7006,113.1462,112.5833,112.0118,112.2889,111.6959,114.4865,115.5446,119.0912,121.7473,123.5266,128.5637,130.2452,128.6303,126.2067,124.5978,122.9899,120.5897,118.9896,117.3912,116.5719,114.2004,112.6085,111.0193,109.4329,108.5986,107.0129,106.1679,104.5836,103.0032,102.1463,101.2816,101.1163,100.9309,100.7255,100.4998,99.57176,99.31176,98.3622,98.06777,97.7528,96.76776,97.06093,96.68389,96.28602,94.62222
-45.8711,-47.27866,-48.32425,-49.36616,-50.40432,-51.43863,-52.87576,-53.91012,-54.94037,-55.96644,-56.98825,-58.00572,-59.01876,-60.02732,-61.0313,-62.03064,-63.02525,-64.01506,-65,-65.97999,-67.46999,-68.44731,-71.5391,-73.61005,-77.33874,-80.5828,-83.31974,-88.35937,-91.19865,-91.75107,-91.6945,-92.19753,-92.67951,-92.53174,-92.96488,-93.3772,-94.39806,-94.13958,-94.48978,-94.81942,-95.12856,-96.07991,-96.35481,-97.28499,-97.52577,-97.74635,-98.64149,-99.52912,-101.1163,-102.7081,-104.3043,-105.9047,-106.7776,-108.3798,-109.2423,-110.8454,-112.4517,-113.3005,-115.6727,-117.2869,-118.9033,-118.9564
119.4983,120.0239,119.6067,119.1805,118.7451,118.3007,117.8474,118.295,117.82,117.3361,116.8432,116.3415,115.8308,116.1984,114.7832,114.2462,113.7006,113.1462,113.4493,112.0118,112.2889,111.6959,113.6384,115.5446,118.2526,121.7473,124.3556,128.5637,130.2452,128.6303,126.2067,124.5978,122.9899,120.5897,118.9896,117.3912,116.5719,114.2004,112.6085,111.0193,110.1876,107.8496,107.756,106.1679,104.5836,103.0032,102.1463,101.2816,101.1163,100.9309,100.7255,99.81141,100.2538,99.31176,99.03133,98.73039,97.7528,97.41721,97.06093,96.04781,95.6567,93.99971
-45.8711,-47.27866,-48.32425,-49.36616,-50.40432,-51.43863,-52.46903,-53.91012,-54.94037,-55.96644,-56.98825,-58.00572,-59.01876,-60.48907,-61.0313,-62.03064,-63.02525,-64.01506,-65.5,-65.97999,-67.46999,-68.44731,-71.00918,-73.61005,-76.7941,-80.5828,-83.87894,-88.35937,-91.19865,-91.75107,-91.6945,-92.19753,-92.67951,-92.53174,-92.96488,-93.3772,-94.39806,-94.13958,-94.48978,-94.81942,-95.78462,-95.41729,-97.02394,-97.28499,-97.52577,-97.74635,-98.64149,-99.52912,-101.1163,-102.7081,-104.3043,-105.1793,-107.509,-108.3798,-109.9854,-111.5944,-112.4517,-114.0609,-115.6727,-116.5153,-118.1262,-118.1738
119.4983,120.0239,119.6067,119.1805,119.6656,118.3007,117.8474,118.295,117.82,117.3361,116.8432,115.4465,115.8308,115.3114,114.7832,114.2462,113.7006,113.1462,113.4493,112.8734,112.2889,111.6959,113.6384,115.5446,118.2526,121.7473,123.5266,128.5637,130.2452,128.6303,126.2067,124.5978,122.9899,121.3831,119.7776,117.3912,115.7947,114.2004,113.3746,111.0193,109.4329,107.8496,107.0129,106.1679,104.5836,103.0032,102.1463,101.2816,101.1163,100.9309,100.7255,99.81141,99.57176,99.31176,99.03133,98.06777,98.40885,97.41721,97.06093,96.68389,95.6567,95.86725
-45.8711,-47.27866,-48.32425,-49.36616,-50.79505,-51.43863,-52.46903,-53.91012,-54.94037,-55.96644,-56.98825,-57.55952,-59.01876,-60.02732,-61.0313,-62.03064,-63.02525,-64.01506,-65.5,-66.48753,-67.46999,-68.44731,-71.00918,-73.61005,-76.7941,-80.5828,-83.31974,-88.35937,-91.19865,-91.75107,-91.6945,-92.19753,-92.67951,-93.1405,-93.58054,-93.3772,-93.76874,-94.13958,-95.13257,-94.81942,-95.12856,-95.41729,-96.35481,-97.28499,-97.52577,-97.74635,-98.64149,-99.52912,-101.1163,-102.7081,-104.3043,-105.1793,-106.7776,-108.3798,-109.9854,-110.8454,-113.2064,-114.0609,-115.6727,-117.2869,-118.1262,-120.5217
119.4983,119.0934,120.5339,119.1805,119.6656,118.3007,117.8474,118.295,117.82,117.3361,116.8432,116.3415,115.8308,115.3114,113.9002,114.2462,113.7006,113.1462,113.4493,112.8734,112.2889,111.6959,113.6384,115.5446,118.2526,121.7473,123.5266,128.5637,129.426,128.6303,127.0157,124.5978,122.9899,120.5897,119.7776,117.3912,115.7947,114.2004,112.6085,111.0193,109.4329,108.5986,107.756,106.1679,104.5836,103.0032,101.4269,101.2816,101.1163,100.9309,100.0308,100.4998,99.57176,99.31176,99.03133,98.73039,98.40885,97.41721,96.41814,96.68389,96.28602,95.86725
-45.8711,-46.91216,-48.69886,-49.36616,-50.79505,-51.43863,-52.46903,-53.91012,-54.94037,-55.96644,-56.98825,-58.00572,-59.01876,-60.02732,-60.56183,-62.03064,-63.02525,-64.01506,-65.5,-66.48753,-67.46999,-68.44731,-71.00918,-73.61005,-76.7941,-80.5828,-83.31974,-88.35937,-90.62508,-91.75107,-92.28228,-92.19753,-92.67951,-92.53174,-93.58054,-93.3772,-93.76874,-94.13958,-94.48978,-94.81942,-95.12856,-96.07991,-97.02394,-97.28499,-97.52577,-97.74635,-97.94683,-99.52912,-101.1163,-102.7081,-103.5849,-105.9047,-106.7776,-108.3798,-109.9854,-111.5944,-113.2064,-114.0609,-114.9067,-117.2869,-118.9033,-120.5217
119.4983,119.0934,120.5339,119.1805,119.6656,118.3007,117.8474,118.295,117.82,117.3361,116.8432,116.3415,115.8308,115.3114,114.7832,114.2462,114.5752,113.1462,113.4493,112.0118,112.2889,111.6959,113.6384,115.5446,118.2526,121.7473,124.3556,128.5637,130.2452,128.6303,126.2067,124.5978,122.9899,121.3831,119.7776,117.3912,115.7947,114.2004,112.6085,111.0193,109.4329,108.5986,107.756,106.1679,104.5836,103.0032,102.1463,101.2816,101.1163,100.9309,100.7255,99.81141,99.57176,99.31176,99.03133,98.06777,97.7528,97.41721,97.06093,96.68389,95.6567,95.24474
-45.8711,-46.91216,-48.69886,-49.36616,-50.79505,-51.43863,-52.46903,-53.91012,-54.94037,-55.96644,-56.98825,-58.00572,-59.01876,-60.02732,-61.0313,-62.03064,-63.51006,-64.01506,-65.5,-65.97999,-67.46999,-68.44731,-71.00918,-73.61005,-76.7941,-80.5828,-83.87894,-88.35937,-91.19865,-91.75107,-91.6945,-92.19753,-92.67951,-93.1405,-93.58054,-93.3772,-93.76874,-94.13958,-94.48978,-94.81942,-95.12856,-96.07991,-97.02394,-97.28499,-97.52577,-97.74635,-98.64149,-99.52912,-101.1163,-102.7081,-104.3043,-105.1793,-106.7776,-108.3798,-109.9854,-110.8454,-112.4517,-114.0609,-115.6727,-117.2869,-118.1262,-119.739
118.5647,120.0239,119.6067,119.1805,119.6656,119.2178,118.7609,118.295,117.82,117.3361,116.8432,115.4465,114.9398,115.3114,114.7832,115.125,113.7006,113.1462,112.5833,112.0118,112.2889,111.6959,113.6384,115.5446,118.2526,121.7473,123.5266,128.5637,130.2452,128.6303,126.2067,124.5978,122.1912,120.5897,118.9896,117.3912,115.7947,114.2004,112.6085,111.0193,109.4329,108.5986,107.0129,106.1679,104.5836,103.0032,102.1463,101.2816,101.1163,100.9309,100.7255,100.4998,99.57176,99.31176,99.03133,98.73039,98.40885,98.06666,97.06093,96.68389,96.28602,94.62222
-45.51273,-47.27866,-48.32425,-49.36616,-50.79505,-51.83738,-52.87576,-53.91012,-54.94037,-55.96644,-56.98825,-57.55952,-58.56477,-60.02732,-61.0313,-62.5078,-63.02525,-64.01506,-65,-65.97999,-67.46999,-68.44731,-71.00918,-73.61005,-76.7941,-80.5828,-83.31974,-88.35937,-91.19865,-91.75107,-91.6945,-92.19753,-92.0777,-92.53174,-92.96488,-93.3772,-93.76874,-94.13958,-94.48978,-94.81942,-95.12856,-96.07991,-96.35481,-97.28499,-97.52577,-97.74635,-98.64149,-99.52912,-101.1163,-102.7081,-104.3043,-105.9047,-106.7776,-108.3798,-109.9854,-111.5944,-113.2064,-114.8213,-115.6727,-117.2869,-118.9033,-118.9564
119.4983,120.0239,119.6067,119.1805,118.7451,119.2178,117.8474,118.295,117.82,117.3361,116.8432,116.3415,115.8308,114.4244,115.6661,114.2462,113.7006,113.1462,113.4493,112.8734,112.2889,111.6959,114.4865,115.5446,119.0912,121.7473,123.5266,128.5637,130.2452,128.6303,126.2067,124.5978,122.9899,121.3831,118.9896,117.3912,115.7947,114.2004,112.6085,111.7797,109.4329,109.3475,107.0129,106.1679,104.5836,103.0032,102.1463,101.2816,101.1163,100.9309,100.0308,100.4998,99.57176,98.63617,99.03133,98.73039,98.40885,97.41721,97.06093,96.68389,95.6567,95.86725
-45.8711,-47.27866,-48.32425,-49.36616,-50.40432,-51.83738,-52.46903,-53.91012,-54.94037,-55.96644,-56.98825,-58.00572,-59.01876,-59.56557,-61.50077,-62.03064,-63.02525,-64.01506,-65.5,-66.48753,-67.46999,-68.44731,-71.5391,-73.61005,-77.33874,-80.5828,-83.31974,-88.35937,-91.19865,-91.75107,-91.6945,-92.19753,-92.67951,-93.1405,-92.96488,-93.3772,-93.76874,-94.13958,-94.48978,-95.46886,-95.12856,-96.74253,-96.35481,-97.28499,-97.52577,-97.74635,-98.64149,-99.52912,-101.1163,-102.7081,-103.5849,-105.9047,-106.7776,-107.6425,-109.9854,-111.5944,-113.2064,-114.0609,-115.6727,-117.2869,-118.1262,-120.5217
119.4983,120.0239,119.6067,119.1805,119.6656,118.3007,117.8474,117.385,117.82,117.3361,116.8432,115.4465,114.9398,115.3114,114.7832,115.125,114.5752,113.1462,113.4493,112.8734,112.2889,111.6959,113.6384,115.5446,119.0912,121.7473,124.3556,128.5637,130.2452,128.6303,126.2067,124.5978,122.1912,120.5897,118.9896,117.3912,115.7947,114.2004,112.6085,111.0193,109.4329,108.5986,107.756,105.4307,104.5836,103.0032,102.1463,101.2816,101.1163,100.9309,100.0308,99.81141,99.57176,99.31176,99.03133,98.73039,97.7528,97.41721,97.06093,96.68389,95.6567,95.24474
-45.8711,-47.27866,-48.32425,-49.36616,-50.79505,-51.43863,-52.46903,-53.49543,-54.94037,-55.96644,-56.98825,-57.55952,-58.56477,-60.02732,-61.0313,-62.5078,-63.51006,-64.01506,-65.5,-66.48753,-67.46999,-68.44731,-71.00918,-73.61005,-77.33874,-80.5828,-83.87894,-88.35937,-91.19865,-91.75107,-91.6945,-92.19753,-92.0777,-92.53174,-92.96488,-93.3772,-93.76874,-94.13958,-94.48978,-94.81942,-95.12856,-96.07991,-97.02394,-96.6094,-97.52577,-97.74635,-98.64149,-99.52912,-101.1163,-102.7081,-103.5849,-105.1793,-106.7776,-108.3798,-109.9854,-111.5944,-112.4517,-114.0609,-115.6727,-117.2869,-118.1262,-119.739
118.5647,120.0239,119.6067,119.1805,118.7451,119.2178,117.8474,117.385,117.82,117.3361,116.8432,116.3415,115.8308,115.3114,114.7832,114.2462,113.7006,113.1462,112.5833,112.0118,112.2889,111.6959,114.4865,115.5446,118.2526,121.7473,125.1847,128.5637,130.2452,128.6303,126.2067,124.5978,122.1912,121.3831,118.9896,117.3912,115.7947,114.2004,112.6085,111.0193,110.1876,109.3475,107.0129,106.1679,104.5836,103.0032,102.1463,101.9948,101.1163,100.9309,100.7255,100.4998,99.57176,99.31176,99.03133,98.06777,98.40885,97.41721,97.06093,96.68389,95.6567,93.99971
-45.51273,-47.27866,-48.32425,-49.36616,-50.40432,-51.83738,-52.46903,-53.49543,-54.94037,-55.96644,-56.98825,-58.00572,-59.01876,-60.02732,-61.0313,-62.03064,-63.02525,-64.01506,-65,-65.97999,-67.46999,-68.44731,-71.5391,-73.61005,-76.7941,-80.5828,-84.43813,-88.35937,-91.19865,-91.75107,-91.6945,-92.19753,-92.0777,-93.1405,-92.96488,-93.3772,-93.76874,-94.13958,-94.48978,-94.81942,-95.78462,-96.74253,-96.35481,-97.28499,-97.52577,-97.74635,-98.64149,-100.23,-101.1163,-102.7081,-104.3043,-105.9047,-106.7776,-108.3798,-109.9854,-110.8454,-113.2064,-114.0609,-115.6727,-117.2869,-118.1262,-118.1738
119.4983,120.0239,119.6067,119.1805,119.6656,118.3007,118.7609,118.295,117.82,117.3361,116.8432,116.3415,114.9398,115.3114,115.6661,114.2462,113.7006,113.1462,112.5833,112.0118,112.2889,111.6959,113.6384,115.5446,118.2526,121.7473,124.3556,127.7396,130.2452,128.6303,126.2067,124.5978,122.1912,121.3831,118.9896,117.3912,115.7947,114.2004,112.6085,111.0193,109.4329,109.3475,107.756,106.1679,104.5836,103.0032,102.1463,101.2816,101.1163,100.9309,100.0308,99.81141,99.57176,99.31176,99.03133,98.06777,98.40885,97.41721,97.06093,96.68389,95.6567,94.62222
-45.8711,-47.27866,-48.32425,-49.36616,-50.79505,-51.43863,-52.87576,-53.91012,-54.94037,-55.96644,-56.98825,-58.00572,-58.56477,-60.02732,-61.50077,-62.03064,-63.02525,-64.01506,-65,-65.97999,-67.46999,-68.44731,-71.00918,-73.61005,-76.7941,-80.5828,-83.87894,-87.79297,-91.19865,-91.75107,-91.6945,-92.19753,-92.0777,-93.1405,-92.96488,-93.3772,-93.76874,-94.13958,-94.48978,-94.81942,-95.12856,-96.74253,-97.02394,-97.28499,-97.52577,-97.74635,-98.64149,-99.52912,-101.1163,-102.7081,-103.5849,-105.1793,-106.7776,-108.3798,-109.9854,-110.8454,-113.2064,-114.0609,-115.6727,-117.2869,-118.1262,-118.9564
119.4983,120.9543,119.6067,119.1805,118.7451,118.3007,117.8474,118.295,116.9137,117.3361,116.8432,115.4465,116.7219,116.1984,114.7832,114.2462,113.7006,113.1462,112.5833,112.8734,112.2889,111.6959,113.6384,115.5446,118.2526,121.7473,124.3556,128.5637,130.2452,128.6303,126.2067,124.5978,122.1912,121.3831,118.9896,117.3912,115.7947,114.2004,112.6085,111.0193,109.4329,108.5986,107.0129,106.1679,104.5836,103.0032,102.1463,101.2816,101.1163,100.9309,100.7255,100.4998,99.57176,99.31176,99.03133,98.73039,97.7528,97.41721,97.06093,96.68389,95.6567,95.24474
-45.8711,-47.64516,-48.32425,-49.36616,-50.40432,-51.43863,-52.46903,-53.91012,-54.51776,-55.96644,-56.98825,-57.55952,-59.47276,-60.48907,-61.0313,-62.03064,-63.02525,-64.01506,-65,-66.48753,-67.46999,-68.44731,-71.00918,-73.61005,-76.7941,-80.5828,-83.87894,-88.35937,-91.19865,-91.75107,-91.6945,-92.19753,-92.0777,-93.1405,-92.96488,-93.3772,-93.76874,-94.13958,-94.48978,-94.81942,-95.12856,-96.07991,-96.35481,-97.28499,-97.52577,-97.74635,-98.64149,-99.52912,-101.1163,-102.7081,-104.3043,-105.9047,-106.7776,-108.3798,-109.9854,-111.5944,-112.4517,-114.0609,-115.6727,-117.2869,-118.1262,-119.739
119.4983,120.0239,119.6067,119.1805,118.7451,118.3007,118.7609,118.295,117.82,117.3361,116.8432,116.3415,115.8308,115.3114,114.7832,115.125,113.7006,113.1462,113.4493,112.0118,112.2889,111.6959,113.6384,115.5446,118.2526,120.9134,123.5266,128.5637,130.2452,128.6303,126.2067,124.5978,122.9899,121.3831,118.9896,117.3912,115.7947,114.2004,112.6085,111.0193,110.1876,108.5986,107.0129,106.1679,104.5836,103.0032,102.1463,101.2816,101.1163,100.9309,100.7255,99.81141,99.57176,99.31176,99.03133,98.73039,98.40885,97.41721,97.06093,96.68389,95.6567,94.62222
-45.8711,-47.27866,-48.32425,-49.36616,-50.40432,-51.43863,-52.87576,-53.91012,-54.94037,-55.96644,-56.98825,-58.00572,-59.01876,-60.02732,-61.0313,-62.5078,-63.02525,-64.01506,-65.5,-65.97999,-67.46999,-68.44731,-71.00918,-73.61005,-76.7941,-80.03086,-83.31974,-88.35937,-91.19865,-91.75107,-91.6945,-92.19753,-92.67951,-93.1405,-92.96488,-93.3772,-93.76874,-94.13958,-94.48978,-94.81942,-95.78462,-96.07991,-96.35481,-97.28499,-97.52577,-97.74635,-98.64149,-99.52912,-101.1163,-102.7081,-104.3043,-105.1793,-106.7776,-108.3798,-109.9854,-111.5944,-113.2064,-114.0609,-115.6727,-117.2869,-118.1262,-118.9564
119.4983,120.0239,119.6067,119.1805,118.7451,118.3007,118.7609,118.295,117.82,117.3361,116.8432,117.2364,116.7219,114.4244,115.6661,114.2462,113.7006,113.1462,112.5833,112.8734,112.2889,111.6959,113.6384,115.5446,118.2526,121.7473,123.5266,127.7396,130.2452,127.8161,126.2067,124.5978,122.9899,120.5897,118.9896,118.1738,115.7947,114.2004,112.6085,111.0193,109.4329,108.5986,107.0129,106.1679,104.5836,103.0032,102.1463,101.9948,101.1163,100.9309,100.0308,99.81141,99.57176,99.31176,99.03133,98.06777,97.7528,97.41721,97.06093,96.68389,95.6567,95.86725
-45.8711,-47.27866,-48.32425,-49.36616,-50.40432,-51.43863,-52.87576,-53.91012,-54.94037,-55.96644,-56.98825,-58.45191,-59.47276,-59.56557,-61.50077,-62.03064,-63.02525,-64.01506,-65,-66.48753,-67.46999,-68.44731,-71.00918,-73.61005,-76.7941,-80.5828,-83.31974,-87.79297,-91.19865,-91.17036,-91.6945,-92.19753,-92.67951,-92.53174,-92.96488,-93.99971,-93.76874,-94.13958,-94.48978,-94.81942,-95.12856,-96.07991,-96.35481,-97.28499,-97.52577,-97.74635,-98.64149,-100.23,-101.1163,-102.7081,-103.5849,-105.1793,-106.7776,-108.3798,-109.9854,-110.8454,-112.4517,-114.0609,-115.6727,-117.2869,-118.1262,-120.5217
119.4983,120.0239,120.5339,119.1805,118.7451,118.3007,118.7609,118.295,117.82,117.3361,116.8432,116.3415,115.8308,115.3114,114.7832,114.2462,113.7006,113.1462,112.5833,112.8734,112.2889,111.6959,113.6384,115.5446,119.0912,121.7473,124.3556,128.5637,130.2452,128.6303,126.2067,124.5978,122.9899,121.3831,118.9896,117.3912,115.7947,114.2004,112.6085,111.0193,109.4329,109.3475,107.0129,106.1679,104.5836,103.0032,102.1463,101.2816,101.1163,100.9309,100.7255,100.4998,99.57176,99.31176,99.03133,98.06777,98.40885,97.41721,97.06093,96.04781,95.6567,93.99971
-45.8711,-47.27866,-48.69886,-49.36616,-50.40432,-51.43863,-52.87576,-53.91012,-54.94037,-55.96644,-56.98825,-58.00572,-59.01876,-60.02732,-61.0313,-62.03064,-63.02525,-64.01506,-65,-66.48753,-67.46999,-68.44731,-71.00918,-73.61005,-77.33874,-80.5828,-83.87894,-88.35937,-91.19865,-91.75107,-91.6945,-92.19753,-92.67951,-93.1405,-92.96488,-93.3772,-93.76874,-94.13958,-94.48978,-94.81942,-95.12856,-96.74253,-96.35481,-97.28499,-97.52577,-97.74635,-98.64149,-99.52912,-101.1163,-102.7081,-104.3043,-105.9047,-106.7776,-108.3798,-109.9854,-110.8454,-113.2064,-114.0609,-115.6727,-116.5153,-118.1262,-118.1738
