143.5222,145.3263,145.5651,146.57,146.7704,146.9489,147.9097,148.0501,148.169,148.2665,149.1668,150.0558,150.9333,150.9607,151.8105,152.6487,154.3279,156.8616,158.5398,161.0807,162.7565,165.3031,167.8541,169.5259,172.0801,174.6373,178.0919,179.7588,176.9067,173.1048,171.0727,168.0924,165.0708,162.9294,160.755,160.4028,160.9622,161.5094,162.0443,162.5668,163.077,163.5747,164.06,164.5328,164.993,166.397,166.8346,167.2595,167.6717,170.0029
118.3105,117.6829,115.7877,114.513,112.6209,110.734,109.4474,107.5647,105.6879,103.8173,102.5195,101.2139,99.90059,98.03503,96.71393,95.38547,94.57224,94.25197,93.38706,93,92.08321,91.62902,91.13732,90.13854,89.57923,88.98214,88.79336,87.67423,84.38017,80.72009,77.96233,74.83954,71.77483,69.15941,66.58692,64.80694,63.40471,61.99766,60.58588,59.16948,57.74859,56.32329,54.89371,53.45994,52.0221,50.87268,49.41867,47.9609,46.49948,45.55215
148.1519,145.3263,145.5651,146.57,146.7704,146.9489,147.9097,148.0501,148.169,149.0857,149.1668,150.0558,150.9333,150.9607,151.8105,152.6487,154.3279,156.0044,158.5398,161.0807,163.6269,166.1777,167.8541,168.643,172.0801,174.6373,178.9869,179.7588,176.9067,173.1048,171.0727,168.0924,165.0708,162.9294,161.6789,160.4028,160.9622,161.5094,162.0443,162.5668,163.077,163.5747,164.06,164.5328,165.9467,166.397,166.8346,167.2595,167.6717,170.0029
122.127,117.6829,115.7877,114.513,112.6209,110.734,109.4474,107.5647,105.6879,104.3909,102.5195,101.2139,99.90059,98.03503,96.71393,95.38547,94.57224,93.73693,93.38706,93,92.57563,92.11383,91.13732,89.66907,89.57923,88.98214,89.23956,87.67423,84.38017,80.72009,77.96233,74.83954,71.77483,69.15941,66.9696,64.80694,63.40471,61.99766,60.58588,59.16948,57.74859,56.32329,54.89371,53.45994,52.32281,50.87268,49.41867,47.9609,46.49948,45.55215
145.0654,146.1034,145.5651,146.57,146.7704,146.9489,147.9097,148.0501,148.169,148.2665,149.1668,150.0558,150.0994,150.9607,151.8105,152.6487,154.3279,156.0044,158.5398,161.0807,162.7565,165.3031,167.8541,169.5259,172.0801,174.6373,177.197,179.7588,176.0041,172.1985,171.0727,168.0924,165.0708,162.9294,161.6789,160.4028,160.9622,161.5094,162.0443,162.5668,163.077,163.5747,164.06,165.4838,165.9467,166.397,166.8346,167.2595,167.6717,170.0029
119.5827,118.3122,115.7877,114.513,112.6209,110.734,109.4474,107.5647,105.6879,103.8173,102.5195,101.2139,99.34866,98.03503,96.71393,95.38547,94.57224,93.73693,93.38706,93,92.08321,91.62902,91.13732,90.13854,89.57923,88.98214,88.34717,87.67423,83.94966,80.29747,77.96233,74.83954,71.77483,69.15941,66.9696,64.80694,63.40471,61.99766,60.58588,59.16948,57.74859,56.32329,54.89371,53.76896,52.32281,50.87268,49.41867,47.9609,46.49948,45.55215
147.3803,145.3263,146.3477,146.57,146.7704,146.9489,147.9097,148.0501,148.169,149.0857,149.1668,150.0558,150.9333,150.9607,151.8105,153.4967,154.3279,156.8616,159.4014,161.0807,163.6269,165.3031,167.8541,169.5259,172.0801,174.6373,178.0919,179.7588,176.9067,173.1048,171.0727,168.0924,165.0708,162.9294,160.755,160.4028,160.9622,161.5094,162.0443,162.5668,163.077,163.5747,164.06,164.5328,165.9467,166.397,166.8346,167.2595,167.6717,170.0029
121.4909,117.6829,116.4102,114.513,112.6209,110.734,109.4474,107.5647,105.6879,104.3909,102.5195,101.2139,99.90059,98.03503,96.71393,95.91539,94.57224,94.25197,93.8946,93,92.57563,91.62902,91.13732,90.13854,89.57923,88.98214,88.79336,87.67423,84.38017,80.72009,77.96233,74.83954,71.77483,69.15941,66.58692,64.80694,63.40471,61.99766,60.58588,59.16948,57.74859,56.32329,54.89371,53.45994,52.32281,50.87268,49.41867,47.9609,46.49948,45.55215
148.9235,145.3263,146.3477,146.57,146.7704,146.9489,147.9097,148.0501,148.169,148.2665,149.1668,150.0558,150.9333,150.9607,151.8105,152.6487,154.3279,156.8616,158.5398,161.0807,163.6269,165.3031,167.8541,169.5259,172.0801,174.6373,178.0919,179.7588,176.9067,174.0111,171.0727,168.0924,165.0708,162.9294,161.6789,160.4028,160.9622,161.5094,162.0443,162.5668,163.077,163.5747,164.06,165.4838,165.9467,166.397,166.8346,167.2595,167.6717,170.0029
122.7631,117.6829,116.4102,114.513,112.6209,110.734,109.4474,107.5647,105.6879,103.8173,102.5195,101.2139,99.90059,98.03503,96.71393,95.38547,94.57224,94.25197,93.38706,93,92.57563,91.62902,91.13732,90.13854,89.57923,88.98214,88.79336,87.67423,84.38017,81.14271,77.96233,74.83954,71.77483,69.15941,66.9696,64.80694,63.40471,61.99766,60.58588,59.16948,57.74859,56.32329,54.89371,53.76896,52.32281,50.87268,49.41867,47.9609,46.49948,45.55215
145.0654,145.3263,145.5651,146.57,146.7704,146.9489,147.9097,148.0501,148.169,149.0857,149.1668,150.0558,150.0994,151.7994,151.8105,153.4967,154.3279,156.8616,158.5398,161.0807,162.7565,165.3031,167.8541,169.5259,172.0801,174.6373,178.0919,179.7588,176.9067,173.1048,171.0727,168.0924,165.0708,162.9294,161.6789,160.4028,160.9622,161.5094,162.0443,162.5668,163.077,163.5747,165.0083,165.4838,165.9467,166.397,166.8346,167.2595,167.6717,170.0029
119.5827,117.6829,115.7877,114.513,112.6209,110.734,109.4474,107.5647,105.6879,104.3909,102.5195,101.2139,99.34866,98.57967,96.71393,95.91539,94.57224,94.25197,93.38706,93,92.08321,91.62902,91.13732,90.13854,89.57923,88.98214,88.79336,87.67423,84.38017,80.72009,77.96233,74.83954,71.77483,69.15941,66.9696,64.80694,63.40471,61.99766,60.58588,59.16948,57.74859,56.32329,55.21101,53.76896,52.32281,50.87268,49.41867,47.9609,46.49948,45.55215
146.6087,145.3263,146.3477,146.57,146.7704,146.9489,147.9097,148.0501,148.169,149.0857,149.1668,150.0558,150.9333,150.9607,151.8105,152.6487,154.3279,156.0044,158.5398,161.0807,163.6269,165.3031,167.8541,169.5259,171.1931,174.6373,178.0919,179.7588,176.9067,173.1048,171.0727,168.0924,165.0708,162.9294,161.6789,160.4028,160.9622,161.5094,162.0443,162.5668,163.077,163.5747,164.06,164.5328,165.9467,166.397,166.8346,167.2595,167.6717,170.0029
120.8549,117.6829,116.4102,114.513,112.6209,110.734,109.4474,107.5647,105.6879,104.3909,102.5195,101.2139,99.90059,98.03503,96.71393,95.38547,94.57224,93.73693,93.38706,93,92.57563,91.62902,91.13732,90.13854,89.11748,88.98214,88.79336,87.67423,84.38017,80.72009,77.96233,74.83954,71.77483,69.15941,66.9696,64.80694,63.40471,61.99766,60.58588,59.16948,57.74859,56.32329,54.89371,53.45994,52.32281,50.87268,49.41867,47.9609,46.49948,45.55215
145.837,145.3263,146.3477,145.782,146.7704,146.9489,147.9097,148.0501,148.169,149.0857,149.1668,150.0558,150.9333,150.9607,151.8105,152.6487,154.3279,156.0044,158.5398,161.0807,163.6269,165.3031,167.8541,169.5259,172.0801,174.6373,178.0919,179.7588,176.9067,173.1048,171.0727,168.0924,165.0708,162.9294,160.755,160.4028,160.9622,161.5094,162.0443,162.5668,163.077,163.5747,164.06,165.4838,165.9467,166.397,166.8346,167.2595,168.6353,170.0029
120.2188,117.6829,116.4102,113.8974,112.6209,110.734,109.4474,107.5647,105.6879,104.3909,102.5195,101.2139,99.90059,98.03503,96.71393,95.38547,94.57224,93.73693,93.38706,93,92.57563,91.62902,91.13732,90.13854,89.57923,88.98214,88.79336,87.67423,84.38017,80.72009,77.96233,74.83954,71.77483,69.15941,66.58692,64.80694,63.40471,61.99766,60.58588,59.16948,57.74859,56.32329,54.89371,53.76896,52.32281,50.87268,49.41867,47.9609,46.76672,45.55215
144.2938,146.1034,145.5651,146.57,146.7704,146.9489,147.1058,148.0501,148.9831,149.0857,149.1668,150.0558,150.9333,150.9607,151.8105,152.6487,154.3279,156.0044,158.5398,161.0807,163.6269,165.3031,167.8541,169.5259,172.0801,174.6373,178.0919,179.7588,176.0041,173.1048,171.0727,168.0924,165.0708,162.9294,161.6789,160.4028,160.9622,161.5094,162.0443,162.5668,163.077,163.5747,164.06,165.4838,165.9467,166.397,166.8346,167.2595,167.6717,170.0029
118.9466,118.3122,115.7877,114.513,112.6209,110.734,108.8526,107.5647,106.2686,104.3909,102.5195,101.2139,99.90059,98.03503,96.71393,95.38547,94.57224,93.73693,93.38706,93,92.57563,91.62902,91.13732,90.13854,89.57923,88.98214,88.79336,87.67423,83.94966,80.72009,77.96233,74.83954,71.77483,69.15941,66.9696,64.80694,63.40471,61.99766,60.58588,59.16948,57.74859,56.32329,54.89371,53.76896,52.32281,50.87268,49.41867,47.9609,46.49948,45.55215
148.9235,145.3263,146.3477,146.57,146.7704,146.9489,147.9097,148.0501,148.169,149.0857,149.1668,150.0558,150.9333,150.9607,151.8105,153.4967,154.3279,156.8616,158.5398,161.0807,163.6269,165.3031,167.8541,169.5259,172.0801,174.6373,178.0919,178.86,176.9067,173.1048,171.0727,168.0924,165.0708,162.9294,161.6789,160.4028,160.9622,161.5094,162.0443,162.5668,163.077,163.5747,165.0083,164.5328,165.9467,166.397,166.8346,167.2595,167.6717,170.0029
122.7631,117.6829,116.4102,114.513,112.6209,110.734,109.4474,107.5647,105.6879,104.3909,102.5195,101.2139,99.90059,98.03503,96.71393,95.91539,94.57224,94.25197,93.38706,93,92.57563,91.62902,91.13732,90.13854,89.57923,88.98214,88.79336,87.23586,84.38017,80.72009,77.96233,74.83954,71.77483,69.15941,66.9696,64.80694,63.40471,61.99766,60.58588,59.16948,57.74859,56.32329,55.21101,53.45994,52.32281,50.87268,49.41867,47.9609,46.49948,45.55215
147.3803,145.3263,146.3477,146.57,146.7704,146.9489,147.9097,148.0501,148.169,149.0857,149.1668,150.0558,150.9333,150.9607,151.8105,152.6487,154.3279,156.8616,158.5398,161.0807,163.6269,166.1777,167.8541,169.5259,172.0801,174.6373,177.197,179.7588,176.9067,174.0111,171.0727,168.0924,165.0708,162.9294,160.755,160.4028,160.9622,161.5094,162.0443,162.5668,163.077,163.5747,164.06,164.5328,165.9467,166.397,166.8346,167.2595,167.6717,170.0029
121.4909,117.6829,116.4102,114.513,112.6209,110.734,109.4474,107.5647,105.6879,104.3909,102.5195,101.2139,99.90059,98.03503,96.71393,95.38547,94.57224,94.25197,93.38706,93,92.57563,92.11383,91.13732,90.13854,89.57923,88.98214,88.34717,87.67423,84.38017,81.14271,77.96233,74.83954,71.77483,69.15941,66.58692,64.80694,63.40471,61.99766,60.58588,59.16948,57.74859,56.32329,54.89371,53.45994,52.32281,50.87268,49.41867,47.9609,46.49948,45.55215
148.1519,146.1034,146.3477,146.57,146.7704,146.9489,147.9097,148.0501,148.169,149.0857,149.1668,150.0558,150.9333,150.9607,151.8105,152.6487,154.3279,156.0044,158.5398,161.0807,163.6269,166.1777,167.8541,169.5259,172.0801,173.7463,177.197,179.7588,176.9067,173.1048,171.0727,168.0924,165.0708,162.9294,161.6789,160.4028,160.9622,161.5094,162.0443,162.5668,163.077,163.5747,164.06,164.5328,165.9467,166.397,166.8346,167.2595,167.6717,170.0029
122.127,118.3122,116.4102,114.513,112.6209,110.734,109.4474,107.5647,105.6879,104.3909,102.5195,101.2139,99.90059,98.03503,96.71393,95.38547,94.57224,93.73693,93.38706,93,92.57563,92.11383,91.13732,90.13854,89.57923,88.52815,88.34717,87.67423,84.38017,80.72009,77.96233,74.83954,71.77483,69.15941,66.9696,64.80694,63.40471,61.99766,60.58588,59.16948,57.74859,56.32329,54.89371,53.45994,52.32281,50.87268,49.41867,47.9609,46.49948,45.55215
146.6087,146.1034,145.5651,146.57,146.7704,146.9489,147.1058,148.0501,148.169,148.2665,149.1668,150.0558,150.9333,150.9607,151.8105,153.4967,154.3279,156.8616,158.5398,161.0807,163.6269,165.3031,167.8541,169.5259,171.1931,174.6373,178.0919,179.7588,176.9067,173.1048,171.0727,168.0924,165.0708,162.9294,161.6789,160.4028,160.9622,161.5094,162.0443,162.5668,163.077,163.5747,164.06,165.4838,164.993,166.397,166.8346,167.2595,167.6717,170.0029
120.8549,118.3122,115.7877,114.513,112.6209,110.734,108.8526,107.5647,105.6879,103.8173,102.5195,101.2139,99.90059,98.03503,96.71393,95.91539,94.57224,94.25197,93.38706,93,92.57563,91.62902,91.13732,90.13854,89.11748,88.98214,88.79336,87.67423,84.38017,80.72009,77.96233,74.83954,71.77483,69.15941,66.9696,64.80694,63.40471,61.99766,60.58588,59.16948,57.74859,56.32329,54.89371,53.76896,52.0221,50.87268,49.41867,47.9609,46.49948,45.55215
145.837,146.1034,146.3477,146.57,146.7704,146.9489,147.9097,148.0501,148.169,149.0857,149.1668,150.0558,150.9333,150.9607,151.8105,153.4967,154.3279,156.8616,158.5398,161.0807,163.6269,165.3031,167.8541,169.5259,172.0801,174.6373,177.197,179.7588,176.9067,173.1048,171.0727,168.0924,165.0708,162.9294,160.755,160.4028,160.9622,161.5094,162.0443,162.5668,163.077,163.5747,165.0083,165.4838,165.9467,166.397,166.8346,167.2595,167.6717,170.0029
120.2188,118.3122,116.4102,114.513,112.6209,110.734,109.4474,107.5647,105.6879,104.3909,102.5195,101.2139,99.90059,98.03503,96.71393,95.91539,94.57224,94.25197,93.38706,93,92.57563,91.62902,91.13732,90.13854,89.57923,88.98214,88.34717,87.67423,84.38017,80.72009,77.96233,74.83954,71.77483,69.15941,66.58692,64.80694,63.40471,61.99766,60.58588,59.16948,57.74859,56.32329,55.21101,53.76896,52.32281,50.87268,49.41867,47.9609,46.49948,45.55215
145.0654,145.3263,145.5651,146.57,146.7704,146.9489,147.9097,148.0501,148.169,149.0857,149.1668,150.0558,150.9333,150.9607,151.8105,152.6487,154.3279,156.8616,158.5398,161.0807,163.6269,165.3031,167.8541,169.5259,172.0801,174.6373,178.0919,179.7588,176.9067,173.1048,171.0727,167.1788,165.0708,162.9294,161.6789,160.4028,160.9622,161.5094,162.0443,162.5668,163.077,163.5747,165.0083,164.5328,165.9467,166.397,166.8346,167.2595,167.6717,170.0029
119.5827,117.6829,115.7877,114.513,112.6209,110.734,109.4474,107.5647,105.6879,104.3909,102.5195,101.2139,99.90059,98.03503,96.71393,95.38547,94.57224,94.25197,93.38706,93,92.57563,91.62902,91.13732,90.13854,89.57923,88.98214,88.79336,87.67423,84.38017,80.72009,77.96233,74.43281,71.77483,69.15941,66.9696,64.80694,63.40471,61.99766,60.58588,59.16948,57.74859,56.32329,55.21101,53.45994,52.32281,50.87268,49.41867,47.9609,46.49948,45.55215
145.837,145.3263,146.3477,146.57,146.7704,146.9489,147.9097,148.0501,148.169,149.0857,149.1668,150.0558,150.9333,150.9607,151.8105,152.6487,154.3279,156.0044,158.5398,161.0807,163.6269,165.3031,167.8541,169.5259,172.0801,174.6373,178.0919,179.7588,176.9067,173.1048,171.0727,168.0924,165.0708,162.9294,161.6789,160.4028,160.9622,161.5094,162.0443,162.5668,163.077,163.5747,164.06,164.5328,165.9467,166.397,166.8346,167.2595,167.6717,170.9689
120.2188,117.6829,116.4102,114.513,112.6209,110.734,109.4474,107.5647,105.6879,104.3909,102.5195,101.2139,99.90059,98.03503,96.71393,95.38547,94.57224,93.73693,93.38706,93,92.57563,91.62902,91.13732,90.13854,89.57923,88.98214,88.79336,87.67423,84.38017,80.72009,77.96233,74.83954,71.77483,69.15941,66.9696,64.80694,63.40471,61.99766,60.58588,59.16948,57.74859,56.32329,54.89371,53.45994,52.32281,50.87268,49.41867,47.9609,46.49948,45.81097
147.3803,145.3263,145.5651,146.57,146.7704,146.9489,147.9097,148.0501,148.169,149.0857,149.1668,150.0558,150.9333,150.9607,151.8105,152.6487,154.3279,156.0044,158.5398,161.0807,163.6269,166.1777,167.8541,169.5259,172.0801,174.6373,178.0919,179.7588,176.9067,173.1048,171.0727,168.0924,165.0708,162.9294,161.6789,160.4028,160.9622,161.5094,162.0443,162.5668,163.077,163.5747,165.0083,164.5328,165.9467,166.397,166.8346,167.2595,167.6717,170.0029
121.4909,117.6829,115.7877,114.513,112.6209,110.734,109.4474,107.5647,105.6879,104.3909,102.5195,101.2139,99.90059,98.03503,96.71393,95.38547,94.57224,93.73693,93.38706,93,92.57563,92.11383,91.13732,90.13854,89.57923,88.98214,88.79336,87.67423,84.38017,80.72009,77.96233,74.83954,71.77483,69.15941,66.9696,64.80694,63.40471,61.99766,60.58588,59.16948,57.74859,56.32329,55.21101,53.45994,52.32281,50.87268,49.41867,47.9609,46.49948,45.55215
143.5222,145.3263,145.5651,146.57,146.7704,147.7476,147.9097,148.0501,148.169,149.0857,149.1668,150.0558,150.9333,150.9607,151.8105,152.6487,154.3279,156.8616,158.5398,161.0807,163.6269,165.3031,167.8541,169.5259,172.0801,174.6373,178.0919,179.7588,176.9067,173.1048,171.0727,168.0924,165.0708,162.9294,161.6789,160.4028,160.9622,161.5094,162.0443,162.5668,163.077,163.5747,164.06,164.5328,165.9467,166.397,166.8346,167.2595,167.6717,170.0029
118.3105,117.6829,115.7877,114.513,112.6209,111.3358,109.4474,107.5647,105.6879,104.3909,102.5195,101.2139,99.90059,98.03503,96.71393,95.38547,94.57224,94.25197,93.38706,93,92.57563,91.62902,91.13732,90.13854,89.57923,88.98214,88.79336,87.67423,84.38017,80.72009,77.96233,74.83954,71.77483,69.15941,66.9696,64.80694,63.40471,61.99766,60.58588,59.16948,57.74859,56.32329,54.89371,53.45994,52.32281,50.87268,49.41867,47.9609,46.49948,45.55215
144.2938,146.1034,145.5651,146.57,145.977,146.9489,147.9097,148.0501,148.169,149.0857,149.1668,150.0558,150.9333,150.9607,151.8105,152.6487,154.3279,156.8616,158.5398,161.0807,163.6269,165.3031,167.8541,169.5259,172.0801,174.6373,178.0919,179.7588,176.9067,173.1048,171.0727,168.0924,165.0708,162.9294,160.755,160.4028,160.9622,161.5094,162.0443,162.5668,163.077,163.5747,164.06,164.5328,164.993,166.397,166.8346,167.2595,167.6717,170.9689
118.9466,118.3122,115.7877,114.513,112.0121,110.734,109.4474,107.5647,105.6879,104.3909,102.5195,101.2139,99.90059,98.03503,96.71393,95.38547,94.57224,94.25197,93.38706,93,92.57563,91.62902,91.13732,90.13854,89.57923,88.98214,88.79336,87.67423,84.38017,80.72009,77.96233,74.83954,71.77483,69.15941,66.58692,64.80694,63.40471,61.99766,60.58588,59.16948,57.74859,56.32329,54.89371,53.45994,52.0221,50.87268,49.41867,47.9609,46.49948,45.81097
145.837,146.1034,146.3477,146.57,146.7704,146.9489,147.9097,148.0501,148.9831,149.0857,149.1668,150.0558,150.9333,150.9607,151.8105,152.6487,154.3279,156.0044,158.5398,161.0807,163.6269,166.1777,167.8541,169.5259,172.0801,174.6373,178.0919,179.7588,176.9067,172.1985,171.0727,168.0924,165.0708,162.9294,160.755,160.4028,160.9622,161.5094,162.0443,162.5668,163.077,163.5747,164.06,165.4838,165.9467,165.4407,166.8346,167.2595,167.6717,170.0029
120.2188,118.3122,116.4102,114.513,112.6209,110.734,109.4474,107.5647,106.2686,104.3909,102.5195,101.2139,99.90059,98.03503,96.71393,95.38547,94.57224,93.73693,93.38706,93,92.57563,92.11383,91.13732,90.13854,89.57923,88.98214,88.79336,87.67423,84.38017,80.29747,77.96233,74.83954,71.77483,69.15941,66.58692,64.80694,63.40471,61.99766,60.58588,59.16948,57.74859,56.32329,54.89371,53.76896,52.32281,50.5803,49.41867,47.9609,46.49948,45.55215
146.6087,145.3263,146.3477,146.57,146.7704,146.9489,147.9097,148.0501,148.169,149.0857,149.1668,150.0558,150.9333,150.9607,151.8105,153.4967,154.3279,156.0044,158.5398,161.0807,163.6269,165.3031,167.8541,169.5259,172.0801,174.6373,177.197,179.7588,176.9067,173.1048,171.0727,168.0924,165.0708,162.9294,160.755,160.4028,160.9622,161.5094,162.0443,162.5668,163.077,164.5202,164.06,165.4838,165.9467,166.397,166.8346,167.2595,167.6717,170.0029
120.8549,117.6829,116.4102,114.513,112.6209,110.734,109.4474,107.5647,105.6879,104.3909,102.5195,101.2139,99.90059,98.03503,96.71393,95.91539,94.57224,93.73693,93.38706,93,92.57563,91.62902,91.13732,90.13854,89.57923,88.98214,88.34717,87.67423,84.38017,80.72009,77.96233,74.83954,71.77483,69.15941,66.58692,64.80694,63.40471,61.99766,60.58588,59.16948,57.74859,56.64886,54.89371,53.76896,52.32281,50.87268,49.41867,47.9609,46.49948,45.55215
148.9235,146.1034,145.5651,145.782,146.7704,146.9489,147.1058,148.0501,148.169,149.0857,149.1668,150.0558,150.9333,150.9607,151.8105,152.6487,154.3279,156.0044,158.5398,161.0807,163.6269,165.3031,167.8541,169.5259,172.0801,174.6373,177.197,179.7588,176.9067,173.1048,171.0727,168.0924,165.0708,162.9294,161.6789,160.4028,160.9622,161.5094,162.0443,162.5668,163.077,163.5747,165.0083,165.4838,165.9467,166.397,166.8346,167.2595,168.6353,170.0029
122.7631,118.3122,115.7877,113.8974,112.6209,110.734,108.8526,107.5647,105.6879,104.3909,102.5195,101.2139,99.90059,98.03503,96.71393,95.38547,94.57224,93.73693,93.38706,93,92.57563,91.62902,91.13732,90.13854,89.57923,88.98214,88.34717,87.67423,84.38017,80.72009,77.96233,74.83954,71.77483,69.15941,66.9696,64.80694,63.40471,61.99766,60.58588,59.16948,57.74859,56.32329,55.21101,53.76896,52.32281,50.87268,49.41867,47.9609,46.76672,45.55215
145.837,145.3263,146.3477,146.57,146.7704,147.7476,147.9097,148.0501,148.169,149.0857,149.1668,150.0558,150.9333,150.9607,151.8105,152.6487,154.3279,156.8616,158.5398,161.0807,163.6269,165.3031,167.8541,169.5259,172.0801,174.6373,178.0919,179.7588,176.9067,173.1048,171.0727,168.0924,165.0708,162.9294,161.6789,160.4028,160.9622,161.5094,162.0443,162.5668,163.077,163.5747,164.06,165.4838,164.993,166.397,166.8346,167.2595,167.6717,170.0029
120.2188,117.6829,116.4102,114.513,112.6209,111.3358,109.4474,107.5647,105.6879,104.3909,102.5195,101.2139,99.90059,98.03503,96.71393,95.38547,94.57224,94.25197,93.38706,93,92.57563,91.62902,91.13732,90.13854,89.57923,88.98214,88.79336,87.67423,84.38017,80.72009,77.96233,74.83954,71.77483,69.15941,66.9696,64.80694,63.40471,61.99766,60.58588,59.16948,57.74859,56.32329,54.89371,53.76896,52.0221,50.87268,49.41867,47.9609,46.49948,45.55215
148.1519,146.1034,145.5651,146.57,146.7704,146.9489,147.1058,148.0501,148.169,149.0857,149.1668,150.0558,150.9333,150.9607,151.8105,153.4967,154.3279,156.8616,158.5398,161.0807,163.6269,165.3031,167.8541,169.5259,172.0801,174.6373,178.0919,179.7588,176.0041,174.0111,171.0727,168.0924,165.0708,162.9294,160.755,160.4028,160.9622,161.5094,162.0443,162.5668,163.077,163.5747,165.0083,165.4838,165.9467,166.397,166.8346,167.2595,167.6717,170.0029
122.127,118.3122,115.7877,114.513,112.6209,110.734,108.8526,107.5647,105.6879,104.3909,102.5195,101.2139,99.90059,98.03503,96.71393,95.91539,94.57224,94.25197,93.38706,93,92.57563,91.62902,91.13732,90.13854,89.57923,88.98214,88.79336,87.67423,83.94966,81.14271,77.96233,74.83954,71.77483,69.15941,66.58692,64.80694,63.40471,61.99766,60.58588,59.16948,57.74859,56.32329,55.21101,53.76896,52.32281,50.87268,49.41867,47.9609,46.49948,45.55215
146.6087,145.3263,146.3477,146.57,146.7704,146.9489,147.9097,148.0501,148.169,149.0857,149.1668,150.0558,150.9333,150.9607,151.8105,152.6487,154.3279,156.8616,158.5398,161.0807,163.6269,166.1777,167.8541,169.5259,172.0801,174.6373,178.0919,179.7588,176.9067,173.1048,171.0727,168.0924,165.0708,162.9294,160.755,160.4028,160.9622,161.5094,162.0443,162.5668,163.077,164.5202,165.0083,164.5328,165.9467,166.397,166.8346,167.2595,167.6717,170.0029
120.8549,117.6829,116.4102,114.513,112.6209,110.734,109.4474,107.5647,105.6879,104.3909,102.5195,101.2139,99.90059,98.03503,96.71393,95.38547,94.57224,94.25197,93.38706,93,92.57563,92.11383,91.13732,90.13854,89.57923,88.98214,88.79336,87.67423,84.38017,80.72009,77.96233,74.83954,71.77483,69.15941,66.58692,64.80694,63.40471,61.99766,60.58588,59.16948,57.74859,56.64886,55.21101,53.45994,52.32281,50.87268,49.41867,47.9609,46.49948,45.55215
