78.53082,75.36242,76.18852,76.99334,77.77688,78.53916,79.77262,80.5,81.20614,82.40609,83.07727,84.25716,84.89334,86.05297,86.65411,87.79329,88.92578,90.62508,92.33177,94.04564,95.17165,97.49403,99.22811,100.9685,102.7149,105.0965,106.8611,109.2739,111.0556,112.8422,115.2959,117.767,116.8771,114.5757,112.2018,110.4507,110.0428,108.1873,106.2743,107.1816,108.0808,108.2403,109.8543,109.9854,110.8454,111.697,112.5401,114.1406,114.2004,115.0176,115.826,116.6256,117.4163,118.1981,119.7747,120.5435,121.3032,125.3303
157.5084,147.9071,146.3568,144.8034,143.2472,141.6884,140.9976,139.4301,137.8607,137.1468,135.5698,134.8396,133.2558,132.5099,130.9201,130.1589,129.3878,129.426,129.4444,129.4427,128.6171,129.379,129.3166,129.2338,129.1303,129.7834,129.6329,130.2276,130.0294,129.81,130.3183,130.7935,127.549,122.8674,118.236,114.375,111.9803,108.1873,104.4355,103.5041,102.5648,100.9358,100.6629,99.03133,98.06777,97.09674,96.11831,95.77535,94.13958,93.13942,92.13217,91.1179,90.09669,89.06862,88.6286,87.58,86.52474,87.75719
78.97701,75.36242,76.18852,76.99334,77.77688,78.53916,79.28019,80.5,81.20614,82.40609,83.59977,84.25716,85.43064,86.05297,86.65411,87.79329,88.92578,90.62508,92.33177,94.04564,95.76647,97.49403,99.22811,100.9685,103.3374,104.4672,107.4972,109.2739,111.0556,113.4982,115.2959,117.767,116.8771,114.5757,112.8902,110.4507,110.0428,108.1873,105.5611,107.1816,107.3554,108.2403,109.117,109.9854,110.8454,111.697,112.5401,113.3746,114.2004,115.0176,115.826,116.6256,117.4163,118.9967,119.7747,120.5435,122.1173,125.3303
158.4034,147.9071,146.3568,144.8034,143.2472,141.6884,140.1273,139.4301,137.8607,137.1468,136.4224,134.8396,134.0992,132.5099,130.9201,130.1589,129.3878,129.426,129.4444,129.4427,129.421,129.379,129.3166,129.2338,129.913,129.0062,130.4046,130.2276,130.0294,130.5648,130.3183,130.7935,127.549,122.8674,118.9614,114.375,111.9803,108.1873,103.7346,103.5041,101.8765,100.9358,99.98735,99.03133,98.06777,97.09674,96.11831,95.13257,94.13958,93.13942,92.13217,91.1179,90.09669,89.67044,88.6286,87.58,87.10544,87.75719
78.97701,75.36242,76.18852,76.99334,77.77688,78.53916,79.77262,80.5,81.20614,82.40609,83.07727,84.25716,84.89334,86.05297,86.65411,87.79329,88.92578,90.62508,92.33177,94.04564,95.76647,97.49403,99.22811,101.5841,103.3374,105.7258,106.8611,109.2739,111.0556,112.8422,115.2959,117.767,116.8771,114.5757,112.8902,110.4507,110.0428,108.1873,106.2743,107.1816,107.3554,108.2403,109.117,109.9854,110.8454,111.697,112.5401,113.3746,114.2004,115.0176,115.826,116.6256,117.4163,118.9967,119.7747,120.5435,122.9314,124.5111
158.4034,147.9071,146.3568,144.8034,143.2472,141.6884,140.9976,139.4301,137.8607,137.1468,135.5698,134.8396,133.2558,132.5099,130.9201,130.1589,129.3878,129.426,129.4444,129.4427,129.421,129.379,129.3166,130.0218,129.913,130.5605,129.6329,130.2276,130.0294,129.81,130.3183,130.7935,127.549,122.8674,118.9614,114.375,111.9803,108.1873,104.4355,103.5041,101.8765,100.9358,99.98735,99.03133,98.06777,97.09674,96.11831,95.13257,94.13958,93.13942,92.13217,91.1179,90.09669,89.67044,88.6286,87.58,87.68615,87.18362
78.97701,74.90843,76.18852,76.99334,77.77688,78.53916,79.77262,80.5,81.20614,82.40609,83.07727,84.25716,84.89334,86.05297,86.65411,87.79329,88.92578,90.0515,92.33177,94.04564,95.76647,97.49403,99.22811,101.5841,103.3374,105.0965,106.8611,109.2739,111.0556,112.8422,115.2959,117.767,116.8771,114.5757,112.8902,111.1453,110.0428,108.1873,106.2743,107.1816,107.3554,108.2403,109.117,109.9854,110.8454,111.697,112.5401,113.3746,114.2004,115.0176,115.826,116.6256,117.4163,118.1981,119.7747,120.5435,122.9314,125.3303
158.4034,147.0161,146.3568,144.8034,143.2472,141.6884,140.9976,139.4301,137.8607,137.1468,135.5698,134.8396,133.2558,132.5099,130.9201,130.1589,129.3878,128.6069,129.4444,129.4427,129.421,129.379,129.3166,130.0218,129.913,129.7834,129.6329,130.2276,130.0294,129.81,130.3183,130.7935,127.549,122.8674,118.9614,115.0944,111.9803,108.1873,104.4355,103.5041,101.8765,100.9358,99.98735,99.03133,98.06777,97.09674,96.11831,95.13257,94.13958,93.13942,92.13217,91.1179,90.09669,89.06862,88.6286,87.58,87.68615,87.75719
78.97701,75.36242,76.18852,76.99334,77.77688,78.53916,79.77262,80.5,81.20614,82.40609,83.59977,84.25716,85.43064,85.50833,86.65411,87.79329,88.92578,90.62508,92.33177,94.04564,95.76647,97.49403,99.22811,101.5841,103.3374,104.4672,106.8611,109.2739,111.0556,112.8422,115.2959,118.4361,116.8771,114.5757,112.8902,111.1453,110.0428,108.1873,106.2743,107.1816,107.3554,108.2403,109.117,109.9854,110.8454,111.697,112.5401,113.3746,114.2004,115.0176,115.826,116.6256,117.4163,118.1981,119.7747,120.5435,121.3032,120.4154
158.4034,147.9071,146.3568,144.8034,143.2472,141.6884,140.9976,139.4301,137.8607,137.1468,136.4224,134.8396,134.0992,131.6713,130.9201,130.1589,129.3878,129.426,129.4444,129.4427,129.421,129.379,129.3166,130.0218,129.913,129.0062,129.6329,130.2276,130.0294,129.81,130.3183,131.5366,127.549,122.8674,118.9614,115.0944,111.9803,108.1873,104.4355,103.5041,101.8765,100.9358,99.98735,99.03133,98.06777,97.09674,96.11831,95.13257,94.13958,93.13942,92.13217,91.1179,90.09669,89.06862,88.6286,87.58,86.52474,84.31574
78.97701,75.36242,76.18852,76.99334,77.77688,79.02397,79.28019,80.5,81.20614,82.40609,83.59977,84.25716,84.89334,86.05297,86.65411,87.79329,88.92578,90.62508,92.33177,94.04564,95.76647,97.49403,99.22811,101.5841,102.7149,105.0965,106.8611,109.2739,111.0556,112.8422,115.2959,117.767,116.8771,114.5757,112.8902,110.4507,110.0428,108.1873,106.2743,107.1816,107.3554,108.2403,109.117,109.9854,110.8454,111.697,112.5401,113.3746,114.2004,115.0176,115.826,117.4136,117.4163,118.1981,118.9708,119.7345,122.1173,126.1494
158.4034,147.9071,146.3568,144.8034,143.2472,142.563,140.1273,139.4301,137.8607,137.1468,136.4224,134.8396,133.2558,132.5099,130.9201,130.1589,129.3878,129.426,129.4444,129.4427,129.421,129.379,129.3166,130.0218,129.1303,129.7834,129.6329,130.2276,130.0294,129.81,130.3183,130.7935,127.549,122.8674,118.9614,114.375,111.9803,108.1873,104.4355,103.5041,101.8765,100.9358,99.98735,99.03133,98.06777,97.09674,96.11831,95.13257,94.13958,93.13942,92.13217,91.73356,90.09669,89.06862,88.03377,86.99222,87.10544,88.33077
78.97701,75.36242,76.18852,76.99334,77.77688,78.53916,79.28019,80.5,81.20614,82.40609,83.59977,84.25716,84.89334,86.05297,86.65411,87.79329,88.92578,90.0515,92.33177,94.04564,95.76647,97.49403,99.22811,101.5841,103.3374,105.0965,106.8611,108.6311,111.0556,112.8422,115.2959,117.767,116.8771,114.5757,112.2018,111.1453,110.0428,108.1873,106.2743,107.1816,107.3554,107.509,109.117,109.9854,110.8454,111.697,112.5401,113.3746,114.2004,115.0176,115.826,116.6256,117.4163,118.9967,118.9708,120.5435,121.3032,124.5111
158.4034,147.9071,146.3568,144.8034,143.2472,141.6884,140.1273,139.4301,137.8607,137.1468,136.4224,134.8396,133.2558,132.5099,130.9201,130.1589,129.3878,128.6069,129.4444,129.4427,129.421,129.379,129.3166,130.0218,129.913,129.7834,129.6329,129.4615,130.0294,129.81,130.3183,130.7935,127.549,122.8674,118.236,115.0944,111.9803,108.1873,104.4355,103.5041,101.8765,100.2538,99.98735,99.03133,98.06777,97.09674,96.11831,95.13257,94.13958,93.13942,92.13217,91.1179,90.09669,89.67044,88.03377,87.58,86.52474,87.18362
78.53082,75.36242,76.18852,76.99334,77.77688,78.53916,79.28019,80.5,81.20614,82.40609,83.07727,84.25716,84.89334,86.05297,86.65411,87.79329,88.92578,90.62508,92.33177,94.04564,95.17165,97.49403,99.22811,101.5841,103.3374,105.0965,106.8611,109.2739,111.0556,112.8422,115.2959,117.767,116.8771,114.5757,112.2018,110.4507,110.0428,108.1873,106.2743,107.1816,107.3554,108.2403,109.117,109.9854,110.8454,111.697,112.5401,113.3746,114.2004,115.0176,115.826,116.6256,118.2096,118.1981,119.7747,120.5435,122.1173,127.7877
157.5084,147.9071,146.3568,144.8034,143.2472,141.6884,140.1273,139.4301,137.8607,137.1468,135.5698,134.8396,133.2558,132.5099,130.9201,130.1589,129.3878,129.426,129.4444,129.4427,128.6171,129.379,129.3166,130.0218,129.913,129.7834,129.6329,130.2276,130.0294,129.81,130.3183,130.7935,127.549,122.8674,118.236,114.375,111.9803,108.1873,104.4355,103.5041,101.8765,100.9358,99.98735,99.03133,98.06777,97.09674,96.11831,95.13257,94.13958,93.13942,92.13217,91.1179,90.70545,89.06862,88.6286,87.58,87.10544,89.47792
78.97701,75.36242,76.18852,76.99334,77.77688,79.02397,79.77262,80.5,81.20614,82.40609,83.59977,84.25716,84.89334,86.05297,86.65411,87.79329,88.92578,90.62508,92.33177,94.04564,95.76647,97.49403,99.83687,101.5841,102.7149,105.0965,106.8611,108.6311,111.0556,112.8422,115.2959,117.767,116.8771,114.5757,112.8902,111.1453,110.0428,108.1873,105.5611,107.1816,107.3554,108.2403,109.117,109.9854,110.8454,111.697,112.5401,113.3746,114.2004,115.0176,115.826,116.6256,117.4163,118.9967,119.7747,120.5435,122.1173,123.692
158.4034,147.9071,146.3568,144.8034,143.2472,142.563,140.9976,139.4301,137.8607,137.1468,136.4224,134.8396,133.2558,132.5099,130.9201,130.1589,129.3878,129.426,129.4444,129.4427,129.421,129.379,130.1099,130.0218,129.1303,129.7834,129.6329,129.4615,130.0294,129.81,130.3183,130.7935,127.549,122.8674,118.9614,115.0944,111.9803,108.1873,103.7346,103.5041,101.8765,100.9358,99.98735,99.03133,98.06777,97.09674,96.11831,95.13257,94.13958,93.13942,92.13217,91.1179,90.09669,89.67044,88.6286,87.58,87.10544,86.61004
78.53082,75.36242,75.72677,76.99334,77.77688,79.02397,79.28019,80.5,81.20614,82.40609,83.07727,84.25716,84.89334,85.50833,86.65411,87.79329,88.92578,90.62508,92.33177,94.04564,95.76647,97.49403,99.22811,101.5841,103.3374,104.4672,106.8611,109.2739,111.0556,112.8422,115.2959,117.767,116.8771,114.5757,112.8902,111.1453,110.0428,108.1873,106.2743,107.1816,107.3554,108.2403,109.117,109.9854,110.8454,111.697,112.5401,113.3746,114.2004,115.0176,115.826,117.4136,118.2096,118.9967,118.9708,120.5435,122.1173,123.692
157.5084,147.9071,145.4698,144.8034,143.2472,142.563,140.1273,139.4301,137.8607,137.1468,135.5698,134.8396,133.2558,131.6713,130.9201,130.1589,129.3878,129.426,129.4444,129.4427,129.421,129.379,129.3166,130.0218,129.913,129.0062,129.6329,130.2276,130.0294,129.81,130.3183,130.7935,127.549,122.8674,118.9614,115.0944,111.9803,108.1873,104.4355,103.5041,101.8765,100.9358,99.98735,99.03133,98.06777,97.09674,96.11831,95.13257,94.13958,93.13942,92.13217,91.73356,90.70545,89.67044,88.03377,87.58,87.10544,86.61004
78.97701,75.36242,76.18852,76.99334,77.77688,78.53916,79.77262,80.5,81.20614,82.40609,83.59977,83.72724,84.89334,86.05297,86.65411,87.79329,88.92578,90.62508,92.33177,94.04564,95.17165,97.49403,99.22811,100.9685,103.3374,104.4672,106.8611,109.2739,111.0556,112.8422,115.2959,117.767,116.8771,114.5757,112.8902,110.4507,110.0428,108.1873,105.5611,107.1816,107.3554,108.2403,109.117,109.9854,110.8454,111.697,112.5401,113.3746,114.2004,115.0176,115.826,116.6256,117.4163,118.9967,118.9708,120.5435,122.1173,126.1494
158.4034,147.9071,146.3568,144.8034,143.2472,141.6884,140.9976,139.4301,137.8607,137.1468,136.4224,133.9916,133.2558,132.5099,130.9201,130.1589,129.3878,129.426,129.4444,129.4427,128.6171,129.379,129.3166,129.2338,129.913,129.0062,129.6329,130.2276,130.0294,129.81,130.3183,130.7935,127.549,122.8674,118.9614,114.375,111.9803,108.1873,103.7346,103.5041,101.8765,100.9358,99.98735,99.03133,98.06777,97.09674,96.11831,95.13257,94.13958,93.13942,92.13217,91.1179,90.09669,89.67044,88.03377,87.58,87.10544,88.33077
78.97701,75.36242,76.18852,76.99334,77.77688,78.53916,79.28019,80.5,81.20614,82.40609,83.59977,84.25716,84.89334,86.05297,86.65411,87.23409,88.92578,90.62508,92.33177,94.04564,95.76647,97.49403,99.22811,101.5841,103.3374,105.0965,106.8611,109.2739,111.0556,112.8422,115.2959,117.767,116.8771,114.5757,112.8902,110.4507,110.0428,108.1873,106.9876,107.1816,107.3554,108.2403,109.117,109.9854,110.8454,111.697,112.5401,113.3746,114.2004,115.0176,115.826,117.4136,117.4163,118.9967,119.7747,120.5435,122.9314,123.692
158.4034,147.9071,146.3568,144.8034,143.2472,141.6884,140.1273,139.4301,137.8607,137.1468,136.4224,134.8396,133.2558,132.5099,130.9201,129.3299,129.3878,129.426,129.4444,129.4427,129.421,129.379,129.3166,130.0218,129.913,129.7834,129.6329,130.2276,130.0294,129.81,130.3183,130.7935,127.549,122.8674,118.9614,114.375,111.9803,108.1873,105.1364,103.5041,101.8765,100.9358,99.98735,99.03133,98.06777,97.09674,96.11831,95.13257,94.13958,93.13942,92.13217,91.73356,90.09669,89.67044,88.6286,87.58,87.68615,86.61004
78.97701,75.36242,76.18852,76.99334,77.77688,79.02397,79.77262,80.5,81.20614,82.40609,83.07727,84.25716,84.89334,86.05297,86.65411,87.79329,88.92578,90.62508,92.33177,94.04564,95.17165,97.49403,99.22811,101.5841,103.3374,104.4672,106.8611,109.2739,111.0556,112.8422,115.2959,117.767,116.8771,114.5757,112.8902,111.1453,110.0428,108.1873,106.9876,107.1816,108.0808,108.2403,109.117,109.9854,110.8454,111.697,112.5401,113.3746,114.2004,115.0176,115.826,116.6256,117.4163,118.1981,119.7747,120.5435,122.1173,122.8728
158.4034,147.9071,146.3568,144.8034,143.2472,142.563,140.9976,139.4301,137.8607,137.1468,135.5698,134.8396,133.2558,132.5099,130.9201,130.1589,129.3878,129.426,129.4444,129.4427,128.6171,129.379,129.3166,130.0218,129.913,129.0062,129.6329,130.2276,130.0294,129.81,130.3183,130.7935,127.549,122.8674,118.9614,115.0944,111.9803,108.1873,105.1364,103.5041,102.5648,100.9358,99.98735,99.03133,98.06777,97.09674,96.11831,95.13257,94.13958,93.13942,92.13217,91.1179,90.09669,89.06862,88.6286,87.58,87.10544,86.03647
78.97701,75.36242,76.18852,76.99334,77.77688,78.53916,79.77262,80.5,81.20614,82.40609,83.07727,84.25716,84.89334,86.05297,86.65411,87.79329,88.92578,90.62508,92.33177,94.04564,95.76647,97.49403,99.22811,101.5841,103.3374,105.0965,106.8611,109.2739,111.0556,112.8422,115.2959,117.767,116.8771,114.5757,112.8902,111.1453,110.0428,108.1873,106.2743,107.1816,107.3554,108.2403,109.117,109.9854,110.8454,111.697,112.5401,113.3746,114.2004,115.0176,115.826,116.6256,117.4163,118.9967,119.7747,120.5435,122.1173,122.8728
158.4034,147.9071,146.3568,144.8034,143.2472,141.6884,140.9976,139.4301,137.8607,137.1468,135.5698,134.8396,133.2558,132.5099,130.9201,130.1589,129.3878,129.426,129.4444,129.4427,129.421,129.379,129.3166,130.0218,129.913,129.7834,129.6329,130.2276,130.0294,129.81,130.3183,130.7935,127.549,122.8674,118.9614,115.0944,111.9803,108.1873,104.4355,103.5041,101.8765,100.9358,99.98735,99.03133,98.06777,97.09674,96.11831,95.13257,94.13958,93.13942,92.13217,91.1179,90.09669,89.67044,88.6286,87.58,87.10544,86.03647
78.97701,75.36242,76.18852,76.99334,77.77688,78.53916,79.28019,80.5,81.20614,82.40609,83.07727,84.25716,84.89334,86.05297,86.65411,87.79329,88.92578,90.0515,92.33177,94.04564,95.17165,97.49403,99.83687,101.5841,103.3374,105.0965,106.8611,109.2739,111.0556,112.8422,115.2959,117.767,116.8771,114.5757,112.8902,110.4507,110.0428,108.1873,106.2743,107.1816,107.3554,108.9717,109.117,109.9854,110.8454,111.697,112.5401,113.3746,114.2004,115.0176,115.826,116.6256,117.4163,118.9967,119.7747,120.5435,122.1173,120.4154
158.4034,147.9071,146.3568,144.8034,143.2472,141.6884,140.1273,139.4301,137.8607,137.1468,135.5698,134.8396,133.2558,132.5099,130.9201,130.1589,129.3878,128.6069,129.4444,129.4427,128.6171,129.379,130.1099,130.0218,129.913,129.7834,129.6329,130.2276,130.0294,129.81,130.3183,130.7935,127.549,122.8674,118.9614,114.375,111.9803,108.1873,104.4355,103.5041,101.8765,101.6178,99.98735,99.03133,98.06777,97.09674,96.11831,95.13257,94.13958,93.13942,92.13217,91.1179,90.09669,89.67044,88.6286,87.58,87.10544,84.31574
