78.08462,75.36242,76.18852,76.99334,77.77688,78.53916,79.28019,80.5,81.20614,82.40609,83.07727,84.25716,84.89334,86.05297,86.65411,87.23409,88.92578,90.0515,92.33177,94.04564,95.76647,96.89222,99.22811,100.9685,102.7149,104.4672,106.8611,109.2739,111.0556,112.8422,115.2959,117.767,116.2015,114.5757,112.8902,111.1453,109.3418,107.4802,105.5611,107.1816,107.3554,108.2403,109.117,109.9854,110.8454,111.697,112.5401,113.3746,114.2004,115.0176,115.826,116.6256,117.4163,118.1981,118.9708,120.5435,122.1173,122.8728
156.6135,147.9071,146.3568,144.8034,143.2472,141.6884,140.1273,139.4301,137.8607,137.1468,135.5698,134.8396,133.2558,132.5099,130.9201,129.3299,129.3878,128.6069,129.4444,129.4427,129.421,128.5803,129.3166,129.2338,129.1303,129.0062,129.6329,130.2276,130.0294,129.81,130.3183,130.7935,126.8117,122.8674,118.9614,115.0944,111.2671,107.4802,103.7346,103.5041,101.8765,100.9358,99.98735,99.03133,98.06777,97.09674,96.11831,95.13257,94.13958,93.13942,92.13217,91.1179,90.09669,89.06862,88.03377,87.58,87.10544,86.03647
78.97701,75.36242,76.18852,76.99334,77.77688,78.53916,79.77262,80.5,81.20614,82.40609,83.59977,84.25716,84.89334,86.05297,86.65411,87.79329,88.92578,90.62508,92.33177,94.04564,95.17165,96.89222,98.61935,100.9685,102.7149,105.0965,106.8611,109.2739,111.0556,112.8422,115.2959,117.767,116.8771,114.5757,112.2018,110.4507,109.3418,107.4802,105.5611,107.1816,107.3554,108.2403,109.117,109.9854,110.8454,111.697,112.5401,113.3746,114.2004,115.0176,115.826,116.6256,117.4163,118.1981,118.9708,120.5435,122.1173,122.8728
158.4034,147.9071,146.3568,144.8034,143.2472,141.6884,140.9976,139.4301,137.8607,137.1468,136.4224,134.8396,133.2558,132.5099,130.9201,130.1589,129.3878,129.426,129.4444,129.4427,128.6171,128.5803,128.5232,129.2338,129.1303,129.7834,129.6329,130.2276,130.0294,129.81,130.3183,130.7935,127.549,122.8674,118.236,114.375,111.2671,107.4802,103.7346,103.5041,101.8765,100.9358,99.98735,99.03133,98.06777,97.09674,96.11831,95.13257,94.13958,93.13942,92.13217,91.1179,90.09669,89.06862,88.03377,87.58,87.10544,86.03647
78.53082,75.36242,76.18852,76.99334,77.77688,78.53916,79.28019,80.5,81.20614,82.40609,83.07727,84.25716,84.89334,86.05297,86.65411,87.79329,88.92578,90.62508,92.33177,94.04564,95.76647,96.89222,98.61935,100.9685,102.0924,105.0965,106.8611,108.6311,111.0556,112.8422,115.2959,118.4361,116.8771,114.5757,112.2018,111.1453,109.3418,107.4802,105.5611,107.1816,107.3554,108.2403,109.117,109.9854,110.8454,111.697,112.5401,113.3746,114.2004,115.0176,115.826,116.6256,117.4163,118.1981,119.7747,120.5435,122.1173,122.0537
157.5084,147.9071,146.3568,144.8034,143.2472,141.6884,140.1273,139.4301,137.8607,137.1468,135.5698,134.8396,133.2558,132.5099,130.9201,130.1589,129.3878,129.426,129.4444,129.4427,129.421,128.5803,128.5232,129.2338,128.3477,129.7834,129.6329,129.4615,130.0294,129.81,130.3183,131.5366,127.549,122.8674,118.236,115.0944,111.2671,107.4802,103.7346,103.5041,101.8765,100.9358,99.98735,99.03133,98.06777,97.09674,96.11831,95.13257,94.13958,93.13942,92.13217,91.1179,90.09669,89.06862,88.6286,87.58,87.10544,85.46289
78.97701,75.36242,76.18852,76.99334,78.25404,78.53916,79.28019,80.5,81.20614,82.40609,83.07727,84.25716,84.89334,85.50833,86.65411,87.23409,88.92578,90.62508,92.33177,94.04564,95.17165,97.49403,98.61935,100.9685,102.7149,105.0965,106.8611,109.2739,111.0556,112.8422,115.2959,117.767,116.2015,114.5757,112.2018,110.4507,109.3418,107.4802,105.5611,107.1816,107.3554,108.2403,109.117,109.9854,110.8454,111.697,112.5401,113.3746,114.2004,115.0176,115.826,116.6256,118.2096,118.9967,119.7747,120.5435,122.1173,120.4154
158.4034,147.9071,146.3568,144.8034,144.126,141.6884,140.1273,139.4301,137.8607,137.1468,135.5698,134.8396,133.2558,131.6713,130.9201,129.3299,129.3878,129.426,129.4444,129.4427,128.6171,129.379,128.5232,129.2338,129.1303,129.7834,129.6329,130.2276,130.0294,129.81,130.3183,130.7935,126.8117,122.8674,118.236,114.375,111.2671,107.4802,103.7346,103.5041,101.8765,100.9358,99.98735,99.03133,98.06777,97.09674,96.11831,95.13257,94.13958,93.13942,92.13217,91.1179,90.70545,89.67044,88.6286,87.58,87.10544,84.31574
78.53082,75.36242,76.18852,76.99334,77.77688,78.53916,79.28019,80.5,81.20614,82.40609,83.07727,84.25716,84.89334,86.05297,86.65411,87.79329,88.92578,90.62508,92.33177,94.04564,95.17165,96.89222,98.61935,100.9685,102.7149,104.4672,106.8611,109.2739,111.0556,112.8422,115.9585,118.4361,116.8771,114.5757,112.2018,110.4507,109.3418,107.4802,105.5611,107.1816,107.3554,108.2403,109.117,109.9854,110.8454,111.697,112.5401,113.3746,114.2004,115.0176,115.826,116.6256,117.4163,118.1981,119.7747,120.5435,122.1173,122.0537
157.5084,147.9071,146.3568,144.8034,143.2472,141.6884,140.1273,139.4301,137.8607,137.1468,135.5698,134.8396,133.2558,132.5099,130.9201,130.1589,129.3878,129.426,129.4444,129.4427,128.6171,128.5803,128.5232,129.2338,129.1303,129.0062,129.6329,130.2276,130.0294,129.81,131.0673,131.5366,127.549,122.8674,118.236,114.375,111.2671,107.4802,103.7346,103.5041,101.8765,100.9358,99.98735,99.03133,98.06777,97.09674,96.11831,95.13257,94.13958,93.13942,92.13217,91.1179,90.09669,89.06862,88.6286,87.58,87.10544,85.46289
78.97701,74.90843,76.18852,76.99334,77.77688,78.53916,79.28019,80.5,81.20614,82.40609,83.07727,84.25716,84.89334,85.50833,86.65411,87.79329,88.92578,90.62508,92.33177,94.04564,95.76647,96.89222,98.61935,100.9685,102.7149,104.4672,106.8611,109.2739,111.0556,112.8422,115.2959,117.767,116.8771,114.5757,112.8902,110.4507,109.3418,107.4802,105.5611,107.1816,107.3554,108.2403,109.117,109.9854,110.8454,111.697,112.5401,113.3746,114.2004,115.0176,115.826,116.6256,117.4163,118.1981,118.9708,120.5435,121.3032,121.2345
158.4034,147.0161,146.3568,144.8034,143.2472,141.6884,140.1273,139.4301,137.8607,137.1468,135.5698,134.8396,133.2558,131.6713,130.9201,130.1589,129.3878,129.426,129.4444,129.4427,129.421,128.5803,128.5232,129.2338,129.1303,129.0062,129.6329,130.2276,130.0294,129.81,130.3183,130.7935,127.549,122.8674,118.9614,114.375,111.2671,107.4802,103.7346,103.5041,101.8765,100.9358,99.98735,99.03133,98.06777,97.09674,96.11831,95.13257,94.13958,93.13942,92.13217,91.1179,90.09669,89.06862,88.03377,87.58,86.52474,84.88931
78.53082,75.36242,76.18852,76.99334,77.77688,78.53916,79.77262,80.5,81.20614,82.40609,83.07727,84.25716,84.89334,86.05297,86.65411,87.79329,88.92578,90.62508,92.33177,94.04564,95.76647,96.89222,98.61935,100.9685,102.7149,104.4672,106.8611,109.2739,111.0556,112.8422,115.2959,117.767,116.2015,114.5757,112.2018,111.1453,109.3418,107.4802,106.2743,107.1816,107.3554,108.2403,109.117,109.9854,110.8454,111.697,112.5401,113.3746,114.2004,115.0176,115.826,116.6256,117.4163,118.9967,119.7747,119.7345,121.3032,122.0537
157.5084,147.9071,146.3568,144.8034,143.2472,141.6884,140.9976,139.4301,137.8607,137.1468,135.5698,134.8396,133.2558,132.5099,130.9201,130.1589,129.3878,129.426,129.4444,129.4427,129.421,128.5803,128.5232,129.2338,129.1303,129.0062,129.6329,130.2276,130.0294,129.81,130.3183,130.7935,126.8117,122.8674,118.236,115.0944,111.2671,107.4802,104.4355,103.5041,101.8765,100.9358,99.98735,99.03133,98.06777,97.09674,96.11831,95.13257,94.13958,93.13942,92.13217,91.1179,90.09669,89.67044,88.6286,86.99222,86.52474,85.46289
78.97701,75.36242,76.18852,76.99334,77.77688,78.53916,79.28019,80.5,81.20614,82.40609,83.59977,84.25716,85.43064,86.05297,86.65411,87.79329,88.92578,90.62508,92.33177,92.87007,95.17165,97.49403,98.61935,100.9685,102.7149,105.0965,106.8611,109.2739,111.0556,112.8422,115.2959,117.767,116.8771,114.5757,112.8902,111.1453,109.3418,107.4802,105.5611,107.1816,107.3554,108.2403,109.117,109.9854,110.8454,111.697,112.5401,113.3746,114.2004,115.0176,115.826,116.6256,117.4163,118.1981,119.7747,120.5435,121.3032,119.5962
158.4034,147.9071,146.3568,144.8034,143.2472,141.6884,140.1273,139.4301,137.8607,137.1468,136.4224,134.8396,134.0992,132.5099,130.9201,130.1589,129.3878,129.426,129.4444,127.8247,128.6171,129.379,128.5232,129.2338,129.1303,129.7834,129.6329,130.2276,130.0294,129.81,130.3183,130.7935,127.549,122.8674,118.9614,115.0944,111.2671,107.4802,103.7346,103.5041,101.8765,100.9358,99.98735,99.03133,98.06777,97.09674,96.11831,95.13257,94.13958,93.13942,92.13217,91.1179,90.09669,89.06862,88.6286,87.58,86.52474,83.74216
78.53082,74.90843,76.18852,76.99334,77.77688,78.53916,79.28019,80.5,81.20614,82.40609,83.59977,84.25716,84.89334,85.50833,86.65411,87.79329,88.92578,90.62508,92.33177,94.04564,95.17165,96.89222,98.61935,100.9685,102.7149,105.0965,106.8611,109.2739,111.0556,112.8422,115.2959,117.767,116.2015,114.5757,112.8902,110.4507,109.3418,107.4802,105.5611,107.1816,107.3554,108.2403,109.117,109.9854,110.8454,111.697,112.5401,113.3746,114.2004,115.0176,115.826,116.6256,117.4163,118.9967,119.7747,120.5435,122.1173,121.2345
157.5084,147.0161,146.3568,144.8034,143.2472,141.6884,140.1273,139.4301,137.8607,137.1468,136.4224,134.8396,133.2558,131.6713,130.9201,130.1589,129.3878,129.426,129.4444,129.4427,128.6171,128.5803,128.5232,129.2338,129.1303,129.7834,129.6329,130.2276,130.0294,129.81,130.3183,130.7935,126.8117,122.8674,118.9614,114.375,111.2671,107.4802,103.7346,103.5041,101.8765,100.9358,99.98735,99.03133,98.06777,97.09674,96.11831,95.13257,94.13958,93.13942,92.13217,91.1179,90.09669,89.67044,88.6286,87.58,87.10544,84.88931
78.97701,75.36242,76.18852,76.99334,77.77688,78.53916,79.77262,80.5,81.20614,82.40609,83.07727,84.25716,84.89334,86.05297,86.65411,87.79329,88.92578,90.62508,92.33177,94.04564,95.17165,96.89222,98.61935,100.9685,102.7149,105.0965,106.8611,109.2739,111.0556,112.8422,115.2959,117.767,116.2015,114.5757,112.8902,110.4507,109.3418,107.4802,105.5611,107.1816,107.3554,108.2403,109.117,109.9854,110.8454,111.697,112.5401,113.3746,114.2004,115.0176,115.826,116.6256,117.4163,118.9967,118.9708,120.5435,122.1173,122.8728
158.4034,147.9071,146.3568,144.8034,143.2472,141.6884,140.9976,139.4301,137.8607,137.1468,135.5698,134.8396,133.2558,132.5099,130.9201,130.1589,129.3878,129.426,129.4444,129.4427,128.6171,128.5803,128.5232,129.2338,129.1303,129.7834,129.6329,130.2276,130.0294,129.81,130.3183,130.7935,126.8117,122.8674,118.9614,114.375,111.2671,107.4802,103.7346,103.5041,101.8765,100.9358,99.98735,99.03133,98.06777,97.09674,96.11831,95.13257,94.13958,93.13942,92.13217,91.1179,90.09669,89.67044,88.03377,87.58,87.10544,86.03647
78.97701,74.90843,76.18852,76.99334,77.77688,78.53916,79.28019,80.5,81.20614,82.40609,83.59977,84.25716,84.89334,86.05297,86.65411,87.79329,88.92578,90.62508,92.33177,94.04564,95.76647,97.49403,98.61935,100.9685,102.7149,104.4672,106.8611,108.6311,111.0556,112.8422,115.2959,117.767,116.8771,114.5757,112.2018,110.4507,109.3418,108.1873,105.5611,107.1816,107.3554,108.2403,109.117,109.9854,110.8454,111.697,112.5401,113.3746,114.2004,115.7947,115.826,116.6256,117.4163,118.1981,118.9708,120.5435,122.1173,124.5111
158.4034,147.0161,146.3568,144.8034,143.2472,141.6884,140.1273,139.4301,137.8607,137.1468,136.4224,134.8396,133.2558,132.5099,130.9201,130.1589,129.3878,129.426,129.4444,129.4427,129.421,129.379,128.5232,129.2338,129.1303,129.0062,129.6329,129.4615,130.0294,129.81,130.3183,130.7935,127.549,122.8674,118.236,114.375,111.2671,108.1873,103.7346,103.5041,101.8765,100.9358,99.98735,99.03133,98.06777,97.09674,96.11831,95.13257,94.13958,93.76874,92.13217,91.1179,90.09669,89.06862,88.03377,87.58,87.10544,87.18362
78.97701,75.36242,76.18852,76.99334,77.77688,78.53916,79.77262,80.5,81.20614,82.40609,83.07727,84.25716,84.89334,86.05297,86.65411,87.79329,88.92578,90.62508,92.33177,94.04564,95.17165,96.89222,98.61935,100.9685,102.7149,104.4672,106.8611,108.6311,111.0556,112.8422,115.2959,118.4361,116.8771,114.5757,112.8902,110.4507,109.3418,107.4802,105.5611,107.1816,107.3554,108.2403,109.117,109.9854,110.8454,111.697,112.5401,113.3746,114.2004,115.0176,115.826,116.6256,118.2096,118.1981,118.9708,120.5435,122.9314,123.692
158.4034,147.9071,146.3568,144.8034,143.2472,141.6884,140.9976,139.4301,137.8607,137.1468,135.5698,134.8396,133.2558,132.5099,130.9201,130.1589,129.3878,129.426,129.4444,129.4427,128.6171,128.5803,128.5232,129.2338,129.1303,129.0062,129.6329,129.4615,130.0294,129.81,130.3183,131.5366,127.549,122.8674,118.9614,114.375,111.2671,107.4802,103.7346,103.5041,101.8765,100.9358,99.98735,99.03133,98.06777,97.09674,96.11831,95.13257,94.13958,93.13942,92.13217,91.1179,90.70545,89.06862,88.03377,87.58,87.68615,86.61004
78.97701,75.36242,76.18852,76.99334,77.77688,78.53916,79.77262,80.5,81.20614,82.40609,83.07727,84.25716,84.89334,86.05297,86.65411,87.79329,88.92578,90.62508,92.33177,94.04564,95.76647,97.49403,99.22811,100.9685,103.3374,105.0965,107.4972,109.2739,111.0556,112.8422,115.2959,117.767,116.2015,114.5757,112.2018,110.4507,109.3418,108.1873,105.5611,107.1816,107.3554,108.2403,109.117,109.9854,110.8454,111.697,112.5401,113.3746,114.2004,115.0176,115.826,116.6256,117.4163,118.1981,119.7747,120.5435,122.9314,123.692
158.4034,147.9071,146.3568,144.8034,143.2472,141.6884,140.9976,139.4301,137.8607,137.1468,135.5698,134.8396,133.2558,132.5099,130.9201,130.1589,129.3878,129.426,129.4444,129.4427,129.421,129.379,129.3166,129.2338,129.913,129.7834,130.4046,130.2276,130.0294,129.81,130.3183,130.7935,126.8117,122.8674,118.236,114.375,111.2671,108.1873,103.7346,103.5041,101.8765,100.9358,99.98735,99.03133,98.06777,97.09674,96.11831,95.13257,94.13958,93.13942,92.13217,91.1179,90.09669,89.06862,88.6286,87.58,87.68615,86.61004
78.97701,74.90843,75.72677,76.99334,77.77688,78.53916,79.28019,80.5,81.20614,82.40609,83.07727,84.25716,84.89334,86.05297,86.65411,87.79329,88.92578,90.62508,92.33177,94.04564,95.76647,97.49403,98.61935,100.3528,102.7149,105.0965,106.8611,109.2739,111.0556,112.8422,115.2959,117.767,116.2015,114.5757,112.8902,110.4507,109.3418,107.4802,105.5611,107.1816,107.3554,108.2403,109.117,109.9854,110.8454,111.697,112.5401,113.3746,114.2004,115.0176,115.826,117.4136,118.2096,118.1981,118.9708,120.5435,122.1173,122.0537
158.4034,147.0161,145.4698,144.8034,143.2472,141.6884,140.1273,139.4301,137.8607,137.1468,135.5698,134.8396,133.2558,132.5099,130.9201,130.1589,129.3878,129.426,129.4444,129.4427,129.421,129.379,128.5232,128.4458,129.1303,129.7834,129.6329,130.2276,130.0294,129.81,130.3183,130.7935,126.8117,122.8674,118.9614,114.375,111.2671,107.4802,103.7346,103.5041,101.8765,100.9358,99.98735,99.03133,98.06777,97.09674,96.11831,95.13257,94.13958,93.13942,92.13217,91.73356,90.70545,89.06862,88.03377,87.58,87.10544,85.46289
78.97701,74.90843,76.18852,76.99334,77.77688,78.53916,79.28019,80.5,81.20614,82.40609,83.59977,84.25716,84.89334,86.05297,86.65411,87.79329,88.92578,90.62508,92.33177,94.04564,95.76647,96.89222,98.61935,100.9685,102.7149,105.0965,106.8611,109.2739,111.0556,112.8422,115.2959,117.767,116.8771,114.5757,112.8902,110.4507,109.3418,107.4802,105.5611,107.1816,107.3554,108.2403,109.117,109.9854,110.8454,112.4517,112.5401,114.1406,114.2004,115.0176,115.826,116.6256,117.4163,118.1981,118.9708,120.5435,122.1173,123.692
158.4034,147.0161,146.3568,144.8034,143.2472,141.6884,140.1273,139.4301,137.8607,137.1468,136.4224,134.8396,133.2558,132.5099,130.9201,130.1589,129.3878,129.426,129.4444,129.4427,129.421,128.5803,128.5232,129.2338,129.1303,129.7834,129.6329,130.2276,130.0294,129.81,130.3183,130.7935,127.549,122.8674,118.9614,114.375,111.2671,107.4802,103.7346,103.5041,101.8765,100.9358,99.98735,99.03133,98.06777,97.7528,96.11831,95.77535,94.13958,93.13942,92.13217,91.1179,90.09669,89.06862,88.03377,87.58,87.10544,86.61004
78.53082,75.36242,76.18852,76.99334,77.77688,79.02397,79.28019,80.5,81.20614,82.40609,83.07727,84.25716,84.89334,86.05297,86.65411,87.79329,88.92578,90.62508,92.33177,94.04564,95.76647,96.89222,98.61935,100.9685,102.7149,105.0965,106.8611,109.2739,111.0556,112.8422,115.2959,117.767,116.2015,114.5757,112.8902,111.1453,109.3418,107.4802,106.2743,107.1816,107.3554,108.2403,109.117,109.9854,110.8454,111.697,112.5401,113.3746,114.2004,115.0176,115.826,116.6256,117.4163,118.1981,119.7747,120.5435,122.1173,122.0537
157.5084,147.9071,146.3568,144.8034,143.2472,142.563,140.1273,139.4301,137.8607,137.1468,135.5698,134.8396,133.2558,132.5099,130.9201,130.1589,129.3878,129.426,129.4444,129.4427,129.421,128.5803,128.5232,129.2338,129.1303,129.7834,129.6329,130.2276,130.0294,129.81,130.3183,130.7935,126.8117,122.8674,118.9614,115.0944,111.2671,107.4802,104.4355,103.5041,101.8765,100.9358,99.98735,99.03133,98.06777,97.09674,96.11831,95.13257,94.13958,93.13942,92.13217,91.1179,90.09669,89.06862,88.6286,87.58,87.10544,85.46289
