89.20497,89.62109,90.5,91.35691,92.19182,93.00474,93.79571,94.56473,95.31183,96.03704,97.29957,98.55469,99.22872,99.88091,101.6868,103.4992,104.7158,106.5333,108.9721,110.8076,113.2777,114.4941,116.3446,118.849,120.7149,123.2473,125.1274,127.6865,130.2617,127.3456,124.3438,121.9582,119.501,117.6863,117.2524,118.236,118.4793,119.4389,120.3895,121.3308,122.263,123.1858,124.0992,125.0032,125.8976,125.9999,126.8697,127.7299,128.5803,129.421,131.0608
160.93,158.4047,156.7506,155.0932,153.4329,151.7699,150.1045,148.4369,146.7673,145.0961,144.2525,143.398,141.7133,140.0279,139.9599,139.8711,138.9626,138.8368,139.4779,139.3043,139.8863,138.8924,138.654,139.1543,138.8666,139.3058,138.9681,139.3454,139.6886,134.1943,128.7618,124.1056,119.501,115.65,113.2293,112.2018,110.4837,109.4456,108.3992,107.3444,106.2816,105.2106,104.1316,103.0447,101.9499,100.2249,99.1215,98.01059,96.89222,95.76647,95.22121
89.20497,89.62109,90.5,91.35691,92.19182,93.00474,93.79571,94.56473,95.31183,96.03704,97.29957,97.98828,98.65515,99.88091,101.6868,103.4992,104.7158,106.5333,108.9721,111.4301,112.6483,115.1302,116.3446,118.849,120.7149,123.2473,125.1274,127.6865,129.5797,127.3456,124.3438,121.9582,120.2082,117.6863,117.2524,118.236,119.2107,119.4389,120.3895,121.3308,122.263,123.1858,124.0992,125.0032,125.1205,126.7825,127.6577,128.5232,129.379,129.421,131.0608
160.93,158.4047,156.7506,155.0932,153.4329,151.7699,150.1045,148.4369,146.7673,145.0961,144.2525,142.5738,140.8942,140.0279,139.9599,139.8711,138.9626,138.8368,139.4779,140.0869,139.1091,139.664,138.654,139.1543,138.8666,139.3058,138.9681,139.3454,138.9572,134.1943,128.7618,124.1056,120.2082,115.65,113.2293,112.2018,111.1657,109.4456,108.3992,107.3444,106.2816,105.2106,104.1316,103.0447,101.3206,100.8474,99.73716,98.61935,97.49403,95.76647,95.22121
89.20497,89.62109,90.5,91.35691,92.19182,93.00474,93.79571,94.56473,95.31183,96.03704,97.29957,98.55469,99.22872,99.88091,101.6868,103.4992,104.7158,106.5333,108.9721,111.4301,113.2777,115.1302,116.3446,118.849,120.7149,123.2473,125.1274,127.6865,129.5797,128.034,124.3438,121.9582,119.501,117.6863,117.2524,118.236,118.4793,119.4389,120.3895,121.3308,122.263,122.4254,124.0992,125.0032,125.8976,126.7825,126.8697,127.7299,128.5803,129.421,131.0608
160.93,158.4047,156.7506,155.0932,153.4329,151.7699,150.1045,148.4369,146.7673,145.0961,144.2525,143.398,141.7133,140.0279,139.9599,139.8711,138.9626,138.8368,139.4779,140.0869,139.8863,139.664,138.654,139.1543,138.8666,139.3058,138.9681,139.3454,138.9572,134.9196,128.7618,124.1056,119.501,115.65,113.2293,112.2018,110.4837,109.4456,108.3992,107.3444,106.2816,104.5611,104.1316,103.0447,101.9499,100.8474,99.1215,98.01059,96.89222,95.76647,95.22121
89.20497,89.62109,90.5,91.35691,92.19182,93.00474,93.79571,94.56473,95.31183,96.03704,97.29957,97.98828,99.22872,100.4616,101.6868,103.4992,104.7158,107.142,108.9721,111.4301,112.6483,115.1302,116.3446,118.849,120.7149,123.2473,125.1274,127.6865,129.5797,128.034,124.3438,121.9582,119.501,117.6863,117.2524,117.5106,119.2107,119.4389,120.3895,121.3308,122.263,123.1858,124.0992,125.0032,125.8976,125.9999,126.8697,127.7299,129.379,130.2248,131.0608
160.93,158.4047,156.7506,155.0932,153.4329,151.7699,150.1045,148.4369,146.7673,145.0961,144.2525,142.5738,141.7133,140.842,139.9599,139.8711,138.9626,139.6302,139.4779,140.0869,139.1091,139.664,138.654,139.1543,138.8666,139.3058,138.9681,139.3454,138.9572,134.9196,128.7618,124.1056,119.501,115.65,113.2293,111.5134,111.1657,109.4456,108.3992,107.3444,106.2816,105.2106,104.1316,103.0447,101.9499,100.2249,99.1215,98.01059,97.49403,96.36129,95.22121
89.20497,89.62109,90.5,91.35691,92.19182,93.00474,93.79571,94.56473,95.31183,96.03704,97.29957,98.55469,98.65515,100.4616,101.6868,103.4992,105.3176,106.5333,108.9721,111.4301,113.2777,115.1302,116.3446,118.849,120.7149,123.2473,125.1274,127.6865,130.2617,127.3456,124.3438,122.6591,119.501,117.6863,117.2524,117.5106,119.2107,119.4389,120.3895,121.3308,122.263,123.1858,124.0992,125.0032,125.8976,126.7825,126.8697,128.5232,128.5803,129.421,131.0608
160.93,158.4047,156.7506,155.0932,153.4329,151.7699,150.1045,148.4369,146.7673,145.0961,144.2525,143.398,140.8942,140.842,139.9599,139.8711,139.7612,138.8368,139.4779,140.0869,139.8863,139.664,138.654,139.1543,138.8666,139.3058,138.9681,139.3454,139.6886,134.1943,128.7618,124.8188,119.501,115.65,113.2293,111.5134,111.1657,109.4456,108.3992,107.3444,106.2816,105.2106,104.1316,103.0447,101.9499,100.8474,99.1215,98.61935,96.89222,95.76647,95.22121
89.20497,89.62109,90.5,91.35691,92.19182,93.00474,93.79571,94.56473,95.31183,96.03704,97.29957,97.98828,99.22872,99.88091,101.6868,103.4992,104.7158,106.5333,108.9721,111.4301,112.6483,115.1302,116.3446,118.849,120.7149,123.2473,125.1274,127.6865,129.5797,128.034,124.3438,122.6591,119.501,117.6863,117.2524,117.5106,119.2107,119.4389,120.3895,121.3308,122.263,123.1858,124.0992,125.0032,125.1205,125.9999,127.6577,128.5232,129.379,130.2248,131.0608
160.93,158.4047,156.7506,155.0932,153.4329,151.7699,150.1045,148.4369,146.7673,145.0961,144.2525,142.5738,141.7133,140.0279,139.9599,139.8711,138.9626,138.8368,139.4779,140.0869,139.1091,139.664,138.654,139.1543,138.8666,139.3058,138.9681,139.3454,138.9572,134.9196,128.7618,124.8188,119.501,115.65,113.2293,111.5134,111.1657,109.4456,108.3992,107.3444,106.2816,105.2106,104.1316,103.0447,101.3206,100.2249,99.73716,98.61935,97.49403,96.36129,95.22121
89.20497,89.62109,90.5,91.35691,92.19182,93.00474,93.79571,94.56473,95.31183,96.03704,97.29957,98.55469,99.22872,100.4616,101.6868,103.4992,104.7158,106.5333,108.9721,111.4301,113.2777,115.7662,116.3446,118.1995,120.7149,122.5847,125.1274,127.6865,130.2617,127.3456,124.3438,122.6591,119.501,117.6863,117.2524,118.236,118.4793,119.4389,120.3895,121.3308,122.263,123.1858,124.0992,125.0032,125.8976,125.9999,126.8697,128.5232,128.5803,129.421,131.0608
160.93,158.4047,156.7506,155.0932,153.4329,151.7699,150.1045,148.4369,146.7673,145.0961,144.2525,143.398,141.7133,140.842,139.9599,139.8711,138.9626,138.8368,139.4779,140.0869,139.8863,140.4357,138.654,138.3939,138.8666,138.5568,138.9681,139.3454,139.6886,134.1943,128.7618,124.8188,119.501,115.65,113.2293,112.2018,110.4837,109.4456,108.3992,107.3444,106.2816,105.2106,104.1316,103.0447,101.9499,100.2249,99.1215,98.61935,96.89222,95.76647,95.22121
89.20497,89.62109,90.5,91.35691,92.19182,93.00474,93.79571,94.56473,95.31183,96.03704,97.29957,98.55469,99.22872,99.88091,101.6868,103.4992,104.7158,106.5333,108.9721,111.4301,113.2777,115.1302,116.3446,118.849,120.7149,123.2473,125.1274,127.6865,129.5797,128.034,124.3438,121.9582,119.501,118.3996,117.2524,118.236,119.2107,119.4389,120.3895,121.3308,122.263,123.1858,124.0992,124.2316,125.8976,125.9999,126.8697,127.7299,128.5803,130.2248,131.0608
160.93,158.4047,156.7506,155.0932,153.4329,151.7699,150.1045,148.4369,146.7673,145.0961,144.2525,143.398,141.7133,140.0279,139.9599,139.8711,138.9626,138.8368,139.4779,140.0869,139.8863,139.664,138.654,139.1543,138.8666,139.3058,138.9681,139.3454,138.9572,134.9196,128.7618,124.1056,119.501,116.3509,113.2293,112.2018,111.1657,109.4456,108.3992,107.3444,106.2816,105.2106,104.1316,102.4086,101.9499,100.2249,99.1215,98.01059,96.89222,96.36129,95.22121
89.20497,89.62109,90.5,91.35691,92.19182,93.00474,93.26579,94.56473,95.31183,96.03704,97.29957,98.55469,99.22872,99.88091,101.6868,103.4992,104.7158,107.142,108.9721,110.8076,113.2777,115.1302,116.3446,118.849,120.7149,123.2473,125.1274,127.6865,129.5797,127.3456,124.3438,122.6591,119.501,117.6863,117.2524,118.236,119.2107,119.4389,120.3895,121.3308,122.263,123.1858,124.0992,125.0032,125.8976,125.9999,126.8697,128.5232,129.379,129.421,131.0608
160.93,158.4047,156.7506,155.0932,153.4329,151.7699,149.2565,148.4369,146.7673,145.0961,144.2525,143.398,141.7133,140.0279,139.9599,139.8711,138.9626,139.6302,139.4779,139.3043,139.8863,139.664,138.654,139.1543,138.8666,139.3058,138.9681,139.3454,138.9572,134.1943,128.7618,124.8188,119.501,115.65,113.2293,112.2018,111.1657,109.4456,108.3992,107.3444,106.2816,105.2106,104.1316,103.0447,101.9499,100.2249,99.1215,98.61935,97.49403,95.76647,95.22121
89.20497,89.62109,90.5,91.35691,92.19182,93.00474,93.79571,94.56473,95.31183,96.03704,97.29957,98.55469,98.65515,100.4616,101.0991,103.4992,104.7158,106.5333,108.9721,110.8076,113.2777,114.4941,116.3446,118.849,120.7149,123.2473,125.7966,127.6865,129.5797,127.3456,124.3438,121.9582,119.501,117.6863,117.2524,118.236,118.4793,119.4389,120.3895,121.3308,122.263,123.1858,124.0992,125.0032,125.8976,125.9999,126.8697,127.7299,128.5803,129.421,131.0608
160.93,158.4047,156.7506,155.0932,153.4329,151.7699,150.1045,148.4369,146.7673,145.0961,144.2525,143.398,140.8942,140.842,139.1509,139.8711,138.9626,138.8368,139.4779,139.3043,139.8863,138.8924,138.654,139.1543,138.8666,139.3058,139.7112,139.3454,138.9572,134.1943,128.7618,124.1056,119.501,115.65,113.2293,112.2018,110.4837,109.4456,108.3992,107.3444,106.2816,105.2106,104.1316,103.0447,101.9499,100.2249,99.1215,98.01059,96.89222,95.76647,95.22121
89.20497,89.62109,90.5,91.35691,92.19182,93.00474,93.79571,94.56473,95.31183,96.03704,97.29957,98.55469,99.22872,99.88091,101.6868,103.4992,104.7158,106.5333,108.9721,111.4301,113.2777,114.4941,116.3446,118.849,120.7149,122.5847,125.1274,127.6865,129.5797,128.7223,124.3438,121.9582,120.2082,117.6863,117.2524,118.236,119.2107,119.4389,120.3895,121.3308,122.263,123.1858,124.0992,125.0032,125.8976,126.7825,127.6577,127.7299,128.5803,129.421,131.0608
160.93,158.4047,156.7506,155.0932,153.4329,151.7699,150.1045,148.4369,146.7673,145.0961,144.2525,143.398,141.7133,140.0279,139.9599,139.8711,138.9626,138.8368,139.4779,140.0869,139.8863,138.8924,138.654,139.1543,138.8666,138.5568,138.9681,139.3454,138.9572,135.645,128.7618,124.1056,120.2082,115.65,113.2293,112.2018,111.1657,109.4456,108.3992,107.3444,106.2816,105.2106,104.1316,103.0447,101.9499,100.8474,99.73716,98.01059,96.89222,95.76647,95.22121
89.20497,89.62109,90.5,91.35691,92.19182,93.00474,93.79571,94.02743,95.31183,96.03704,97.29957,97.98828,99.22872,99.88091,101.6868,103.4992,104.7158,107.142,108.3564,111.4301,113.2777,114.4941,116.3446,118.849,120.7149,123.2473,125.1274,127.6865,129.5797,127.3456,124.3438,121.9582,119.501,117.6863,117.2524,118.236,119.2107,119.4389,120.3895,121.3308,122.263,123.1858,124.0992,125.0032,125.8976,126.7825,126.8697,128.5232,128.5803,130.2248,131.0608
160.93,158.4047,156.7506,155.0932,153.4329,151.7699,150.1045,147.5935,146.7673,145.0961,144.2525,142.5738,141.7133,140.0279,139.9599,139.8711,138.9626,139.6302,138.6899,140.0869,139.8863,138.8924,138.654,139.1543,138.8666,139.3058,138.9681,139.3454,138.9572,134.1943,128.7618,124.1056,119.501,115.65,113.2293,112.2018,111.1657,109.4456,108.3992,107.3444,106.2816,105.2106,104.1316,103.0447,101.9499,100.8474,99.1215,98.61935,96.89222,96.36129,95.22121
89.20497,89.62109,90.5,91.35691,92.19182,93.00474,93.79571,94.56473,95.31183,96.03704,97.29957,98.55469,99.22872,99.88091,101.6868,103.4992,104.7158,106.5333,108.9721,111.4301,113.2777,115.1302,116.3446,118.849,120.7149,123.2473,125.1274,127.6865,129.5797,127.3456,124.3438,121.9582,119.501,117.6863,117.2524,118.236,119.2107,119.4389,120.3895,121.3308,122.263,123.1858,124.0992,125.0032,125.8976,125.9999,127.6577,128.5232,128.5803,129.421,131.0608
160.93,158.4047,156.7506,155.0932,153.4329,151.7699,150.1045,148.4369,146.7673,145.0961,144.2525,143.398,141.7133,140.0279,139.9599,139.8711,138.9626,138.8368,139.4779,140.0869,139.8863,139.664,138.654,139.1543,138.8666,139.3058,138.9681,139.3454,138.9572,134.1943,128.7618,124.1056,119.501,115.65,113.2293,112.2018,111.1657,109.4456,108.3992,107.3444,106.2816,105.2106,104.1316,103.0447,101.9499,100.2249,99.73716,98.61935,96.89222,95.76647,95.22121
89.20497,89.62109,90.5,91.35691,92.19182,93.00474,93.79571,94.56473,95.31183,96.03704,97.29957,97.98828,99.22872,99.88091,101.6868,103.4992,104.7158,107.142,108.9721,110.8076,113.2777,115.1302,116.3446,118.849,120.7149,123.2473,125.1274,127.6865,129.5797,127.3456,125.0385,121.9582,119.501,117.6863,117.2524,118.236,119.2107,119.4389,120.3895,121.3308,122.263,123.1858,124.0992,125.0032,125.8976,126.7825,126.8697,128.5232,128.5803,130.2248,131.0608
160.93,158.4047,156.7506,155.0932,153.4329,151.7699,150.1045,148.4369,146.7673,145.0961,144.2525,142.5738,141.7133,140.0279,139.9599,139.8711,138.9626,139.6302,139.4779,139.3043,139.8863,139.664,138.654,139.1543,138.8666,139.3058,138.9681,139.3454,138.9572,134.1943,129.4812,124.1056,119.501,115.65,113.2293,112.2018,111.1657,109.4456,108.3992,107.3444,106.2816,105.2106,104.1316,103.0447,101.9499,100.8474,99.1215,98.61935,96.89222,96.36129,95.22121
89.20497,89.62109,90.5,91.35691,92.19182,93.00474,93.79571,94.56473,95.31183,96.03704,97.29957,98.55469,99.22872,99.88091,101.6868,103.4992,104.7158,107.142,108.9721,110.8076,113.2777,115.1302,116.3446,118.849,120.7149,123.2473,125.1274,127.6865,129.5797,128.034,124.3438,121.9582,119.501,117.6863,117.2524,118.236,118.4793,119.4389,120.3895,121.3308,122.263,123.1858,124.0992,125.0032,125.1205,125.9999,127.6577,128.5232,128.5803,129.421,131.0608
160.93,158.4047,156.7506,155.0932,153.4329,151.7699,150.1045,148.4369,146.7673,145.0961,144.2525,143.398,141.7133,140.0279,139.9599,139.8711,138.9626,139.6302,139.4779,139.3043,139.8863,139.664,138.654,139.1543,138.8666,139.3058,138.9681,139.3454,138.9572,134.9196,128.7618,124.1056,119.501,115.65,113.2293,112.2018,110.4837,109.4456,108.3992,107.3444,106.2816,105.2106,104.1316,103.0447,101.3206,100.2249,99.73716,98.61935,96.89222,95.76647,95.22121
89.20497,89.62109,90.5,91.35691,92.19182,93.00474,93.79571,94.56473,95.31183,96.03704,97.29957,97.98828,99.22872,99.88091,101.6868,103.4992,104.7158,106.5333,108.9721,111.4301,113.2777,114.4941,116.3446,118.849,120.7149,123.2473,125.1274,127.6865,129.5797,127.3456,124.3438,122.6591,120.2082,117.6863,117.2524,117.5106,118.4793,120.1762,120.3895,121.3308,122.263,123.1858,124.0992,125.0032,125.1205,126.7825,127.6577,127.7299,128.5803,130.2248,131.0608
160.93,158.4047,156.7506,155.0932,153.4329,151.7699,150.1045,148.4369,146.7673,145.0961,144.2525,142.5738,141.7133,140.0279,139.9599,139.8711,138.9626,138.8368,139.4779,140.0869,139.8863,138.8924,138.654,139.1543,138.8666,139.3058,138.9681,139.3454,138.9572,134.1943,128.7618,124.8188,120.2082,115.65,113.2293,111.5134,110.4837,110.1212,108.3992,107.3444,106.2816,105.2106,104.1316,103.0447,101.3206,100.8474,99.73716,98.01059,96.89222,96.36129,95.22121
89.20497,89.62109,90.5,91.35691,92.19182,93.00474,93.79571,94.56473,95.31183,96.03704,97.29957,98.55469,99.22872,99.88091,101.6868,103.4992,104.7158,106.5333,108.9721,111.4301,113.2777,115.1302,116.3446,118.1995,120.7149,123.2473,125.1274,127.6865,129.5797,127.3456,124.3438,121.9582,119.501,117.6863,117.2524,118.236,119.2107,119.4389,120.3895,121.3308,122.263,123.1858,124.0992,125.0032,125.1205,126.7825,126.8697,128.5232,128.5803,129.421,131.0608
160.93,158.4047,156.7506,155.0932,153.4329,151.7699,150.1045,148.4369,146.7673,145.0961,144.2525,143.398,141.7133,140.0279,139.9599,139.8711,138.9626,138.8368,139.4779,140.0869,139.8863,139.664,138.654,138.3939,138.8666,139.3058,138.9681,139.3454,138.9572,134.1943,128.7618,124.1056,119.501,115.65,113.2293,112.2018,111.1657,109.4456,108.3992,107.3444,106.2816,105.2106,104.1316,103.0447,101.3206,100.8474,99.1215,98.61935,96.89222,95.76647,95.22121
89.20497,89.62109,90.5,91.35691,92.19182,93.00474,93.79571,94.02743,95.31183,96.03704,97.29957,97.98828,99.22872,99.88091,101.6868,103.4992,104.7158,107.142,108.9721,110.8076,113.2777,115.1302,116.3446,118.1995,120.7149,123.2473,125.1274,127.6865,129.5797,127.3456,124.3438,121.9582,119.501,117.6863,117.2524,118.236,118.4793,119.4389,120.3895,121.3308,122.263,123.1858,124.0992,125.0032,125.1205,126.7825,127.6577,127.7299,129.379,130.2248,131.0608
160.93,158.4047,156.7506,155.0932,153.4329,151.7699,150.1045,147.5935,146.7673,145.0961,144.2525,142.5738,141.7133,140.0279,139.9599,139.8711,138.9626,139.6302,139.4779,139.3043,139.8863,139.664,138.654,138.3939,138.8666,139.3058,138.9681,139.3454,138.9572,134.1943,128.7618,124.1056,119.501,115.65,113.2293,112.2018,110.4837,109.4456,108.3992,107.3444,106.2816,105.2106,104.1316,103.0447,101.3206,100.8474,99.73716,98.01059,97.49403,96.36129,95.22121
89.20497,89.62109,90.5,91.35691,92.19182,93.00474,93.79571,94.56473,95.31183,96.03704,97.29957,98.55469,99.22872,99.88091,101.6868,103.4992,104.7158,106.5333,108.9721,110.8076,113.2777,115.1302,116.3446,118.849,120.7149,123.2473,125.1274,127.6865,130.2617,127.3456,125.0385,121.9582,120.2082,117.6863,117.2524,118.236,118.4793,119.4389,120.3895,121.3308,122.263,123.1858,124.0992,124.2316,125.8976,125.2173,126.8697,127.7299,128.5803,129.421,131.0608
160.93,158.4047,156.7506,155.0932,153.4329,151.7699,150.1045,148.4369,146.7673,145.0961,144.2525,143.398,141.7133,140.0279,139.9599,139.8711,138.9626,138.8368,139.4779,139.3043,139.8863,139.664,138.654,139.1543,138.8666,139.3058,138.9681,139.3454,139.6886,134.1943,129.4812,124.1056,120.2082,115.65,113.2293,112.2018,110.4837,109.4456,108.3992,107.3444,106.2816,105.2106,104.1316,102.4086,101.9499,99.60234,99.1215,98.01059,96.89222,95.76647,95.22121
89.20497,89.62109,90.5,91.35691,92.19182,93.00474,93.79571,94.56473,95.31183,96.03704,97.29957,98.55469,99.22872,100.4616,101.6868,103.4992,104.7158,106.5333,108.9721,111.4301,113.2777,115.1302,116.3446,118.849,120.7149,123.2473,125.1274,127.6865,129.5797,128.034,124.3438,123.36,119.501,118.3996,117.2524,118.236,118.4793,119.4389,120.3895,121.3308,122.263,123.1858,124.0992,125.0032,125.8976,125.9999,127.6577,127.7299,128.5803,130.2248,131.0608
160.93,158.4047,156.7506,155.0932,153.4329,151.7699,150.1045,148.4369,146.7673,145.0961,144.2525,143.398,141.7133,140.842,139.9599,139.8711,138.9626,138.8368,139.4779,140.0869,139.8863,139.664,138.654,139.1543,138.8666,139.3058,138.9681,139.3454,138.9572,134.9196,128.7618,125.5321,119.501,116.3509,113.2293,112.2018,110.4837,109.4456,108.3992,107.3444,106.2816,105.2106,104.1316,103.0447,101.9499,100.2249,99.73716,98.01059,96.89222,96.36129,95.22121
89.20497,89.62109,90.5,91.35691,92.19182,93.00474,93.79571,94.56473,95.31183,96.03704,97.29957,97.98828,99.22872,100.4616,101.6868,102.9043,104.7158,106.5333,108.9721,111.4301,113.2777,114.4941,116.3446,118.849,120.7149,122.5847,125.1274,127.6865,129.5797,127.3456,124.3438,122.6591,119.501,117.6863,117.2524,118.236,118.4793,119.4389,120.3895,121.3308,122.263,123.1858,124.0992,125.0032,125.8976,125.9999,127.6577,127.7299,128.5803,129.421,131.0608
160.93,158.4047,156.7506,155.0932,153.4329,151.7699,150.1045,148.4369,146.7673,145.0961,144.2525,142.5738,141.7133,140.842,139.9599,139.0672,138.9626,138.8368,139.4779,140.0869,139.8863,138.8924,138.654,139.1543,138.8666,138.5568,138.9681,139.3454,138.9572,134.1943,128.7618,124.8188,119.501,115.65,113.2293,112.2018,110.4837,109.4456,108.3992,107.3444,106.2816,105.2106,104.1316,103.0447,101.9499,100.2249,99.73716,98.01059,96.89222,95.76647,95.22121
89.20497,89.62109,90.5,91.35691,92.19182,93.00474,93.79571,94.56473,95.31183,96.03704,97.29957,98.55469,99.22872,99.88091,101.6868,103.4992,104.7158,106.5333,108.9721,111.4301,113.2777,115.1302,116.3446,118.849,120.7149,122.5847,125.1274,127.6865,129.5797,128.034,124.3438,121.9582,119.501,117.6863,117.2524,118.236,118.4793,120.1762,120.3895,121.3308,122.263,123.1858,124.0992,125.0032,125.1205,125.9999,126.8697,127.7299,128.5803,129.421,131.0608
160.93,158.4047,156.7506,155.0932,153.4329,151.7699,150.1045,148.4369,146.7673,145.0961,144.2525,143.398,141.7133,140.0279,139.9599,139.8711,138.9626,138.8368,139.4779,140.0869,139.8863,139.664,138.654,139.1543,138.8666,138.5568,138.9681,139.3454,138.9572,134.9196,128.7618,124.1056,119.501,115.65,113.2293,112.2018,110.4837,110.1212,108.3992,107.3444,106.2816,105.2106,104.1316,103.0447,101.3206,100.2249,99.1215,98.01059,96.89222,95.76647,95.22121
89.20497,89.62109,90.5,91.35691,92.19182,93.00474,93.79571,94.56473,95.31183,96.03704,97.29957,98.55469,99.22872,100.4616,101.6868,103.4992,104.7158,106.5333,108.9721,110.8076,112.6483,114.4941,116.3446,118.849,120.7149,123.2473,125.1274,127.6865,129.5797,127.3456,124.3438,122.6591,119.501,117.6863,117.2524,118.236,118.4793,119.4389,120.3895,121.3308,122.263,123.1858,124.0992,125.0032,125.8976,126.7825,127.6577,128.5232,128.5803,129.421,131.0608
160.93,158.4047,156.7506,155.0932,153.4329,151.7699,150.1045,148.4369,146.7673,145.0961,144.2525,143.398,141.7133,140.842,139.9599,139.8711,138.9626,138.8368,139.4779,139.3043,139.1091,138.8924,138.654,139.1543,138.8666,139.3058,138.9681,139.3454,138.9572,134.1943,128.7618,124.8188,119.501,115.65,113.2293,112.2018,110.4837,109.4456,108.3992,107.3444,106.2816,105.2106,104.1316,103.0447,101.9499,100.8474,99.73716,98.61935,96.89222,95.76647,95.22121
89.20497,89.62109,90.5,91.35691,92.19182,93.00474,93.79571,94.56473,95.31183,96.03704,97.29957,98.55469,99.22872,99.88091,101.0991,103.4992,104.7158,106.5333,108.9721,111.4301,113.2777,115.1302,116.3446,118.849,120.7149,123.2473,125.1274,127.6865,129.5797,127.3456,124.3438,121.9582,119.501,117.6863,117.2524,118.236,119.2107,119.4389,120.3895,121.3308,122.263,122.4254,124.0992,125.0032,125.8976,126.7825,126.8697,128.5232,128.5803,130.2248,131.0608
160.93,158.4047,156.7506,155.0932,153.4329,151.7699,150.1045,148.4369,146.7673,145.0961,144.2525,143.398,141.7133,140.0279,139.1509,139.8711,138.9626,138.8368,139.4779,140.0869,139.8863,139.664,138.654,139.1543,138.8666,139.3058,138.9681,139.3454,138.9572,134.1943,128.7618,124.1056,119.501,115.65,113.2293,112.2018,111.1657,109.4456,108.3992,107.3444,106.2816,104.5611,104.1316,103.0447,101.9499,100.8474,99.1215,98.61935,96.89222,96.36129,95.22121
89.20497,89.62109,90.5,91.35691,92.19182,93.00474,93.79571,94.56473,95.31183,96.03704,97.29957,98.55469,99.22872,99.88091,101.6868,103.4992,104.7158,107.142,108.9721,111.4301,113.2777,115.1302,116.3446,118.849,120.7149,123.2473,125.1274,127.6865,130.2617,128.7223,124.3438,121.9582,119.501,117.6863,117.2524,118.236,119.2107,120.1762,120.3895,121.3308,122.263,122.4254,124.0992,125.0032,125.1205,126.7825,126.8697,127.7299,128.5803,129.421,131.0608
160.93,158.4047,156.7506,155.0932,153.4329,151.7699,150.1045,148.4369,146.7673,145.0961,144.2525,143.398,141.7133,140.0279,139.9599,139.8711,138.9626,139.6302,139.4779,140.0869,139.8863,139.664,138.654,139.1543,138.8666,139.3058,138.9681,139.3454,139.6886,135.645,128.7618,124.1056,119.501,115.65,113.2293,112.2018,111.1657,110.1212,108.3992,107.3444,106.2816,104.5611,104.1316,103.0447,101.3206,100.8474,99.1215,98.01059,96.89222,95.76647,95.22121
89.20497,89.62109,90.5,91.35691,92.19182,93.00474,93.79571,94.56473,95.31183,96.03704,97.29957,98.55469,99.22872,99.88091,101.6868,103.4992,104.7158,107.142,108.9721,110.8076,113.2777,115.1302,116.3446,118.849,120.7149,122.5847,125.7966,127.6865,130.2617,127.3456,124.3438,122.6591,119.501,117.6863,117.2524,118.236,119.2107,119.4389,120.3895,121.3308,122.263,123.1858,124.0992,125.0032,125.1205,126.7825,126.8697,127.7299,128.5803,130.2248,131.0608
160.93,158.4047,156.7506,155.0932,153.4329,151.7699,150.1045,148.4369,146.7673,145.0961,144.2525,143.398,141.7133,140.0279,139.9599,139.8711,138.9626,139.6302,139.4779,139.3043,139.8863,139.664,138.654,139.1543,138.8666,138.5568,139.7112,139.3454,139.6886,134.1943,128.7618,124.8188,119.501,115.65,113.2293,112.2018,111.1657,109.4456,108.3992,107.3444,106.2816,105.2106,104.1316,103.0447,101.3206,100.8474,99.1215,98.01059,96.89222,96.36129,95.22121
89.20497,89.62109,90.5,91.35691,92.19182,93.00474,93.79571,94.56473,95.31183,96.03704,97.29957,97.98828,99.22872,99.88091,101.6868,103.4992,104.7158,106.5333,108.9721,110.8076,113.2777,115.1302,116.3446,118.1995,120.7149,123.2473,125.7966,127.6865,129.5797,127.3456,124.3438,121.9582,119.501,117.6863,117.2524,118.236,119.2107,119.4389,120.3895,121.3308,122.263,123.1858,124.0992,125.0032,125.8976,126.7825,126.8697,128.5232,129.379,130.2248,131.0608
160.93,158.4047,156.7506,155.0932,153.4329,151.7699,150.1045,148.4369,146.7673,145.0961,144.2525,142.5738,141.7133,140.0279,139.9599,139.8711,138.9626,138.8368,139.4779,139.3043,139.8863,139.664,138.654,138.3939,138.8666,139.3058,139.7112,139.3454,138.9572,134.1943,128.7618,124.1056,119.501,115.65,113.2293,112.2018,111.1657,109.4456,108.3992,107.3444,106.2816,105.2106,104.1316,103.0447,101.9499,100.8474,99.1215,98.61935,97.49403,96.36129,95.22121
88.72016,89.62109,90.5,91.35691,92.19182,93.00474,93.26579,94.56473,95.31183,96.03704,97.29957,98.55469,99.22872,100.4616,101.6868,103.4992,104.7158,106.5333,108.9721,111.4301,113.2777,115.1302,116.3446,118.849,120.7149,123.2473,125.1274,127.6865,129.5797,127.3456,124.3438,121.9582,119.501,117.6863,117.2524,118.236,118.4793,119.4389,120.3895,121.3308,122.263,123.1858,124.0992,125.0032,125.1205,125.9999,126.8697,127.7299,129.379,129.421,131.0608
160.0554,158.4047,156.7506,155.0932,153.4329,151.7699,149.2565,148.4369,146.7673,145.0961,144.2525,143.398,141.7133,140.842,139.9599,139.8711,138.9626,138.8368,139.4779,140.0869,139.8863,139.664,138.654,139.1543,138.8666,139.3058,138.9681,139.3454,138.9572,134.1943,128.7618,124.1056,119.501,115.65,113.2293,112.2018,110.4837,109.4456,108.3992,107.3444,106.2816,105.2106,104.1316,103.0447,101.3206,100.2249,99.1215,98.01059,97.49403,95.76647,95.22121
