120.594,114.1477,114.8804,114.7903,113.8621,113.7294,113.5781,114.2424,114.0592,113.8578,113.6384,113.4011,113.1461,112.8734,113.4493,113.1462,112.8259,113.3674,114.7832,116.1984,116.7219,118.1313,118.6408,120.0438,121.4452,122.8448,124.2422,125.6372,126.1092,127.4954,128.8786,130.2585,131.6348,133.0075,134.376,135.7404,138.0457,134.662,127.4416,122.0758,116.6692,112.1819,111.5064,110.8175,111.0815,111.337,111.584,111.8225,111.0782,111.2977,111.5088,111.7114,111.9055,112.0911,112.2681,112.4366,112.5965,112.7478,112.8906,113.0247,113.1503,112.2736,113.3755,113.4752,112.57,112.6517
90.87407,84.46484,83.46551,81.87912,79.72712,78.16406,76.60943,75.61537,74.07091,72.53545,71.00918,69.49231,67.98503,66.48753,65.5,64.01506,62.54044,61.55348,61.0313,60.48907,59.47276,58.89811,57.86499,57.25798,56.63085,55.98359,55.31618,54.62862,53.53016,52.81031,52.07032,51.31017,50.52988,49.72945,48.90888,48.06819,47.53295,45.05726,41.40828,38.49034,35.66935,33.2298,31.97393,30.73241,29.76419,28.7937,27.82102,26.84622,25.64442,24.67412,23.70193,22.72794,21.75223,20.77485,19.79589,18.81543,17.83353,16.85027,15.86573,14.87999,13.89311,12.79196,11.91624,10.92642,9.848599,8.865878
120.594,114.9515,114.8804,114.7903,113.8621,113.7294,113.5781,114.2424,114.0592,113.8578,113.6384,112.5485,113.1461,112.8734,113.4493,113.1462,113.7006,113.3674,114.7832,116.1984,116.7219,118.1313,118.6408,120.0438,121.4452,122.8448,124.2422,124.7202,126.1092,126.5715,128.8786,130.2585,131.6348,133.0075,134.376,135.7404,138.0457,134.662,127.4416,122.0758,116.6692,112.1819,111.5064,111.7811,111.0815,111.337,111.584,110.8502,111.0782,111.2977,111.5088,111.7114,111.9055,112.0911,112.2681,112.4366,112.5965,112.7478,112.8906,113.0247,113.1503,112.2736,112.381,112.4798,112.57,111.6547
90.87407,85.05966,83.46551,81.87912,79.72712,78.16406,76.60943,75.61537,74.07091,72.53545,71.00918,68.96981,67.98503,66.48753,65.5,64.01506,63.02525,61.55348,61.0313,60.48907,59.47276,58.89811,57.86499,57.25798,56.63085,55.98359,55.31618,54.22987,53.53016,52.42763,52.07032,51.31017,50.52988,49.72945,48.90888,48.06819,47.53295,45.05726,41.40828,38.49034,35.66935,33.2298,31.97393,30.99965,29.76419,28.7937,27.82102,26.61277,25.64442,24.67412,23.70193,22.72794,21.75223,20.77485,19.79589,18.81543,17.83353,16.85027,15.86573,14.87999,13.89311,12.79196,11.81172,10.83057,9.848599,8.787419
120.594,114.9515,114.8804,113.9762,113.8621,113.7294,113.5781,114.2424,113.2205,113.8578,113.6384,113.4011,113.1461,112.8734,113.4493,114.0166,112.8259,113.3674,114.7832,116.1984,116.7219,117.2364,118.6408,120.0438,121.4452,122.8448,124.2422,125.6372,126.1092,127.4954,128.8786,130.2585,131.6348,133.0075,134.376,135.7404,138.0457,134.662,127.4416,122.0758,116.6692,112.1819,111.5064,110.8175,111.0815,111.337,111.584,110.8502,111.0782,111.2977,111.5088,111.7114,111.9055,112.0911,112.2681,112.4366,112.5965,112.7478,112.8906,113.0247,113.1503,113.2672,112.381,112.4798,112.57,112.6517
90.87407,85.05966,83.46551,81.29841,79.72712,78.16406,76.60943,75.61537,73.52627,72.53545,71.00918,69.49231,67.98503,66.48753,65.5,64.50749,62.54044,61.55348,61.0313,60.48907,59.47276,58.45191,57.86499,57.25798,56.63085,55.98359,55.31618,54.62862,53.53016,52.81031,52.07032,51.31017,50.52988,49.72945,48.90888,48.06819,47.53295,45.05726,41.40828,38.49034,35.66935,33.2298,31.97393,30.73241,29.76419,28.7937,27.82102,26.61277,25.64442,24.67412,23.70193,22.72794,21.75223,20.77485,19.79589,18.81543,17.83353,16.85027,15.86573,14.87999,13.89311,12.90517,11.81172,10.83057,9.848599,8.865878
120.594,114.9515,114.0714,114.7903,113.8621,113.7294,113.5781,114.2424,114.0592,113.8578,112.7904,113.4011,113.1461,112.8734,113.4493,113.1462,112.8259,113.3674,114.7832,116.1984,116.7219,117.2364,118.6408,120.0438,121.4452,122.8448,124.2422,125.6372,126.1092,127.4954,128.8786,130.2585,131.6348,133.0075,134.376,135.7404,138.0457,134.662,127.4416,122.0758,116.6692,112.1819,111.5064,111.7811,112.0474,111.337,110.6137,110.8502,111.0782,111.2977,111.5088,111.7114,111.9055,112.0911,112.2681,112.4366,112.5965,112.7478,111.9003,113.0247,112.1577,113.2672,112.381,113.4752,112.57,112.6517
90.87407,85.05966,82.87772,81.87912,79.72712,78.16406,76.60943,75.61537,74.07091,72.53545,70.47926,69.49231,67.98503,66.48753,65.5,64.01506,62.54044,61.55348,61.0313,60.48907,59.47276,58.45191,57.86499,57.25798,56.63085,55.98359,55.31618,54.62862,53.53016,52.81031,52.07032,51.31017,50.52988,49.72945,48.90888,48.06819,47.53295,45.05726,41.40828,38.49034,35.66935,33.2298,31.97393,30.99965,30.02301,28.7937,27.5791,26.61277,25.64442,24.67412,23.70193,22.72794,21.75223,20.77485,19.79589,18.81543,17.83353,16.85027,15.72656,14.87999,13.77124,12.90517,11.81172,10.92642,9.848599,8.865878
115.0035,114.9515,114.8804,113.9762,113.8621,113.7294,113.5781,114.2424,114.0592,113.8578,113.6384,113.4011,113.1461,112.8734,113.4493,113.1462,112.8259,113.3674,114.7832,116.1984,116.7219,117.2364,118.6408,120.0438,122.3516,122.8448,124.2422,125.6372,126.1092,127.4954,128.8786,130.2585,131.6348,133.0075,134.376,135.7404,138.0457,134.662,127.4416,122.0758,117.6255,112.1819,111.5064,110.8175,111.0815,111.337,110.6137,110.8502,111.0782,111.2977,111.5088,111.7114,111.9055,112.0911,112.2681,112.4366,112.5965,112.7478,112.8906,113.0247,113.1503,112.2736,112.381,112.4798,112.57,112.6517
86.66136,85.05966,83.46551,81.29841,79.72712,78.16406,76.60943,75.61537,74.07091,72.53545,71.00918,69.49231,67.98503,66.48753,65.5,64.01506,62.54044,61.55348,61.0313,60.48907,59.47276,58.45191,57.86499,57.25798,57.05347,55.98359,55.31618,54.62862,53.53016,52.81031,52.07032,51.31017,50.52988,49.72945,48.90888,48.06819,47.53295,45.05726,41.40828,38.49034,35.96172,33.2298,31.97393,30.73241,29.76419,28.7937,27.5791,26.61277,25.64442,24.67412,23.70193,22.72794,21.75223,20.77485,19.79589,18.81543,17.83353,16.85027,15.86573,14.87999,13.89311,12.79196,11.81172,10.83057,9.848599,8.865878
120.594,114.1477,114.8804,114.7903,113.8621,113.7294,113.5781,114.2424,114.0592,113.8578,113.6384,113.4011,113.1461,112.8734,113.4493,113.1462,112.8259,113.3674,114.7832,116.1984,116.7219,118.1313,118.6408,120.0438,121.4452,122.8448,124.2422,124.7202,126.1092,127.4954,128.8786,130.2585,131.6348,133.0075,133.4364,135.7404,137.1002,135.6103,127.4416,122.0758,116.6692,113.1407,111.5064,110.8175,111.0815,111.337,111.584,110.8502,111.0782,111.2977,111.5088,111.7114,111.9055,112.0911,112.2681,112.4366,112.5965,112.7478,112.8906,113.0247,112.1577,113.2672,113.3755,113.4752,112.57,116.6393
90.87407,84.46484,83.46551,81.87912,79.72712,78.16406,76.60943,75.61537,74.07091,72.53545,71.00918,69.49231,67.98503,66.48753,65.5,64.01506,62.54044,61.55348,61.0313,60.48907,59.47276,58.89811,57.86499,57.25798,56.63085,55.98359,55.31618,54.22987,53.53016,52.81031,52.07032,51.31017,50.52988,49.72945,48.56686,48.06819,47.20738,45.37457,41.40828,38.49034,35.66935,33.51381,31.97393,30.73241,29.76419,28.7937,27.82102,26.61277,25.64442,24.67412,23.70193,22.72794,21.75223,20.77485,19.79589,18.81543,17.83353,16.85027,15.86573,14.87999,13.77124,12.90517,11.91624,10.92642,9.848599,9.179714
115.0035,114.9515,114.8804,114.7903,113.8621,113.7294,113.5781,114.2424,114.0592,113.8578,113.6384,113.4011,113.1461,112.8734,113.4493,113.1462,113.7006,113.3674,114.7832,116.1984,116.7219,118.1313,118.6408,120.0438,121.4452,122.8448,124.2422,125.6372,126.1092,127.4954,128.8786,130.2585,131.6348,133.0075,134.376,135.7404,138.0457,134.662,127.4416,122.0758,116.6692,114.0995,111.5064,110.8175,111.0815,111.337,111.584,110.8502,111.0782,111.2977,111.5088,111.7114,111.9055,112.0911,112.2681,112.4366,112.5965,112.7478,112.8906,113.0247,112.1577,113.2672,112.381,112.4798,112.57,112.6517
86.66136,85.05966,83.46551,81.87912,79.72712,78.16406,76.60943,75.61537,74.07091,72.53545,71.00918,69.49231,67.98503,66.48753,65.5,64.01506,63.02525,61.55348,61.0313,60.48907,59.47276,58.89811,57.86499,57.25798,56.63085,55.98359,55.31618,54.62862,53.53016,52.81031,52.07032,51.31017,50.52988,49.72945,48.90888,48.06819,47.53295,45.05726,41.40828,38.49034,35.66935,33.79783,31.97393,30.73241,29.76419,28.7937,27.82102,26.61277,25.64442,24.67412,23.70193,22.72794,21.75223,20.77485,19.79589,18.81543,17.83353,16.85027,15.86573,14.87999,13.77124,12.90517,11.81172,10.83057,9.848599,8.865878
115.0035,114.9515,114.8804,114.7903,113.8621,113.7294,113.5781,114.2424,114.0592,113.8578,113.6384,112.5485,113.1461,112.8734,113.4493,113.1462,112.8259,113.3674,114.7832,116.1984,116.7219,117.2364,118.6408,120.0438,121.4452,122.8448,124.2422,125.6372,126.1092,127.4954,128.8786,130.2585,131.6348,133.0075,134.376,135.7404,138.0457,135.6103,127.4416,122.0758,116.6692,113.1407,111.5064,110.8175,111.0815,111.337,110.6137,111.8225,111.0782,111.2977,111.5088,111.7114,111.9055,112.0911,112.2681,112.4366,112.5965,112.7478,112.8906,112.0333,113.1503,113.2672,113.3755,112.4798,112.57,110.6578
86.66136,85.05966,83.46551,81.87912,79.72712,78.16406,76.60943,75.61537,74.07091,72.53545,71.00918,68.96981,67.98503,66.48753,65.5,64.01506,62.54044,61.55348,61.0313,60.48907,59.47276,58.45191,57.86499,57.25798,56.63085,55.98359,55.31618,54.62862,53.53016,52.81031,52.07032,51.31017,50.52988,49.72945,48.90888,48.06819,47.53295,45.37457,41.40828,38.49034,35.66935,33.51381,31.97393,30.73241,29.76419,28.7937,27.5791,26.84622,25.64442,24.67412,23.70193,22.72794,21.75223,20.77485,19.79589,18.81543,17.83353,16.85027,15.86573,14.74946,13.89311,12.90517,11.91624,10.83057,9.848599,8.70896
120.594,114.9515,114.8804,114.7903,113.8621,113.7294,113.5781,114.2424,114.0592,113.8578,113.6384,113.4011,113.1461,112.8734,113.4493,114.0166,112.8259,113.3674,114.7832,116.1984,116.7219,118.1313,118.6408,120.0438,121.4452,122.8448,124.2422,125.6372,126.1092,127.4954,128.8786,130.2585,131.6348,133.0075,134.376,135.7404,138.0457,134.662,127.4416,122.0758,117.6255,113.1407,111.5064,110.8175,111.0815,111.337,111.584,111.8225,111.0782,111.2977,111.5088,111.7114,111.9055,112.0911,112.2681,112.4366,112.5965,112.7478,112.8906,113.0247,113.1503,112.2736,112.381,112.4798,112.57,111.6547
90.87407,85.05966,83.46551,81.87912,79.72712,78.16406,76.60943,75.61537,74.07091,72.53545,71.00918,69.49231,67.98503,66.48753,65.5,64.50749,62.54044,61.55348,61.0313,60.48907,59.47276,58.89811,57.86499,57.25798,56.63085,55.98359,55.31618,54.62862,53.53016,52.81031,52.07032,51.31017,50.52988,49.72945,48.90888,48.06819,47.53295,45.05726,41.40828,38.49034,35.96172,33.51381,31.97393,30.73241,29.76419,28.7937,27.82102,26.84622,25.64442,24.67412,23.70193,22.72794,21.75223,20.77485,19.79589,18.81543,17.83353,16.85027,15.86573,14.87999,13.89311,12.79196,11.81172,10.83057,9.848599,8.787419
120.594,114.9515,114.8804,113.9762,113.8621,113.7294,113.5781,114.2424,114.0592,113.8578,113.6384,113.4011,113.1461,112.8734,113.4493,113.1462,112.8259,113.3674,114.7832,116.1984,116.7219,118.1313,119.5396,120.0438,121.4452,122.8448,124.2422,125.6372,126.1092,127.4954,128.8786,129.328,131.6348,133.0075,134.376,134.7977,137.1002,134.662,127.4416,122.0758,116.6692,112.1819,111.5064,110.8175,111.0815,111.337,110.6137,111.8225,111.0782,111.2977,111.5088,111.7114,111.9055,112.0911,112.2681,112.4366,112.5965,112.7478,112.8906,113.0247,112.1577,112.2736,112.381,112.4798,112.57,113.6486
90.87407,85.05966,83.46551,81.29841,79.72712,78.16406,76.60943,75.61537,74.07091,72.53545,71.00918,69.49231,67.98503,66.48753,65.5,64.01506,62.54044,61.55348,61.0313,60.48907,59.47276,58.89811,58.30336,57.25798,56.63085,55.98359,55.31618,54.62862,53.53016,52.81031,52.07032,50.94367,50.52988,49.72945,48.90888,47.73438,47.20738,45.05726,41.40828,38.49034,35.66935,33.2298,31.97393,30.73241,29.76419,28.7937,27.5791,26.84622,25.64442,24.67412,23.70193,22.72794,21.75223,20.77485,19.79589,18.81543,17.83353,16.85027,15.86573,14.87999,13.77124,12.79196,11.81172,10.83057,9.848599,8.944337
115.0035,114.1477,114.8804,114.7903,113.8621,113.7294,113.5781,114.2424,114.0592,113.8578,113.6384,113.4011,113.1461,112.8734,113.4493,113.1462,112.8259,113.3674,114.7832,116.1984,116.7219,118.1313,118.6408,120.0438,121.4452,122.8448,124.2422,125.6372,126.1092,127.4954,128.8786,130.2585,131.6348,133.0075,134.376,135.7404,138.0457,134.662,127.4416,122.0758,116.6692,113.1407,111.5064,109.8539,111.0815,111.337,111.584,110.8502,111.0782,111.2977,111.5088,111.7114,111.9055,112.0911,112.2681,112.4366,112.5965,112.7478,112.8906,113.0247,113.1503,113.2672,113.3755,112.4798,112.57,112.6517
86.66136,84.46484,83.46551,81.87912,79.72712,78.16406,76.60943,75.61537,74.07091,72.53545,71.00918,69.49231,67.98503,66.48753,65.5,64.01506,62.54044,61.55348,61.0313,60.48907,59.47276,58.89811,57.86499,57.25798,56.63085,55.98359,55.31618,54.62862,53.53016,52.81031,52.07032,51.31017,50.52988,49.72945,48.90888,48.06819,47.53295,45.05726,41.40828,38.49034,35.66935,33.51381,31.97393,30.46517,29.76419,28.7937,27.82102,26.61277,25.64442,24.67412,23.70193,22.72794,21.75223,20.77485,19.79589,18.81543,17.83353,16.85027,15.86573,14.87999,13.89311,12.90517,11.91624,10.83057,9.848599,8.865878
120.594,114.9515,114.8804,113.9762,113.8621,113.7294,113.5781,114.2424,114.0592,113.8578,113.6384,113.4011,113.1461,112.8734,113.4493,113.1462,112.8259,113.3674,114.7832,116.1984,116.7219,118.1313,118.6408,120.0438,121.4452,122.8448,124.2422,125.6372,126.1092,127.4954,128.8786,130.2585,131.6348,133.0075,134.376,135.7404,138.0457,134.662,127.4416,122.0758,116.6692,114.0995,111.5064,111.7811,111.0815,111.337,111.584,110.8502,111.0782,111.2977,111.5088,111.7114,111.9055,112.0911,112.2681,112.4366,112.5965,112.7478,112.8906,112.0333,113.1503,113.2672,112.381,112.4798,112.57,111.6547
90.87407,85.05966,83.46551,81.29841,79.72712,78.16406,76.60943,75.61537,74.07091,72.53545,71.00918,69.49231,67.98503,66.48753,65.5,64.01506,62.54044,61.55348,61.0313,60.48907,59.47276,58.89811,57.86499,57.25798,56.63085,55.98359,55.31618,54.62862,53.53016,52.81031,52.07032,51.31017,50.52988,49.72945,48.90888,48.06819,47.53295,45.05726,41.40828,38.49034,35.66935,33.79783,31.97393,30.99965,29.76419,28.7937,27.82102,26.61277,25.64442,24.67412,23.70193,22.72794,21.75223,20.77485,19.79589,18.81543,17.83353,16.85027,15.86573,14.74946,13.89311,12.90517,11.81172,10.83057,9.848599,8.787419
115.0035,114.9515,114.8804,113.9762,113.8621,113.7294,113.5781,114.2424,114.0592,113.8578,113.6384,113.4011,113.1461,112.8734,113.4493,113.1462,112.8259,113.3674,114.7832,116.1984,116.7219,117.2364,118.6408,120.0438,121.4452,122.8448,124.2422,125.6372,126.1092,126.5715,128.8786,130.2585,131.6348,133.0075,134.376,135.7404,138.0457,134.662,127.4416,122.0758,116.6692,112.1819,111.5064,111.7811,111.0815,111.337,111.584,111.8225,111.0782,111.2977,111.5088,111.7114,111.9055,112.0911,112.2681,112.4366,112.5965,112.7478,112.8906,113.0247,113.1503,112.2736,112.381,112.4798,112.57,112.6517
86.66136,85.05966,83.46551,81.29841,79.72712,78.16406,76.60943,75.61537,74.07091,72.53545,71.00918,69.49231,67.98503,66.48753,65.5,64.01506,62.54044,61.55348,61.0313,60.48907,59.47276,58.45191,57.86499,57.25798,56.63085,55.98359,55.31618,54.62862,53.53016,52.42763,52.07032,51.31017,50.52988,49.72945,48.90888,48.06819,47.53295,45.05726,41.40828,38.49034,35.66935,33.2298,31.97393,30.99965,29.76419,28.7937,27.82102,26.84622,25.64442,24.67412,23.70193,22.72794,21.75223,20.77485,19.79589,18.81543,17.83353,16.85027,15.86573,14.87999,13.89311,12.79196,11.81172,10.83057,9.848599,8.865878
120.594,114.9515,114.8804,114.7903,113.8621,113.7294,113.5781,114.2424,114.0592,113.8578,113.6384,113.4011,113.1461,112.8734,113.4493,113.1462,112.8259,113.3674,114.7832,116.1984,116.7219,117.2364,118.6408,120.0438,121.4452,121.9348,124.2422,125.6372,126.1092,127.4954,128.8786,129.328,131.6348,133.0075,134.376,135.7404,138.0457,134.662,127.4416,122.0758,117.6255,112.1819,111.5064,111.7811,111.0815,111.337,111.584,111.8225,111.0782,111.2977,111.5088,111.7114,111.9055,112.0911,112.2681,112.4366,112.5965,112.7478,112.8906,113.0247,113.1503,113.2672,112.381,112.4798,112.57,114.6455
90.87407,85.05966,83.46551,81.87912,79.72712,78.16406,76.60943,75.61537,74.07091,72.53545,71.00918,69.49231,67.98503,66.48753,65.5,64.01506,62.54044,61.55348,61.0313,60.48907,59.47276,58.45191,57.86499,57.25798,56.63085,55.56889,55.31618,54.62862,53.53016,52.81031,52.07032,50.94367,50.52988,49.72945,48.90888,48.06819,47.53295,45.05726,41.40828,38.49034,35.96172,33.2298,31.97393,30.99965,29.76419,28.7937,27.82102,26.84622,25.64442,24.67412,23.70193,22.72794,21.75223,20.77485,19.79589,18.81543,17.83353,16.85027,15.86573,14.87999,13.89311,12.90517,11.81172,10.83057,9.848599,9.022796
120.594,114.9515,114.8804,113.9762,113.8621,113.7294,113.5781,114.2424,114.0592,113.0145,113.6384,113.4011,113.1461,112.8734,113.4493,113.1462,112.8259,113.3674,114.7832,116.1984,116.7219,117.2364,118.6408,120.0438,121.4452,122.8448,124.2422,125.6372,126.1092,126.5715,128.8786,130.2585,131.6348,133.0075,134.376,135.7404,138.0457,134.662,127.4416,122.0758,116.6692,113.1407,111.5064,111.7811,111.0815,111.337,111.584,111.8225,111.0782,111.2977,111.5088,111.7114,111.9055,112.0911,112.2681,112.4366,112.5965,112.7478,112.8906,113.0247,113.1503,113.2672,112.381,113.4752,112.57,113.6486
90.87407,85.05966,83.46551,81.29841,79.72712,78.16406,76.60943,75.61537,74.07091,71.99815,71.00918,69.49231,67.98503,66.48753,65.5,64.01506,62.54044,61.55348,61.0313,60.48907,59.47276,58.45191,57.86499,57.25798,56.63085,55.98359,55.31618,54.62862,53.53016,52.42763,52.07032,51.31017,50.52988,49.72945,48.90888,48.06819,47.53295,45.05726,41.40828,38.49034,35.66935,33.51381,31.97393,30.99965,29.76419,28.7937,27.82102,26.84622,25.64442,24.67412,23.70193,22.72794,21.75223,20.77485,19.79589,18.81543,17.83353,16.85027,15.86573,14.87999,13.89311,12.90517,11.81172,10.92642,9.848599,8.944337
115.0035,114.1477,114.8804,114.7903,113.8621,113.7294,113.5781,114.2424,114.0592,113.8578,113.6384,113.4011,113.1461,112.8734,113.4493,113.1462,112.8259,113.3674,114.7832,116.1984,116.7219,117.2364,118.6408,120.0438,121.4452,122.8448,124.2422,125.6372,126.1092,127.4954,128.8786,130.2585,131.6348,133.0075,134.376,135.7404,138.0457,134.662,127.4416,122.0758,116.6692,113.1407,111.5064,110.8175,111.0815,111.337,111.584,110.8502,111.0782,111.2977,111.5088,111.7114,111.9055,112.0911,112.2681,112.4366,111.6088,112.7478,112.8906,113.0247,112.1577,113.2672,112.381,112.4798,112.57,111.6547
86.66136,84.46484,83.46551,81.87912,79.72712,78.16406,76.60943,75.61537,74.07091,72.53545,71.00918,69.49231,67.98503,66.48753,65.5,64.01506,62.54044,61.55348,61.0313,60.48907,59.47276,58.45191,57.86499,57.25798,56.63085,55.98359,55.31618,54.62862,53.53016,52.81031,52.07032,51.31017,50.52988,49.72945,48.90888,48.06819,47.53295,45.05726,41.40828,38.49034,35.66935,33.51381,31.97393,30.73241,29.76419,28.7937,27.82102,26.61277,25.64442,24.67412,23.70193,22.72794,21.75223,20.77485,19.79589,18.81543,17.67709,16.85027,15.86573,14.87999,13.77124,12.90517,11.81172,10.83057,9.848599,8.787419
115.0035,114.9515,114.8804,113.9762,113.8621,113.7294,113.5781,114.2424,114.0592,113.8578,113.6384,113.4011,113.1461,112.8734,113.4493,113.1462,112.8259,113.3674,114.7832,116.1984,116.7219,118.1313,118.6408,120.0438,121.4452,122.8448,124.2422,125.6372,126.1092,126.5715,128.8786,130.2585,131.6348,133.0075,133.4364,135.7404,138.0457,134.662,127.4416,121.1221,116.6692,113.1407,111.5064,111.7811,111.0815,111.337,110.6137,110.8502,111.0782,111.2977,111.5088,111.7114,111.9055,112.0911,112.2681,112.4366,112.5965,112.7478,112.8906,113.0247,113.1503,113.2672,113.3755,112.4798,112.57,113.6486
86.66136,85.05966,83.46551,81.29841,79.72712,78.16406,76.60943,75.61537,74.07091,72.53545,71.00918,69.49231,67.98503,66.48753,65.5,64.01506,62.54044,61.55348,61.0313,60.48907,59.47276,58.89811,57.86499,57.25798,56.63085,55.98359,55.31618,54.62862,53.53016,52.42763,52.07032,51.31017,50.52988,49.72945,48.56686,48.06819,47.53295,45.05726,41.40828,38.18964,35.66935,33.51381,31.97393,30.99965,29.76419,28.7937,27.5791,26.61277,25.64442,24.67412,23.70193,22.72794,21.75223,20.77485,19.79589,18.81543,17.83353,16.85027,15.86573,14.87999,13.89311,12.90517,11.91624,10.83057,9.848599,8.944337
120.594,114.9515,114.8804,114.7903,113.8621,113.7294,113.5781,114.2424,114.0592,113.8578,113.6384,113.4011,113.1461,112.8734,113.4493,114.0166,112.8259,113.3674,114.7832,116.1984,116.7219,117.2364,118.6408,120.0438,121.4452,122.8448,124.2422,125.6372,126.1092,127.4954,128.8786,130.2585,131.6348,133.0075,134.376,135.7404,138.0457,134.662,127.4416,122.0758,116.6692,112.1819,111.5064,110.8175,111.0815,111.337,111.584,110.8502,111.0782,111.2977,111.5088,111.7114,111.9055,112.0911,112.2681,112.4366,112.5965,112.7478,112.8906,113.0247,113.1503,112.2736,112.381,112.4798,112.57,110.6578
90.87407,85.05966,83.46551,81.87912,79.72712,78.16406,76.60943,75.61537,74.07091,72.53545,71.00918,69.49231,67.98503,66.48753,65.5,64.50749,62.54044,61.55348,61.0313,60.48907,59.47276,58.45191,57.86499,57.25798,56.63085,55.98359,55.31618,54.62862,53.53016,52.81031,52.07032,51.31017,50.52988,49.72945,48.90888,48.06819,47.53295,45.05726,41.40828,38.49034,35.66935,33.2298,31.97393,30.73241,29.76419,28.7937,27.82102,26.61277,25.64442,24.67412,23.70193,22.72794,21.75223,20.77485,19.79589,18.81543,17.83353,16.85027,15.86573,14.87999,13.89311,12.79196,11.81172,10.83057,9.848599,8.70896
115.0035,114.1477,114.8804,114.7903,113.8621,113.7294,113.5781,114.2424,114.0592,113.8578,113.6384,112.5485,113.1461,112.8734,113.4493,113.1462,113.7006,113.3674,114.7832,116.1984,116.7219,117.2364,118.6408,120.0438,121.4452,122.8448,124.2422,125.6372,126.1092,127.4954,128.8786,130.2585,131.6348,133.0075,134.376,135.7404,138.0457,134.662,127.4416,122.0758,116.6692,112.1819,111.5064,111.7811,111.0815,111.337,110.6137,110.8502,111.0782,111.2977,111.5088,111.7114,111.9055,112.0911,112.2681,112.4366,112.5965,112.7478,112.8906,113.0247,113.1503,112.2736,112.381,113.4752,112.57,110.6578
86.66136,84.46484,83.46551,81.87912,79.72712,78.16406,76.60943,75.61537,74.07091,72.53545,71.00918,68.96981,67.98503,66.48753,65.5,64.01506,63.02525,61.55348,61.0313,60.48907,59.47276,58.45191,57.86499,57.25798,56.63085,55.98359,55.31618,54.62862,53.53016,52.81031,52.07032,51.31017,50.52988,49.72945,48.90888,48.06819,47.53295,45.05726,41.40828,38.49034,35.66935,33.2298,31.97393,30.99965,29.76419,28.7937,27.5791,26.61277,25.64442,24.67412,23.70193,22.72794,21.75223,20.77485,19.79589,18.81543,17.83353,16.85027,15.86573,14.87999,13.89311,12.79196,11.81172,10.92642,9.848599,8.70896
115.0035,114.9515,114.8804,113.9762,113.8621,113.7294,113.5781,114.2424,114.0592,113.8578,113.6384,113.4011,113.1461,112.8734,113.4493,114.0166,113.7006,113.3674,114.7832,116.1984,116.7219,118.1313,118.6408,120.0438,121.4452,122.8448,124.2422,125.6372,126.1092,127.4954,128.8786,130.2585,131.6348,133.0075,134.376,135.7404,138.0457,134.662,127.4416,122.0758,116.6692,113.1407,111.5064,111.7811,111.0815,111.337,111.584,110.8502,111.0782,111.2977,111.5088,111.7114,111.9055,112.0911,112.2681,112.4366,112.5965,112.7478,112.8906,113.0247,113.1503,112.2736,112.381,112.4798,112.57,111.6547
86.66136,85.05966,83.46551,81.29841,79.72712,78.16406,76.60943,75.61537,74.07091,72.53545,71.00918,69.49231,67.98503,66.48753,65.5,64.50749,63.02525,61.55348,61.0313,60.48907,59.47276,58.89811,57.86499,57.25798,56.63085,55.98359,55.31618,54.62862,53.53016,52.81031,52.07032,51.31017,50.52988,49.72945,48.90888,48.06819,47.53295,45.05726,41.40828,38.49034,35.66935,33.51381,31.97393,30.99965,29.76419,28.7937,27.82102,26.61277,25.64442,24.67412,23.70193,22.72794,21.75223,20.77485,19.79589,18.81543,17.83353,16.85027,15.86573,14.87999,13.89311,12.79196,11.81172,10.83057,9.848599,8.787419
120.594,114.9515,114.8804,113.9762,113.8621,113.7294,113.5781,114.2424,114.0592,113.8578,113.6384,113.4011,113.1461,112.8734,113.4493,113.1462,112.8259,113.3674,114.7832,116.1984,116.7219,117.2364,118.6408,120.0438,121.4452,122.8448,124.2422,125.6372,126.1092,127.4954,128.8786,130.2585,131.6348,133.0075,134.376,134.7977,138.0457,134.662,127.4416,122.0758,116.6692,113.1407,111.5064,110.8175,111.0815,111.337,110.6137,110.8502,111.0782,111.2977,111.5088,111.7114,111.9055,112.0911,112.2681,112.4366,112.5965,112.7478,112.8906,113.0247,112.1577,112.2736,112.381,112.4798,112.57,114.6455
90.87407,85.05966,83.46551,81.29841,79.72712,78.16406,76.60943,75.61537,74.07091,72.53545,71.00918,69.49231,67.98503,66.48753,65.5,64.01506,62.54044,61.55348,61.0313,60.48907,59.47276,58.45191,57.86499,57.25798,56.63085,55.98359,55.31618,54.62862,53.53016,52.81031,52.07032,51.31017,50.52988,49.72945,48.90888,47.73438,47.53295,45.05726,41.40828,38.49034,35.66935,33.51381,31.97393,30.73241,29.76419,28.7937,27.5791,26.61277,25.64442,24.67412,23.70193,22.72794,21.75223,20.77485,19.79589,18.81543,17.83353,16.85027,15.86573,14.87999,13.77124,12.79196,11.81172,10.83057,9.848599,9.022796
120.594,114.9515,114.8804,113.9762,113.8621,113.7294,113.5781,114.2424,114.0592,113.8578,113.6384,113.4011,113.1461,112.8734,113.4493,114.0166,113.7006,113.3674,114.7832,116.1984,116.7219,117.2364,118.6408,119.1413,121.4452,121.9348,124.2422,124.7202,126.1092,127.4954,128.8786,130.2585,131.6348,133.0075,134.376,135.7404,138.0457,135.6103,127.4416,123.0295,117.6255,112.1819,111.5064,111.7811,111.0815,111.337,110.6137,110.8502,111.0782,111.2977,111.5088,111.7114,111.9055,112.0911,112.2681,112.4366,112.5965,112.7478,112.8906,113.0247,113.1503,113.2672,113.3755,112.4798,112.57,114.6455
90.87407,85.05966,83.46551,81.29841,79.72712,78.16406,76.60943,75.61537,74.07091,72.53545,71.00918,69.49231,67.98503,66.48753,65.5,64.50749,63.02525,61.55348,61.0313,60.48907,59.47276,58.45191,57.86499,56.82746,56.63085,55.56889,55.31618,54.22987,53.53016,52.81031,52.07032,51.31017,50.52988,49.72945,48.90888,48.06819,47.53295,45.37457,41.40828,38.79105,35.96172,33.2298,31.97393,30.99965,29.76419,28.7937,27.5791,26.61277,25.64442,24.67412,23.70193,22.72794,21.75223,20.77485,19.79589,18.81543,17.83353,16.85027,15.86573,14.87999,13.89311,12.90517,11.91624,10.83057,9.848599,9.022796
120.594,114.1477,114.8804,113.9762,113.8621,113.7294,113.5781,114.2424,114.0592,113.0145,113.6384,112.5485,113.1461,112.8734,113.4493,113.1462,113.7006,113.3674,114.7832,116.1984,116.7219,118.1313,119.5396,120.0438,121.4452,122.8448,124.2422,125.6372,126.1092,127.4954,128.8786,130.2585,131.6348,133.0075,134.376,135.7404,138.0457,134.662,127.4416,122.0758,117.6255,112.1819,111.5064,110.8175,111.0815,111.337,111.584,110.8502,111.0782,111.2977,111.5088,111.7114,111.9055,112.0911,112.2681,112.4366,112.5965,112.7478,112.8906,113.0247,112.1577,113.2672,113.3755,113.4752,112.57,114.6455
90.87407,84.46484,83.46551,81.29841,79.72712,78.16406,76.60943,75.61537,74.07091,71.99815,71.00918,68.96981,67.98503,66.48753,65.5,64.01506,63.02525,61.55348,61.0313,60.48907,59.47276,58.89811,58.30336,57.25798,56.63085,55.98359,55.31618,54.62862,53.53016,52.81031,52.07032,51.31017,50.52988,49.72945,48.90888,48.06819,47.53295,45.05726,41.40828,38.49034,35.96172,33.2298,31.97393,30.73241,29.76419,28.7937,27.82102,26.61277,25.64442,24.67412,23.70193,22.72794,21.75223,20.77485,19.79589,18.81543,17.83353,16.85027,15.86573,14.87999,13.77124,12.90517,11.91624,10.92642,9.848599,9.022796
115.0035,114.9515,114.8804,114.7903,113.8621,113.7294,113.5781,114.2424,114.0592,113.8578,113.6384,113.4011,113.1461,112.8734,113.4493,113.1462,113.7006,113.3674,114.7832,116.1984,116.7219,118.1313,118.6408,120.0438,121.4452,122.8448,124.2422,125.6372,126.1092,127.4954,128.8786,130.2585,131.6348,133.0075,134.376,135.7404,138.0457,134.662,127.4416,122.0758,116.6692,113.1407,111.5064,110.8175,111.0815,111.337,110.6137,110.8502,111.0782,111.2977,111.5088,111.7114,111.9055,112.0911,112.2681,112.4366,112.5965,112.7478,112.8906,113.0247,112.1577,112.2736,113.3755,113.4752,112.57,109.6609
86.66136,85.05966,83.46551,81.87912,79.72712,78.16406,76.60943,75.61537,74.07091,72.53545,71.00918,69.49231,67.98503,66.48753,65.5,64.01506,63.02525,61.55348,61.0313,60.48907,59.47276,58.89811,57.86499,57.25798,56.63085,55.98359,55.31618,54.62862,53.53016,52.81031,52.07032,51.31017,50.52988,49.72945,48.90888,48.06819,47.53295,45.05726,41.40828,38.49034,35.66935,33.51381,31.97393,30.73241,29.76419,28.7937,27.5791,26.61277,25.64442,24.67412,23.70193,22.72794,21.75223,20.77485,19.79589,18.81543,17.83353,16.85027,15.86573,14.87999,13.77124,12.79196,11.91624,10.92642,9.848599,8.630501
120.594,114.9515,114.0714,113.9762,113.8621,113.7294,113.5781,114.2424,114.0592,113.8578,113.6384,113.4011,113.1461,112.8734,113.4493,113.1462,113.7006,114.2462,114.7832,116.1984,116.7219,117.2364,118.6408,120.0438,121.4452,122.8448,124.2422,125.6372,126.1092,126.5715,128.8786,130.2585,131.6348,133.0075,134.376,135.7404,138.0457,134.662,127.4416,122.0758,116.6692,113.1407,110.5451,111.7811,110.1155,111.337,110.6137,110.8502,111.0782,111.2977,111.5088,111.7114,111.9055,112.0911,112.2681,112.4366,112.5965,112.7478,112.8906,113.0247,113.1503,113.2672,113.3755,113.4752,112.57,112.6517
90.87407,85.05966,82.87772,81.29841,79.72712,78.16406,76.60943,75.61537,74.07091,72.53545,71.00918,69.49231,67.98503,66.48753,65.5,64.01506,63.02525,62.03064,61.0313,60.48907,59.47276,58.45191,57.86499,57.25798,56.63085,55.98359,55.31618,54.62862,53.53016,52.42763,52.07032,51.31017,50.52988,49.72945,48.90888,48.06819,47.53295,45.05726,41.40828,38.49034,35.66935,33.51381,31.6983,30.99965,29.50537,28.7937,27.5791,26.61277,25.64442,24.67412,23.70193,22.72794,21.75223,20.77485,19.79589,18.81543,17.83353,16.85027,15.86573,14.87999,13.89311,12.90517,11.91624,10.92642,9.848599,8.865878
120.594,114.9515,114.8804,113.9762,113.8621,113.7294,113.5781,114.2424,114.0592,113.8578,113.6384,113.4011,113.1461,112.8734,113.4493,113.1462,112.8259,113.3674,114.7832,116.1984,116.7219,118.1313,118.6408,120.0438,121.4452,122.8448,124.2422,125.6372,126.1092,127.4954,128.8786,130.2585,131.6348,133.0075,134.376,135.7404,138.0457,134.662,127.4416,122.0758,116.6692,113.1407,111.5064,110.8175,111.0815,111.337,111.584,110.8502,111.0782,111.2977,111.5088,111.7114,111.9055,112.0911,112.2681,112.4366,112.5965,112.7478,112.8906,113.0247,113.1503,112.2736,112.381,113.4752,112.57,111.6547
90.87407,85.05966,83.46551,81.29841,79.72712,78.16406,76.60943,75.61537,74.07091,72.53545,71.00918,69.49231,67.98503,66.48753,65.5,64.01506,62.54044,61.55348,61.0313,60.48907,59.47276,58.89811,57.86499,57.25798,56.63085,55.98359,55.31618,54.62862,53.53016,52.81031,52.07032,51.31017,50.52988,49.72945,48.90888,48.06819,47.53295,45.05726,41.40828,38.49034,35.66935,33.51381,31.97393,30.73241,29.76419,28.7937,27.82102,26.61277,25.64442,24.67412,23.70193,22.72794,21.75223,20.77485,19.79589,18.81543,17.83353,16.85027,15.86573,14.87999,13.89311,12.79196,11.81172,10.92642,9.848599,8.787419
120.594,114.1477,114.8804,113.9762,113.8621,113.7294,113.5781,114.2424,114.0592,113.8578,113.6384,113.4011,113.1461,112.8734,113.4493,113.1462,113.7006,113.3674,114.7832,116.1984,116.7219,118.1313,118.6408,120.0438,121.4452,122.8448,124.2422,125.6372,126.1092,127.4954,128.8786,130.2585,131.6348,133.0075,134.376,135.7404,138.0457,134.662,127.4416,121.1221,118.5818,112.1819,111.5064,110.8175,111.0815,111.337,111.584,110.8502,111.0782,111.2977,111.5088,111.7114,111.9055,112.0911,112.2681,112.4366,112.5965,112.7478,112.8906,113.0247,113.1503,112.2736,113.3755,112.4798,112.57,112.6517
90.87407,84.46484,83.46551,81.29841,79.72712,78.16406,76.60943,75.61537,74.07091,72.53545,71.00918,69.49231,67.98503,66.48753,65.5,64.01506,63.02525,61.55348,61.0313,60.48907,59.47276,58.89811,57.86499,57.25798,56.63085,55.98359,55.31618,54.62862,53.53016,52.81031,52.07032,51.31017,50.52988,49.72945,48.90888,48.06819,47.53295,45.05726,41.40828,38.18964,36.25409,33.2298,31.97393,30.73241,29.76419,28.7937,27.82102,26.61277,25.64442,24.67412,23.70193,22.72794,21.75223,20.77485,19.79589,18.81543,17.83353,16.85027,15.86573,14.87999,13.89311,12.79196,11.91624,10.83057,9.848599,8.865878
115.0035,114.9515,114.8804,114.7903,114.6813,113.7294,113.5781,114.2424,114.0592,113.8578,113.6384,113.4011,113.1461,112.8734,113.4493,113.1462,112.8259,113.3674,114.7832,116.1984,116.7219,118.1313,118.6408,120.0438,121.4452,122.8448,124.2422,125.6372,126.1092,127.4954,128.8786,130.2585,131.6348,133.0075,134.376,135.7404,138.0457,134.662,127.4416,122.0758,116.6692,112.1819,111.5064,111.7811,111.0815,111.337,111.584,110.8502,111.0782,111.2977,111.5088,111.7114,111.9055,112.0911,112.2681,112.4366,112.5965,112.7478,112.8906,113.0247,113.1503,113.2672,112.381,112.4798,112.57,112.6517
86.66136,85.05966,83.46551,81.87912,80.3007,78.16406,76.60943,75.61537,74.07091,72.53545,71.00918,69.49231,67.98503,66.48753,65.5,64.01506,62.54044,61.55348,61.0313,60.48907,59.47276,58.89811,57.86499,57.25798,56.63085,55.98359,55.31618,54.62862,53.53016,52.81031,52.07032,51.31017,50.52988,49.72945,48.90888,48.06819,47.53295,45.05726,41.40828,38.49034,35.66935,33.2298,31.97393,30.99965,29.76419,28.7937,27.82102,26.61277,25.64442,24.67412,23.70193,22.72794,21.75223,20.77485,19.79589,18.81543,17.83353,16.85027,15.86573,14.87999,13.89311,12.90517,11.81172,10.83057,9.848599,8.865878
115.0035,114.9515,114.0714,113.9762,113.8621,113.7294,113.5781,114.2424,114.0592,113.8578,113.6384,113.4011,113.1461,112.8734,113.4493,113.1462,113.7006,113.3674,114.7832,116.1984,116.7219,117.2364,118.6408,120.0438,121.4452,122.8448,124.2422,125.6372,126.1092,126.5715,128.8786,130.2585,131.6348,133.0075,134.376,135.7404,138.0457,134.662,127.4416,122.0758,116.6692,113.1407,111.5064,110.8175,111.0815,111.337,110.6137,110.8502,111.0782,111.2977,111.5088,111.7114,111.9055,112.0911,112.2681,112.4366,112.5965,112.7478,112.8906,112.0333,113.1503,113.2672,113.3755,112.4798,112.57,113.6486
86.66136,85.05966,82.87772,81.29841,79.72712,78.16406,76.60943,75.61537,74.07091,72.53545,71.00918,69.49231,67.98503,66.48753,65.5,64.01506,63.02525,61.55348,61.0313,60.48907,59.47276,58.45191,57.86499,57.25798,56.63085,55.98359,55.31618,54.62862,53.53016,52.42763,52.07032,51.31017,50.52988,49.72945,48.90888,48.06819,47.53295,45.05726,41.40828,38.49034,35.66935,33.51381,31.97393,30.73241,29.76419,28.7937,27.5791,26.61277,25.64442,24.67412,23.70193,22.72794,21.75223,20.77485,19.79589,18.81543,17.83353,16.85027,15.86573,14.74946,13.89311,12.90517,11.91624,10.83057,9.848599,8.944337
120.594,114.9515,114.8804,113.9762,113.8621,113.7294,113.5781,114.2424,114.0592,113.8578,113.6384,113.4011,113.1461,112.8734,113.4493,113.1462,113.7006,114.2462,114.7832,116.1984,116.7219,117.2364,118.6408,120.9464,121.4452,122.8448,124.2422,125.6372,126.1092,127.4954,128.8786,130.2585,131.6348,133.0075,134.376,135.7404,138.0457,134.662,127.4416,121.1221,116.6692,112.1819,111.5064,109.8539,111.0815,111.337,111.584,110.8502,111.0782,111.2977,111.5088,111.7114,111.9055,112.0911,112.2681,112.4366,112.5965,112.7478,112.8906,112.0333,113.1503,113.2672,112.381,113.4752,112.57,112.6517
90.87407,85.05966,83.46551,81.29841,79.72712,78.16406,76.60943,75.61537,74.07091,72.53545,71.00918,69.49231,67.98503,66.48753,65.5,64.01506,63.02525,62.03064,61.0313,60.48907,59.47276,58.45191,57.86499,57.68849,56.63085,55.98359,55.31618,54.62862,53.53016,52.81031,52.07032,51.31017,50.52988,49.72945,48.90888,48.06819,47.53295,45.05726,41.40828,38.18964,35.66935,33.2298,31.97393,30.46517,29.76419,28.7937,27.82102,26.61277,25.64442,24.67412,23.70193,22.72794,21.75223,20.77485,19.79589,18.81543,17.83353,16.85027,15.86573,14.74946,13.89311,12.90517,11.81172,10.92642,9.848599,8.865878
