116.1984,117.6129,119.0263,119.5396,120.9464,122.3516,122.8448,123.3286,123.8031,124.2682,124.7237,126.097,125.6064,127.9005,128.3241,127.7982,129.1419,129.536,130.8687,132.1969,131.6129,132.9264,139.9877,148.9956,149.3627,148.7526,149.0947,146.5147,145.8555,146.1555,146.4444,145.744,145.0289,144.2992,144.5385,144.7667,145.9703,147.1656,148.3524,148.5402,149.7082,150.867,152.0165,153.1564,154.2864,155.4064,156.516,157.6151,156.7072
60.48907,59.92675,59.34431,58.30336,57.68849,57.05347,55.98359,54.90945,53.83112,52.7487,51.66226,50.9465,49.47767,49.09641,47.97841,46.51474,45.73154,44.60284,43.78804,42.95336,41.4974,40.63967,41.46624,42.72379,41.42195,39.85813,38.55852,36.53021,35.0168,33.74266,32.46594,30.97884,29.50645,28.04892,26.78862,25.52628,24.42705,23.30874,22.17141,20.87597,19.70946,18.52414,17.32009,16.09738,14.85609,13.5963,12.31808,11.02152,9.584621
116.1984,117.6129,119.0263,120.4384,120.9464,121.4452,122.8448,123.3286,123.8031,124.2682,125.6476,126.097,126.5368,126.9669,127.3874,127.7982,129.1419,129.536,130.8687,131.2458,131.6129,131.9701,140.9465,148.9956,149.3627,148.7526,148.1266,147.485,145.8555,146.1555,145.4681,145.744,145.0289,144.2992,144.5385,144.7667,145.9703,146.1779,148.3524,148.5402,149.7082,150.867,152.0165,153.1564,154.2864,155.4064,156.516,158.6127,158.7034
60.48907,59.92675,59.34431,58.74173,57.68849,56.63085,55.98359,54.90945,53.83112,52.7487,52.04495,50.9465,49.84417,48.73804,47.6282,46.51474,45.73154,44.60284,43.78804,42.64435,41.4974,40.3473,41.75026,42.72379,41.42195,39.85813,38.30814,36.77213,35.0168,33.74266,32.2495,30.97884,29.50645,28.04892,26.78862,25.52628,24.42705,23.1523,22.17141,20.87597,19.70946,18.52414,17.32009,16.09738,14.85609,13.5963,12.31808,11.09128,9.706718
117.9724,117.6129,119.0263,120.4384,120.9464,121.4452,122.8448,123.3286,123.8031,124.2682,124.7237,126.097,127.4672,127.9005,128.3241,127.7982,129.1419,129.536,129.9203,131.2458,131.6129,131.9701,140.9465,148.9956,149.3627,148.7526,149.0947,147.485,146.8279,146.1555,146.4444,145.744,145.0289,144.2992,144.5385,144.7667,145.9703,147.1656,147.3634,148.5402,149.7082,150.867,152.0165,153.1564,154.2864,155.4064,157.5129,158.6127,158.7034
61.41257,59.92675,59.34431,58.74173,57.68849,56.63085,55.98359,54.90945,53.83112,52.7487,51.66226,50.9465,50.21067,49.09641,47.97841,46.51474,45.73154,44.60284,43.47074,42.64435,41.4974,40.3473,41.75026,42.72379,41.42195,39.85813,38.55852,36.77213,35.25025,33.74266,32.46594,30.97884,29.50645,28.04892,26.78862,25.52628,24.42705,23.30874,22.0236,20.87597,19.70946,18.52414,17.32009,16.09738,14.85609,13.5963,12.39654,11.09128,9.706718
115.3114,117.6129,119.9212,120.4384,120.0438,120.5389,121.9348,123.3286,123.8031,124.2682,125.6476,126.097,126.5368,127.9005,128.3241,127.7982,129.1419,129.536,129.9203,132.1969,131.6129,132.9264,139.9877,148.9956,149.3627,148.7526,148.1266,148.4552,146.8279,146.1555,146.4444,145.744,145.0289,144.2992,144.5385,144.7667,145.9703,147.1656,148.3524,148.5402,149.7082,150.867,152.0165,153.1564,155.2818,155.4064,157.5129,158.6127,158.7034
60.02732,59.92675,59.79051,58.74173,57.25798,56.20823,55.56889,54.90945,53.83112,52.7487,52.04495,50.9465,49.84417,49.09641,47.97841,46.51474,45.73154,44.60284,43.47074,42.95336,41.4974,40.63967,41.46624,42.72379,41.42195,39.85813,38.30814,37.01405,35.25025,33.74266,32.46594,30.97884,29.50645,28.04892,26.78862,25.52628,24.42705,23.30874,22.17141,20.87597,19.70946,18.52414,17.32009,16.09738,14.95194,13.5963,12.39654,11.09128,9.706718
117.0854,117.6129,119.9212,120.4384,120.9464,121.4452,121.9348,123.3286,123.8031,124.2682,124.7237,126.097,126.5368,126.0334,127.3874,127.7982,130.0845,129.536,130.8687,131.2458,131.6129,132.9264,139.9877,148.9956,149.3627,148.7526,148.1266,147.485,146.8279,146.1555,145.4681,145.744,145.0289,144.2992,144.5385,144.7667,145.9703,147.1656,148.3524,148.5402,150.6996,150.867,152.0165,153.1564,154.2864,155.4064,156.516,158.6127,158.7034
60.95082,59.92675,59.79051,58.74173,57.68849,56.63085,55.56889,54.90945,53.83112,52.7487,51.66226,50.9465,49.84417,48.37967,47.6282,46.51474,46.06535,44.60284,43.78804,42.64435,41.4974,40.63967,41.46624,42.72379,41.42195,39.85813,38.30814,36.77213,35.25025,33.74266,32.2495,30.97884,29.50645,28.04892,26.78862,25.52628,24.42705,23.30874,22.17141,20.87597,19.83998,18.52414,17.32009,16.09738,14.85609,13.5963,12.31808,11.09128,9.706718
116.1984,117.6129,119.0263,120.4384,120.9464,121.4452,122.8448,122.4151,123.8031,125.1887,124.7237,126.097,126.5368,126.9669,127.3874,127.7982,129.1419,129.536,130.8687,131.2458,133.5204,132.9264,140.9465,148.9956,149.3627,148.7526,148.1266,147.485,147.8002,146.1555,146.4444,145.744,145.0289,144.2992,145.5217,145.7515,145.9703,147.1656,148.3524,148.5402,149.7082,150.867,152.0165,153.1564,155.2818,156.4026,157.5129,157.6151,158.7034
60.48907,59.92675,59.34431,58.74173,57.68849,56.63085,55.98359,54.50271,53.83112,53.13943,51.66226,50.9465,49.84417,48.73804,47.6282,46.51474,45.73154,44.60284,43.78804,42.64435,42.09881,40.63967,41.75026,42.72379,41.42195,39.85813,38.30814,36.77213,35.4837,33.74266,32.46594,30.97884,29.50645,28.04892,26.97086,25.69993,24.42705,23.30874,22.17141,20.87597,19.70946,18.52414,17.32009,16.09738,14.95194,13.68345,12.39654,11.02152,9.706718
117.0854,117.6129,119.0263,119.5396,120.0438,120.5389,121.9348,122.4151,122.886,123.3477,123.7999,125.1698,125.6064,126.9669,127.3874,128.7379,129.1419,129.536,130.8687,131.2458,132.5667,132.9264,139.9877,148.9956,149.3627,148.7526,148.1266,148.4552,147.8002,147.1299,146.4444,145.744,145.0289,144.2992,144.5385,144.7667,145.9703,147.1656,148.3524,148.5402,149.7082,150.867,152.0165,153.1564,154.2864,155.4064,157.5129,157.6151,158.7034
60.95082,59.92675,59.34431,58.30336,57.25798,56.20823,55.56889,54.50271,53.43238,52.35797,51.27958,50.57189,49.47767,48.73804,47.6282,46.85676,45.73154,44.60284,43.78804,42.64435,41.79811,40.63967,41.46624,42.72379,41.42195,39.85813,38.30814,37.01405,35.4837,33.96761,32.46594,30.97884,29.50645,28.04892,26.78862,25.52628,24.42705,23.30874,22.17141,20.87597,19.70946,18.52414,17.32009,16.09738,14.85609,13.5963,12.39654,11.02152,9.706718
116.1984,117.6129,119.0263,119.5396,120.0438,120.5389,121.0248,122.4151,122.886,123.3477,123.7999,125.1698,125.6064,126.9669,127.3874,127.7982,129.1419,129.536,129.9203,131.2458,132.5667,132.9264,140.9465,148.9956,149.3627,148.7526,148.1266,148.4552,147.8002,147.1299,146.4444,145.744,145.0289,144.2992,144.5385,144.7667,145.9703,146.1779,147.3634,148.5402,149.7082,150.867,152.0165,153.1564,154.2864,155.4064,156.516,158.6127,158.7034
60.48907,59.92675,59.34431,58.30336,57.25798,56.20823,55.1542,54.50271,53.43238,52.35797,51.27958,50.57189,49.47767,48.73804,47.6282,46.51474,45.73154,44.60284,43.47074,42.64435,41.79811,40.63967,41.75026,42.72379,41.42195,39.85813,38.30814,37.01405,35.4837,33.96761,32.46594,30.97884,29.50645,28.04892,26.78862,25.52628,24.42705,23.1523,22.0236,20.87597,19.70946,18.52414,17.32009,16.09738,14.85609,13.5963,12.31808,11.09128,9.706718
117.0854,117.6129,119.0263,119.5396,120.0438,121.4452,121.9348,122.4151,122.886,123.3477,123.7999,125.1698,126.5368,126.9669,127.3874,127.7982,129.1419,129.536,130.8687,131.2458,132.5667,132.9264,139.9877,148.9956,149.3627,148.7526,149.0947,148.4552,146.8279,147.1299,146.4444,145.744,146.0088,144.2992,144.5385,144.7667,145.9703,146.1779,148.3524,149.5305,150.6996,150.867,152.0165,153.1564,154.2864,155.4064,156.516,158.6127,158.7034
60.95082,59.92675,59.34431,58.30336,57.25798,56.63085,55.56889,54.50271,53.43238,52.35797,51.27958,50.57189,49.84417,48.73804,47.6282,46.51474,45.73154,44.60284,43.78804,42.64435,41.79811,40.63967,41.46624,42.72379,41.42195,39.85813,38.55852,37.01405,35.25025,33.96761,32.46594,30.97884,29.70582,28.04892,26.78862,25.52628,24.42705,23.1523,22.17141,21.01514,19.83998,18.52414,17.32009,16.09738,14.85609,13.5963,12.31808,11.09128,9.706718
117.0854,117.6129,119.0263,119.5396,120.0438,121.4452,121.9348,122.4151,122.886,123.3477,124.7237,125.1698,125.6064,126.9669,127.3874,127.7982,129.1419,129.536,130.8687,131.2458,132.5667,132.9264,139.9877,148.9956,149.3627,148.7526,148.1266,147.485,147.8002,147.1299,146.4444,145.744,145.0289,144.2992,144.5385,144.7667,145.9703,147.1656,148.3524,148.5402,149.7082,150.867,152.0165,153.1564,154.2864,155.4064,156.516,158.6127,157.7053
60.95082,59.92675,59.34431,58.30336,57.25798,56.63085,55.56889,54.50271,53.43238,52.35797,51.66226,50.57189,49.47767,48.73804,47.6282,46.51474,45.73154,44.60284,43.78804,42.64435,41.79811,40.63967,41.46624,42.72379,41.42195,39.85813,38.30814,36.77213,35.4837,33.96761,32.46594,30.97884,29.50645,28.04892,26.78862,25.52628,24.42705,23.30874,22.17141,20.87597,19.70946,18.52414,17.32009,16.09738,14.85609,13.5963,12.31808,11.09128,9.645669
117.0854,117.6129,119.0263,119.5396,120.0438,121.4452,121.9348,122.4151,122.886,123.3477,124.7237,125.1698,125.6064,126.0334,127.3874,127.7982,129.1419,129.536,129.9203,131.2458,132.5667,132.9264,140.9465,148.9956,149.3627,148.7526,148.1266,148.4552,147.8002,147.1299,146.4444,145.744,145.0289,144.2992,144.5385,144.7667,145.9703,146.1779,148.3524,148.5402,149.7082,150.867,152.0165,153.1564,154.2864,155.4064,156.516,158.6127,158.7034
60.95082,59.92675,59.34431,58.30336,57.25798,56.63085,55.56889,54.50271,53.43238,52.35797,51.66226,50.57189,49.47767,48.37967,47.6282,46.51474,45.73154,44.60284,43.47074,42.64435,41.79811,40.63967,41.75026,42.72379,41.42195,39.85813,38.30814,37.01405,35.4837,33.96761,32.46594,30.97884,29.50645,28.04892,26.78862,25.52628,24.42705,23.1523,22.17141,20.87597,19.70946,18.52414,17.32009,16.09738,14.85609,13.5963,12.31808,11.09128,9.706718
116.1984,117.6129,118.1313,119.5396,120.0438,120.5389,121.9348,122.4151,122.886,123.3477,124.7237,125.1698,125.6064,126.9669,127.3874,128.7379,129.1419,129.536,129.9203,131.2458,132.5667,132.9264,140.9465,148.9956,149.3627,148.7526,148.1266,148.4552,147.8002,147.1299,146.4444,145.744,145.0289,144.2992,144.5385,144.7667,145.9703,146.1779,148.3524,148.5402,149.7082,150.867,152.0165,153.1564,154.2864,155.4064,156.516,158.6127,157.7053
60.48907,59.92675,58.89811,58.30336,57.25798,56.20823,55.56889,54.50271,53.43238,52.35797,51.66226,50.57189,49.47767,48.73804,47.6282,46.85676,45.73154,44.60284,43.47074,42.64435,41.79811,40.63967,41.75026,42.72379,41.42195,39.85813,38.30814,37.01405,35.4837,33.96761,32.46594,30.97884,29.50645,28.04892,26.78862,25.52628,24.42705,23.1523,22.17141,20.87597,19.70946,18.52414,17.32009,16.09738,14.85609,13.5963,12.31808,11.09128,9.645669
114.4244,117.6129,118.1313,119.5396,120.0438,120.5389,121.9348,122.4151,122.886,123.3477,124.7237,125.1698,125.6064,126.9669,127.3874,127.7982,129.1419,129.536,130.8687,131.2458,132.5667,132.9264,139.9877,148.9956,149.3627,148.7526,149.0947,148.4552,146.8279,147.1299,146.4444,145.744,145.0289,144.2992,144.5385,144.7667,145.9703,147.1656,147.3634,148.5402,149.7082,150.867,152.0165,153.1564,154.2864,155.4064,156.516,158.6127,158.7034
59.56557,59.92675,58.89811,58.30336,57.25798,56.20823,55.56889,54.50271,53.43238,52.35797,51.66226,50.57189,49.47767,48.73804,47.6282,46.51474,45.73154,44.60284,43.78804,42.64435,41.79811,40.63967,41.46624,42.72379,41.42195,39.85813,38.55852,37.01405,35.25025,33.96761,32.46594,30.97884,29.50645,28.04892,26.78862,25.52628,24.42705,23.30874,22.0236,20.87597,19.70946,18.52414,17.32009,16.09738,14.85609,13.5963,12.31808,11.09128,9.706718
117.0854,117.6129,119.0263,119.5396,120.0438,120.5389,121.9348,122.4151,122.886,123.3477,123.7999,125.1698,125.6064,126.9669,127.3874,127.7982,129.1419,129.536,129.9203,131.2458,132.5667,132.9264,140.9465,148.9956,149.3627,148.7526,148.1266,147.485,147.8002,147.1299,146.4444,145.744,145.0289,144.2992,144.5385,144.7667,145.9703,147.1656,147.3634,148.5402,149.7082,150.867,152.0165,154.1509,154.2864,155.4064,156.516,158.6127,158.7034
60.95082,59.92675,59.34431,58.30336,57.25798,56.20823,55.56889,54.50271,53.43238,52.35797,51.27958,50.57189,49.47767,48.73804,47.6282,46.51474,45.73154,44.60284,43.47074,42.64435,41.79811,40.63967,41.75026,42.72379,41.42195,39.85813,38.30814,36.77213,35.4837,33.96761,32.46594,30.97884,29.50645,28.04892,26.78862,25.52628,24.42705,23.30874,22.0236,20.87597,19.70946,18.52414,17.32009,16.20191,14.85609,13.5963,12.31808,11.09128,9.706718
116.1984,117.6129,119.0263,119.5396,120.0438,120.5389,121.9348,122.4151,122.886,123.3477,124.7237,125.1698,125.6064,126.9669,127.3874,127.7982,129.1419,129.536,130.8687,131.2458,132.5667,132.9264,139.9877,148.9956,149.3627,148.7526,148.1266,147.485,147.8002,147.1299,146.4444,145.744,145.0289,144.2992,144.5385,144.7667,145.9703,146.1779,148.3524,149.5305,149.7082,150.867,152.0165,154.1509,154.2864,155.4064,156.516,157.6151,157.7053
60.48907,59.92675,59.34431,58.30336,57.25798,56.20823,55.56889,54.50271,53.43238,52.35797,51.66226,50.57189,49.47767,48.73804,47.6282,46.51474,45.73154,44.60284,43.78804,42.64435,41.79811,40.63967,41.46624,42.72379,41.42195,39.85813,38.30814,36.77213,35.4837,33.96761,32.46594,30.97884,29.50645,28.04892,26.78862,25.52628,24.42705,23.1523,22.17141,21.01514,19.70946,18.52414,17.32009,16.20191,14.85609,13.5963,12.31808,11.02152,9.645669
117.0854,117.6129,119.0263,119.5396,120.0438,121.4452,121.0248,122.4151,122.886,124.2682,123.7999,125.1698,125.6064,126.0334,127.3874,127.7982,129.1419,129.536,130.8687,131.2458,132.5667,132.9264,140.9465,148.9956,149.3627,148.7526,148.1266,148.4552,147.8002,147.1299,146.4444,145.744,145.0289,144.2992,144.5385,144.7667,144.984,147.1656,148.3524,148.5402,149.7082,150.867,152.0165,153.1564,155.2818,155.4064,156.516,158.6127,157.7053
60.95082,59.92675,59.34431,58.30336,57.25798,56.63085,55.1542,54.50271,53.43238,52.7487,51.27958,50.57189,49.47767,48.37967,47.6282,46.51474,45.73154,44.60284,43.78804,42.64435,41.79811,40.63967,41.75026,42.72379,41.42195,39.85813,38.30814,37.01405,35.4837,33.96761,32.46594,30.97884,29.50645,28.04892,26.78862,25.52628,24.262,23.30874,22.17141,20.87597,19.70946,18.52414,17.32009,16.09738,14.95194,13.5963,12.31808,11.09128,9.645669
117.0854,117.6129,119.0263,119.5396,120.9464,121.4452,121.9348,122.4151,122.886,123.3477,123.7999,125.1698,125.6064,126.0334,127.3874,127.7982,129.1419,129.536,130.8687,131.2458,132.5667,132.9264,140.9465,148.9956,149.3627,148.7526,149.0947,148.4552,146.8279,147.1299,145.4681,145.744,145.0289,144.2992,144.5385,144.7667,145.9703,146.1779,148.3524,148.5402,149.7082,150.867,152.0165,153.1564,154.2864,155.4064,157.5129,158.6127,157.7053
60.95082,59.92675,59.34431,58.30336,57.68849,56.63085,55.56889,54.50271,53.43238,52.35797,51.27958,50.57189,49.47767,48.37967,47.6282,46.51474,45.73154,44.60284,43.78804,42.64435,41.79811,40.63967,41.75026,42.72379,41.42195,39.85813,38.55852,37.01405,35.25025,33.96761,32.2495,30.97884,29.50645,28.04892,26.78862,25.52628,24.42705,23.1523,22.17141,20.87597,19.70946,18.52414,17.32009,16.09738,14.85609,13.5963,12.39654,11.09128,9.645669
117.0854,117.6129,119.0263,119.5396,120.0438,120.5389,121.9348,122.4151,122.886,124.2682,124.7237,125.1698,125.6064,126.9669,127.3874,127.7982,129.1419,129.536,130.8687,131.2458,132.5667,132.9264,139.9877,148.9956,149.3627,148.7526,149.0947,148.4552,147.8002,147.1299,146.4444,146.7221,145.0289,144.2992,144.5385,144.7667,145.9703,147.1656,148.3524,148.5402,149.7082,150.867,152.0165,153.1564,154.2864,155.4064,157.5129,158.6127,158.7034
60.95082,59.92675,59.34431,58.30336,57.25798,56.20823,55.56889,54.50271,53.43238,52.7487,51.66226,50.57189,49.47767,48.73804,47.6282,46.51474,45.73154,44.60284,43.78804,42.64435,41.79811,40.63967,41.46624,42.72379,41.42195,39.85813,38.55852,37.01405,35.4837,33.96761,32.46594,31.18675,29.50645,28.04892,26.78862,25.52628,24.42705,23.30874,22.17141,20.87597,19.70946,18.52414,17.32009,16.09738,14.85609,13.5963,12.39654,11.09128,9.706718
117.0854,117.6129,119.0263,119.5396,120.0438,121.4452,121.9348,122.4151,122.886,123.3477,123.7999,125.1698,125.6064,126.0334,127.3874,127.7982,129.1419,129.536,129.9203,131.2458,132.5667,132.9264,140.9465,148.9956,149.3627,148.7526,148.1266,147.485,147.8002,147.1299,146.4444,145.744,145.0289,144.2992,144.5385,144.7667,145.9703,147.1656,148.3524,148.5402,149.7082,150.867,152.0165,153.1564,154.2864,155.4064,156.516,158.6127,157.7053
60.95082,59.92675,59.34431,58.30336,57.25798,56.63085,55.56889,54.50271,53.43238,52.35797,51.27958,50.57189,49.47767,48.37967,47.6282,46.51474,45.73154,44.60284,43.47074,42.64435,41.79811,40.63967,41.75026,42.72379,41.42195,39.85813,38.30814,36.77213,35.4837,33.96761,32.46594,30.97884,29.50645,28.04892,26.78862,25.52628,24.42705,23.30874,22.17141,20.87597,19.70946,18.52414,17.32009,16.09738,14.85609,13.5963,12.31808,11.09128,9.645669
116.1984,118.5039,119.0263,118.6408,120.0438,120.5389,121.9348,122.4151,122.886,123.3477,124.7237,125.1698,125.6064,126.9669,127.3874,127.7982,129.1419,129.536,129.9203,131.2458,132.5667,132.9264,139.9877,148.9956,150.3264,148.7526,149.0947,147.485,147.8002,146.1555,146.4444,145.744,145.0289,144.2992,144.5385,144.7667,145.9703,147.1656,148.3524,149.5305,149.7082,151.8596,152.0165,153.1564,154.2864,156.4026,157.5129,158.6127,158.7034
60.48907,60.38074,59.34431,57.86499,57.25798,56.20823,55.56889,54.50271,53.43238,52.35797,51.66226,50.57189,49.47767,48.73804,47.6282,46.51474,45.73154,44.60284,43.47074,42.64435,41.79811,40.63967,41.46624,42.72379,41.68919,39.85813,38.55852,36.77213,35.4837,33.74266,32.46594,30.97884,29.50645,28.04892,26.78862,25.52628,24.42705,23.30874,22.17141,21.01514,19.70946,18.64601,17.32009,16.09738,14.85609,13.68345,12.39654,11.09128,9.706718
116.1984,117.6129,119.0263,119.5396,120.0438,120.5389,121.9348,122.4151,122.886,123.3477,124.7237,125.1698,125.6064,126.9669,127.3874,128.7379,129.1419,129.536,129.9203,131.2458,132.5667,132.9264,140.9465,148.9956,149.3627,148.7526,148.1266,147.485,147.8002,147.1299,146.4444,145.744,145.0289,144.2992,144.5385,144.7667,145.9703,147.1656,148.3524,148.5402,149.7082,150.867,152.0165,153.1564,154.2864,156.4026,156.516,158.6127,157.7053
60.48907,59.92675,59.34431,58.30336,57.25798,56.20823,55.56889,54.50271,53.43238,52.35797,51.66226,50.57189,49.47767,48.73804,47.6282,46.85676,45.73154,44.60284,43.47074,42.64435,41.79811,40.63967,41.75026,42.72379,41.42195,39.85813,38.30814,36.77213,35.4837,33.96761,32.46594,30.97884,29.50645,28.04892,26.78862,25.52628,24.42705,23.30874,22.17141,20.87597,19.70946,18.52414,17.32009,16.09738,14.85609,13.68345,12.31808,11.09128,9.645669
117.0854,117.6129,119.0263,119.5396,120.0438,120.5389,121.9348,122.4151,122.886,123.3477,124.7237,125.1698,125.6064,126.9669,127.3874,128.7379,129.1419,129.536,130.8687,131.2458,132.5667,132.9264,139.9877,148.9956,149.3627,148.7526,149.0947,148.4552,147.8002,147.1299,146.4444,145.744,145.0289,145.2808,144.5385,144.7667,145.9703,147.1656,148.3524,148.5402,149.7082,150.867,152.0165,153.1564,154.2864,155.4064,157.5129,158.6127,158.7034
60.95082,59.92675,59.34431,58.30336,57.25798,56.20823,55.56889,54.50271,53.43238,52.35797,51.66226,50.57189,49.47767,48.73804,47.6282,46.85676,45.73154,44.60284,43.78804,42.64435,41.79811,40.63967,41.46624,42.72379,41.42195,39.85813,38.55852,37.01405,35.4837,33.96761,32.46594,30.97884,29.50645,28.23973,26.78862,25.52628,24.42705,23.30874,22.17141,20.87597,19.70946,18.52414,17.32009,16.09738,14.85609,13.5963,12.39654,11.09128,9.706718
117.0854,117.6129,119.0263,119.5396,120.0438,120.5389,121.9348,122.4151,122.886,123.3477,124.7237,125.1698,125.6064,126.9669,127.3874,127.7982,129.1419,129.536,130.8687,131.2458,132.5667,132.9264,140.9465,148.9956,149.3627,148.7526,148.1266,148.4552,147.8002,147.1299,146.4444,145.744,145.0289,144.2992,144.5385,144.7667,145.9703,147.1656,148.3524,149.5305,149.7082,150.867,152.0165,153.1564,155.2818,155.4064,156.516,158.6127,157.7053
60.95082,59.92675,59.34431,58.30336,57.25798,56.20823,55.56889,54.50271,53.43238,52.35797,51.66226,50.57189,49.47767,48.73804,47.6282,46.51474,45.73154,44.60284,43.78804,42.64435,41.79811,40.63967,41.75026,42.72379,41.42195,39.85813,38.30814,37.01405,35.4837,33.96761,32.46594,30.97884,29.50645,28.04892,26.78862,25.52628,24.42705,23.30874,22.17141,21.01514,19.70946,18.52414,17.32009,16.09738,14.95194,13.5963,12.31808,11.09128,9.645669
117.0854,117.6129,119.0263,119.5396,120.0438,120.5389,121.9348,122.4151,122.886,123.3477,124.7237,125.1698,125.6064,126.9669,127.3874,127.7982,129.1419,129.536,129.9203,131.2458,132.5667,132.9264,140.9465,148.9956,149.3627,148.7526,149.0947,148.4552,147.8002,147.1299,146.4444,145.744,145.0289,144.2992,144.5385,144.7667,145.9703,147.1656,148.3524,148.5402,149.7082,150.867,152.0165,153.1564,155.2818,155.4064,156.516,158.6127,158.7034
60.95082,59.92675,59.34431,58.30336,57.25798,56.20823,55.56889,54.50271,53.43238,52.35797,51.66226,50.57189,49.47767,48.73804,47.6282,46.51474,45.73154,44.60284,43.47074,42.64435,41.79811,40.63967,41.75026,42.72379,41.42195,39.85813,38.55852,37.01405,35.4837,33.96761,32.46594,30.97884,29.50645,28.04892,26.78862,25.52628,24.42705,23.30874,22.17141,20.87597,19.70946,18.52414,17.32009,16.09738,14.95194,13.5963,12.31808,11.09128,9.706718
116.1984,117.6129,119.0263,119.5396,120.0438,121.4452,121.9348,122.4151,122.886,123.3477,124.7237,125.1698,126.5368,126.9669,127.3874,127.7982,129.1419,129.536,129.9203,131.2458,132.5667,132.9264,140.9465,148.9956,149.3627,148.7526,148.1266,148.4552,147.8002,147.1299,146.4444,145.744,145.0289,144.2992,144.5385,144.7667,145.9703,147.1656,148.3524,148.5402,149.7082,150.867,152.0165,153.1564,155.2818,155.4064,156.516,158.6127,157.7053
60.48907,59.92675,59.34431,58.30336,57.25798,56.63085,55.56889,54.50271,53.43238,52.35797,51.66226,50.57189,49.84417,48.73804,47.6282,46.51474,45.73154,44.60284,43.47074,42.64435,41.79811,40.63967,41.75026,42.72379,41.42195,39.85813,38.30814,37.01405,35.4837,33.96761,32.46594,30.97884,29.50645,28.04892,26.78862,25.52628,24.42705,23.30874,22.17141,20.87597,19.70946,18.52414,17.32009,16.09738,14.95194,13.5963,12.31808,11.09128,9.645669
117.0854,117.6129,119.0263,119.5396,120.0438,120.5389,121.9348,122.4151,122.886,123.3477,124.7237,125.1698,125.6064,126.9669,127.3874,128.7379,129.1419,129.536,129.9203,131.2458,132.5667,132.9264,139.9877,148.9956,149.3627,148.7526,148.1266,148.4552,146.8279,147.1299,146.4444,145.744,145.0289,144.2992,144.5385,144.7667,145.9703,147.1656,148.3524,149.5305,149.7082,150.867,152.0165,153.1564,154.2864,155.4064,157.5129,158.6127,157.7053
60.95082,59.92675,59.34431,58.30336,57.25798,56.20823,55.56889,54.50271,53.43238,52.35797,51.66226,50.57189,49.47767,48.73804,47.6282,46.85676,45.73154,44.60284,43.47074,42.64435,41.79811,40.63967,41.46624,42.72379,41.42195,39.85813,38.30814,37.01405,35.25025,33.96761,32.46594,30.97884,29.50645,28.04892,26.78862,25.52628,24.42705,23.30874,22.17141,21.01514,19.70946,18.52414,17.32009,16.09738,14.85609,13.5963,12.39654,11.09128,9.645669
117.0854,117.6129,119.0263,119.5396,120.0438,121.4452,121.9348,122.4151,122.886,124.2682,124.7237,125.1698,125.6064,126.9669,127.3874,127.7982,129.1419,129.536,130.8687,131.2458,132.5667,132.9264,140.9465,148.9956,149.3627,148.7526,148.1266,148.4552,147.8002,147.1299,146.4444,145.744,145.0289,144.2992,144.5385,144.7667,145.9703,147.1656,148.3524,148.5402,149.7082,150.867,152.0165,153.1564,154.2864,155.4064,156.516,158.6127,158.7034
60.95082,59.92675,59.34431,58.30336,57.25798,56.63085,55.56889,54.50271,53.43238,52.7487,51.66226,50.57189,49.47767,48.73804,47.6282,46.51474,45.73154,44.60284,43.78804,42.64435,41.79811,40.63967,41.75026,42.72379,41.42195,39.85813,38.30814,37.01405,35.4837,33.96761,32.46594,30.97884,29.50645,28.04892,26.78862,25.52628,24.42705,23.30874,22.17141,20.87597,19.70946,18.52414,17.32009,16.09738,14.85609,13.5963,12.31808,11.09128,9.706718
117.0854,117.6129,119.0263,119.5396,120.9464,121.4452,121.9348,122.4151,122.886,123.3477,123.7999,125.1698,125.6064,126.9669,127.3874,128.7379,129.1419,129.536,130.8687,131.2458,132.5667,132.9264,139.9877,148.9956,149.3627,148.7526,148.1266,148.4552,147.8002,147.1299,146.4444,145.744,145.0289,144.2992,145.5217,144.7667,145.9703,147.1656,148.3524,148.5402,149.7082,150.867,152.0165,153.1564,155.2818,155.4064,157.5129,157.6151,158.7034
60.95082,59.92675,59.34431,58.30336,57.68849,56.63085,55.56889,54.50271,53.43238,52.35797,51.27958,50.57189,49.47767,48.73804,47.6282,46.85676,45.73154,44.60284,43.78804,42.64435,41.79811,40.63967,41.46624,42.72379,41.42195,39.85813,38.30814,37.01405,35.4837,33.96761,32.46594,30.97884,29.50645,28.04892,26.97086,25.52628,24.42705,23.30874,22.17141,20.87597,19.70946,18.52414,17.32009,16.09738,14.95194,13.5963,12.39654,11.02152,9.706718
118.8595,118.5039,119.0263,119.5396,120.0438,120.5389,121.9348,122.4151,122.886,123.3477,124.7237,125.1698,125.6064,126.9669,127.3874,127.7982,129.1419,129.536,130.8687,130.2947,132.5667,132.9264,139.9877,148.9956,149.3627,148.7526,148.1266,148.4552,147.8002,147.1299,146.4444,145.744,145.0289,144.2992,144.5385,144.7667,145.9703,146.1779,148.3524,148.5402,149.7082,151.8596,152.0165,153.1564,154.2864,155.4064,157.5129,158.6127,158.7034
61.87431,60.38074,59.34431,58.30336,57.25798,56.20823,55.56889,54.50271,53.43238,52.35797,51.66226,50.57189,49.47767,48.73804,47.6282,46.51474,45.73154,44.60284,43.78804,42.33533,41.79811,40.63967,41.46624,42.72379,41.42195,39.85813,38.30814,37.01405,35.4837,33.96761,32.46594,30.97884,29.50645,28.04892,26.78862,25.52628,24.42705,23.1523,22.17141,20.87597,19.70946,18.64601,17.32009,16.09738,14.85609,13.5963,12.39654,11.09128,9.706718
117.0854,117.6129,119.0263,119.5396,120.0438,120.5389,121.9348,122.4151,122.886,123.3477,123.7999,125.1698,125.6064,126.9669,127.3874,127.7982,129.1419,129.536,130.8687,131.2458,132.5667,132.9264,139.9877,148.9956,149.3627,148.7526,148.1266,148.4552,147.8002,147.1299,146.4444,145.744,145.0289,144.2992,144.5385,144.7667,145.9703,147.1656,148.3524,148.5402,149.7082,150.867,152.0165,153.1564,155.2818,155.4064,156.516,158.6127,158.7034
60.95082,59.92675,59.34431,58.30336,57.25798,56.20823,55.56889,54.50271,53.43238,52.35797,51.27958,50.57189,49.47767,48.73804,47.6282,46.51474,45.73154,44.60284,43.78804,42.64435,41.79811,40.63967,41.46624,42.72379,41.42195,39.85813,38.30814,37.01405,35.4837,33.96761,32.46594,30.97884,29.50645,28.04892,26.78862,25.52628,24.42705,23.30874,22.17141,20.87597,19.70946,18.52414,17.32009,16.09738,14.95194,13.5963,12.31808,11.09128,9.706718
