164.2404,167.0797,167.9136,167.7403,168.5456,168.3456,168.1327,168.8947,168.6548,168.4021,168.1366,167.8582,168.547,168.2414,168.8992,168.566,186.695,205.7027,206.2154,204.7763,202.3624,200.9037,199.4345,196.9988,195.512,195.9176,194.4063,191.9403,190.4136,189.8179,187.3344,186.7161,185.1531,183.5824,182.0043,180.419,178.8267,177.2278,176.5325,174.9174,175.1015,174.366,175.4071,175.5283,176.5152,177.4725,177.5211,178.4224,178.4229,179.2673,180.9421
-15.81455,-17.56078,-19.13134,-20.59592,-22.18945,-23.65943,-25.1276,-26.75029,-28.22314,-29.69384,-31.16227,-32.62834,-34.29128,-35.76081,-37.44405,-38.91653,-44.82151,-51.28744,-53.33094,-54.86964,-56.12006,-57.60821,-59.07519,-60.22857,-61.64469,-63.6575,-65.04745,-66.09034,-67.42899,-69.08807,-70.04148,-71.67359,-72.93374,-74.17211,-75.38864,-76.5833,-77.75607,-78.90691,-80.45049,-81.56532,-83.51915,-85.044,-87.45477,-89.43613,-91.88797,-94.36378,-96.38607,-98.90116,-100.9468,-103.5,-106.5831
164.2404,168.0742,167.9136,168.7328,168.5456,168.3456,168.1327,168.8947,168.6548,168.4021,169.1198,168.8399,168.547,168.2414,168.8992,168.566,186.695,205.7027,205.2473,203.8103,202.3624,200.9037,200.3933,197.9551,196.4657,195.9176,193.458,191.9403,191.3562,189.8179,188.2711,186.7161,185.1531,183.5824,182.0043,180.419,178.8267,177.2278,176.5325,174.9174,175.1015,175.2648,175.4071,175.5283,176.5152,177.4725,177.5211,177.5478,178.4229,179.2673,180.0805
-15.81455,-17.66531,-19.13134,-20.71779,-22.18945,-23.65943,-25.1276,-26.75029,-28.22314,-29.69384,-31.34451,-32.81915,-34.29128,-35.76081,-37.44405,-38.91653,-44.82151,-51.28744,-53.08056,-54.61082,-56.12006,-57.60821,-59.35921,-60.52094,-61.94539,-63.6575,-64.73015,-66.09034,-67.76279,-69.08807,-70.39168,-71.67359,-72.93374,-74.17211,-75.38864,-76.5833,-77.75607,-78.90691,-80.45049,-81.56532,-83.51915,-85.48237,-87.45477,-89.43613,-91.88797,-94.36378,-96.38607,-98.41635,-100.9468,-103.5,-106.0755
165.2358,168.0742,167.9136,167.7403,168.5456,168.3456,168.1327,168.8947,168.6548,168.4021,168.1366,168.8399,168.547,169.2195,168.8992,168.566,185.7227,205.7027,206.2154,204.7763,202.3624,200.9037,199.4345,197.9551,197.4194,194.9666,193.458,191.9403,190.4136,189.8179,188.2711,186.7161,184.2227,183.5824,182.0043,180.419,178.8267,177.2278,175.6225,174.0111,175.1015,174.366,175.4071,175.5283,176.5152,177.4725,177.5211,177.5478,178.4229,179.2673,180.9421
-15.91039,-17.66531,-19.13134,-20.59592,-22.18945,-23.65943,-25.1276,-26.75029,-28.22314,-29.69384,-31.16227,-32.81915,-34.29128,-35.96872,-37.44405,-38.91653,-44.58806,-51.28744,-53.33094,-54.86964,-56.12006,-57.60821,-59.07519,-60.52094,-62.2461,-63.34848,-64.73015,-66.09034,-67.42899,-69.08807,-70.39168,-71.67359,-72.56724,-74.17211,-75.38864,-76.5833,-77.75607,-78.90691,-80.0358,-81.14271,-83.51915,-85.044,-87.45477,-89.43613,-91.88797,-94.36378,-96.38607,-98.41635,-100.9468,-103.5,-106.5831
165.2358,168.0742,167.9136,167.7403,168.5456,168.3456,168.1327,168.8947,168.6548,168.4021,168.1366,168.8399,168.547,168.2414,168.8992,168.566,186.695,205.7027,205.2473,204.7763,202.3624,200.9037,199.4345,198.9114,196.4657,195.9176,192.5097,192.8858,191.3562,188.8782,188.2711,186.7161,185.1531,183.5824,182.0043,180.419,178.8267,177.2278,175.6225,174.9174,175.1015,174.366,175.4071,175.5283,176.5152,177.4725,177.5211,178.4224,178.4229,179.2673,180.0805
-15.91039,-17.66531,-19.13134,-20.59592,-22.18945,-23.65943,-25.1276,-26.75029,-28.22314,-29.69384,-31.16227,-32.81915,-34.29128,-35.76081,-37.44405,-38.91653,-44.82151,-51.28744,-53.08056,-54.86964,-56.12006,-57.60821,-59.07519,-60.81331,-61.94539,-63.6575,-64.41285,-66.4159,-67.76279,-68.74605,-70.39168,-71.67359,-72.93374,-74.17211,-75.38864,-76.5833,-77.75607,-78.90691,-80.0358,-81.56532,-83.51915,-85.044,-87.45477,-89.43613,-91.88797,-94.36378,-96.38607,-98.90116,-100.9468,-103.5,-106.0755
165.2358,168.0742,167.9136,167.7403,168.5456,168.3456,168.1327,168.8947,168.6548,168.4021,168.1366,168.8399,168.547,168.2414,168.8992,169.5404,185.7227,205.7027,206.2154,204.7763,202.3624,200.9037,199.4345,198.9114,196.4657,195.9176,193.458,192.8858,191.3562,189.8179,188.2711,186.7161,185.1531,183.5824,182.0043,180.419,178.8267,177.2278,175.6225,174.0111,175.1015,174.366,175.4071,175.5283,176.5152,177.4725,177.5211,178.4224,178.4229,179.2673,180.0805
-15.91039,-17.66531,-19.13134,-20.59592,-22.18945,-23.65943,-25.1276,-26.75029,-28.22314,-29.69384,-31.16227,-32.81915,-34.29128,-35.76081,-37.44405,-39.14148,-44.58806,-51.28744,-53.33094,-54.86964,-56.12006,-57.60821,-59.07519,-60.81331,-61.94539,-63.6575,-64.73015,-66.4159,-67.76279,-69.08807,-70.39168,-71.67359,-72.93374,-74.17211,-75.38864,-76.5833,-77.75607,-78.90691,-80.0358,-81.14271,-83.51915,-85.044,-87.45477,-89.43613,-91.88797,-94.36378,-96.38607,-98.90116,-100.9468,-103.5,-106.0755
165.2358,168.0742,167.9136,167.7403,168.5456,168.3456,168.1327,168.8947,168.6548,168.4021,168.1366,168.8399,168.547,169.2195,168.8992,168.566,187.6674,205.7027,205.2473,204.7763,202.3624,200.9037,200.3933,198.9114,196.4657,195.9176,193.458,191.9403,190.4136,189.8179,187.3344,186.7161,185.1531,183.5824,182.0043,180.419,178.8267,177.2278,175.6225,174.9174,175.1015,175.2648,175.4071,175.5283,176.5152,177.4725,177.5211,178.4224,178.4229,178.4012,180.0805
-15.91039,-17.66531,-19.13134,-20.59592,-22.18945,-23.65943,-25.1276,-26.75029,-28.22314,-29.69384,-31.16227,-32.81915,-34.29128,-35.96872,-37.44405,-38.91653,-45.05496,-51.28744,-53.08056,-54.86964,-56.12006,-57.60821,-59.35921,-60.81331,-61.94539,-63.6575,-64.73015,-66.09034,-67.42899,-69.08807,-70.04148,-71.67359,-72.93374,-74.17211,-75.38864,-76.5833,-77.75607,-78.90691,-80.0358,-81.56532,-83.51915,-85.48237,-87.45477,-89.43613,-91.88797,-94.36378,-96.38607,-98.90116,-100.9468,-103,-106.0755
165.2358,168.0742,167.9136,167.7403,168.5456,168.3456,169.1217,168.8947,168.6548,168.4021,168.1366,168.8399,168.547,168.2414,168.8992,168.566,186.695,205.7027,205.2473,204.7763,202.3624,200.9037,199.4345,198.9114,196.4657,194.9666,193.458,191.9403,191.3562,189.8179,188.2711,185.7825,185.1531,183.5824,182.0043,180.419,178.8267,177.2278,176.5325,174.9174,175.1015,174.366,175.4071,175.5283,176.5152,177.4725,177.5211,178.4224,178.4229,179.2673,180.0805
-15.91039,-17.66531,-19.13134,-20.59592,-22.18945,-23.65943,-25.27541,-26.75029,-28.22314,-29.69384,-31.16227,-32.81915,-34.29128,-35.76081,-37.44405,-38.91653,-44.82151,-51.28744,-53.08056,-54.86964,-56.12006,-57.60821,-59.07519,-60.81331,-61.94539,-63.34848,-64.73015,-66.09034,-67.76279,-69.08807,-70.39168,-71.31522,-72.93374,-74.17211,-75.38864,-76.5833,-77.75607,-78.90691,-80.45049,-81.56532,-83.51915,-85.044,-87.45477,-89.43613,-91.88797,-94.36378,-96.38607,-98.90116,-100.9468,-103.5,-106.0755
165.2358,168.0742,167.9136,167.7403,168.5456,168.3456,169.1217,167.907,168.6548,168.4021,169.1198,168.8399,168.547,169.2195,168.8992,169.5404,185.7227,205.7027,205.2473,204.7763,202.3624,201.865,199.4345,197.9551,196.4657,194.9666,193.458,191.9403,190.4136,189.8179,187.3344,185.7825,185.1531,183.5824,182.0043,180.419,178.8267,177.2278,175.6225,174.9174,175.1015,174.366,174.5122,176.4193,176.5152,177.4725,177.5211,178.4224,178.4229,178.4012,180.9421
-15.91039,-17.66531,-19.13134,-20.59592,-22.18945,-23.65943,-25.27541,-26.59386,-28.22314,-29.69384,-31.34451,-32.81915,-34.29128,-35.96872,-37.44405,-39.14148,-44.58806,-51.28744,-53.08056,-54.86964,-56.12006,-57.88384,-59.07519,-60.52094,-61.94539,-63.34848,-64.73015,-66.09034,-67.42899,-69.08807,-70.04148,-71.31522,-72.93374,-74.17211,-75.38864,-76.5833,-77.75607,-78.90691,-80.0358,-81.56532,-83.51915,-85.044,-87.00857,-89.89012,-91.88797,-94.36378,-96.38607,-98.90116,-100.9468,-103,-106.5831
165.2358,168.0742,167.9136,167.7403,168.5456,168.3456,168.1327,168.8947,168.6548,168.4021,168.1366,168.8399,168.547,169.2195,168.8992,168.566,187.6674,205.7027,205.2473,204.7763,202.3624,200.9037,199.4345,196.9988,196.4657,195.9176,193.458,190.9948,191.3562,189.8179,188.2711,186.7161,185.1531,183.5824,181.0804,180.419,178.8267,177.2278,175.6225,174.9174,175.1015,174.366,175.4071,176.4193,176.5152,177.4725,177.5211,178.4224,178.4229,178.4012,180.9421
-15.91039,-17.66531,-19.13134,-20.59592,-22.18945,-23.65943,-25.1276,-26.75029,-28.22314,-29.69384,-31.16227,-32.81915,-34.29128,-35.96872,-37.44405,-38.91653,-45.05496,-51.28744,-53.08056,-54.86964,-56.12006,-57.60821,-59.07519,-60.22857,-61.94539,-63.6575,-64.73015,-65.76477,-67.76279,-69.08807,-70.39168,-71.67359,-72.93374,-74.17211,-75.00595,-76.5833,-77.75607,-78.90691,-80.0358,-81.56532,-83.51915,-85.044,-87.45477,-89.89012,-91.88797,-94.36378,-96.38607,-98.90116,-100.9468,-103,-106.5831
165.2358,168.0742,167.9136,167.7403,168.5456,168.3456,168.1327,168.8947,167.6686,168.4021,168.1366,168.8399,168.547,168.2414,168.8992,169.5404,186.695,205.7027,205.2473,204.7763,202.3624,200.9037,199.4345,197.9551,196.4657,194.9666,192.5097,192.8858,191.3562,189.8179,187.3344,186.7161,185.1531,183.5824,182.0043,180.419,178.8267,177.2278,176.5325,174.9174,175.1015,174.366,175.4071,175.5283,176.5152,177.4725,177.5211,177.5478,178.4229,179.2673,180.9421
-15.91039,-17.66531,-19.13134,-20.59592,-22.18945,-23.65943,-25.1276,-26.75029,-28.05809,-29.69384,-31.16227,-32.81915,-34.29128,-35.76081,-37.44405,-39.14148,-44.82151,-51.28744,-53.08056,-54.86964,-56.12006,-57.60821,-59.07519,-60.52094,-61.94539,-63.34848,-64.41285,-66.4159,-67.76279,-69.08807,-70.04148,-71.67359,-72.93374,-74.17211,-75.38864,-76.5833,-77.75607,-78.90691,-80.45049,-81.56532,-83.51915,-85.044,-87.45477,-89.43613,-91.88797,-94.36378,-96.38607,-98.41635,-100.9468,-103.5,-106.5831
165.2358,168.0742,167.9136,167.7403,168.5456,168.3456,168.1327,168.8947,168.6548,168.4021,168.1366,168.8399,168.547,169.2195,168.8992,169.5404,186.695,205.7027,205.2473,204.7763,203.326,200.9037,199.4345,197.9551,196.4657,194.9666,193.458,191.9403,189.4709,188.8782,188.2711,186.7161,184.2227,183.5824,182.0043,180.419,178.8267,177.2278,175.6225,174.0111,175.1015,175.2648,175.4071,175.5283,176.5152,176.5895,177.5211,178.4224,178.4229,179.2673,180.0805
-15.91039,-17.66531,-19.13134,-20.59592,-22.18945,-23.65943,-25.1276,-26.75029,-28.22314,-29.69384,-31.16227,-32.81915,-34.29128,-35.96872,-37.44405,-39.14148,-44.82151,-51.28744,-53.08056,-54.86964,-56.3873,-57.60821,-59.07519,-60.52094,-61.94539,-63.34848,-64.73015,-66.09034,-67.09518,-68.74605,-70.39168,-71.67359,-72.56724,-74.17211,-75.38864,-76.5833,-77.75607,-78.90691,-80.0358,-81.14271,-83.51915,-85.48237,-87.45477,-89.43613,-91.88797,-93.89431,-96.38607,-98.90116,-100.9468,-103.5,-106.0755
165.2358,168.0742,167.9136,167.7403,167.5542,168.3456,168.1327,168.8947,168.6548,168.4021,168.1366,168.8399,168.547,169.2195,168.8992,169.5404,186.695,205.7027,205.2473,204.7763,202.3624,201.865,199.4345,197.9551,196.4657,195.9176,193.458,191.9403,190.4136,189.8179,188.2711,186.7161,185.1531,183.5824,182.0043,180.419,178.8267,177.2278,175.6225,174.9174,175.1015,174.366,175.4071,175.5283,176.5152,176.5895,177.5211,178.4224,178.4229,179.2673,180.0805
-15.91039,-17.66531,-19.13134,-20.59592,-22.05893,-23.65943,-25.1276,-26.75029,-28.22314,-29.69384,-31.16227,-32.81915,-34.29128,-35.96872,-37.44405,-39.14148,-44.82151,-51.28744,-53.08056,-54.86964,-56.12006,-57.88384,-59.07519,-60.52094,-61.94539,-63.6575,-64.73015,-66.09034,-67.42899,-69.08807,-70.39168,-71.67359,-72.93374,-74.17211,-75.38864,-76.5833,-77.75607,-78.90691,-80.0358,-81.56532,-83.51915,-85.044,-87.45477,-89.43613,-91.88797,-93.89431,-96.38607,-98.90116,-100.9468,-103.5,-106.0755
165.2358,168.0742,167.9136,167.7403,168.5456,168.3456,168.1327,168.8947,168.6548,168.4021,168.1366,167.8582,168.547,168.2414,168.8992,169.5404,186.695,205.7027,205.2473,204.7763,202.3624,200.9037,199.4345,197.9551,196.4657,195.9176,194.4063,191.9403,190.4136,189.8179,188.2711,186.7161,185.1531,183.5824,182.0043,180.419,178.8267,177.2278,176.5325,174.9174,175.1015,174.366,175.4071,175.5283,176.5152,176.5895,177.5211,177.5478,178.4229,179.2673,180.0805
-15.91039,-17.66531,-19.13134,-20.59592,-22.18945,-23.65943,-25.1276,-26.75029,-28.22314,-29.69384,-31.16227,-32.62834,-34.29128,-35.76081,-37.44405,-39.14148,-44.82151,-51.28744,-53.08056,-54.86964,-56.12006,-57.60821,-59.07519,-60.52094,-61.94539,-63.6575,-65.04745,-66.09034,-67.42899,-69.08807,-70.39168,-71.67359,-72.93374,-74.17211,-75.38864,-76.5833,-77.75607,-78.90691,-80.45049,-81.56532,-83.51915,-85.044,-87.45477,-89.43613,-91.88797,-93.89431,-96.38607,-98.41635,-100.9468,-103.5,-106.0755
165.2358,168.0742,167.9136,168.7328,168.5456,168.3456,169.1217,168.8947,168.6548,168.4021,169.1198,168.8399,168.547,169.2195,168.8992,169.5404,186.695,205.7027,205.2473,203.8103,202.3624,200.9037,199.4345,197.9551,196.4657,194.9666,193.458,192.8858,191.3562,189.8179,188.2711,186.7161,185.1531,183.5824,182.0043,180.419,178.8267,178.1414,176.5325,174.9174,175.1015,174.366,175.4071,175.5283,176.5152,176.5895,177.5211,178.4224,178.4229,179.2673,180.9421
-15.91039,-17.66531,-19.13134,-20.71779,-22.18945,-23.65943,-25.27541,-26.75029,-28.22314,-29.69384,-31.34451,-32.81915,-34.29128,-35.96872,-37.44405,-39.14148,-44.82151,-51.28744,-53.08056,-54.61082,-56.12006,-57.60821,-59.07519,-60.52094,-61.94539,-63.34848,-64.73015,-66.4159,-67.76279,-69.08807,-70.39168,-71.67359,-72.93374,-74.17211,-75.38864,-76.5833,-77.75607,-79.31365,-80.45049,-81.56532,-83.51915,-85.044,-87.45477,-89.43613,-91.88797,-93.89431,-96.38607,-98.90116,-100.9468,-103.5,-106.5831
165.2358,168.0742,167.9136,167.7403,168.5456,168.3456,168.1327,168.8947,168.6548,168.4021,168.1366,168.8399,168.547,169.2195,168.8992,169.5404,186.695,205.7027,205.2473,204.7763,202.3624,200.9037,199.4345,197.9551,196.4657,195.9176,194.4063,191.9403,190.4136,188.8782,188.2711,185.7825,185.1531,183.5824,182.0043,180.419,178.8267,177.2278,175.6225,174.9174,175.1015,175.2648,175.4071,175.5283,176.5152,176.5895,177.5211,177.5478,178.4229,179.2673,180.9421
-15.91039,-17.66531,-19.13134,-20.59592,-22.18945,-23.65943,-25.1276,-26.75029,-28.22314,-29.69384,-31.16227,-32.81915,-34.29128,-35.96872,-37.44405,-39.14148,-44.82151,-51.28744,-53.08056,-54.86964,-56.12006,-57.60821,-59.07519,-60.52094,-61.94539,-63.6575,-65.04745,-66.09034,-67.42899,-68.74605,-70.39168,-71.31522,-72.93374,-74.17211,-75.38864,-76.5833,-77.75607,-78.90691,-80.0358,-81.56532,-83.51915,-85.48237,-87.45477,-89.43613,-91.88797,-93.89431,-96.38607,-98.41635,-100.9468,-103.5,-106.5831
165.2358,167.0797,167.9136,167.7403,168.5456,168.3456,168.1327,168.8947,168.6548,168.4021,168.1366,168.8399,168.547,169.2195,167.9229,168.566,185.7227,205.7027,205.2473,204.7763,202.3624,200.9037,199.4345,196.9988,197.4194,195.9176,193.458,192.8858,191.3562,188.8782,188.2711,185.7825,184.2227,183.5824,182.0043,180.419,178.8267,178.1414,175.6225,174.9174,175.1015,174.366,175.4071,176.4193,176.5152,177.4725,177.5211,178.4224,178.4229,179.2673,180.0805
-15.91039,-17.56078,-19.13134,-20.59592,-22.18945,-23.65943,-25.1276,-26.75029,-28.22314,-29.69384,-31.16227,-32.81915,-34.29128,-35.96872,-37.22761,-38.91653,-44.58806,-51.28744,-53.08056,-54.86964,-56.12006,-57.60821,-59.07519,-60.22857,-62.2461,-63.6575,-64.73015,-66.4159,-67.76279,-68.74605,-70.39168,-71.31522,-72.56724,-74.17211,-75.38864,-76.5833,-77.75607,-79.31365,-80.0358,-81.56532,-83.51915,-85.044,-87.45477,-89.89012,-91.88797,-94.36378,-96.38607,-98.90116,-100.9468,-103.5,-106.0755
165.2358,167.0797,167.9136,167.7403,168.5456,168.3456,168.1327,168.8947,168.6548,168.4021,168.1366,167.8582,168.547,169.2195,168.8992,169.5404,186.695,205.7027,205.2473,204.7763,202.3624,200.9037,199.4345,198.9114,196.4657,194.9666,193.458,191.9403,191.3562,189.8179,188.2711,186.7161,185.1531,182.6552,182.0043,180.419,178.8267,177.2278,175.6225,174.9174,175.1015,174.366,175.4071,175.5283,176.5152,177.4725,177.5211,178.4224,178.4229,179.2673,180.9421
-15.91039,-17.56078,-19.13134,-20.59592,-22.18945,-23.65943,-25.1276,-26.75029,-28.22314,-29.69384,-31.16227,-32.62834,-34.29128,-35.96872,-37.44405,-39.14148,-44.82151,-51.28744,-53.08056,-54.86964,-56.12006,-57.60821,-59.07519,-60.81331,-61.94539,-63.34848,-64.73015,-66.09034,-67.76279,-69.08807,-70.39168,-71.67359,-72.93374,-73.7975,-75.38864,-76.5833,-77.75607,-78.90691,-80.0358,-81.56532,-83.51915,-85.044,-87.45477,-89.43613,-91.88797,-94.36378,-96.38607,-98.90116,-100.9468,-103.5,-106.5831
165.2358,168.0742,167.9136,167.7403,168.5456,168.3456,168.1327,168.8947,168.6548,168.4021,168.1366,168.8399,168.547,169.2195,168.8992,169.5404,186.695,205.7027,205.2473,204.7763,202.3624,200.9037,199.4345,197.9551,196.4657,195.9176,193.458,192.8858,191.3562,189.8179,188.2711,186.7161,185.1531,183.5824,182.0043,180.419,178.8267,177.2278,175.6225,174.9174,175.1015,174.366,175.4071,175.5283,176.5152,177.4725,177.5211,177.5478,178.4229,179.2673,180.0805
-15.91039,-17.66531,-19.13134,-20.59592,-22.18945,-23.65943,-25.1276,-26.75029,-28.22314,-29.69384,-31.16227,-32.81915,-34.29128,-35.96872,-37.44405,-39.14148,-44.82151,-51.28744,-53.08056,-54.86964,-56.12006,-57.60821,-59.07519,-60.52094,-61.94539,-63.6575,-64.73015,-66.4159,-67.76279,-69.08807,-70.39168,-71.67359,-72.93374,-74.17211,-75.38864,-76.5833,-77.75607,-78.90691,-80.0358,-81.56532,-83.51915,-85.044,-87.45477,-89.43613,-91.88797,-94.36378,-96.38607,-98.41635,-100.9468,-103.5,-106.0755
165.2358,168.0742,167.9136,167.7403,168.5456,168.3456,168.1327,168.8947,168.6548,168.4021,168.1366,168.8399,168.547,168.2414,168.8992,169.5404,186.695,205.7027,205.2473,204.7763,202.3624,200.9037,199.4345,198.9114,196.4657,195.9176,192.5097,191.9403,190.4136,189.8179,187.3344,185.7825,185.1531,183.5824,182.0043,180.419,178.8267,177.2278,176.5325,175.8237,175.1015,174.366,175.4071,175.5283,176.5152,177.4725,177.5211,178.4224,178.4229,179.2673,180.9421
-15.91039,-17.66531,-19.13134,-20.59592,-22.18945,-23.65943,-25.1276,-26.75029,-28.22314,-29.69384,-31.16227,-32.81915,-34.29128,-35.76081,-37.44405,-39.14148,-44.82151,-51.28744,-53.08056,-54.86964,-56.12006,-57.60821,-59.07519,-60.81331,-61.94539,-63.6575,-64.41285,-66.09034,-67.42899,-69.08807,-70.04148,-71.31522,-72.93374,-74.17211,-75.38864,-76.5833,-77.75607,-78.90691,-80.45049,-81.98794,-83.51915,-85.044,-87.45477,-89.43613,-91.88797,-94.36378,-96.38607,-98.90116,-100.9468,-103.5,-106.5831
165.2358,168.0742,167.9136,167.7403,168.5456,168.3456,168.1327,168.8947,168.6548,168.4021,168.1366,168.8399,168.547,169.2195,168.8992,169.5404,186.695,205.7027,205.2473,203.8103,202.3624,200.9037,199.4345,197.9551,196.4657,195.9176,193.458,191.9403,190.4136,189.8179,188.2711,186.7161,185.1531,183.5824,182.0043,180.419,178.8267,177.2278,176.5325,175.8237,175.1015,174.366,175.4071,175.5283,176.5152,176.5895,177.5211,177.5478,178.4229,179.2673,180.0805
-15.91039,-17.66531,-19.13134,-20.59592,-22.18945,-23.65943,-25.1276,-26.75029,-28.22314,-29.69384,-31.16227,-32.81915,-34.29128,-35.96872,-37.44405,-39.14148,-44.82151,-51.28744,-53.08056,-54.61082,-56.12006,-57.60821,-59.07519,-60.52094,-61.94539,-63.6575,-64.73015,-66.09034,-67.42899,-69.08807,-70.39168,-71.67359,-72.93374,-74.17211,-75.38864,-76.5833,-77.75607,-78.90691,-80.45049,-81.98794,-83.51915,-85.044,-87.45477,-89.43613,-91.88797,-93.89431,-96.38607,-98.41635,-100.9468,-103.5,-106.0755
165.2358,168.0742,167.9136,167.7403,168.5456,168.3456,169.1217,167.907,168.6548,168.4021,169.1198,168.8399,168.547,169.2195,168.8992,169.5404,186.695,205.7027,205.2473,204.7763,202.3624,201.865,199.4345,197.9551,196.4657,195.9176,193.458,192.8858,189.4709,189.8179,187.3344,186.7161,185.1531,183.5824,182.0043,180.419,178.8267,177.2278,175.6225,174.9174,175.1015,174.366,175.4071,175.5283,176.5152,176.5895,177.5211,177.5478,178.4229,179.2673,180.0805
-15.91039,-17.66531,-19.13134,-20.59592,-22.18945,-23.65943,-25.27541,-26.59386,-28.22314,-29.69384,-31.34451,-32.81915,-34.29128,-35.96872,-37.44405,-39.14148,-44.82151,-51.28744,-53.08056,-54.86964,-56.12006,-57.88384,-59.07519,-60.52094,-61.94539,-63.6575,-64.73015,-66.4159,-67.09518,-69.08807,-70.04148,-71.67359,-72.93374,-74.17211,-75.38864,-76.5833,-77.75607,-78.90691,-80.0358,-81.56532,-83.51915,-85.044,-87.45477,-89.43613,-91.88797,-93.89431,-96.38607,-98.41635,-100.9468,-103.5,-106.0755
165.2358,168.0742,167.9136,168.7328,168.5456,168.3456,169.1217,168.8947,168.6548,168.4021,168.1366,168.8399,168.547,168.2414,168.8992,169.5404,186.695,205.7027,205.2473,204.7763,202.3624,200.9037,199.4345,197.9551,196.4657,194.9666,193.458,191.9403,191.3562,188.8782,187.3344,185.7825,185.1531,183.5824,182.0043,180.419,178.8267,177.2278,176.5325,174.0111,175.1015,174.366,175.4071,175.5283,176.5152,176.5895,177.5211,177.5478,178.4229,179.2673,180.0805
-15.91039,-17.66531,-19.13134,-20.71779,-22.18945,-23.65943,-25.27541,-26.75029,-28.22314,-29.69384,-31.16227,-32.81915,-34.29128,-35.76081,-37.44405,-39.14148,-44.82151,-51.28744,-53.08056,-54.86964,-56.12006,-57.60821,-59.07519,-60.52094,-61.94539,-63.34848,-64.73015,-66.09034,-67.76279,-68.74605,-70.04148,-71.31522,-72.93374,-74.17211,-75.38864,-76.5833,-77.75607,-78.90691,-80.45049,-81.14271,-83.51915,-85.044,-87.45477,-89.43613,-91.88797,-93.89431,-96.38607,-98.41635,-100.9468,-103.5,-106.0755
164.2404,168.0742,167.9136,167.7403,168.5456,168.3456,168.1327,168.8947,168.6548,168.4021,169.1198,168.8399,168.547,168.2414,168.8992,169.5404,186.695,205.7027,205.2473,204.7763,203.326,200.9037,199.4345,196.9988,196.4657,194.9666,194.4063,191.9403,191.3562,189.8179,188.2711,186.7161,185.1531,183.5824,182.0043,180.419,178.8267,177.2278,176.5325,174.9174,175.1015,174.366,175.4071,175.5283,176.5152,177.4725,177.5211,177.5478,178.4229,179.2673,180.0805
-15.81455,-17.66531,-19.13134,-20.59592,-22.18945,-23.65943,-25.1276,-26.75029,-28.22314,-29.69384,-31.34451,-32.81915,-34.29128,-35.76081,-37.44405,-39.14148,-44.82151,-51.28744,-53.08056,-54.86964,-56.3873,-57.60821,-59.07519,-60.22857,-61.94539,-63.34848,-65.04745,-66.09034,-67.76279,-69.08807,-70.39168,-71.67359,-72.93374,-74.17211,-75.38864,-76.5833,-77.75607,-78.90691,-80.45049,-81.56532,-83.51915,-85.044,-87.45477,-89.43613,-91.88797,-94.36378,-96.38607,-98.41635,-100.9468,-103.5,-106.0755
165.2358,168.0742,167.9136,167.7403,168.5456,168.3456,168.1327,168.8947,168.6548,168.4021,169.1198,168.8399,168.547,169.2195,168.8992,169.5404,186.695,205.7027,205.2473,204.7763,202.3624,200.9037,199.4345,197.9551,196.4657,195.9176,194.4063,191.9403,191.3562,189.8179,188.2711,186.7161,184.2227,182.6552,182.0043,180.419,178.8267,177.2278,175.6225,174.9174,175.1015,175.2648,175.4071,175.5283,175.6281,177.4725,177.5211,177.5478,178.4229,179.2673,180.0805
-15.91039,-17.66531,-19.13134,-20.59592,-22.18945,-23.65943,-25.1276,-26.75029,-28.22314,-29.69384,-31.34451,-32.81915,-34.29128,-35.96872,-37.44405,-39.14148,-44.82151,-51.28744,-53.08056,-54.86964,-56.12006,-57.60821,-59.07519,-60.52094,-61.94539,-63.6575,-65.04745,-66.09034,-67.76279,-69.08807,-70.39168,-71.67359,-72.56724,-73.7975,-75.38864,-76.5833,-77.75607,-78.90691,-80.0358,-81.56532,-83.51915,-85.48237,-87.45477,-89.43613,-91.42623,-94.36378,-96.38607,-98.41635,-100.9468,-103.5,-106.0755
165.2358,168.0742,167.9136,167.7403,168.5456,168.3456,169.1217,168.8947,168.6548,168.4021,168.1366,167.8582,168.547,169.2195,168.8992,168.566,186.695,205.7027,205.2473,203.8103,202.3624,200.9037,199.4345,197.9551,196.4657,195.9176,193.458,192.8858,190.4136,189.8179,188.2711,186.7161,184.2227,183.5824,182.0043,180.419,178.8267,177.2278,175.6225,174.9174,174.199,174.366,175.4071,175.5283,176.5152,176.5895,177.5211,177.5478,178.4229,179.2673,180.0805
-15.91039,-17.66531,-19.13134,-20.59592,-22.18945,-23.65943,-25.27541,-26.75029,-28.22314,-29.69384,-31.16227,-32.62834,-34.29128,-35.96872,-37.44405,-38.91653,-44.82151,-51.28744,-53.08056,-54.61082,-56.12006,-57.60821,-59.07519,-60.52094,-61.94539,-63.6575,-64.73015,-66.4159,-67.42899,-69.08807,-70.39168,-71.67359,-72.56724,-74.17211,-75.38864,-76.5833,-77.75607,-78.90691,-80.0358,-81.56532,-83.08864,-85.044,-87.45477,-89.43613,-91.88797,-93.89431,-96.38607,-98.41635,-100.9468,-103.5,-106.0755
165.2358,168.0742,167.9136,167.7403,168.5456,168.3456,169.1217,168.8947,168.6548,168.4021,169.1198,168.8399,168.547,169.2195,168.8992,169.5404,187.6674,205.7027,205.2473,204.7763,202.3624,200.9037,199.4345,197.9551,196.4657,194.9666,193.458,191.9403,189.4709,188.8782,187.3344,186.7161,185.1531,183.5824,182.0043,180.419,178.8267,177.2278,176.5325,174.0111,175.1015,175.2648,175.4071,175.5283,176.5152,177.4725,177.5211,178.4224,178.4229,179.2673,180.0805
-15.91039,-17.66531,-19.13134,-20.59592,-22.18945,-23.65943,-25.27541,-26.75029,-28.22314,-29.69384,-31.34451,-32.81915,-34.29128,-35.96872,-37.44405,-39.14148,-45.05496,-51.28744,-53.08056,-54.86964,-56.12006,-57.60821,-59.07519,-60.52094,-61.94539,-63.34848,-64.73015,-66.09034,-67.09518,-68.74605,-70.04148,-71.67359,-72.93374,-74.17211,-75.38864,-76.5833,-77.75607,-78.90691,-80.45049,-81.14271,-83.51915,-85.48237,-87.45477,-89.43613,-91.88797,-94.36378,-96.38607,-98.90116,-100.9468,-103.5,-106.0755
165.2358,168.0742,167.9136,167.7403,168.5456,168.3456,168.1327,168.8947,168.6548,168.4021,168.1366,168.8399,168.547,169.2195,168.8992,169.5404,186.695,205.7027,205.2473,204.7763,202.3624,200.9037,200.3933,197.9551,196.4657,194.9666,193.458,192.8858,190.4136,188.8782,187.3344,186.7161,185.1531,183.5824,182.0043,180.419,178.8267,177.2278,176.5325,174.9174,175.1015,175.2648,175.4071,175.5283,176.5152,177.4725,177.5211,178.4224,178.4229,179.2673,180.9421
-15.91039,-17.66531,-19.13134,-20.59592,-22.18945,-23.65943,-25.1276,-26.75029,-28.22314,-29.69384,-31.16227,-32.81915,-34.29128,-35.96872,-37.44405,-39.14148,-44.82151,-51.28744,-53.08056,-54.86964,-56.12006,-57.60821,-59.35921,-60.52094,-61.94539,-63.34848,-64.73015,-66.4159,-67.42899,-68.74605,-70.04148,-71.67359,-72.93374,-74.17211,-75.38864,-76.5833,-77.75607,-78.90691,-80.45049,-81.56532,-83.51915,-85.48237,-87.45477,-89.43613,-91.88797,-94.36378,-96.38607,-98.90116,-100.9468,-103.5,-106.5831
165.2358,168.0742,167.9136,167.7403,167.5542,168.3456,168.1327,168.8947,167.6686,168.4021,168.1366,168.8399,168.547,169.2195,168.8992,169.5404,186.695,205.7027,205.2473,203.8103,202.3624,200.9037,199.4345,197.9551,196.4657,194.9666,192.5097,191.9403,191.3562,188.8782,188.2711,185.7825,185.1531,183.5824,182.0043,180.419,178.8267,178.1414,176.5325,174.0111,175.1015,175.2648,175.4071,175.5283,176.5152,177.4725,177.5211,178.4224,178.4229,179.2673,180.9421
-15.91039,-17.66531,-19.13134,-20.59592,-22.05893,-23.65943,-25.1276,-26.75029,-28.05809,-29.69384,-31.16227,-32.81915,-34.29128,-35.96872,-37.44405,-39.14148,-44.82151,-51.28744,-53.08056,-54.61082,-56.12006,-57.60821,-59.07519,-60.52094,-61.94539,-63.34848,-64.41285,-66.09034,-67.76279,-68.74605,-70.39168,-71.31522,-72.93374,-74.17211,-75.38864,-76.5833,-77.75607,-79.31365,-80.45049,-81.14271,-83.51915,-85.48237,-87.45477,-89.43613,-91.88797,-94.36378,-96.38607,-98.90116,-100.9468,-103.5,-106.5831
165.2358,168.0742,167.9136,167.7403,168.5456,167.3553,169.1217,168.8947,168.6548,168.4021,168.1366,168.8399,168.547,169.2195,168.8992,168.566,186.695,205.7027,205.2473,204.7763,202.3624,200.9037,199.4345,197.9551,197.4194,194.9666,192.5097,191.9403,190.4136,187.9385,188.2711,185.7825,185.1531,183.5824,182.0043,180.419,178.8267,178.1414,176.5325,175.8237,175.1015,174.366,175.4071,175.5283,176.5152,177.4725,177.5211,178.4224,178.4229,179.2673,180.9421
-15.91039,-17.66531,-19.13134,-20.59592,-22.18945,-23.52025,-25.27541,-26.75029,-28.22314,-29.69384,-31.16227,-32.81915,-34.29128,-35.96872,-37.44405,-38.91653,-44.82151,-51.28744,-53.08056,-54.86964,-56.12006,-57.60821,-59.07519,-60.52094,-62.2461,-63.34848,-64.41285,-66.09034,-67.42899,-68.40403,-70.39168,-71.31522,-72.93374,-74.17211,-75.38864,-76.5833,-77.75607,-79.31365,-80.45049,-81.98794,-83.51915,-85.044,-87.45477,-89.43613,-91.88797,-94.36378,-96.38607,-98.90116,-100.9468,-103.5,-106.5831
165.2358,168.0742,167.9136,167.7403,168.5456,168.3456,168.1327,168.8947,168.6548,168.4021,168.1366,168.8399,168.547,169.2195,168.8992,169.5404,186.695,205.7027,205.2473,204.7763,202.3624,201.865,199.4345,197.9551,196.4657,194.9666,193.458,191.9403,191.3562,188.8782,188.2711,186.7161,185.1531,183.5824,182.0043,180.419,178.8267,177.2278,176.5325,174.0111,175.1015,175.2648,175.4071,175.5283,176.5152,177.4725,177.5211,178.4224,178.4229,179.2673,180.0805
-15.91039,-17.66531,-19.13134,-20.59592,-22.18945,-23.65943,-25.1276,-26.75029,-28.22314,-29.69384,-31.16227,-32.81915,-34.29128,-35.96872,-37.44405,-39.14148,-44.82151,-51.28744,-53.08056,-54.86964,-56.12006,-57.88384,-59.07519,-60.52094,-61.94539,-63.34848,-64.73015,-66.09034,-67.76279,-68.74605,-70.39168,-71.67359,-72.93374,-74.17211,-75.38864,-76.5833,-77.75607,-78.90691,-80.45049,-81.14271,-83.51915,-85.48237,-87.45477,-89.43613,-91.88797,-94.36378,-96.38607,-98.90116,-100.9468,-103.5,-106.0755
