187.4357,187.9287,187.446,186.9443,187.3896,186.8525,186.2968,185.7227,186.1047,186.4725,185.848,185.2058,184.5459,185.8352,186.1287,188.3805,188.6485,190.8801,194.0925,195.3146,197.5167,198.7144,201.8879,204.0562,205.2161,204.3681,199.5128,195.6344,190.7382,187.8211,183.8879,180.938,180.9724,180.9931,180,179.9931,179.9726,180.938,179.8903,180.8277,180.7519,180.6624,180.5591,180.442,180.3112,181.1621
57.30485,55.66701,53.74928,51.84424,50.21089,48.32334,46.449,44.58806,42.96565,41.33997,39.50322,37.68054,35.87209,34.44251,32.81951,31.52409,29.87898,28.52722,27.27793,25.71366,24.252,22.64064,21.21928,19.64838,17.95408,16.08411,13.95129,11.96551,9.996168,8.200445,6.421507,4.738028,3.158886,1.579503,0,-1.570776,-3.141433,-4.738028,-6.281909,-7.895109,-9.472808,-11.04979,-12.62592,-14.2011,-15.77519,-17.44393
187.4357,187.9287,188.4073,186.9443,187.3896,185.8843,186.2968,185.7227,186.1047,186.4725,185.848,185.2058,185.5275,185.8352,186.1287,188.3805,189.6362,191.8691,193.1023,195.3146,197.5167,198.7144,201.8879,204.0562,205.2161,204.3681,199.5128,195.6344,190.7382,187.8211,183.8879,180.938,180.9724,180.9931,181,179.9931,179.9726,180.938,180.8897,180.8277,180.7519,180.6624,180.5591,180.442,180.3112,181.1621
57.30485,55.66701,54.02492,51.84424,50.21089,48.07296,46.449,44.58806,42.96565,41.33997,39.50322,37.68054,36.0629,34.44251,32.81951,31.52409,30.03542,28.67503,27.13875,25.71366,24.252,22.64064,21.21928,19.64838,17.95408,16.08411,13.95129,11.96551,9.996168,8.200445,6.421507,4.738028,3.158886,1.579503,0,-1.570776,-3.141433,-4.738028,-6.316809,-7.895109,-9.472808,-11.04979,-12.62592,-14.2011,-15.77519,-17.44393
187.4357,187.9287,187.446,186.9443,187.3896,186.8525,186.2968,185.7227,186.1047,186.4725,185.848,185.2058,184.5459,185.8352,186.1287,188.3805,189.6362,190.8801,194.0925,195.3146,197.5167,198.7144,201.8879,204.0562,205.2161,204.3681,200.5104,195.6344,190.7382,187.8211,183.8879,180.938,179.9726,180.9931,181,180.9931,179.9726,179.9383,179.8903,179.8287,180.7519,180.6624,180.5591,180.442,180.3112,182.1575
57.30485,55.66701,53.74928,51.84424,50.21089,48.32334,46.449,44.58806,42.96565,41.33997,39.50322,37.68054,35.87209,34.44251,32.81951,31.52409,30.03542,28.52722,27.27793,25.71366,24.252,22.64064,21.21928,19.64838,17.95408,16.08411,14.02105,11.96551,9.996168,8.200445,6.421507,4.738028,3.141433,1.579503,0,-1.579503,-3.141433,-4.711851,-6.281909,-7.85149,-9.472808,-11.04979,-12.62592,-14.2011,-15.77519,-17.53977
188.392,187.9287,187.446,186.9443,186.4237,186.8525,186.2968,185.7227,186.1047,185.4962,185.848,185.2058,185.5275,185.8352,186.1287,188.3805,188.6485,191.8691,193.1023,195.3146,197.5167,198.7144,201.8879,204.0562,205.2161,204.3681,200.5104,195.6344,190.7382,187.8211,183.8879,180.938,179.9726,179.9931,180,180.9931,180.9724,179.9383,179.8903,179.8287,179.7533,180.6624,180.5591,180.442,180.3112,182.1575
57.59723,55.66701,53.74928,51.84424,49.95208,48.32334,46.449,44.58806,42.96565,41.12353,39.50322,37.68054,36.0629,34.44251,32.81951,31.52409,29.87898,28.67503,27.13875,25.71366,24.252,22.64064,21.21928,19.64838,17.95408,16.08411,14.02105,11.96551,9.996168,8.200445,6.421507,4.738028,3.141433,1.570776,0,-1.579503,-3.158886,-4.711851,-6.281909,-7.85149,-9.420472,-11.04979,-12.62592,-14.2011,-15.77519,-17.53977
188.392,187.9287,187.446,186.9443,186.4237,186.8525,186.2968,185.7227,186.1047,186.4725,185.848,185.2058,185.5275,185.8352,186.1287,188.3805,189.6362,190.8801,193.1023,195.3146,197.5167,198.7144,200.8934,204.0562,205.2161,204.3681,200.5104,195.6344,190.7382,187.8211,183.8879,180.938,180.9724,179.9931,181,179.9931,180.9724,179.9383,180.8897,179.8287,180.7519,180.6624,180.5591,180.442,180.3112,182.1575
57.59723,55.66701,53.74928,51.84424,49.95208,48.32334,46.449,44.58806,42.96565,41.33997,39.50322,37.68054,36.0629,34.44251,32.81951,31.52409,30.03542,28.52722,27.13875,25.71366,24.252,22.64064,21.11475,19.64838,17.95408,16.08411,14.02105,11.96551,9.996168,8.200445,6.421507,4.738028,3.158886,1.570776,0,-1.570776,-3.158886,-4.711851,-6.316809,-7.85149,-9.472808,-11.04979,-12.62592,-14.2011,-15.77519,-17.53977
188.392,186.9698,187.446,186.9443,186.4237,186.8525,186.2968,185.7227,186.1047,185.4962,185.848,185.2058,185.5275,184.8519,186.1287,188.3805,189.6362,190.8801,193.1023,195.3146,197.5167,198.7144,200.8934,204.0562,205.2161,204.3681,199.5128,195.6344,190.7382,187.8211,183.8879,180.938,180.9724,180.9931,180,180.9931,179.9726,180.938,179.8903,179.8287,180.7519,179.6643,180.5591,180.442,180.3112,181.1621
57.59723,55.38299,53.74928,51.84424,49.95208,48.32334,46.449,44.58806,42.96565,41.12353,39.50322,37.68054,36.0629,34.26028,32.81951,31.52409,30.03542,28.52722,27.13875,25.71366,24.252,22.64064,21.11475,19.64838,17.95408,16.08411,13.95129,11.96551,9.996168,8.200445,6.421507,4.738028,3.158886,1.579503,0,-1.579503,-3.141433,-4.738028,-6.281909,-7.85149,-9.472808,-10.98874,-12.62592,-14.2011,-15.77519,-17.44393
187.4357,187.9287,187.446,186.9443,186.4237,186.8525,186.2968,185.7227,186.1047,186.4725,185.848,185.2058,185.5275,185.8352,186.1287,188.3805,189.6362,191.8691,193.1023,195.3146,197.5167,198.7144,200.8934,204.0562,205.2161,204.3681,200.5104,195.6344,190.7382,187.8211,183.8879,180.938,180.9724,180.9931,181,179.9931,179.9726,179.9383,180.8897,179.8287,180.7519,180.6624,179.5615,180.442,180.3112,182.1575
57.30485,55.66701,53.74928,51.84424,49.95208,48.32334,46.449,44.58806,42.96565,41.33997,39.50322,37.68054,36.0629,34.44251,32.81951,31.52409,30.03542,28.67503,27.13875,25.71366,24.252,22.64064,21.11475,19.64838,17.95408,16.08411,14.02105,11.96551,9.996168,8.200445,6.421507,4.738028,3.158886,1.579503,0,-1.570776,-3.141433,-4.711851,-6.316809,-7.85149,-9.472808,-11.04979,-12.55617,-14.2011,-15.77519,-17.53977
188.392,187.9287,187.446,186.9443,186.4237,186.8525,186.2968,185.7227,186.1047,186.4725,185.848,185.2058,185.5275,185.8352,186.1287,188.3805,189.6362,191.8691,193.1023,195.3146,197.5167,198.7144,201.8879,204.0562,205.2161,204.3681,200.5104,195.6344,190.7382,187.8211,183.8879,180.938,180.9724,180.9931,180,180.9931,180.9724,180.938,179.8903,180.8277,180.7519,180.6624,180.5591,180.442,180.3112,182.1575
57.59723,55.66701,53.74928,51.84424,49.95208,48.32334,46.449,44.58806,42.96565,41.33997,39.50322,37.68054,36.0629,34.44251,32.81951,31.52409,30.03542,28.67503,27.13875,25.71366,24.252,22.64064,21.21928,19.64838,17.95408,16.08411,14.02105,11.96551,9.996168,8.200445,6.421507,4.738028,3.158886,1.579503,0,-1.579503,-3.158886,-4.738028,-6.281909,-7.895109,-9.472808,-11.04979,-12.62592,-14.2011,-15.77519,-17.53977
188.392,187.9287,187.446,186.9443,186.4237,186.8525,186.2968,185.7227,186.1047,185.4962,185.848,185.2058,185.5275,185.8352,186.1287,188.3805,189.6362,191.8691,193.1023,195.3146,197.5167,198.7144,201.8879,204.0562,205.2161,204.3681,199.5128,195.6344,190.7382,187.8211,183.8879,180.938,180.9724,180.9931,181,180.9931,180.9724,180.938,179.8903,180.8277,180.7519,180.6624,180.5591,180.442,180.3112,182.1575
57.59723,55.66701,53.74928,51.84424,49.95208,48.32334,46.449,44.58806,42.96565,41.12353,39.50322,37.68054,36.0629,34.44251,32.81951,31.52409,30.03542,28.67503,27.13875,25.71366,24.252,22.64064,21.21928,19.64838,17.95408,16.08411,13.95129,11.96551,9.996168,8.200445,6.421507,4.738028,3.158886,1.579503,0,-1.579503,-3.158886,-4.738028,-6.281909,-7.895109,-9.472808,-11.04979,-12.62592,-14.2011,-15.77519,-17.53977
187.4357,187.9287,187.446,186.9443,186.4237,186.8525,185.3265,185.7227,186.1047,186.4725,185.848,185.2058,184.5459,185.8352,186.1287,188.3805,189.6362,191.8691,193.1023,195.3146,197.5167,198.7144,201.8879,204.0562,205.2161,204.3681,199.5128,195.6344,190.7382,187.8211,183.8879,180.938,180.9724,180.9931,181,179.9931,180.9724,180.938,180.8897,180.8277,180.7519,180.6624,180.5591,180.442,180.3112,181.1621
57.30485,55.66701,53.74928,51.84424,49.95208,48.32334,46.20708,44.58806,42.96565,41.33997,39.50322,37.68054,35.87209,34.44251,32.81951,31.52409,30.03542,28.67503,27.13875,25.71366,24.252,22.64064,21.21928,19.64838,17.95408,16.08411,13.95129,11.96551,9.996168,8.200445,6.421507,4.738028,3.158886,1.579503,0,-1.570776,-3.158886,-4.738028,-6.316809,-7.895109,-9.472808,-11.04979,-12.62592,-14.2011,-15.77519,-17.44393
187.4357,187.9287,187.446,187.9079,186.4237,186.8525,186.2968,185.7227,186.1047,185.4962,185.848,185.2058,185.5275,185.8352,186.1287,188.3805,188.6485,191.8691,194.0925,195.3146,197.5167,198.7144,201.8879,204.0562,205.2161,204.3681,199.5128,195.6344,190.7382,187.8211,183.8879,181.9376,180.9724,179.9931,180,179.9931,179.9726,180.938,179.8903,179.8287,180.7519,179.6643,180.5591,180.442,180.3112,181.1621
57.30485,55.66701,53.74928,52.11148,49.95208,48.32334,46.449,44.58806,42.96565,41.12353,39.50322,37.68054,36.0629,34.44251,32.81951,31.52409,29.87898,28.67503,27.27793,25.71366,24.252,22.64064,21.21928,19.64838,17.95408,16.08411,13.95129,11.96551,9.996168,8.200445,6.421507,4.764205,3.158886,1.570776,0,-1.570776,-3.141433,-4.738028,-6.281909,-7.85149,-9.472808,-10.98874,-12.62592,-14.2011,-15.77519,-17.44393
187.4357,187.9287,187.446,186.9443,187.3896,186.8525,186.2968,185.7227,186.1047,186.4725,185.848,185.2058,185.5275,185.8352,186.1287,188.3805,189.6362,191.8691,194.0925,195.3146,197.5167,198.7144,200.8934,204.0562,205.2161,204.3681,199.5128,195.6344,190.7382,187.8211,183.8879,180.938,180.9724,180.9931,181,180.9931,179.9726,179.9383,180.8897,179.8287,179.7533,180.6624,180.5591,180.442,180.3112,181.1621
57.30485,55.66701,53.74928,51.84424,50.21089,48.32334,46.449,44.58806,42.96565,41.33997,39.50322,37.68054,36.0629,34.44251,32.81951,31.52409,30.03542,28.67503,27.27793,25.71366,24.252,22.64064,21.11475,19.64838,17.95408,16.08411,13.95129,11.96551,9.996168,8.200445,6.421507,4.738028,3.158886,1.579503,0,-1.579503,-3.141433,-4.711851,-6.316809,-7.85149,-9.420472,-11.04979,-12.62592,-14.2011,-15.77519,-17.44393
188.392,187.9287,187.446,186.9443,187.3896,185.8843,185.3265,185.7227,186.1047,185.4962,185.848,185.2058,184.5459,185.8352,187.1135,188.3805,189.6362,190.8801,193.1023,195.3146,197.5167,199.7079,201.8879,204.0562,205.2161,204.3681,199.5128,195.6344,190.7382,187.8211,183.8879,180.938,180.9724,180.9931,180,180.9931,179.9726,180.938,180.8897,180.8277,180.7519,180.6624,180.5591,180.442,180.3112,182.1575
57.59723,55.66701,53.74928,51.84424,50.21089,48.07296,46.20708,44.58806,42.96565,41.12353,39.50322,37.68054,35.87209,34.44251,32.99315,31.52409,30.03542,28.52722,27.13875,25.71366,24.252,22.75385,21.21928,19.64838,17.95408,16.08411,13.95129,11.96551,9.996168,8.200445,6.421507,4.738028,3.158886,1.579503,0,-1.579503,-3.141433,-4.738028,-6.316809,-7.895109,-9.472808,-11.04979,-12.62592,-14.2011,-15.77519,-17.53977
188.392,187.9287,187.446,186.9443,186.4237,185.8843,186.2968,185.7227,186.1047,186.4725,185.848,185.2058,185.5275,185.8352,186.1287,188.3805,189.6362,191.8691,194.0925,195.3146,197.5167,198.7144,200.8934,204.0562,205.2161,204.3681,200.5104,195.6344,190.7382,187.8211,183.8879,180.938,180.9724,179.9931,181,179.9931,180.9724,179.9383,180.8897,179.8287,179.7533,180.6624,180.5591,180.442,180.3112,182.1575
57.59723,55.66701,53.74928,51.84424,49.95208,48.07296,46.449,44.58806,42.96565,41.33997,39.50322,37.68054,36.0629,34.44251,32.81951,31.52409,30.03542,28.67503,27.27793,25.71366,24.252,22.64064,21.11475,19.64838,17.95408,16.08411,14.02105,11.96551,9.996168,8.200445,6.421507,4.738028,3.158886,1.570776,0,-1.570776,-3.158886,-4.711851,-6.316809,-7.85149,-9.420472,-11.04979,-12.62592,-14.2011,-15.77519,-17.53977
187.4357,187.9287,187.446,186.9443,187.3896,186.8525,186.2968,185.7227,186.1047,186.4725,185.848,185.2058,185.5275,185.8352,186.1287,188.3805,189.6362,191.8691,193.1023,195.3146,197.5167,198.7144,201.8879,204.0562,205.2161,204.3681,199.5128,194.6363,190.7382,187.8211,183.8879,180.938,180.9724,179.9931,181,179.9931,179.9726,179.9383,180.8897,179.8287,180.7519,180.6624,180.5591,180.442,180.3112,181.1621
57.30485,55.66701,53.74928,51.84424,50.21089,48.32334,46.449,44.58806,42.96565,41.33997,39.50322,37.68054,36.0629,34.44251,32.81951,31.52409,30.03542,28.67503,27.13875,25.71366,24.252,22.64064,21.21928,19.64838,17.95408,16.08411,13.95129,11.90447,9.996168,8.200445,6.421507,4.738028,3.158886,1.570776,0,-1.570776,-3.141433,-4.711851,-6.316809,-7.85149,-9.472808,-11.04979,-12.62592,-14.2011,-15.77519,-17.44393
187.4357,187.9287,187.446,186.9443,187.3896,186.8525,186.2968,185.7227,186.1047,186.4725,185.848,185.2058,184.5459,185.8352,186.1287,188.3805,188.6485,190.8801,193.1023,195.3146,197.5167,198.7144,200.8934,204.0562,205.2161,204.3681,200.5104,195.6344,190.7382,187.8211,183.8879,180.938,180.9724,180.9931,181,180.9931,180.9724,179.9383,180.8897,180.8277,180.7519,180.6624,179.5615,180.442,180.3112,181.1621
57.30485,55.66701,53.74928,51.84424,50.21089,48.32334,46.449,44.58806,42.96565,41.33997,39.50322,37.68054,35.87209,34.44251,32.81951,31.52409,29.87898,28.52722,27.13875,25.71366,24.252,22.64064,21.11475,19.64838,17.95408,16.08411,14.02105,11.96551,9.996168,8.200445,6.421507,4.738028,3.158886,1.579503,0,-1.579503,-3.158886,-4.711851,-6.316809,-7.895109,-9.472808,-11.04979,-12.55617,-14.2011,-15.77519,-17.44393
187.4357,187.9287,187.446,186.9443,186.4237,186.8525,186.2968,185.7227,186.1047,186.4725,185.848,185.2058,184.5459,185.8352,186.1287,188.3805,189.6362,191.8691,193.1023,195.3146,197.5167,198.7144,200.8934,204.0562,205.2161,204.3681,199.5128,195.6344,189.7396,187.8211,183.8879,180.938,180.9724,180.9931,181,180.9931,179.9726,180.938,179.8903,180.8277,180.7519,180.6624,180.5591,180.442,180.3112,182.1575
57.30485,55.66701,53.74928,51.84424,49.95208,48.32334,46.449,44.58806,42.96565,41.33997,39.50322,37.68054,35.87209,34.44251,32.81951,31.52409,30.03542,28.67503,27.13875,25.71366,24.252,22.64064,21.11475,19.64838,17.95408,16.08411,13.95129,11.96551,9.943832,8.200445,6.421507,4.738028,3.158886,1.579503,0,-1.579503,-3.141433,-4.738028,-6.281909,-7.895109,-9.472808,-11.04979,-12.62592,-14.2011,-15.77519,-17.53977
187.4357,187.9287,187.446,186.9443,186.4237,186.8525,186.2968,185.7227,186.1047,186.4725,185.848,185.2058,185.5275,185.8352,186.1287,188.3805,189.6362,191.8691,193.1023,195.3146,197.5167,198.7144,200.8934,204.0562,205.2161,204.3681,200.5104,195.6344,190.7382,186.822,183.8879,180.938,180.9724,179.9931,181,180.9931,180.9724,180.938,179.8903,179.8287,180.7519,180.6624,180.5591,180.442,180.3112,182.1575
57.30485,55.66701,53.74928,51.84424,49.95208,48.32334,46.449,44.58806,42.96565,41.33997,39.50322,37.68054,36.0629,34.44251,32.81951,31.52409,30.03542,28.67503,27.13875,25.71366,24.252,22.64064,21.11475,19.64838,17.95408,16.08411,14.02105,11.96551,9.996168,8.156825,6.421507,4.738028,3.158886,1.570776,0,-1.579503,-3.158886,-4.738028,-6.281909,-7.85149,-9.472808,-11.04979,-12.62592,-14.2011,-15.77519,-17.53977
187.4357,187.9287,187.446,186.9443,187.3896,186.8525,186.2968,185.7227,186.1047,186.4725,185.848,185.2058,184.5459,185.8352,187.1135,188.3805,189.6362,191.8691,193.1023,195.3146,197.5167,198.7144,201.8879,204.0562,205.2161,204.3681,200.5104,195.6344,190.7382,187.8211,183.8879,180.938,180.9724,180.9931,180,179.9931,179.9726,180.938,179.8903,179.8287,180.7519,180.6624,180.5591,180.442,180.3112,182.1575
57.30485,55.66701,53.74928,51.84424,50.21089,48.32334,46.449,44.58806,42.96565,41.33997,39.50322,37.68054,35.87209,34.44251,32.99315,31.52409,30.03542,28.67503,27.13875,25.71366,24.252,22.64064,21.21928,19.64838,17.95408,16.08411,14.02105,11.96551,9.996168,8.200445,6.421507,4.738028,3.158886,1.579503,0,-1.570776,-3.141433,-4.738028,-6.281909,-7.85149,-9.472808,-11.04979,-12.62592,-14.2011,-15.77519,-17.53977
187.4357,187.9287,187.446,186.9443,186.4237,186.8525,186.2968,185.7227,186.1047,186.4725,185.848,185.2058,185.5275,185.8352,186.1287,188.3805,189.6362,190.8801,193.1023,195.3146,197.5167,198.7144,200.8934,204.0562,205.2161,204.3681,199.5128,195.6344,190.7382,187.8211,183.8879,180.938,180.9724,180.9931,181,180.9931,179.9726,180.938,179.8903,179.8287,180.7519,180.6624,180.5591,180.442,180.3112,181.1621
57.30485,55.66701,53.74928,51.84424,49.95208,48.32334,46.449,44.58806,42.96565,41.33997,39.50322,37.68054,36.0629,34.44251,32.81951,31.52409,30.03542,28.52722,27.13875,25.71366,24.252,22.64064,21.11475,19.64838,17.95408,16.08411,13.95129,11.96551,9.996168,8.200445,6.421507,4.738028,3.158886,1.579503,0,-1.579503,-3.141433,-4.738028,-6.281909,-7.85149,-9.472808,-11.04979,-12.62592,-14.2011,-15.77519,-17.44393
188.392,187.9287,187.446,186.9443,187.3896,186.8525,186.2968,185.7227,186.1047,186.4725,185.848,185.2058,185.5275,185.8352,186.1287,188.3805,189.6362,191.8691,193.1023,195.3146,197.5167,198.7144,201.8879,204.0562,205.2161,204.3681,199.5128,195.6344,190.7382,187.8211,183.8879,180.938,180.9724,180.9931,181,179.9931,180.9724,179.9383,180.8897,180.8277,179.7533,180.6624,180.5591,180.442,180.3112,181.1621
57.59723,55.66701,53.74928,51.84424,50.21089,48.32334,46.449,44.58806,42.96565,41.33997,39.50322,37.68054,36.0629,34.44251,32.81951,31.52409,30.03542,28.67503,27.13875,25.71366,24.252,22.64064,21.21928,19.64838,17.95408,16.08411,13.95129,11.96551,9.996168,8.200445,6.421507,4.738028,3.158886,1.579503,0,-1.570776,-3.158886,-4.711851,-6.316809,-7.895109,-9.420472,-11.04979,-12.62592,-14.2011,-15.77519,-17.44393
187.4357,187.9287,187.446,186.9443,186.4237,186.8525,186.2968,185.7227,186.1047,186.4725,185.848,185.2058,185.5275,185.8352,187.1135,188.3805,189.6362,191.8691,193.1023,195.3146,197.5167,198.7144,201.8879,204.0562,205.2161,204.3681,199.5128,195.6344,189.7396,187.8211,183.8879,180.938,180.9724,180.9931,180,180.9931,179.9726,179.9383,179.8903,180.8277,179.7533,180.6624,180.5591,180.442,180.3112,182.1575
57.30485,55.66701,53.74928,51.84424,49.95208,48.32334,46.449,44.58806,42.96565,41.33997,39.50322,37.68054,36.0629,34.44251,32.99315,31.52409,30.03542,28.67503,27.13875,25.71366,24.252,22.64064,21.21928,19.64838,17.95408,16.08411,13.95129,11.96551,9.943832,8.200445,6.421507,4.738028,3.158886,1.579503,0,-1.579503,-3.141433,-4.711851,-6.281909,-7.895109,-9.420472,-11.04979,-12.62592,-14.2011,-15.77519,-17.53977
188.392,186.9698,187.446,187.9079,187.3896,185.8843,186.2968,185.7227,186.1047,185.4962,185.848,185.2058,185.5275,185.8352,186.1287,188.3805,189.6362,191.8691,193.1023,195.3146,197.5167,198.7144,201.8879,204.0562,205.2161,204.3681,199.5128,195.6344,190.7382,187.8211,183.8879,180.938,180.9724,179.9931,181,179.9931,179.9726,180.938,179.8903,180.8277,180.7519,180.6624,180.5591,180.442,180.3112,182.1575
57.59723,55.38299,53.74928,52.11148,50.21089,48.07296,46.449,44.58806,42.96565,41.12353,39.50322,37.68054,36.0629,34.44251,32.81951,31.52409,30.03542,28.67503,27.13875,25.71366,24.252,22.64064,21.21928,19.64838,17.95408,16.08411,13.95129,11.96551,9.996168,8.200445,6.421507,4.738028,3.158886,1.570776,0,-1.570776,-3.141433,-4.738028,-6.281909,-7.895109,-9.472808,-11.04979,-12.62592,-14.2011,-15.77519,-17.53977
187.4357,187.9287,187.446,186.9443,187.3896,185.8843,186.2968,185.7227,186.1047,185.4962,185.848,185.2058,185.5275,185.8352,187.1135,188.3805,189.6362,191.8691,193.1023,195.3146,197.5167,198.7144,200.8934,204.0562,205.2161,204.3681,199.5128,195.6344,190.7382,187.8211,183.8879,180.938,180.9724,180.9931,181,179.9931,179.9726,179.9383,179.8903,179.8287,180.7519,179.6643,180.5591,180.442,180.3112,182.1575
57.30485,55.66701,53.74928,51.84424,50.21089,48.07296,46.449,44.58806,42.96565,41.12353,39.50322,37.68054,36.0629,34.44251,32.99315,31.52409,30.03542,28.67503,27.13875,25.71366,24.252,22.64064,21.11475,19.64838,17.95408,16.08411,13.95129,11.96551,9.996168,8.200445,6.421507,4.738028,3.158886,1.579503,0,-1.570776,-3.141433,-4.711851,-6.281909,-7.85149,-9.472808,-10.98874,-12.62592,-14.2011,-15.77519,-17.53977
187.4357,187.9287,187.446,186.9443,186.4237,185.8843,186.2968,185.7227,186.1047,186.4725,185.848,185.2058,185.5275,185.8352,186.1287,188.3805,189.6362,190.8801,194.0925,195.3146,197.5167,198.7144,200.8934,204.0562,205.2161,204.3681,199.5128,194.6363,190.7382,187.8211,183.8879,180.938,180.9724,180.9931,180,180.9931,180.9724,179.9383,179.8903,179.8287,180.7519,179.6643,180.5591,180.442,180.3112,181.1621
57.30485,55.66701,53.74928,51.84424,49.95208,48.07296,46.449,44.58806,42.96565,41.33997,39.50322,37.68054,36.0629,34.44251,32.81951,31.52409,30.03542,28.52722,27.27793,25.71366,24.252,22.64064,21.11475,19.64838,17.95408,16.08411,13.95129,11.90447,9.996168,8.200445,6.421507,4.738028,3.158886,1.579503,0,-1.579503,-3.158886,-4.711851,-6.281909,-7.85149,-9.472808,-10.98874,-12.62592,-14.2011,-15.77519,-17.44393
188.392,187.9287,187.446,186.9443,186.4237,186.8525,186.2968,185.7227,186.1047,185.4962,185.848,185.2058,185.5275,185.8352,187.1135,188.3805,189.6362,190.8801,193.1023,195.3146,197.5167,199.7079,201.8879,204.0562,205.2161,204.3681,199.5128,195.6344,190.7382,187.8211,183.8879,180.938,179.9726,179.9931,180,179.9931,179.9726,180.938,179.8903,179.8287,179.7533,180.6624,180.5591,180.442,180.3112,182.1575
57.59723,55.66701,53.74928,51.84424,49.95208,48.32334,46.449,44.58806,42.96565,41.12353,39.50322,37.68054,36.0629,34.44251,32.99315,31.52409,30.03542,28.52722,27.13875,25.71366,24.252,22.75385,21.21928,19.64838,17.95408,16.08411,13.95129,11.96551,9.996168,8.200445,6.421507,4.738028,3.141433,1.570776,0,-1.570776,-3.141433,-4.738028,-6.281909,-7.85149,-9.420472,-11.04979,-12.62592,-14.2011,-15.77519,-17.53977
188.392,187.9287,187.446,187.9079,186.4237,186.8525,186.2968,185.7227,186.1047,185.4962,185.848,185.2058,184.5459,185.8352,186.1287,188.3805,189.6362,191.8691,193.1023,195.3146,197.5167,198.7144,200.8934,204.0562,205.2161,204.3681,199.5128,195.6344,190.7382,187.8211,183.8879,180.938,180.9724,180.9931,181,179.9931,180.9724,179.9383,180.8897,180.8277,180.7519,180.6624,180.5591,180.442,180.3112,181.1621
57.59723,55.66701,53.74928,52.11148,49.95208,48.32334,46.449,44.58806,42.96565,41.12353,39.50322,37.68054,35.87209,34.44251,32.81951,31.52409,30.03542,28.67503,27.13875,25.71366,24.252,22.64064,21.11475,19.64838,17.95408,16.08411,13.95129,11.96551,9.996168,8.200445,6.421507,4.738028,3.158886,1.579503,0,-1.570776,-3.158886,-4.711851,-6.316809,-7.895109,-9.472808,-11.04979,-12.62592,-14.2011,-15.77519,-17.44393
187.4357,187.9287,187.446,186.9443,186.4237,186.8525,186.2968,185.7227,186.1047,186.4725,185.848,185.2058,185.5275,185.8352,186.1287,188.3805,189.6362,191.8691,193.1023,195.3146,197.5167,198.7144,200.8934,204.0562,205.2161,204.3681,199.5128,195.6344,190.7382,187.8211,183.8879,180.938,179.9726,180.9931,180,179.9931,179.9726,180.938,179.8903,179.8287,180.7519,179.6643,180.5591,180.442,180.3112,181.1621
57.30485,55.66701,53.74928,51.84424,49.95208,48.32334,46.449,44.58806,42.96565,41.33997,39.50322,37.68054,36.0629,34.44251,32.81951,31.52409,30.03542,28.67503,27.13875,25.71366,24.252,22.64064,21.11475,19.64838,17.95408,16.08411,13.95129,11.96551,9.996168,8.200445,6.421507,4.738028,3.141433,1.579503,0,-1.570776,-3.141433,-4.738028,-6.281909,-7.85149,-9.472808,-10.98874,-12.62592,-14.2011,-15.77519,-17.44393
188.392,187.9287,187.446,186.9443,186.4237,186.8525,186.2968,185.7227,186.1047,186.4725,185.848,185.2058,185.5275,185.8352,186.1287,188.3805,189.6362,191.8691,193.1023,195.3146,197.5167,198.7144,201.8879,204.0562,205.2161,204.3681,199.5128,195.6344,190.7382,187.8211,183.8879,180.938,179.9726,179.9931,180,179.9931,179.9726,179.9383,180.8897,179.8287,179.7533,180.6624,179.5615,180.442,180.3112,182.1575
57.59723,55.66701,53.74928,51.84424,49.95208,48.32334,46.449,44.58806,42.96565,41.33997,39.50322,37.68054,36.0629,34.44251,32.81951,31.52409,30.03542,28.67503,27.13875,25.71366,24.252,22.64064,21.21928,19.64838,17.95408,16.08411,13.95129,11.96551,9.996168,8.200445,6.421507,4.738028,3.141433,1.570776,0,-1.570776,-3.141433,-4.711851,-6.316809,-7.85149,-9.420472,-11.04979,-12.55617,-14.2011,-15.77519,-17.53977
188.392,187.9287,187.446,186.9443,187.3896,186.8525,186.2968,185.7227,186.1047,185.4962,185.848,186.1857,184.5459,185.8352,186.1287,188.3805,189.6362,191.8691,193.1023,195.3146,197.5167,198.7144,200.8934,204.0562,205.2161,204.3681,199.5128,195.6344,190.7382,187.8211,183.8879,180.938,180.9724,179.9931,180,179.9931,179.9726,179.9383,180.8897,180.8277,180.7519,180.6624,180.5591,180.442,180.3112,182.1575
57.59723,55.66701,53.74928,51.84424,50.21089,48.32334,46.449,44.58806,42.96565,41.12353,39.50322,37.87991,35.87209,34.44251,32.81951,31.52409,30.03542,28.67503,27.13875,25.71366,24.252,22.64064,21.11475,19.64838,17.95408,16.08411,13.95129,11.96551,9.996168,8.200445,6.421507,4.738028,3.158886,1.570776,0,-1.570776,-3.141433,-4.711851,-6.316809,-7.895109,-9.472808,-11.04979,-12.62592,-14.2011,-15.77519,-17.53977
