151.6789,157.1647,156.4294,155.6823,154.9233,155.0185,154.2316,153.4329,152.6226,152.6487,151.8105,150.9607,150.9333,150.8848,149.991,149.9048,154.6819,160.9944,159.9675,158.1298,156.2906,154.4501,152.6086,150.7663,147.3803,146.3145,144.4771,144.1495,143.7995,143.427,143.0318,143.3453,142.1734,142.4293,141.9368,141.4214,141.5837,141.0156
-78.95901,-83.56594,-84.93426,-86.29611,-87.65139,-89.5,-90.84937,-92.19182,-93.52724,-95.38547,-96.71393,-98.03503,-99.90059,-101.7731,-103.0859,-104.9645,-110.3336,-116.9693,-118.3697,-119.1594,-119.926,-120.6696,-121.3904,-122.0882,-121.4909,-122.7724,-123.3951,-125.3073,-127.223,-129.1422,-131.0645,-133.6717,-134.9175,-137.5424,-139.4809,-141.4214,-144.0766,-146.026
156.1139,157.1647,156.4294,155.6823,154.9233,155.0185,154.2316,153.4329,152.6226,152.6487,151.8105,151.7994,150.9333,150.8848,149.991,149.9048,154.6819,160.9944,159.9675,158.1298,156.2906,154.4501,152.6086,150.7663,148.1519,146.3145,144.4771,144.1495,143.7995,143.427,143.0318,142.614,142.8988,142.4293,141.9368,141.4214,141.5837,141.0156
-81.26776,-83.56594,-84.93426,-86.29611,-87.65139,-89.5,-90.84937,-92.19182,-93.52724,-95.38547,-96.71393,-98.57967,-99.90059,-101.7731,-103.0859,-104.9645,-110.3336,-116.9693,-118.3697,-119.1594,-119.926,-120.6696,-121.3904,-122.0882,-122.127,-122.7724,-123.3951,-125.3073,-127.223,-129.1422,-131.0645,-132.9897,-135.6059,-137.5424,-139.4809,-141.4214,-144.0766,-146.026
156.1139,156.2817,156.4294,155.6823,154.9233,155.0185,154.2316,153.4329,152.6226,152.6487,151.8105,150.9607,150.9333,150.8848,149.991,149.9048,154.6819,160.9944,159.9675,158.1298,156.2906,154.4501,152.6086,150.7663,148.1519,146.3145,144.4771,144.1495,143.7995,143.427,143.0318,143.3453,142.1734,142.4293,141.9368,141.4214,140.8828,141.0156
-81.26776,-83.09647,-84.93426,-86.29611,-87.65139,-89.5,-90.84937,-92.19182,-93.52724,-95.38547,-96.71393,-98.03503,-99.90059,-101.7731,-103.0859,-104.9645,-110.3336,-116.9693,-118.3697,-119.1594,-119.926,-120.6696,-121.3904,-122.0882,-122.127,-122.7724,-123.3951,-125.3073,-127.223,-129.1422,-131.0645,-133.6717,-134.9175,-137.5424,-139.4809,-141.4214,-143.3633,-146.026
155.2269,157.1647,156.4294,155.6823,155.7937,155.0185,154.2316,153.4329,152.6226,152.6487,151.8105,151.7994,150.9333,150.8848,149.991,149.9048,154.6819,160.9944,159.9675,158.1298,156.2906,154.4501,152.6086,149.9892,148.1519,146.3145,144.4771,144.1495,143.7995,143.427,143.0318,143.3453,142.8988,142.4293,141.9368,141.4214,140.8828,141.0156
-80.80601,-83.56594,-84.93426,-86.29611,-88.14382,-89.5,-90.84937,-92.19182,-93.52724,-95.38547,-96.71393,-98.57967,-99.90059,-101.7731,-103.0859,-104.9645,-110.3336,-116.9693,-118.3697,-119.1594,-119.926,-120.6696,-121.3904,-121.4588,-122.127,-122.7724,-123.3951,-125.3073,-127.223,-129.1422,-131.0645,-133.6717,-135.6059,-137.5424,-139.4809,-141.4214,-143.3633,-146.026
152.5659,157.1647,156.4294,155.6823,154.9233,155.0185,154.2316,153.4329,152.6226,151.8006,151.8105,151.7994,150.9333,150.8848,149.991,149.0857,154.6819,160.9944,159.9675,158.1298,156.2906,154.4501,151.826,150.7663,148.1519,146.3145,144.4771,144.1495,143.7995,143.427,143.0318,142.614,142.8988,142.4293,141.9368,141.4214,141.5837,140.321
-79.42076,-83.56594,-84.93426,-86.29611,-87.65139,-89.5,-90.84937,-92.19182,-93.52724,-94.85555,-96.71393,-98.57967,-99.90059,-101.7731,-103.0859,-104.3909,-110.3336,-116.9693,-118.3697,-119.1594,-119.926,-120.6696,-120.7678,-122.0882,-122.127,-122.7724,-123.3951,-125.3073,-127.223,-129.1422,-131.0645,-132.9897,-135.6059,-137.5424,-139.4809,-141.4214,-144.0766,-145.3066
156.1139,157.1647,156.4294,155.6823,155.7937,155.0185,154.2316,153.4329,152.6226,151.8006,151.8105,150.9607,150.9333,150.8848,149.991,149.9048,154.6819,160.9944,159.9675,158.9285,156.2906,154.4501,152.6086,150.7663,148.1519,147.0805,144.4771,144.1495,143.7995,143.427,143.0318,142.614,142.8988,142.4293,141.9368,141.4214,141.5837,140.321
-81.26776,-83.56594,-84.93426,-86.29611,-88.14382,-89.5,-90.84937,-92.19182,-93.52724,-94.85555,-96.71393,-98.03503,-99.90059,-101.7731,-103.0859,-104.9645,-110.3336,-116.9693,-118.3697,-119.7612,-119.926,-120.6696,-121.3904,-122.0882,-122.127,-123.4152,-123.3951,-125.3073,-127.223,-129.1422,-131.0645,-132.9897,-135.6059,-137.5424,-139.4809,-141.4214,-144.0766,-145.3066
157.0009,157.1647,155.5506,155.6823,155.7937,155.0185,154.2316,153.4329,152.6226,152.6487,151.8105,151.7994,150.9333,150.8848,149.991,149.0857,154.6819,160.9944,159.9675,158.1298,156.2906,154.4501,152.6086,150.7663,148.9235,146.3145,144.4771,144.1495,143.7995,143.427,143.0318,142.614,142.1734,142.4293,141.2236,141.4214,140.8828,139.6263
-81.7295,-83.56594,-84.4571,-86.29611,-88.14382,-89.5,-90.84937,-92.19182,-93.52724,-95.38547,-96.71393,-98.57967,-99.90059,-101.7731,-103.0859,-104.3909,-110.3336,-116.9693,-118.3697,-119.1594,-119.926,-120.6696,-121.3904,-122.0882,-122.7631,-122.7724,-123.3951,-125.3073,-127.223,-129.1422,-131.0645,-132.9897,-134.9175,-137.5424,-138.78,-141.4214,-143.3633,-144.5873
155.2269,157.1647,155.5506,155.6823,154.9233,155.0185,154.2316,153.4329,152.6226,152.6487,151.8105,151.7994,150.9333,150.8848,149.991,149.9048,154.6819,160.9944,159.9675,158.9285,155.4973,154.4501,152.6086,149.9892,148.1519,147.0805,144.4771,144.9042,143.7995,143.427,143.0318,143.3453,142.8988,142.4293,141.9368,141.4214,140.8828,141.0156
-80.80601,-83.56594,-84.4571,-86.29611,-87.65139,-89.5,-90.84937,-92.19182,-93.52724,-95.38547,-96.71393,-98.57967,-99.90059,-101.7731,-103.0859,-104.9645,-110.3336,-116.9693,-118.3697,-119.7612,-119.3172,-120.6696,-121.3904,-121.4588,-122.127,-123.4152,-123.3951,-125.9633,-127.223,-129.1422,-131.0645,-133.6717,-135.6059,-137.5424,-139.4809,-141.4214,-143.3633,-146.026
156.1139,157.1647,156.4294,155.6823,155.7937,155.0185,154.2316,153.4329,152.6226,151.8006,151.8105,150.9607,150.9333,150.8848,149.991,149.9048,153.8678,160.9944,159.9675,158.1298,156.2906,154.4501,151.826,150.7663,148.9235,146.3145,144.4771,144.1495,143.7995,143.427,143.0318,142.614,142.1734,142.4293,141.9368,141.4214,140.8828,140.321
-81.26776,-83.56594,-84.93426,-86.29611,-88.14382,-89.5,-90.84937,-92.19182,-93.52724,-94.85555,-96.71393,-98.03503,-99.90059,-101.7731,-103.0859,-104.9645,-109.7529,-116.9693,-118.3697,-119.1594,-119.926,-120.6696,-120.7678,-122.0882,-122.7631,-122.7724,-123.3951,-125.3073,-127.223,-129.1422,-131.0645,-132.9897,-134.9175,-137.5424,-139.4809,-141.4214,-143.3633,-145.3066
152.5659,157.1647,156.4294,155.6823,154.9233,155.0185,154.2316,153.4329,152.6226,152.6487,151.8105,151.7994,150.9333,150.8848,149.991,149.9048,154.6819,160.9944,159.9675,158.1298,156.2906,154.4501,152.6086,150.7663,148.9235,146.3145,144.4771,144.1495,143.7995,143.427,143.0318,142.614,142.1734,142.4293,141.9368,141.4214,141.5837,141.0156
-79.42076,-83.56594,-84.93426,-86.29611,-87.65139,-89.5,-90.84937,-92.19182,-93.52724,-95.38547,-96.71393,-98.57967,-99.90059,-101.7731,-103.0859,-104.9645,-110.3336,-116.9693,-118.3697,-119.1594,-119.926,-120.6696,-121.3904,-122.0882,-122.7631,-122.7724,-123.3951,-125.3073,-127.223,-129.1422,-131.0645,-132.9897,-134.9175,-137.5424,-139.4809,-141.4214,-144.0766,-146.026
156.1139,156.2817,156.4294,155.6823,154.9233,155.0185,154.2316,153.4329,152.6226,152.6487,151.8105,151.7994,150.9333,150.8848,149.991,149.9048,154.6819,160.9944,159.9675,158.1298,156.2906,154.4501,151.826,150.7663,148.9235,146.3145,145.2375,144.1495,143.7995,143.427,143.0318,143.3453,142.1734,142.4293,141.9368,141.4214,140.8828,141.0156
-81.26776,-83.09647,-84.93426,-86.29611,-87.65139,-89.5,-90.84937,-92.19182,-93.52724,-95.38547,-96.71393,-98.57967,-99.90059,-101.7731,-103.0859,-104.9645,-110.3336,-116.9693,-118.3697,-119.1594,-119.926,-120.6696,-120.7678,-122.0882,-122.7631,-122.7724,-124.0446,-125.3073,-127.223,-129.1422,-131.0645,-133.6717,-134.9175,-137.5424,-139.4809,-141.4214,-143.3633,-146.026
156.1139,157.1647,156.4294,155.6823,154.9233,155.0185,154.2316,153.4329,152.6226,152.6487,151.8105,151.7994,150.9333,150.8848,149.991,149.9048,154.6819,160.9944,159.9675,158.1298,156.2906,154.4501,151.826,150.7663,148.1519,146.3145,144.4771,144.1495,143.7995,143.427,143.0318,143.3453,142.8988,142.4293,141.9368,141.4214,141.5837,140.321
-81.26776,-83.56594,-84.93426,-86.29611,-87.65139,-89.5,-90.84937,-92.19182,-93.52724,-95.38547,-96.71393,-98.57967,-99.90059,-101.7731,-103.0859,-104.9645,-110.3336,-116.9693,-118.3697,-119.1594,-119.926,-120.6696,-120.7678,-122.0882,-122.127,-122.7724,-123.3951,-125.3073,-127.223,-129.1422,-131.0645,-133.6717,-135.6059,-137.5424,-139.4809,-141.4214,-144.0766,-145.3066
156.1139,157.1647,156.4294,155.6823,155.7937,155.0185,154.2316,153.4329,152.6226,151.8006,151.8105,151.7994,150.9333,150.8848,149.991,149.0857,154.6819,160.9944,159.9675,158.9285,156.2906,154.4501,151.826,150.7663,148.1519,146.3145,144.4771,144.1495,143.7995,143.427,143.0318,143.3453,142.8988,142.4293,141.9368,141.4214,140.8828,141.0156
-81.26776,-83.56594,-84.93426,-86.29611,-88.14382,-89.5,-90.84937,-92.19182,-93.52724,-94.85555,-96.71393,-98.57967,-99.90059,-101.7731,-103.0859,-104.3909,-110.3336,-116.9693,-118.3697,-119.7612,-119.926,-120.6696,-120.7678,-122.0882,-122.127,-122.7724,-123.3951,-125.3073,-127.223,-129.1422,-131.0645,-133.6717,-135.6059,-137.5424,-139.4809,-141.4214,-143.3633,-146.026
156.1139,157.1647,156.4294,155.6823,154.9233,155.0185,154.2316,153.4329,152.6226,151.8006,151.8105,151.7994,150.9333,150.8848,149.991,149.9048,154.6819,160.9944,159.9675,158.9285,156.2906,154.4501,151.826,150.7663,148.1519,146.3145,145.2375,144.1495,143.7995,143.427,143.0318,143.3453,142.8988,142.4293,141.9368,141.4214,140.8828,141.0156
-81.26776,-83.56594,-84.93426,-86.29611,-87.65139,-89.5,-90.84937,-92.19182,-93.52724,-94.85555,-96.71393,-98.57967,-99.90059,-101.7731,-103.0859,-104.9645,-110.3336,-116.9693,-118.3697,-119.7612,-119.926,-120.6696,-120.7678,-122.0882,-122.127,-122.7724,-124.0446,-125.3073,-127.223,-129.1422,-131.0645,-133.6717,-135.6059,-137.5424,-139.4809,-141.4214,-143.3633,-146.026
150.7918,157.1647,156.4294,155.6823,154.9233,155.0185,154.2316,153.4329,152.6226,152.6487,151.8105,150.9607,150.9333,150.8848,149.991,149.9048,154.6819,160.9944,159.9675,158.1298,156.2906,153.6621,152.6086,150.7663,148.1519,146.3145,144.4771,144.1495,143.7995,143.427,143.0318,143.3453,142.1734,142.4293,141.9368,141.4214,140.8828,141.0156
-78.49726,-83.56594,-84.93426,-86.29611,-87.65139,-89.5,-90.84937,-92.19182,-93.52724,-95.38547,-96.71393,-98.03503,-99.90059,-101.7731,-103.0859,-104.9645,-110.3336,-116.9693,-118.3697,-119.1594,-119.926,-120.054,-121.3904,-122.0882,-122.127,-122.7724,-123.3951,-125.3073,-127.223,-129.1422,-131.0645,-133.6717,-134.9175,-137.5424,-139.4809,-141.4214,-143.3633,-146.026
156.1139,157.1647,156.4294,155.6823,155.7937,155.0185,154.2316,153.4329,153.4752,151.8006,151.8105,150.9607,150.9333,150.8848,149.991,149.9048,154.6819,160.9944,159.9675,158.1298,156.2906,154.4501,151.826,150.7663,148.9235,146.3145,144.4771,144.1495,143.7995,143.427,143.0318,142.614,142.1734,141.7099,141.9368,141.4214,141.5837,140.321
-81.26776,-83.56594,-84.93426,-86.29611,-88.14382,-89.5,-90.84937,-92.19182,-94.04974,-94.85555,-96.71393,-98.03503,-99.90059,-101.7731,-103.0859,-104.9645,-110.3336,-116.9693,-118.3697,-119.1594,-119.926,-120.6696,-120.7678,-122.0882,-122.7631,-122.7724,-123.3951,-125.3073,-127.223,-129.1422,-131.0645,-132.9897,-134.9175,-136.8477,-139.4809,-141.4214,-144.0766,-145.3066
156.1139,157.1647,155.5506,155.6823,154.9233,155.0185,154.2316,153.4329,152.6226,152.6487,151.8105,151.7994,150.0994,150.8848,149.991,149.0857,154.6819,160.9944,159.9675,158.1298,156.2906,154.4501,151.826,150.7663,148.9235,146.3145,144.4771,144.1495,143.7995,143.427,143.0318,142.614,142.8988,142.4293,141.9368,141.4214,141.5837,141.0156
-81.26776,-83.56594,-84.4571,-86.29611,-87.65139,-89.5,-90.84937,-92.19182,-93.52724,-95.38547,-96.71393,-98.57967,-99.34866,-101.7731,-103.0859,-104.3909,-110.3336,-116.9693,-118.3697,-119.1594,-119.926,-120.6696,-120.7678,-122.0882,-122.7631,-122.7724,-123.3951,-125.3073,-127.223,-129.1422,-131.0645,-132.9897,-135.6059,-137.5424,-139.4809,-141.4214,-144.0766,-146.026
156.1139,157.1647,156.4294,155.6823,155.7937,155.0185,154.2316,153.4329,152.6226,151.8006,151.8105,150.9607,150.9333,150.8848,149.991,149.9048,154.6819,160.9944,159.9675,158.9285,156.2906,154.4501,152.6086,150.7663,148.9235,146.3145,144.4771,144.1495,143.7995,143.427,143.7691,142.614,142.1734,142.4293,141.9368,141.4214,140.8828,141.0156
-81.26776,-83.56594,-84.93426,-86.29611,-88.14382,-89.5,-90.84937,-92.19182,-93.52724,-94.85555,-96.71393,-98.03503,-99.90059,-101.7731,-103.0859,-104.9645,-110.3336,-116.9693,-118.3697,-119.7612,-119.926,-120.6696,-121.3904,-122.0882,-122.7631,-122.7724,-123.3951,-125.3073,-127.223,-129.1422,-131.7401,-132.9897,-134.9175,-137.5424,-139.4809,-141.4214,-143.3633,-146.026
151.6789,157.1647,156.4294,155.6823,154.9233,155.0185,154.2316,153.4329,152.6226,152.6487,151.8105,151.7994,150.9333,150.0558,149.991,149.0857,154.6819,160.9944,159.9675,158.1298,156.2906,154.4501,152.6086,150.7663,148.9235,147.0805,144.4771,144.1495,143.7995,143.427,143.0318,142.614,142.8988,142.4293,141.9368,141.4214,141.5837,140.321
-78.95901,-83.56594,-84.93426,-86.29611,-87.65139,-89.5,-90.84937,-92.19182,-93.52724,-95.38547,-96.71393,-98.57967,-99.90059,-101.2139,-103.0859,-104.3909,-110.3336,-116.9693,-118.3697,-119.1594,-119.926,-120.6696,-121.3904,-122.0882,-122.7631,-123.4152,-123.3951,-125.3073,-127.223,-129.1422,-131.0645,-132.9897,-135.6059,-137.5424,-139.4809,-141.4214,-144.0766,-145.3066
155.2269,157.1647,156.4294,155.6823,154.9233,155.0185,154.2316,153.4329,152.6226,152.6487,151.8105,150.9607,150.9333,150.8848,149.991,149.9048,153.8678,160.9944,159.9675,158.1298,155.4973,154.4501,152.6086,150.7663,148.9235,146.3145,144.4771,144.1495,143.7995,143.427,143.0318,143.3453,142.1734,142.4293,141.9368,141.4214,141.5837,140.321
-80.80601,-83.56594,-84.93426,-86.29611,-87.65139,-89.5,-90.84937,-92.19182,-93.52724,-95.38547,-96.71393,-98.03503,-99.90059,-101.7731,-103.0859,-104.9645,-109.7529,-116.9693,-118.3697,-119.1594,-119.3172,-120.6696,-121.3904,-122.0882,-122.7631,-122.7724,-123.3951,-125.3073,-127.223,-129.1422,-131.0645,-133.6717,-134.9175,-137.5424,-139.4809,-141.4214,-144.0766,-145.3066
155.2269,157.1647,156.4294,155.6823,154.9233,155.0185,154.2316,153.4329,152.6226,152.6487,151.8105,151.7994,150.9333,150.8848,149.991,149.9048,154.6819,160.9944,159.9675,158.1298,156.2906,154.4501,152.6086,150.7663,148.9235,146.3145,144.4771,144.1495,143.7995,143.427,143.0318,142.614,142.8988,142.4293,141.9368,141.4214,140.8828,139.6263
-80.80601,-83.56594,-84.93426,-86.29611,-87.65139,-89.5,-90.84937,-92.19182,-93.52724,-95.38547,-96.71393,-98.57967,-99.90059,-101.7731,-103.0859,-104.9645,-110.3336,-116.9693,-118.3697,-119.1594,-119.926,-120.6696,-121.3904,-122.0882,-122.7631,-122.7724,-123.3951,-125.3073,-127.223,-129.1422,-131.0645,-132.9897,-135.6059,-137.5424,-139.4809,-141.4214,-143.3633,-144.5873
156.1139,157.1647,156.4294,155.6823,155.7937,155.0185,154.2316,153.4329,152.6226,152.6487,151.8105,151.7994,150.9333,150.8848,149.991,149.9048,154.6819,160.9944,159.9675,158.1298,156.2906,154.4501,151.826,149.9892,148.9235,146.3145,144.4771,144.1495,143.7995,143.427,143.0318,142.614,142.1734,142.4293,141.9368,141.4214,140.8828,140.321
-81.26776,-83.56594,-84.93426,-86.29611,-88.14382,-89.5,-90.84937,-92.19182,-93.52724,-95.38547,-96.71393,-98.57967,-99.90059,-101.7731,-103.0859,-104.9645,-110.3336,-116.9693,-118.3697,-119.1594,-119.926,-120.6696,-120.7678,-121.4588,-122.7631,-122.7724,-123.3951,-125.3073,-127.223,-129.1422,-131.0645,-132.9897,-134.9175,-137.5424,-139.4809,-141.4214,-143.3633,-145.3066
150.7918,157.1647,156.4294,155.6823,154.9233,155.0185,154.2316,153.4329,152.6226,151.8006,151.8105,151.7994,150.9333,150.8848,149.991,149.9048,154.6819,160.9944,159.9675,158.1298,156.2906,154.4501,152.6086,150.7663,148.1519,146.3145,144.4771,144.1495,143.7995,143.427,143.7691,143.3453,142.8988,142.4293,141.9368,141.4214,140.8828,140.321
-78.49726,-83.56594,-84.93426,-86.29611,-87.65139,-89.5,-90.84937,-92.19182,-93.52724,-94.85555,-96.71393,-98.57967,-99.90059,-101.7731,-103.0859,-104.9645,-110.3336,-116.9693,-118.3697,-119.1594,-119.926,-120.6696,-121.3904,-122.0882,-122.127,-122.7724,-123.3951,-125.3073,-127.223,-129.1422,-131.7401,-133.6717,-135.6059,-137.5424,-139.4809,-141.4214,-143.3633,-145.3066
156.1139,157.1647,156.4294,155.6823,154.9233,155.0185,154.2316,153.4329,152.6226,152.6487,151.8105,151.7994,150.9333,150.8848,149.991,149.0857,154.6819,160.9944,159.9675,158.9285,156.2906,154.4501,151.826,150.7663,147.3803,146.3145,144.4771,144.1495,143.7995,143.427,143.0318,143.3453,142.1734,142.4293,141.9368,141.4214,140.8828,140.321
-81.26776,-83.56594,-84.93426,-86.29611,-87.65139,-89.5,-90.84937,-92.19182,-93.52724,-95.38547,-96.71393,-98.57967,-99.90059,-101.7731,-103.0859,-104.3909,-110.3336,-116.9693,-118.3697,-119.7612,-119.926,-120.6696,-120.7678,-122.0882,-121.4909,-122.7724,-123.3951,-125.3073,-127.223,-129.1422,-131.0645,-133.6717,-134.9175,-137.5424,-139.4809,-141.4214,-143.3633,-145.3066
156.1139,157.1647,156.4294,155.6823,155.7937,155.0185,154.2316,153.4329,152.6226,152.6487,151.8105,150.9607,150.9333,150.8848,149.991,149.9048,154.6819,160.9944,159.9675,158.1298,156.2906,154.4501,152.6086,150.7663,148.1519,146.3145,144.4771,144.1495,143.7995,143.427,143.0318,142.614,142.1734,142.4293,141.9368,141.4214,141.5837,141.0156
-81.26776,-83.56594,-84.93426,-86.29611,-88.14382,-89.5,-90.84937,-92.19182,-93.52724,-95.38547,-96.71393,-98.03503,-99.90059,-101.7731,-103.0859,-104.9645,-110.3336,-116.9693,-118.3697,-119.1594,-119.926,-120.6696,-121.3904,-122.0882,-122.127,-122.7724,-123.3951,-125.3073,-127.223,-129.1422,-131.0645,-132.9897,-134.9175,-137.5424,-139.4809,-141.4214,-144.0766,-146.026
155.2269,157.1647,156.4294,155.6823,154.9233,155.0185,154.2316,153.4329,152.6226,151.8006,151.8105,151.7994,150.9333,150.8848,149.991,149.9048,154.6819,160.9944,159.9675,158.1298,156.2906,154.4501,152.6086,150.7663,148.1519,146.3145,144.4771,144.1495,143.7995,143.427,143.0318,142.614,142.8988,142.4293,141.9368,141.4214,141.5837,140.321
-80.80601,-83.56594,-84.93426,-86.29611,-87.65139,-89.5,-90.84937,-92.19182,-93.52724,-94.85555,-96.71393,-98.57967,-99.90059,-101.7731,-103.0859,-104.9645,-110.3336,-116.9693,-118.3697,-119.1594,-119.926,-120.6696,-121.3904,-122.0882,-122.127,-122.7724,-123.3951,-125.3073,-127.223,-129.1422,-131.0645,-132.9897,-135.6059,-137.5424,-139.4809,-141.4214,-144.0766,-145.3066
155.2269,156.2817,156.4294,155.6823,154.9233,155.0185,154.2316,153.4329,152.6226,151.8006,151.8105,150.9607,150.9333,150.8848,149.991,149.9048,154.6819,160.9944,159.9675,158.9285,156.2906,154.4501,152.6086,150.7663,148.9235,146.3145,144.4771,144.1495,143.7995,143.427,143.0318,142.614,142.8988,142.4293,141.9368,141.4214,140.8828,140.321
-80.80601,-83.09647,-84.93426,-86.29611,-87.65139,-89.5,-90.84937,-92.19182,-93.52724,-94.85555,-96.71393,-98.03503,-99.90059,-101.7731,-103.0859,-104.9645,-110.3336,-116.9693,-118.3697,-119.7612,-119.926,-120.6696,-121.3904,-122.0882,-122.7631,-122.7724,-123.3951,-125.3073,-127.223,-129.1422,-131.0645,-132.9897,-135.6059,-137.5424,-139.4809,-141.4214,-143.3633,-145.3066
156.1139,157.1647,155.5506,155.6823,154.9233,155.0185,154.2316,153.4329,152.6226,151.8006,150.9671,150.9607,150.9333,150.8848,149.991,149.9048,154.6819,160.9944,159.9675,158.1298,156.2906,154.4501,151.826,150.7663,148.1519,146.3145,144.4771,144.1495,143.7995,144.1701,143.7691,143.3453,142.8988,142.4293,141.9368,141.4214,140.8828,140.321
-81.26776,-83.56594,-84.4571,-86.29611,-87.65139,-89.5,-90.84937,-92.19182,-93.52724,-94.85555,-96.17663,-98.03503,-99.90059,-101.7731,-103.0859,-104.9645,-110.3336,-116.9693,-118.3697,-119.1594,-119.926,-120.6696,-120.7678,-122.0882,-122.127,-122.7724,-123.3951,-125.3073,-127.223,-129.8113,-131.7401,-133.6717,-135.6059,-137.5424,-139.4809,-141.4214,-143.3633,-145.3066
152.5659,157.1647,156.4294,155.6823,155.7937,155.0185,154.2316,153.4329,152.6226,151.8006,151.8105,150.9607,150.9333,150.8848,149.991,149.9048,154.6819,160.9944,159.9675,158.9285,155.4973,154.4501,152.6086,150.7663,148.9235,146.3145,144.4771,144.1495,143.7995,143.427,143.0318,142.614,142.8988,142.4293,141.9368,141.4214,140.8828,140.321
-79.42076,-83.56594,-84.93426,-86.29611,-88.14382,-89.5,-90.84937,-92.19182,-93.52724,-94.85555,-96.71393,-98.03503,-99.90059,-101.7731,-103.0859,-104.9645,-110.3336,-116.9693,-118.3697,-119.7612,-119.3172,-120.6696,-121.3904,-122.0882,-122.7631,-122.7724,-123.3951,-125.3073,-127.223,-129.1422,-131.0645,-132.9897,-135.6059,-137.5424,-139.4809,-141.4214,-143.3633,-145.3066
156.1139,157.1647,156.4294,155.6823,155.7937,155.0185,154.2316,153.4329,152.6226,151.8006,151.8105,150.9607,150.9333,150.0558,150.8151,149.0857,154.6819,160.9944,159.9675,158.1298,156.2906,154.4501,152.6086,149.9892,148.9235,146.3145,144.4771,144.1495,144.5485,143.427,143.0318,142.614,142.1734,142.4293,141.2236,141.4214,141.5837,140.321
-81.26776,-83.56594,-84.93426,-86.29611,-88.14382,-89.5,-90.84937,-92.19182,-93.52724,-94.85555,-96.71393,-98.03503,-99.90059,-101.2139,-103.6523,-104.3909,-110.3336,-116.9693,-118.3697,-119.1594,-119.926,-120.6696,-121.3904,-121.4588,-122.7631,-122.7724,-123.3951,-125.3073,-127.8857,-129.1422,-131.0645,-132.9897,-134.9175,-137.5424,-138.78,-141.4214,-144.0766,-145.3066
