155.2269,156.2817,155.5506,154.8077,154.053,154.1525,153.37,152.5758,151.7699,151.8006,150.9671,150.122,150.0994,149.2268,149.1668,149.9048,154.6819,160.9944,159.1637,158.1298,155.4973,153.6621,151.826,149.9892,148.1519,145.5484,144.4771,144.1495,143.7995,143.427,143.0318,142.614,142.8988,142.4293,141.9368,141.4214,140.8828,141.0156
-80.80601,-83.09647,-84.4571,-85.8113,-87.15897,-89,-90.34183,-91.67678,-93.00474,-94.85555,-96.17663,-97.49039,-99.34866,-100.6547,-102.5195,-104.9645,-110.3336,-116.9693,-117.7749,-119.1594,-119.3172,-120.054,-120.7678,-121.4588,-122.127,-122.1296,-123.3951,-125.3073,-127.223,-129.1422,-131.0645,-132.9897,-135.6059,-137.5424,-139.4809,-141.4214,-143.3633,-146.026
157.0009,156.2817,155.5506,154.8077,154.053,153.2865,153.37,152.5758,151.7699,150.9526,150.9671,150.122,150.0994,150.0558,149.1668,149.9048,154.6819,161.8034,159.1637,158.1298,155.4973,153.6621,151.826,149.212,148.1519,145.5484,144.4771,144.1495,143.7995,143.427,143.0318,142.614,142.8988,142.4293,141.9368,141.4214,140.8828,139.6263
-81.7295,-83.09647,-84.4571,-85.8113,-87.15897,-88.5,-90.34183,-91.67678,-93.00474,-94.32563,-96.17663,-97.49039,-99.34866,-101.2139,-102.5195,-104.9645,-110.3336,-117.5571,-117.7749,-119.1594,-119.3172,-120.054,-120.7678,-120.8295,-122.127,-122.1296,-123.3951,-125.3073,-127.223,-129.1422,-131.0645,-132.9897,-135.6059,-137.5424,-139.4809,-141.4214,-143.3633,-144.5873
156.1139,156.2817,155.5506,154.8077,154.9233,154.1525,153.37,152.5758,151.7699,150.9526,150.1237,150.122,150.0994,150.0558,149.1668,149.9048,153.8678,160.9944,159.1637,157.3312,155.4973,153.6621,151.0434,149.9892,147.3803,145.5484,144.4771,144.1495,143.7995,143.427,143.0318,142.614,142.1734,142.4293,141.2236,141.4214,140.8828,139.6263
-81.26776,-83.09647,-84.4571,-85.8113,-87.65139,-89,-90.34183,-91.67678,-93.00474,-94.32563,-95.63933,-97.49039,-99.34866,-101.2139,-102.5195,-104.9645,-109.7529,-116.9693,-117.7749,-118.5576,-119.3172,-120.054,-120.1453,-121.4588,-121.4909,-122.1296,-123.3951,-125.3073,-127.223,-129.1422,-131.0645,-132.9897,-134.9175,-137.5424,-138.78,-141.4214,-143.3633,-144.5873
152.5659,156.2817,155.5506,155.6823,154.9233,154.1525,153.37,152.5758,151.7699,150.9526,150.9671,150.122,150.0994,149.2268,149.1668,149.9048,154.6819,161.8034,159.9675,157.3312,155.4973,153.6621,151.826,149.9892,148.1519,145.5484,144.4771,144.1495,143.7995,143.427,143.0318,143.3453,142.1734,142.4293,141.9368,141.4214,141.5837,140.321
-79.42076,-83.09647,-84.4571,-86.29611,-87.65139,-89,-90.34183,-91.67678,-93.00474,-94.32563,-96.17663,-97.49039,-99.34866,-100.6547,-102.5195,-104.9645,-110.3336,-117.5571,-118.3697,-118.5576,-119.3172,-120.054,-120.7678,-121.4588,-122.127,-122.1296,-123.3951,-125.3073,-127.223,-129.1422,-131.0645,-133.6717,-134.9175,-137.5424,-139.4809,-141.4214,-144.0766,-145.3066
152.5659,156.2817,155.5506,154.8077,154.9233,154.1525,153.37,152.5758,151.7699,150.9526,150.9671,150.9607,150.0994,150.0558,149.1668,149.9048,154.6819,161.8034,159.1637,157.3312,155.4973,153.6621,151.826,149.9892,147.3803,145.5484,144.4771,144.1495,143.7995,143.427,143.0318,143.3453,142.8988,142.4293,141.9368,141.4214,141.5837,139.6263
-79.42076,-83.09647,-84.4571,-85.8113,-87.65139,-89,-90.34183,-91.67678,-93.00474,-94.32563,-96.17663,-98.03503,-99.34866,-101.2139,-102.5195,-104.9645,-110.3336,-117.5571,-117.7749,-118.5576,-119.3172,-120.054,-120.7678,-121.4588,-121.4909,-122.1296,-123.3951,-125.3073,-127.223,-129.1422,-131.0645,-133.6717,-135.6059,-137.5424,-139.4809,-141.4214,-144.0766,-144.5873
156.1139,156.2817,155.5506,154.8077,154.053,154.1525,153.37,152.5758,151.7699,151.8006,150.9671,150.9607,150.0994,150.0558,149.1668,149.9048,154.6819,161.8034,159.1637,157.3312,155.4973,153.6621,151.826,149.9892,147.3803,145.5484,144.4771,144.1495,143.7995,143.427,143.0318,143.3453,142.8988,142.4293,141.9368,141.4214,141.5837,141.0156
-81.26776,-83.09647,-84.4571,-85.8113,-87.15897,-89,-90.34183,-91.67678,-93.00474,-94.85555,-96.17663,-98.03503,-99.34866,-101.2139,-102.5195,-104.9645,-110.3336,-117.5571,-117.7749,-118.5576,-119.3172,-120.054,-120.7678,-121.4588,-121.4909,-122.1296,-123.3951,-125.3073,-127.223,-129.1422,-131.0645,-133.6717,-135.6059,-137.5424,-139.4809,-141.4214,-144.0766,-146.026
156.1139,156.2817,155.5506,154.8077,154.9233,154.1525,153.37,152.5758,151.7699,150.9526,150.9671,150.122,150.0994,150.0558,149.1668,149.9048,154.6819,161.8034,159.9675,157.3312,155.4973,153.6621,151.826,149.212,148.1519,145.5484,144.4771,144.1495,143.7995,143.427,143.0318,142.614,142.1734,142.4293,141.9368,141.4214,141.5837,140.321
-81.26776,-83.09647,-84.4571,-85.8113,-87.65139,-89,-90.34183,-91.67678,-93.00474,-94.32563,-96.17663,-97.49039,-99.34866,-101.2139,-102.5195,-104.9645,-110.3336,-117.5571,-118.3697,-118.5576,-119.3172,-120.054,-120.7678,-120.8295,-122.127,-122.1296,-123.3951,-125.3073,-127.223,-129.1422,-131.0645,-132.9897,-134.9175,-137.5424,-139.4809,-141.4214,-144.0766,-145.3066
156.1139,156.2817,155.5506,154.8077,154.9233,154.1525,153.37,152.5758,151.7699,151.8006,150.9671,150.122,150.0994,150.0558,149.1668,149.9048,154.6819,160.9944,159.9675,157.3312,155.4973,153.6621,151.826,149.9892,147.3803,145.5484,144.4771,144.1495,143.7995,143.427,143.0318,142.614,142.8988,142.4293,141.9368,141.4214,140.8828,141.0156
-81.26776,-83.09647,-84.4571,-85.8113,-87.65139,-89,-90.34183,-91.67678,-93.00474,-94.85555,-96.17663,-97.49039,-99.34866,-101.2139,-102.5195,-104.9645,-110.3336,-116.9693,-118.3697,-118.5576,-119.3172,-120.054,-120.7678,-121.4588,-121.4909,-122.1296,-123.3951,-125.3073,-127.223,-129.1422,-131.0645,-132.9897,-135.6059,-137.5424,-139.4809,-141.4214,-143.3633,-146.026
156.1139,156.2817,155.5506,154.8077,154.053,154.1525,153.37,152.5758,151.7699,151.8006,150.9671,150.122,150.0994,150.0558,149.1668,149.0857,154.6819,161.8034,159.1637,157.3312,155.4973,153.6621,151.826,149.9892,148.1519,145.5484,144.4771,144.1495,143.7995,143.427,143.0318,142.614,142.8988,141.7099,141.9368,141.4214,140.8828,139.6263
-81.26776,-83.09647,-84.4571,-85.8113,-87.15897,-89,-90.34183,-91.67678,-93.00474,-94.85555,-96.17663,-97.49039,-99.34866,-101.2139,-102.5195,-104.3909,-110.3336,-117.5571,-117.7749,-118.5576,-119.3172,-120.054,-120.7678,-121.4588,-122.127,-122.1296,-123.3951,-125.3073,-127.223,-129.1422,-131.0645,-132.9897,-135.6059,-136.8477,-139.4809,-141.4214,-143.3633,-144.5873
156.1139,156.2817,155.5506,154.8077,154.053,154.1525,153.37,152.5758,151.7699,150.9526,150.9671,150.9607,150.0994,150.0558,149.1668,149.9048,154.6819,161.8034,159.9675,157.3312,155.4973,153.6621,151.826,149.212,147.3803,145.5484,144.4771,144.1495,143.7995,143.427,143.0318,143.3453,142.1734,142.4293,141.9368,141.4214,140.8828,139.6263
-81.26776,-83.09647,-84.4571,-85.8113,-87.15897,-89,-90.34183,-91.67678,-93.00474,-94.32563,-96.17663,-98.03503,-99.34866,-101.2139,-102.5195,-104.9645,-110.3336,-117.5571,-118.3697,-118.5576,-119.3172,-120.054,-120.7678,-120.8295,-121.4909,-122.1296,-123.3951,-125.3073,-127.223,-129.1422,-131.0645,-133.6717,-134.9175,-137.5424,-139.4809,-141.4214,-143.3633,-144.5873
156.1139,156.2817,155.5506,154.8077,154.053,154.1525,153.37,152.5758,151.7699,150.9526,150.9671,150.122,150.0994,150.0558,149.1668,149.9048,154.6819,161.8034,159.9675,157.3312,155.4973,153.6621,151.826,149.9892,147.3803,145.5484,144.4771,144.1495,143.7995,143.427,143.0318,142.614,142.8988,142.4293,141.9368,141.4214,140.8828,140.321
-81.26776,-83.09647,-84.4571,-85.8113,-87.15897,-89,-90.34183,-91.67678,-93.00474,-94.32563,-96.17663,-97.49039,-99.34866,-101.2139,-102.5195,-104.9645,-110.3336,-117.5571,-118.3697,-118.5576,-119.3172,-120.054,-120.7678,-121.4588,-121.4909,-122.1296,-123.3951,-125.3073,-127.223,-129.1422,-131.0645,-132.9897,-135.6059,-137.5424,-139.4809,-141.4214,-143.3633,-145.3066
156.1139,156.2817,155.5506,154.8077,154.9233,154.1525,153.37,152.5758,151.7699,150.9526,150.9671,150.122,150.0994,150.0558,149.1668,149.9048,154.6819,161.8034,159.9675,157.3312,155.4973,153.6621,151.826,149.9892,148.1519,145.5484,144.4771,144.1495,144.5485,143.427,143.0318,142.614,142.8988,141.7099,141.9368,141.4214,141.5837,141.0156
-81.26776,-83.09647,-84.4571,-85.8113,-87.65139,-89,-90.34183,-91.67678,-93.00474,-94.32563,-96.17663,-97.49039,-99.34866,-101.2139,-102.5195,-104.9645,-110.3336,-117.5571,-118.3697,-118.5576,-119.3172,-120.054,-120.7678,-121.4588,-122.127,-122.1296,-123.3951,-125.3073,-127.8857,-129.1422,-131.0645,-132.9897,-135.6059,-136.8477,-139.4809,-141.4214,-144.0766,-146.026
156.1139,155.3988,155.5506,154.8077,154.053,154.1525,153.37,152.5758,151.7699,151.8006,150.9671,150.122,149.2656,150.0558,149.1668,149.9048,154.6819,161.8034,159.9675,157.3312,155.4973,153.6621,151.826,149.212,147.3803,146.3145,144.4771,144.1495,143.7995,143.427,143.0318,143.3453,142.1734,142.4293,141.9368,141.4214,140.8828,139.6263
-81.26776,-82.627,-84.4571,-85.8113,-87.15897,-89,-90.34183,-91.67678,-93.00474,-94.85555,-96.17663,-97.49039,-98.79672,-101.2139,-102.5195,-104.9645,-110.3336,-117.5571,-118.3697,-118.5576,-119.3172,-120.054,-120.7678,-120.8295,-121.4909,-122.7724,-123.3951,-125.3073,-127.223,-129.1422,-131.0645,-133.6717,-134.9175,-137.5424,-139.4809,-141.4214,-143.3633,-144.5873
154.3399,155.3988,155.5506,154.8077,154.9233,154.1525,153.37,152.5758,151.7699,151.8006,150.9671,150.9607,150.0994,150.0558,149.1668,149.0857,154.6819,160.9944,159.9675,157.3312,155.4973,153.6621,151.0434,149.9892,147.3803,145.5484,144.4771,144.1495,143.7995,143.427,143.0318,143.3453,142.1734,141.7099,141.9368,141.4214,140.8828,139.6263
-80.34426,-82.627,-84.4571,-85.8113,-87.65139,-89,-90.34183,-91.67678,-93.00474,-94.85555,-96.17663,-98.03503,-99.34866,-101.2139,-102.5195,-104.3909,-110.3336,-116.9693,-118.3697,-118.5576,-119.3172,-120.054,-120.1453,-121.4588,-121.4909,-122.1296,-123.3951,-125.3073,-127.223,-129.1422,-131.0645,-133.6717,-134.9175,-136.8477,-139.4809,-141.4214,-143.3633,-144.5873
152.5659,156.2817,155.5506,154.8077,154.9233,154.1525,154.2316,152.5758,151.7699,150.9526,150.9671,150.122,150.0994,150.0558,149.1668,149.0857,154.6819,161.8034,159.1637,157.3312,155.4973,153.6621,151.826,149.9892,147.3803,145.5484,144.4771,144.1495,143.7995,143.427,143.0318,142.614,142.1734,142.4293,141.9368,141.4214,141.5837,139.6263
-79.42076,-83.09647,-84.4571,-85.8113,-87.65139,-89,-90.84937,-91.67678,-93.00474,-94.32563,-96.17663,-97.49039,-99.34866,-101.2139,-102.5195,-104.3909,-110.3336,-117.5571,-117.7749,-118.5576,-119.3172,-120.054,-120.7678,-121.4588,-121.4909,-122.1296,-123.3951,-125.3073,-127.223,-129.1422,-131.0645,-132.9897,-134.9175,-137.5424,-139.4809,-141.4214,-144.0766,-144.5873
155.2269,156.2817,155.5506,155.6823,154.053,154.1525,153.37,152.5758,151.7699,151.8006,150.9671,150.9607,150.0994,149.2268,149.1668,149.0857,154.6819,161.8034,159.9675,157.3312,155.4973,153.6621,151.826,149.9892,147.3803,145.5484,144.4771,144.1495,143.7995,143.427,143.0318,142.614,142.1734,141.7099,141.9368,141.4214,140.8828,140.321
-80.80601,-83.09647,-84.4571,-86.29611,-87.15897,-89,-90.34183,-91.67678,-93.00474,-94.85555,-96.17663,-98.03503,-99.34866,-100.6547,-102.5195,-104.3909,-110.3336,-117.5571,-118.3697,-118.5576,-119.3172,-120.054,-120.7678,-121.4588,-121.4909,-122.1296,-123.3951,-125.3073,-127.223,-129.1422,-131.0645,-132.9897,-134.9175,-136.8477,-139.4809,-141.4214,-143.3633,-145.3066
153.4529,156.2817,155.5506,154.8077,154.053,154.1525,153.37,152.5758,151.7699,150.9526,150.9671,150.9607,150.0994,150.0558,149.1668,149.9048,154.6819,161.8034,159.9675,158.1298,155.4973,153.6621,151.826,149.9892,147.3803,145.5484,144.4771,144.1495,143.7995,143.427,143.0318,142.614,142.1734,142.4293,141.9368,141.4214,140.8828,139.6263
-79.88251,-83.09647,-84.4571,-85.8113,-87.15897,-89,-90.34183,-91.67678,-93.00474,-94.32563,-96.17663,-98.03503,-99.34866,-101.2139,-102.5195,-104.9645,-110.3336,-117.5571,-118.3697,-119.1594,-119.3172,-120.054,-120.7678,-121.4588,-121.4909,-122.1296,-123.3951,-125.3073,-127.223,-129.1422,-131.0645,-132.9897,-134.9175,-137.5424,-139.4809,-141.4214,-143.3633,-144.5873
156.1139,156.2817,155.5506,155.6823,154.053,154.1525,153.37,153.4329,151.7699,150.9526,150.9671,150.122,150.0994,150.0558,149.1668,149.9048,154.6819,161.8034,159.9675,157.3312,155.4973,153.6621,151.826,149.212,148.1519,145.5484,144.4771,144.1495,143.7995,143.427,143.0318,142.614,142.1734,142.4293,141.9368,141.4214,140.8828,140.321
-81.26776,-83.09647,-84.4571,-86.29611,-87.15897,-89,-90.34183,-92.19182,-93.00474,-94.32563,-96.17663,-97.49039,-99.34866,-101.2139,-102.5195,-104.9645,-110.3336,-117.5571,-118.3697,-118.5576,-119.3172,-120.054,-120.7678,-120.8295,-122.127,-122.1296,-123.3951,-125.3073,-127.223,-129.1422,-131.0645,-132.9897,-134.9175,-137.5424,-139.4809,-141.4214,-143.3633,-145.3066
156.1139,156.2817,155.5506,154.8077,154.9233,154.1525,153.37,152.5758,151.7699,150.9526,150.9671,150.122,150.0994,150.0558,149.1668,149.9048,154.6819,160.9944,159.9675,157.3312,155.4973,153.6621,151.0434,149.9892,147.3803,145.5484,144.4771,144.1495,143.7995,143.427,143.0318,143.3453,142.1734,142.4293,141.9368,141.4214,140.8828,141.0156
-81.26776,-83.09647,-84.4571,-85.8113,-87.65139,-89,-90.34183,-91.67678,-93.00474,-94.32563,-96.17663,-97.49039,-99.34866,-101.2139,-102.5195,-104.9645,-110.3336,-116.9693,-118.3697,-118.5576,-119.3172,-120.054,-120.1453,-121.4588,-121.4909,-122.1296,-123.3951,-125.3073,-127.223,-129.1422,-131.0645,-133.6717,-134.9175,-137.5424,-139.4809,-141.4214,-143.3633,-146.026
156.1139,156.2817,155.5506,154.8077,154.053,154.1525,153.37,152.5758,151.7699,150.9526,150.9671,150.122,150.0994,149.2268,149.1668,149.0857,154.6819,161.8034,159.9675,157.3312,155.4973,153.6621,151.826,149.9892,147.3803,145.5484,144.4771,144.1495,143.7995,143.427,143.0318,143.3453,142.1734,141.7099,141.9368,141.4214,140.8828,139.6263
-81.26776,-83.09647,-84.4571,-85.8113,-87.15897,-89,-90.34183,-91.67678,-93.00474,-94.32563,-96.17663,-97.49039,-99.34866,-100.6547,-102.5195,-104.3909,-110.3336,-117.5571,-118.3697,-118.5576,-119.3172,-120.054,-120.7678,-121.4588,-121.4909,-122.1296,-123.3951,-125.3073,-127.223,-129.1422,-131.0645,-133.6717,-134.9175,-136.8477,-139.4809,-141.4214,-143.3633,-144.5873
156.1139,156.2817,155.5506,154.8077,154.053,154.1525,153.37,152.5758,151.7699,150.9526,150.9671,150.9607,150.0994,150.0558,149.1668,149.0857,154.6819,161.8034,159.9675,157.3312,155.4973,153.6621,151.826,149.9892,147.3803,145.5484,144.4771,144.1495,143.7995,143.427,143.0318,142.614,142.1734,141.7099,141.9368,141.4214,141.5837,140.321
-81.26776,-83.09647,-84.4571,-85.8113,-87.15897,-89,-90.34183,-91.67678,-93.00474,-94.32563,-96.17663,-98.03503,-99.34866,-101.2139,-102.5195,-104.3909,-110.3336,-117.5571,-118.3697,-118.5576,-119.3172,-120.054,-120.7678,-121.4588,-121.4909,-122.1296,-123.3951,-125.3073,-127.223,-129.1422,-131.0645,-132.9897,-134.9175,-136.8477,-139.4809,-141.4214,-144.0766,-145.3066
157.0009,156.2817,155.5506,154.8077,154.053,154.1525,153.37,152.5758,151.7699,150.9526,150.9671,150.122,150.0994,150.0558,149.1668,149.0857,154.6819,160.9944,159.9675,157.3312,155.4973,153.6621,151.826,149.9892,148.1519,145.5484,144.4771,144.1495,143.7995,143.427,143.0318,142.614,142.1734,142.4293,141.9368,141.4214,140.8828,141.0156
-81.7295,-83.09647,-84.4571,-85.8113,-87.15897,-89,-90.34183,-91.67678,-93.00474,-94.32563,-96.17663,-97.49039,-99.34866,-101.2139,-102.5195,-104.3909,-110.3336,-116.9693,-118.3697,-118.5576,-119.3172,-120.054,-120.7678,-121.4588,-122.127,-122.1296,-123.3951,-125.3073,-127.223,-129.1422,-131.0645,-132.9897,-134.9175,-137.5424,-139.4809,-141.4214,-143.3633,-146.026
157.0009,155.3988,155.5506,154.8077,154.053,154.1525,153.37,152.5758,151.7699,151.8006,150.9671,150.122,150.0994,150.0558,149.1668,149.0857,154.6819,161.8034,159.1637,157.3312,155.4973,153.6621,151.0434,149.9892,147.3803,145.5484,144.4771,144.1495,143.7995,143.427,143.0318,142.614,142.1734,142.4293,141.9368,141.4214,140.8828,140.321
-81.7295,-82.627,-84.4571,-85.8113,-87.15897,-89,-90.34183,-91.67678,-93.00474,-94.85555,-96.17663,-97.49039,-99.34866,-101.2139,-102.5195,-104.3909,-110.3336,-117.5571,-117.7749,-118.5576,-119.3172,-120.054,-120.1453,-121.4588,-121.4909,-122.1296,-123.3951,-125.3073,-127.223,-129.1422,-131.0645,-132.9897,-134.9175,-137.5424,-139.4809,-141.4214,-143.3633,-145.3066
157.0009,156.2817,155.5506,154.8077,154.053,154.1525,153.37,152.5758,151.7699,151.8006,150.9671,150.9607,150.0994,150.0558,149.1668,149.9048,153.8678,161.8034,159.9675,157.3312,155.4973,153.6621,151.826,149.9892,148.1519,145.5484,144.4771,144.1495,143.7995,143.427,143.0318,142.614,142.1734,142.4293,141.9368,141.4214,141.5837,140.321
-81.7295,-83.09647,-84.4571,-85.8113,-87.15897,-89,-90.34183,-91.67678,-93.00474,-94.85555,-96.17663,-98.03503,-99.34866,-101.2139,-102.5195,-104.9645,-109.7529,-117.5571,-118.3697,-118.5576,-119.3172,-120.054,-120.7678,-121.4588,-122.127,-122.1296,-123.3951,-125.3073,-127.223,-129.1422,-131.0645,-132.9897,-134.9175,-137.5424,-139.4809,-141.4214,-144.0766,-145.3066
156.1139,156.2817,155.5506,154.8077,154.9233,154.1525,153.37,152.5758,151.7699,151.8006,150.9671,150.122,150.0994,149.2268,149.1668,149.9048,154.6819,161.8034,159.1637,158.1298,155.4973,153.6621,151.826,149.9892,147.3803,145.5484,144.4771,144.1495,143.7995,143.427,143.0318,142.614,142.1734,142.4293,141.9368,141.4214,140.8828,140.321
-81.26776,-83.09647,-84.4571,-85.8113,-87.65139,-89,-90.34183,-91.67678,-93.00474,-94.85555,-96.17663,-97.49039,-99.34866,-100.6547,-102.5195,-104.9645,-110.3336,-117.5571,-117.7749,-119.1594,-119.3172,-120.054,-120.7678,-121.4588,-121.4909,-122.1296,-123.3951,-125.3073,-127.223,-129.1422,-131.0645,-132.9897,-134.9175,-137.5424,-139.4809,-141.4214,-143.3633,-145.3066
156.1139,156.2817,155.5506,154.8077,154.053,154.1525,153.37,152.5758,151.7699,151.8006,150.9671,150.9607,150.0994,150.0558,149.1668,149.0857,154.6819,161.8034,159.1637,157.3312,156.2906,153.6621,151.0434,149.212,147.3803,145.5484,144.4771,144.1495,143.7995,143.427,143.0318,142.614,142.8988,142.4293,141.9368,141.4214,140.8828,140.321
-81.26776,-83.09647,-84.4571,-85.8113,-87.15897,-89,-90.34183,-91.67678,-93.00474,-94.85555,-96.17663,-98.03503,-99.34866,-101.2139,-102.5195,-104.3909,-110.3336,-117.5571,-117.7749,-118.5576,-119.926,-120.054,-120.1453,-120.8295,-121.4909,-122.1296,-123.3951,-125.3073,-127.223,-129.1422,-131.0645,-132.9897,-135.6059,-137.5424,-139.4809,-141.4214,-143.3633,-145.3066
156.1139,156.2817,155.5506,154.8077,154.053,154.1525,153.37,152.5758,151.7699,151.8006,150.9671,150.9607,150.0994,150.0558,149.1668,149.9048,154.6819,161.8034,159.9675,157.3312,155.4973,153.6621,151.826,149.9892,147.3803,145.5484,144.4771,144.1495,143.7995,143.427,143.0318,143.3453,142.8988,142.4293,141.9368,142.1285,140.8828,140.321
-81.26776,-83.09647,-84.4571,-85.8113,-87.15897,-89,-90.34183,-91.67678,-93.00474,-94.85555,-96.17663,-98.03503,-99.34866,-101.2139,-102.5195,-104.9645,-110.3336,-117.5571,-118.3697,-118.5576,-119.3172,-120.054,-120.7678,-121.4588,-121.4909,-122.1296,-123.3951,-125.3073,-127.223,-129.1422,-131.0645,-133.6717,-135.6059,-137.5424,-139.4809,-142.1285,-143.3633,-145.3066
156.1139,156.2817,155.5506,154.8077,154.053,154.1525,153.37,152.5758,151.7699,150.9526,150.9671,150.9607,150.0994,150.0558,149.1668,149.0857,154.6819,160.9944,159.9675,157.3312,155.4973,153.6621,151.826,149.9892,147.3803,145.5484,144.4771,144.1495,143.7995,143.427,143.0318,143.3453,142.1734,141.7099,141.9368,141.4214,140.8828,140.321
-81.26776,-83.09647,-84.4571,-85.8113,-87.15897,-89,-90.34183,-91.67678,-93.00474,-94.32563,-96.17663,-98.03503,-99.34866,-101.2139,-102.5195,-104.3909,-110.3336,-116.9693,-118.3697,-118.5576,-119.3172,-120.054,-120.7678,-121.4588,-121.4909,-122.1296,-123.3951,-125.3073,-127.223,-129.1422,-131.0645,-133.6717,-134.9175,-136.8477,-139.4809,-141.4214,-143.3633,-145.3066
156.1139,156.2817,155.5506,154.8077,154.053,154.1525,153.37,152.5758,151.7699,151.8006,150.9671,150.122,150.0994,150.0558,149.1668,149.9048,154.6819,161.8034,159.9675,157.3312,155.4973,153.6621,151.826,149.9892,147.3803,145.5484,144.4771,144.1495,143.7995,143.427,143.0318,142.614,142.1734,142.4293,141.9368,141.4214,140.8828,140.321
-81.26776,-83.09647,-84.4571,-85.8113,-87.15897,-89,-90.34183,-91.67678,-93.00474,-94.85555,-96.17663,-97.49039,-99.34866,-101.2139,-102.5195,-104.9645,-110.3336,-117.5571,-118.3697,-118.5576,-119.3172,-120.054,-120.7678,-121.4588,-121.4909,-122.1296,-123.3951,-125.3073,-127.223,-129.1422,-131.0645,-132.9897,-134.9175,-137.5424,-139.4809,-141.4214,-143.3633,-145.3066
157.0009,156.2817,155.5506,154.8077,154.053,154.1525,153.37,152.5758,151.7699,150.9526,150.9671,150.122,150.0994,150.0558,149.1668,149.9048,154.6819,161.8034,159.9675,157.3312,155.4973,153.6621,151.0434,149.9892,147.3803,145.5484,144.4771,144.1495,143.7995,143.427,143.0318,142.614,142.8988,142.4293,141.9368,141.4214,140.8828,140.321
-81.7295,-83.09647,-84.4571,-85.8113,-87.15897,-89,-90.34183,-91.67678,-93.00474,-94.32563,-96.17663,-97.49039,-99.34866,-101.2139,-102.5195,-104.9645,-110.3336,-117.5571,-118.3697,-118.5576,-119.3172,-120.054,-120.1453,-121.4588,-121.4909,-122.1296,-123.3951,-125.3073,-127.223,-129.1422,-131.0645,-132.9897,-135.6059,-137.5424,-139.4809,-141.4214,-143.3633,-145.3066
