173.0778,173.2969,173.5029,171.7105,171.8879,172.0523,171.2081,170.3493,170.4729,169.5859,169.6829,168.7684,167.8401,167.8977,166.9428,166.9746,167.9936,169,169.9935,171.9738,172.9407,174.8934,175.8325,177.7561,179.6643,181.5567,182.4359,184.296,187.1345,185.9756,181.8236,178.6583,174.4943,170.3261,168.1327,163.9563,160.7646,159.5389,158.304,158.042,157.7679,157.4818,157.1837,157.848,157.5239,157.1879,156.8399,156.48,156.1081,155.7244,156.2876,155.8777,155.4559,154.0712
25.86665,24.35529,22.84208,21.0834,19.58416,18.08342,16.48547,14.90363,13.41651,11.8586,10.37825,8.844777,7.328057,5.863115,4.37155,2.914552,1.466058,0,-1.483511,-3.001814,-4.528612,-6.107412,-7.677012,-9.3158,-10.98874,-12.69568,-14.35801,-16.12381,-18.019,-19.54682,-20.71619,-21.93648,-22.97261,-23.93777,-25.1276,-25.96812,-26.90276,-28.131,-29.33992,-30.72025,-32.09824,-33.47378,-34.84678,-36.44207,-37.81815,-39.19135,-40.56156,-41.92869,-43.29262,-44.65325,-46.2945,-47.65659,-49.01505,-50.06075
174.0668,173.2969,173.5029,172.703,171.8879,172.0523,172.2035,171.3455,170.4729,170.5835,169.6829,168.7684,168.8391,167.8977,166.9428,166.9746,167.9936,170,170.9935,172.9737,173.9404,174.8934,175.8325,177.7561,179.6643,181.5567,182.4359,184.296,187.1345,185.9756,181.8236,178.6583,174.4943,170.3261,167.1437,162.9686,160.7646,159.5389,158.304,158.042,157.7679,157.4818,158.16,156.8736,157.5239,157.1879,156.8399,156.48,156.1081,156.6857,156.2876,155.8777,155.4559,155.0222
26.01446,24.35529,22.84208,21.20527,19.58416,18.08342,16.58132,14.99079,13.41651,11.92836,10.37825,8.844777,7.371676,5.863115,4.37155,2.914552,1.466058,0,-1.492238,-3.019266,-4.554789,-6.107412,-7.677012,-9.3158,-10.98874,-12.69568,-14.35801,-16.12381,-18.019,-19.54682,-20.71619,-21.93648,-22.97261,-23.93777,-24.97979,-25.81169,-26.90276,-28.131,-29.33992,-30.72025,-32.09824,-33.47378,-35.06322,-36.21712,-37.81815,-39.19135,-40.56156,-41.92869,-43.29262,-44.92889,-46.2945,-47.65659,-49.01505,-50.36977
173.0778,173.2969,172.5114,172.703,171.8879,172.0523,172.2035,171.3455,171.4698,169.5859,169.6829,168.7684,168.8391,167.8977,166.9428,167.9744,167.9936,170,171.9935,172.9737,172.9407,173.894,176.8315,177.7561,179.6643,181.5567,182.4359,184.296,187.1345,185.9756,181.8236,178.6583,173.5029,170.3261,168.1327,163.9563,160.7646,159.5389,158.304,158.042,157.7679,157.4818,157.1837,157.848,157.5239,157.1879,156.8399,156.48,156.1081,156.6857,156.2876,155.8777,155.4559,155.0222
25.86665,24.35529,22.71156,21.20527,19.58416,18.08342,16.58132,14.99079,13.49496,11.8586,10.37825,8.844777,7.371676,5.863115,4.37155,2.932004,1.466058,0,-1.500964,-3.019266,-4.528612,-6.072512,-7.720632,-9.3158,-10.98874,-12.69568,-14.35801,-16.12381,-18.019,-19.54682,-20.71619,-21.93648,-22.84208,-23.93777,-25.1276,-25.96812,-26.90276,-28.131,-29.33992,-30.72025,-32.09824,-33.47378,-34.84678,-36.44207,-37.81815,-39.19135,-40.56156,-41.92869,-43.29262,-44.92889,-46.2945,-47.65659,-49.01505,-50.36977
175.0558,173.2969,173.5029,171.7105,171.8879,172.0523,171.2081,171.3455,170.4729,169.5859,169.6829,168.7684,167.8401,167.8977,166.9428,166.9746,167.9936,169,169.9935,172.9737,173.9404,174.8934,175.8325,177.7561,179.6643,181.5567,182.4359,184.296,187.1345,185.9756,180.8301,178.6583,174.4943,170.3261,167.1437,162.9686,160.7646,159.5389,158.304,158.042,157.7679,157.4818,158.16,156.8736,157.5239,157.1879,156.8399,156.48,156.1081,155.7244,156.2876,155.8777,155.4559,155.9733
26.16227,24.35529,22.84208,21.0834,19.58416,18.08342,16.48547,14.99079,13.41651,11.8586,10.37825,8.844777,7.328057,5.863115,4.37155,2.914552,1.466058,0,-1.483511,-3.019266,-4.554789,-6.107412,-7.677012,-9.3158,-10.98874,-12.69568,-14.35801,-16.12381,-18.019,-19.54682,-20.60298,-21.93648,-22.97261,-23.93777,-24.97979,-25.81169,-26.90276,-28.131,-29.33992,-30.72025,-32.09824,-33.47378,-35.06322,-36.21712,-37.81815,-39.19135,-40.56156,-41.92869,-43.29262,-44.65325,-46.2945,-47.65659,-49.01505,-50.67879
174.0668,173.2969,173.5029,172.703,171.8879,172.0523,171.2081,171.3455,170.4729,170.5835,169.6829,168.7684,168.8391,167.8977,166.9428,166.9746,167.9936,170,170.9935,171.9738,172.9407,174.8934,176.8315,177.7561,179.6643,181.5567,182.4359,185.2922,187.1345,185.9756,181.8236,178.6583,174.4943,170.3261,168.1327,162.9686,160.7646,159.5389,158.304,158.042,157.7679,158.4599,157.1837,157.848,157.5239,157.1879,156.8399,156.48,156.1081,155.7244,156.2876,155.8777,155.4559,155.0222
26.01446,24.35529,22.84208,21.20527,19.58416,18.08342,16.48547,14.99079,13.41651,11.92836,10.37825,8.844777,7.371676,5.863115,4.37155,2.914552,1.466058,0,-1.492238,-3.001814,-4.528612,-6.107412,-7.720632,-9.3158,-10.98874,-12.69568,-14.35801,-16.21097,-18.019,-19.54682,-20.71619,-21.93648,-22.97261,-23.93777,-25.1276,-25.81169,-26.90276,-28.131,-29.33992,-30.72025,-32.09824,-33.68169,-34.84678,-36.44207,-37.81815,-39.19135,-40.56156,-41.92869,-43.29262,-44.65325,-46.2945,-47.65659,-49.01505,-50.36977
173.0778,173.2969,172.5114,172.703,171.8879,172.0523,172.2035,171.3455,170.4729,170.5835,169.6829,169.767,167.8401,167.8977,166.9428,166.9746,167.9936,169,170.9935,172.9737,172.9407,173.894,176.8315,177.7561,179.6643,181.5567,182.4359,184.296,187.1345,185.9756,181.8236,178.6583,174.4943,170.3261,167.1437,163.9563,160.7646,159.5389,158.304,158.042,158.7478,157.4818,158.16,157.848,157.5239,157.1879,156.8399,156.48,156.1081,155.7244,155.3288,155.8777,155.4559,155.0222
25.86665,24.35529,22.71156,21.20527,19.58416,18.08342,16.58132,14.99079,13.41651,11.92836,10.37825,8.897113,7.328057,5.863115,4.37155,2.914552,1.466058,0,-1.492238,-3.019266,-4.528612,-6.072512,-7.720632,-9.3158,-10.98874,-12.69568,-14.35801,-16.12381,-18.019,-19.54682,-20.71619,-21.93648,-22.97261,-23.93777,-24.97979,-25.96812,-26.90276,-28.131,-29.33992,-30.72025,-32.29761,-33.47378,-35.06322,-36.44207,-37.81815,-39.19135,-40.56156,-41.92869,-43.29262,-44.65325,-46.01049,-47.65659,-49.01505,-50.36977
174.0668,173.2969,172.5114,172.703,171.8879,172.0523,171.2081,171.3455,170.4729,170.5835,169.6829,168.7684,168.8391,167.8977,166.9428,166.9746,167.9936,169,170.9935,172.9737,173.9404,174.8934,175.8325,178.7547,179.6643,181.5567,182.4359,184.296,187.1345,185.9756,181.8236,178.6583,174.4943,170.3261,167.1437,162.9686,160.7646,159.5389,158.304,158.042,158.7478,158.4599,158.16,157.848,157.5239,157.1879,156.8399,156.48,156.1081,155.7244,156.2876,155.8777,155.4559,155.0222
26.01446,24.35529,22.71156,21.20527,19.58416,18.08342,16.48547,14.99079,13.41651,11.92836,10.37825,8.844777,7.371676,5.863115,4.37155,2.914552,1.466058,0,-1.492238,-3.019266,-4.554789,-6.107412,-7.677012,-9.368136,-10.98874,-12.69568,-14.35801,-16.12381,-18.019,-19.54682,-20.71619,-21.93648,-22.97261,-23.93777,-24.97979,-25.81169,-26.90276,-28.131,-29.33992,-30.72025,-32.29761,-33.68169,-35.06322,-36.44207,-37.81815,-39.19135,-40.56156,-41.92869,-43.29262,-44.65325,-46.2945,-47.65659,-49.01505,-50.36977
173.0778,173.2969,173.5029,172.703,171.8879,172.0523,171.2081,171.3455,170.4729,169.5859,169.6829,168.7684,168.8391,167.8977,167.9424,166.9746,167.9936,169,169.9935,172.9737,172.9407,173.894,175.8325,177.7561,179.6643,181.5567,182.4359,185.2922,187.1345,185.9756,181.8236,178.6583,174.4943,170.3261,167.1437,162.9686,160.7646,159.5389,158.304,158.042,157.7679,157.4818,158.16,156.8736,157.5239,157.1879,156.8399,156.48,156.1081,155.7244,156.2876,155.8777,155.4559,155.0222
25.86665,24.35529,22.84208,21.20527,19.58416,18.08342,16.48547,14.99079,13.41651,11.8586,10.37825,8.844777,7.371676,5.863115,4.397727,2.914552,1.466058,0,-1.483511,-3.019266,-4.528612,-6.072512,-7.677012,-9.3158,-10.98874,-12.69568,-14.35801,-16.21097,-18.019,-19.54682,-20.71619,-21.93648,-22.97261,-23.93777,-24.97979,-25.81169,-26.90276,-28.131,-29.33992,-30.72025,-32.09824,-33.47378,-35.06322,-36.21712,-37.81815,-39.19135,-40.56156,-41.92869,-43.29262,-44.65325,-46.2945,-47.65659,-49.01505,-50.36977
174.0668,173.2969,172.5114,172.703,171.8879,172.0523,172.2035,171.3455,170.4729,170.5835,169.6829,168.7684,167.8401,167.8977,166.9428,166.9746,167.9936,170,170.9935,172.9737,172.9407,174.8934,175.8325,177.7561,179.6643,181.5567,182.4359,184.296,187.1345,185.9756,180.8301,178.6583,174.4943,170.3261,167.1437,162.9686,160.7646,159.5389,158.304,158.042,158.7478,157.4818,157.1837,156.8736,157.5239,157.1879,156.8399,156.48,156.1081,155.7244,156.2876,155.8777,155.4559,155.0222
26.01446,24.35529,22.71156,21.20527,19.58416,18.08342,16.58132,14.99079,13.41651,11.92836,10.37825,8.844777,7.328057,5.863115,4.37155,2.914552,1.466058,0,-1.492238,-3.019266,-4.528612,-6.107412,-7.677012,-9.3158,-10.98874,-12.69568,-14.35801,-16.12381,-18.019,-19.54682,-20.60298,-21.93648,-22.97261,-23.93777,-24.97979,-25.81169,-26.90276,-28.131,-29.33992,-30.72025,-32.29761,-33.47378,-34.84678,-36.21712,-37.81815,-39.19135,-40.56156,-41.92869,-43.29262,-44.65325,-46.2945,-47.65659,-49.01505,-50.36977
174.0668,173.2969,173.5029,172.703,171.8879,172.0523,171.2081,171.3455,170.4729,170.5835,168.6848,168.7684,168.8391,167.8977,166.9428,166.9746,167.9936,169,169.9935,171.9738,173.9404,174.8934,175.8325,177.7561,179.6643,181.5567,182.4359,184.296,187.1345,185.9756,181.8236,178.6583,174.4943,170.3261,167.1437,162.9686,160.7646,159.5389,158.304,158.042,157.7679,158.4599,157.1837,156.8736,157.5239,157.1879,156.8399,156.48,156.1081,155.7244,156.2876,155.8777,155.4559,155.0222
26.01446,24.35529,22.84208,21.20527,19.58416,18.08342,16.48547,14.99079,13.41651,11.92836,10.3172,8.844777,7.371676,5.863115,4.37155,2.914552,1.466058,0,-1.483511,-3.001814,-4.554789,-6.107412,-7.677012,-9.3158,-10.98874,-12.69568,-14.35801,-16.12381,-18.019,-19.54682,-20.71619,-21.93648,-22.97261,-23.93777,-24.97979,-25.81169,-26.90276,-28.131,-29.33992,-30.72025,-32.09824,-33.68169,-34.84678,-36.21712,-37.81815,-39.19135,-40.56156,-41.92869,-43.29262,-44.65325,-46.2945,-47.65659,-49.01505,-50.36977
174.0668,173.2969,173.5029,172.703,171.8879,172.0523,172.2035,171.3455,170.4729,170.5835,169.6829,168.7684,167.8401,167.8977,166.9428,166.9746,167.9936,170,170.9935,171.9738,172.9407,174.8934,175.8325,177.7561,179.6643,181.5567,182.4359,184.296,187.1345,185.9756,181.8236,178.6583,174.4943,170.3261,167.1437,162.9686,160.7646,159.5389,158.304,158.042,157.7679,157.4818,157.1837,157.848,157.5239,157.1879,156.8399,156.48,156.1081,155.7244,156.2876,155.8777,155.4559,155.0222
26.01446,24.35529,22.84208,21.20527,19.58416,18.08342,16.58132,14.99079,13.41651,11.92836,10.37825,8.844777,7.328057,5.863115,4.37155,2.914552,1.466058,0,-1.492238,-3.001814,-4.528612,-6.107412,-7.677012,-9.3158,-10.98874,-12.69568,-14.35801,-16.12381,-18.019,-19.54682,-20.71619,-21.93648,-22.97261,-23.93777,-24.97979,-25.81169,-26.90276,-28.131,-29.33992,-30.72025,-32.09824,-33.47378,-34.84678,-36.44207,-37.81815,-39.19135,-40.56156,-41.92869,-43.29262,-44.65325,-46.2945,-47.65659,-49.01505,-50.36977
173.0778,173.2969,173.5029,172.703,171.8879,172.0523,172.2035,171.3455,170.4729,169.5859,169.6829,168.7684,167.8401,167.8977,166.9428,166.9746,167.9936,170,171.9935,171.9738,172.9407,174.8934,175.8325,177.7561,179.6643,181.5567,182.4359,184.296,187.1345,185.9756,181.8236,178.6583,174.4943,170.3261,167.1437,162.9686,160.7646,159.5389,159.2873,158.042,157.7679,157.4818,158.16,157.848,157.5239,157.1879,156.8399,157.4459,156.1081,155.7244,156.2876,155.8777,155.4559,155.0222
25.86665,24.35529,22.84208,21.20527,19.58416,18.08342,16.58132,14.99079,13.41651,11.8586,10.37825,8.844777,7.328057,5.863115,4.37155,2.914552,1.466058,0,-1.500964,-3.001814,-4.528612,-6.107412,-7.677012,-9.3158,-10.98874,-12.69568,-14.35801,-16.12381,-18.019,-19.54682,-20.71619,-21.93648,-22.97261,-23.93777,-24.97979,-25.81169,-26.90276,-28.131,-29.52216,-30.72025,-32.09824,-33.47378,-35.06322,-36.44207,-37.81815,-39.19135,-40.56156,-42.1875,-43.29262,-44.65325,-46.2945,-47.65659,-49.01505,-50.36977
174.0668,173.2969,173.5029,171.7105,171.8879,172.0523,171.2081,171.3455,170.4729,170.5835,169.6829,168.7684,167.8401,167.8977,166.9428,166.9746,167.9936,170,170.9935,172.9737,172.9407,174.8934,175.8325,178.7547,179.6643,181.5567,182.4359,184.296,187.1345,186.9701,181.8236,178.6583,174.4943,170.3261,167.1437,163.9563,160.7646,159.5389,158.304,158.042,158.7478,157.4818,158.16,157.848,157.5239,157.1879,156.8399,156.48,156.1081,155.7244,156.2876,155.8777,155.4559,155.0222
26.01446,24.35529,22.84208,21.0834,19.58416,18.08342,16.48547,14.99079,13.41651,11.92836,10.37825,8.844777,7.328057,5.863115,4.37155,2.914552,1.466058,0,-1.492238,-3.019266,-4.528612,-6.107412,-7.677012,-9.368136,-10.98874,-12.69568,-14.35801,-16.12381,-18.019,-19.65135,-20.71619,-21.93648,-22.97261,-23.93777,-24.97979,-25.96812,-26.90276,-28.131,-29.33992,-30.72025,-32.29761,-33.47378,-35.06322,-36.44207,-37.81815,-39.19135,-40.56156,-41.92869,-43.29262,-44.65325,-46.2945,-47.65659,-49.01505,-50.36977
174.0668,173.2969,172.5114,171.7105,171.8879,172.0523,172.2035,171.3455,170.4729,169.5859,169.6829,168.7684,168.8391,167.8977,166.9428,166.9746,167.9936,170,169.9935,171.9738,173.9404,174.8934,176.8315,177.7561,179.6643,181.5567,182.4359,184.296,187.1345,185.9756,181.8236,178.6583,174.4943,170.3261,167.1437,163.9563,160.7646,160.5237,159.2873,158.042,157.7679,157.4818,157.1837,157.848,157.5239,157.1879,156.8399,156.48,156.1081,156.6857,156.2876,155.8777,156.4096,155.0222
26.01446,24.35529,22.71156,21.0834,19.58416,18.08342,16.58132,14.99079,13.41651,11.8586,10.37825,8.844777,7.371676,5.863115,4.37155,2.914552,1.466058,0,-1.483511,-3.001814,-4.554789,-6.107412,-7.720632,-9.3158,-10.98874,-12.69568,-14.35801,-16.12381,-18.019,-19.54682,-20.71619,-21.93648,-22.97261,-23.93777,-24.97979,-25.96812,-26.90276,-28.30465,-29.52216,-30.72025,-32.09824,-33.47378,-34.84678,-36.44207,-37.81815,-39.19135,-40.56156,-41.92869,-43.29262,-44.92889,-46.2945,-47.65659,-49.31575,-50.36977
174.0668,173.2969,173.5029,172.703,171.8879,172.0523,172.2035,171.3455,170.4729,169.5859,169.6829,168.7684,167.8401,167.8977,166.9428,166.9746,167.9936,169,170.9935,171.9738,172.9407,174.8934,175.8325,177.7561,179.6643,181.5567,182.4359,184.296,187.1345,185.9756,180.8301,178.6583,174.4943,170.3261,167.1437,163.9563,160.7646,159.5389,158.304,158.042,157.7679,157.4818,157.1837,157.848,157.5239,157.1879,156.8399,156.48,156.1081,155.7244,156.2876,155.8777,155.4559,155.0222
26.01446,24.35529,22.84208,21.20527,19.58416,18.08342,16.58132,14.99079,13.41651,11.8586,10.37825,8.844777,7.328057,5.863115,4.37155,2.914552,1.466058,0,-1.492238,-3.001814,-4.528612,-6.107412,-7.677012,-9.3158,-10.98874,-12.69568,-14.35801,-16.12381,-18.019,-19.54682,-20.60298,-21.93648,-22.97261,-23.93777,-24.97979,-25.96812,-26.90276,-28.131,-29.33992,-30.72025,-32.09824,-33.47378,-34.84678,-36.44207,-37.81815,-39.19135,-40.56156,-41.92869,-43.29262,-44.65325,-46.2945,-47.65659,-49.01505,-50.36977
175.0558,173.2969,173.5029,172.703,171.8879,172.0523,171.2081,171.3455,170.4729,170.5835,169.6829,168.7684,167.8401,167.8977,166.9428,166.9746,167.9936,169,170.9935,171.9738,172.9407,174.8934,175.8325,177.7561,180.6624,181.5567,182.4359,184.296,187.1345,185.9756,181.8236,178.6583,174.4943,170.3261,168.1327,162.9686,160.7646,159.5389,158.304,158.042,157.7679,157.4818,157.1837,157.848,157.5239,157.1879,156.8399,156.48,156.1081,155.7244,156.2876,155.8777,155.4559,154.0712
26.16227,24.35529,22.84208,21.20527,19.58416,18.08342,16.48547,14.99079,13.41651,11.92836,10.37825,8.844777,7.328057,5.863115,4.37155,2.914552,1.466058,0,-1.492238,-3.001814,-4.528612,-6.107412,-7.677012,-9.3158,-11.04979,-12.69568,-14.35801,-16.12381,-18.019,-19.54682,-20.71619,-21.93648,-22.97261,-23.93777,-25.1276,-25.81169,-26.90276,-28.131,-29.33992,-30.72025,-32.09824,-33.47378,-34.84678,-36.44207,-37.81815,-39.19135,-40.56156,-41.92869,-43.29262,-44.65325,-46.2945,-47.65659,-49.01505,-50.06075
174.0668,173.2969,173.5029,172.703,171.8879,172.0523,172.2035,171.3455,170.4729,169.5859,169.6829,168.7684,167.8401,167.8977,166.9428,166.9746,167.9936,170,170.9935,172.9737,172.9407,174.8934,175.8325,177.7561,179.6643,181.5567,182.4359,184.296,187.1345,185.9756,181.8236,178.6583,174.4943,170.3261,168.1327,162.9686,160.7646,159.5389,158.304,158.042,157.7679,157.4818,158.16,157.848,157.5239,157.1879,156.8399,156.48,156.1081,155.7244,156.2876,155.8777,155.4559,155.0222
26.01446,24.35529,22.84208,21.20527,19.58416,18.08342,16.58132,14.99079,13.41651,11.8586,10.37825,8.844777,7.328057,5.863115,4.37155,2.914552,1.466058,0,-1.492238,-3.019266,-4.528612,-6.107412,-7.677012,-9.3158,-10.98874,-12.69568,-14.35801,-16.12381,-18.019,-19.54682,-20.71619,-21.93648,-22.97261,-23.93777,-25.1276,-25.81169,-26.90276,-28.131,-29.33992,-30.72025,-32.09824,-33.47378,-35.06322,-36.44207,-37.81815,-39.19135,-40.56156,-41.92869,-43.29262,-44.65325,-46.2945,-47.65659,-49.01505,-50.36977
175.0558,173.2969,172.5114,172.703,171.8879,172.0523,172.2035,171.3455,170.4729,169.5859,169.6829,168.7684,167.8401,167.8977,166.9428,166.9746,167.9936,169,170.9935,172.9737,172.9407,174.8934,175.8325,177.7561,180.6624,181.5567,182.4359,184.296,187.1345,185.9756,181.8236,178.6583,174.4943,170.3261,167.1437,162.9686,160.7646,159.5389,158.304,158.042,157.7679,157.4818,157.1837,156.8736,157.5239,157.1879,156.8399,156.48,156.1081,156.6857,156.2876,155.8777,155.4559,155.0222
26.16227,24.35529,22.71156,21.20527,19.58416,18.08342,16.58132,14.99079,13.41651,11.8586,10.37825,8.844777,7.328057,5.863115,4.37155,2.914552,1.466058,0,-1.492238,-3.019266,-4.528612,-6.107412,-7.677012,-9.3158,-11.04979,-12.69568,-14.35801,-16.12381,-18.019,-19.54682,-20.71619,-21.93648,-22.97261,-23.93777,-24.97979,-25.81169,-26.90276,-28.131,-29.33992,-30.72025,-32.09824,-33.47378,-34.84678,-36.21712,-37.81815,-39.19135,-40.56156,-41.92869,-43.29262,-44.92889,-46.2945,-47.65659,-49.01505,-50.36977
172.0888,173.2969,172.5114,172.703,171.8879,172.0523,172.2035,171.3455,170.4729,170.5835,169.6829,168.7684,167.8401,167.8977,166.9428,166.9746,167.9936,169,170.9935,172.9737,172.9407,174.8934,175.8325,177.7561,179.6643,181.5567,182.4359,185.2922,187.1345,185.9756,181.8236,178.6583,174.4943,170.3261,168.1327,163.9563,160.7646,159.5389,158.304,158.042,157.7679,158.4599,157.1837,156.8736,157.5239,157.1879,156.8399,156.48,156.1081,156.6857,156.2876,155.8777,155.4559,155.0222
25.71884,24.35529,22.71156,21.20527,19.58416,18.08342,16.58132,14.99079,13.41651,11.92836,10.37825,8.844777,7.328057,5.863115,4.37155,2.914552,1.466058,0,-1.492238,-3.019266,-4.528612,-6.107412,-7.677012,-9.3158,-10.98874,-12.69568,-14.35801,-16.21097,-18.019,-19.54682,-20.71619,-21.93648,-22.97261,-23.93777,-25.1276,-25.96812,-26.90276,-28.131,-29.33992,-30.72025,-32.09824,-33.68169,-34.84678,-36.21712,-37.81815,-39.19135,-40.56156,-41.92869,-43.29262,-44.92889,-46.2945,-47.65659,-49.01505,-50.36977
175.0558,173.2969,172.5114,172.703,171.8879,172.0523,172.2035,171.3455,170.4729,169.5859,169.6829,168.7684,167.8401,167.8977,166.9428,166.9746,167.9936,170,169.9935,172.9737,172.9407,174.8934,175.8325,177.7561,179.6643,181.5567,182.4359,184.296,187.1345,185.9756,181.8236,178.6583,174.4943,170.3261,167.1437,163.9563,160.7646,160.5237,158.304,158.042,157.7679,157.4818,157.1837,156.8736,157.5239,157.1879,156.8399,156.48,156.1081,156.6857,155.3288,155.8777,155.4559,155.0222
26.16227,24.35529,22.71156,21.20527,19.58416,18.08342,16.58132,14.99079,13.41651,11.8586,10.37825,8.844777,7.328057,5.863115,4.37155,2.914552,1.466058,0,-1.483511,-3.019266,-4.528612,-6.107412,-7.677012,-9.3158,-10.98874,-12.69568,-14.35801,-16.12381,-18.019,-19.54682,-20.71619,-21.93648,-22.97261,-23.93777,-24.97979,-25.96812,-26.90276,-28.30465,-29.33992,-30.72025,-32.09824,-33.47378,-34.84678,-36.21712,-37.81815,-39.19135,-40.56156,-41.92869,-43.29262,-44.92889,-46.01049,-47.65659,-49.01505,-50.36977
173.0778,173.2969,173.5029,172.703,171.8879,172.0523,171.2081,171.3455,171.4698,170.5835,170.6811,168.7684,168.8391,167.8977,166.9428,166.9746,167.9936,169,170.9935,171.9738,172.9407,173.894,175.8325,178.7547,179.6643,181.5567,182.4359,184.296,187.1345,185.9756,181.8236,178.6583,174.4943,170.3261,168.1327,162.9686,160.7646,159.5389,158.304,158.042,157.7679,158.4599,158.16,157.848,157.5239,157.1879,156.8399,156.48,156.1081,156.6857,156.2876,155.8777,155.4559,155.0222
25.86665,24.35529,22.84208,21.20527,19.58416,18.08342,16.48547,14.99079,13.49496,11.92836,10.4393,8.844777,7.371676,5.863115,4.37155,2.914552,1.466058,0,-1.492238,-3.001814,-4.528612,-6.072512,-7.677012,-9.368136,-10.98874,-12.69568,-14.35801,-16.12381,-18.019,-19.54682,-20.71619,-21.93648,-22.97261,-23.93777,-25.1276,-25.81169,-26.90276,-28.131,-29.33992,-30.72025,-32.09824,-33.68169,-35.06322,-36.44207,-37.81815,-39.19135,-40.56156,-41.92869,-43.29262,-44.92889,-46.2945,-47.65659,-49.01505,-50.36977
174.0668,173.2969,172.5114,172.703,171.8879,172.0523,172.2035,171.3455,170.4729,169.5859,169.6829,168.7684,168.8391,167.8977,166.9428,166.9746,167.9936,170,170.9935,171.9738,172.9407,174.8934,175.8325,177.7561,179.6643,181.5567,182.4359,184.296,187.1345,185.9756,181.8236,178.6583,174.4943,170.3261,167.1437,163.9563,160.7646,159.5389,158.304,158.042,157.7679,157.4818,157.1837,157.848,156.5516,157.1879,156.8399,156.48,156.1081,156.6857,156.2876,155.8777,155.4559,155.0222
26.01446,24.35529,22.71156,21.20527,19.58416,18.08342,16.58132,14.99079,13.41651,11.8586,10.37825,8.844777,7.371676,5.863115,4.37155,2.914552,1.466058,0,-1.492238,-3.001814,-4.528612,-6.107412,-7.677012,-9.3158,-10.98874,-12.69568,-14.35801,-16.12381,-18.019,-19.54682,-20.71619,-21.93648,-22.97261,-23.93777,-24.97979,-25.96812,-26.90276,-28.131,-29.33992,-30.72025,-32.09824,-33.47378,-34.84678,-36.44207,-37.5847,-39.19135,-40.56156,-41.92869,-43.29262,-44.92889,-46.2945,-47.65659,-49.01505,-50.36977
176.0448,173.2969,172.5114,172.703,171.8879,172.0523,171.2081,171.3455,170.4729,169.5859,169.6829,168.7684,167.8401,167.8977,166.9428,166.9746,167.9936,170,171.9935,172.9737,172.9407,174.8934,175.8325,177.7561,179.6643,181.5567,182.4359,184.296,187.1345,185.9756,181.8236,178.6583,174.4943,170.3261,167.1437,163.9563,160.7646,159.5389,158.304,158.042,157.7679,157.4818,157.1837,157.848,157.5239,157.1879,156.8399,156.48,156.1081,156.6857,156.2876,155.8777,155.4559,155.0222
26.31008,24.35529,22.71156,21.20527,19.58416,18.08342,16.48547,14.99079,13.41651,11.8586,10.37825,8.844777,7.328057,5.863115,4.37155,2.914552,1.466058,0,-1.500964,-3.019266,-4.528612,-6.107412,-7.677012,-9.3158,-10.98874,-12.69568,-14.35801,-16.12381,-18.019,-19.54682,-20.71619,-21.93648,-22.97261,-23.93777,-24.97979,-25.96812,-26.90276,-28.131,-29.33992,-30.72025,-32.09824,-33.47378,-34.84678,-36.44207,-37.81815,-39.19135,-40.56156,-41.92869,-43.29262,-44.92889,-46.2945,-47.65659,-49.01505,-50.36977
176.0448,173.2969,173.5029,172.703,171.8879,172.0523,172.2035,171.3455,170.4729,169.5859,169.6829,168.7684,167.8401,167.8977,166.9428,167.9744,167.9936,170,170.9935,172.9737,172.9407,174.8934,175.8325,177.7561,179.6643,181.5567,182.4359,184.296,187.1345,185.9756,181.8236,178.6583,174.4943,170.3261,167.1437,162.9686,160.7646,159.5389,158.304,158.042,157.7679,157.4818,158.16,156.8736,157.5239,157.1879,156.8399,156.48,157.0718,155.7244,156.2876,155.8777,155.4559,155.0222
26.31008,24.35529,22.84208,21.20527,19.58416,18.08342,16.58132,14.99079,13.41651,11.8586,10.37825,8.844777,7.328057,5.863115,4.37155,2.932004,1.466058,0,-1.492238,-3.019266,-4.528612,-6.107412,-7.677012,-9.3158,-10.98874,-12.69568,-14.35801,-16.12381,-18.019,-19.54682,-20.71619,-21.93648,-22.97261,-23.93777,-24.97979,-25.81169,-26.90276,-28.131,-29.33992,-30.72025,-32.09824,-33.47378,-35.06322,-36.21712,-37.81815,-39.19135,-40.56156,-41.92869,-43.55986,-44.65325,-46.2945,-47.65659,-49.01505,-50.36977
174.0668,173.2969,173.5029,172.703,171.8879,172.0523,172.2035,171.3455,170.4729,169.5859,169.6829,168.7684,168.8391,167.8977,166.9428,166.9746,167.9936,169,170.9935,171.9738,172.9407,174.8934,175.8325,177.7561,179.6643,181.5567,182.4359,185.2922,187.1345,185.9756,181.8236,178.6583,174.4943,171.3164,167.1437,162.9686,160.7646,159.5389,158.304,158.042,157.7679,157.4818,157.1837,157.848,156.5516,157.1879,156.8399,156.48,156.1081,156.6857,156.2876,155.8777,155.4559,155.0222
26.01446,24.35529,22.84208,21.20527,19.58416,18.08342,16.58132,14.99079,13.41651,11.8586,10.37825,8.844777,7.371676,5.863115,4.37155,2.914552,1.466058,0,-1.492238,-3.001814,-4.528612,-6.107412,-7.677012,-9.3158,-10.98874,-12.69568,-14.35801,-16.21097,-18.019,-19.54682,-20.71619,-21.93648,-22.97261,-24.07695,-24.97979,-25.81169,-26.90276,-28.131,-29.33992,-30.72025,-32.09824,-33.47378,-34.84678,-36.44207,-37.5847,-39.19135,-40.56156,-41.92869,-43.29262,-44.92889,-46.2945,-47.65659,-49.01505,-50.36977
173.0778,173.2969,172.5114,172.703,171.8879,172.0523,171.2081,171.3455,170.4729,169.5859,169.6829,168.7684,167.8401,167.8977,167.9424,166.9746,167.9936,169,171.9935,172.9737,172.9407,174.8934,175.8325,177.7561,179.6643,181.5567,183.4328,185.2922,187.1345,185.9756,181.8236,178.6583,174.4943,170.3261,167.1437,163.9563,160.7646,159.5389,158.304,159.0236,158.7478,157.4818,157.1837,156.8736,157.5239,157.1879,156.8399,156.48,156.1081,155.7244,155.3288,155.8777,155.4559,155.0222
25.86665,24.35529,22.71156,21.20527,19.58416,18.08342,16.48547,14.99079,13.41651,11.8586,10.37825,8.844777,7.328057,5.863115,4.397727,2.914552,1.466058,0,-1.500964,-3.019266,-4.528612,-6.107412,-7.677012,-9.3158,-10.98874,-12.69568,-14.43647,-16.21097,-18.019,-19.54682,-20.71619,-21.93648,-22.97261,-23.93777,-24.97979,-25.96812,-26.90276,-28.131,-29.33992,-30.91106,-32.29761,-33.47378,-34.84678,-36.21712,-37.81815,-39.19135,-40.56156,-41.92869,-43.29262,-44.65325,-46.01049,-47.65659,-49.01505,-50.36977
176.0448,173.2969,172.5114,172.703,171.8879,172.0523,172.2035,171.3455,170.4729,169.5859,169.6829,168.7684,167.8401,167.8977,166.9428,166.9746,167.9936,170,170.9935,171.9738,172.9407,174.8934,175.8325,177.7561,179.6643,181.5567,182.4359,184.296,187.1345,185.9756,181.8236,178.6583,174.4943,170.3261,167.1437,162.9686,160.7646,160.5237,158.304,158.042,157.7679,157.4818,158.16,157.848,156.5516,157.1879,156.8399,156.48,156.1081,155.7244,156.2876,155.8777,155.4559,154.0712
26.31008,24.35529,22.71156,21.20527,19.58416,18.08342,16.58132,14.99079,13.41651,11.8586,10.37825,8.844777,7.328057,5.863115,4.37155,2.914552,1.466058,0,-1.492238,-3.001814,-4.528612,-6.107412,-7.677012,-9.3158,-10.98874,-12.69568,-14.35801,-16.12381,-18.019,-19.54682,-20.71619,-21.93648,-22.97261,-23.93777,-24.97979,-25.81169,-26.90276,-28.30465,-29.33992,-30.72025,-32.09824,-33.47378,-35.06322,-36.44207,-37.5847,-39.19135,-40.56156,-41.92869,-43.29262,-44.65325,-46.2945,-47.65659,-49.01505,-50.06075
175.0558,173.2969,172.5114,172.703,171.8879,172.0523,172.2035,171.3455,170.4729,170.5835,169.6829,168.7684,167.8401,167.8977,166.9428,166.9746,167.9936,169,170.9935,171.9738,172.9407,174.8934,176.8315,177.7561,179.6643,181.5567,182.4359,184.296,187.1345,185.9756,181.8236,178.6583,174.4943,170.3261,168.1327,163.9563,160.7646,159.5389,158.304,158.042,157.7679,157.4818,157.1837,157.848,157.5239,157.1879,156.8399,156.48,156.1081,155.7244,156.2876,155.8777,155.4559,155.0222
26.16227,24.35529,22.71156,21.20527,19.58416,18.08342,16.58132,14.99079,13.41651,11.92836,10.37825,8.844777,7.328057,5.863115,4.37155,2.914552,1.466058,0,-1.492238,-3.001814,-4.528612,-6.107412,-7.720632,-9.3158,-10.98874,-12.69568,-14.35801,-16.12381,-18.019,-19.54682,-20.71619,-21.93648,-22.97261,-23.93777,-25.1276,-25.96812,-26.90276,-28.131,-29.33992,-30.72025,-32.09824,-33.47378,-34.84678,-36.44207,-37.81815,-39.19135,-40.56156,-41.92869,-43.29262,-44.65325,-46.2945,-47.65659,-49.01505,-50.36977
174.0668,173.2969,173.5029,172.703,171.8879,172.0523,171.2081,171.3455,170.4729,170.5835,169.6829,168.7684,167.8401,167.8977,166.9428,167.9744,167.9936,170,170.9935,172.9737,172.9407,174.8934,175.8325,177.7561,179.6643,181.5567,182.4359,184.296,187.1345,185.9756,181.8236,178.6583,174.4943,170.3261,167.1437,163.9563,160.7646,159.5389,159.2873,158.042,158.7478,158.4599,157.1837,157.848,157.5239,157.1879,156.8399,156.48,156.1081,155.7244,156.2876,155.8777,155.4559,155.0222
26.01446,24.35529,22.84208,21.20527,19.58416,18.08342,16.48547,14.99079,13.41651,11.92836,10.37825,8.844777,7.328057,5.863115,4.37155,2.932004,1.466058,0,-1.492238,-3.019266,-4.528612,-6.107412,-7.677012,-9.3158,-10.98874,-12.69568,-14.35801,-16.12381,-18.019,-19.54682,-20.71619,-21.93648,-22.97261,-23.93777,-24.97979,-25.96812,-26.90276,-28.131,-29.52216,-30.72025,-32.29761,-33.68169,-34.84678,-36.44207,-37.81815,-39.19135,-40.56156,-41.92869,-43.29262,-44.65325,-46.2945,-47.65659,-49.01505,-50.36977
175.0558,173.2969,173.5029,172.703,171.8879,172.0523,172.2035,171.3455,170.4729,169.5859,169.6829,168.7684,167.8401,167.8977,166.9428,166.9746,167.9936,170,169.9935,171.9738,172.9407,173.894,176.8315,177.7561,179.6643,181.5567,182.4359,184.296,187.1345,185.9756,181.8236,178.6583,174.4943,170.3261,168.1327,163.9563,160.7646,159.5389,158.304,158.042,157.7679,157.4818,158.16,156.8736,157.5239,157.1879,156.8399,156.48,156.1081,155.7244,156.2876,155.8777,155.4559,155.9733
26.16227,24.35529,22.84208,21.20527,19.58416,18.08342,16.58132,14.99079,13.41651,11.8586,10.37825,8.844777,7.328057,5.863115,4.37155,2.914552,1.466058,0,-1.483511,-3.001814,-4.528612,-6.072512,-7.720632,-9.3158,-10.98874,-12.69568,-14.35801,-16.12381,-18.019,-19.54682,-20.71619,-21.93648,-22.97261,-23.93777,-25.1276,-25.96812,-26.90276,-28.131,-29.33992,-30.72025,-32.09824,-33.47378,-35.06322,-36.21712,-37.81815,-39.19135,-40.56156,-41.92869,-43.29262,-44.65325,-46.2945,-47.65659,-49.01505,-50.67879
