113.2064,114.8213,115.6727,114.9721,115.0176,114.2608,115.0496,114.2429,114.2049,114.1477,114.0714,113.1621,113.8621,113.7294,113.5781,114.2424,114.8979,116.388,117.0306,118.517,119.1463,120.6281,121.2436,122.7202,124.196,124.792,126.2615,127.7296,129.1959,130.6604,132.1227,132.68,133.2272,135.5842,136.1183,137.559,138.9962,137.6581,127.0242,118.163,112.9632,111.464,111.8234,111.2317,111.5712,111.9022,111.2736,111.5849,111.8877,112.1819,112.4676,111.7811,112.0474,112.3051,112.5543,111.8225,113.0269,112.274,112.487,112.6913,111.9055,113.0743,114.2377,114.4091
98.40885,98.06666,97.06093,94.77565,93.13942,90.88714,89.88658,87.66165,86.05955,84.46484,82.87772,80.71771,79.72712,78.16406,76.60943,75.61537,74.61555,74.14735,73.12886,72.6273,71.59029,71.05537,70,69.43172,68.84297,67.75654,67.13443,66.4918,65.82862,65.14488,64.44056,63.28513,62.12488,61.78929,60.60376,59.81236,59.0004,57.01983,51.3211,46.54566,43.36252,41.67468,40.7004,39.38921,38.41704,37.44195,36.15499,35.18258,34.20749,33.2298,32.24957,30.99965,30.02301,29.04408,28.06294,26.84622,26.09432,24.89056,23.90984,22.92731,21.75223,20.95709,20.14319,19.14552
113.9611,114.0609,115.6727,114.9721,115.0176,114.2608,115.0496,114.2429,114.2049,114.1477,114.0714,113.9762,113.8621,113.7294,113.5781,114.2424,114.8979,116.388,117.0306,118.517,120.0034,120.6281,121.2436,122.7202,124.196,124.792,126.2615,127.7296,129.1959,130.6604,132.1227,132.68,134.1336,134.6743,137.0318,138.4761,139.9167,138.5819,127.9514,118.163,112.9632,111.464,111.8234,111.2317,111.5712,110.9539,111.2736,111.5849,111.8877,112.1819,112.4676,112.7448,112.0474,112.3051,112.5543,112.7949,112.0526,112.274,112.487,112.6913,112.8871,113.0743,112.2681,114.4091
99.06491,97.41721,97.06093,94.77565,93.13942,90.88714,89.88658,87.66165,86.05955,84.46484,82.87772,81.29841,79.72712,78.16406,76.60943,75.61537,74.61555,74.14735,73.12886,72.6273,72.10533,71.05537,70,69.43172,68.84297,67.75654,67.13443,66.4918,65.82862,65.14488,64.44056,63.28513,62.5475,61.3746,61.0105,60.21111,59.39113,57.40251,51.69571,46.54566,43.36252,41.67468,40.7004,39.38921,38.41704,37.12464,36.15499,35.18258,34.20749,33.2298,32.24957,31.26689,30.02301,29.04408,28.06294,27.07966,25.86937,24.89056,23.90984,22.92731,21.94303,20.95709,19.79589,19.14552
113.2064,114.8213,115.6727,114.9721,115.0176,114.2608,115.0496,114.2429,114.2049,114.1477,113.2624,113.1621,113.8621,113.7294,113.5781,114.2424,114.8979,116.388,117.0306,118.517,120.0034,120.6281,121.2436,122.7202,124.196,125.6708,126.2615,127.7296,129.1959,130.6604,132.1227,132.68,134.1336,134.6743,137.0318,138.4761,139.9167,137.6581,127.0242,118.163,112.9632,111.464,111.8234,111.2317,111.5712,110.9539,111.2736,111.5849,111.8877,112.1819,112.4676,112.7448,113.0133,112.3051,112.5543,112.7949,112.0526,112.274,112.487,112.6913,112.8871,112.0911,114.2377,113.4228
98.40885,98.06666,97.06093,94.77565,93.13942,90.88714,89.88658,87.66165,86.05955,84.46484,82.28994,80.71771,79.72712,78.16406,76.60943,75.61537,74.61555,74.14735,73.12886,72.6273,72.10533,71.05537,70,69.43172,68.84297,68.2337,67.13443,66.4918,65.82862,65.14488,64.44056,63.28513,62.5475,61.3746,61.0105,60.21111,59.39113,57.01983,51.3211,46.54566,43.36252,41.67468,40.7004,39.38921,38.41704,37.12464,36.15499,35.18258,34.20749,33.2298,32.24957,31.26689,30.28183,29.04408,28.06294,27.07966,25.86937,24.89056,23.90984,22.92731,21.94303,20.77485,20.14319,18.98047
113.9611,114.8213,115.6727,114.9721,115.0176,114.2608,115.0496,114.2429,114.2049,114.1477,113.2624,113.1621,113.8621,113.7294,113.5781,114.2424,114.8979,116.388,117.0306,118.517,119.1463,120.6281,121.2436,122.7202,123.3214,125.6708,126.2615,127.7296,129.1959,129.7655,131.2239,132.68,133.2272,134.6743,137.0318,137.559,138.9962,137.6581,127.9514,118.163,112.9632,111.464,111.8234,111.2317,111.5712,110.9539,111.2736,111.5849,111.8877,112.1819,112.4676,111.7811,112.0474,112.3051,112.5543,111.8225,112.0526,112.274,112.487,112.6913,112.8871,113.0743,113.2529,115.3954
99.06491,98.06666,97.06093,94.77565,93.13942,90.88714,89.88658,87.66165,86.05955,84.46484,82.28994,80.71771,79.72712,78.16406,76.60943,75.61537,74.61555,74.14735,73.12886,72.6273,71.59029,71.05537,70,69.43172,68.35816,68.2337,67.13443,66.4918,65.82862,64.69868,64.00219,63.28513,62.12488,61.3746,61.0105,59.81236,59.0004,57.01983,51.69571,46.54566,43.36252,41.67468,40.7004,39.38921,38.41704,37.12464,36.15499,35.18258,34.20749,33.2298,32.24957,30.99965,30.02301,29.04408,28.06294,26.84622,25.86937,24.89056,23.90984,22.92731,21.94303,20.95709,19.96954,19.31057
113.9611,114.0609,115.6727,114.9721,115.0176,114.2608,115.0496,115.0362,114.2049,114.1477,113.2624,113.1621,113.8621,113.7294,113.5781,113.4085,114.8979,115.5446,117.0306,118.517,120.0034,120.6281,121.2436,122.7202,123.3214,124.792,126.2615,127.7296,129.1959,130.6604,132.1227,132.68,134.1336,135.5842,137.0318,137.559,139.9167,137.6581,127.9514,118.163,112.9632,111.464,111.8234,111.2317,111.5712,110.9539,111.2736,111.5849,111.8877,112.1819,112.4676,112.7448,112.0474,112.3051,112.5543,112.7949,113.0269,112.274,112.487,112.6913,112.8871,113.0743,112.2681,114.4091
99.06491,97.41721,97.06093,94.77565,93.13942,90.88714,89.88658,88.27041,86.05955,84.46484,82.28994,80.71771,79.72712,78.16406,76.60943,75.06343,74.61555,73.61005,73.12886,72.6273,72.10533,71.05537,70,69.43172,68.35816,67.75654,67.13443,66.4918,65.82862,65.14488,64.44056,63.28513,62.5475,61.78929,61.0105,59.81236,59.39113,57.01983,51.69571,46.54566,43.36252,41.67468,40.7004,39.38921,38.41704,37.12464,36.15499,35.18258,34.20749,33.2298,32.24957,31.26689,30.02301,29.04408,28.06294,27.07966,26.09432,24.89056,23.90984,22.92731,21.94303,20.95709,19.79589,19.14552
113.9611,114.0609,115.6727,114.9721,115.0176,114.2608,115.0496,115.0362,114.2049,114.1477,113.2624,113.1621,113.8621,113.7294,113.5781,114.2424,114.8979,115.5446,117.0306,118.517,120.0034,120.6281,121.2436,122.7202,124.196,124.792,126.2615,127.7296,129.1959,130.6604,132.1227,132.68,134.1336,134.6743,137.0318,138.4761,139.9167,137.6581,127.9514,118.163,112.9632,111.464,111.8234,111.2317,111.5712,110.9539,111.2736,111.5849,111.8877,112.1819,112.4676,111.7811,112.0474,112.3051,112.5543,112.7949,113.0269,112.274,112.487,112.6913,112.8871,112.0911,114.2377,111.4503
99.06491,97.41721,97.06093,94.77565,93.13942,90.88714,89.88658,88.27041,86.05955,84.46484,82.28994,80.71771,79.72712,78.16406,76.60943,75.61537,74.61555,73.61005,73.12886,72.6273,72.10533,71.05537,70,69.43172,68.84297,67.75654,67.13443,66.4918,65.82862,65.14488,64.44056,63.28513,62.5475,61.3746,61.0105,60.21111,59.39113,57.01983,51.69571,46.54566,43.36252,41.67468,40.7004,39.38921,38.41704,37.12464,36.15499,35.18258,34.20749,33.2298,32.24957,30.99965,30.02301,29.04408,28.06294,27.07966,26.09432,24.89056,23.90984,22.92731,21.94303,20.77485,20.14319,18.65038
113.9611,115.5817,115.6727,114.9721,115.0176,114.2608,115.0496,114.2429,114.2049,114.1477,113.2624,113.1621,113.8621,113.7294,113.5781,114.2424,114.8979,115.5446,117.0306,118.517,120.0034,120.6281,121.2436,122.7202,124.196,125.6708,127.1445,127.7296,129.1959,130.6604,132.1227,131.7775,134.1336,134.6743,136.1183,137.559,138.9962,137.6581,127.9514,117.2326,112.9632,111.464,111.8234,112.1743,111.5712,111.9022,111.2736,111.5849,111.8877,112.1819,112.4676,112.7448,112.0474,112.3051,112.5543,112.7949,113.0269,112.274,112.487,112.6913,112.8871,112.0911,114.2377,112.4366
99.06491,98.7161,97.06093,94.77565,93.13942,90.88714,89.88658,87.66165,86.05955,84.46484,82.28994,80.71771,79.72712,78.16406,76.60943,75.61537,74.61555,73.61005,73.12886,72.6273,72.10533,71.05537,70,69.43172,68.84297,68.2337,67.60391,66.4918,65.82862,65.14488,64.44056,62.85462,62.5475,61.3746,60.60376,59.81236,59.0004,57.01983,51.69571,46.17915,43.36252,41.67468,40.7004,39.72302,38.41704,37.44195,36.15499,35.18258,34.20749,33.2298,32.24957,31.26689,30.02301,29.04408,28.06294,27.07966,26.09432,24.89056,23.90984,22.92731,21.94303,20.77485,20.14319,18.81543
113.9611,114.8213,114.9067,114.9721,115.0176,115.0434,115.0496,114.2429,114.2049,113.3438,113.2624,113.1621,113.8621,113.7294,113.5781,114.2424,114.8979,116.388,117.0306,118.517,120.0034,120.6281,121.2436,122.7202,124.196,125.6708,126.2615,126.8425,129.1959,130.6604,132.1227,132.68,134.1336,135.5842,137.0318,137.559,138.9962,137.6581,127.9514,118.163,112.9632,111.464,111.8234,111.2317,111.5712,111.9022,111.2736,111.5849,111.8877,112.1819,112.4676,112.7448,112.0474,112.3051,112.5543,112.7949,113.0269,112.274,112.487,112.6913,112.8871,113.0743,113.2529,114.4091
99.06491,98.06666,96.41814,94.77565,93.13942,91.50965,89.88658,87.66165,86.05955,83.87001,82.28994,80.71771,79.72712,78.16406,76.60943,75.61537,74.61555,74.14735,73.12886,72.6273,72.10533,71.05537,70,69.43172,68.84297,68.2337,67.13443,66.03005,65.82862,65.14488,64.44056,63.28513,62.5475,61.78929,61.0105,59.81236,59.0004,57.01983,51.69571,46.54566,43.36252,41.67468,40.7004,39.38921,38.41704,37.44195,36.15499,35.18258,34.20749,33.2298,32.24957,31.26689,30.02301,29.04408,28.06294,27.07966,26.09432,24.89056,23.90984,22.92731,21.94303,20.95709,19.96954,19.14552
113.9611,114.8213,114.9067,114.9721,115.0176,114.2608,115.0496,114.2429,114.2049,114.1477,113.2624,113.1621,113.8621,112.9053,113.5781,114.2424,114.8979,116.388,117.8787,118.517,119.1463,120.6281,121.2436,121.8498,124.196,124.792,126.2615,127.7296,129.1959,130.6604,132.1227,131.7775,133.2272,134.6743,136.1183,137.559,138.9962,138.5819,127.9514,118.163,112.9632,111.464,111.8234,111.2317,111.5712,110.9539,111.2736,111.5849,111.8877,112.1819,112.4676,112.7448,112.0474,112.3051,112.5543,112.7949,112.0526,112.274,112.487,112.6913,112.8871,113.0743,113.2529,113.4228
99.06491,98.06666,96.41814,94.77565,93.13942,90.88714,89.88658,87.66165,86.05955,84.46484,82.28994,80.71771,79.72712,77.59765,76.60943,75.61537,74.61555,74.14735,73.65878,72.6273,71.59029,71.05537,70,68.9393,68.84297,67.75654,67.13443,66.4918,65.82862,65.14488,64.44056,62.85462,62.12488,61.3746,60.60376,59.81236,59.0004,57.40251,51.69571,46.54566,43.36252,41.67468,40.7004,39.38921,38.41704,37.12464,36.15499,35.18258,34.20749,33.2298,32.24957,31.26689,30.02301,29.04408,28.06294,27.07966,25.86937,24.89056,23.90984,22.92731,21.94303,20.95709,19.96954,18.98047
113.9611,114.8213,115.6727,114.9721,114.2405,114.2608,115.0496,114.2429,114.2049,114.1477,114.0714,113.1621,113.8621,113.7294,113.5781,114.2424,114.8979,116.388,117.0306,118.517,120.0034,120.6281,121.2436,122.7202,124.196,125.6708,126.2615,127.7296,129.1959,130.6604,132.1227,132.68,134.1336,135.5842,137.0318,137.559,139.9167,137.6581,127.9514,118.163,112.9632,111.464,111.8234,111.2317,111.5712,111.9022,111.2736,111.5849,111.8877,112.1819,112.4676,112.7448,112.0474,112.3051,112.5543,112.7949,113.0269,113.2503,112.487,112.6913,112.8871,113.0743,114.2377,114.4091
99.06491,98.06666,97.06093,94.77565,92.5101,90.88714,89.88658,87.66165,86.05955,84.46484,82.87772,80.71771,79.72712,78.16406,76.60943,75.61537,74.61555,74.14735,73.12886,72.6273,72.10533,71.05537,70,69.43172,68.84297,68.2337,67.13443,66.4918,65.82862,65.14488,64.44056,63.28513,62.5475,61.78929,61.0105,59.81236,59.39113,57.01983,51.69571,46.54566,43.36252,41.67468,40.7004,39.38921,38.41704,37.44195,36.15499,35.18258,34.20749,33.2298,32.24957,31.26689,30.02301,29.04408,28.06294,27.07966,26.09432,25.107,23.90984,22.92731,21.94303,20.95709,20.14319,19.14552
113.9611,114.0609,115.6727,114.9721,115.0176,114.2608,115.0496,115.0362,114.2049,114.1477,113.2624,113.1621,113.8621,113.7294,113.5781,114.2424,114.8979,115.5446,117.0306,118.517,120.0034,120.6281,121.2436,122.7202,124.196,124.792,126.2615,127.7296,129.1959,130.6604,131.2239,132.68,134.1336,135.5842,137.0318,137.559,139.9167,137.6581,127.9514,118.163,112.0297,111.464,110.8837,112.1743,111.5712,111.9022,111.2736,111.5849,111.8877,112.1819,112.4676,112.7448,113.0133,112.3051,112.5543,112.7949,112.0526,112.274,112.487,112.6913,112.8871,112.0911,112.2681,114.4091
99.06491,97.41721,97.06093,94.77565,93.13942,90.88714,89.88658,88.27041,86.05955,84.46484,82.28994,80.71771,79.72712,78.16406,76.60943,75.61537,74.61555,73.61005,73.12886,72.6273,72.10533,71.05537,70,69.43172,68.84297,67.75654,67.13443,66.4918,65.82862,65.14488,64.00219,63.28513,62.5475,61.78929,61.0105,59.81236,59.39113,57.01983,51.69571,46.54566,43.00415,41.67468,40.35838,39.72302,38.41704,37.44195,36.15499,35.18258,34.20749,33.2298,32.24957,31.26689,30.28183,29.04408,28.06294,27.07966,25.86937,24.89056,23.90984,22.92731,21.94303,20.77485,19.79589,19.14552
113.9611,114.0609,115.6727,114.9721,115.0176,114.2608,115.0496,114.2429,114.2049,113.3438,114.0714,113.1621,113.8621,113.7294,113.5781,114.2424,114.8979,116.388,117.0306,118.517,120.0034,120.6281,121.2436,121.8498,123.3214,124.792,126.2615,127.7296,129.1959,130.6604,132.1227,132.68,133.2272,135.5842,137.0318,137.559,138.9962,137.6581,127.9514,118.163,112.9632,111.464,111.8234,111.2317,111.5712,111.9022,112.2247,111.5849,111.8877,112.1819,112.4676,112.7448,112.0474,112.3051,112.5543,111.8225,112.0526,112.274,112.487,112.6913,112.8871,113.0743,113.2529,112.4366
99.06491,97.41721,97.06093,94.77565,93.13942,90.88714,89.88658,87.66165,86.05955,83.87001,82.87772,80.71771,79.72712,78.16406,76.60943,75.61537,74.61555,74.14735,73.12886,72.6273,72.10533,71.05537,70,68.9393,68.35816,67.75654,67.13443,66.4918,65.82862,65.14488,64.44056,63.28513,62.12488,61.78929,61.0105,59.81236,59.0004,57.01983,51.69571,46.54566,43.36252,41.67468,40.7004,39.38921,38.41704,37.44195,36.46401,35.18258,34.20749,33.2298,32.24957,31.26689,30.02301,29.04408,28.06294,26.84622,25.86937,24.89056,23.90984,22.92731,21.94303,20.95709,19.96954,18.81543
113.9611,114.8213,115.6727,114.9721,115.0176,114.2608,115.0496,115.0362,114.2049,114.1477,113.2624,113.1621,113.8621,113.7294,114.4072,114.2424,114.8979,115.5446,117.0306,118.517,120.0034,120.6281,121.2436,122.7202,123.3214,125.6708,126.2615,127.7296,129.1959,130.6604,132.1227,132.68,133.2272,135.5842,137.0318,137.559,139.9167,138.5819,127.9514,118.163,112.9632,111.464,111.8234,111.2317,111.5712,111.9022,111.2736,111.5849,111.8877,112.1819,112.4676,112.7448,112.0474,112.3051,112.5543,112.7949,113.0269,112.274,112.487,112.6913,112.8871,113.0743,113.2529,115.3954
99.06491,98.06666,97.06093,94.77565,93.13942,90.88714,89.88658,88.27041,86.05955,84.46484,82.28994,80.71771,79.72712,78.16406,77.16862,75.61537,74.61555,73.61005,73.12886,72.6273,72.10533,71.05537,70,69.43172,68.35816,68.2337,67.13443,66.4918,65.82862,65.14488,64.44056,63.28513,62.12488,61.78929,61.0105,59.81236,59.39113,57.40251,51.69571,46.54566,43.36252,41.67468,40.7004,39.38921,38.41704,37.44195,36.15499,35.18258,34.20749,33.2298,32.24957,31.26689,30.02301,29.04408,28.06294,27.07966,26.09432,24.89056,23.90984,22.92731,21.94303,20.95709,19.96954,19.31057
113.2064,114.0609,115.6727,114.9721,115.0176,114.2608,115.0496,114.2429,114.2049,114.1477,113.2624,113.1621,113.8621,113.7294,113.5781,114.2424,114.8979,116.388,117.0306,118.517,120.0034,120.6281,121.2436,122.7202,124.196,124.792,126.2615,127.7296,129.1959,130.6604,132.1227,132.68,134.1336,135.5842,137.0318,137.559,138.9962,137.6581,127.9514,118.163,112.9632,111.464,110.8837,111.2317,111.5712,110.9539,111.2736,111.5849,111.8877,112.1819,111.5064,111.7811,113.0133,112.3051,112.5543,112.7949,112.0526,112.274,112.487,112.6913,112.8871,112.0911,114.2377,113.4228
98.40885,97.41721,97.06093,94.77565,93.13942,90.88714,89.88658,87.66165,86.05955,84.46484,82.28994,80.71771,79.72712,78.16406,76.60943,75.61537,74.61555,74.14735,73.12886,72.6273,72.10533,71.05537,70,69.43172,68.84297,67.75654,67.13443,66.4918,65.82862,65.14488,64.44056,63.28513,62.5475,61.78929,61.0105,59.81236,59.0004,57.01983,51.69571,46.54566,43.36252,41.67468,40.35838,39.38921,38.41704,37.12464,36.15499,35.18258,34.20749,33.2298,31.97393,30.99965,30.28183,29.04408,28.06294,27.07966,25.86937,24.89056,23.90984,22.92731,21.94303,20.77485,20.14319,18.98047
113.9611,114.0609,115.6727,114.9721,114.2405,114.2608,115.0496,114.2429,114.2049,114.1477,114.0714,113.1621,113.8621,113.7294,113.5781,114.2424,114.8979,116.388,117.0306,118.517,120.0034,120.6281,121.2436,121.8498,123.3214,124.792,126.2615,127.7296,129.1959,130.6604,132.1227,132.68,134.1336,134.6743,137.0318,137.559,139.9167,137.6581,127.9514,118.163,112.9632,111.464,111.8234,111.2317,111.5712,110.9539,111.2736,111.5849,111.8877,112.1819,112.4676,112.7448,113.0133,112.3051,112.5543,112.7949,112.0526,112.274,112.487,112.6913,112.8871,113.0743,113.2529,115.3954
99.06491,97.41721,97.06093,94.77565,92.5101,90.88714,89.88658,87.66165,86.05955,84.46484,82.87772,80.71771,79.72712,78.16406,76.60943,75.61537,74.61555,74.14735,73.12886,72.6273,72.10533,71.05537,70,68.9393,68.35816,67.75654,67.13443,66.4918,65.82862,65.14488,64.44056,63.28513,62.5475,61.3746,61.0105,59.81236,59.39113,57.01983,51.69571,46.54566,43.36252,41.67468,40.7004,39.38921,38.41704,37.12464,36.15499,35.18258,34.20749,33.2298,32.24957,31.26689,30.28183,29.04408,28.06294,27.07966,25.86937,24.89056,23.90984,22.92731,21.94303,20.95709,19.96954,19.31057
113.9611,114.0609,114.9067,114.9721,114.2405,115.0434,115.0496,114.2429,114.2049,114.1477,114.0714,113.1621,113.8621,113.7294,113.5781,113.4085,114.8979,115.5446,117.0306,118.517,120.0034,120.6281,121.2436,122.7202,124.196,125.6708,126.2615,127.7296,129.1959,130.6604,132.1227,132.68,133.2272,134.6743,137.0318,138.4761,138.9962,137.6581,127.9514,118.163,112.9632,111.464,110.8837,111.2317,111.5712,110.9539,111.2736,111.5849,111.8877,112.1819,112.4676,112.7448,112.0474,112.3051,112.5543,112.7949,112.0526,112.274,112.487,112.6913,112.8871,112.0911,114.2377,114.4091
99.06491,97.41721,96.41814,94.77565,92.5101,91.50965,89.88658,87.66165,86.05955,84.46484,82.87772,80.71771,79.72712,78.16406,76.60943,75.06343,74.61555,73.61005,73.12886,72.6273,72.10533,71.05537,70,69.43172,68.84297,68.2337,67.13443,66.4918,65.82862,65.14488,64.44056,63.28513,62.12488,61.3746,61.0105,60.21111,59.0004,57.01983,51.69571,46.54566,43.36252,41.67468,40.35838,39.38921,38.41704,37.12464,36.15499,35.18258,34.20749,33.2298,32.24957,31.26689,30.02301,29.04408,28.06294,27.07966,25.86937,24.89056,23.90984,22.92731,21.94303,20.77485,20.14319,19.14552
113.9611,114.8213,115.6727,114.9721,115.0176,115.0434,115.0496,114.2429,114.2049,114.1477,113.2624,113.1621,113.8621,113.7294,113.5781,114.2424,114.8979,116.388,117.0306,118.517,120.0034,120.6281,121.2436,122.7202,124.196,125.6708,126.2615,127.7296,129.1959,130.6604,132.1227,132.68,134.1336,134.6743,137.0318,137.559,138.9962,137.6581,127.9514,118.163,112.9632,111.464,111.8234,112.1743,111.5712,111.9022,111.2736,111.5849,111.8877,112.1819,112.4676,112.7448,112.0474,112.3051,112.5543,112.7949,112.0526,112.274,112.487,112.6913,112.8871,112.0911,114.2377,112.4366
99.06491,98.06666,97.06093,94.77565,93.13942,91.50965,89.88658,87.66165,86.05955,84.46484,82.28994,80.71771,79.72712,78.16406,76.60943,75.61537,74.61555,74.14735,73.12886,72.6273,72.10533,71.05537,70,69.43172,68.84297,68.2337,67.13443,66.4918,65.82862,65.14488,64.44056,63.28513,62.5475,61.3746,61.0105,59.81236,59.0004,57.01983,51.69571,46.54566,43.36252,41.67468,40.7004,39.72302,38.41704,37.44195,36.15499,35.18258,34.20749,33.2298,32.24957,31.26689,30.02301,29.04408,28.06294,27.07966,25.86937,24.89056,23.90984,22.92731,21.94303,20.77485,20.14319,18.81543
113.9611,114.0609,115.6727,114.9721,115.0176,114.2608,115.0496,114.2429,114.2049,114.1477,113.2624,113.1621,113.8621,113.7294,113.5781,114.2424,114.8979,115.5446,117.0306,118.517,120.0034,120.6281,121.2436,122.7202,124.196,125.6708,126.2615,127.7296,129.1959,130.6604,132.1227,132.68,133.2272,134.6743,137.0318,137.559,138.9962,138.5819,127.9514,117.2326,112.9632,111.464,111.8234,111.2317,110.6257,110.9539,111.2736,111.5849,111.8877,112.1819,112.4676,112.7448,113.0133,112.3051,112.5543,112.7949,112.0526,112.274,112.487,112.6913,112.8871,112.0911,113.2529,113.4228
99.06491,97.41721,97.06093,94.77565,93.13942,90.88714,89.88658,87.66165,86.05955,84.46484,82.28994,80.71771,79.72712,78.16406,76.60943,75.61537,74.61555,73.61005,73.12886,72.6273,72.10533,71.05537,70,69.43172,68.84297,68.2337,67.13443,66.4918,65.82862,65.14488,64.44056,63.28513,62.12488,61.3746,61.0105,59.81236,59.0004,57.40251,51.69571,46.17915,43.36252,41.67468,40.7004,39.38921,38.09147,37.12464,36.15499,35.18258,34.20749,33.2298,32.24957,31.26689,30.28183,29.04408,28.06294,27.07966,25.86937,24.89056,23.90984,22.92731,21.94303,20.77485,19.96954,18.98047
113.9611,114.8213,115.6727,114.9721,115.0176,114.2608,115.0496,114.2429,114.2049,114.1477,114.0714,113.1621,113.8621,113.7294,113.5781,114.2424,114.8979,115.5446,117.0306,118.517,119.1463,120.6281,121.2436,122.7202,124.196,125.6708,126.2615,126.8425,129.1959,130.6604,132.1227,132.68,134.1336,134.6743,136.1183,137.559,138.9962,137.6581,127.9514,118.163,113.8968,111.464,111.8234,111.2317,111.5712,111.9022,111.2736,111.5849,111.8877,112.1819,112.4676,112.7448,112.0474,112.3051,112.5543,112.7949,113.0269,112.274,112.487,112.6913,111.9055,112.0911,113.2529,114.4091
99.06491,98.06666,97.06093,94.77565,93.13942,90.88714,89.88658,87.66165,86.05955,84.46484,82.87772,80.71771,79.72712,78.16406,76.60943,75.61537,74.61555,73.61005,73.12886,72.6273,71.59029,71.05537,70,69.43172,68.84297,68.2337,67.13443,66.03005,65.82862,65.14488,64.44056,63.28513,62.5475,61.3746,60.60376,59.81236,59.0004,57.01983,51.69571,46.54566,43.72089,41.67468,40.7004,39.38921,38.41704,37.44195,36.15499,35.18258,34.20749,33.2298,32.24957,31.26689,30.02301,29.04408,28.06294,27.07966,26.09432,24.89056,23.90984,22.92731,21.75223,20.77485,19.96954,19.14552
114.7159,114.0609,115.6727,114.9721,115.0176,114.2608,115.0496,114.2429,114.2049,114.1477,114.0714,113.1621,113.8621,113.7294,113.5781,114.2424,114.0592,116.388,117.0306,118.517,120.0034,120.6281,121.2436,122.7202,124.196,124.792,126.2615,127.7296,129.1959,130.6604,132.1227,132.68,133.2272,134.6743,136.1183,137.559,138.9962,137.6581,127.9514,118.163,112.9632,111.464,111.8234,111.2317,111.5712,111.9022,111.2736,111.5849,111.8877,112.1819,112.4676,112.7448,112.0474,112.3051,112.5543,111.8225,113.0269,112.274,112.487,112.6913,112.8871,112.0911,112.2681,115.3954
99.72097,97.41721,97.06093,94.77565,93.13942,90.88714,89.88658,87.66165,86.05955,84.46484,82.87772,80.71771,79.72712,78.16406,76.60943,75.61537,74.07091,74.14735,73.12886,72.6273,72.10533,71.05537,70,69.43172,68.84297,67.75654,67.13443,66.4918,65.82862,65.14488,64.44056,63.28513,62.12488,61.3746,60.60376,59.81236,59.0004,57.01983,51.69571,46.54566,43.36252,41.67468,40.7004,39.38921,38.41704,37.44195,36.15499,35.18258,34.20749,33.2298,32.24957,31.26689,30.02301,29.04408,28.06294,26.84622,26.09432,24.89056,23.90984,22.92731,21.94303,20.77485,19.79589,19.31057
113.9611,115.5817,114.9067,114.9721,114.2405,114.2608,115.0496,114.2429,114.2049,114.1477,114.0714,113.1621,113.8621,113.7294,113.5781,114.2424,114.8979,115.5446,117.0306,118.517,120.0034,120.6281,121.2436,122.7202,123.3214,124.792,126.2615,127.7296,129.1959,130.6604,132.1227,131.7775,134.1336,134.6743,137.0318,137.559,139.9167,137.6581,127.0242,118.163,112.9632,111.464,110.8837,111.2317,111.5712,111.9022,111.2736,111.5849,111.8877,112.1819,112.4676,111.7811,112.0474,112.3051,112.5543,112.7949,113.0269,113.2503,112.487,112.6913,111.9055,113.0743,112.2681,111.4503
99.06491,98.7161,96.41814,94.77565,92.5101,90.88714,89.88658,87.66165,86.05955,84.46484,82.87772,80.71771,79.72712,78.16406,76.60943,75.61537,74.61555,73.61005,73.12886,72.6273,72.10533,71.05537,70,69.43172,68.35816,67.75654,67.13443,66.4918,65.82862,65.14488,64.44056,62.85462,62.5475,61.3746,61.0105,59.81236,59.39113,57.01983,51.3211,46.54566,43.36252,41.67468,40.35838,39.38921,38.41704,37.44195,36.15499,35.18258,34.20749,33.2298,32.24957,30.99965,30.02301,29.04408,28.06294,27.07966,26.09432,25.107,23.90984,22.92731,21.75223,20.95709,19.79589,18.65038
113.9611,114.0609,114.9067,114.9721,115.0176,114.2608,115.0496,115.0362,114.2049,114.1477,114.0714,113.1621,113.8621,113.7294,113.5781,114.2424,114.8979,116.388,117.0306,118.517,120.0034,120.6281,121.2436,121.8498,124.196,124.792,126.2615,127.7296,129.1959,130.6604,132.1227,132.68,133.2272,135.5842,137.0318,137.559,139.9167,136.7342,127.9514,118.163,112.9632,112.4007,111.8234,111.2317,111.5712,111.9022,111.2736,111.5849,111.8877,112.1819,112.4676,112.7448,113.0133,112.3051,112.5543,112.7949,113.0269,112.274,112.487,112.6913,112.8871,113.0743,114.2377,112.4366
99.06491,97.41721,96.41814,94.77565,93.13942,90.88714,89.88658,88.27041,86.05955,84.46484,82.87772,80.71771,79.72712,78.16406,76.60943,75.61537,74.61555,74.14735,73.12886,72.6273,72.10533,71.05537,70,68.9393,68.84297,67.75654,67.13443,66.4918,65.82862,65.14488,64.44056,63.28513,62.12488,61.78929,61.0105,59.81236,59.39113,56.63715,51.69571,46.54566,43.36252,42.02489,40.7004,39.38921,38.41704,37.44195,36.15499,35.18258,34.20749,33.2298,32.24957,31.26689,30.28183,29.04408,28.06294,27.07966,26.09432,24.89056,23.90984,22.92731,21.94303,20.95709,20.14319,18.81543
113.9611,114.8213,115.6727,114.9721,115.0176,114.2608,115.0496,114.2429,114.2049,114.1477,114.0714,113.1621,113.8621,113.7294,113.5781,114.2424,114.8979,115.5446,117.0306,117.6643,120.0034,120.6281,121.2436,121.8498,124.196,124.792,126.2615,127.7296,128.3049,130.6604,131.2239,132.68,134.1336,134.6743,137.0318,137.559,138.9962,137.6581,127.9514,118.163,112.9632,111.464,111.8234,111.2317,111.5712,110.9539,111.2736,111.5849,111.8877,112.1819,112.4676,112.7448,112.0474,112.3051,112.5543,112.7949,112.0526,112.274,112.487,112.6913,112.8871,112.0911,113.2529,113.4228
99.06491,98.06666,97.06093,94.77565,93.13942,90.88714,89.88658,87.66165,86.05955,84.46484,82.87772,80.71771,79.72712,78.16406,76.60943,75.61537,74.61555,73.61005,73.12886,72.1048,72.10533,71.05537,70,68.9393,68.84297,67.75654,67.13443,66.4918,65.37463,65.14488,64.00219,63.28513,62.5475,61.3746,61.0105,59.81236,59.0004,57.01983,51.69571,46.54566,43.36252,41.67468,40.7004,39.38921,38.41704,37.12464,36.15499,35.18258,34.20749,33.2298,32.24957,31.26689,30.02301,29.04408,28.06294,27.07966,25.86937,24.89056,23.90984,22.92731,21.94303,20.77485,19.96954,18.98047
113.9611,114.8213,115.6727,114.9721,115.0176,114.2608,115.0496,114.2429,114.2049,113.3438,113.2624,113.1621,113.8621,113.7294,113.5781,114.2424,114.8979,116.388,117.0306,118.517,120.0034,120.6281,121.2436,122.7202,124.196,125.6708,126.2615,127.7296,129.1959,130.6604,132.1227,132.68,133.2272,134.6743,136.1183,137.559,139.9167,137.6581,127.9514,117.2326,112.9632,111.464,111.8234,111.2317,111.5712,111.9022,111.2736,111.5849,111.8877,112.1819,112.4676,112.7448,112.0474,112.3051,112.5543,111.8225,112.0526,112.274,112.487,112.6913,112.8871,113.0743,113.2529,112.4366
99.06491,98.06666,97.06093,94.77565,93.13942,90.88714,89.88658,87.66165,86.05955,83.87001,82.28994,80.71771,79.72712,78.16406,76.60943,75.61537,74.61555,74.14735,73.12886,72.6273,72.10533,71.05537,70,69.43172,68.84297,68.2337,67.13443,66.4918,65.82862,65.14488,64.44056,63.28513,62.12488,61.3746,60.60376,59.81236,59.39113,57.01983,51.69571,46.17915,43.36252,41.67468,40.7004,39.38921,38.41704,37.44195,36.15499,35.18258,34.20749,33.2298,32.24957,31.26689,30.02301,29.04408,28.06294,26.84622,25.86937,24.89056,23.90984,22.92731,21.94303,20.95709,19.96954,18.81543
113.9611,114.0609,115.6727,114.9721,115.0176,114.2608,115.0496,114.2429,114.2049,114.1477,114.0714,113.1621,113.8621,113.7294,113.5781,114.2424,114.8979,116.388,117.0306,118.517,120.0034,120.6281,121.2436,122.7202,123.3214,125.6708,126.2615,127.7296,129.1959,130.6604,132.1227,132.68,133.2272,135.5842,136.1183,138.4761,138.9962,137.6581,127.9514,118.163,112.9632,111.464,111.8234,111.2317,111.5712,111.9022,111.2736,111.5849,111.8877,112.1819,112.4676,111.7811,112.0474,112.3051,112.5543,112.7949,112.0526,112.274,112.487,112.6913,112.8871,113.0743,113.2529,112.4366
99.06491,97.41721,97.06093,94.77565,93.13942,90.88714,89.88658,87.66165,86.05955,84.46484,82.87772,80.71771,79.72712,78.16406,76.60943,75.61537,74.61555,74.14735,73.12886,72.6273,72.10533,71.05537,70,69.43172,68.35816,68.2337,67.13443,66.4918,65.82862,65.14488,64.44056,63.28513,62.12488,61.78929,60.60376,60.21111,59.0004,57.01983,51.69571,46.54566,43.36252,41.67468,40.7004,39.38921,38.41704,37.44195,36.15499,35.18258,34.20749,33.2298,32.24957,30.99965,30.02301,29.04408,28.06294,27.07966,25.86937,24.89056,23.90984,22.92731,21.94303,20.95709,19.96954,18.81543
113.2064,114.0609,115.6727,114.9721,115.0176,114.2608,115.0496,115.0362,114.2049,114.1477,113.2624,113.1621,113.8621,113.7294,113.5781,114.2424,114.8979,116.388,117.0306,118.517,120.0034,120.6281,121.2436,121.8498,124.196,125.6708,126.2615,127.7296,129.1959,129.7655,132.1227,132.68,134.1336,134.6743,137.0318,137.559,139.9167,138.5819,127.9514,118.163,112.0297,111.464,111.8234,111.2317,111.5712,110.9539,111.2736,111.5849,111.8877,112.1819,112.4676,111.7811,112.0474,112.3051,112.5543,112.7949,112.0526,112.274,112.487,112.6913,112.8871,112.0911,114.2377,111.4503
98.40885,97.41721,97.06093,94.77565,93.13942,90.88714,89.88658,88.27041,86.05955,84.46484,82.28994,80.71771,79.72712,78.16406,76.60943,75.61537,74.61555,74.14735,73.12886,72.6273,72.10533,71.05537,70,68.9393,68.84297,68.2337,67.13443,66.4918,65.82862,64.69868,64.44056,63.28513,62.5475,61.3746,61.0105,59.81236,59.39113,57.40251,51.69571,46.54566,43.00415,41.67468,40.7004,39.38921,38.41704,37.12464,36.15499,35.18258,34.20749,33.2298,32.24957,30.99965,30.02301,29.04408,28.06294,27.07966,25.86937,24.89056,23.90984,22.92731,21.94303,20.77485,20.14319,18.65038
113.9611,114.0609,115.6727,114.9721,115.0176,114.2608,115.0496,114.2429,114.2049,114.1477,114.0714,113.1621,113.8621,113.7294,113.5781,114.2424,114.8979,116.388,117.0306,118.517,120.0034,120.6281,121.2436,122.7202,124.196,125.6708,126.2615,127.7296,129.1959,130.6604,132.1227,131.7775,133.2272,134.6743,137.0318,137.559,139.9167,137.6581,127.9514,118.163,112.9632,111.464,111.8234,111.2317,111.5712,110.9539,111.2736,111.5849,111.8877,112.1819,111.5064,112.7448,112.0474,112.3051,112.5543,112.7949,112.0526,112.274,112.487,112.6913,112.8871,113.0743,113.2529,114.4091
99.06491,97.41721,97.06093,94.77565,93.13942,90.88714,89.88658,87.66165,86.05955,84.46484,82.87772,80.71771,79.72712,78.16406,76.60943,75.61537,74.61555,74.14735,73.12886,72.6273,72.10533,71.05537,70,69.43172,68.84297,68.2337,67.13443,66.4918,65.82862,65.14488,64.44056,62.85462,62.12488,61.3746,61.0105,59.81236,59.39113,57.01983,51.69571,46.54566,43.36252,41.67468,40.7004,39.38921,38.41704,37.12464,36.15499,35.18258,34.20749,33.2298,31.97393,31.26689,30.02301,29.04408,28.06294,27.07966,25.86937,24.89056,23.90984,22.92731,21.94303,20.95709,19.96954,19.14552
113.9611,114.0609,114.9067,114.9721,115.0176,114.2608,115.0496,114.2429,114.2049,114.1477,114.0714,113.1621,113.8621,113.7294,113.5781,114.2424,114.8979,116.388,117.0306,118.517,120.0034,120.6281,121.2436,122.7202,123.3214,124.792,126.2615,127.7296,129.1959,130.6604,132.1227,132.68,133.2272,135.5842,137.0318,137.559,139.9167,138.5819,127.9514,118.163,112.9632,111.464,111.8234,111.2317,111.5712,111.9022,112.2247,111.5849,111.8877,112.1819,112.4676,112.7448,112.0474,112.3051,112.5543,112.7949,113.0269,112.274,112.487,112.6913,112.8871,113.0743,112.2681,113.4228
99.06491,97.41721,96.41814,94.77565,93.13942,90.88714,89.88658,87.66165,86.05955,84.46484,82.87772,80.71771,79.72712,78.16406,76.60943,75.61537,74.61555,74.14735,73.12886,72.6273,72.10533,71.05537,70,69.43172,68.35816,67.75654,67.13443,66.4918,65.82862,65.14488,64.44056,63.28513,62.12488,61.78929,61.0105,59.81236,59.39113,57.40251,51.69571,46.54566,43.36252,41.67468,40.7004,39.38921,38.41704,37.44195,36.46401,35.18258,34.20749,33.2298,32.24957,31.26689,30.02301,29.04408,28.06294,27.07966,26.09432,24.89056,23.90984,22.92731,21.94303,20.95709,19.79589,18.98047
113.9611,114.8213,115.6727,114.9721,115.0176,114.2608,115.0496,114.2429,114.2049,114.1477,114.0714,113.1621,113.8621,113.7294,113.5781,114.2424,114.8979,116.388,117.0306,118.517,120.0034,120.6281,121.2436,121.8498,124.196,125.6708,126.2615,127.7296,129.1959,130.6604,132.1227,132.68,134.1336,134.6743,136.1183,137.559,139.9167,137.6581,127.0242,118.163,112.9632,111.464,111.8234,111.2317,111.5712,111.9022,111.2736,111.5849,111.8877,112.1819,112.4676,112.7448,112.0474,112.3051,112.5543,112.7949,112.0526,112.274,112.487,112.6913,112.8871,113.0743,112.2681,114.4091
99.06491,98.06666,97.06093,94.77565,93.13942,90.88714,89.88658,87.66165,86.05955,84.46484,82.87772,80.71771,79.72712,78.16406,76.60943,75.61537,74.61555,74.14735,73.12886,72.6273,72.10533,71.05537,70,68.9393,68.84297,68.2337,67.13443,66.4918,65.82862,65.14488,64.44056,63.28513,62.5475,61.3746,60.60376,59.81236,59.39113,57.01983,51.3211,46.54566,43.36252,41.67468,40.7004,39.38921,38.41704,37.44195,36.15499,35.18258,34.20749,33.2298,32.24957,31.26689,30.02301,29.04408,28.06294,27.07966,25.86937,24.89056,23.90984,22.92731,21.94303,20.95709,19.79589,19.14552
113.9611,114.0609,115.6727,114.9721,115.0176,114.2608,115.0496,115.0362,114.2049,114.1477,114.0714,113.1621,113.8621,113.7294,113.5781,114.2424,114.8979,116.388,117.0306,118.517,120.0034,120.6281,121.2436,122.7202,124.196,125.6708,127.1445,127.7296,129.1959,130.6604,132.1227,132.68,133.2272,135.5842,135.2047,137.559,138.9962,137.6581,127.9514,118.163,112.9632,111.464,111.8234,111.2317,111.5712,111.9022,111.2736,111.5849,111.8877,112.1819,112.4676,112.7448,112.0474,112.3051,112.5543,112.7949,112.0526,112.274,112.487,112.6913,112.8871,113.0743,114.2377,114.4091
99.06491,97.41721,97.06093,94.77565,93.13942,90.88714,89.88658,88.27041,86.05955,84.46484,82.87772,80.71771,79.72712,78.16406,76.60943,75.61537,74.61555,74.14735,73.12886,72.6273,72.10533,71.05537,70,69.43172,68.84297,68.2337,67.60391,66.4918,65.82862,65.14488,64.44056,63.28513,62.12488,61.78929,60.19702,59.81236,59.0004,57.01983,51.69571,46.54566,43.36252,41.67468,40.7004,39.38921,38.41704,37.44195,36.15499,35.18258,34.20749,33.2298,32.24957,31.26689,30.02301,29.04408,28.06294,27.07966,25.86937,24.89056,23.90984,22.92731,21.94303,20.95709,20.14319,19.14552
