115.8021,114.9515,115.6894,114.7903,114.6813,114.5535,115.2362,115.0762,114.8979,114.7012,114.4865,114.2538,114.0033,113.735,114.3154,114.0166,113.7006,114.2462,115.6661,117.0854,117.6129,118.1313,119.5396,120.9464,122.3516,123.7547,125.1557,126.5543,127.0297,128.4193,129.8057,131.1889,132.5684,133.9441,135.3157,136.683,138.9912,135.6103,127.4416,122.0758,118.5818,113.1407,112.4676,110.8175,111.0815,111.337,111.584,110.8502,111.0782,111.2977,111.5088,111.7114,111.9055,112.0911,112.2681,112.4366,112.5965,112.7478,112.8906,113.0247,112.1577,112.2736,112.381,113.4752,113.5662,112.6517
87.26318,85.05966,84.05329,81.87912,80.3007,78.73047,77.72781,76.1673,74.61555,73.07275,71.5391,70.01481,68.50006,66.99506,66,64.50749,63.02525,62.03064,61.50077,60.95082,59.92675,58.89811,58.30336,57.68849,57.05347,56.39828,55.72292,55.02737,53.9209,53.193,52.44492,51.67667,50.88825,50.07966,49.2509,48.40199,47.85852,45.37457,41.40828,38.49034,36.25409,33.51381,32.24957,30.73241,29.76419,28.7937,27.82102,26.61277,25.64442,24.67412,23.70193,22.72794,21.75223,20.77485,19.79589,18.81543,17.83353,16.85027,15.86573,14.87999,13.77124,12.79196,11.81172,10.92642,9.935755,8.865878
121.3926,115.7554,115.6894,115.6044,114.6813,114.5535,115.2362,115.0762,114.8979,114.7012,114.4865,114.2538,114.0033,113.735,114.3154,114.0166,114.5752,115.125,115.6661,117.0854,117.6129,118.1313,119.5396,120.9464,122.3516,123.7547,125.1557,126.5543,127.9502,128.4193,129.8057,131.1889,132.5684,133.9441,135.3157,136.683,138.9912,135.6103,127.4416,122.0758,118.5818,113.1407,112.4676,110.8175,111.0815,111.337,110.6137,110.8502,111.0782,111.2977,111.5088,111.7114,111.9055,112.0911,112.2681,112.4366,112.5965,112.7478,112.8906,113.0247,113.1503,112.2736,113.3755,113.4752,113.5662,113.6486
91.47588,85.65448,84.05329,82.45982,80.3007,78.73047,77.72781,76.1673,74.61555,73.07275,71.5391,70.01481,68.50006,66.99506,66,64.50749,63.51006,62.5078,61.50077,60.95082,59.92675,58.89811,58.30336,57.68849,57.05347,56.39828,55.72292,55.02737,54.31163,53.193,52.44492,51.67667,50.88825,50.07966,49.2509,48.40199,47.85852,45.37457,41.40828,38.49034,36.25409,33.51381,32.24957,30.73241,29.76419,28.7937,27.5791,26.61277,25.64442,24.67412,23.70193,22.72794,21.75223,20.77485,19.79589,18.81543,17.83353,16.85027,15.86573,14.87999,13.89311,12.79196,11.91624,10.92642,9.935755,8.944337
115.0035,115.7554,115.6894,114.7903,114.6813,114.5535,114.4072,115.0762,114.8979,114.7012,114.4865,114.2538,114.0033,113.735,114.3154,114.0166,113.7006,115.125,115.6661,117.0854,117.6129,118.1313,119.5396,120.9464,121.4452,123.7547,125.1557,126.5543,127.0297,127.4954,128.8786,131.1889,132.5684,133.9441,135.3157,136.683,138.9912,135.6103,127.4416,122.0758,117.6255,113.1407,112.4676,110.8175,111.0815,111.337,111.584,110.8502,111.0782,111.2977,111.5088,111.7114,111.9055,112.0911,112.2681,112.4366,112.5965,112.7478,112.8906,113.0247,113.1503,112.2736,112.381,112.4798,113.5662,115.6424
86.66136,85.65448,84.05329,81.87912,80.3007,78.73047,77.16862,76.1673,74.61555,73.07275,71.5391,70.01481,68.50006,66.99506,66,64.50749,63.02525,62.5078,61.50077,60.95082,59.92675,58.89811,58.30336,57.68849,56.63085,56.39828,55.72292,55.02737,53.9209,52.81031,52.07032,51.67667,50.88825,50.07966,49.2509,48.40199,47.85852,45.37457,41.40828,38.49034,35.96172,33.51381,32.24957,30.73241,29.76419,28.7937,27.82102,26.61277,25.64442,24.67412,23.70193,22.72794,21.75223,20.77485,19.79589,18.81543,17.83353,16.85027,15.86573,14.87999,13.89311,12.79196,11.81172,10.83057,9.935755,9.101255
115.0035,115.7554,115.6894,115.6044,114.6813,115.3777,114.4072,115.0762,114.8979,114.7012,114.4865,114.2538,114.0033,113.735,114.3154,114.0166,113.7006,114.2462,115.6661,117.0854,117.6129,118.1313,119.5396,120.9464,122.3516,123.7547,125.1557,126.5543,127.0297,128.4193,129.8057,131.1889,132.5684,133.9441,135.3157,136.683,138.9912,135.6103,127.4416,122.0758,117.6255,113.1407,112.4676,110.8175,111.0815,111.337,110.6137,110.8502,111.0782,111.2977,111.5088,111.7114,111.9055,112.0911,112.2681,112.4366,112.5965,112.7478,112.8906,113.0247,113.1503,113.2672,112.381,112.4798,113.5662,112.6517
86.66136,85.65448,84.05329,82.45982,80.3007,79.29687,77.16862,76.1673,74.61555,73.07275,71.5391,70.01481,68.50006,66.99506,66,64.50749,63.02525,62.03064,61.50077,60.95082,59.92675,58.89811,58.30336,57.68849,57.05347,56.39828,55.72292,55.02737,53.9209,53.193,52.44492,51.67667,50.88825,50.07966,49.2509,48.40199,47.85852,45.37457,41.40828,38.49034,35.96172,33.51381,32.24957,30.73241,29.76419,28.7937,27.5791,26.61277,25.64442,24.67412,23.70193,22.72794,21.75223,20.77485,19.79589,18.81543,17.83353,16.85027,15.86573,14.87999,13.89311,12.90517,11.81172,10.83057,9.935755,8.865878
120.594,115.7554,115.6894,115.6044,114.6813,114.5535,114.4072,114.2424,114.8979,114.7012,114.4865,114.2538,114.0033,113.735,114.3154,114.0166,114.5752,114.2462,115.6661,117.0854,117.6129,118.1313,119.5396,120.9464,122.3516,123.7547,125.1557,126.5543,127.0297,128.4193,129.8057,131.1889,132.5684,133.9441,135.3157,136.683,138.9912,135.6103,127.4416,121.1221,117.6255,113.1407,112.4676,111.7811,111.0815,111.337,110.6137,110.8502,111.0782,111.2977,111.5088,111.7114,111.9055,112.0911,112.2681,112.4366,112.5965,112.7478,112.8906,113.0247,113.1503,112.2736,113.3755,112.4798,113.5662,113.6486
90.87407,85.65448,84.05329,82.45982,80.3007,78.73047,77.16862,75.61537,74.61555,73.07275,71.5391,70.01481,68.50006,66.99506,66,64.50749,63.51006,62.03064,61.50077,60.95082,59.92675,58.89811,58.30336,57.68849,57.05347,56.39828,55.72292,55.02737,53.9209,53.193,52.44492,51.67667,50.88825,50.07966,49.2509,48.40199,47.85852,45.37457,41.40828,38.18964,35.96172,33.51381,32.24957,30.99965,29.76419,28.7937,27.5791,26.61277,25.64442,24.67412,23.70193,22.72794,21.75223,20.77485,19.79589,18.81543,17.83353,16.85027,15.86573,14.87999,13.89311,12.79196,11.91624,10.83057,9.935755,8.944337
120.594,115.7554,115.6894,114.7903,114.6813,114.5535,114.4072,115.0762,114.8979,114.7012,114.4865,114.2538,114.0033,113.735,114.3154,114.0166,113.7006,114.2462,115.6661,117.0854,117.6129,118.1313,119.5396,120.9464,122.3516,123.7547,125.1557,126.5543,127.0297,127.4954,129.8057,130.2585,132.5684,133.9441,135.3157,136.683,138.9912,135.6103,127.4416,122.0758,117.6255,113.1407,111.5064,110.8175,111.0815,111.337,111.584,110.8502,111.0782,111.2977,111.5088,111.7114,111.9055,112.0911,112.2681,112.4366,112.5965,112.7478,112.8906,113.0247,113.1503,112.2736,113.3755,112.4798,113.5662,112.6517
90.87407,85.65448,84.05329,81.87912,80.3007,78.73047,77.16862,76.1673,74.61555,73.07275,71.5391,70.01481,68.50006,66.99506,66,64.50749,63.02525,62.03064,61.50077,60.95082,59.92675,58.89811,58.30336,57.68849,57.05347,56.39828,55.72292,55.02737,53.9209,52.81031,52.44492,51.31017,50.88825,50.07966,49.2509,48.40199,47.85852,45.37457,41.40828,38.49034,35.96172,33.51381,31.97393,30.73241,29.76419,28.7937,27.82102,26.61277,25.64442,24.67412,23.70193,22.72794,21.75223,20.77485,19.79589,18.81543,17.83353,16.85027,15.86573,14.87999,13.89311,12.79196,11.91624,10.83057,9.935755,8.865878
115.0035,115.7554,114.8804,114.7903,114.6813,114.5535,114.4072,115.0762,114.8979,114.7012,114.4865,114.2538,114.0033,113.735,114.3154,114.0166,113.7006,115.125,115.6661,117.0854,117.6129,119.0263,119.5396,121.849,122.3516,123.7547,125.1557,126.5543,127.0297,128.4193,129.8057,131.1889,132.5684,133.9441,135.3157,136.683,138.9912,135.6103,127.4416,122.0758,117.6255,113.1407,112.4676,111.7811,111.0815,111.337,111.584,110.8502,111.0782,111.2977,111.5088,111.7114,111.9055,112.0911,112.2681,112.4366,112.5965,112.7478,112.8906,113.0247,113.1503,112.2736,113.3755,112.4798,113.5662,112.6517
86.66136,85.65448,83.46551,81.87912,80.3007,78.73047,77.16862,76.1673,74.61555,73.07275,71.5391,70.01481,68.50006,66.99506,66,64.50749,63.02525,62.5078,61.50077,60.95082,59.92675,59.34431,58.30336,58.119,57.05347,56.39828,55.72292,55.02737,53.9209,53.193,52.44492,51.67667,50.88825,50.07966,49.2509,48.40199,47.85852,45.37457,41.40828,38.49034,35.96172,33.51381,32.24957,30.99965,29.76419,28.7937,27.82102,26.61277,25.64442,24.67412,23.70193,22.72794,21.75223,20.77485,19.79589,18.81543,17.83353,16.85027,15.86573,14.87999,13.89311,12.79196,11.91624,10.83057,9.935755,8.865878
120.594,115.7554,115.6894,114.7903,114.6813,115.3777,114.4072,115.0762,114.8979,114.7012,114.4865,114.2538,114.0033,113.735,114.3154,114.0166,113.7006,114.2462,115.6661,117.0854,117.6129,118.1313,119.5396,120.9464,122.3516,123.7547,125.1557,126.5543,127.0297,128.4193,129.8057,131.1889,132.5684,133.9441,135.3157,136.683,138.9912,135.6103,127.4416,122.0758,117.6255,113.1407,112.4676,111.7811,111.0815,111.337,110.6137,110.8502,111.0782,111.2977,111.5088,111.7114,111.9055,112.0911,112.2681,112.4366,112.5965,112.7478,112.8906,113.0247,113.1503,112.2736,113.3755,112.4798,113.5662,112.6517
90.87407,85.65448,84.05329,81.87912,80.3007,79.29687,77.16862,76.1673,74.61555,73.07275,71.5391,70.01481,68.50006,66.99506,66,64.50749,63.02525,62.03064,61.50077,60.95082,59.92675,58.89811,58.30336,57.68849,57.05347,56.39828,55.72292,55.02737,53.9209,53.193,52.44492,51.67667,50.88825,50.07966,49.2509,48.40199,47.85852,45.37457,41.40828,38.49034,35.96172,33.51381,32.24957,30.99965,29.76419,28.7937,27.5791,26.61277,25.64442,24.67412,23.70193,22.72794,21.75223,20.77485,19.79589,18.81543,17.83353,16.85027,15.86573,14.87999,13.89311,12.79196,11.91624,10.83057,9.935755,8.865878
120.594,114.9515,114.8804,115.6044,114.6813,114.5535,114.4072,115.0762,114.0592,114.7012,114.4865,114.2538,114.0033,113.735,114.3154,114.0166,113.7006,114.2462,115.6661,117.0854,117.6129,119.0263,119.5396,120.9464,122.3516,123.7547,125.1557,126.5543,127.0297,128.4193,129.8057,131.1889,132.5684,133.9441,135.3157,136.683,138.9912,135.6103,127.4416,122.0758,117.6255,113.1407,112.4676,111.7811,111.0815,111.337,111.584,110.8502,111.0782,111.2977,111.5088,111.7114,111.9055,112.0911,112.2681,112.4366,112.5965,112.7478,112.8906,113.0247,113.1503,112.2736,112.381,112.4798,113.5662,113.6486
90.87407,85.05966,83.46551,82.45982,80.3007,78.73047,77.16862,76.1673,74.07091,73.07275,71.5391,70.01481,68.50006,66.99506,66,64.50749,63.02525,62.03064,61.50077,60.95082,59.92675,59.34431,58.30336,57.68849,57.05347,56.39828,55.72292,55.02737,53.9209,53.193,52.44492,51.67667,50.88825,50.07966,49.2509,48.40199,47.85852,45.37457,41.40828,38.49034,35.96172,33.51381,32.24957,30.99965,29.76419,28.7937,27.82102,26.61277,25.64442,24.67412,23.70193,22.72794,21.75223,20.77485,19.79589,18.81543,17.83353,16.85027,15.86573,14.87999,13.89311,12.79196,11.81172,10.83057,9.935755,8.944337
120.594,115.7554,115.6894,114.7903,114.6813,114.5535,114.4072,115.0762,114.8979,114.7012,114.4865,114.2538,114.0033,113.735,114.3154,114.0166,113.7006,114.2462,115.6661,117.0854,117.6129,118.1313,119.5396,120.9464,122.3516,123.7547,125.1557,126.5543,127.0297,128.4193,129.8057,131.1889,132.5684,133.9441,135.3157,136.683,138.9912,135.6103,127.4416,122.0758,118.5818,113.1407,112.4676,110.8175,111.0815,111.337,111.584,110.8502,111.0782,111.2977,111.5088,111.7114,111.9055,112.0911,112.2681,112.4366,112.5965,112.7478,112.8906,113.0247,113.1503,113.2672,112.381,112.4798,113.5662,111.6547
90.87407,85.65448,84.05329,81.87912,80.3007,78.73047,77.16862,76.1673,74.61555,73.07275,71.5391,70.01481,68.50006,66.99506,66,64.50749,63.02525,62.03064,61.50077,60.95082,59.92675,58.89811,58.30336,57.68849,57.05347,56.39828,55.72292,55.02737,53.9209,53.193,52.44492,51.67667,50.88825,50.07966,49.2509,48.40199,47.85852,45.37457,41.40828,38.49034,36.25409,33.51381,32.24957,30.73241,29.76419,28.7937,27.82102,26.61277,25.64442,24.67412,23.70193,22.72794,21.75223,20.77485,19.79589,18.81543,17.83353,16.85027,15.86573,14.87999,13.89311,12.90517,11.81172,10.83057,9.935755,8.787419
121.3926,115.7554,115.6894,114.7903,114.6813,114.5535,115.2362,115.0762,114.8979,114.7012,114.4865,114.2538,114.0033,113.735,114.3154,114.0166,113.7006,114.2462,115.6661,116.1984,117.6129,119.0263,119.5396,120.9464,121.4452,123.7547,124.2422,126.5543,127.9502,128.4193,129.8057,131.1889,132.5684,133.9441,135.3157,136.683,138.9912,135.6103,127.4416,122.0758,117.6255,113.1407,112.4676,110.8175,111.0815,111.337,110.6137,110.8502,111.0782,111.2977,111.5088,111.7114,111.9055,112.0911,112.2681,112.4366,112.5965,112.7478,112.8906,113.0247,113.1503,112.2736,112.381,112.4798,113.5662,113.6486
91.47588,85.65448,84.05329,81.87912,80.3007,78.73047,77.72781,76.1673,74.61555,73.07275,71.5391,70.01481,68.50006,66.99506,66,64.50749,63.02525,62.03064,61.50077,60.48907,59.92675,59.34431,58.30336,57.68849,56.63085,56.39828,55.31618,55.02737,54.31163,53.193,52.44492,51.67667,50.88825,50.07966,49.2509,48.40199,47.85852,45.37457,41.40828,38.49034,35.96172,33.51381,32.24957,30.73241,29.76419,28.7937,27.5791,26.61277,25.64442,24.67412,23.70193,22.72794,21.75223,20.77485,19.79589,18.81543,17.83353,16.85027,15.86573,14.87999,13.89311,12.79196,11.81172,10.83057,9.935755,8.944337
121.3926,114.9515,115.6894,114.7903,114.6813,114.5535,115.2362,115.0762,114.0592,114.7012,114.4865,114.2538,114.0033,113.735,113.4493,114.0166,113.7006,114.2462,115.6661,117.0854,117.6129,119.0263,119.5396,120.9464,122.3516,123.7547,125.1557,126.5543,127.9502,128.4193,129.8057,131.1889,132.5684,133.9441,135.3157,136.683,138.9912,135.6103,127.4416,122.0758,117.6255,113.1407,112.4676,110.8175,111.0815,111.337,110.6137,110.8502,111.0782,111.2977,111.5088,111.7114,111.9055,112.0911,112.2681,112.4366,112.5965,112.7478,112.8906,113.0247,113.1503,112.2736,112.381,113.4752,113.5662,113.6486
91.47588,85.05966,84.05329,81.87912,80.3007,78.73047,77.72781,76.1673,74.07091,73.07275,71.5391,70.01481,68.50006,66.99506,65.5,64.50749,63.02525,62.03064,61.50077,60.95082,59.92675,59.34431,58.30336,57.68849,57.05347,56.39828,55.72292,55.02737,54.31163,53.193,52.44492,51.67667,50.88825,50.07966,49.2509,48.40199,47.85852,45.37457,41.40828,38.49034,35.96172,33.51381,32.24957,30.73241,29.76419,28.7937,27.5791,26.61277,25.64442,24.67412,23.70193,22.72794,21.75223,20.77485,19.79589,18.81543,17.83353,16.85027,15.86573,14.87999,13.89311,12.79196,11.81172,10.92642,9.935755,8.944337
121.3926,114.9515,114.8804,115.6044,114.6813,114.5535,115.2362,115.0762,114.8979,114.7012,114.4865,114.2538,114.0033,113.735,114.3154,114.0166,113.7006,114.2462,115.6661,117.0854,117.6129,119.0263,119.5396,120.9464,122.3516,123.7547,125.1557,126.5543,127.9502,128.4193,129.8057,131.1889,132.5684,133.9441,135.3157,136.683,138.9912,135.6103,127.4416,122.0758,117.6255,113.1407,112.4676,110.8175,111.0815,111.337,111.584,110.8502,111.0782,111.2977,111.5088,111.7114,111.9055,112.0911,112.2681,112.4366,112.5965,112.7478,112.8906,112.0333,113.1503,113.2672,112.381,112.4798,113.5662,112.6517
91.47588,85.05966,83.46551,82.45982,80.3007,78.73047,77.72781,76.1673,74.61555,73.07275,71.5391,70.01481,68.50006,66.99506,66,64.50749,63.02525,62.03064,61.50077,60.95082,59.92675,59.34431,58.30336,57.68849,57.05347,56.39828,55.72292,55.02737,54.31163,53.193,52.44492,51.67667,50.88825,50.07966,49.2509,48.40199,47.85852,45.37457,41.40828,38.49034,35.96172,33.51381,32.24957,30.73241,29.76419,28.7937,27.82102,26.61277,25.64442,24.67412,23.70193,22.72794,21.75223,20.77485,19.79589,18.81543,17.83353,16.85027,15.86573,14.74946,13.89311,12.90517,11.81172,10.83057,9.935755,8.865878
121.3926,115.7554,114.8804,114.7903,114.6813,114.5535,115.2362,115.0762,114.8979,114.7012,114.4865,114.2538,114.0033,113.735,114.3154,114.0166,113.7006,114.2462,115.6661,117.0854,117.6129,118.1313,119.5396,120.9464,122.3516,123.7547,125.1557,126.5543,127.9502,128.4193,129.8057,130.2585,132.5684,133.0075,135.3157,136.683,138.9912,135.6103,126.4905,122.0758,117.6255,113.1407,112.4676,111.7811,111.0815,111.337,111.584,110.8502,111.0782,111.2977,111.5088,111.7114,111.9055,112.0911,112.2681,112.4366,112.5965,112.7478,112.8906,113.0247,113.1503,113.2672,112.381,113.4752,113.5662,113.6486
91.47588,85.65448,83.46551,81.87912,80.3007,78.73047,77.72781,76.1673,74.61555,73.07275,71.5391,70.01481,68.50006,66.99506,66,64.50749,63.02525,62.03064,61.50077,60.95082,59.92675,58.89811,58.30336,57.68849,57.05347,56.39828,55.72292,55.02737,54.31163,53.193,52.44492,51.31017,50.88825,49.72945,49.2509,48.40199,47.85852,45.37457,41.09926,38.49034,35.96172,33.51381,32.24957,30.99965,29.76419,28.7937,27.82102,26.61277,25.64442,24.67412,23.70193,22.72794,21.75223,20.77485,19.79589,18.81543,17.83353,16.85027,15.86573,14.87999,13.89311,12.90517,11.81172,10.92642,9.935755,8.944337
115.0035,114.9515,115.6894,114.7903,114.6813,114.5535,114.4072,115.0762,114.8979,114.7012,114.4865,114.2538,114.0033,113.735,114.3154,114.0166,113.7006,114.2462,115.6661,117.0854,117.6129,119.0263,119.5396,120.9464,122.3516,123.7547,125.1557,126.5543,127.0297,128.4193,129.8057,131.1889,132.5684,133.9441,135.3157,136.683,138.9912,135.6103,127.4416,122.0758,117.6255,113.1407,112.4676,111.7811,111.0815,111.337,111.584,110.8502,111.0782,111.2977,111.5088,111.7114,111.9055,112.0911,112.2681,112.4366,112.5965,112.7478,112.8906,113.0247,113.1503,113.2672,113.3755,112.4798,113.5662,114.6455
86.66136,85.05966,84.05329,81.87912,80.3007,78.73047,77.16862,76.1673,74.61555,73.07275,71.5391,70.01481,68.50006,66.99506,66,64.50749,63.02525,62.03064,61.50077,60.95082,59.92675,59.34431,58.30336,57.68849,57.05347,56.39828,55.72292,55.02737,53.9209,53.193,52.44492,51.67667,50.88825,50.07966,49.2509,48.40199,47.85852,45.37457,41.40828,38.49034,35.96172,33.51381,32.24957,30.99965,29.76419,28.7937,27.82102,26.61277,25.64442,24.67412,23.70193,22.72794,21.75223,20.77485,19.79589,18.81543,17.83353,16.85027,15.86573,14.87999,13.89311,12.90517,11.91624,10.83057,9.935755,9.022796
120.594,115.7554,114.8804,114.7903,114.6813,114.5535,114.4072,115.0762,114.8979,114.7012,114.4865,114.2538,114.0033,113.735,113.4493,114.0166,113.7006,114.2462,115.6661,117.0854,117.6129,119.0263,119.5396,120.9464,122.3516,123.7547,125.1557,126.5543,127.0297,128.4193,129.8057,131.1889,132.5684,133.9441,135.3157,136.683,138.9912,135.6103,127.4416,122.0758,117.6255,113.1407,112.4676,110.8175,111.0815,110.3688,111.584,110.8502,111.0782,111.2977,111.5088,111.7114,111.9055,112.0911,112.2681,112.4366,112.5965,112.7478,112.8906,112.0333,113.1503,113.2672,113.3755,112.4798,113.5662,115.6424
90.87407,85.65448,83.46551,81.87912,80.3007,78.73047,77.16862,76.1673,74.61555,73.07275,71.5391,70.01481,68.50006,66.99506,65.5,64.50749,63.02525,62.03064,61.50077,60.95082,59.92675,59.34431,58.30336,57.68849,57.05347,56.39828,55.72292,55.02737,53.9209,53.193,52.44492,51.67667,50.88825,50.07966,49.2509,48.40199,47.85852,45.37457,41.40828,38.49034,35.96172,33.51381,32.24957,30.73241,29.76419,28.54332,27.82102,26.61277,25.64442,24.67412,23.70193,22.72794,21.75223,20.77485,19.79589,18.81543,17.83353,16.85027,15.86573,14.74946,13.89311,12.90517,11.91624,10.83057,9.935755,9.101255
120.594,115.7554,114.8804,114.7903,114.6813,114.5535,114.4072,115.0762,114.8979,114.7012,114.4865,114.2538,114.0033,113.735,114.3154,114.0166,113.7006,114.2462,115.6661,117.0854,117.6129,118.1313,119.5396,120.9464,122.3516,123.7547,125.1557,126.5543,127.0297,128.4193,129.8057,131.1889,132.5684,133.9441,135.3157,135.7404,138.9912,135.6103,127.4416,122.0758,117.6255,113.1407,112.4676,111.7811,111.0815,111.337,111.584,110.8502,111.0782,111.2977,111.5088,111.7114,111.9055,112.0911,112.2681,112.4366,112.5965,112.7478,112.8906,113.0247,113.1503,112.2736,113.3755,112.4798,113.5662,116.6393
90.87407,85.65448,83.46551,81.87912,80.3007,78.73047,77.16862,76.1673,74.61555,73.07275,71.5391,70.01481,68.50006,66.99506,66,64.50749,63.02525,62.03064,61.50077,60.95082,59.92675,58.89811,58.30336,57.68849,57.05347,56.39828,55.72292,55.02737,53.9209,53.193,52.44492,51.67667,50.88825,50.07966,49.2509,48.06819,47.85852,45.37457,41.40828,38.49034,35.96172,33.51381,32.24957,30.99965,29.76419,28.7937,27.82102,26.61277,25.64442,24.67412,23.70193,22.72794,21.75223,20.77485,19.79589,18.81543,17.83353,16.85027,15.86573,14.87999,13.89311,12.79196,11.91624,10.83057,9.935755,9.179714
120.594,114.9515,115.6894,115.6044,114.6813,114.5535,114.4072,115.0762,114.8979,114.7012,113.6384,114.2538,114.0033,113.735,114.3154,114.0166,113.7006,114.2462,115.6661,117.0854,117.6129,118.1313,119.5396,120.9464,122.3516,123.7547,125.1557,126.5543,127.0297,128.4193,129.8057,131.1889,132.5684,133.9441,134.376,135.7404,138.9912,135.6103,127.4416,122.0758,118.5818,113.1407,112.4676,110.8175,111.0815,111.337,110.6137,110.8502,111.0782,111.2977,111.5088,111.7114,111.9055,112.0911,112.2681,112.4366,112.5965,112.7478,112.8906,113.0247,113.1503,112.2736,113.3755,112.4798,113.5662,112.6517
90.87407,85.05966,84.05329,82.45982,80.3007,78.73047,77.16862,76.1673,74.61555,73.07275,71.00918,70.01481,68.50006,66.99506,66,64.50749,63.02525,62.03064,61.50077,60.95082,59.92675,58.89811,58.30336,57.68849,57.05347,56.39828,55.72292,55.02737,53.9209,53.193,52.44492,51.67667,50.88825,50.07966,48.90888,48.06819,47.85852,45.37457,41.40828,38.49034,36.25409,33.51381,32.24957,30.73241,29.76419,28.7937,27.5791,26.61277,25.64442,24.67412,23.70193,22.72794,21.75223,20.77485,19.79589,18.81543,17.83353,16.85027,15.86573,14.87999,13.89311,12.79196,11.91624,10.83057,9.935755,8.865878
120.594,115.7554,115.6894,115.6044,114.6813,114.5535,114.4072,115.0762,114.8979,114.7012,114.4865,113.4011,114.0033,113.735,114.3154,114.0166,114.5752,115.125,115.6661,117.0854,117.6129,118.1313,119.5396,120.9464,121.4452,123.7547,125.1557,126.5543,127.0297,127.4954,129.8057,131.1889,132.5684,133.9441,135.3157,136.683,138.9912,135.6103,127.4416,122.0758,117.6255,113.1407,112.4676,110.8175,111.0815,111.337,110.6137,110.8502,111.0782,111.2977,111.5088,111.7114,111.9055,112.0911,112.2681,112.4366,112.5965,112.7478,112.8906,113.0247,112.1577,112.2736,112.381,112.4798,113.5662,112.6517
90.87407,85.65448,84.05329,82.45982,80.3007,78.73047,77.16862,76.1673,74.61555,73.07275,71.5391,69.49231,68.50006,66.99506,66,64.50749,63.51006,62.5078,61.50077,60.95082,59.92675,58.89811,58.30336,57.68849,56.63085,56.39828,55.72292,55.02737,53.9209,52.81031,52.44492,51.67667,50.88825,50.07966,49.2509,48.40199,47.85852,45.37457,41.40828,38.49034,35.96172,33.51381,32.24957,30.73241,29.76419,28.7937,27.5791,26.61277,25.64442,24.67412,23.70193,22.72794,21.75223,20.77485,19.79589,18.81543,17.83353,16.85027,15.86573,14.87999,13.77124,12.79196,11.81172,10.83057,9.935755,8.865878
120.594,115.7554,114.8804,114.7903,114.6813,114.5535,114.4072,115.0762,114.8979,114.7012,114.4865,114.2538,114.0033,113.735,114.3154,114.0166,114.5752,114.2462,115.6661,117.0854,117.6129,119.0263,119.5396,120.9464,122.3516,123.7547,125.1557,126.5543,127.0297,128.4193,129.8057,131.1889,132.5684,133.9441,135.3157,136.683,138.9912,135.6103,127.4416,121.1221,118.5818,113.1407,112.4676,110.8175,111.0815,111.337,111.584,110.8502,111.0782,111.2977,111.5088,111.7114,111.9055,112.0911,112.2681,112.4366,112.5965,112.7478,112.8906,113.0247,112.1577,112.2736,113.3755,112.4798,113.5662,111.6547
90.87407,85.65448,83.46551,81.87912,80.3007,78.73047,77.16862,76.1673,74.61555,73.07275,71.5391,70.01481,68.50006,66.99506,66,64.50749,63.51006,62.03064,61.50077,60.95082,59.92675,59.34431,58.30336,57.68849,57.05347,56.39828,55.72292,55.02737,53.9209,53.193,52.44492,51.67667,50.88825,50.07966,49.2509,48.40199,47.85852,45.37457,41.40828,38.18964,36.25409,33.51381,32.24957,30.73241,29.76419,28.7937,27.82102,26.61277,25.64442,24.67412,23.70193,22.72794,21.75223,20.77485,19.79589,18.81543,17.83353,16.85027,15.86573,14.87999,13.77124,12.79196,11.91624,10.83057,9.935755,8.787419
115.0035,115.7554,115.6894,114.7903,114.6813,114.5535,114.4072,115.0762,114.8979,114.7012,114.4865,114.2538,114.0033,113.735,114.3154,114.0166,113.7006,114.2462,115.6661,117.0854,117.6129,119.0263,119.5396,120.9464,122.3516,123.7547,125.1557,126.5543,127.0297,127.4954,129.8057,131.1889,132.5684,133.9441,135.3157,136.683,138.9912,135.6103,127.4416,122.0758,117.6255,113.1407,112.4676,110.8175,111.0815,111.337,111.584,110.8502,111.0782,111.2977,111.5088,111.7114,111.9055,112.0911,112.2681,112.4366,112.5965,112.7478,112.8906,112.0333,113.1503,113.2672,112.381,112.4798,113.5662,114.6455
86.66136,85.65448,84.05329,81.87912,80.3007,78.73047,77.16862,76.1673,74.61555,73.07275,71.5391,70.01481,68.50006,66.99506,66,64.50749,63.02525,62.03064,61.50077,60.95082,59.92675,59.34431,58.30336,57.68849,57.05347,56.39828,55.72292,55.02737,53.9209,52.81031,52.44492,51.67667,50.88825,50.07966,49.2509,48.40199,47.85852,45.37457,41.40828,38.49034,35.96172,33.51381,32.24957,30.73241,29.76419,28.7937,27.82102,26.61277,25.64442,24.67412,23.70193,22.72794,21.75223,20.77485,19.79589,18.81543,17.83353,16.85027,15.86573,14.74946,13.89311,12.90517,11.81172,10.83057,9.935755,9.022796
115.0035,115.7554,115.6894,115.6044,114.6813,114.5535,114.4072,115.0762,114.8979,114.7012,114.4865,114.2538,114.0033,113.735,114.3154,114.0166,113.7006,114.2462,115.6661,117.0854,117.6129,119.0263,119.5396,120.9464,122.3516,123.7547,125.1557,126.5543,127.0297,127.4954,129.8057,130.2585,132.5684,133.0075,135.3157,135.7404,138.9912,135.6103,126.4905,121.1221,117.6255,113.1407,112.4676,110.8175,111.0815,110.3688,111.584,110.8502,111.0782,111.2977,111.5088,111.7114,111.9055,112.0911,112.2681,112.4366,112.5965,112.7478,112.8906,113.0247,113.1503,112.2736,112.381,112.4798,113.5662,114.6455
86.66136,85.65448,84.05329,82.45982,80.3007,78.73047,77.16862,76.1673,74.61555,73.07275,71.5391,70.01481,68.50006,66.99506,66,64.50749,63.02525,62.03064,61.50077,60.95082,59.92675,59.34431,58.30336,57.68849,57.05347,56.39828,55.72292,55.02737,53.9209,52.81031,52.44492,51.31017,50.88825,49.72945,49.2509,48.06819,47.85852,45.37457,41.09926,38.18964,35.96172,33.51381,32.24957,30.73241,29.76419,28.54332,27.82102,26.61277,25.64442,24.67412,23.70193,22.72794,21.75223,20.77485,19.79589,18.81543,17.83353,16.85027,15.86573,14.87999,13.89311,12.79196,11.81172,10.83057,9.935755,9.022796
120.594,115.7554,115.6894,114.7903,114.6813,114.5535,114.4072,115.0762,114.8979,114.7012,114.4865,114.2538,114.0033,113.735,114.3154,114.0166,113.7006,114.2462,115.6661,117.0854,117.6129,119.0263,119.5396,120.9464,122.3516,123.7547,125.1557,126.5543,127.0297,128.4193,129.8057,131.1889,132.5684,133.9441,135.3157,135.7404,138.9912,135.6103,127.4416,122.0758,117.6255,113.1407,112.4676,110.8175,111.0815,111.337,111.584,110.8502,111.0782,111.2977,111.5088,111.7114,111.9055,112.0911,112.2681,112.4366,112.5965,112.7478,112.8906,113.0247,112.1577,113.2672,112.381,112.4798,113.5662,114.6455
90.87407,85.65448,84.05329,81.87912,80.3007,78.73047,77.16862,76.1673,74.61555,73.07275,71.5391,70.01481,68.50006,66.99506,66,64.50749,63.02525,62.03064,61.50077,60.95082,59.92675,59.34431,58.30336,57.68849,57.05347,56.39828,55.72292,55.02737,53.9209,53.193,52.44492,51.67667,50.88825,50.07966,49.2509,48.06819,47.85852,45.37457,41.40828,38.49034,35.96172,33.51381,32.24957,30.73241,29.76419,28.7937,27.82102,26.61277,25.64442,24.67412,23.70193,22.72794,21.75223,20.77485,19.79589,18.81543,17.83353,16.85027,15.86573,14.87999,13.77124,12.90517,11.81172,10.83057,9.935755,9.022796
115.0035,114.9515,115.6894,115.6044,114.6813,114.5535,114.4072,115.0762,114.8979,114.7012,114.4865,114.2538,114.0033,113.735,114.3154,114.0166,114.5752,115.125,115.6661,117.0854,117.6129,119.0263,119.5396,120.9464,122.3516,123.7547,125.1557,126.5543,127.0297,128.4193,129.8057,131.1889,132.5684,133.9441,135.3157,136.683,138.9912,135.6103,127.4416,122.0758,117.6255,113.1407,112.4676,110.8175,111.0815,111.337,111.584,110.8502,111.0782,111.2977,111.5088,111.7114,111.9055,112.0911,112.2681,112.4366,112.5965,112.7478,112.8906,112.0333,113.1503,112.2736,113.3755,113.4752,113.5662,113.6486
86.66136,85.05966,84.05329,82.45982,80.3007,78.73047,77.16862,76.1673,74.61555,73.07275,71.5391,70.01481,68.50006,66.99506,66,64.50749,63.51006,62.5078,61.50077,60.95082,59.92675,59.34431,58.30336,57.68849,57.05347,56.39828,55.72292,55.02737,53.9209,53.193,52.44492,51.67667,50.88825,50.07966,49.2509,48.40199,47.85852,45.37457,41.40828,38.49034,35.96172,33.51381,32.24957,30.73241,29.76419,28.7937,27.82102,26.61277,25.64442,24.67412,23.70193,22.72794,21.75223,20.77485,19.79589,18.81543,17.83353,16.85027,15.86573,14.74946,13.89311,12.79196,11.91624,10.92642,9.935755,8.944337
120.594,115.7554,115.6894,114.7903,114.6813,114.5535,114.4072,115.0762,114.8979,114.7012,114.4865,114.2538,114.0033,113.735,114.3154,114.0166,114.5752,114.2462,115.6661,117.0854,117.6129,119.0263,119.5396,120.9464,122.3516,123.7547,125.1557,126.5543,127.0297,128.4193,129.8057,131.1889,132.5684,133.9441,135.3157,136.683,138.9912,135.6103,127.4416,122.0758,118.5818,113.1407,112.4676,110.8175,111.0815,110.3688,111.584,111.8225,111.0782,112.274,111.5088,111.7114,111.9055,112.0911,112.2681,112.4366,112.5965,112.7478,112.8906,113.0247,113.1503,112.2736,112.381,113.4752,113.5662,112.6517
90.87407,85.65448,84.05329,81.87912,80.3007,78.73047,77.16862,76.1673,74.61555,73.07275,71.5391,70.01481,68.50006,66.99506,66,64.50749,63.51006,62.03064,61.50077,60.95082,59.92675,59.34431,58.30336,57.68849,57.05347,56.39828,55.72292,55.02737,53.9209,53.193,52.44492,51.67667,50.88825,50.07966,49.2509,48.40199,47.85852,45.37457,41.40828,38.49034,36.25409,33.51381,32.24957,30.73241,29.76419,28.54332,27.82102,26.84622,25.64442,24.89056,23.70193,22.72794,21.75223,20.77485,19.79589,18.81543,17.83353,16.85027,15.86573,14.87999,13.89311,12.79196,11.81172,10.92642,9.935755,8.865878
115.0035,115.7554,115.6894,115.6044,114.6813,114.5535,114.4072,115.0762,114.8979,114.7012,114.4865,114.2538,114.0033,113.735,114.3154,114.0166,114.5752,114.2462,115.6661,117.0854,117.6129,118.1313,119.5396,120.9464,122.3516,123.7547,125.1557,126.5543,127.0297,127.4954,129.8057,131.1889,132.5684,133.9441,135.3157,136.683,138.9912,135.6103,127.4416,122.0758,117.6255,114.0995,112.4676,111.7811,112.0474,111.337,111.584,110.8502,111.0782,111.2977,111.5088,111.7114,111.9055,112.0911,112.2681,112.4366,112.5965,112.7478,112.8906,112.0333,113.1503,113.2672,113.3755,113.4752,113.5662,112.6517
86.66136,85.65448,84.05329,82.45982,80.3007,78.73047,77.16862,76.1673,74.61555,73.07275,71.5391,70.01481,68.50006,66.99506,66,64.50749,63.51006,62.03064,61.50077,60.95082,59.92675,58.89811,58.30336,57.68849,57.05347,56.39828,55.72292,55.02737,53.9209,52.81031,52.44492,51.67667,50.88825,50.07966,49.2509,48.40199,47.85852,45.37457,41.40828,38.49034,35.96172,33.79783,32.24957,30.99965,30.02301,28.7937,27.82102,26.61277,25.64442,24.67412,23.70193,22.72794,21.75223,20.77485,19.79589,18.81543,17.83353,16.85027,15.86573,14.74946,13.89311,12.90517,11.91624,10.92642,9.935755,8.865878
115.0035,114.9515,115.6894,114.7903,114.6813,114.5535,114.4072,115.0762,114.8979,114.7012,114.4865,113.4011,114.0033,113.735,114.3154,114.0166,114.5752,114.2462,115.6661,117.0854,117.6129,118.1313,119.5396,120.9464,122.3516,123.7547,125.1557,126.5543,127.0297,128.4193,128.8786,131.1889,132.5684,133.9441,135.3157,136.683,138.9912,135.6103,127.4416,122.0758,117.6255,113.1407,112.4676,111.7811,111.0815,111.337,110.6137,110.8502,111.0782,111.2977,111.5088,111.7114,111.9055,112.0911,112.2681,112.4366,112.5965,112.7478,112.8906,113.0247,113.1503,112.2736,113.3755,112.4798,113.5662,114.6455
86.66136,85.05966,84.05329,81.87912,80.3007,78.73047,77.16862,76.1673,74.61555,73.07275,71.5391,69.49231,68.50006,66.99506,66,64.50749,63.51006,62.03064,61.50077,60.95082,59.92675,58.89811,58.30336,57.68849,57.05347,56.39828,55.72292,55.02737,53.9209,53.193,52.07032,51.67667,50.88825,50.07966,49.2509,48.40199,47.85852,45.37457,41.40828,38.49034,35.96172,33.51381,32.24957,30.99965,29.76419,28.7937,27.5791,26.61277,25.64442,24.67412,23.70193,22.72794,21.75223,20.77485,19.79589,18.81543,17.83353,16.85027,15.86573,14.87999,13.89311,12.79196,11.91624,10.83057,9.935755,9.022796
115.0035,115.7554,115.6894,114.7903,114.6813,113.7294,114.4072,115.0762,114.8979,114.7012,114.4865,113.4011,114.0033,113.735,114.3154,114.0166,114.5752,114.2462,115.6661,117.0854,117.6129,118.1313,119.5396,120.9464,122.3516,123.7547,125.1557,126.5543,127.0297,128.4193,129.8057,131.1889,132.5684,133.9441,135.3157,136.683,138.9912,135.6103,127.4416,122.0758,117.6255,113.1407,112.4676,111.7811,111.0815,111.337,111.584,110.8502,111.0782,111.2977,111.5088,111.7114,111.9055,112.0911,112.2681,112.4366,112.5965,112.7478,112.8906,112.0333,113.1503,112.2736,112.381,113.4752,113.5662,114.6455
86.66136,85.65448,84.05329,81.87912,80.3007,78.16406,77.16862,76.1673,74.61555,73.07275,71.5391,69.49231,68.50006,66.99506,66,64.50749,63.51006,62.03064,61.50077,60.95082,59.92675,58.89811,58.30336,57.68849,57.05347,56.39828,55.72292,55.02737,53.9209,53.193,52.44492,51.67667,50.88825,50.07966,49.2509,48.40199,47.85852,45.37457,41.40828,38.49034,35.96172,33.51381,32.24957,30.99965,29.76419,28.7937,27.82102,26.61277,25.64442,24.67412,23.70193,22.72794,21.75223,20.77485,19.79589,18.81543,17.83353,16.85027,15.86573,14.74946,13.89311,12.79196,11.81172,10.92642,9.935755,9.022796
120.594,115.7554,115.6894,114.7903,114.6813,114.5535,114.4072,115.0762,114.8979,114.7012,114.4865,113.4011,114.0033,113.735,114.3154,114.0166,113.7006,115.125,115.6661,117.0854,117.6129,118.1313,119.5396,120.9464,122.3516,123.7547,125.1557,125.6372,127.0297,128.4193,129.8057,131.1889,132.5684,133.9441,135.3157,136.683,138.9912,135.6103,127.4416,122.0758,117.6255,113.1407,112.4676,110.8175,112.0474,110.3688,110.6137,111.8225,111.0782,111.2977,111.5088,111.7114,111.9055,112.0911,112.2681,112.4366,112.5965,112.7478,112.8906,113.0247,113.1503,112.2736,113.3755,112.4798,113.5662,113.6486
90.87407,85.65448,84.05329,81.87912,80.3007,78.73047,77.16862,76.1673,74.61555,73.07275,71.5391,69.49231,68.50006,66.99506,66,64.50749,63.02525,62.5078,61.50077,60.95082,59.92675,58.89811,58.30336,57.68849,57.05347,56.39828,55.72292,54.62862,53.9209,53.193,52.44492,51.67667,50.88825,50.07966,49.2509,48.40199,47.85852,45.37457,41.40828,38.49034,35.96172,33.51381,32.24957,30.73241,30.02301,28.54332,27.5791,26.84622,25.64442,24.67412,23.70193,22.72794,21.75223,20.77485,19.79589,18.81543,17.83353,16.85027,15.86573,14.87999,13.89311,12.79196,11.91624,10.83057,9.935755,8.944337
115.0035,115.7554,114.8804,114.7903,114.6813,114.5535,114.4072,115.0762,114.8979,114.7012,114.4865,114.2538,114.0033,113.735,114.3154,114.0166,113.7006,114.2462,115.6661,117.0854,117.6129,118.1313,119.5396,120.9464,122.3516,123.7547,125.1557,126.5543,127.0297,128.4193,129.8057,130.2585,132.5684,133.9441,135.3157,136.683,138.9912,135.6103,127.4416,122.0758,117.6255,113.1407,112.4676,110.8175,111.0815,111.337,110.6137,110.8502,111.0782,111.2977,111.5088,111.7114,111.9055,112.0911,112.2681,112.4366,112.5965,112.7478,112.8906,113.0247,113.1503,113.2672,112.381,112.4798,113.5662,112.6517
86.66136,85.65448,83.46551,81.87912,80.3007,78.73047,77.16862,76.1673,74.61555,73.07275,71.5391,70.01481,68.50006,66.99506,66,64.50749,63.02525,62.03064,61.50077,60.95082,59.92675,58.89811,58.30336,57.68849,57.05347,56.39828,55.72292,55.02737,53.9209,53.193,52.44492,51.31017,50.88825,50.07966,49.2509,48.40199,47.85852,45.37457,41.40828,38.49034,35.96172,33.51381,32.24957,30.73241,29.76419,28.7937,27.5791,26.61277,25.64442,24.67412,23.70193,22.72794,21.75223,20.77485,19.79589,18.81543,17.83353,16.85027,15.86573,14.87999,13.89311,12.90517,11.81172,10.83057,9.935755,8.865878
