173.2969,172.5114,172.703,172.8815,172.0523,171.2081,171.3455,170.4729,170.5835,169.6829,169.767,168.8391,168.897,167.9424,167.9744,166.9936,168,169.9935,170.974,173.9404,174.8934,175.8325,177.7561,179.6643,181.5567,182.4359,184.296,187.1345,189.9537,184.8044,181.6359,178.4601,175.2774,171.0997,168.8947,165.696,162.4933,161.2538,160.9869,160.7077,160.4162,160.1125,159.7967,159.4687,159.1285,158.7762,158.4118,158.0354,157.6469,158.2053,157.7903,157.3633,157.8754,158.3701
24.35529,22.71156,21.20527,19.69736,18.08342,16.48547,14.99079,13.41651,11.92836,10.37825,8.897113,7.371676,5.898015,4.397727,2.932004,1.457331,0,-1.483511,-2.984362,-4.554789,-6.107412,-7.677012,-9.3158,-10.98874,-12.69568,-14.35801,-16.12381,-18.019,-19.96494,-21.0558,-22.30209,-23.49471,-24.63364,-25.57103,-26.75029,-27.728,-28.65195,-29.88663,-31.29268,-32.69634,-34.09752,-35.4961,-36.89197,-38.28504,-39.67519,-41.06232,-42.44632,-43.82709,-45.20453,-46.86253,-48.24133,-49.61646,-51.29682,-52.98988
173.2969,172.5114,172.703,171.8879,172.0523,171.2081,171.3455,170.4729,170.5835,169.6829,169.767,168.8391,168.897,167.9424,166.9746,166.9936,168,169.9935,170.974,173.9404,174.8934,175.8325,176.7574,179.6643,181.5567,183.4328,185.2922,187.1345,189.9537,184.8044,181.6359,178.4601,174.2872,171.0997,168.8947,165.696,161.5085,161.2538,160.9869,160.7077,160.4162,160.1125,159.7967,159.4687,159.1285,158.7762,158.4118,158.0354,157.6469,158.2053,157.7903,158.317,157.8754,158.3701
24.35529,22.71156,21.20527,19.58416,18.08342,16.48547,14.99079,13.41651,11.92836,10.37825,8.897113,7.371676,5.898015,4.397727,2.914552,1.457331,0,-1.483511,-2.984362,-4.554789,-6.107412,-7.677012,-9.263464,-10.98874,-12.69568,-14.43647,-16.21097,-18.019,-19.96494,-21.0558,-22.30209,-23.49471,-24.49447,-25.57103,-26.75029,-27.728,-28.4783,-29.88663,-31.29268,-32.69634,-34.09752,-35.4961,-36.89197,-38.28504,-39.67519,-41.06232,-42.44632,-43.82709,-45.20453,-46.86253,-48.24133,-49.91716,-51.29682,-52.98988
172.3066,172.5114,172.703,172.8815,172.0523,171.2081,171.3455,170.4729,170.5835,169.6829,168.7684,168.8391,167.8977,167.9424,167.9744,166.9936,169,169.9935,171.9738,172.9407,174.8934,175.8325,177.7561,179.6643,181.5567,182.4359,184.296,187.1345,188.9592,184.8044,180.6434,178.4601,174.2872,171.0997,168.8947,165.696,162.4933,161.2538,160.9869,160.7077,160.4162,160.1125,159.7967,159.4687,159.1285,158.7762,158.4118,158.0354,158.6082,158.2053,157.7903,158.317,157.8754,158.3701
24.21612,22.71156,21.20527,19.69736,18.08342,16.48547,14.99079,13.41651,11.92836,10.37825,8.844777,7.371676,5.863115,4.397727,2.932004,1.457331,0,-1.483511,-3.001814,-4.528612,-6.107412,-7.677012,-9.3158,-10.98874,-12.69568,-14.35801,-16.12381,-18.019,-19.86041,-21.0558,-22.18022,-23.49471,-24.49447,-25.57103,-26.75029,-27.728,-28.65195,-29.88663,-31.29268,-32.69634,-34.09752,-35.4961,-36.89197,-38.28504,-39.67519,-41.06232,-42.44632,-43.82709,-45.48016,-46.86253,-48.24133,-49.91716,-51.29682,-52.98988
172.3066,172.5114,172.703,172.8815,172.0523,171.2081,171.3455,170.4729,170.5835,169.6829,169.767,168.8391,167.8977,167.9424,167.9744,167.9936,168,169.9935,170.974,172.9407,174.8934,175.8325,177.7561,179.6643,181.5567,182.4359,184.296,187.1345,189.9537,184.8044,181.6359,178.4601,174.2872,171.0997,168.8947,165.696,162.4933,161.2538,160.9869,160.7077,160.4162,160.1125,159.7967,159.4687,159.1285,158.7762,158.4118,158.0354,158.6082,158.2053,157.7903,157.3633,157.8754,158.3701
24.21612,22.71156,21.20527,19.69736,18.08342,16.48547,14.99079,13.41651,11.92836,10.37825,8.897113,7.371676,5.863115,4.397727,2.932004,1.466058,0,-1.483511,-2.984362,-4.528612,-6.107412,-7.677012,-9.3158,-10.98874,-12.69568,-14.35801,-16.12381,-18.019,-19.96494,-21.0558,-22.30209,-23.49471,-24.49447,-25.57103,-26.75029,-27.728,-28.65195,-29.88663,-31.29268,-32.69634,-34.09752,-35.4961,-36.89197,-38.28504,-39.67519,-41.06232,-42.44632,-43.82709,-45.48016,-46.86253,-48.24133,-49.61646,-51.29682,-52.98988
171.3164,172.5114,172.703,172.8815,172.0523,171.2081,171.3455,170.4729,170.5835,169.6829,169.767,168.8391,167.8977,167.9424,166.9746,167.9936,168,169.9935,170.974,173.9404,174.8934,175.8325,178.7547,179.6643,181.5567,182.4359,184.296,187.1345,188.9592,184.8044,180.6434,178.4601,174.2872,171.0997,168.8947,165.696,162.4933,161.2538,160.9869,160.7077,160.4162,160.1125,159.7967,159.4687,159.1285,158.7762,158.4118,158.0354,157.6469,158.2053,157.7903,157.3633,157.8754,158.3701
24.07695,22.71156,21.20527,19.69736,18.08342,16.48547,14.99079,13.41651,11.92836,10.37825,8.897113,7.371676,5.863115,4.397727,2.914552,1.466058,0,-1.483511,-2.984362,-4.554789,-6.107412,-7.677012,-9.368136,-10.98874,-12.69568,-14.35801,-16.12381,-18.019,-19.86041,-21.0558,-22.18022,-23.49471,-24.49447,-25.57103,-26.75029,-27.728,-28.65195,-29.88663,-31.29268,-32.69634,-34.09752,-35.4961,-36.89197,-38.28504,-39.67519,-41.06232,-42.44632,-43.82709,-45.20453,-46.86253,-48.24133,-49.61646,-51.29682,-52.98988
172.3066,172.5114,172.703,172.8815,172.0523,171.2081,171.3455,170.4729,170.5835,169.6829,169.767,168.8391,168.897,167.9424,167.9744,166.9936,168,169.9935,171.9738,172.9407,174.8934,175.8325,177.7561,180.6624,181.5567,182.4359,184.296,187.1345,188.9592,184.8044,181.6359,178.4601,175.2774,171.0997,167.907,165.696,162.4933,161.2538,160.9869,160.7077,160.4162,160.1125,159.7967,159.4687,159.1285,158.7762,158.4118,158.0354,157.6469,158.2053,157.7903,157.3633,157.8754,158.3701
24.21612,22.71156,21.20527,19.69736,18.08342,16.48547,14.99079,13.41651,11.92836,10.37825,8.897113,7.371676,5.898015,4.397727,2.932004,1.457331,0,-1.483511,-3.001814,-4.528612,-6.107412,-7.677012,-9.3158,-11.04979,-12.69568,-14.35801,-16.12381,-18.019,-19.86041,-21.0558,-22.30209,-23.49471,-24.63364,-25.57103,-26.59386,-27.728,-28.65195,-29.88663,-31.29268,-32.69634,-34.09752,-35.4961,-36.89197,-38.28504,-39.67519,-41.06232,-42.44632,-43.82709,-45.20453,-46.86253,-48.24133,-49.61646,-51.29682,-52.98988
174.2872,173.5029,172.703,172.8815,172.0523,171.2081,171.3455,170.4729,170.5835,170.6811,169.767,168.8391,167.8977,167.9424,167.9744,166.9936,168,169.9935,170.974,172.9407,174.8934,175.8325,177.7561,179.6643,181.5567,182.4359,184.296,187.1345,188.9592,184.8044,181.6359,178.4601,175.2774,171.0997,168.8947,165.696,162.4933,161.2538,160.9869,160.7077,160.4162,160.1125,159.7967,159.4687,159.1285,158.7762,158.4118,158.0354,158.6082,158.2053,157.7903,157.3633,157.8754,158.3701
24.49447,22.84208,21.20527,19.69736,18.08342,16.48547,14.99079,13.41651,11.92836,10.4393,8.897113,7.371676,5.863115,4.397727,2.932004,1.457331,0,-1.483511,-2.984362,-4.528612,-6.107412,-7.677012,-9.3158,-10.98874,-12.69568,-14.35801,-16.12381,-18.019,-19.86041,-21.0558,-22.30209,-23.49471,-24.63364,-25.57103,-26.75029,-27.728,-28.65195,-29.88663,-31.29268,-32.69634,-34.09752,-35.4961,-36.89197,-38.28504,-39.67519,-41.06232,-42.44632,-43.82709,-45.48016,-46.86253,-48.24133,-49.61646,-51.29682,-52.98988
174.2872,172.5114,173.6956,171.8879,172.0523,171.2081,171.3455,170.4729,170.5835,169.6829,168.7684,168.8391,167.8977,167.9424,167.9744,167.9936,168,169.9935,170.974,172.9407,174.8934,175.8325,178.7547,179.6643,181.5567,182.4359,184.296,187.1345,189.9537,184.8044,180.6434,178.4601,175.2774,171.0997,168.8947,165.696,162.4933,161.2538,160.9869,160.7077,160.4162,160.1125,159.7967,159.4687,159.1285,158.7762,158.4118,158.999,158.6082,158.2053,157.7903,157.3633,157.8754,158.3701
24.49447,22.71156,21.32714,19.58416,18.08342,16.48547,14.99079,13.41651,11.92836,10.37825,8.844777,7.371676,5.863115,4.397727,2.932004,1.466058,0,-1.483511,-2.984362,-4.528612,-6.107412,-7.677012,-9.368136,-10.98874,-12.69568,-14.35801,-16.12381,-18.019,-19.96494,-21.0558,-22.18022,-23.49471,-24.63364,-25.57103,-26.75029,-27.728,-28.65195,-29.88663,-31.29268,-32.69634,-34.09752,-35.4961,-36.89197,-38.28504,-39.67519,-41.06232,-42.44632,-44.09433,-45.48016,-46.86253,-48.24133,-49.61646,-51.29682,-52.98988
174.2872,172.5114,172.703,172.8815,172.0523,171.2081,171.3455,170.4729,170.5835,169.6829,169.767,168.8391,168.897,167.9424,167.9744,166.9936,168,169.9935,170.974,172.9407,174.8934,175.8325,176.7574,178.6661,181.5567,182.4359,184.296,187.1345,188.9592,184.8044,181.6359,178.4601,174.2872,171.0997,167.907,165.696,161.5085,161.2538,160.0052,160.7077,160.4162,160.1125,159.7967,159.4687,159.1285,158.7762,158.4118,158.0354,157.6469,158.2053,157.7903,157.3633,157.8754,158.3701
24.49447,22.71156,21.20527,19.69736,18.08342,16.48547,14.99079,13.41651,11.92836,10.37825,8.897113,7.371676,5.898015,4.397727,2.932004,1.457331,0,-1.483511,-2.984362,-4.528612,-6.107412,-7.677012,-9.263464,-10.92769,-12.69568,-14.35801,-16.12381,-18.019,-19.86041,-21.0558,-22.30209,-23.49471,-24.49447,-25.57103,-26.59386,-27.728,-28.4783,-29.88663,-31.10187,-32.69634,-34.09752,-35.4961,-36.89197,-38.28504,-39.67519,-41.06232,-42.44632,-43.82709,-45.20453,-46.86253,-48.24133,-49.61646,-51.29682,-52.98988
175.2774,173.5029,172.703,172.8815,172.0523,171.2081,171.3455,170.4729,170.5835,169.6829,169.767,168.8391,168.897,167.9424,167.9744,167.9936,168,168.9936,170.974,172.9407,174.8934,176.8315,176.7574,180.6624,181.5567,182.4359,184.296,187.1345,188.9592,184.8044,181.6359,178.4601,175.2774,171.0997,168.8947,165.696,162.4933,161.2538,160.9869,160.7077,160.4162,160.1125,159.7967,159.4687,159.1285,158.7762,158.4118,158.0354,157.6469,158.2053,157.7903,157.3633,157.8754,158.3701
24.63364,22.84208,21.20527,19.69736,18.08342,16.48547,14.99079,13.41651,11.92836,10.37825,8.897113,7.371676,5.898015,4.397727,2.932004,1.466058,0,-1.474784,-2.984362,-4.528612,-6.107412,-7.720632,-9.263464,-11.04979,-12.69568,-14.35801,-16.12381,-18.019,-19.86041,-21.0558,-22.30209,-23.49471,-24.63364,-25.57103,-26.75029,-27.728,-28.65195,-29.88663,-31.29268,-32.69634,-34.09752,-35.4961,-36.89197,-38.28504,-39.67519,-41.06232,-42.44632,-43.82709,-45.20453,-46.86253,-48.24133,-49.61646,-51.29682,-52.98988
173.2969,172.5114,172.703,172.8815,172.0523,171.2081,171.3455,170.4729,170.5835,169.6829,169.767,168.8391,168.897,167.9424,167.9744,167.9936,168,169.9935,170.974,172.9407,174.8934,175.8325,178.7547,180.6624,181.5567,182.4359,185.2922,187.1345,188.9592,184.8044,181.6359,178.4601,175.2774,171.0997,167.907,165.696,162.4933,161.2538,160.9869,160.7077,160.4162,160.1125,159.7967,159.4687,159.1285,158.7762,158.4118,158.0354,158.6082,158.2053,157.7903,158.317,157.8754,158.3701
24.35529,22.71156,21.20527,19.69736,18.08342,16.48547,14.99079,13.41651,11.92836,10.37825,8.897113,7.371676,5.898015,4.397727,2.932004,1.466058,0,-1.483511,-2.984362,-4.528612,-6.107412,-7.677012,-9.368136,-11.04979,-12.69568,-14.35801,-16.21097,-18.019,-19.86041,-21.0558,-22.30209,-23.49471,-24.63364,-25.57103,-26.59386,-27.728,-28.65195,-29.88663,-31.29268,-32.69634,-34.09752,-35.4961,-36.89197,-38.28504,-39.67519,-41.06232,-42.44632,-43.82709,-45.48016,-46.86253,-48.24133,-49.91716,-51.29682,-52.98988
172.3066,172.5114,172.703,172.8815,172.0523,171.2081,171.3455,170.4729,170.5835,169.6829,169.767,168.8391,167.8977,167.9424,167.9744,166.9936,168,169.9935,170.974,172.9407,174.8934,175.8325,177.7561,179.6643,181.5567,182.4359,184.296,186.1391,188.9592,184.8044,180.6434,178.4601,174.2872,171.0997,168.8947,165.696,162.4933,161.2538,160.9869,160.7077,160.4162,160.1125,159.7967,159.4687,159.1285,158.7762,158.4118,158.0354,157.6469,158.2053,157.7903,157.3633,157.8754,158.3701
24.21612,22.71156,21.20527,19.69736,18.08342,16.48547,14.99079,13.41651,11.92836,10.37825,8.897113,7.371676,5.863115,4.397727,2.932004,1.457331,0,-1.483511,-2.984362,-4.528612,-6.107412,-7.677012,-9.3158,-10.98874,-12.69568,-14.35801,-16.12381,-17.92316,-19.86041,-21.0558,-22.18022,-23.49471,-24.49447,-25.57103,-26.75029,-27.728,-28.65195,-29.88663,-31.29268,-32.69634,-34.09752,-35.4961,-36.89197,-38.28504,-39.67519,-41.06232,-42.44632,-43.82709,-45.20453,-46.86253,-48.24133,-49.61646,-51.29682,-52.98988
172.3066,173.5029,172.703,172.8815,172.0523,172.2035,171.3455,170.4729,170.5835,169.6829,168.7684,168.8391,167.8977,167.9424,166.9746,167.9936,168,169.9935,171.9738,173.9404,174.8934,175.8325,176.7574,179.6643,181.5567,182.4359,185.2922,187.1345,188.9592,185.7979,180.6434,178.4601,174.2872,171.0997,168.8947,165.696,162.4933,161.2538,160.9869,160.7077,160.4162,160.1125,159.7967,159.4687,159.1285,158.7762,158.4118,158.0354,158.6082,158.2053,157.7903,157.3633,157.8754,158.3701
24.21612,22.84208,21.20527,19.69736,18.08342,16.58132,14.99079,13.41651,11.92836,10.37825,8.844777,7.371676,5.863115,4.397727,2.914552,1.466058,0,-1.483511,-3.001814,-4.554789,-6.107412,-7.677012,-9.263464,-10.98874,-12.69568,-14.35801,-16.21097,-18.019,-19.86041,-21.169,-22.18022,-23.49471,-24.49447,-25.57103,-26.75029,-27.728,-28.65195,-29.88663,-31.29268,-32.69634,-34.09752,-35.4961,-36.89197,-38.28504,-39.67519,-41.06232,-42.44632,-43.82709,-45.48016,-46.86253,-48.24133,-49.61646,-51.29682,-52.98988
174.2872,172.5114,172.703,172.8815,172.0523,171.2081,171.3455,170.4729,170.5835,169.6829,169.767,169.8382,168.897,167.9424,166.9746,166.9936,168,168.9936,171.9738,171.9411,174.8934,174.8334,176.7574,179.6643,181.5567,182.4359,184.296,187.1345,188.9592,184.8044,181.6359,178.4601,175.2774,171.0997,168.8947,165.696,162.4933,160.2705,160.9869,160.7077,160.4162,160.1125,159.7967,159.4687,159.1285,158.7762,158.4118,158.0354,158.6082,158.2053,157.7903,157.3633,157.8754,158.3701
24.49447,22.71156,21.20527,19.69736,18.08342,16.48547,14.99079,13.41651,11.92836,10.37825,8.897113,7.415296,5.898015,4.397727,2.914552,1.457331,0,-1.474784,-3.001814,-4.502435,-6.107412,-7.633393,-9.263464,-10.98874,-12.69568,-14.35801,-16.12381,-18.019,-19.86041,-21.0558,-22.30209,-23.49471,-24.63364,-25.57103,-26.75029,-27.728,-28.65195,-29.70439,-31.29268,-32.69634,-34.09752,-35.4961,-36.89197,-38.28504,-39.67519,-41.06232,-42.44632,-43.82709,-45.48016,-46.86253,-48.24133,-49.61646,-51.29682,-52.98988
173.2969,172.5114,172.703,172.8815,172.0523,171.2081,171.3455,170.4729,170.5835,169.6829,169.767,168.8391,167.8977,167.9424,167.9744,167.9936,167,168.9936,169.9741,172.9407,173.894,174.8334,177.7561,179.6643,181.5567,182.4359,184.296,187.1345,188.9592,185.7979,180.6434,178.4601,175.2774,171.0997,169.8824,165.696,162.4933,160.2705,160.9869,160.7077,160.4162,160.1125,159.7967,159.4687,159.1285,158.7762,158.4118,158.0354,158.6082,158.2053,157.7903,157.3633,157.8754,158.3701
24.35529,22.71156,21.20527,19.69736,18.08342,16.48547,14.99079,13.41651,11.92836,10.37825,8.897113,7.371676,5.863115,4.397727,2.932004,1.466058,0,-1.474784,-2.966909,-4.528612,-6.072512,-7.633393,-9.3158,-10.98874,-12.69568,-14.35801,-16.12381,-18.019,-19.86041,-21.169,-22.18022,-23.49471,-24.63364,-25.57103,-26.90673,-27.728,-28.65195,-29.70439,-31.29268,-32.69634,-34.09752,-35.4961,-36.89197,-38.28504,-39.67519,-41.06232,-42.44632,-43.82709,-45.48016,-46.86253,-48.24133,-49.61646,-51.29682,-52.98988
173.2969,172.5114,172.703,172.8815,172.0523,172.2035,171.3455,170.4729,170.5835,169.6829,168.7684,168.8391,167.8977,167.9424,167.9744,167.9936,167,168.9936,169.9741,172.9407,173.894,174.8334,176.7574,179.6643,181.5567,182.4359,184.296,187.1345,187.9646,184.8044,181.6359,178.4601,174.2872,170.1107,169.8824,165.696,162.4933,160.2705,160.9869,160.7077,160.4162,160.1125,159.7967,159.4687,159.1285,158.7762,158.4118,158.0354,157.6469,158.2053,157.7903,158.317,157.8754,158.3701
24.35529,22.71156,21.20527,19.69736,18.08342,16.58132,14.99079,13.41651,11.92836,10.37825,8.844777,7.371676,5.863115,4.397727,2.932004,1.466058,0,-1.474784,-2.966909,-4.528612,-6.072512,-7.633393,-9.263464,-10.98874,-12.69568,-14.35801,-16.12381,-18.019,-19.75588,-21.0558,-22.30209,-23.49471,-24.49447,-25.42322,-26.90673,-27.728,-28.65195,-29.70439,-31.29268,-32.69634,-34.09752,-35.4961,-36.89197,-38.28504,-39.67519,-41.06232,-42.44632,-43.82709,-45.20453,-46.86253,-48.24133,-49.91716,-51.29682,-52.98988
173.2969,173.5029,173.6956,171.8879,172.0523,171.2081,171.3455,170.4729,169.5859,169.6829,169.767,168.8391,168.897,167.9424,167.9744,166.9936,167,168.9936,169.9741,172.9407,173.894,174.8334,176.7574,179.6643,181.5567,182.4359,184.296,187.1345,188.9592,184.8044,181.6359,178.4601,174.2872,171.0997,169.8824,165.696,162.4933,160.2705,160.9869,160.7077,160.4162,160.1125,159.7967,159.4687,159.1285,158.7762,158.4118,158.0354,158.6082,158.2053,157.7903,158.317,157.8754,158.3701
24.35529,22.84208,21.32714,19.58416,18.08342,16.48547,14.99079,13.41651,11.8586,10.37825,8.897113,7.371676,5.898015,4.397727,2.932004,1.457331,0,-1.474784,-2.966909,-4.528612,-6.072512,-7.633393,-9.263464,-10.98874,-12.69568,-14.35801,-16.12381,-18.019,-19.86041,-21.0558,-22.30209,-23.49471,-24.49447,-25.57103,-26.90673,-27.728,-28.65195,-29.70439,-31.29268,-32.69634,-34.09752,-35.4961,-36.89197,-38.28504,-39.67519,-41.06232,-42.44632,-43.82709,-45.48016,-46.86253,-48.24133,-49.91716,-51.29682,-52.98988
172.3066,173.5029,172.703,171.8879,172.0523,171.2081,171.3455,170.4729,169.5859,169.6829,169.767,168.8391,167.8977,167.9424,166.9746,167.9936,167,168.9936,170.974,171.9411,173.894,174.8334,176.7574,179.6643,181.5567,182.4359,185.2922,187.1345,187.9646,185.7979,180.6434,178.4601,174.2872,171.0997,169.8824,165.696,162.4933,160.2705,160.9869,160.7077,160.4162,160.1125,159.7967,159.4687,159.1285,158.7762,158.4118,158.0354,158.6082,158.2053,157.7903,158.317,157.8754,158.3701
24.21612,22.84208,21.20527,19.58416,18.08342,16.48547,14.99079,13.41651,11.8586,10.37825,8.897113,7.371676,5.863115,4.397727,2.914552,1.466058,0,-1.474784,-2.984362,-4.502435,-6.072512,-7.633393,-9.263464,-10.98874,-12.69568,-14.35801,-16.21097,-18.019,-19.75588,-21.169,-22.18022,-23.49471,-24.49447,-25.57103,-26.90673,-27.728,-28.65195,-29.70439,-31.29268,-32.69634,-34.09752,-35.4961,-36.89197,-38.28504,-39.67519,-41.06232,-42.44632,-43.82709,-45.48016,-46.86253,-48.24133,-49.91716,-51.29682,-52.98988
174.2872,172.5114,172.703,172.8815,172.0523,171.2081,171.3455,170.4729,170.5835,169.6829,169.767,168.8391,167.8977,167.9424,166.9746,166.9936,167,168.9936,169.9741,171.9411,173.894,174.8334,176.7574,179.6643,181.5567,182.4359,184.296,187.1345,188.9592,184.8044,181.6359,178.4601,175.2774,171.0997,169.8824,165.696,162.4933,160.2705,160.9869,160.7077,160.4162,160.1125,159.7967,159.4687,159.1285,158.7762,158.4118,158.0354,158.6082,158.2053,158.7466,157.3633,157.8754,158.3701
24.49447,22.71156,21.20527,19.69736,18.08342,16.48547,14.99079,13.41651,11.92836,10.37825,8.897113,7.371676,5.863115,4.397727,2.914552,1.457331,0,-1.474784,-2.966909,-4.502435,-6.072512,-7.633393,-9.263464,-10.98874,-12.69568,-14.35801,-16.12381,-18.019,-19.86041,-21.0558,-22.30209,-23.49471,-24.63364,-25.57103,-26.90673,-27.728,-28.65195,-29.70439,-31.29268,-32.69634,-34.09752,-35.4961,-36.89197,-38.28504,-39.67519,-41.06232,-42.44632,-43.82709,-45.48016,-46.86253,-48.5337,-49.61646,-51.29682,-52.98988
174.2872,172.5114,172.703,172.8815,172.0523,171.2081,171.3455,170.4729,170.5835,169.6829,169.767,168.8391,167.8977,167.9424,167.9744,166.9936,167,168.9936,169.9741,171.9411,173.894,174.8334,176.7574,178.6661,181.5567,182.4359,185.2922,186.1391,188.9592,185.7979,181.6359,178.4601,175.2774,171.0997,169.8824,165.696,162.4933,160.2705,160.9869,160.7077,160.4162,160.1125,159.7967,159.4687,159.1285,158.7762,158.4118,158.0354,157.6469,158.2053,157.7903,157.3633,157.8754,158.3701
24.49447,22.71156,21.20527,19.69736,18.08342,16.48547,14.99079,13.41651,11.92836,10.37825,8.897113,7.371676,5.863115,4.397727,2.932004,1.457331,0,-1.474784,-2.966909,-4.502435,-6.072512,-7.633393,-9.263464,-10.92769,-12.69568,-14.35801,-16.21097,-17.92316,-19.86041,-21.169,-22.30209,-23.49471,-24.63364,-25.57103,-26.90673,-27.728,-28.65195,-29.70439,-31.29268,-32.69634,-34.09752,-35.4961,-36.89197,-38.28504,-39.67519,-41.06232,-42.44632,-43.82709,-45.20453,-46.86253,-48.24133,-49.61646,-51.29682,-52.98988
173.2969,172.5114,172.703,172.8815,172.0523,171.2081,171.3455,170.4729,170.5835,169.6829,169.767,167.8401,168.897,167.9424,166.9746,167.9936,167,168.9936,169.9741,171.9411,173.894,174.8334,176.7574,179.6643,181.5567,182.4359,184.296,187.1345,188.9592,184.8044,181.6359,178.4601,174.2872,171.0997,168.8947,165.696,162.4933,160.2705,160.9869,160.7077,160.4162,160.1125,159.7967,159.4687,159.1285,158.7762,158.4118,158.0354,158.6082,158.2053,157.7903,157.3633,157.8754,158.3701
24.35529,22.71156,21.20527,19.69736,18.08342,16.48547,14.99079,13.41651,11.92836,10.37825,8.897113,7.328057,5.898015,4.397727,2.914552,1.466058,0,-1.474784,-2.966909,-4.502435,-6.072512,-7.633393,-9.263464,-10.98874,-12.69568,-14.35801,-16.12381,-18.019,-19.86041,-21.0558,-22.30209,-23.49471,-24.49447,-25.57103,-26.75029,-27.728,-28.65195,-29.70439,-31.29268,-32.69634,-34.09752,-35.4961,-36.89197,-38.28504,-39.67519,-41.06232,-42.44632,-43.82709,-45.48016,-46.86253,-48.24133,-49.61646,-51.29682,-52.98988
174.2872,172.5114,172.703,171.8879,172.0523,171.2081,171.3455,170.4729,170.5835,169.6829,168.7684,168.8391,167.8977,167.9424,166.9746,166.9936,167,168.9936,170.974,171.9411,173.894,174.8334,176.7574,179.6643,181.5567,182.4359,184.296,187.1345,188.9592,184.8044,181.6359,178.4601,175.2774,171.0997,168.8947,165.696,162.4933,160.2705,160.9869,160.7077,160.4162,160.1125,159.7967,159.4687,159.1285,158.7762,158.4118,158.0354,158.6082,158.2053,157.7903,157.3633,157.8754,159.3184
24.49447,22.71156,21.20527,19.58416,18.08342,16.48547,14.99079,13.41651,11.92836,10.37825,8.844777,7.371676,5.863115,4.397727,2.914552,1.457331,0,-1.474784,-2.984362,-4.502435,-6.072512,-7.633393,-9.263464,-10.98874,-12.69568,-14.35801,-16.12381,-18.019,-19.86041,-21.0558,-22.30209,-23.49471,-24.63364,-25.57103,-26.75029,-27.728,-28.65195,-29.70439,-31.29268,-32.69634,-34.09752,-35.4961,-36.89197,-38.28504,-39.67519,-41.06232,-42.44632,-43.82709,-45.48016,-46.86253,-48.24133,-49.61646,-51.29682,-53.30718
173.2969,172.5114,172.703,171.8879,172.0523,171.2081,171.3455,170.4729,170.5835,169.6829,169.767,168.8391,167.8977,167.9424,166.9746,167.9936,167,168.9936,169.9741,171.9411,173.894,174.8334,177.7561,179.6643,181.5567,182.4359,184.296,187.1345,188.9592,185.7979,181.6359,178.4601,174.2872,170.1107,169.8824,165.696,162.4933,160.2705,160.9869,159.7277,160.4162,160.1125,159.7967,159.4687,159.1285,158.7762,158.4118,158.0354,158.6082,158.2053,157.7903,157.3633,157.8754,158.3701
24.35529,22.71156,21.20527,19.58416,18.08342,16.48547,14.99079,13.41651,11.92836,10.37825,8.897113,7.371676,5.863115,4.397727,2.914552,1.466058,0,-1.474784,-2.966909,-4.502435,-6.072512,-7.633393,-9.3158,-10.98874,-12.69568,-14.35801,-16.12381,-18.019,-19.86041,-21.169,-22.30209,-23.49471,-24.49447,-25.42322,-26.90673,-27.728,-28.65195,-29.70439,-31.29268,-32.49697,-34.09752,-35.4961,-36.89197,-38.28504,-39.67519,-41.06232,-42.44632,-43.82709,-45.48016,-46.86253,-48.24133,-49.61646,-51.29682,-52.98988
173.2969,173.5029,172.703,172.8815,172.0523,172.2035,171.3455,170.4729,170.5835,169.6829,169.767,168.8391,168.897,167.9424,167.9744,167.9936,167,167.9936,169.9741,171.9411,173.894,174.8334,176.7574,179.6643,181.5567,182.4359,184.296,187.1345,188.9592,185.7979,181.6359,178.4601,175.2774,171.0997,169.8824,165.696,162.4933,160.2705,160.9869,160.7077,160.4162,160.1125,159.7967,159.4687,159.1285,158.7762,158.4118,158.0354,158.6082,158.2053,157.7903,157.3633,157.8754,158.3701
24.35529,22.84208,21.20527,19.69736,18.08342,16.58132,14.99079,13.41651,11.92836,10.37825,8.897113,7.371676,5.898015,4.397727,2.932004,1.466058,0,-1.466058,-2.966909,-4.502435,-6.072512,-7.633393,-9.263464,-10.98874,-12.69568,-14.35801,-16.12381,-18.019,-19.86041,-21.169,-22.30209,-23.49471,-24.63364,-25.57103,-26.90673,-27.728,-28.65195,-29.70439,-31.29268,-32.69634,-34.09752,-35.4961,-36.89197,-38.28504,-39.67519,-41.06232,-42.44632,-43.82709,-45.48016,-46.86253,-48.24133,-49.61646,-51.29682,-52.98988
174.2872,172.5114,172.703,172.8815,172.0523,171.2081,171.3455,170.4729,170.5835,169.6829,169.767,168.8391,167.8977,167.9424,166.9746,166.9936,168,168.9936,169.9741,171.9411,173.894,174.8334,176.7574,179.6643,181.5567,182.4359,184.296,187.1345,187.9646,185.7979,180.6434,178.4601,174.2872,171.0997,169.8824,165.696,162.4933,160.2705,160.9869,160.7077,160.4162,160.1125,159.7967,159.4687,159.1285,158.7762,158.4118,158.0354,158.6082,158.2053,157.7903,157.3633,156.9243,158.3701
24.49447,22.71156,21.20527,19.69736,18.08342,16.48547,14.99079,13.41651,11.92836,10.37825,8.897113,7.371676,5.863115,4.397727,2.914552,1.457331,0,-1.474784,-2.966909,-4.502435,-6.072512,-7.633393,-9.263464,-10.98874,-12.69568,-14.35801,-16.12381,-18.019,-19.75588,-21.169,-22.18022,-23.49471,-24.49447,-25.57103,-26.90673,-27.728,-28.65195,-29.70439,-31.29268,-32.69634,-34.09752,-35.4961,-36.89197,-38.28504,-39.67519,-41.06232,-42.44632,-43.82709,-45.48016,-46.86253,-48.24133,-49.61646,-50.9878,-52.98988
172.3066,172.5114,172.703,171.8879,172.0523,171.2081,171.3455,170.4729,170.5835,169.6829,169.767,168.8391,168.897,167.9424,166.9746,166.9936,167,168.9936,169.9741,171.9411,173.894,175.8325,176.7574,179.6643,181.5567,182.4359,184.296,187.1345,188.9592,184.8044,181.6359,178.4601,175.2774,170.1107,169.8824,165.696,162.4933,160.2705,160.9869,160.7077,160.4162,160.1125,159.7967,159.4687,159.1285,158.7762,158.4118,158.0354,157.6469,158.2053,157.7903,157.3633,157.8754,158.3701
24.21612,22.71156,21.20527,19.58416,18.08342,16.48547,14.99079,13.41651,11.92836,10.37825,8.897113,7.371676,5.898015,4.397727,2.914552,1.457331,0,-1.474784,-2.966909,-4.502435,-6.072512,-7.677012,-9.263464,-10.98874,-12.69568,-14.35801,-16.12381,-18.019,-19.86041,-21.0558,-22.30209,-23.49471,-24.63364,-25.42322,-26.90673,-27.728,-28.65195,-29.70439,-31.29268,-32.69634,-34.09752,-35.4961,-36.89197,-38.28504,-39.67519,-41.06232,-42.44632,-43.82709,-45.20453,-46.86253,-48.24133,-49.61646,-51.29682,-52.98988
173.2969,172.5114,172.703,172.8815,172.0523,171.2081,171.3455,170.4729,170.5835,169.6829,168.7684,168.8391,168.897,167.9424,166.9746,167.9936,167,168.9936,169.9741,172.9407,173.894,174.8334,176.7574,179.6643,181.5567,182.4359,184.296,187.1345,187.9646,184.8044,180.6434,178.4601,175.2774,170.1107,168.8947,165.696,162.4933,160.2705,160.0052,160.7077,160.4162,160.1125,159.7967,159.4687,159.1285,158.7762,158.4118,158.0354,158.6082,158.2053,157.7903,157.3633,157.8754,158.3701
24.35529,22.71156,21.20527,19.69736,18.08342,16.48547,14.99079,13.41651,11.92836,10.37825,8.844777,7.371676,5.898015,4.397727,2.914552,1.466058,0,-1.474784,-2.966909,-4.528612,-6.072512,-7.633393,-9.263464,-10.98874,-12.69568,-14.35801,-16.12381,-18.019,-19.75588,-21.0558,-22.18022,-23.49471,-24.63364,-25.42322,-26.75029,-27.728,-28.65195,-29.70439,-31.10187,-32.69634,-34.09752,-35.4961,-36.89197,-38.28504,-39.67519,-41.06232,-42.44632,-43.82709,-45.48016,-46.86253,-48.24133,-49.61646,-51.29682,-52.98988
173.2969,172.5114,172.703,172.8815,172.0523,171.2081,171.3455,170.4729,170.5835,169.6829,169.767,168.8391,167.8977,167.9424,167.9744,167.9936,167,168.9936,170.974,171.9411,173.894,175.8325,176.7574,179.6643,181.5567,182.4359,184.296,187.1345,187.9646,185.7979,181.6359,178.4601,175.2774,170.1107,168.8947,165.696,162.4933,160.2705,160.9869,160.7077,160.4162,160.1125,159.7967,159.4687,159.1285,158.7762,158.4118,158.0354,157.6469,158.2053,157.7903,157.3633,157.8754,158.3701
24.35529,22.71156,21.20527,19.69736,18.08342,16.48547,14.99079,13.41651,11.92836,10.37825,8.897113,7.371676,5.863115,4.397727,2.932004,1.466058,0,-1.474784,-2.984362,-4.502435,-6.072512,-7.677012,-9.263464,-10.98874,-12.69568,-14.35801,-16.12381,-18.019,-19.75588,-21.169,-22.30209,-23.49471,-24.63364,-25.42322,-26.75029,-27.728,-28.65195,-29.70439,-31.29268,-32.69634,-34.09752,-35.4961,-36.89197,-38.28504,-39.67519,-41.06232,-42.44632,-43.82709,-45.20453,-46.86253,-48.24133,-49.61646,-51.29682,-52.98988
173.2969,173.5029,172.703,172.8815,172.0523,172.2035,171.3455,170.4729,170.5835,169.6829,169.767,168.8391,168.897,167.9424,167.9744,167.9936,167,168.9936,169.9741,171.9411,173.894,174.8334,176.7574,179.6643,181.5567,182.4359,184.296,187.1345,187.9646,185.7979,181.6359,178.4601,174.2872,171.0997,168.8947,165.696,162.4933,160.2705,160.9869,160.7077,160.4162,160.1125,159.7967,159.4687,159.1285,158.7762,158.4118,158.0354,158.6082,158.2053,157.7903,157.3633,157.8754,157.4217
24.35529,22.84208,21.20527,19.69736,18.08342,16.58132,14.99079,13.41651,11.92836,10.37825,8.897113,7.371676,5.898015,4.397727,2.932004,1.466058,0,-1.474784,-2.966909,-4.502435,-6.072512,-7.633393,-9.263464,-10.98874,-12.69568,-14.35801,-16.12381,-18.019,-19.75588,-21.169,-22.30209,-23.49471,-24.49447,-25.57103,-26.75029,-27.728,-28.65195,-29.70439,-31.29268,-32.69634,-34.09752,-35.4961,-36.89197,-38.28504,-39.67519,-41.06232,-42.44632,-43.82709,-45.48016,-46.86253,-48.24133,-49.61646,-51.29682,-52.67257
173.2969,173.5029,172.703,172.8815,172.0523,172.2035,170.3493,170.4729,169.5859,169.6829,168.7684,168.8391,167.8977,167.9424,167.9744,167.9936,167,168.9936,169.9741,172.9407,173.894,174.8334,177.7561,179.6643,181.5567,182.4359,185.2922,187.1345,187.9646,185.7979,181.6359,178.4601,175.2774,171.0997,168.8947,165.696,162.4933,160.2705,160.9869,160.7077,160.4162,160.1125,159.7967,159.4687,159.1285,158.7762,158.4118,158.0354,157.6469,158.2053,157.7903,158.317,157.8754,158.3701
24.35529,22.84208,21.20527,19.69736,18.08342,16.58132,14.90363,13.41651,11.8586,10.37825,8.844777,7.371676,5.863115,4.397727,2.932004,1.466058,0,-1.474784,-2.966909,-4.528612,-6.072512,-7.633393,-9.3158,-10.98874,-12.69568,-14.35801,-16.21097,-18.019,-19.75588,-21.169,-22.30209,-23.49471,-24.63364,-25.57103,-26.75029,-27.728,-28.65195,-29.70439,-31.29268,-32.69634,-34.09752,-35.4961,-36.89197,-38.28504,-39.67519,-41.06232,-42.44632,-43.82709,-45.20453,-46.86253,-48.24133,-49.91716,-51.29682,-52.98988
