173.2969,171.52,171.7105,171.8879,172.0523,171.2081,170.3493,169.4759,169.5859,168.6848,168.7684,167.8401,166.8983,166.9428,166.9746,166.9936,167,168.9936,169.9741,172.9407,173.894,174.8334,176.7574,179.6643,181.5567,182.4359,185.2922,187.1345,188.9592,184.8044,181.6359,178.4601,174.2872,171.0997,167.907,164.7097,162.4933,160.2705,160.0052,159.7277,159.4381,159.1362,158.8223,158.4963,158.1582,157.8081,157.4459,158.0354,157.6469,157.2464,156.834,156.4096,156.9243,158.3701
24.35529,22.58103,21.0834,19.58416,18.08342,16.48547,14.90363,13.33805,11.8586,10.3172,8.844777,7.328057,5.828216,4.37155,2.914552,1.457331,0,-1.474784,-2.966909,-4.528612,-6.072512,-7.633393,-9.263464,-10.98874,-12.69568,-14.35801,-16.21097,-18.019,-19.86041,-21.0558,-22.30209,-23.49471,-24.49447,-25.57103,-26.59386,-27.56295,-28.65195,-29.70439,-31.10187,-32.49697,-33.88961,-35.27966,-36.66702,-38.05159,-39.43327,-40.81194,-42.1875,-43.82709,-45.20453,-46.57852,-47.94896,-49.31575,-50.9878,-52.98988
172.3066,171.52,171.7105,170.8944,171.0578,170.2127,170.3493,169.4759,169.5859,168.6848,168.7684,167.8401,167.8977,166.9428,165.9747,166.9936,167,168.9936,169.9741,172.9407,173.894,174.8334,176.7574,179.6643,181.5567,182.4359,185.2922,187.1345,187.9646,184.8044,181.6359,178.4601,175.2774,171.0997,168.8947,164.7097,162.4933,161.2538,160.0052,159.7277,159.4381,159.1362,158.8223,158.4963,158.1582,157.8081,157.4459,157.0718,156.6857,157.2464,156.834,156.4096,156.9243,158.3701
24.21612,22.58103,21.0834,19.47095,17.9789,16.38962,14.90363,13.33805,11.8586,10.3172,8.844777,7.328057,5.863115,4.37155,2.897099,1.457331,0,-1.474784,-2.966909,-4.528612,-6.072512,-7.633393,-9.263464,-10.98874,-12.69568,-14.35801,-16.21097,-18.019,-19.75588,-21.0558,-22.30209,-23.49471,-24.63364,-25.57103,-26.75029,-27.56295,-28.65195,-29.88663,-31.10187,-32.49697,-33.88961,-35.27966,-36.66702,-38.05159,-39.43327,-40.81194,-42.1875,-43.55986,-44.92889,-46.57852,-47.94896,-49.31575,-50.9878,-52.98988
174.2872,171.52,171.7105,171.8879,171.0578,171.2081,170.3493,169.4759,169.5859,168.6848,167.7698,167.8401,167.8977,166.9428,165.9747,165.9937,167,168.9936,169.9741,171.9411,173.894,174.8334,176.7574,179.6643,181.5567,182.4359,184.296,187.1345,188.9592,184.8044,181.6359,178.4601,174.2872,171.0997,167.907,164.7097,162.4933,160.2705,160.0052,159.7277,159.4381,159.1362,158.8223,158.4963,158.1582,157.8081,157.4459,157.0718,157.6469,157.2464,156.834,156.4096,156.9243,158.3701
24.49447,22.58103,21.0834,19.58416,17.9789,16.48547,14.90363,13.33805,11.8586,10.3172,8.792441,7.328057,5.863115,4.37155,2.897099,1.448605,0,-1.474784,-2.966909,-4.502435,-6.072512,-7.633393,-9.263464,-10.98874,-12.69568,-14.35801,-16.12381,-18.019,-19.86041,-21.0558,-22.30209,-23.49471,-24.49447,-25.57103,-26.59386,-27.56295,-28.65195,-29.70439,-31.10187,-32.49697,-33.88961,-35.27966,-36.66702,-38.05159,-39.43327,-40.81194,-42.1875,-43.55986,-45.20453,-46.57852,-47.94896,-49.31575,-50.9878,-52.98988
173.2969,171.52,171.7105,170.8944,171.0578,170.2127,170.3493,169.4759,169.5859,168.6848,167.7698,167.8401,167.8977,166.9428,166.9746,165.9937,167,168.9936,169.9741,171.9411,173.894,174.8334,177.7561,179.6643,181.5567,182.4359,185.2922,187.1345,187.9646,184.8044,181.6359,178.4601,174.2872,171.0997,167.907,164.7097,162.4933,160.2705,160.0052,159.7277,159.4381,159.1362,158.8223,158.4963,158.1582,157.8081,157.4459,157.0718,156.6857,157.2464,156.834,156.4096,156.9243,158.3701
24.35529,22.58103,21.0834,19.47095,17.9789,16.38962,14.90363,13.33805,11.8586,10.3172,8.792441,7.328057,5.863115,4.37155,2.914552,1.448605,0,-1.474784,-2.966909,-4.502435,-6.072512,-7.633393,-9.3158,-10.98874,-12.69568,-14.35801,-16.21097,-18.019,-19.75588,-21.0558,-22.30209,-23.49471,-24.49447,-25.57103,-26.59386,-27.56295,-28.65195,-29.70439,-31.10187,-32.49697,-33.88961,-35.27966,-36.66702,-38.05159,-39.43327,-40.81194,-42.1875,-43.55986,-44.92889,-46.57852,-47.94896,-49.31575,-50.9878,-52.98988
174.2872,171.52,171.7105,171.8879,171.0578,170.2127,170.3493,169.4759,169.5859,168.6848,168.7684,167.8401,166.8983,166.9428,166.9746,165.9937,167,168.9936,169.9741,172.9407,173.894,175.8325,177.7561,179.6643,181.5567,182.4359,184.296,187.1345,187.9646,184.8044,180.6434,178.4601,175.2774,171.0997,167.907,164.7097,162.4933,160.2705,160.0052,159.7277,159.4381,159.1362,158.8223,158.4963,158.1582,157.8081,157.4459,157.0718,157.6469,157.2464,156.834,156.4096,156.9243,158.3701
24.49447,22.58103,21.0834,19.58416,17.9789,16.38962,14.90363,13.33805,11.8586,10.3172,8.844777,7.328057,5.828216,4.37155,2.914552,1.448605,0,-1.474784,-2.966909,-4.528612,-6.072512,-7.677012,-9.3158,-10.98874,-12.69568,-14.35801,-16.12381,-18.019,-19.75588,-21.0558,-22.18022,-23.49471,-24.63364,-25.57103,-26.59386,-27.56295,-28.65195,-29.70439,-31.10187,-32.49697,-33.88961,-35.27966,-36.66702,-38.05159,-39.43327,-40.81194,-42.1875,-43.55986,-45.20453,-46.57852,-47.94896,-49.31575,-50.9878,-52.98988
175.2774,171.52,171.7105,171.8879,171.0578,171.2081,170.3493,169.4759,169.5859,168.6848,168.7684,167.8401,167.8977,166.9428,166.9746,165.9937,167,168.9936,169.9741,171.9411,173.894,174.8334,177.7561,179.6643,181.5567,182.4359,184.296,186.1391,187.9646,184.8044,181.6359,178.4601,175.2774,171.0997,167.907,164.7097,161.5085,160.2705,160.0052,159.7277,159.4381,159.1362,158.8223,158.4963,158.1582,157.8081,157.4459,157.0718,156.6857,157.2464,156.834,156.4096,156.9243,158.3701
24.63364,22.58103,21.0834,19.58416,17.9789,16.48547,14.90363,13.33805,11.8586,10.3172,8.844777,7.328057,5.863115,4.37155,2.914552,1.448605,0,-1.474784,-2.966909,-4.502435,-6.072512,-7.633393,-9.3158,-10.98874,-12.69568,-14.35801,-16.12381,-17.92316,-19.75588,-21.0558,-22.30209,-23.49471,-24.63364,-25.57103,-26.59386,-27.56295,-28.4783,-29.70439,-31.10187,-32.49697,-33.88961,-35.27966,-36.66702,-38.05159,-39.43327,-40.81194,-42.1875,-43.55986,-44.92889,-46.57852,-47.94896,-49.31575,-50.9878,-52.98988
175.2774,171.52,171.7105,171.8879,171.0578,170.2127,170.3493,169.4759,169.5859,168.6848,167.7698,167.8401,166.8983,166.9428,166.9746,165.9937,167,168.9936,169.9741,171.9411,173.894,174.8334,177.7561,179.6643,180.5591,182.4359,185.2922,187.1345,187.9646,184.8044,180.6434,178.4601,175.2774,171.0997,167.907,164.7097,162.4933,160.2705,160.0052,159.7277,159.4381,159.1362,158.8223,158.4963,158.1582,157.8081,157.4459,157.0718,157.6469,157.2464,156.834,157.3633,156.9243,158.3701
24.63364,22.58103,21.0834,19.58416,17.9789,16.38962,14.90363,13.33805,11.8586,10.3172,8.792441,7.328057,5.828216,4.37155,2.914552,1.448605,0,-1.474784,-2.966909,-4.502435,-6.072512,-7.633393,-9.3158,-10.98874,-12.62592,-14.35801,-16.21097,-18.019,-19.75588,-21.0558,-22.18022,-23.49471,-24.63364,-25.57103,-26.59386,-27.56295,-28.65195,-29.70439,-31.10187,-32.49697,-33.88961,-35.27966,-36.66702,-38.05159,-39.43327,-40.81194,-42.1875,-43.55986,-45.20453,-46.57852,-47.94896,-49.61646,-50.9878,-52.98988
173.2969,171.52,172.703,171.8879,171.0578,170.2127,169.3531,169.4759,169.5859,168.6848,168.7684,167.8401,166.8983,166.9428,165.9747,165.9937,167,168.9936,169.9741,171.9411,173.894,175.8325,177.7561,179.6643,181.5567,182.4359,184.296,187.1345,187.9646,184.8044,180.6434,178.4601,175.2774,171.0997,168.8947,164.7097,162.4933,160.2705,160.0052,159.7277,159.4381,159.1362,158.8223,158.4963,158.1582,157.8081,157.4459,157.0718,156.6857,157.2464,156.834,156.4096,156.9243,158.3701
24.35529,22.58103,21.20527,19.58416,17.9789,16.38962,14.81648,13.33805,11.8586,10.3172,8.844777,7.328057,5.828216,4.37155,2.897099,1.448605,0,-1.474784,-2.966909,-4.502435,-6.072512,-7.677012,-9.3158,-10.98874,-12.69568,-14.35801,-16.12381,-18.019,-19.75588,-21.0558,-22.18022,-23.49471,-24.63364,-25.57103,-26.75029,-27.56295,-28.65195,-29.70439,-31.10187,-32.49697,-33.88961,-35.27966,-36.66702,-38.05159,-39.43327,-40.81194,-42.1875,-43.55986,-44.92889,-46.57852,-47.94896,-49.31575,-50.9878,-52.98988
174.2872,171.52,171.7105,171.8879,171.0578,170.2127,169.3531,169.4759,169.5859,168.6848,168.7684,167.8401,166.8983,166.9428,166.9746,166.9936,167,168.9936,169.9741,172.9407,173.894,174.8334,177.7561,179.6643,181.5567,182.4359,184.296,186.1391,188.9592,184.8044,181.6359,178.4601,174.2872,171.0997,168.8947,164.7097,162.4933,160.2705,160.0052,159.7277,159.4381,159.1362,158.8223,158.4963,158.1582,157.8081,157.4459,157.0718,156.6857,157.2464,156.834,156.4096,156.9243,158.3701
24.49447,22.58103,21.0834,19.58416,17.9789,16.38962,14.81648,13.33805,11.8586,10.3172,8.844777,7.328057,5.828216,4.37155,2.914552,1.457331,0,-1.474784,-2.966909,-4.528612,-6.072512,-7.633393,-9.3158,-10.98874,-12.69568,-14.35801,-16.12381,-17.92316,-19.86041,-21.0558,-22.30209,-23.49471,-24.49447,-25.57103,-26.75029,-27.56295,-28.65195,-29.70439,-31.10187,-32.49697,-33.88961,-35.27966,-36.66702,-38.05159,-39.43327,-40.81194,-42.1875,-43.55986,-44.92889,-46.57852,-47.94896,-49.31575,-50.9878,-52.98988
175.2774,171.52,171.7105,171.8879,171.0578,170.2127,169.3531,169.4759,169.5859,168.6848,168.7684,167.8401,166.8983,166.9428,166.9746,165.9937,167,168.9936,169.9741,171.9411,173.894,174.8334,177.7561,179.6643,181.5567,182.4359,184.296,187.1345,188.9592,184.8044,180.6434,178.4601,175.2774,171.0997,168.8947,164.7097,162.4933,160.2705,160.0052,159.7277,159.4381,159.1362,158.8223,158.4963,158.1582,157.8081,157.4459,157.0718,157.6469,157.2464,156.834,157.3633,156.9243,158.3701
24.63364,22.58103,21.0834,19.58416,17.9789,16.38962,14.81648,13.33805,11.8586,10.3172,8.844777,7.328057,5.828216,4.37155,2.914552,1.448605,0,-1.474784,-2.966909,-4.502435,-6.072512,-7.633393,-9.3158,-10.98874,-12.69568,-14.35801,-16.12381,-18.019,-19.86041,-21.0558,-22.18022,-23.49471,-24.63364,-25.57103,-26.75029,-27.56295,-28.65195,-29.70439,-31.10187,-32.49697,-33.88961,-35.27966,-36.66702,-38.05159,-39.43327,-40.81194,-42.1875,-43.55986,-45.20453,-46.57852,-47.94896,-49.61646,-50.9878,-52.98988
174.2872,171.52,171.7105,170.8944,171.0578,170.2127,169.3531,169.4759,169.5859,169.6829,168.7684,167.8401,166.8983,166.9428,165.9747,166.9936,167,168.9936,169.9741,171.9411,173.894,174.8334,176.7574,179.6643,181.5567,182.4359,184.296,187.1345,187.9646,184.8044,180.6434,178.4601,175.2774,171.0997,168.8947,164.7097,162.4933,160.2705,160.0052,159.7277,159.4381,159.1362,158.8223,158.4963,158.1582,157.8081,157.4459,157.0718,156.6857,157.2464,156.834,156.4096,156.9243,158.3701
24.49447,22.58103,21.0834,19.47095,17.9789,16.38962,14.81648,13.33805,11.8586,10.37825,8.844777,7.328057,5.828216,4.37155,2.897099,1.457331,0,-1.474784,-2.966909,-4.502435,-6.072512,-7.633393,-9.263464,-10.98874,-12.69568,-14.35801,-16.12381,-18.019,-19.75588,-21.0558,-22.18022,-23.49471,-24.63364,-25.57103,-26.75029,-27.56295,-28.65195,-29.70439,-31.10187,-32.49697,-33.88961,-35.27966,-36.66702,-38.05159,-39.43327,-40.81194,-42.1875,-43.55986,-44.92889,-46.57852,-47.94896,-49.31575,-50.9878,-52.98988
173.2969,171.52,171.7105,170.8944,171.0578,170.2127,169.3531,169.4759,169.5859,168.6848,167.7698,167.8401,166.8983,166.9428,166.9746,165.9937,167,168.9936,169.9741,172.9407,173.894,175.8325,177.7561,179.6643,181.5567,182.4359,185.2922,187.1345,188.9592,184.8044,181.6359,178.4601,174.2872,171.0997,168.8947,164.7097,162.4933,160.2705,160.0052,159.7277,159.4381,159.1362,158.8223,158.4963,158.1582,157.8081,157.4459,157.0718,156.6857,157.2464,156.834,157.3633,155.9733,158.3701
24.35529,22.58103,21.0834,19.47095,17.9789,16.38962,14.81648,13.33805,11.8586,10.3172,8.792441,7.328057,5.828216,4.37155,2.914552,1.448605,0,-1.474784,-2.966909,-4.528612,-6.072512,-7.677012,-9.3158,-10.98874,-12.69568,-14.35801,-16.21097,-18.019,-19.86041,-21.0558,-22.30209,-23.49471,-24.49447,-25.57103,-26.75029,-27.56295,-28.65195,-29.70439,-31.10187,-32.49697,-33.88961,-35.27966,-36.66702,-38.05159,-39.43327,-40.81194,-42.1875,-43.55986,-44.92889,-46.57852,-47.94896,-49.61646,-50.67879,-52.98988
174.2872,171.52,171.7105,170.8944,171.0578,170.2127,169.3531,169.4759,169.5859,168.6848,168.7684,167.8401,167.8977,166.9428,166.9746,165.9937,167,168.9936,169.9741,171.9411,173.894,174.8334,176.7574,179.6643,181.5567,182.4359,184.296,186.1391,187.9646,184.8044,181.6359,178.4601,175.2774,170.1107,167.907,164.7097,162.4933,160.2705,160.0052,159.7277,159.4381,159.1362,158.8223,158.4963,158.1582,157.8081,157.4459,157.0718,156.6857,157.2464,156.834,156.4096,156.9243,158.3701
24.49447,22.58103,21.0834,19.47095,17.9789,16.38962,14.81648,13.33805,11.8586,10.3172,8.844777,7.328057,5.863115,4.37155,2.914552,1.448605,0,-1.474784,-2.966909,-4.502435,-6.072512,-7.633393,-9.263464,-10.98874,-12.69568,-14.35801,-16.12381,-17.92316,-19.75588,-21.0558,-22.30209,-23.49471,-24.63364,-25.42322,-26.59386,-27.56295,-28.65195,-29.70439,-31.10187,-32.49697,-33.88961,-35.27966,-36.66702,-38.05159,-39.43327,-40.81194,-42.1875,-43.55986,-44.92889,-46.57852,-47.94896,-49.31575,-50.9878,-52.98988
175.2774,171.52,171.7105,171.8879,171.0578,170.2127,169.3531,169.4759,169.5859,168.6848,167.7698,167.8401,166.8983,166.9428,165.9747,165.9937,167,168.9936,169.9741,172.9407,173.894,174.8334,176.7574,179.6643,181.5567,182.4359,184.296,187.1345,188.9592,184.8044,181.6359,178.4601,174.2872,171.0997,167.907,164.7097,162.4933,160.2705,160.0052,159.7277,159.4381,159.1362,158.8223,158.4963,158.1582,157.8081,157.4459,157.0718,156.6857,157.2464,156.834,156.4096,156.9243,158.3701
24.63364,22.58103,21.0834,19.58416,17.9789,16.38962,14.81648,13.33805,11.8586,10.3172,8.792441,7.328057,5.828216,4.37155,2.897099,1.448605,0,-1.474784,-2.966909,-4.528612,-6.072512,-7.633393,-9.263464,-10.98874,-12.69568,-14.35801,-16.12381,-18.019,-19.86041,-21.0558,-22.30209,-23.49471,-24.49447,-25.57103,-26.59386,-27.56295,-28.65195,-29.70439,-31.10187,-32.49697,-33.88961,-35.27966,-36.66702,-38.05159,-39.43327,-40.81194,-42.1875,-43.55986,-44.92889,-46.57852,-47.94896,-49.31575,-50.9878,-52.98988
172.3066,171.52,171.7105,171.8879,171.0578,170.2127,170.3493,169.4759,168.5883,168.6848,168.7684,167.8401,167.8977,166.9428,165.9747,165.9937,167,168.9936,169.9741,171.9411,173.894,174.8334,176.7574,179.6643,181.5567,182.4359,184.296,187.1345,187.9646,184.8044,181.6359,178.4601,174.2872,171.0997,167.907,164.7097,162.4933,160.2705,160.0052,159.7277,159.4381,159.1362,158.8223,158.4963,158.1582,157.8081,157.4459,157.0718,156.6857,157.2464,156.834,156.4096,156.9243,158.3701
24.21612,22.58103,21.0834,19.58416,17.9789,16.38962,14.90363,13.33805,11.78884,10.3172,8.844777,7.328057,5.863115,4.37155,2.897099,1.448605,0,-1.474784,-2.966909,-4.502435,-6.072512,-7.633393,-9.263464,-10.98874,-12.69568,-14.35801,-16.12381,-18.019,-19.75588,-21.0558,-22.30209,-23.49471,-24.49447,-25.57103,-26.59386,-27.56295,-28.65195,-29.70439,-31.10187,-32.49697,-33.88961,-35.27966,-36.66702,-38.05159,-39.43327,-40.81194,-42.1875,-43.55986,-44.92889,-46.57852,-47.94896,-49.31575,-50.9878,-52.98988
174.2872,171.52,171.7105,170.8944,171.0578,170.2127,170.3493,169.4759,169.5859,168.6848,168.7684,167.8401,166.8983,166.9428,165.9747,166.9936,167,168.9936,169.9741,172.9407,173.894,174.8334,176.7574,179.6643,181.5567,182.4359,185.2922,187.1345,187.9646,184.8044,180.6434,178.4601,174.2872,171.0997,168.8947,164.7097,162.4933,160.2705,160.0052,159.7277,159.4381,159.1362,158.8223,158.4963,158.1582,157.8081,157.4459,157.0718,156.6857,157.2464,156.834,156.4096,156.9243,158.3701
24.49447,22.58103,21.0834,19.47095,17.9789,16.38962,14.90363,13.33805,11.8586,10.3172,8.844777,7.328057,5.828216,4.37155,2.897099,1.457331,0,-1.474784,-2.966909,-4.528612,-6.072512,-7.633393,-9.263464,-10.98874,-12.69568,-14.35801,-16.21097,-18.019,-19.75588,-21.0558,-22.18022,-23.49471,-24.49447,-25.57103,-26.75029,-27.56295,-28.65195,-29.70439,-31.10187,-32.49697,-33.88961,-35.27966,-36.66702,-38.05159,-39.43327,-40.81194,-42.1875,-43.55986,-44.92889,-46.57852,-47.94896,-49.31575,-50.9878,-52.98988
175.2774,171.52,171.7105,171.8879,171.0578,170.2127,170.3493,169.4759,169.5859,168.6848,168.7684,167.8401,166.8983,166.9428,165.9747,166.9936,167,168.9936,169.9741,171.9411,173.894,174.8334,176.7574,178.6661,181.5567,182.4359,185.2922,187.1345,188.9592,184.8044,181.6359,178.4601,174.2872,171.0997,167.907,165.696,162.4933,160.2705,160.0052,159.7277,159.4381,159.1362,158.8223,158.4963,158.1582,157.8081,157.4459,157.0718,157.6469,157.2464,156.834,156.4096,155.9733,158.3701
24.63364,22.58103,21.0834,19.58416,17.9789,16.38962,14.90363,13.33805,11.8586,10.3172,8.844777,7.328057,5.828216,4.37155,2.897099,1.457331,0,-1.474784,-2.966909,-4.502435,-6.072512,-7.633393,-9.263464,-10.92769,-12.69568,-14.35801,-16.21097,-18.019,-19.86041,-21.0558,-22.30209,-23.49471,-24.49447,-25.57103,-26.59386,-27.728,-28.65195,-29.70439,-31.10187,-32.49697,-33.88961,-35.27966,-36.66702,-38.05159,-39.43327,-40.81194,-42.1875,-43.55986,-45.20453,-46.57852,-47.94896,-49.31575,-50.67879,-52.98988
175.2774,171.52,171.7105,171.8879,171.0578,170.2127,170.3493,169.4759,168.5883,168.6848,167.7698,168.8391,167.8977,167.9424,166.9746,165.9937,167,168.9936,169.9741,172.9407,173.894,174.8334,177.7561,179.6643,181.5567,182.4359,184.296,187.1345,188.9592,184.8044,180.6434,178.4601,175.2774,171.0997,167.907,164.7097,162.4933,160.2705,160.0052,159.7277,159.4381,159.1362,158.8223,158.4963,158.1582,157.8081,157.4459,157.0718,157.6469,157.2464,156.834,156.4096,156.9243,158.3701
24.63364,22.58103,21.0834,19.58416,17.9789,16.38962,14.90363,13.33805,11.78884,10.3172,8.792441,7.371676,5.863115,4.397727,2.914552,1.448605,0,-1.474784,-2.966909,-4.528612,-6.072512,-7.633393,-9.3158,-10.98874,-12.69568,-14.35801,-16.12381,-18.019,-19.86041,-21.0558,-22.18022,-23.49471,-24.63364,-25.57103,-26.59386,-27.56295,-28.65195,-29.70439,-31.10187,-32.49697,-33.88961,-35.27966,-36.66702,-38.05159,-39.43327,-40.81194,-42.1875,-43.55986,-45.20453,-46.57852,-47.94896,-49.31575,-50.9878,-52.98988
174.2872,171.52,171.7105,171.8879,171.0578,170.2127,169.3531,169.4759,168.5883,168.6848,167.7698,167.8401,166.8983,166.9428,166.9746,165.9937,167,168.9936,170.974,171.9411,173.894,174.8334,176.7574,179.6643,181.5567,182.4359,184.296,187.1345,187.9646,184.8044,181.6359,178.4601,174.2872,171.0997,168.8947,164.7097,162.4933,160.2705,160.0052,159.7277,159.4381,159.1362,158.8223,158.4963,158.1582,157.8081,157.4459,157.0718,156.6857,157.2464,156.834,156.4096,156.9243,158.3701
24.49447,22.58103,21.0834,19.58416,17.9789,16.38962,14.81648,13.33805,11.78884,10.3172,8.792441,7.328057,5.828216,4.37155,2.914552,1.448605,0,-1.474784,-2.984362,-4.502435,-6.072512,-7.633393,-9.263464,-10.98874,-12.69568,-14.35801,-16.12381,-18.019,-19.75588,-21.0558,-22.30209,-23.49471,-24.49447,-25.57103,-26.75029,-27.56295,-28.65195,-29.70439,-31.10187,-32.49697,-33.88961,-35.27966,-36.66702,-38.05159,-39.43327,-40.81194,-42.1875,-43.55986,-44.92889,-46.57852,-47.94896,-49.31575,-50.9878,-52.98988
173.2969,171.52,171.7105,171.8879,171.0578,170.2127,170.3493,169.4759,169.5859,168.6848,167.7698,167.8401,167.8977,166.9428,165.9747,166.9936,167,168.9936,170.974,171.9411,173.894,174.8334,177.7561,179.6643,181.5567,182.4359,184.296,187.1345,187.9646,184.8044,181.6359,178.4601,175.2774,170.1107,167.907,164.7097,162.4933,160.2705,160.0052,159.7277,159.4381,159.1362,158.8223,158.4963,158.1582,157.8081,157.4459,157.0718,156.6857,157.2464,156.834,157.3633,156.9243,158.3701
24.35529,22.58103,21.0834,19.58416,17.9789,16.38962,14.90363,13.33805,11.8586,10.3172,8.792441,7.328057,5.863115,4.37155,2.897099,1.457331,0,-1.474784,-2.984362,-4.502435,-6.072512,-7.633393,-9.3158,-10.98874,-12.69568,-14.35801,-16.12381,-18.019,-19.75588,-21.0558,-22.30209,-23.49471,-24.63364,-25.42322,-26.59386,-27.56295,-28.65195,-29.70439,-31.10187,-32.49697,-33.88961,-35.27966,-36.66702,-38.05159,-39.43327,-40.81194,-42.1875,-43.55986,-44.92889,-46.57852,-47.94896,-49.61646,-50.9878,-52.98988
173.2969,171.52,171.7105,171.8879,171.0578,171.2081,170.3493,169.4759,169.5859,168.6848,167.7698,167.8401,166.8983,166.9428,166.9746,165.9937,167,167.9936,169.9741,171.9411,173.894,174.8334,177.7561,179.6643,181.5567,182.4359,184.296,187.1345,188.9592,184.8044,181.6359,178.4601,175.2774,171.0997,168.8947,164.7097,162.4933,160.2705,160.0052,159.7277,159.4381,159.1362,158.8223,158.4963,158.1582,157.8081,157.4459,157.0718,156.6857,157.2464,156.834,156.4096,156.9243,158.3701
24.35529,22.58103,21.0834,19.58416,17.9789,16.48547,14.90363,13.33805,11.8586,10.3172,8.792441,7.328057,5.828216,4.37155,2.914552,1.448605,0,-1.466058,-2.966909,-4.502435,-6.072512,-7.633393,-9.3158,-10.98874,-12.69568,-14.35801,-16.12381,-18.019,-19.86041,-21.0558,-22.30209,-23.49471,-24.63364,-25.57103,-26.75029,-27.56295,-28.65195,-29.70439,-31.10187,-32.49697,-33.88961,-35.27966,-36.66702,-38.05159,-39.43327,-40.81194,-42.1875,-43.55986,-44.92889,-46.57852,-47.94896,-49.31575,-50.9878,-52.98988
173.2969,172.5114,171.7105,170.8944,171.0578,170.2127,169.3531,169.4759,169.5859,168.6848,167.7698,167.8401,166.8983,166.9428,165.9747,165.9937,167,168.9936,169.9741,172.9407,173.894,174.8334,176.7574,179.6643,181.5567,182.4359,184.296,187.1345,187.9646,184.8044,181.6359,178.4601,174.2872,171.0997,167.907,164.7097,162.4933,160.2705,160.0052,159.7277,159.4381,159.1362,158.8223,158.4963,158.1582,157.8081,157.4459,157.0718,157.6469,157.2464,156.834,156.4096,156.9243,158.3701
24.35529,22.71156,21.0834,19.47095,17.9789,16.38962,14.81648,13.33805,11.8586,10.3172,8.792441,7.328057,5.828216,4.37155,2.897099,1.448605,0,-1.474784,-2.966909,-4.528612,-6.072512,-7.633393,-9.263464,-10.98874,-12.69568,-14.35801,-16.12381,-18.019,-19.75588,-21.0558,-22.30209,-23.49471,-24.49447,-25.57103,-26.59386,-27.56295,-28.65195,-29.70439,-31.10187,-32.49697,-33.88961,-35.27966,-36.66702,-38.05159,-39.43327,-40.81194,-42.1875,-43.55986,-45.20453,-46.57852,-47.94896,-49.31575,-50.9878,-52.98988
173.2969,171.52,171.7105,171.8879,171.0578,171.2081,170.3493,169.4759,169.5859,168.6848,168.7684,167.8401,166.8983,166.9428,165.9747,166.9936,167,168.9936,169.9741,171.9411,173.894,174.8334,177.7561,179.6643,181.5567,182.4359,185.2922,186.1391,188.9592,184.8044,181.6359,178.4601,174.2872,171.0997,167.907,164.7097,162.4933,160.2705,160.0052,159.7277,159.4381,159.1362,158.8223,158.4963,158.1582,157.8081,157.4459,157.0718,157.6469,157.2464,156.834,157.3633,156.9243,158.3701
24.35529,22.58103,21.0834,19.58416,17.9789,16.48547,14.90363,13.33805,11.8586,10.3172,8.844777,7.328057,5.828216,4.37155,2.897099,1.457331,0,-1.474784,-2.966909,-4.502435,-6.072512,-7.633393,-9.3158,-10.98874,-12.69568,-14.35801,-16.21097,-17.92316,-19.86041,-21.0558,-22.30209,-23.49471,-24.49447,-25.57103,-26.59386,-27.56295,-28.65195,-29.70439,-31.10187,-32.49697,-33.88961,-35.27966,-36.66702,-38.05159,-39.43327,-40.81194,-42.1875,-43.55986,-45.20453,-46.57852,-47.94896,-49.61646,-50.9878,-52.98988
174.2872,171.52,171.7105,171.8879,171.0578,170.2127,170.3493,169.4759,169.5859,168.6848,168.7684,167.8401,166.8983,166.9428,166.9746,165.9937,167,168.9936,169.9741,171.9411,173.894,174.8334,176.7574,179.6643,181.5567,182.4359,185.2922,186.1391,188.9592,184.8044,181.6359,178.4601,174.2872,171.0997,167.907,164.7097,162.4933,160.2705,160.0052,159.7277,159.4381,159.1362,158.8223,158.4963,158.1582,157.8081,157.4459,157.0718,157.6469,157.2464,156.834,156.4096,156.9243,158.3701
24.49447,22.58103,21.0834,19.58416,17.9789,16.38962,14.90363,13.33805,11.8586,10.3172,8.844777,7.328057,5.828216,4.37155,2.914552,1.448605,0,-1.474784,-2.966909,-4.502435,-6.072512,-7.633393,-9.263464,-10.98874,-12.69568,-14.35801,-16.21097,-17.92316,-19.86041,-21.0558,-22.30209,-23.49471,-24.49447,-25.57103,-26.59386,-27.56295,-28.65195,-29.70439,-31.10187,-32.49697,-33.88961,-35.27966,-36.66702,-38.05159,-39.43327,-40.81194,-42.1875,-43.55986,-45.20453,-46.57852,-47.94896,-49.31575,-50.9878,-52.98988
173.2969,171.52,171.7105,171.8879,171.0578,170.2127,170.3493,169.4759,169.5859,168.6848,168.7684,167.8401,167.8977,167.9424,166.9746,166.9936,168,168.9936,169.9741,171.9411,173.894,174.8334,176.7574,179.6643,181.5567,182.4359,184.296,187.1345,188.9592,184.8044,181.6359,178.4601,174.2872,171.0997,167.907,164.7097,162.4933,160.2705,160.0052,159.7277,159.4381,159.1362,158.8223,158.4963,158.1582,157.8081,157.4459,157.0718,157.6469,157.2464,156.834,156.4096,156.9243,158.3701
24.35529,22.58103,21.0834,19.58416,17.9789,16.38962,14.90363,13.33805,11.8586,10.3172,8.844777,7.328057,5.863115,4.397727,2.914552,1.457331,0,-1.474784,-2.966909,-4.502435,-6.072512,-7.633393,-9.263464,-10.98874,-12.69568,-14.35801,-16.12381,-18.019,-19.86041,-21.0558,-22.30209,-23.49471,-24.49447,-25.57103,-26.59386,-27.56295,-28.65195,-29.70439,-31.10187,-32.49697,-33.88961,-35.27966,-36.66702,-38.05159,-39.43327,-40.81194,-42.1875,-43.55986,-45.20453,-46.57852,-47.94896,-49.31575,-50.9878,-52.98988
174.2872,171.52,171.7105,171.8879,171.0578,170.2127,169.3531,169.4759,169.5859,168.6848,167.7698,167.8401,167.8977,166.9428,166.9746,165.9937,167,168.9936,169.9741,172.9407,173.894,174.8334,177.7561,179.6643,181.5567,182.4359,184.296,187.1345,188.9592,184.8044,180.6434,178.4601,175.2774,171.0997,167.907,164.7097,162.4933,160.2705,160.0052,159.7277,159.4381,159.1362,158.8223,158.4963,158.1582,157.8081,157.4459,157.0718,156.6857,157.2464,156.834,156.4096,156.9243,158.3701
24.49447,22.58103,21.0834,19.58416,17.9789,16.38962,14.81648,13.33805,11.8586,10.3172,8.792441,7.328057,5.863115,4.37155,2.914552,1.448605,0,-1.474784,-2.966909,-4.528612,-6.072512,-7.633393,-9.3158,-10.98874,-12.69568,-14.35801,-16.12381,-18.019,-19.86041,-21.0558,-22.18022,-23.49471,-24.63364,-25.57103,-26.59386,-27.56295,-28.65195,-29.70439,-31.10187,-32.49697,-33.88961,-35.27966,-36.66702,-38.05159,-39.43327,-40.81194,-42.1875,-43.55986,-44.92889,-46.57852,-47.94896,-49.31575,-50.9878,-52.98988
175.2774,171.52,171.7105,171.8879,171.0578,170.2127,170.3493,169.4759,169.5859,168.6848,167.7698,167.8401,167.8977,166.9428,166.9746,165.9937,167,168.9936,169.9741,172.9407,173.894,174.8334,176.7574,179.6643,181.5567,182.4359,185.2922,187.1345,188.9592,185.7979,181.6359,178.4601,175.2774,170.1107,168.8947,165.696,162.4933,160.2705,160.0052,159.7277,159.4381,159.1362,158.8223,158.4963,158.1582,157.8081,157.4459,157.0718,156.6857,157.2464,156.834,156.4096,156.9243,158.3701
24.63364,22.58103,21.0834,19.58416,17.9789,16.38962,14.90363,13.33805,11.8586,10.3172,8.792441,7.328057,5.863115,4.37155,2.914552,1.448605,0,-1.474784,-2.966909,-4.528612,-6.072512,-7.633393,-9.263464,-10.98874,-12.69568,-14.35801,-16.21097,-18.019,-19.86041,-21.169,-22.30209,-23.49471,-24.63364,-25.42322,-26.75029,-27.728,-28.65195,-29.70439,-31.10187,-32.49697,-33.88961,-35.27966,-36.66702,-38.05159,-39.43327,-40.81194,-42.1875,-43.55986,-44.92889,-46.57852,-47.94896,-49.31575,-50.9878,-52.98988
173.2969,171.52,171.7105,171.8879,171.0578,170.2127,170.3493,169.4759,169.5859,168.6848,168.7684,167.8401,166.8983,166.9428,165.9747,165.9937,167,167.9936,170.974,171.9411,173.894,175.8325,176.7574,179.6643,181.5567,182.4359,185.2922,187.1345,187.9646,184.8044,181.6359,178.4601,174.2872,170.1107,167.907,164.7097,162.4933,160.2705,160.0052,159.7277,159.4381,159.1362,158.8223,158.4963,158.1582,157.8081,157.4459,157.0718,156.6857,157.2464,156.834,156.4096,156.9243,158.3701
24.35529,22.58103,21.0834,19.58416,17.9789,16.38962,14.90363,13.33805,11.8586,10.3172,8.844777,7.328057,5.828216,4.37155,2.897099,1.448605,0,-1.466058,-2.984362,-4.502435,-6.072512,-7.677012,-9.263464,-10.98874,-12.69568,-14.35801,-16.21097,-18.019,-19.75588,-21.0558,-22.30209,-23.49471,-24.49447,-25.42322,-26.59386,-27.56295,-28.65195,-29.70439,-31.10187,-32.49697,-33.88961,-35.27966,-36.66702,-38.05159,-39.43327,-40.81194,-42.1875,-43.55986,-44.92889,-46.57852,-47.94896,-49.31575,-50.9878,-52.98988
173.2969,172.5114,171.7105,171.8879,171.0578,170.2127,170.3493,169.4759,169.5859,169.6829,167.7698,167.8401,167.8977,166.9428,166.9746,165.9937,167,168.9936,170.974,172.9407,173.894,174.8334,176.7574,179.6643,181.5567,182.4359,184.296,187.1345,188.9592,184.8044,181.6359,178.4601,175.2774,171.0997,167.907,164.7097,162.4933,160.2705,160.0052,159.7277,159.4381,159.1362,158.8223,158.4963,158.1582,157.8081,157.4459,157.0718,157.6469,156.2876,156.834,156.4096,156.9243,158.3701
24.35529,22.71156,21.0834,19.58416,17.9789,16.38962,14.90363,13.33805,11.8586,10.37825,8.792441,7.328057,5.863115,4.37155,2.914552,1.448605,0,-1.474784,-2.984362,-4.528612,-6.072512,-7.633393,-9.263464,-10.98874,-12.69568,-14.35801,-16.12381,-18.019,-19.86041,-21.0558,-22.30209,-23.49471,-24.63364,-25.57103,-26.59386,-27.56295,-28.65195,-29.70439,-31.10187,-32.49697,-33.88961,-35.27966,-36.66702,-38.05159,-39.43327,-40.81194,-42.1875,-43.55986,-45.20453,-46.2945,-47.94896,-49.31575,-50.9878,-52.98988
174.2872,172.5114,172.703,171.8879,171.0578,170.2127,170.3493,169.4759,168.5883,168.6848,167.7698,167.8401,166.8983,166.9428,166.9746,166.9936,167,168.9936,169.9741,172.9407,173.894,174.8334,176.7574,179.6643,181.5567,182.4359,184.296,187.1345,188.9592,184.8044,180.6434,178.4601,175.2774,171.0997,168.8947,164.7097,162.4933,160.2705,160.0052,159.7277,159.4381,159.1362,158.8223,158.4963,158.1582,157.8081,157.4459,158.0354,157.6469,156.2876,156.834,156.4096,156.9243,158.3701
24.49447,22.71156,21.20527,19.58416,17.9789,16.38962,14.90363,13.33805,11.78884,10.3172,8.792441,7.328057,5.828216,4.37155,2.914552,1.457331,0,-1.474784,-2.966909,-4.528612,-6.072512,-7.633393,-9.263464,-10.98874,-12.69568,-14.35801,-16.12381,-18.019,-19.86041,-21.0558,-22.18022,-23.49471,-24.63364,-25.57103,-26.75029,-27.56295,-28.65195,-29.70439,-31.10187,-32.49697,-33.88961,-35.27966,-36.66702,-38.05159,-39.43327,-40.81194,-42.1875,-43.82709,-45.20453,-46.2945,-47.94896,-49.31575,-50.9878,-52.98988
