143.2324,145.4681,144.7658,146.0088,145.2808,145.5217,146.7364,146.9566,147.1656,147.3634,147.5499,147.7253,147.8894,148.0422,149.1783,149.3094,149.4292,149.5376,148.637,150.7184,153.7889,157.8496,161.9013,166.9428,170.974,175.9933,175,172.9934,170.974,170.9414,167.8977,166.8411,165.7725,163.6941,162.6029,161.5006,160.3873,159.2634,157.1345,156.9844,156.8223,157.6397,158.4429,159.2316,159.0178,159.7783,159.5389,160.2705,160.9869,161.6876,161.3944,162.0651,162.7198,163.3581
33.0678,32.2495,30.77093,29.70582,28.23973,26.97086,25.87358,24.59209,23.30874,22.0236,20.73679,19.4484,18.15853,16.86728,15.67927,14.37686,13.07336,11.76886,10.39371,9.218329,8.059737,6.891863,5.653718,4.37155,2.984362,1.53587,0,-1.509691,-2.984362,-4.476258,-5.863115,-7.284438,-8.687769,-10.01196,-11.37031,-12.71037,-14.03207,-15.33532,-16.5155,-17.88611,-19.25536,-20.75366,-22.2677,-23.79732,-25.18595,-26.73771,-28.131,-29.70439,-31.29268,-32.89571,-34.30543,-35.92898,-37.56683,-39.21882
143.2324,145.4681,145.744,145.0289,146.2625,146.505,146.7364,146.9566,147.1656,147.3634,147.5499,147.7253,147.8894,148.0422,149.1783,149.3094,149.4292,149.5376,149.6346,150.7184,153.7889,157.8496,161.9013,166.9428,170.974,175.9933,175,171.9935,170.974,168.9421,167.8977,166.8411,164.7739,163.6941,162.6029,160.5037,160.3873,158.268,157.1345,156.9844,157.8148,157.6397,158.4429,159.2316,159.0178,159.7783,160.5237,160.2705,160.9869,161.6876,161.3944,162.0651,162.7198,163.3581
33.0678,32.2495,30.97884,29.50645,28.43054,27.15309,25.87358,24.59209,23.30874,22.0236,20.73679,19.4484,18.15853,16.86728,15.67927,14.37686,13.07336,11.76886,10.46347,9.218329,8.059737,6.891863,5.653718,4.37155,2.984362,1.53587,0,-1.500964,-2.984362,-4.423904,-5.863115,-7.284438,-8.635433,-10.01196,-11.37031,-12.63191,-14.03207,-15.23947,-16.5155,-17.88611,-19.37723,-20.75366,-22.2677,-23.79732,-25.18595,-26.73771,-28.30465,-29.70439,-31.29268,-32.89571,-34.30543,-35.92898,-37.56683,-39.21882
143.2324,145.4681,145.744,145.0289,146.2625,146.505,146.7364,146.9566,147.1656,147.3634,147.5499,147.7253,147.8894,148.0422,149.1783,149.3094,149.4292,149.5376,149.6346,150.7184,153.7889,157.8496,161.9013,166.9428,170.974,175.9933,175,172.9934,170.974,168.9421,167.8977,166.8411,164.7739,163.6941,162.6029,161.5006,159.3912,158.268,158.129,156.9844,157.8148,157.6397,158.4429,159.2316,159.0178,159.7783,160.5237,160.2705,160.9869,161.6876,162.3725,162.0651,162.7198,163.3581
33.0678,32.2495,30.97884,29.50645,28.43054,27.15309,25.87358,24.59209,23.30874,22.0236,20.73679,19.4484,18.15853,16.86728,15.67927,14.37686,13.07336,11.76886,10.46347,9.218329,8.059737,6.891863,5.653718,4.37155,2.984362,1.53587,0,-1.509691,-2.984362,-4.423904,-5.863115,-7.284438,-8.635433,-10.01196,-11.37031,-12.71037,-13.94492,-15.23947,-16.62003,-17.88611,-19.37723,-20.75366,-22.2677,-23.79732,-25.18595,-26.73771,-28.30465,-29.70439,-31.29268,-32.89571,-34.51334,-35.92898,-37.56683,-39.21882
143.2324,144.4918,144.7658,146.0088,146.2625,146.505,146.7364,146.9566,147.1656,147.3634,147.5499,147.7253,147.8894,149.0358,149.1783,149.3094,149.4292,149.5376,149.6346,150.7184,153.7889,157.8496,161.9013,166.9428,170.974,175.9933,175,172.9934,170.974,170.9414,167.8977,166.8411,163.7752,163.6941,162.6029,161.5006,160.3873,158.268,158.129,156.9844,157.8148,157.6397,158.4429,159.2316,159.0178,159.7783,160.5237,160.2705,160.9869,161.6876,161.3944,162.0651,162.7198,163.3581
33.0678,32.03306,30.77093,29.70582,28.43054,27.15309,25.87358,24.59209,23.30874,22.0236,20.73679,19.4484,18.15853,16.98048,15.67927,14.37686,13.07336,11.76886,10.46347,9.218329,8.059737,6.891863,5.653718,4.37155,2.984362,1.53587,0,-1.509691,-2.984362,-4.476258,-5.863115,-7.284438,-8.583097,-10.01196,-11.37031,-12.71037,-14.03207,-15.23947,-16.62003,-17.88611,-19.37723,-20.75366,-22.2677,-23.79732,-25.18595,-26.73771,-28.30465,-29.70439,-31.29268,-32.89571,-34.30543,-35.92898,-37.56683,-39.21882
143.2324,145.4681,145.744,146.0088,146.2625,146.505,146.7364,146.9566,147.1656,147.3634,147.5499,147.7253,147.8894,149.0358,149.1783,149.3094,149.4292,149.5376,149.6346,150.7184,153.7889,157.8496,161.9013,166.9428,170.974,175.9933,175,172.9934,170.974,170.9414,167.8977,166.8411,165.7725,163.6941,162.6029,161.5006,160.3873,158.268,158.129,157.9779,157.8148,158.6312,158.4429,159.2316,159.0178,159.7783,160.5237,160.2705,160.9869,161.6876,162.3725,163.0414,162.7198,162.3858
33.0678,32.2495,30.97884,29.70582,28.43054,27.15309,25.87358,24.59209,23.30874,22.0236,20.73679,19.4484,18.15853,16.98048,15.67927,14.37686,13.07336,11.76886,10.46347,9.218329,8.059737,6.891863,5.653718,4.37155,2.984362,1.53587,0,-1.509691,-2.984362,-4.476258,-5.863115,-7.284438,-8.687769,-10.01196,-11.37031,-12.71037,-14.03207,-15.23947,-16.62003,-17.99931,-19.37723,-20.88419,-22.2677,-23.79732,-25.18595,-26.73771,-28.30465,-29.70439,-31.29268,-32.89571,-34.51334,-36.14542,-37.56683,-38.98538
143.2324,145.4681,144.7658,145.0289,145.2808,146.505,146.7364,146.9566,146.1779,147.3634,147.5499,147.7253,147.8894,148.0422,149.1783,149.3094,149.4292,149.5376,149.6346,151.7165,154.7876,157.8496,161.9013,166.9428,171.9738,175.9933,175,171.9935,169.9741,168.9421,167.8977,166.8411,164.7739,163.6941,162.6029,161.5006,159.3912,159.2634,158.129,156.9844,157.8148,157.6397,158.4429,159.2316,159.0178,159.7783,160.5237,160.2705,160.9869,161.6876,162.3725,162.0651,162.7198,161.4134
33.0678,32.2495,30.77093,29.50645,28.23973,27.15309,25.87358,24.59209,23.1523,22.0236,20.73679,19.4484,18.15853,16.86728,15.67927,14.37686,13.07336,11.76886,10.46347,9.279378,8.112073,6.891863,5.653718,4.37155,3.001814,1.53587,0,-1.500964,-2.966909,-4.423904,-5.863115,-7.284438,-8.635433,-10.01196,-11.37031,-12.71037,-13.94492,-15.33532,-16.62003,-17.88611,-19.37723,-20.75366,-22.2677,-23.79732,-25.18595,-26.73771,-28.30465,-29.70439,-31.29268,-32.89571,-34.51334,-35.92898,-37.56683,-38.75193
143.2324,145.4681,145.744,146.0088,146.2625,146.505,145.7515,146.9566,147.1656,147.3634,147.5499,147.7253,147.8894,148.0422,149.1783,149.3094,149.4292,149.5376,149.6346,151.7165,154.7876,157.8496,161.9013,166.9428,170.974,176.9933,176,172.9934,170.974,168.9421,167.8977,165.842,164.7739,163.6941,162.6029,161.5006,159.3912,158.268,158.129,156.9844,157.8148,157.6397,158.4429,159.2316,159.0178,159.7783,159.5389,160.2705,160.9869,161.6876,162.3725,163.0414,162.7198,163.3581
33.0678,32.2495,30.97884,29.70582,28.43054,27.15309,25.69993,24.59209,23.30874,22.0236,20.73679,19.4484,18.15853,16.86728,15.67927,14.37686,13.07336,11.76886,10.46347,9.279378,8.112073,6.891863,5.653718,4.37155,2.984362,1.544597,0,-1.509691,-2.984362,-4.423904,-5.863115,-7.240818,-8.635433,-10.01196,-11.37031,-12.71037,-13.94492,-15.23947,-16.62003,-17.88611,-19.37723,-20.75366,-22.2677,-23.79732,-25.18595,-26.73771,-28.131,-29.70439,-31.29268,-32.89571,-34.51334,-36.14542,-37.56683,-39.21882
143.2324,145.4681,145.744,146.0088,146.2625,145.5217,145.7515,146.9566,146.1779,147.3634,147.5499,147.7253,147.8894,148.0422,149.1783,148.314,149.4292,149.5376,149.6346,151.7165,154.7876,157.8496,161.9013,166.9428,170.974,175.9933,175,171.9935,171.9738,168.9421,166.8983,166.8411,165.7725,163.6941,162.6029,161.5006,159.3912,158.268,158.129,156.9844,157.8148,157.6397,158.4429,159.2316,159.0178,159.7783,159.5389,160.2705,160.9869,160.7077,162.3725,162.0651,162.7198,162.3858
33.0678,32.2495,30.97884,29.70582,28.43054,26.97086,25.69993,24.59209,23.1523,22.0236,20.73679,19.4484,18.15853,16.86728,15.67927,14.28102,13.07336,11.76886,10.46347,9.279378,8.112073,6.891863,5.653718,4.37155,2.984362,1.53587,0,-1.500964,-3.001814,-4.423904,-5.828216,-7.284438,-8.687769,-10.01196,-11.37031,-12.71037,-13.94492,-15.23947,-16.62003,-17.88611,-19.37723,-20.75366,-22.2677,-23.79732,-25.18595,-26.73771,-28.131,-29.70439,-31.29268,-32.69634,-34.51334,-35.92898,-37.56683,-38.98538
143.2324,144.4918,145.744,145.0289,145.2808,146.505,146.7364,146.9566,147.1656,147.3634,147.5499,147.7253,147.8894,148.0422,149.1783,148.314,149.4292,149.5376,149.6346,151.7165,153.7889,157.8496,161.9013,166.9428,171.9738,175.9933,175,171.9935,170.974,170.9414,166.8983,166.8411,164.7739,163.6941,162.6029,161.5006,160.3873,159.2634,158.129,156.9844,157.8148,157.6397,158.4429,159.2316,159.0178,159.7783,159.5389,160.2705,160.9869,161.6876,161.3944,162.0651,162.7198,162.3858
33.0678,32.03306,30.97884,29.50645,28.23973,27.15309,25.87358,24.59209,23.30874,22.0236,20.73679,19.4484,18.15853,16.86728,15.67927,14.28102,13.07336,11.76886,10.46347,9.279378,8.059737,6.891863,5.653718,4.37155,3.001814,1.53587,0,-1.500964,-2.984362,-4.476258,-5.828216,-7.284438,-8.635433,-10.01196,-11.37031,-12.71037,-14.03207,-15.33532,-16.62003,-17.88611,-19.37723,-20.75366,-22.2677,-23.79732,-25.18595,-26.73771,-28.131,-29.70439,-31.29268,-32.89571,-34.30543,-35.92898,-37.56683,-38.98538
143.2324,145.4681,144.7658,146.0088,146.2625,146.505,145.7515,146.9566,147.1656,147.3634,147.5499,147.7253,147.8894,148.0422,148.1838,149.3094,149.4292,149.5376,149.6346,150.7184,153.7889,157.8496,161.9013,166.9428,170.974,175.9933,175,172.9934,170.974,168.9421,167.8977,166.8411,164.7739,163.6941,162.6029,161.5006,160.3873,158.268,158.129,156.9844,157.8148,157.6397,158.4429,159.2316,159.0178,159.7783,159.5389,160.2705,160.9869,161.6876,161.3944,163.0414,162.7198,162.3858
33.0678,32.2495,30.77093,29.70582,28.43054,27.15309,25.69993,24.59209,23.30874,22.0236,20.73679,19.4484,18.15853,16.86728,15.57474,14.37686,13.07336,11.76886,10.46347,9.218329,8.059737,6.891863,5.653718,4.37155,2.984362,1.53587,0,-1.509691,-2.984362,-4.423904,-5.863115,-7.284438,-8.635433,-10.01196,-11.37031,-12.71037,-14.03207,-15.23947,-16.62003,-17.88611,-19.37723,-20.75366,-22.2677,-23.79732,-25.18595,-26.73771,-28.131,-29.70439,-31.29268,-32.89571,-34.30543,-36.14542,-37.56683,-38.98538
143.2324,145.4681,145.744,146.0088,146.2625,146.505,146.7364,146.9566,147.1656,147.3634,147.5499,147.7253,147.8894,148.0422,148.1838,149.3094,149.4292,149.5376,149.6346,150.7184,153.7889,157.8496,161.9013,166.9428,170.974,175.9933,175,172.9934,170.974,170.9414,167.8977,166.8411,165.7725,163.6941,162.6029,161.5006,159.3912,158.268,158.129,157.9779,157.8148,157.6397,158.4429,159.2316,159.0178,159.7783,159.5389,160.2705,160.9869,161.6876,161.3944,162.0651,162.7198,163.3581
33.0678,32.2495,30.97884,29.70582,28.43054,27.15309,25.87358,24.59209,23.30874,22.0236,20.73679,19.4484,18.15853,16.86728,15.57474,14.37686,13.07336,11.76886,10.46347,9.218329,8.059737,6.891863,5.653718,4.37155,2.984362,1.53587,0,-1.509691,-2.984362,-4.476258,-5.863115,-7.284438,-8.687769,-10.01196,-11.37031,-12.71037,-13.94492,-15.23947,-16.62003,-17.99931,-19.37723,-20.75366,-22.2677,-23.79732,-25.18595,-26.73771,-28.131,-29.70439,-31.29268,-32.89571,-34.30543,-35.92898,-37.56683,-39.21882
143.2324,144.4918,144.7658,146.0088,145.2808,146.505,146.7364,146.9566,147.1656,147.3634,147.5499,147.7253,147.8894,148.0422,149.1783,149.3094,149.4292,149.5376,149.6346,150.7184,153.7889,157.8496,161.9013,166.9428,170.974,175.9933,175,171.9935,170.974,167.9424,167.8977,166.8411,164.7739,163.6941,162.6029,161.5006,160.3873,158.268,157.1345,157.9779,157.8148,157.6397,158.4429,159.2316,159.0178,159.7783,160.5237,160.2705,160.9869,161.6876,161.3944,162.0651,162.7198,163.3581
33.0678,32.03306,30.77093,29.70582,28.23973,27.15309,25.87358,24.59209,23.30874,22.0236,20.73679,19.4484,18.15853,16.86728,15.67927,14.37686,13.07336,11.76886,10.46347,9.218329,8.059737,6.891863,5.653718,4.37155,2.984362,1.53587,0,-1.500964,-2.984362,-4.397727,-5.863115,-7.284438,-8.635433,-10.01196,-11.37031,-12.71037,-14.03207,-15.23947,-16.5155,-17.99931,-19.37723,-20.75366,-22.2677,-23.79732,-25.18595,-26.73771,-28.30465,-29.70439,-31.29268,-32.89571,-34.30543,-35.92898,-37.56683,-39.21882
143.2324,145.4681,145.744,146.0088,146.2625,146.505,146.7364,146.9566,147.1656,147.3634,147.5499,147.7253,147.8894,148.0422,149.1783,149.3094,149.4292,149.5376,149.6346,151.7165,153.7889,157.8496,161.9013,166.9428,170.974,175.9933,175,172.9934,170.974,168.9421,167.8977,166.8411,164.7739,163.6941,162.6029,161.5006,160.3873,159.2634,157.1345,156.9844,157.8148,157.6397,158.4429,158.2425,159.0178,159.7783,160.5237,160.2705,160.9869,161.6876,161.3944,162.0651,162.7198,162.3858
33.0678,32.2495,30.97884,29.70582,28.43054,27.15309,25.87358,24.59209,23.30874,22.0236,20.73679,19.4484,18.15853,16.86728,15.67927,14.37686,13.07336,11.76886,10.46347,9.279378,8.059737,6.891863,5.653718,4.37155,2.984362,1.53587,0,-1.509691,-2.984362,-4.423904,-5.863115,-7.284438,-8.635433,-10.01196,-11.37031,-12.71037,-14.03207,-15.33532,-16.5155,-17.88611,-19.37723,-20.75366,-22.2677,-23.64951,-25.18595,-26.73771,-28.30465,-29.70439,-31.29268,-32.89571,-34.30543,-35.92898,-37.56683,-38.98538
143.2324,144.4918,144.7658,146.0088,146.2625,145.5217,146.7364,146.9566,147.1656,147.3634,147.5499,147.7253,147.8894,148.0422,149.1783,149.3094,149.4292,149.5376,149.6346,151.7165,153.7889,158.8487,161.9013,166.9428,170.974,175.9933,175,171.9935,170.974,168.9421,167.8977,164.843,165.7725,163.6941,162.6029,161.5006,160.3873,159.2634,157.1345,156.9844,157.8148,157.6397,158.4429,159.2316,159.0178,159.7783,160.5237,160.2705,160.9869,160.7077,162.3725,162.0651,162.7198,162.3858
33.0678,32.03306,30.77093,29.70582,28.43054,26.97086,25.87358,24.59209,23.30874,22.0236,20.73679,19.4484,18.15853,16.86728,15.67927,14.37686,13.07336,11.76886,10.46347,9.279378,8.059737,6.935483,5.653718,4.37155,2.984362,1.53587,0,-1.500964,-2.984362,-4.423904,-5.863115,-7.197199,-8.687769,-10.01196,-11.37031,-12.71037,-14.03207,-15.33532,-16.5155,-17.88611,-19.37723,-20.75366,-22.2677,-23.79732,-25.18595,-26.73771,-28.30465,-29.70439,-31.29268,-32.69634,-34.51334,-35.92898,-37.56683,-38.98538
143.2324,145.4681,145.744,146.0088,146.2625,145.5217,146.7364,146.9566,147.1656,147.3634,147.5499,147.7253,147.8894,148.0422,149.1783,149.3094,149.4292,149.5376,148.637,151.7165,153.7889,157.8496,161.9013,165.9431,169.9741,176.9933,175,172.9934,170.974,169.9417,166.8983,166.8411,164.7739,163.6941,162.6029,161.5006,160.3873,158.268,158.129,156.9844,157.8148,157.6397,158.4429,158.2425,159.0178,159.7783,159.5389,160.2705,160.9869,161.6876,161.3944,162.0651,162.7198,162.3858
33.0678,32.2495,30.97884,29.70582,28.43054,26.97086,25.87358,24.59209,23.30874,22.0236,20.73679,19.4484,18.15853,16.86728,15.67927,14.37686,13.07336,11.76886,10.39371,9.279378,8.059737,6.891863,5.653718,4.345373,2.966909,1.544597,0,-1.509691,-2.984362,-4.450081,-5.828216,-7.284438,-8.635433,-10.01196,-11.37031,-12.71037,-14.03207,-15.23947,-16.62003,-17.88611,-19.37723,-20.75366,-22.2677,-23.64951,-25.18595,-26.73771,-28.131,-29.70439,-31.29268,-32.89571,-34.30543,-35.92898,-37.56683,-38.98538
144.2068,145.4681,145.744,145.0289,146.2625,146.505,146.7364,146.9566,147.1656,147.3634,148.5402,147.7253,147.8894,149.0358,149.1783,149.3094,149.4292,149.5376,149.6346,151.7165,153.7889,157.8496,161.9013,166.9428,171.9738,175.9933,175,172.9934,170.974,168.9421,167.8977,166.8411,165.7725,163.6941,162.6029,161.5006,160.3873,158.268,157.1345,157.9779,157.8148,157.6397,158.4429,159.2316,159.0178,159.7783,159.5389,160.2705,160.9869,160.7077,161.3944,162.0651,162.7198,163.3581
33.29276,32.2495,30.97884,29.50645,28.43054,27.15309,25.87358,24.59209,23.30874,22.0236,20.87597,19.4484,18.15853,16.98048,15.67927,14.37686,13.07336,11.76886,10.46347,9.279378,8.059737,6.891863,5.653718,4.37155,3.001814,1.53587,0,-1.509691,-2.984362,-4.423904,-5.863115,-7.284438,-8.687769,-10.01196,-11.37031,-12.71037,-14.03207,-15.23947,-16.5155,-17.99931,-19.37723,-20.75366,-22.2677,-23.79732,-25.18595,-26.73771,-28.131,-29.70439,-31.29268,-32.69634,-34.30543,-35.92898,-37.56683,-39.21882
143.2324,145.4681,145.744,146.0088,145.2808,146.505,146.7364,146.9566,147.1656,147.3634,147.5499,147.7253,147.8894,148.0422,148.1838,149.3094,149.4292,149.5376,149.6346,151.7165,153.7889,157.8496,161.9013,166.9428,170.974,175.9933,175,172.9934,170.974,169.9417,167.8977,166.8411,164.7739,163.6941,162.6029,160.5037,160.3873,159.2634,157.1345,157.9779,156.8223,157.6397,158.4429,159.2316,159.0178,159.7783,160.5237,160.2705,160.9869,161.6876,162.3725,162.0651,162.7198,162.3858
33.0678,32.2495,30.97884,29.70582,28.23973,27.15309,25.87358,24.59209,23.30874,22.0236,20.73679,19.4484,18.15853,16.86728,15.57474,14.37686,13.07336,11.76886,10.46347,9.279378,8.059737,6.891863,5.653718,4.37155,2.984362,1.53587,0,-1.509691,-2.984362,-4.450081,-5.863115,-7.284438,-8.635433,-10.01196,-11.37031,-12.63191,-14.03207,-15.33532,-16.5155,-17.99931,-19.25536,-20.75366,-22.2677,-23.79732,-25.18595,-26.73771,-28.30465,-29.70439,-31.29268,-32.89571,-34.51334,-35.92898,-37.56683,-38.98538
143.2324,145.4681,144.7658,145.0289,146.2625,145.5217,146.7364,146.9566,147.1656,147.3634,147.5499,147.7253,147.8894,148.0422,148.1838,149.3094,149.4292,149.5376,149.6346,151.7165,153.7889,157.8496,161.9013,166.9428,170.974,175.9933,175,172.9934,170.974,168.9421,167.8977,166.8411,163.7752,163.6941,162.6029,161.5006,159.3912,159.2634,157.1345,156.9844,156.8223,157.6397,158.4429,159.2316,159.0178,159.7783,159.5389,160.2705,160.9869,161.6876,161.3944,162.0651,162.7198,162.3858
33.0678,32.2495,30.77093,29.50645,28.43054,26.97086,25.87358,24.59209,23.30874,22.0236,20.73679,19.4484,18.15853,16.86728,15.57474,14.37686,13.07336,11.76886,10.46347,9.279378,8.059737,6.891863,5.653718,4.37155,2.984362,1.53587,0,-1.509691,-2.984362,-4.423904,-5.863115,-7.284438,-8.583097,-10.01196,-11.37031,-12.71037,-13.94492,-15.33532,-16.5155,-17.88611,-19.25536,-20.75366,-22.2677,-23.79732,-25.18595,-26.73771,-28.131,-29.70439,-31.29268,-32.89571,-34.30543,-35.92898,-37.56683,-38.98538
143.2324,145.4681,145.744,146.0088,146.2625,146.505,146.7364,146.9566,147.1656,147.3634,147.5499,147.7253,147.8894,148.0422,149.1783,149.3094,149.4292,149.5376,149.6346,150.7184,153.7889,157.8496,161.9013,166.9428,170.974,174.9933,175,171.9935,170.974,168.9421,167.8977,166.8411,165.7725,163.6941,162.6029,160.5037,160.3873,158.268,158.129,156.9844,157.8148,157.6397,158.4429,159.2316,159.0178,159.7783,160.5237,160.2705,160.9869,161.6876,162.3725,162.0651,162.7198,163.3581
33.0678,32.2495,30.97884,29.70582,28.43054,27.15309,25.87358,24.59209,23.30874,22.0236,20.73679,19.4484,18.15853,16.86728,15.67927,14.37686,13.07336,11.76886,10.46347,9.218329,8.059737,6.891863,5.653718,4.37155,2.984362,1.527144,0,-1.500964,-2.984362,-4.423904,-5.863115,-7.284438,-8.687769,-10.01196,-11.37031,-12.63191,-14.03207,-15.23947,-16.62003,-17.88611,-19.37723,-20.75366,-22.2677,-23.79732,-25.18595,-26.73771,-28.30465,-29.70439,-31.29268,-32.89571,-34.51334,-35.92898,-37.56683,-39.21882
143.2324,145.4681,145.744,146.0088,146.2625,145.5217,146.7364,146.9566,147.1656,147.3634,147.5499,147.7253,147.8894,148.0422,148.1838,149.3094,149.4292,149.5376,149.6346,151.7165,153.7889,157.8496,161.9013,166.9428,170.974,175.9933,175,172.9934,170.974,170.9414,166.8983,166.8411,164.7739,163.6941,162.6029,161.5006,160.3873,158.268,158.129,156.9844,156.8223,157.6397,158.4429,159.2316,159.0178,159.7783,159.5389,160.2705,160.9869,161.6876,162.3725,162.0651,162.7198,163.3581
33.0678,32.2495,30.97884,29.70582,28.43054,26.97086,25.87358,24.59209,23.30874,22.0236,20.73679,19.4484,18.15853,16.86728,15.57474,14.37686,13.07336,11.76886,10.46347,9.279378,8.059737,6.891863,5.653718,4.37155,2.984362,1.53587,0,-1.509691,-2.984362,-4.476258,-5.828216,-7.284438,-8.635433,-10.01196,-11.37031,-12.71037,-14.03207,-15.23947,-16.62003,-17.88611,-19.25536,-20.75366,-22.2677,-23.79732,-25.18595,-26.73771,-28.131,-29.70439,-31.29268,-32.89571,-34.51334,-35.92898,-37.56683,-39.21882
144.2068,145.4681,145.744,146.0088,146.2625,146.505,146.7364,146.9566,147.1656,147.3634,147.5499,147.7253,147.8894,148.0422,149.1783,149.3094,149.4292,149.5376,149.6346,151.7165,153.7889,157.8496,161.9013,166.9428,170.974,175.9933,175,172.9934,170.974,168.9421,167.8977,166.8411,164.7739,163.6941,162.6029,160.5037,159.3912,158.268,157.1345,156.9844,157.8148,157.6397,158.4429,159.2316,159.0178,159.7783,160.5237,160.2705,160.9869,161.6876,162.3725,162.0651,162.7198,163.3581
33.29276,32.2495,30.97884,29.70582,28.43054,27.15309,25.87358,24.59209,23.30874,22.0236,20.73679,19.4484,18.15853,16.86728,15.67927,14.37686,13.07336,11.76886,10.46347,9.279378,8.059737,6.891863,5.653718,4.37155,2.984362,1.53587,0,-1.509691,-2.984362,-4.423904,-5.863115,-7.284438,-8.635433,-10.01196,-11.37031,-12.63191,-13.94492,-15.23947,-16.5155,-17.88611,-19.37723,-20.75366,-22.2677,-23.79732,-25.18595,-26.73771,-28.30465,-29.70439,-31.29268,-32.89571,-34.51334,-35.92898,-37.56683,-39.21882
143.2324,145.4681,145.744,146.0088,146.2625,146.505,146.7364,146.9566,147.1656,147.3634,147.5499,147.7253,147.8894,148.0422,149.1783,149.3094,149.4292,149.5376,149.6346,150.7184,153.7889,157.8496,161.9013,166.9428,170.974,175.9933,175,172.9934,171.9738,170.9414,167.8977,166.8411,165.7725,163.6941,162.6029,161.5006,159.3912,158.268,158.129,157.9779,157.8148,158.6312,158.4429,159.2316,159.0178,159.7783,159.5389,160.2705,160.9869,161.6876,162.3725,162.0651,162.7198,163.3581
33.0678,32.2495,30.97884,29.70582,28.43054,27.15309,25.87358,24.59209,23.30874,22.0236,20.73679,19.4484,18.15853,16.86728,15.67927,14.37686,13.07336,11.76886,10.46347,9.218329,8.059737,6.891863,5.653718,4.37155,2.984362,1.53587,0,-1.509691,-3.001814,-4.476258,-5.863115,-7.284438,-8.687769,-10.01196,-11.37031,-12.71037,-13.94492,-15.23947,-16.62003,-17.99931,-19.37723,-20.88419,-22.2677,-23.79732,-25.18595,-26.73771,-28.131,-29.70439,-31.29268,-32.89571,-34.51334,-35.92898,-37.56683,-39.21882
143.2324,145.4681,145.744,146.0088,145.2808,146.505,146.7364,146.9566,147.1656,147.3634,147.5499,147.7253,147.8894,148.0422,148.1838,149.3094,149.4292,149.5376,149.6346,150.7184,153.7889,157.8496,161.9013,166.9428,171.9738,175.9933,175,172.9934,171.9738,168.9421,167.8977,166.8411,165.7725,163.6941,162.6029,161.5006,160.3873,159.2634,157.1345,156.9844,156.8223,157.6397,158.4429,159.2316,159.0178,159.7783,159.5389,160.2705,160.9869,160.7077,162.3725,162.0651,162.7198,162.3858
33.0678,32.2495,30.97884,29.70582,28.23973,27.15309,25.87358,24.59209,23.30874,22.0236,20.73679,19.4484,18.15853,16.86728,15.57474,14.37686,13.07336,11.76886,10.46347,9.218329,8.059737,6.891863,5.653718,4.37155,3.001814,1.53587,0,-1.509691,-3.001814,-4.423904,-5.863115,-7.284438,-8.687769,-10.01196,-11.37031,-12.71037,-14.03207,-15.33532,-16.5155,-17.88611,-19.25536,-20.75366,-22.2677,-23.79732,-25.18595,-26.73771,-28.131,-29.70439,-31.29268,-32.69634,-34.51334,-35.92898,-37.56683,-38.98538
143.2324,144.4918,144.7658,145.0289,146.2625,146.505,146.7364,146.9566,147.1656,147.3634,147.5499,148.7167,147.8894,149.0358,148.1838,149.3094,149.4292,149.5376,149.6346,151.7165,153.7889,157.8496,161.9013,165.9431,170.974,175.9933,175,172.9934,170.974,170.9414,167.8977,164.843,164.7739,163.6941,162.6029,161.5006,160.3873,159.2634,158.129,156.9844,157.8148,157.6397,158.4429,159.2316,159.0178,159.7783,160.5237,161.2538,160.9869,161.6876,162.3725,162.0651,162.7198,163.3581
33.0678,32.03306,30.77093,29.50645,28.43054,27.15309,25.87358,24.59209,23.30874,22.0236,20.73679,19.57893,18.15853,16.98048,15.57474,14.37686,13.07336,11.76886,10.46347,9.279378,8.059737,6.891863,5.653718,4.345373,2.984362,1.53587,0,-1.509691,-2.984362,-4.476258,-5.863115,-7.197199,-8.635433,-10.01196,-11.37031,-12.71037,-14.03207,-15.33532,-16.62003,-17.88611,-19.37723,-20.75366,-22.2677,-23.79732,-25.18595,-26.73771,-28.30465,-29.88663,-31.29268,-32.89571,-34.51334,-35.92898,-37.56683,-39.21882
143.2324,144.4918,144.7658,145.0289,146.2625,146.505,146.7364,146.9566,147.1656,147.3634,147.5499,147.7253,147.8894,148.0422,149.1783,149.3094,149.4292,149.5376,149.6346,150.7184,153.7889,157.8496,160.9019,166.9428,170.974,175.9933,175,171.9935,170.974,170.9414,167.8977,166.8411,164.7739,163.6941,162.6029,161.5006,160.3873,159.2634,158.129,157.9779,157.8148,157.6397,158.4429,159.2316,159.0178,159.7783,159.5389,160.2705,160.9869,161.6876,162.3725,162.0651,162.7198,163.3581
33.0678,32.03306,30.77093,29.50645,28.43054,27.15309,25.87358,24.59209,23.30874,22.0236,20.73679,19.4484,18.15853,16.86728,15.67927,14.37686,13.07336,11.76886,10.46347,9.218329,8.059737,6.891863,5.618819,4.37155,2.984362,1.53587,0,-1.500964,-2.984362,-4.476258,-5.863115,-7.284438,-8.635433,-10.01196,-11.37031,-12.71037,-14.03207,-15.33532,-16.62003,-17.99931,-19.37723,-20.75366,-22.2677,-23.79732,-25.18595,-26.73771,-28.131,-29.70439,-31.29268,-32.89571,-34.51334,-35.92898,-37.56683,-39.21882
143.2324,145.4681,144.7658,146.0088,146.2625,145.5217,146.7364,146.9566,147.1656,147.3634,147.5499,147.7253,147.8894,148.0422,149.1783,149.3094,149.4292,149.5376,149.6346,150.7184,152.7903,157.8496,161.9013,166.9428,170.974,175.9933,175,171.9935,170.974,168.9421,167.8977,166.8411,164.7739,163.6941,162.6029,161.5006,159.3912,159.2634,158.129,156.9844,156.8223,157.6397,158.4429,159.2316,159.0178,159.7783,160.5237,160.2705,160.9869,161.6876,162.3725,162.0651,162.7198,162.3858
33.0678,32.2495,30.77093,29.70582,28.43054,26.97086,25.87358,24.59209,23.30874,22.0236,20.73679,19.4484,18.15853,16.86728,15.67927,14.37686,13.07336,11.76886,10.46347,9.218329,8.007401,6.891863,5.653718,4.37155,2.984362,1.53587,0,-1.500964,-2.984362,-4.423904,-5.863115,-7.284438,-8.635433,-10.01196,-11.37031,-12.71037,-13.94492,-15.33532,-16.62003,-17.88611,-19.25536,-20.75366,-22.2677,-23.79732,-25.18595,-26.73771,-28.30465,-29.70439,-31.29268,-32.89571,-34.51334,-35.92898,-37.56683,-38.98538
143.2324,145.4681,144.7658,146.0088,146.2625,146.505,146.7364,146.9566,147.1656,147.3634,147.5499,147.7253,147.8894,149.0358,149.1783,149.3094,149.4292,149.5376,149.6346,150.7184,154.7876,157.8496,161.9013,166.9428,170.974,175.9933,175,172.9934,171.9738,168.9421,166.8983,166.8411,164.7739,163.6941,162.6029,161.5006,159.3912,159.2634,157.1345,157.9779,157.8148,157.6397,158.4429,158.2425,159.0178,159.7783,159.5389,160.2705,160.9869,160.7077,161.3944,163.0414,162.7198,163.3581
33.0678,32.2495,30.77093,29.70582,28.43054,27.15309,25.87358,24.59209,23.30874,22.0236,20.73679,19.4484,18.15853,16.98048,15.67927,14.37686,13.07336,11.76886,10.46347,9.218329,8.112073,6.891863,5.653718,4.37155,2.984362,1.53587,0,-1.509691,-3.001814,-4.423904,-5.828216,-7.284438,-8.635433,-10.01196,-11.37031,-12.71037,-13.94492,-15.33532,-16.5155,-17.99931,-19.37723,-20.75366,-22.2677,-23.64951,-25.18595,-26.73771,-28.131,-29.70439,-31.29268,-32.69634,-34.30543,-36.14542,-37.56683,-39.21882
143.2324,145.4681,144.7658,146.0088,146.2625,146.505,146.7364,146.9566,147.1656,147.3634,147.5499,147.7253,147.8894,148.0422,148.1838,149.3094,149.4292,149.5376,149.6346,151.7165,154.7876,157.8496,161.9013,166.9428,170.974,175.9933,175,172.9934,170.974,168.9421,167.8977,166.8411,164.7739,163.6941,162.6029,161.5006,159.3912,158.268,157.1345,156.9844,157.8148,157.6397,158.4429,159.2316,159.0178,159.7783,159.5389,160.2705,160.9869,161.6876,161.3944,162.0651,162.7198,162.3858
33.0678,32.2495,30.77093,29.70582,28.43054,27.15309,25.87358,24.59209,23.30874,22.0236,20.73679,19.4484,18.15853,16.86728,15.57474,14.37686,13.07336,11.76886,10.46347,9.279378,8.112073,6.891863,5.653718,4.37155,2.984362,1.53587,0,-1.509691,-2.984362,-4.423904,-5.863115,-7.284438,-8.635433,-10.01196,-11.37031,-12.71037,-13.94492,-15.23947,-16.5155,-17.88611,-19.37723,-20.75366,-22.2677,-23.79732,-25.18595,-26.73771,-28.131,-29.70439,-31.29268,-32.89571,-34.30543,-35.92898,-37.56683,-38.98538
143.2324,144.4918,144.7658,146.0088,146.2625,146.505,146.7364,146.9566,147.1656,147.3634,147.5499,147.7253,147.8894,149.0358,149.1783,149.3094,149.4292,149.5376,149.6346,151.7165,153.7889,157.8496,161.9013,166.9428,171.9738,175.9933,175,172.9934,170.974,170.9414,167.8977,165.842,164.7739,163.6941,162.6029,161.5006,159.3912,158.268,158.129,157.9779,157.8148,157.6397,158.4429,159.2316,159.0178,159.7783,160.5237,160.2705,160.9869,161.6876,162.3725,162.0651,162.7198,163.3581
33.0678,32.03306,30.77093,29.70582,28.43054,27.15309,25.87358,24.59209,23.30874,22.0236,20.73679,19.4484,18.15853,16.98048,15.67927,14.37686,13.07336,11.76886,10.46347,9.279378,8.059737,6.891863,5.653718,4.37155,3.001814,1.53587,0,-1.509691,-2.984362,-4.476258,-5.863115,-7.240818,-8.635433,-10.01196,-11.37031,-12.71037,-13.94492,-15.23947,-16.62003,-17.99931,-19.37723,-20.75366,-22.2677,-23.79732,-25.18595,-26.73771,-28.30465,-29.70439,-31.29268,-32.89571,-34.51334,-35.92898,-37.56683,-39.21882
143.2324,145.4681,145.744,146.0088,146.2625,146.505,146.7364,146.9566,147.1656,147.3634,147.5499,147.7253,147.8894,148.0422,149.1783,149.3094,149.4292,149.5376,149.6346,150.7184,153.7889,157.8496,161.9013,166.9428,170.974,174.9933,175,172.9934,170.974,169.9417,167.8977,166.8411,164.7739,162.696,162.6029,161.5006,160.3873,159.2634,158.129,157.9779,157.8148,157.6397,158.4429,159.2316,159.0178,159.7783,159.5389,160.2705,160.9869,161.6876,161.3944,162.0651,162.7198,163.3581
33.0678,32.2495,30.97884,29.70582,28.43054,27.15309,25.87358,24.59209,23.30874,22.0236,20.73679,19.4484,18.15853,16.86728,15.67927,14.37686,13.07336,11.76886,10.46347,9.218329,8.059737,6.891863,5.653718,4.37155,2.984362,1.527144,0,-1.509691,-2.984362,-4.450081,-5.863115,-7.284438,-8.635433,-9.950912,-11.37031,-12.71037,-14.03207,-15.33532,-16.62003,-17.99931,-19.37723,-20.75366,-22.2677,-23.79732,-25.18595,-26.73771,-28.131,-29.70439,-31.29268,-32.89571,-34.30543,-35.92898,-37.56683,-39.21882
