163.9778,164.3477,165.4823,165.8108,166.1162,166.3984,167.4665,167.7078,167.9262,168.1217,168.2946,169.2788,169.4115,171.2085,173.0018,175.6439,177.4336,180.0805,182.7314,185.3858,188.0432,190.7033,193.3655,194.2554,190.6754,185.2514,181.5564,177.8093,176.73,176.5325,178.1414,177.9097,178.5779,179.2326,178.9465,180.501,180.181,180.7777,181.3607,181.9298,183.4306,183.0265,183.5539
132.7866,130.7281,129.2889,127.2311,125.1775,123.1283,121.6715,119.6248,117.5832,115.5469,113.5162,112.0432,110.0171,109.0718,108.1035,107.6347,106.6129,106.0755,105.5,104.8862,104.2341,103.5435,102.8143,101.1229,97.15397,92.36295,88.55097,84.81069,82.41056,80.45049,79.31365,77.35732,75.80184,74.24059,72.29907,71.10124,69.16501,67.59002,66.00989,64.42472,63.16022,61.2398,59.64028
163.9778,165.1303,165.4823,165.8108,166.1162,166.3984,167.4665,167.7078,167.9262,168.1217,168.2946,169.2788,169.4115,171.2085,173.8499,175.6439,177.4336,180.0805,182.7314,185.3858,188.0432,190.7033,193.3655,196.0294,190.6754,186.1463,181.5564,177.8093,176.73,177.4424,177.2278,177.9097,178.5779,179.2326,179.8737,179.5706,181.1146,180.7777,181.3607,181.9298,182.4851,183.0265,183.5539
132.7866,131.3506,129.2889,127.2311,125.1775,123.1283,121.6715,119.6248,117.5832,115.5469,113.5162,112.0432,110.0171,109.0718,108.6334,107.6347,106.6129,106.0755,105.5,104.8862,104.2341,103.5435,102.8143,102.0464,97.15397,92.80915,88.55097,84.81069,82.41056,80.86518,78.90691,77.35732,75.80184,74.24059,72.67368,70.73474,69.52338,67.59002,66.00989,64.42472,62.83465,61.2398,59.64028
163.9778,164.3477,165.4823,165.8108,165.3176,166.3984,167.4665,167.7078,167.9262,168.1217,168.2946,169.2788,169.4115,171.2085,173.0018,175.6439,177.4336,180.0805,182.7314,185.3858,188.0432,189.8245,192.4826,196.0294,190.6754,186.1463,181.5564,176.9067,175.8237,177.4424,177.2278,177.9097,178.5779,179.2326,179.8737,180.501,181.1146,181.7144,181.3607,182.8724,182.4851,183.0265,183.5539
132.7866,130.7281,129.2889,127.2311,124.5757,123.1283,121.6715,119.6248,117.5832,115.5469,113.5162,112.0432,110.0171,109.0718,108.1035,107.6347,106.6129,106.0755,105.5,104.8862,104.2341,103.0663,102.3448,102.0464,97.15397,92.80915,88.55097,84.38017,81.98794,80.86518,78.90691,77.35732,75.80184,74.24059,72.67368,71.10124,69.52338,67.94023,66.00989,64.75853,62.83465,61.2398,59.64028
163.9778,164.3477,164.6942,165.0175,165.3176,166.3984,166.6575,167.7078,167.9262,168.1217,169.1237,169.2788,170.2501,171.2085,173.8499,175.6439,177.4336,180.0805,182.7314,185.3858,188.0432,190.7033,193.3655,196.0294,190.6754,186.1463,181.5564,177.8093,176.73,177.4424,177.2278,177.9097,178.5779,179.2326,179.8737,180.501,181.1146,181.7144,182.3004,181.9298,182.4851,183.0265,182.6029
132.7866,130.7281,128.6732,126.6224,124.5757,123.1283,121.0838,119.6248,117.5832,115.5469,114.0754,112.0432,110.5617,109.0718,108.6334,107.6347,106.6129,106.0755,105.5,104.8862,104.2341,103.5435,102.8143,102.0464,97.15397,92.80915,88.55097,84.81069,82.41056,80.86518,78.90691,77.35732,75.80184,74.24059,72.67368,71.10124,69.52338,67.94023,66.35191,64.42472,62.83465,61.2398,59.33126
163.9778,164.3477,165.4823,165.8108,165.3176,166.3984,167.4665,167.7078,167.9262,168.1217,169.1237,169.2788,169.4115,171.2085,173.8499,175.6439,177.4336,180.0805,182.7314,185.3858,188.0432,190.7033,193.3655,196.0294,190.6754,186.1463,181.5564,177.8093,176.73,177.4424,177.2278,177.9097,178.5779,179.2326,179.8737,180.501,181.1146,181.7144,181.3607,182.8724,183.4306,183.9748,182.6029
132.7866,130.7281,129.2889,127.2311,124.5757,123.1283,121.6715,119.6248,117.5832,115.5469,114.0754,112.0432,110.0171,109.0718,108.6334,107.6347,106.6129,106.0755,105.5,104.8862,104.2341,103.5435,102.8143,102.0464,97.15397,92.80915,88.55097,84.81069,82.41056,80.86518,78.90691,77.35732,75.80184,74.24059,72.67368,71.10124,69.52338,67.94023,66.00989,64.75853,63.16022,61.5571,59.33126
163.9778,165.1303,165.4823,165.8108,166.1162,166.3984,167.4665,167.7078,167.9262,168.1217,168.2946,169.2788,169.4115,171.2085,173.8499,175.6439,177.4336,180.0805,182.7314,185.3858,188.0432,190.7033,192.4826,196.0294,190.6754,186.1463,181.5564,176.9067,176.73,177.4424,177.2278,177.9097,178.5779,179.2326,179.8737,180.501,180.181,181.7144,181.3607,182.8724,183.4306,183.0265,183.5539
132.7866,131.3506,129.2889,127.2311,125.1775,123.1283,121.6715,119.6248,117.5832,115.5469,113.5162,112.0432,110.0171,109.0718,108.6334,107.6347,106.6129,106.0755,105.5,104.8862,104.2341,103.5435,102.3448,102.0464,97.15397,92.80915,88.55097,84.38017,82.41056,80.86518,78.90691,77.35732,75.80184,74.24059,72.67368,71.10124,69.16501,67.94023,66.00989,64.75853,63.16022,61.2398,59.64028
163.9778,164.3477,165.4823,165.8108,166.1162,166.3984,166.6575,167.7078,167.9262,168.1217,169.1237,168.4449,169.4115,171.2085,173.8499,175.6439,177.4336,180.0805,182.7314,185.3858,188.0432,189.8245,193.3655,196.0294,190.6754,186.1463,181.5564,177.8093,176.73,177.4424,178.1414,177.9097,178.5779,179.2326,179.8737,180.501,181.1146,180.7777,181.3607,182.8724,183.4306,183.0265,180.7007
132.7866,130.7281,129.2889,127.2311,125.1775,123.1283,121.0838,119.6248,117.5832,115.5469,114.0754,111.4913,110.0171,109.0718,108.6334,107.6347,106.6129,106.0755,105.5,104.8862,104.2341,103.0663,102.8143,102.0464,97.15397,92.80915,88.55097,84.81069,82.41056,80.86518,79.31365,77.35732,75.80184,74.24059,72.67368,71.10124,69.52338,67.59002,66.00989,64.75853,63.16022,61.2398,58.71323
163.9778,164.3477,164.6942,165.8108,166.1162,166.3984,167.4665,167.7078,167.9262,168.1217,168.2946,169.2788,169.4115,171.2085,173.8499,175.6439,177.4336,180.0805,182.7314,185.3858,188.0432,190.7033,192.4826,196.0294,190.6754,185.2514,181.5564,177.8093,176.73,177.4424,178.1414,177.9097,178.5779,179.2326,179.8737,179.5706,180.181,180.7777,181.3607,181.9298,182.4851,183.0265,183.5539
132.7866,130.7281,128.6732,127.2311,125.1775,123.1283,121.6715,119.6248,117.5832,115.5469,113.5162,112.0432,110.0171,109.0718,108.6334,107.6347,106.6129,106.0755,105.5,104.8862,104.2341,103.5435,102.3448,102.0464,97.15397,92.36295,88.55097,84.81069,82.41056,80.86518,79.31365,77.35732,75.80184,74.24059,72.67368,70.73474,69.16501,67.59002,66.00989,64.42472,62.83465,61.2398,59.64028
163.9778,164.3477,164.6942,165.8108,166.1162,166.3984,167.4665,167.7078,167.9262,168.9459,169.1237,169.2788,169.4115,171.2085,173.8499,175.6439,178.2908,180.0805,182.7314,185.3858,188.0432,190.7033,193.3655,196.0294,190.6754,185.2514,181.5564,177.8093,176.73,177.4424,177.2278,177.9097,178.5779,179.2326,179.8737,180.501,180.181,181.7144,182.3004,181.9298,182.4851,183.0265,181.6518
132.7866,130.7281,128.6732,127.2311,125.1775,123.1283,121.6715,119.6248,117.5832,116.1133,114.0754,112.0432,110.0171,109.0718,108.6334,107.6347,107.1279,106.0755,105.5,104.8862,104.2341,103.5435,102.8143,102.0464,97.15397,92.36295,88.55097,84.81069,82.41056,80.86518,78.90691,77.35732,75.80184,74.24059,72.67368,71.10124,69.16501,67.94023,66.35191,64.42472,62.83465,61.2398,59.02225
163.9778,165.1303,165.4823,165.8108,166.1162,166.3984,167.4665,167.7078,167.9262,168.1217,168.2946,169.2788,169.4115,171.2085,173.8499,175.6439,177.4336,180.0805,182.7314,185.3858,188.0432,190.7033,193.3655,196.0294,190.6754,186.1463,181.5564,177.8093,176.73,177.4424,178.1414,177.9097,178.5779,179.2326,179.8737,180.501,181.1146,181.7144,182.3004,181.9298,183.4306,183.0265,181.6518
132.7866,131.3506,129.2889,127.2311,125.1775,123.1283,121.6715,119.6248,117.5832,115.5469,113.5162,112.0432,110.0171,109.0718,108.6334,107.6347,106.6129,106.0755,105.5,104.8862,104.2341,103.5435,102.8143,102.0464,97.15397,92.80915,88.55097,84.81069,82.41056,80.86518,79.31365,77.35732,75.80184,74.24059,72.67368,71.10124,69.52338,67.94023,66.35191,64.42472,63.16022,61.2398,59.02225
163.2007,164.3477,165.4823,165.0175,166.1162,166.3984,167.4665,167.7078,167.9262,168.9459,169.1237,169.2788,169.4115,171.2085,173.8499,175.6439,177.4336,180.0805,182.7314,185.3858,188.0432,190.7033,193.3655,195.1424,190.6754,186.1463,181.5564,177.8093,176.73,177.4424,177.2278,177.9097,178.5779,179.2326,179.8737,180.501,181.1146,181.7144,181.3607,181.9298,182.4851,183.0265,184.505
132.1573,130.7281,129.2889,126.6224,125.1775,123.1283,121.6715,119.6248,117.5832,116.1133,114.0754,112.0432,110.0171,109.0718,108.6334,107.6347,106.6129,106.0755,105.5,104.8862,104.2341,103.5435,102.8143,101.5847,97.15397,92.80915,88.55097,84.81069,82.41056,80.86518,78.90691,77.35732,75.80184,74.24059,72.67368,71.10124,69.52338,67.94023,66.00989,64.42472,62.83465,61.2398,59.9493
163.9778,165.1303,165.4823,165.8108,166.1162,166.3984,167.4665,167.7078,167.9262,168.1217,168.2946,169.2788,169.4115,171.2085,173.8499,175.6439,177.4336,180.0805,182.7314,185.3858,188.0432,190.7033,193.3655,196.0294,190.6754,186.1463,181.5564,177.8093,176.73,177.4424,177.2278,177.9097,178.5779,179.2326,179.8737,180.501,180.181,181.7144,182.3004,181.9298,183.4306,183.0265,183.5539
132.7866,131.3506,129.2889,127.2311,125.1775,123.1283,121.6715,119.6248,117.5832,115.5469,113.5162,112.0432,110.0171,109.0718,108.6334,107.6347,106.6129,106.0755,105.5,104.8862,104.2341,103.5435,102.8143,102.0464,97.15397,92.80915,88.55097,84.81069,82.41056,80.86518,78.90691,77.35732,75.80184,74.24059,72.67368,71.10124,69.16501,67.94023,66.35191,64.42472,63.16022,61.2398,59.64028
163.9778,164.3477,165.4823,165.0175,166.1162,166.3984,167.4665,167.7078,167.9262,168.1217,169.1237,169.2788,169.4115,171.2085,173.8499,175.6439,178.2908,180.0805,182.7314,185.3858,188.0432,190.7033,193.3655,196.0294,190.6754,186.1463,181.5564,177.8093,176.73,177.4424,177.2278,177.9097,178.5779,179.2326,179.8737,180.501,181.1146,181.7144,182.3004,182.8724,182.4851,183.9748,183.5539
132.7866,130.7281,129.2889,126.6224,125.1775,123.1283,121.6715,119.6248,117.5832,115.5469,114.0754,112.0432,110.0171,109.0718,108.6334,107.6347,107.1279,106.0755,105.5,104.8862,104.2341,103.5435,102.8143,102.0464,97.15397,92.80915,88.55097,84.81069,82.41056,80.86518,78.90691,77.35732,75.80184,74.24059,72.67368,71.10124,69.52338,67.94023,66.35191,64.75853,62.83465,61.5571,59.64028
163.9778,164.3477,165.4823,165.8108,165.3176,166.3984,167.4665,167.7078,167.9262,168.1217,169.1237,169.2788,169.4115,171.2085,173.8499,175.6439,178.2908,180.0805,182.7314,185.3858,188.0432,190.7033,193.3655,196.0294,190.6754,186.1463,181.5564,177.8093,176.73,177.4424,177.2278,177.9097,178.5779,179.2326,179.8737,179.5706,181.1146,181.7144,182.3004,181.9298,182.4851,183.0265,183.5539
132.7866,130.7281,129.2889,127.2311,124.5757,123.1283,121.6715,119.6248,117.5832,115.5469,114.0754,112.0432,110.0171,109.0718,108.6334,107.6347,107.1279,106.0755,105.5,104.8862,104.2341,103.5435,102.8143,102.0464,97.15397,92.80915,88.55097,84.81069,82.41056,80.86518,78.90691,77.35732,75.80184,74.24059,72.67368,70.73474,69.52338,67.94023,66.35191,64.42472,62.83465,61.2398,59.64028
163.9778,164.3477,165.4823,165.8108,166.1162,166.3984,167.4665,167.7078,167.9262,168.1217,169.1237,169.2788,169.4115,171.2085,173.8499,175.6439,177.4336,180.0805,182.7314,185.3858,188.0432,189.8245,193.3655,196.0294,190.6754,185.2514,181.5564,177.8093,176.73,177.4424,177.2278,177.9097,178.5779,179.2326,179.8737,180.501,181.1146,180.7777,181.3607,182.8724,182.4851,183.0265,183.5539
132.7866,130.7281,129.2889,127.2311,125.1775,123.1283,121.6715,119.6248,117.5832,115.5469,114.0754,112.0432,110.0171,109.0718,108.6334,107.6347,106.6129,106.0755,105.5,104.8862,104.2341,103.0663,102.8143,102.0464,97.15397,92.36295,88.55097,84.81069,82.41056,80.86518,78.90691,77.35732,75.80184,74.24059,72.67368,71.10124,69.52338,67.59002,66.00989,64.75853,62.83465,61.2398,59.64028
163.9778,165.1303,165.4823,165.8108,166.1162,166.3984,167.4665,167.7078,167.9262,168.1217,169.1237,169.2788,169.4115,171.2085,173.8499,175.6439,177.4336,180.0805,182.7314,185.3858,188.0432,190.7033,193.3655,196.0294,190.6754,186.1463,181.5564,177.8093,176.73,176.5325,178.1414,177.9097,178.5779,179.2326,179.8737,180.501,181.1146,181.7144,182.3004,181.9298,183.4306,183.0265,182.6029
132.7866,131.3506,129.2889,127.2311,125.1775,123.1283,121.6715,119.6248,117.5832,115.5469,114.0754,112.0432,110.0171,109.0718,108.6334,107.6347,106.6129,106.0755,105.5,104.8862,104.2341,103.5435,102.8143,102.0464,97.15397,92.80915,88.55097,84.81069,82.41056,80.45049,79.31365,77.35732,75.80184,74.24059,72.67368,71.10124,69.52338,67.94023,66.35191,64.42472,63.16022,61.2398,59.33126
163.9778,165.1303,164.6942,165.8108,165.3176,166.3984,167.4665,167.7078,167.9262,168.1217,168.2946,169.2788,169.4115,171.2085,173.0018,175.6439,177.4336,180.0805,182.7314,185.3858,188.0432,190.7033,193.3655,195.1424,190.6754,186.1463,181.5564,177.8093,176.73,177.4424,177.2278,177.9097,178.5779,179.2326,179.8737,180.501,181.1146,181.7144,182.3004,181.9298,183.4306,183.9748,183.5539
132.7866,131.3506,128.6732,127.2311,124.5757,123.1283,121.6715,119.6248,117.5832,115.5469,113.5162,112.0432,110.0171,109.0718,108.1035,107.6347,106.6129,106.0755,105.5,104.8862,104.2341,103.5435,102.8143,101.5847,97.15397,92.80915,88.55097,84.81069,82.41056,80.86518,78.90691,77.35732,75.80184,74.24059,72.67368,71.10124,69.52338,67.94023,66.35191,64.42472,63.16022,61.5571,59.64028
163.9778,165.1303,165.4823,165.8108,166.1162,166.3984,167.4665,167.7078,167.9262,168.1217,168.2946,168.4449,169.4115,171.2085,173.8499,175.6439,177.4336,180.0805,182.7314,185.3858,188.0432,190.7033,193.3655,195.1424,190.6754,186.1463,181.5564,177.8093,176.73,176.5325,177.2278,177.9097,178.5779,179.2326,179.8737,180.501,181.1146,181.7144,181.3607,181.9298,183.4306,183.0265,184.505
132.7866,131.3506,129.2889,127.2311,125.1775,123.1283,121.6715,119.6248,117.5832,115.5469,113.5162,111.4913,110.0171,109.0718,108.6334,107.6347,106.6129,106.0755,105.5,104.8862,104.2341,103.5435,102.8143,101.5847,97.15397,92.80915,88.55097,84.81069,82.41056,80.45049,78.90691,77.35732,75.80184,74.24059,72.67368,71.10124,69.52338,67.94023,66.00989,64.42472,63.16022,61.2398,59.9493
163.9778,164.3477,165.4823,165.8108,166.1162,166.3984,167.4665,167.7078,167.9262,168.1217,169.1237,168.4449,169.4115,171.2085,173.8499,175.6439,177.4336,180.0805,182.7314,185.3858,188.0432,190.7033,193.3655,196.0294,190.6754,186.1463,181.5564,177.8093,176.73,177.4424,177.2278,177.9097,178.5779,179.2326,179.8737,180.501,181.1146,181.7144,182.3004,181.9298,182.4851,183.0265,180.7007
132.7866,130.7281,129.2889,127.2311,125.1775,123.1283,121.6715,119.6248,117.5832,115.5469,114.0754,111.4913,110.0171,109.0718,108.6334,107.6347,106.6129,106.0755,105.5,104.8862,104.2341,103.5435,102.8143,102.0464,97.15397,92.80915,88.55097,84.81069,82.41056,80.86518,78.90691,77.35732,75.80184,74.24059,72.67368,71.10124,69.52338,67.94023,66.35191,64.42472,62.83465,61.2398,58.71323
163.9778,165.1303,165.4823,165.8108,166.1162,166.3984,167.4665,167.7078,167.9262,168.1217,169.1237,169.2788,169.4115,171.2085,173.8499,175.6439,177.4336,180.0805,182.7314,185.3858,188.0432,189.8245,193.3655,196.0294,190.6754,186.1463,181.5564,177.8093,176.73,177.4424,177.2278,177.9097,178.5779,179.2326,179.8737,180.501,181.1146,181.7144,181.3607,181.9298,183.4306,183.0265,184.505
132.7866,131.3506,129.2889,127.2311,125.1775,123.1283,121.6715,119.6248,117.5832,115.5469,114.0754,112.0432,110.0171,109.0718,108.6334,107.6347,106.6129,106.0755,105.5,104.8862,104.2341,103.0663,102.8143,102.0464,97.15397,92.80915,88.55097,84.81069,82.41056,80.86518,78.90691,77.35732,75.80184,74.24059,72.67368,71.10124,69.52338,67.94023,66.00989,64.42472,63.16022,61.2398,59.9493
163.9778,164.3477,164.6942,165.8108,166.1162,166.3984,167.4665,167.7078,167.9262,168.1217,169.1237,169.2788,169.4115,171.2085,173.8499,175.6439,177.4336,180.0805,182.7314,185.3858,188.0432,190.7033,192.4826,195.1424,190.6754,186.1463,181.5564,177.8093,176.73,176.5325,177.2278,177.9097,178.5779,178.3087,179.8737,180.501,181.1146,181.7144,181.3607,181.9298,182.4851,183.0265,183.5539
132.7866,130.7281,128.6732,127.2311,125.1775,123.1283,121.6715,119.6248,117.5832,115.5469,114.0754,112.0432,110.0171,109.0718,108.6334,107.6347,106.6129,106.0755,105.5,104.8862,104.2341,103.5435,102.3448,101.5847,97.15397,92.80915,88.55097,84.81069,82.41056,80.45049,78.90691,77.35732,75.80184,73.8579,72.67368,71.10124,69.52338,67.94023,66.00989,64.42472,62.83465,61.2398,59.64028
163.9778,165.1303,165.4823,165.8108,166.1162,166.3984,167.4665,167.7078,167.9262,168.9459,169.1237,169.2788,169.4115,171.2085,173.8499,175.6439,177.4336,180.0805,182.7314,185.3858,188.0432,189.8245,193.3655,196.0294,190.6754,186.1463,181.5564,177.8093,176.73,177.4424,178.1414,177.9097,178.5779,179.2326,179.8737,180.501,180.181,181.7144,182.3004,181.9298,182.4851,183.0265,183.5539
132.7866,131.3506,129.2889,127.2311,125.1775,123.1283,121.6715,119.6248,117.5832,116.1133,114.0754,112.0432,110.0171,109.0718,108.6334,107.6347,106.6129,106.0755,105.5,104.8862,104.2341,103.0663,102.8143,102.0464,97.15397,92.80915,88.55097,84.81069,82.41056,80.86518,79.31365,77.35732,75.80184,74.24059,72.67368,71.10124,69.16501,67.94023,66.35191,64.42472,62.83465,61.2398,59.64028
163.9778,164.3477,165.4823,165.0175,166.1162,166.3984,167.4665,167.7078,167.9262,168.1217,168.2946,169.2788,169.4115,171.2085,173.0018,175.6439,177.4336,180.0805,182.7314,185.3858,188.0432,190.7033,193.3655,196.0294,190.6754,186.1463,181.5564,177.8093,176.73,176.5325,177.2278,177.9097,178.5779,179.2326,179.8737,180.501,181.1146,181.7144,181.3607,182.8724,183.4306,183.0265,184.505
132.7866,130.7281,129.2889,126.6224,125.1775,123.1283,121.6715,119.6248,117.5832,115.5469,113.5162,112.0432,110.0171,109.0718,108.1035,107.6347,106.6129,106.0755,105.5,104.8862,104.2341,103.5435,102.8143,102.0464,97.15397,92.80915,88.55097,84.81069,82.41056,80.45049,78.90691,77.35732,75.80184,74.24059,72.67368,71.10124,69.52338,67.94023,66.00989,64.75853,63.16022,61.2398,59.9493
163.9778,164.3477,165.4823,165.8108,166.1162,166.3984,167.4665,167.7078,167.9262,168.1217,168.2946,169.2788,169.4115,171.2085,173.0018,175.6439,178.2908,180.0805,182.7314,185.3858,188.0432,190.7033,193.3655,196.0294,190.6754,186.1463,181.5564,177.8093,176.73,177.4424,177.2278,177.9097,178.5779,179.2326,179.8737,180.501,181.1146,181.7144,181.3607,181.9298,182.4851,183.0265,185.456
132.7866,130.7281,129.2889,127.2311,125.1775,123.1283,121.6715,119.6248,117.5832,115.5469,113.5162,112.0432,110.0171,109.0718,108.1035,107.6347,107.1279,106.0755,105.5,104.8862,104.2341,103.5435,102.8143,102.0464,97.15397,92.80915,88.55097,84.81069,82.41056,80.86518,78.90691,77.35732,75.80184,74.24059,72.67368,71.10124,69.52338,67.94023,66.00989,64.42472,62.83465,61.2398,60.25831
163.9778,164.3477,165.4823,165.8108,166.1162,166.3984,167.4665,167.7078,167.9262,168.1217,169.1237,169.2788,169.4115,171.2085,173.8499,175.6439,177.4336,180.0805,182.7314,185.3858,188.0432,190.7033,193.3655,196.0294,190.6754,185.2514,181.5564,177.8093,176.73,177.4424,177.2278,177.9097,178.5779,179.2326,179.8737,180.501,181.1146,181.7144,181.3607,182.8724,182.4851,183.0265,184.505
132.7866,130.7281,129.2889,127.2311,125.1775,123.1283,121.6715,119.6248,117.5832,115.5469,114.0754,112.0432,110.0171,109.0718,108.6334,107.6347,106.6129,106.0755,105.5,104.8862,104.2341,103.5435,102.8143,102.0464,97.15397,92.36295,88.55097,84.81069,82.41056,80.86518,78.90691,77.35732,75.80184,74.24059,72.67368,71.10124,69.52338,67.94023,66.00989,64.75853,62.83465,61.2398,59.9493
163.9778,164.3477,165.4823,165.8108,165.3176,166.3984,167.4665,167.7078,167.9262,168.1217,168.2946,169.2788,170.2501,171.2085,173.8499,175.6439,177.4336,180.0805,182.7314,185.3858,188.0432,189.8245,193.3655,195.1424,190.6754,186.1463,181.5564,176.9067,176.73,177.4424,178.1414,177.9097,178.5779,179.2326,179.8737,180.501,181.1146,180.7777,181.3607,181.9298,182.4851,183.0265,183.5539
132.7866,130.7281,129.2889,127.2311,124.5757,123.1283,121.6715,119.6248,117.5832,115.5469,113.5162,112.0432,110.5617,109.0718,108.6334,107.6347,106.6129,106.0755,105.5,104.8862,104.2341,103.0663,102.8143,101.5847,97.15397,92.80915,88.55097,84.38017,82.41056,80.86518,79.31365,77.35732,75.80184,74.24059,72.67368,71.10124,69.52338,67.59002,66.00989,64.42472,62.83465,61.2398,59.64028
163.2007,165.1303,165.4823,165.8108,166.1162,166.3984,167.4665,167.7078,167.9262,168.9459,168.2946,169.2788,169.4115,171.2085,173.0018,175.6439,177.4336,180.0805,182.7314,185.3858,188.0432,190.7033,192.4826,195.1424,190.6754,185.2514,181.5564,177.8093,176.73,176.5325,177.2278,177.9097,178.5779,179.2326,179.8737,179.5706,181.1146,181.7144,181.3607,182.8724,182.4851,183.9748,181.6518
132.1573,131.3506,129.2889,127.2311,125.1775,123.1283,121.6715,119.6248,117.5832,116.1133,113.5162,112.0432,110.0171,109.0718,108.1035,107.6347,106.6129,106.0755,105.5,104.8862,104.2341,103.5435,102.3448,101.5847,97.15397,92.36295,88.55097,84.81069,82.41056,80.45049,78.90691,77.35732,75.80184,74.24059,72.67368,70.73474,69.52338,67.94023,66.00989,64.75853,62.83465,61.5571,59.02225
163.9778,164.3477,165.4823,165.8108,166.1162,166.3984,167.4665,167.7078,167.9262,168.9459,168.2946,169.2788,169.4115,171.2085,173.8499,175.6439,178.2908,180.0805,182.7314,185.3858,188.0432,189.8245,193.3655,196.0294,190.6754,186.1463,181.5564,176.9067,175.8237,176.5325,177.2278,177.9097,178.5779,179.2326,179.8737,180.501,180.181,181.7144,182.3004,182.8724,182.4851,183.0265,181.6518
132.7866,130.7281,129.2889,127.2311,125.1775,123.1283,121.6715,119.6248,117.5832,116.1133,113.5162,112.0432,110.0171,109.0718,108.6334,107.6347,107.1279,106.0755,105.5,104.8862,104.2341,103.0663,102.8143,102.0464,97.15397,92.80915,88.55097,84.38017,81.98794,80.45049,78.90691,77.35732,75.80184,74.24059,72.67368,71.10124,69.16501,67.94023,66.35191,64.75853,62.83465,61.2398,59.02225
163.9778,165.1303,164.6942,165.8108,166.1162,166.3984,167.4665,167.7078,167.9262,168.1217,168.2946,169.2788,169.4115,171.2085,173.8499,175.6439,177.4336,180.0805,182.7314,185.3858,188.0432,189.8245,193.3655,196.0294,190.6754,186.1463,181.5564,177.8093,176.73,177.4424,177.2278,177.9097,178.5779,179.2326,179.8737,180.501,181.1146,181.7144,182.3004,182.8724,182.4851,183.9748,184.505
132.7866,131.3506,128.6732,127.2311,125.1775,123.1283,121.6715,119.6248,117.5832,115.5469,113.5162,112.0432,110.0171,109.0718,108.6334,107.6347,106.6129,106.0755,105.5,104.8862,104.2341,103.0663,102.8143,102.0464,97.15397,92.80915,88.55097,84.81069,82.41056,80.86518,78.90691,77.35732,75.80184,74.24059,72.67368,71.10124,69.52338,67.94023,66.35191,64.75853,62.83465,61.5571,59.9493
163.9778,164.3477,164.6942,165.8108,165.3176,166.3984,167.4665,167.7078,167.9262,168.1217,169.1237,169.2788,169.4115,171.2085,173.8499,175.6439,177.4336,180.0805,182.7314,185.3858,188.0432,189.8245,193.3655,196.0294,190.6754,186.1463,181.5564,177.8093,176.73,177.4424,178.1414,177.9097,178.5779,179.2326,179.8737,180.501,180.181,181.7144,182.3004,182.8724,183.4306,183.9748,182.6029
132.7866,130.7281,128.6732,127.2311,124.5757,123.1283,121.6715,119.6248,117.5832,115.5469,114.0754,112.0432,110.0171,109.0718,108.6334,107.6347,106.6129,106.0755,105.5,104.8862,104.2341,103.0663,102.8143,102.0464,97.15397,92.80915,88.55097,84.81069,82.41056,80.86518,79.31365,77.35732,75.80184,74.24059,72.67368,71.10124,69.16501,67.94023,66.35191,64.75853,63.16022,61.5571,59.33126
