107.6425,109.2423,110.0965,110.9423,111.0193,111.8425,112.6572,115.0176,115.826,116.6256,117.4163,118.9967,119.7747,120.5435,121.3032,122.0537,123.6189,124.3556,125.0829,130.8326,137.4728,144.1682,144.9488,144.0041,143.8921,143.7602,143.6087,143.4376,144.126,143.0375,142.8087,142.561,142.2946,142.0095,142.6085,143.1966,144.6838,145.2537,146.7296,148.2013,149.6685,150.2038,152.5885,154.0408,155.4876,155.989,157.4211,158.8471,160.2667,161.6796,160.2244
98.63617,98.3622,97.40515,96.44068,94.81942,93.84699,92.86742,93.13942,92.13217,91.1179,90.09669,89.67044,88.6286,87.58,86.52474,85.46289,84.96094,83.87894,82.79055,84.96369,87.57984,90.08627,88.82476,86.5264,84.75891,83,81.24989,79.50878,78.25404,76.05439,74.34153,72.63848,70.94545,69.26264,68.02075,66.77369,65.93623,64.67113,63.79985,62.90771,61.99472,60.68627,60.1062,59.13071,58.13443,56.77534,55.74575,54.69545,53.62449,52.53289,50.51857
107.6425,109.2423,110.0965,110.9423,111.7797,111.8425,112.6572,115.0176,115.826,116.6256,117.4163,118.9967,119.7747,120.5435,121.3032,122.0537,123.6189,124.3556,124.249,130.8326,137.4728,144.1682,144.9488,144.8613,143.8921,143.7602,144.479,144.3123,144.126,143.0375,142.8087,142.561,142.2946,142.0095,142.6085,143.1966,143.7739,145.2537,146.7296,148.2013,148.7446,150.2038,152.5885,154.0408,155.4876,155.989,157.4211,158.8471,160.2667,161.6796,160.2244
98.63617,98.3622,97.40515,96.44068,95.46886,93.84699,92.86742,93.13942,92.13217,91.1179,90.09669,89.67044,88.6286,87.58,86.52474,85.46289,84.96094,83.87894,82.23861,84.96369,87.57984,90.08627,88.82476,87.04143,84.75891,83,81.74231,79.99359,78.25404,76.05439,74.34153,72.63848,70.94545,69.26264,68.02075,66.77369,65.52153,64.67113,63.79985,62.90771,61.61203,60.68627,60.1062,59.13071,58.13443,56.77534,55.74575,54.69545,53.62449,52.53289,50.51857
106.9052,109.2423,110.0965,110.9423,111.7797,111.8425,112.6572,115.0176,115.826,116.6256,117.4163,118.9967,119.7747,120.5435,121.3032,122.8728,123.6189,124.3556,124.249,130.8326,137.4728,144.1682,144.9488,144.0041,143.8921,145.4923,144.479,144.3123,144.126,143.0375,142.8087,142.561,142.2946,142.0095,142.6085,143.1966,143.7739,145.2537,146.7296,148.2013,148.7446,150.2038,152.5885,154.0408,155.4876,156.9287,157.4211,158.8471,160.2667,161.6796,162.1319
97.96058,98.3622,97.40515,96.44068,95.46886,93.84699,92.86742,93.13942,92.13217,91.1179,90.09669,89.67044,88.6286,87.58,86.52474,86.03647,84.96094,83.87894,82.23861,84.96369,87.57984,90.08627,88.82476,86.5264,84.75891,84,81.74231,79.99359,78.25404,76.05439,74.34153,72.63848,70.94545,69.26264,68.02075,66.77369,65.52153,64.67113,63.79985,62.90771,61.61203,60.68627,60.1062,59.13071,58.13443,57.11736,55.74575,54.69545,53.62449,52.53289,51.11999
107.6425,110.7286,110.0965,110.9423,111.7797,112.6085,112.6572,115.0176,115.826,116.6256,117.4163,118.9967,119.7747,120.5435,121.3032,122.8728,123.6189,124.3556,125.0829,130.8326,137.4728,144.1682,144.9488,145.7184,143.8921,143.7602,144.479,144.3123,144.126,143.0375,142.8087,142.561,142.2946,142.0095,142.6085,143.1966,144.6838,145.2537,146.7296,148.2013,148.7446,150.2038,152.5885,154.0408,155.4876,155.989,157.4211,158.8471,160.2667,161.6796,161.1782
98.63617,99.70046,97.40515,96.44068,95.46886,94.48978,92.86742,93.13942,92.13217,91.1179,90.09669,89.67044,88.6286,87.58,86.52474,86.03647,84.96094,83.87894,82.79055,84.96369,87.57984,90.08627,88.82476,87.55647,84.75891,83,81.74231,79.99359,78.25404,76.05439,74.34153,72.63848,70.94545,69.26264,68.02075,66.77369,65.93623,64.67113,63.79985,62.90771,61.61203,60.68627,60.1062,59.13071,58.13443,56.77534,55.74575,54.69545,53.62449,52.53289,50.81928
107.6425,109.2423,110.0965,110.9423,111.0193,111.8425,114.2004,115.0176,115.826,116.6256,117.4163,118.9967,119.7747,120.5435,121.3032,122.8728,123.6189,124.3556,125.0829,130.8326,137.4728,144.1682,144.9488,144.0041,143.8921,143.7602,144.479,144.3123,144.126,143.0375,142.8087,142.561,143.1895,142.0095,142.6085,143.1966,143.7739,145.2537,146.7296,148.2013,149.6685,152.0582,152.5885,154.0408,155.4876,155.989,157.4211,158.8471,160.2667,161.6796,160.2244
98.63617,98.3622,97.40515,96.44068,94.81942,93.84699,94.13958,93.13942,92.13217,91.1179,90.09669,89.67044,88.6286,87.58,86.52474,86.03647,84.96094,83.87894,82.79055,84.96369,87.57984,90.08627,88.82476,86.5264,84.75891,83,81.74231,79.99359,78.25404,76.05439,74.34153,72.63848,71.39165,69.26264,68.02075,66.77369,65.52153,64.67113,63.79985,62.90771,61.99472,61.43548,60.1062,59.13071,58.13443,56.77534,55.74575,54.69545,53.62449,52.53289,50.51857
106.1679,109.2423,110.0965,110.9423,111.0193,111.8425,112.6572,115.0176,115.826,117.4136,117.4163,118.9967,119.7747,120.5435,122.1173,122.8728,123.6189,124.3556,125.0829,130.8326,137.4728,144.1682,144.9488,145.7184,144.7537,144.6262,144.479,144.3123,144.126,143.0375,142.8087,143.4521,143.1895,142.0095,142.6085,143.1966,144.6838,145.2537,146.7296,148.2013,148.7446,152.0582,152.5885,154.0408,155.4876,156.9287,157.4211,158.8471,160.2667,161.6796,160.2244
97.28499,98.3622,97.40515,96.44068,94.81942,93.84699,92.86742,93.13942,92.13217,91.73356,90.09669,89.67044,88.6286,87.58,87.10544,86.03647,84.96094,83.87894,82.79055,84.96369,87.57984,90.08627,88.82476,87.55647,85.26644,83.5,81.74231,79.99359,78.25404,76.05439,74.34153,73.09247,71.39165,69.26264,68.02075,66.77369,65.93623,64.67113,63.79985,62.90771,61.61203,61.43548,60.1062,59.13071,58.13443,57.11736,55.74575,54.69545,53.62449,52.53289,50.51857
107.6425,110.7286,110.0965,110.9423,111.0193,112.6085,112.6572,115.0176,115.826,116.6256,117.4163,118.9967,119.7747,120.5435,121.3032,122.8728,123.6189,124.3556,124.249,130.8326,137.4728,144.1682,144.9488,145.7184,143.8921,144.6262,144.479,144.3123,144.126,143.0375,142.8087,142.561,142.2946,142.0095,142.6085,143.1966,144.6838,145.2537,146.7296,148.2013,149.6685,150.2038,152.5885,154.0408,155.4876,155.989,158.3638,158.8471,160.2667,160.7286,160.2244
98.63617,99.70046,97.40515,96.44068,94.81942,94.48978,92.86742,93.13942,92.13217,91.1179,90.09669,89.67044,88.6286,87.58,86.52474,86.03647,84.96094,83.87894,82.23861,84.96369,87.57984,90.08627,88.82476,87.55647,84.75891,83.5,81.74231,79.99359,78.25404,76.05439,74.34153,72.63848,70.94545,69.26264,68.02075,66.77369,65.93623,64.67113,63.79985,62.90771,61.99472,60.68627,60.1062,59.13071,58.13443,56.77534,56.07955,54.69545,53.62449,52.22387,50.51857
108.3798,110.7286,110.0965,110.9423,111.7797,111.8425,114.2004,115.0176,115.826,116.6256,117.4163,118.9967,119.7747,120.5435,121.3032,122.8728,123.6189,124.3556,125.0829,130.8326,136.6294,145.0162,144.9488,145.7184,143.8921,144.6262,144.479,145.1869,144.126,143.0375,142.8087,142.561,143.1895,142.0095,142.6085,143.1966,144.6838,145.2537,146.7296,148.2013,149.6685,150.2038,152.5885,154.0408,155.4876,155.989,157.4211,158.8471,160.2667,161.6796,161.1782
99.31176,99.70046,97.40515,96.44068,95.46886,93.84699,94.13958,93.13942,92.13217,91.1179,90.09669,89.67044,88.6286,87.58,86.52474,86.03647,84.96094,83.87894,82.79055,84.96369,87.04254,90.61619,88.82476,87.55647,84.75891,83.5,81.74231,80.4784,78.25404,76.05439,74.34153,72.63848,71.39165,69.26264,68.02075,66.77369,65.93623,64.67113,63.79985,62.90771,61.99472,60.68627,60.1062,59.13071,58.13443,56.77534,55.74575,54.69545,53.62449,52.53289,50.81928
106.9052,110.7286,110.0965,110.9423,111.0193,111.8425,114.2004,115.0176,115.826,116.6256,118.2096,118.9967,119.7747,120.5435,121.3032,122.8728,123.6189,124.3556,125.0829,130.8326,137.4728,144.1682,144.9488,144.0041,143.8921,144.6262,144.479,144.3123,144.126,143.0375,142.8087,142.561,142.2946,142.0095,142.6085,143.1966,144.6838,145.2537,146.7296,148.2013,148.7446,152.0582,152.5885,154.0408,155.4876,156.9287,158.3638,158.8471,160.2667,161.6796,163.0856
97.96058,99.70046,97.40515,96.44068,94.81942,93.84699,94.13958,93.13942,92.13217,91.1179,90.70545,89.67044,88.6286,87.58,86.52474,86.03647,84.96094,83.87894,82.79055,84.96369,87.57984,90.08627,88.82476,86.5264,84.75891,83.5,81.74231,79.99359,78.25404,76.05439,74.34153,72.63848,70.94545,69.26264,68.02075,66.77369,65.93623,64.67113,63.79985,62.90771,61.61203,61.43548,60.1062,59.13071,58.13443,57.11736,56.07955,54.69545,53.62449,52.53289,51.42069
106.9052,109.2423,110.0965,110.9423,111.0193,111.8425,112.6572,115.0176,115.826,116.6256,118.2096,118.9967,119.7747,120.5435,121.3032,122.0537,123.6189,124.3556,125.0829,130.8326,137.4728,144.1682,144.9488,144.0041,143.8921,143.7602,144.479,144.3123,144.126,143.0375,142.8087,142.561,142.2946,142.9083,142.6085,143.1966,144.6838,145.2537,146.7296,148.2013,149.6685,150.2038,152.5885,154.0408,155.4876,156.9287,157.4211,158.8471,160.2667,161.6796,160.2244
97.96058,98.3622,97.40515,96.44068,94.81942,93.84699,92.86742,93.13942,92.13217,91.1179,90.70545,89.67044,88.6286,87.58,86.52474,85.46289,84.96094,83.87894,82.79055,84.96369,87.57984,90.08627,88.82476,86.5264,84.75891,83,81.74231,79.99359,78.25404,76.05439,74.34153,72.63848,70.94545,69.70101,68.02075,66.77369,65.93623,64.67113,63.79985,62.90771,61.99472,60.68627,60.1062,59.13071,58.13443,57.11736,55.74575,54.69545,53.62449,52.53289,50.51857
106.9052,109.2423,110.0965,110.9423,111.7797,113.3746,112.6572,115.0176,115.826,116.6256,117.4163,118.9967,119.7747,120.5435,121.3032,122.8728,123.6189,124.3556,124.249,130.8326,137.4728,144.1682,144.9488,145.7184,143.8921,143.7602,144.479,144.3123,144.126,143.0375,143.6958,142.561,142.2946,142.0095,142.6085,143.1966,143.7739,145.2537,146.7296,148.2013,148.7446,150.2038,152.5885,154.0408,155.4876,155.989,157.4211,158.8471,160.2667,160.7286,160.2244
97.96058,98.3622,97.40515,96.44068,95.46886,95.13257,92.86742,93.13942,92.13217,91.1179,90.09669,89.67044,88.6286,87.58,86.52474,86.03647,84.96094,83.87894,82.23861,84.96369,87.57984,90.08627,88.82476,87.55647,84.75891,83,81.74231,79.99359,78.25404,76.05439,74.80328,72.63848,70.94545,69.26264,68.02075,66.77369,65.52153,64.67113,63.79985,62.90771,61.61203,60.68627,60.1062,59.13071,58.13443,56.77534,55.74575,54.69545,53.62449,52.22387,50.51857
106.9052,109.2423,110.0965,110.9423,111.7797,111.8425,114.2004,115.0176,115.826,116.6256,118.2096,118.9967,119.7747,120.5435,121.3032,122.0537,123.6189,124.3556,125.0829,130.8326,137.4728,144.1682,144.9488,145.7184,143.8921,143.7602,144.479,144.3123,144.126,143.0375,142.8087,142.561,142.2946,142.0095,142.6085,143.1966,143.7739,145.2537,146.7296,148.2013,148.7446,150.2038,152.5885,154.0408,154.5509,155.989,157.4211,158.8471,160.2667,160.7286,161.1782
97.96058,98.3622,97.40515,96.44068,95.46886,93.84699,94.13958,93.13942,92.13217,91.1179,90.70545,89.67044,88.6286,87.58,86.52474,85.46289,84.96094,83.87894,82.79055,84.96369,87.57984,90.08627,88.82476,87.55647,84.75891,83,81.74231,79.99359,78.25404,76.05439,74.34153,72.63848,70.94545,69.26264,68.02075,66.77369,65.52153,64.67113,63.79985,62.90771,61.61203,60.68627,60.1062,59.13071,57.78422,56.77534,55.74575,54.69545,53.62449,52.22387,50.81928
106.1679,110.7286,110.0965,110.9423,111.7797,113.3746,112.6572,115.0176,115.826,116.6256,118.2096,118.9967,119.7747,120.5435,121.3032,122.8728,123.6189,124.3556,125.0829,130.8326,137.4728,144.1682,144.9488,145.7184,143.8921,143.7602,144.479,144.3123,144.126,143.0375,142.8087,142.561,142.2946,142.0095,142.6085,143.1966,144.6838,145.2537,146.7296,148.2013,148.7446,150.2038,152.5885,154.0408,155.4876,155.989,157.4211,158.8471,160.2667,161.6796,160.2244
97.28499,99.70046,97.40515,96.44068,95.46886,95.13257,92.86742,93.13942,92.13217,91.1179,90.70545,89.67044,88.6286,87.58,86.52474,86.03647,84.96094,83.87894,82.79055,84.96369,87.57984,90.08627,88.82476,87.55647,84.75891,83,81.74231,79.99359,78.25404,76.05439,74.34153,72.63848,70.94545,69.26264,68.02075,66.77369,65.93623,64.67113,63.79985,62.90771,61.61203,60.68627,60.1062,59.13071,58.13443,56.77534,55.74575,54.69545,53.62449,52.53289,50.51857
106.1679,109.2423,110.0965,110.9423,111.7797,112.6085,112.6572,113.4633,115.826,116.6256,117.4163,118.1981,119.7747,120.5435,122.1173,122.8728,123.6189,124.3556,125.0829,130.8326,137.4728,144.1682,144.9488,144.8613,143.8921,143.7602,144.479,144.3123,144.126,143.0375,142.8087,142.561,143.1895,142.0095,142.6085,144.1029,143.7739,145.2537,146.7296,148.2013,149.6685,152.0582,152.5885,154.0408,155.4876,157.8684,157.4211,158.8471,160.2667,161.6796,161.1782
97.28499,98.3622,97.40515,96.44068,95.46886,94.48978,92.86742,91.88078,92.13217,91.1179,90.09669,89.06862,88.6286,87.58,87.10544,86.03647,84.96094,83.87894,82.79055,84.96369,87.57984,90.08627,88.82476,87.04143,84.75891,83,81.74231,79.99359,78.25404,76.05439,74.34153,72.63848,71.39165,69.26264,68.02075,67.1963,65.52153,64.67113,63.79985,62.90771,61.99472,61.43548,60.1062,59.13071,58.13443,57.45938,55.74575,54.69545,53.62449,52.53289,50.81928
106.9052,109.2423,110.0965,110.9423,111.0193,111.8425,114.2004,115.0176,115.826,116.6256,117.4163,118.9967,119.7747,120.5435,122.1173,122.8728,123.6189,124.3556,124.249,130.8326,136.6294,144.1682,144.9488,145.7184,144.7537,143.7602,144.479,144.3123,144.126,143.0375,142.8087,142.561,142.2946,142.0095,142.6085,143.1966,144.6838,145.2537,146.7296,147.2808,149.6685,150.2038,152.5885,154.0408,155.4876,156.9287,158.3638,158.8471,160.2667,161.6796,161.1782
97.96058,98.3622,97.40515,96.44068,94.81942,93.84699,94.13958,93.13942,92.13217,91.1179,90.09669,89.67044,88.6286,87.58,87.10544,86.03647,84.96094,83.87894,82.23861,84.96369,87.04254,90.08627,88.82476,87.55647,85.26644,83,81.74231,79.99359,78.25404,76.05439,74.34153,72.63848,70.94545,69.26264,68.02075,66.77369,65.93623,64.67113,63.79985,62.51698,61.99472,60.68627,60.1062,59.13071,58.13443,57.11736,56.07955,54.69545,53.62449,52.53289,50.81928
107.6425,109.2423,110.0965,110.9423,111.0193,111.8425,114.2004,115.0176,115.826,116.6256,117.4163,118.9967,119.7747,120.5435,121.3032,122.8728,123.6189,124.3556,125.0829,130.8326,137.4728,144.1682,144.9488,144.8613,143.8921,143.7602,144.479,144.3123,144.126,143.0375,142.8087,142.561,143.1895,142.0095,142.6085,143.1966,143.7739,145.2537,146.7296,148.2013,148.7446,152.0582,152.5885,154.0408,154.5509,157.8684,157.4211,158.8471,160.2667,161.6796,161.1782
98.63617,98.3622,97.40515,96.44068,94.81942,93.84699,94.13958,93.13942,92.13217,91.1179,90.09669,89.67044,88.6286,87.58,86.52474,86.03647,84.96094,83.87894,82.79055,84.96369,87.57984,90.08627,88.82476,87.04143,84.75891,83,81.74231,79.99359,78.25404,76.05439,74.34153,72.63848,71.39165,69.26264,68.02075,66.77369,65.52153,64.67113,63.79985,62.90771,61.61203,61.43548,60.1062,59.13071,57.78422,57.45938,55.74575,54.69545,53.62449,52.53289,50.81928
107.6425,109.2423,110.0965,110.9423,111.0193,111.8425,112.6572,115.0176,115.826,116.6256,117.4163,118.9967,119.7747,120.5435,121.3032,122.8728,123.6189,124.3556,124.249,130.8326,137.4728,144.1682,144.9488,145.7184,143.8921,144.6262,144.479,144.3123,144.126,143.0375,142.8087,142.561,142.2946,142.0095,142.6085,143.1966,143.7739,145.2537,146.7296,148.2013,149.6685,150.2038,152.5885,154.0408,155.4876,155.989,157.4211,158.8471,160.2667,161.6796,162.1319
98.63617,98.3622,97.40515,96.44068,94.81942,93.84699,92.86742,93.13942,92.13217,91.1179,90.09669,89.67044,88.6286,87.58,86.52474,86.03647,84.96094,83.87894,82.23861,84.96369,87.57984,90.08627,88.82476,87.55647,84.75891,83.5,81.74231,79.99359,78.25404,76.05439,74.34153,72.63848,70.94545,69.26264,68.02075,66.77369,65.52153,64.67113,63.79985,62.90771,61.99472,60.68627,60.1062,59.13071,58.13443,56.77534,55.74575,54.69545,53.62449,52.53289,51.11999
106.1679,110.7286,110.0965,110.9423,111.7797,111.8425,112.6572,115.0176,115.826,116.6256,117.4163,118.9967,119.7747,120.5435,121.3032,122.8728,123.6189,124.3556,124.249,130.8326,137.4728,144.1682,144.9488,144.0041,143.8921,143.7602,144.479,144.3123,144.126,143.0375,142.8087,142.561,142.2946,142.0095,142.6085,143.1966,144.6838,145.2537,146.7296,148.2013,149.6685,152.0582,152.5885,154.0408,155.4876,155.989,157.4211,158.8471,160.2667,161.6796,160.2244
97.28499,99.70046,97.40515,96.44068,95.46886,93.84699,92.86742,93.13942,92.13217,91.1179,90.09669,89.67044,88.6286,87.58,86.52474,86.03647,84.96094,83.87894,82.23861,84.96369,87.57984,90.08627,88.82476,86.5264,84.75891,83,81.74231,79.99359,78.25404,76.05439,74.34153,72.63848,70.94545,69.26264,68.02075,66.77369,65.93623,64.67113,63.79985,62.90771,61.99472,61.43548,60.1062,59.13071,58.13443,56.77534,55.74575,54.69545,53.62449,52.53289,50.51857
107.6425,110.7286,110.0965,110.9423,111.0193,111.8425,112.6572,115.0176,115.826,116.6256,117.4163,118.9967,119.7747,120.5435,121.3032,122.8728,123.6189,124.3556,125.0829,129.9939,137.4728,144.1682,144.9488,144.8613,143.8921,143.7602,143.6087,144.3123,144.126,143.0375,142.8087,142.561,143.1895,142.0095,142.6085,143.1966,144.6838,145.2537,146.7296,148.2013,148.7446,150.2038,152.5885,154.0408,155.4876,156.9287,157.4211,158.8471,160.2667,160.7286,163.0856
98.63617,99.70046,97.40515,96.44068,94.81942,93.84699,92.86742,93.13942,92.13217,91.1179,90.09669,89.67044,88.6286,87.58,86.52474,86.03647,84.96094,83.87894,82.79055,84.41905,87.57984,90.08627,88.82476,87.04143,84.75891,83,81.24989,79.99359,78.25404,76.05439,74.34153,72.63848,71.39165,69.26264,68.02075,66.77369,65.93623,64.67113,63.79985,62.90771,61.61203,60.68627,60.1062,59.13071,58.13443,57.11736,55.74575,54.69545,53.62449,52.22387,51.42069
106.9052,109.2423,110.0965,110.9423,111.0193,111.8425,112.6572,115.0176,115.826,116.6256,117.4163,118.9967,119.7747,120.5435,121.3032,122.8728,123.6189,124.3556,125.0829,130.8326,137.4728,144.1682,144.9488,144.8613,143.8921,143.7602,143.6087,144.3123,144.126,143.0375,142.8087,142.561,142.2946,142.0095,142.6085,143.1966,143.7739,145.2537,146.7296,148.2013,149.6685,150.2038,152.5885,154.0408,155.4876,155.989,157.4211,158.8471,160.2667,160.7286,163.0856
97.96058,98.3622,97.40515,96.44068,94.81942,93.84699,92.86742,93.13942,92.13217,91.1179,90.09669,89.67044,88.6286,87.58,86.52474,86.03647,84.96094,83.87894,82.79055,84.96369,87.57984,90.08627,88.82476,87.04143,84.75891,83,81.24989,79.99359,78.25404,76.05439,74.34153,72.63848,70.94545,69.26264,68.02075,66.77369,65.52153,64.67113,63.79985,62.90771,61.99472,60.68627,60.1062,59.13071,58.13443,56.77534,55.74575,54.69545,53.62449,52.22387,51.42069
106.9052,110.7286,110.0965,110.9423,111.7797,111.8425,112.6572,115.0176,115.826,116.6256,117.4163,118.9967,119.7747,120.5435,121.3032,122.8728,123.6189,124.3556,125.0829,130.8326,136.6294,144.1682,144.9488,145.7184,143.8921,143.7602,145.3494,144.3123,144.126,143.0375,142.8087,142.561,142.2946,142.0095,142.6085,143.1966,143.7739,145.2537,146.7296,148.2013,148.7446,152.0582,152.5885,154.0408,155.4876,155.989,157.4211,158.8471,160.2667,161.6796,160.2244
97.96058,99.70046,97.40515,96.44068,95.46886,93.84699,92.86742,93.13942,92.13217,91.1179,90.09669,89.67044,88.6286,87.58,86.52474,86.03647,84.96094,83.87894,82.79055,84.96369,87.04254,90.08627,88.82476,87.55647,84.75891,83,82.23473,79.99359,78.25404,76.05439,74.34153,72.63848,70.94545,69.26264,68.02075,66.77369,65.52153,64.67113,63.79985,62.90771,61.61203,61.43548,60.1062,59.13071,58.13443,56.77534,55.74575,54.69545,53.62449,52.53289,50.51857
108.3798,110.7286,110.0965,110.9423,111.7797,112.6085,112.6572,115.0176,115.826,116.6256,117.4163,118.9967,119.7747,120.5435,121.3032,122.8728,123.6189,123.5266,125.0829,129.9939,137.4728,144.1682,144.9488,144.8613,143.8921,143.7602,144.479,144.3123,145.0048,143.0375,142.8087,142.561,142.2946,142.9083,142.6085,143.1966,143.7739,145.2537,147.6467,148.2013,149.6685,152.0582,152.5885,154.0408,155.4876,155.989,157.4211,158.8471,160.2667,161.6796,160.2244
99.31176,99.70046,97.40515,96.44068,95.46886,94.48978,92.86742,93.13942,92.13217,91.1179,90.09669,89.67044,88.6286,87.58,86.52474,86.03647,84.96094,83.31974,82.79055,84.41905,87.57984,90.08627,88.82476,87.04143,84.75891,83,81.74231,79.99359,78.7312,76.05439,74.34153,72.63848,70.94545,69.70101,68.02075,66.77369,65.52153,64.67113,64.1986,62.90771,61.99472,61.43548,60.1062,59.13071,58.13443,56.77534,55.74575,54.69545,53.62449,52.53289,50.51857
107.6425,109.2423,110.0965,110.9423,111.7797,111.8425,112.6572,113.4633,115.826,116.6256,117.4163,118.9967,119.7747,120.5435,121.3032,122.0537,123.6189,124.3556,125.0829,130.8326,136.6294,144.1682,144.9488,145.7184,143.8921,143.7602,143.6087,144.3123,144.126,143.0375,142.8087,142.561,142.2946,142.0095,142.6085,143.1966,144.6838,145.2537,145.8126,148.2013,148.7446,150.2038,152.5885,154.0408,154.5509,155.989,157.4211,158.8471,160.2667,160.7286,161.1782
98.63617,98.3622,97.40515,96.44068,95.46886,93.84699,92.86742,91.88078,92.13217,91.1179,90.09669,89.67044,88.6286,87.58,86.52474,85.46289,84.96094,83.87894,82.79055,84.96369,87.04254,90.08627,88.82476,87.55647,84.75891,83,81.24989,79.99359,78.25404,76.05439,74.34153,72.63848,70.94545,69.26264,68.02075,66.77369,65.93623,64.67113,63.4011,62.90771,61.61203,60.68627,60.1062,59.13071,57.78422,56.77534,55.74575,54.69545,53.62449,52.22387,50.81928
108.3798,109.2423,110.0965,110.9423,111.0193,111.8425,112.6572,115.0176,115.826,116.6256,117.4163,118.9967,119.7747,120.5435,121.3032,122.0537,123.6189,124.3556,125.0829,130.8326,137.4728,144.1682,144.9488,145.7184,144.7537,143.7602,144.479,144.3123,144.126,143.0375,142.8087,142.561,142.2946,142.0095,142.6085,143.1966,144.6838,145.2537,146.7296,148.2013,148.7446,150.2038,152.5885,154.9744,154.5509,155.989,157.4211,158.8471,160.2667,161.6796,162.1319
99.31176,98.3622,97.40515,96.44068,94.81942,93.84699,92.86742,93.13942,92.13217,91.1179,90.09669,89.67044,88.6286,87.58,86.52474,85.46289,84.96094,83.87894,82.79055,84.96369,87.57984,90.08627,88.82476,87.55647,85.26644,83,81.74231,79.99359,78.25404,76.05439,74.34153,72.63848,70.94545,69.26264,68.02075,66.77369,65.93623,64.67113,63.79985,62.90771,61.61203,60.68627,60.1062,59.48908,57.78422,56.77534,55.74575,54.69545,53.62449,52.53289,51.11999
106.9052,110.7286,110.0965,110.9423,111.7797,111.8425,112.6572,115.0176,115.826,116.6256,117.4163,118.1981,119.7747,120.5435,121.3032,122.8728,123.6189,124.3556,125.0829,130.8326,137.4728,144.1682,144.9488,144.0041,144.7537,143.7602,144.479,144.3123,144.126,143.0375,142.8087,142.561,142.2946,142.0095,142.6085,143.1966,143.7739,145.2537,146.7296,148.2013,149.6685,152.0582,152.5885,154.0408,155.4876,155.989,157.4211,158.8471,160.2667,161.6796,160.2244
97.96058,99.70046,97.40515,96.44068,95.46886,93.84699,92.86742,93.13942,92.13217,91.1179,90.09669,89.06862,88.6286,87.58,86.52474,86.03647,84.96094,83.87894,82.79055,84.96369,87.57984,90.08627,88.82476,86.5264,85.26644,83,81.74231,79.99359,78.25404,76.05439,74.34153,72.63848,70.94545,69.26264,68.02075,66.77369,65.52153,64.67113,63.79985,62.90771,61.99472,61.43548,60.1062,59.13071,58.13443,56.77534,55.74575,54.69545,53.62449,52.53289,50.51857
106.9052,109.2423,110.0965,110.9423,111.0193,112.6085,112.6572,114.2405,115.0434,115.8376,116.6229,118.9967,119.7747,120.5435,121.3032,122.8728,123.6189,124.3556,124.249,130.8326,137.4728,144.1682,144.9488,144.8613,143.8921,143.7602,144.479,143.4376,143.2472,143.0375,142.8087,142.561,142.2946,142.0095,142.6085,143.1966,143.7739,145.2537,146.7296,148.2013,149.6685,151.131,151.6581,153.1072,155.4876,156.9287,157.4211,158.8471,160.2667,161.6796,162.1319
97.96058,98.3622,97.40515,96.44068,94.81942,94.48978,92.86742,92.5101,91.50965,90.50224,89.48793,89.67044,88.6286,87.58,86.52474,86.03647,84.96094,83.87894,82.23861,84.96369,87.57984,90.08627,88.82476,87.04143,84.75891,83,81.74231,79.50878,77.77688,76.05439,74.34153,72.63848,70.94545,69.26264,68.02075,66.77369,65.52153,64.67113,63.79985,62.90771,61.99472,61.06087,59.7397,58.77234,58.13443,57.11736,55.74575,54.69545,53.62449,52.53289,51.11999
106.1679,109.9854,110.0965,110.9423,111.0193,111.8425,112.6572,114.2405,115.0434,115.8376,118.2096,118.9967,119.7747,120.5435,121.3032,122.8728,123.6189,124.3556,125.0829,130.8326,137.4728,144.1682,144.9488,144.0041,143.8921,143.7602,144.479,143.4376,143.2472,143.0375,142.8087,142.561,142.2946,142.0095,142.6085,144.1029,143.7739,145.2537,146.7296,148.2013,148.7446,150.2038,151.6581,153.1072,155.4876,155.989,157.4211,158.8471,160.2667,161.6796,160.2244
97.28499,99.03133,97.40515,96.44068,94.81942,93.84699,92.86742,92.5101,91.50965,90.50224,90.70545,89.67044,88.6286,87.58,86.52474,86.03647,84.96094,83.87894,82.79055,84.96369,87.57984,90.08627,88.82476,86.5264,84.75891,83,81.74231,79.50878,77.77688,76.05439,74.34153,72.63848,70.94545,69.26264,68.02075,67.1963,65.52153,64.67113,63.79985,62.90771,61.61203,60.68627,59.7397,58.77234,58.13443,56.77534,55.74575,54.69545,53.62449,52.53289,50.51857
107.6425,109.9854,110.0965,110.9423,111.0193,111.8425,113.4288,114.2405,115.0434,115.8376,116.6229,117.3994,119.7747,120.5435,121.3032,122.0537,123.6189,124.3556,124.249,129.9939,137.4728,144.1682,144.9488,144.8613,143.8921,143.7602,144.479,143.4376,143.2472,143.0375,142.8087,142.561,142.2946,142.0095,142.6085,143.1966,144.6838,145.2537,146.7296,148.2013,149.6685,150.2038,151.6581,153.1072,155.4876,155.989,157.4211,158.8471,160.2667,161.6796,162.1319
98.63617,99.03133,97.40515,96.44068,94.81942,93.84699,93.5035,92.5101,91.50965,90.50224,89.48793,88.46681,88.6286,87.58,86.52474,85.46289,84.96094,83.87894,82.23861,84.41905,87.57984,90.08627,88.82476,87.04143,84.75891,83,81.74231,79.50878,77.77688,76.05439,74.34153,72.63848,70.94545,69.26264,68.02075,66.77369,65.93623,64.67113,63.79985,62.90771,61.99472,60.68627,59.7397,58.77234,58.13443,56.77534,55.74575,54.69545,53.62449,52.53289,51.11999
106.9052,109.2423,110.0965,110.9423,111.0193,111.8425,113.4288,113.4633,115.0434,115.8376,116.6229,118.9967,119.7747,120.5435,121.3032,122.8728,123.6189,124.3556,125.0829,130.8326,137.4728,144.1682,144.9488,144.8613,143.8921,143.7602,144.479,143.4376,143.2472,143.0375,143.6958,142.561,142.2946,142.0095,142.6085,143.1966,144.6838,145.2537,146.7296,148.2013,148.7446,150.2038,151.6581,153.1072,155.4876,155.989,157.4211,158.8471,160.2667,160.7286,161.1782
97.96058,98.3622,97.40515,96.44068,94.81942,93.84699,93.5035,91.88078,91.50965,90.50224,89.48793,89.67044,88.6286,87.58,86.52474,86.03647,84.96094,83.87894,82.79055,84.96369,87.57984,90.08627,88.82476,87.04143,84.75891,83,81.74231,79.50878,77.77688,76.05439,74.80328,72.63848,70.94545,69.26264,68.02075,66.77369,65.93623,64.67113,63.79985,62.90771,61.61203,60.68627,59.7397,58.77234,58.13443,56.77534,55.74575,54.69545,53.62449,52.22387,50.81928
106.9052,109.9854,110.0965,110.9423,111.7797,113.3746,112.6572,114.2405,115.0434,115.8376,116.6229,118.9967,119.7747,120.5435,122.1173,122.8728,123.6189,124.3556,125.0829,130.8326,136.6294,144.1682,144.9488,144.8613,143.8921,143.7602,144.479,143.4376,143.2472,143.0375,142.8087,142.561,142.2946,142.0095,142.6085,143.1966,144.6838,145.2537,146.7296,148.2013,149.6685,150.2038,151.6581,153.1072,155.4876,155.989,157.4211,158.8471,160.2667,161.6796,160.2244
97.96058,99.03133,97.40515,96.44068,95.46886,95.13257,92.86742,92.5101,91.50965,90.50224,89.48793,89.67044,88.6286,87.58,87.10544,86.03647,84.96094,83.87894,82.79055,84.96369,87.04254,90.08627,88.82476,87.04143,84.75891,83,81.74231,79.50878,77.77688,76.05439,74.34153,72.63848,70.94545,69.26264,68.02075,66.77369,65.93623,64.67113,63.79985,62.90771,61.99472,60.68627,59.7397,58.77234,58.13443,56.77534,55.74575,54.69545,53.62449,52.53289,50.51857
