131.0344,130.637,130.2225,128.8707,128.4193,127.9514,127.4672,126.9669,126.4507,126.8585,126.314,125.754,126.127,125.5395,124.9369,124.3196,123.6877,124.0028,125.272,125.5704,126.8273,128.079,129.3252,129.5912,129.8474,130.0936,132.2898,132.5197,133.7227,134.9187,136.1074,137.2887,137.4732,138.6375,138.8023,140.9416,142.0808,143.2112,142.3417,132.4939,125.6116,116.715,114.7855,112.8451,112.8924,112.9312,112.9613,112.9828,111.9957,112,111.9957,111.9829,110.962,110.9324,110.8944,110.8479,109.7948,109.732,109.6609,109.5814,108.4982,109.3974,109.2929,108.1875,109.0589,108.9295,109.7808
59.71583,58.16334,56.62237,54.70236,53.193,51.69571,50.21067,48.73804,47.278,46.17272,44.73012,43.30056,42.20152,40.79024,39.39246,38.00832,36.63798,35.55722,34.74099,33.64648,32.79978,31.93369,31.04823,29.91849,28.78647,27.65225,26.91467,25.75921,24.78403,23.7898,22.77657,21.74439,20.54551,19.48423,18.27367,17.30545,16.18806,15.0521,13.70594,11.59171,9.885846,8.161507,7.020582,5.913963,4.928991,3.943643,2.957995,1.972122,0.977372,0,-0.977372,-1.95467,-2.905641,-3.873844,-4.841752,-5.809291,-6.715339,-7.673212,-8.630501,-9.587132,-10.44719,-11.49813,-12.45235,-13.28376,-14.35788,-15.30904,-16.40684
131.0344,130.637,130.2225,128.8707,128.4193,127.9514,127.4672,126.9669,126.4507,125.9188,126.314,125.754,126.127,125.5395,124.9369,124.3196,123.6877,124.0028,124.3083,125.5704,126.8273,128.079,129.3252,129.5912,129.8474,131.0718,131.3099,132.5197,133.7227,134.9187,136.1074,137.2887,137.4732,138.6375,139.7937,140.9416,142.0808,142.2166,142.3417,133.4901,124.6147,117.7126,114.7855,112.8451,112.8924,112.9312,112.9613,111.9829,111.9957,112,111.9957,110.9831,110.962,110.9324,110.8944,110.8479,109.7948,109.732,109.6609,109.5814,109.4936,109.3974,109.2929,108.1875,109.0589,109.9198,109.7808
59.71583,58.16334,56.62237,54.70236,53.193,51.69571,50.21067,48.73804,47.278,45.8307,44.73012,43.30056,42.20152,40.79024,39.39246,38.00832,36.63798,35.55722,34.47375,33.64648,32.79978,31.93369,31.04823,29.91849,28.78647,27.86017,26.7153,25.75921,24.78403,23.7898,22.77657,21.74439,20.54551,19.48423,18.40419,17.30545,16.18806,14.94757,13.70594,11.67887,9.807387,8.231264,7.020582,5.913963,4.928991,3.943643,2.957995,1.95467,0.977372,0,-0.977372,-1.937217,-2.905641,-3.873844,-4.841752,-5.809291,-6.715339,-7.673212,-8.630501,-9.587132,-10.54303,-11.49813,-12.45235,-13.28376,-14.35788,-15.44821,-16.40684
130.1245,130.637,130.2225,129.7912,128.4193,127.9514,127.4672,126.9669,126.4507,126.8585,126.314,125.754,126.127,125.5395,123.9832,124.3196,123.6877,124.0028,125.272,125.5704,126.8273,128.079,128.3528,129.5912,129.8474,131.0718,131.3099,132.5197,133.7227,134.9187,136.1074,137.2887,137.4732,138.6375,139.7937,140.9416,142.0808,142.2166,142.3417,133.4901,125.6116,116.715,114.7855,112.8451,112.8924,112.9312,112.9613,111.9829,112.9957,112,111.9957,111.9829,110.962,110.9324,110.8944,109.8492,109.7948,110.7296,109.6609,109.5814,109.4936,109.3974,108.2993,108.1875,108.0675,108.9295,107.8027
59.30113,58.16334,56.62237,55.09309,53.193,51.69571,50.21067,48.73804,47.278,46.17272,44.73012,43.30056,42.20152,40.79024,39.09175,38.00832,36.63798,35.55722,34.74099,33.64648,32.79978,31.93369,30.81479,29.91849,28.78647,27.86017,26.7153,25.75921,24.78403,23.7898,22.77657,21.74439,20.54551,19.48423,18.40419,17.30545,16.18806,14.94757,13.70594,11.67887,9.885846,8.161507,7.020582,5.913963,4.928991,3.943643,2.957995,1.95467,0.9860985,0,-0.977372,-1.95467,-2.905641,-3.873844,-4.841752,-5.756955,-6.715339,-7.742969,-8.630501,-9.587132,-10.54303,-11.49813,-12.33915,-13.28376,-14.22735,-15.30904,-16.11123
131.0344,130.637,130.2225,128.8707,128.4193,127.9514,127.4672,126.9669,126.4507,126.8585,126.314,125.754,126.127,125.5395,123.9832,124.3196,123.6877,124.0028,125.272,125.5704,126.8273,128.079,128.3528,129.5912,129.8474,131.0718,131.3099,132.5197,133.7227,134.9187,136.1074,137.2887,137.4732,138.6375,139.7937,140.9416,142.0808,142.2166,142.3417,133.4901,125.6116,116.715,114.7855,113.8438,112.8924,112.9312,112.9613,111.9829,111.9957,112,110.9958,111.9829,110.962,110.9324,110.8944,110.8479,109.7948,109.732,109.6609,109.5814,109.4936,109.3974,109.2929,108.1875,108.0675,108.9295,109.7808
59.71583,58.16334,56.62237,54.70236,53.193,51.69571,50.21067,48.73804,47.278,46.17272,44.73012,43.30056,42.20152,40.79024,39.09175,38.00832,36.63798,35.55722,34.74099,33.64648,32.79978,31.93369,30.81479,29.91849,28.78647,27.86017,26.7153,25.75921,24.78403,23.7898,22.77657,21.74439,20.54551,19.48423,18.40419,17.30545,16.18806,14.94757,13.70594,11.67887,9.885846,8.161507,7.020582,5.966299,4.928991,3.943643,2.957995,1.95467,0.977372,0,-0.9686454,-1.95467,-2.905641,-3.873844,-4.841752,-5.809291,-6.715339,-7.673212,-8.630501,-9.587132,-10.54303,-11.49813,-12.45235,-13.28376,-14.22735,-15.30904,-16.40684
131.0344,130.637,130.2225,128.8707,128.4193,127.9514,128.3976,126.9669,126.4507,125.9188,125.3713,125.754,126.127,125.5395,123.9832,124.3196,123.6877,124.0028,125.272,125.5704,126.8273,128.079,129.3252,129.5912,129.8474,130.0936,132.2898,132.5197,133.7227,134.9187,136.1074,137.2887,137.4732,137.6473,139.7937,140.9416,142.0808,143.2112,142.3417,133.4901,125.6116,116.715,114.7855,113.8438,112.8924,112.9312,112.9613,112.9828,111.9957,112,110.9958,110.9831,110.962,110.9324,110.8944,110.8479,110.793,109.732,109.6609,109.5814,108.4982,108.4029,109.2929,108.1875,108.0675,108.9295,110.7698
59.71583,58.16334,56.62237,54.70236,53.193,51.69571,50.57717,48.73804,47.278,45.8307,44.39631,43.30056,42.20152,40.79024,39.09175,38.00832,36.63798,35.55722,34.74099,33.64648,32.79978,31.93369,31.04823,29.91849,28.78647,27.65225,26.91467,25.75921,24.78403,23.7898,22.77657,21.74439,20.54551,19.34506,18.40419,17.30545,16.18806,15.0521,13.70594,11.67887,9.885846,8.161507,7.020582,5.966299,4.928991,3.943643,2.957995,1.972122,0.977372,0,-0.9686454,-1.937217,-2.905641,-3.873844,-4.841752,-5.809291,-6.776388,-7.673212,-8.630501,-9.587132,-10.44719,-11.3936,-12.45235,-13.28376,-14.22735,-15.30904,-16.55465
131.0344,130.637,130.2225,129.7912,128.4193,127.9514,128.3976,126.9669,126.4507,124.9791,125.3713,125.754,126.127,124.5884,123.9832,124.3196,123.6877,124.0028,125.272,125.5704,126.8273,128.079,128.3528,129.5912,129.8474,131.0718,132.2898,132.5197,133.7227,134.9187,136.1074,137.2887,137.4732,138.6375,139.7937,140.9416,142.0808,142.2166,142.3417,133.4901,125.6116,117.7126,114.7855,113.8438,112.8924,112.9312,112.9613,112.9828,111.9957,112,111.9957,111.9829,110.962,110.9324,110.8944,110.8479,109.7948,109.732,109.6609,109.5814,109.4936,109.3974,109.2929,108.1875,108.0675,108.9295,108.7917
59.71583,58.16334,56.62237,55.09309,53.193,51.69571,50.57717,48.73804,47.278,45.48868,44.39631,43.30056,42.20152,40.48123,39.09175,38.00832,36.63798,35.55722,34.74099,33.64648,32.79978,31.93369,30.81479,29.91849,28.78647,27.86017,26.91467,25.75921,24.78403,23.7898,22.77657,21.74439,20.54551,19.48423,18.40419,17.30545,16.18806,14.94757,13.70594,11.67887,9.885846,8.231264,7.020582,5.966299,4.928991,3.943643,2.957995,1.972122,0.977372,0,-0.977372,-1.95467,-2.905641,-3.873844,-4.841752,-5.809291,-6.715339,-7.673212,-8.630501,-9.587132,-10.54303,-11.49813,-12.45235,-13.28376,-14.22735,-15.30904,-16.25904
131.0344,130.637,130.2225,128.8707,128.4193,127.9514,128.3976,126.9669,126.4507,126.8585,126.314,125.754,126.127,125.5395,123.9832,124.3196,123.6877,124.0028,125.272,125.5704,126.8273,128.079,129.3252,129.5912,129.8474,131.0718,131.3099,132.5197,133.7227,134.9187,136.1074,137.2887,137.4732,138.6375,139.7937,140.9416,142.0808,142.2166,142.3417,132.4939,125.6116,117.7126,113.7874,112.8451,112.8924,112.9312,112.9613,111.9829,111.9957,112,111.9957,111.9829,110.962,110.9324,110.8944,109.8492,109.7948,109.732,109.6609,109.5814,109.4936,109.3974,109.2929,109.1801,108.0675,109.9198,109.7808
59.71583,58.16334,56.62237,54.70236,53.193,51.69571,50.57717,48.73804,47.278,46.17272,44.73012,43.30056,42.20152,40.79024,39.09175,38.00832,36.63798,35.55722,34.74099,33.64648,32.79978,31.93369,31.04823,29.91849,28.78647,27.86017,26.7153,25.75921,24.78403,23.7898,22.77657,21.74439,20.54551,19.48423,18.40419,17.30545,16.18806,14.94757,13.70594,11.59171,9.885846,8.231264,6.959534,5.913963,4.928991,3.943643,2.957995,1.95467,0.977372,0,-0.977372,-1.95467,-2.905641,-3.873844,-4.841752,-5.756955,-6.715339,-7.673212,-8.630501,-9.587132,-10.54303,-11.49813,-12.45235,-13.40563,-14.22735,-15.44821,-16.40684
131.0344,130.637,130.2225,128.8707,128.4193,127.9514,128.3976,126.9669,126.4507,125.9188,126.314,125.754,126.127,124.5884,124.9369,124.3196,123.6877,124.0028,125.272,125.5704,126.8273,128.079,129.3252,129.5912,129.8474,131.0718,131.3099,132.5197,133.7227,134.9187,136.1074,137.2887,137.4732,137.6473,139.7937,140.9416,142.0808,142.2166,142.3417,133.4901,124.6147,116.715,114.7855,113.8438,112.8924,112.9312,112.9613,111.9829,111.9957,112,111.9957,110.9831,110.962,110.9324,110.8944,110.8479,109.7948,109.732,109.6609,109.5814,109.4936,109.3974,109.2929,108.1875,108.0675,108.9295,110.7698
59.71583,58.16334,56.62237,54.70236,53.193,51.69571,50.57717,48.73804,47.278,45.8307,44.73012,43.30056,42.20152,40.48123,39.39246,38.00832,36.63798,35.55722,34.74099,33.64648,32.79978,31.93369,31.04823,29.91849,28.78647,27.86017,26.7153,25.75921,24.78403,23.7898,22.77657,21.74439,20.54551,19.34506,18.40419,17.30545,16.18806,14.94757,13.70594,11.67887,9.807387,8.161507,7.020582,5.966299,4.928991,3.943643,2.957995,1.95467,0.977372,0,-0.977372,-1.937217,-2.905641,-3.873844,-4.841752,-5.809291,-6.715339,-7.673212,-8.630501,-9.587132,-10.54303,-11.49813,-12.45235,-13.28376,-14.22735,-15.30904,-16.55465
131.0344,130.637,130.2225,128.8707,128.4193,127.9514,127.4672,126.9669,126.4507,125.9188,126.314,125.754,126.127,125.5395,124.9369,124.3196,123.6877,124.0028,125.272,125.5704,126.8273,128.079,128.3528,129.5912,129.8474,131.0718,131.3099,132.5197,133.7227,134.9187,136.1074,137.2887,137.4732,138.6375,139.7937,140.9416,142.0808,143.2112,142.3417,133.4901,125.6116,117.7126,113.7874,113.8438,112.8924,112.9312,112.9613,112.9828,111.9957,112,111.9957,110.9831,110.962,110.9324,110.8944,110.8479,109.7948,109.732,109.6609,109.5814,108.4982,108.4029,109.2929,108.1875,109.0589,108.9295,108.7917
59.71583,58.16334,56.62237,54.70236,53.193,51.69571,50.21067,48.73804,47.278,45.8307,44.73012,43.30056,42.20152,40.79024,39.39246,38.00832,36.63798,35.55722,34.74099,33.64648,32.79978,31.93369,30.81479,29.91849,28.78647,27.86017,26.7153,25.75921,24.78403,23.7898,22.77657,21.74439,20.54551,19.48423,18.40419,17.30545,16.18806,15.0521,13.70594,11.67887,9.885846,8.231264,6.959534,5.966299,4.928991,3.943643,2.957995,1.972122,0.977372,0,-0.977372,-1.937217,-2.905641,-3.873844,-4.841752,-5.809291,-6.715339,-7.673212,-8.630501,-9.587132,-10.44719,-11.3936,-12.45235,-13.28376,-14.35788,-15.30904,-16.25904
131.0344,131.5505,130.2225,129.7912,128.4193,127.9514,127.4672,126.9669,126.4507,126.8585,126.314,125.754,126.127,125.5395,124.9369,124.3196,123.6877,124.0028,125.272,125.5704,126.8273,128.079,129.3252,129.5912,129.8474,131.0718,131.3099,132.5197,133.7227,134.9187,136.1074,137.2887,137.4732,138.6375,139.7937,140.9416,142.0808,142.2166,142.3417,132.4939,125.6116,116.715,114.7855,112.8451,112.8924,112.9312,112.9613,112.9828,111.9957,112,111.9957,110.9831,110.962,110.9324,110.8944,110.8479,109.7948,110.7296,109.6609,109.5814,109.4936,109.3974,109.2929,108.1875,108.0675,108.9295,110.7698
59.71583,58.57008,56.62237,55.09309,53.193,51.69571,50.21067,48.73804,47.278,46.17272,44.73012,43.30056,42.20152,40.79024,39.39246,38.00832,36.63798,35.55722,34.74099,33.64648,32.79978,31.93369,31.04823,29.91849,28.78647,27.86017,26.7153,25.75921,24.78403,23.7898,22.77657,21.74439,20.54551,19.48423,18.40419,17.30545,16.18806,14.94757,13.70594,11.59171,9.885846,8.161507,7.020582,5.913963,4.928991,3.943643,2.957995,1.972122,0.977372,0,-0.977372,-1.937217,-2.905641,-3.873844,-4.841752,-5.809291,-6.715339,-7.742969,-8.630501,-9.587132,-10.54303,-11.49813,-12.45235,-13.28376,-14.22735,-15.30904,-16.55465
131.0344,130.637,130.2225,128.8707,128.4193,127.9514,127.4672,126.9669,126.4507,125.9188,126.314,125.754,125.1787,125.5395,123.9832,124.3196,124.6466,124.0028,125.272,125.5704,126.8273,128.079,129.3252,129.5912,129.8474,131.0718,131.3099,132.5197,133.7227,134.9187,136.1074,137.2887,137.4732,138.6375,139.7937,140.9416,142.0808,143.2112,142.3417,134.4863,125.6116,116.715,114.7855,113.8438,112.8924,112.9312,112.9613,111.9829,111.9957,111,111.9957,111.9829,110.962,110.9324,110.8944,109.8492,109.7948,109.732,109.6609,109.5814,109.4936,109.3974,108.2993,108.1875,108.0675,109.9198,110.7698
59.71583,58.16334,56.62237,54.70236,53.193,51.69571,50.21067,48.73804,47.278,45.8307,44.73012,43.30056,41.88421,40.79024,39.09175,38.00832,36.92199,35.55722,34.74099,33.64648,32.79978,31.93369,31.04823,29.91849,28.78647,27.86017,26.7153,25.75921,24.78403,23.7898,22.77657,21.74439,20.54551,19.48423,18.40419,17.30545,16.18806,15.0521,13.70594,11.76603,9.885846,8.161507,7.020582,5.966299,4.928991,3.943643,2.957995,1.95467,0.977372,0,-0.977372,-1.95467,-2.905641,-3.873844,-4.841752,-5.756955,-6.715339,-7.673212,-8.630501,-9.587132,-10.54303,-11.49813,-12.33915,-13.28376,-14.22735,-15.44821,-16.55465
130.1245,130.637,129.3055,128.8707,128.4193,127.9514,127.4672,126.9669,126.4507,125.9188,125.3713,125.754,126.127,125.5395,124.9369,124.3196,123.6877,124.0028,125.272,125.5704,126.8273,128.079,128.3528,129.5912,129.8474,131.0718,131.3099,132.5197,133.7227,134.9187,136.1074,137.2887,137.4732,138.6375,139.7937,140.9416,142.0808,142.2166,142.3417,133.4901,124.6147,116.715,114.7855,113.8438,112.8924,112.9312,111.9616,111.9829,111.9957,112,111.9957,110.9831,110.962,110.9324,110.8944,110.8479,109.7948,109.732,109.6609,109.5814,109.4936,108.4029,108.2993,108.1875,108.0675,108.9295,109.7808
59.30113,58.16334,56.22362,54.70236,53.193,51.69571,50.21067,48.73804,47.278,45.8307,44.39631,43.30056,42.20152,40.79024,39.39246,38.00832,36.63798,35.55722,34.74099,33.64648,32.79978,31.93369,30.81479,29.91849,28.78647,27.86017,26.7153,25.75921,24.78403,23.7898,22.77657,21.74439,20.54551,19.48423,18.40419,17.30545,16.18806,14.94757,13.70594,11.67887,9.807387,8.161507,7.020582,5.966299,4.928991,3.943643,2.931818,1.95467,0.977372,0,-0.977372,-1.937217,-2.905641,-3.873844,-4.841752,-5.809291,-6.715339,-7.673212,-8.630501,-9.587132,-10.54303,-11.3936,-12.33915,-13.28376,-14.22735,-15.30904,-16.40684
131.0344,130.637,130.2225,129.7912,128.4193,127.9514,127.4672,126.9669,126.4507,125.9188,125.3713,125.754,125.1787,124.5884,123.9832,124.3196,123.6877,124.0028,125.272,125.5704,126.8273,128.079,129.3252,129.5912,129.8474,131.0718,131.3099,132.5197,133.7227,134.9187,136.1074,137.2887,137.4732,138.6375,139.7937,140.9416,142.0808,143.2112,142.3417,132.4939,125.6116,116.715,114.7855,113.8438,113.8915,112.9312,112.9613,111.9829,111.9957,112,111.9957,110.9831,111.9616,110.9324,110.8944,110.8479,109.7948,109.732,109.6609,109.5814,109.4936,109.3974,109.2929,108.1875,108.0675,108.9295,111.7588
59.71583,58.16334,56.62237,55.09309,53.193,51.69571,50.21067,48.73804,47.278,45.8307,44.39631,43.30056,41.88421,40.48123,39.09175,38.00832,36.63798,35.55722,34.74099,33.64648,32.79978,31.93369,31.04823,29.91849,28.78647,27.86017,26.7153,25.75921,24.78403,23.7898,22.77657,21.74439,20.54551,19.48423,18.40419,17.30545,16.18806,15.0521,13.70594,11.59171,9.885846,8.161507,7.020582,5.966299,4.97261,3.943643,2.957995,1.95467,0.977372,0,-0.977372,-1.937217,-2.931818,-3.873844,-4.841752,-5.809291,-6.715339,-7.673212,-8.630501,-9.587132,-10.54303,-11.49813,-12.45235,-13.28376,-14.22735,-15.30904,-16.70246
131.0344,130.637,129.3055,128.8707,128.4193,127.9514,127.4672,126.9669,126.4507,125.9188,124.4287,125.754,126.127,125.5395,123.9832,124.3196,123.6877,124.0028,125.272,125.5704,126.8273,127.1087,128.3528,129.5912,129.8474,131.0718,131.3099,132.5197,133.7227,134.9187,136.1074,137.2887,137.4732,138.6375,139.7937,140.9416,142.0808,143.2112,142.3417,132.4939,125.6116,117.7126,114.7855,112.8451,112.8924,112.9312,112.9613,111.9829,111.9957,112,111.9957,111.9829,110.962,110.9324,110.8944,109.8492,110.793,109.732,109.6609,109.5814,109.4936,109.3974,108.2993,109.1801,109.0589,109.9198,109.7808
59.71583,58.16334,56.22362,54.70236,53.193,51.69571,50.21067,48.73804,47.278,45.8307,44.06251,43.30056,42.20152,40.79024,39.09175,38.00832,36.63798,35.55722,34.74099,33.64648,32.79978,31.69177,30.81479,29.91849,28.78647,27.86017,26.7153,25.75921,24.78403,23.7898,22.77657,21.74439,20.54551,19.48423,18.40419,17.30545,16.18806,15.0521,13.70594,11.59171,9.885846,8.231264,7.020582,5.913963,4.928991,3.943643,2.957995,1.95467,0.977372,0,-0.977372,-1.95467,-2.905641,-3.873844,-4.841752,-5.756955,-6.776388,-7.673212,-8.630501,-9.587132,-10.54303,-11.49813,-12.33915,-13.40563,-14.35788,-15.44821,-16.40684
131.9444,130.637,129.3055,128.8707,128.4193,127.9514,127.4672,126.9669,126.4507,125.9188,125.3713,125.754,126.127,125.5395,123.9832,124.3196,123.6877,124.0028,125.272,125.5704,126.8273,128.079,128.3528,129.5912,129.8474,131.0718,132.2898,132.5197,133.7227,134.9187,136.1074,137.2887,137.4732,138.6375,139.7937,140.9416,142.0808,142.2166,142.3417,133.4901,125.6116,116.715,114.7855,113.8438,112.8924,112.9312,112.9613,111.9829,112.9957,112,110.9958,111.9829,110.962,110.9324,110.8944,109.8492,110.793,109.732,109.6609,109.5814,109.4936,108.4029,108.2993,108.1875,108.0675,108.9295,109.7808
60.13052,58.16334,56.22362,54.70236,53.193,51.69571,50.21067,48.73804,47.278,45.8307,44.39631,43.30056,42.20152,40.79024,39.09175,38.00832,36.63798,35.55722,34.74099,33.64648,32.79978,31.93369,30.81479,29.91849,28.78647,27.86017,26.91467,25.75921,24.78403,23.7898,22.77657,21.74439,20.54551,19.48423,18.40419,17.30545,16.18806,14.94757,13.70594,11.67887,9.885846,8.161507,7.020582,5.966299,4.928991,3.943643,2.957995,1.95467,0.9860985,0,-0.9686454,-1.95467,-2.905641,-3.873844,-4.841752,-5.756955,-6.776388,-7.673212,-8.630501,-9.587132,-10.54303,-11.3936,-12.33915,-13.28376,-14.22735,-15.30904,-16.40684
130.1245,130.637,130.2225,129.7912,128.4193,127.9514,128.3976,126.9669,126.4507,125.9188,126.314,125.754,126.127,125.5395,123.9832,124.3196,123.6877,124.0028,125.272,126.5363,126.8273,128.079,129.3252,129.5912,129.8474,131.0718,131.3099,132.5197,133.7227,134.9187,136.1074,137.2887,137.4732,138.6375,139.7937,140.9416,142.0808,142.2166,142.3417,132.4939,125.6116,116.715,114.7855,112.8451,112.8924,112.9312,112.9613,111.9829,111.9957,112,111.9957,110.9831,110.962,110.9324,110.8944,110.8479,109.7948,109.732,109.6609,109.5814,109.4936,109.3974,108.2993,108.1875,109.0589,109.9198,109.7808
59.30113,58.16334,56.62237,55.09309,53.193,51.69571,50.57717,48.73804,47.278,45.8307,44.73012,43.30056,42.20152,40.79024,39.09175,38.00832,36.63798,35.55722,34.74099,33.90529,32.79978,31.93369,31.04823,29.91849,28.78647,27.86017,26.7153,25.75921,24.78403,23.7898,22.77657,21.74439,20.54551,19.48423,18.40419,17.30545,16.18806,14.94757,13.70594,11.59171,9.885846,8.161507,7.020582,5.913963,4.928991,3.943643,2.957995,1.95467,0.977372,0,-0.977372,-1.937217,-2.905641,-3.873844,-4.841752,-5.809291,-6.715339,-7.673212,-8.630501,-9.587132,-10.54303,-11.49813,-12.33915,-13.28376,-14.35788,-15.44821,-16.40684
131.0344,130.637,130.2225,128.8707,127.4954,127.9514,127.4672,126.9669,126.4507,125.9188,125.3713,125.754,125.1787,125.5395,123.9832,124.3196,123.6877,124.0028,124.3083,125.5704,126.8273,128.079,129.3252,129.5912,129.8474,131.0718,131.3099,133.5013,133.7227,134.9187,136.1074,137.2887,137.4732,138.6375,139.7937,140.9416,142.0808,142.2166,142.3417,132.4939,124.6147,116.715,114.7855,112.8451,112.8924,112.9312,112.9613,111.9829,111.9957,112,111.9957,110.9831,110.962,110.9324,110.8944,110.8479,110.793,109.732,109.6609,109.5814,109.4936,109.3974,108.2993,108.1875,108.0675,108.9295,110.7698
59.71583,58.16334,56.62237,54.70236,52.81031,51.69571,50.21067,48.73804,47.278,45.8307,44.39631,43.30056,41.88421,40.79024,39.09175,38.00832,36.63798,35.55722,34.47375,33.64648,32.79978,31.93369,31.04823,29.91849,28.78647,27.86017,26.7153,25.95002,24.78403,23.7898,22.77657,21.74439,20.54551,19.48423,18.40419,17.30545,16.18806,14.94757,13.70594,11.59171,9.807387,8.161507,7.020582,5.913963,4.928991,3.943643,2.957995,1.95467,0.977372,0,-0.977372,-1.937217,-2.905641,-3.873844,-4.841752,-5.809291,-6.776388,-7.673212,-8.630501,-9.587132,-10.54303,-11.49813,-12.33915,-13.28376,-14.22735,-15.30904,-16.55465
130.1245,130.637,130.2225,129.7912,128.4193,127.9514,128.3976,126.9669,126.4507,125.9188,126.314,124.8085,126.127,125.5395,123.9832,124.3196,123.6877,124.0028,125.272,125.5704,126.8273,128.079,128.3528,129.5912,129.8474,131.0718,131.3099,132.5197,133.7227,134.9187,136.1074,137.2887,137.4732,138.6375,139.7937,140.9416,142.0808,142.2166,142.3417,133.4901,125.6116,116.715,113.7874,113.8438,112.8924,112.9312,111.9616,111.9829,111.9957,112,110.9958,110.9831,110.962,110.9324,109.8953,110.8479,109.7948,109.732,109.6609,109.5814,109.4936,108.4029,108.2993,108.1875,109.0589,108.9295,110.7698
59.30113,58.16334,56.62237,55.09309,53.193,51.69571,50.57717,48.73804,47.278,45.8307,44.73012,42.975,42.20152,40.79024,39.09175,38.00832,36.63798,35.55722,34.74099,33.64648,32.79978,31.93369,30.81479,29.91849,28.78647,27.86017,26.7153,25.75921,24.78403,23.7898,22.77657,21.74439,20.54551,19.48423,18.40419,17.30545,16.18806,14.94757,13.70594,11.67887,9.885846,8.161507,6.959534,5.966299,4.928991,3.943643,2.931818,1.95467,0.977372,0,-0.9686454,-1.937217,-2.905641,-3.873844,-4.798133,-5.809291,-6.715339,-7.673212,-8.630501,-9.587132,-10.54303,-11.3936,-12.33915,-13.28376,-14.35788,-15.30904,-16.55465
131.0344,130.637,130.2225,128.8707,128.4193,127.9514,127.4672,126.9669,126.4507,126.8585,125.3713,125.754,126.127,125.5395,123.9832,124.3196,123.6877,124.0028,125.272,125.5704,126.8273,128.079,128.3528,129.5912,129.8474,131.0718,131.3099,132.5197,133.7227,134.9187,136.1074,137.2887,137.4732,138.6375,138.8023,140.9416,141.0872,143.2112,142.3417,133.4901,125.6116,117.7126,114.7855,113.8438,112.8924,112.9312,112.9613,112.9828,111.9957,112,111.9957,110.9831,111.9616,110.9324,110.8944,110.8479,109.7948,109.732,109.6609,109.5814,109.4936,109.3974,108.2993,109.1801,109.0589,108.9295,108.7917
59.71583,58.16334,56.62237,54.70236,53.193,51.69571,50.21067,48.73804,47.278,46.17272,44.39631,43.30056,42.20152,40.79024,39.09175,38.00832,36.63798,35.55722,34.74099,33.64648,32.79978,31.93369,30.81479,29.91849,28.78647,27.86017,26.7153,25.75921,24.78403,23.7898,22.77657,21.74439,20.54551,19.48423,18.27367,17.30545,16.07486,15.0521,13.70594,11.67887,9.885846,8.231264,7.020582,5.966299,4.928991,3.943643,2.957995,1.972122,0.977372,0,-0.977372,-1.937217,-2.931818,-3.873844,-4.841752,-5.809291,-6.715339,-7.673212,-8.630501,-9.587132,-10.54303,-11.49813,-12.33915,-13.40563,-14.35788,-15.30904,-16.25904
131.0344,130.637,129.3055,128.8707,128.4193,127.9514,127.4672,126.9669,126.4507,125.9188,126.314,125.754,126.127,125.5395,123.9832,124.3196,123.6877,124.0028,125.272,125.5704,126.8273,128.079,128.3528,129.5912,129.8474,131.0718,131.3099,132.5197,133.7227,134.9187,136.1074,137.2887,137.4732,138.6375,139.7937,140.9416,142.0808,142.2166,142.3417,132.4939,125.6116,116.715,114.7855,113.8438,112.8924,112.9312,111.9616,112.9828,111.9957,112,111.9957,110.9831,110.962,110.9324,110.8944,110.8479,109.7948,109.732,109.6609,109.5814,109.4936,109.3974,109.2929,108.1875,108.0675,108.9295,109.7808
59.71583,58.16334,56.22362,54.70236,53.193,51.69571,50.21067,48.73804,47.278,45.8307,44.73012,43.30056,42.20152,40.79024,39.09175,38.00832,36.63798,35.55722,34.74099,33.64648,32.79978,31.93369,30.81479,29.91849,28.78647,27.86017,26.7153,25.75921,24.78403,23.7898,22.77657,21.74439,20.54551,19.48423,18.40419,17.30545,16.18806,14.94757,13.70594,11.59171,9.885846,8.161507,7.020582,5.966299,4.928991,3.943643,2.931818,1.972122,0.977372,0,-0.977372,-1.937217,-2.905641,-3.873844,-4.841752,-5.809291,-6.715339,-7.673212,-8.630501,-9.587132,-10.54303,-11.49813,-12.45235,-13.28376,-14.22735,-15.30904,-16.40684
131.0344,130.637,130.2225,128.8707,128.4193,127.9514,127.4672,126.9669,126.4507,125.9188,126.314,125.754,126.127,125.5395,124.9369,124.3196,123.6877,124.0028,125.272,125.5704,126.8273,128.079,129.3252,129.5912,129.8474,131.0718,131.3099,132.5197,133.7227,134.9187,136.1074,137.2887,137.4732,137.6473,139.7937,140.9416,142.0808,142.2166,142.3417,133.4901,125.6116,116.715,114.7855,113.8438,112.8924,112.9312,112.9613,112.9828,111.9957,112,111.9957,111.9829,110.962,110.9324,110.8944,110.8479,109.7948,109.732,109.6609,109.5814,108.4982,109.3974,109.2929,109.1801,108.0675,108.9295,110.7698
59.71583,58.16334,56.62237,54.70236,53.193,51.69571,50.21067,48.73804,47.278,45.8307,44.73012,43.30056,42.20152,40.79024,39.39246,38.00832,36.63798,35.55722,34.74099,33.64648,32.79978,31.93369,31.04823,29.91849,28.78647,27.86017,26.7153,25.75921,24.78403,23.7898,22.77657,21.74439,20.54551,19.34506,18.40419,17.30545,16.18806,14.94757,13.70594,11.67887,9.885846,8.161507,7.020582,5.966299,4.928991,3.943643,2.957995,1.972122,0.977372,0,-0.977372,-1.95467,-2.905641,-3.873844,-4.841752,-5.809291,-6.715339,-7.673212,-8.630501,-9.587132,-10.44719,-11.49813,-12.45235,-13.40563,-14.22735,-15.30904,-16.55465
131.0344,130.637,129.3055,128.8707,128.4193,127.9514,128.3976,126.9669,126.4507,126.8585,126.314,125.754,126.127,125.5395,124.9369,124.3196,123.6877,124.0028,125.272,125.5704,126.8273,128.079,129.3252,129.5912,129.8474,131.0718,131.3099,132.5197,133.7227,134.9187,136.1074,137.2887,137.4732,138.6375,139.7937,140.9416,142.0808,143.2112,142.3417,133.4901,125.6116,116.715,114.7855,113.8438,112.8924,112.9312,112.9613,111.9829,111.9957,112,111.9957,111.9829,110.962,110.9324,110.8944,110.8479,110.793,109.732,109.6609,109.5814,109.4936,109.3974,109.2929,109.1801,108.0675,108.9295,109.7808
59.71583,58.16334,56.22362,54.70236,53.193,51.69571,50.57717,48.73804,47.278,46.17272,44.73012,43.30056,42.20152,40.79024,39.39246,38.00832,36.63798,35.55722,34.74099,33.64648,32.79978,31.93369,31.04823,29.91849,28.78647,27.86017,26.7153,25.75921,24.78403,23.7898,22.77657,21.74439,20.54551,19.48423,18.40419,17.30545,16.18806,15.0521,13.70594,11.67887,9.885846,8.161507,7.020582,5.966299,4.928991,3.943643,2.957995,1.95467,0.977372,0,-0.977372,-1.95467,-2.905641,-3.873844,-4.841752,-5.809291,-6.776388,-7.673212,-8.630501,-9.587132,-10.54303,-11.49813,-12.45235,-13.40563,-14.22735,-15.30904,-16.40684
131.0344,130.637,129.3055,128.8707,128.4193,127.9514,128.3976,126.9669,126.4507,126.8585,126.314,125.754,126.127,125.5395,123.9832,124.3196,123.6877,124.0028,125.272,126.5363,126.8273,128.079,129.3252,129.5912,129.8474,131.0718,131.3099,132.5197,133.7227,134.9187,136.1074,137.2887,137.4732,138.6375,139.7937,140.9416,142.0808,143.2112,142.3417,133.4901,124.6147,116.715,114.7855,113.8438,112.8924,112.9312,112.9613,111.9829,111.9957,112,111.9957,110.9831,110.962,110.9324,110.8944,110.8479,109.7948,109.732,109.6609,109.5814,109.4936,109.3974,109.2929,108.1875,108.0675,109.9198,111.7588
59.71583,58.16334,56.22362,54.70236,53.193,51.69571,50.57717,48.73804,47.278,46.17272,44.73012,43.30056,42.20152,40.79024,39.09175,38.00832,36.63798,35.55722,34.74099,33.90529,32.79978,31.93369,31.04823,29.91849,28.78647,27.86017,26.7153,25.75921,24.78403,23.7898,22.77657,21.74439,20.54551,19.48423,18.40419,17.30545,16.18806,15.0521,13.70594,11.67887,9.807387,8.161507,7.020582,5.966299,4.928991,3.943643,2.957995,1.95467,0.977372,0,-0.977372,-1.937217,-2.905641,-3.873844,-4.841752,-5.809291,-6.715339,-7.673212,-8.630501,-9.587132,-10.54303,-11.49813,-12.45235,-13.28376,-14.22735,-15.44821,-16.70246
131.0344,130.637,129.3055,128.8707,128.4193,127.9514,127.4672,126.9669,126.4507,126.8585,126.314,125.754,125.1787,125.5395,123.9832,124.3196,123.6877,124.0028,125.272,126.5363,126.8273,128.079,129.3252,129.5912,129.8474,130.0936,131.3099,132.5197,133.7227,134.9187,136.1074,137.2887,137.4732,138.6375,139.7937,140.9416,142.0808,143.2112,142.3417,133.4901,125.6116,116.715,114.7855,113.8438,112.8924,112.9312,112.9613,111.9829,111.9957,112,111.9957,110.9831,110.962,110.9324,110.8944,110.8479,109.7948,109.732,110.6578,109.5814,109.4936,109.3974,108.2993,109.1801,108.0675,108.9295,109.7808
59.71583,58.16334,56.22362,54.70236,53.193,51.69571,50.21067,48.73804,47.278,46.17272,44.73012,43.30056,41.88421,40.79024,39.09175,38.00832,36.63798,35.55722,34.74099,33.90529,32.79978,31.93369,31.04823,29.91849,28.78647,27.65225,26.7153,25.75921,24.78403,23.7898,22.77657,21.74439,20.54551,19.48423,18.40419,17.30545,16.18806,15.0521,13.70594,11.67887,9.885846,8.161507,7.020582,5.966299,4.928991,3.943643,2.957995,1.95467,0.977372,0,-0.977372,-1.937217,-2.905641,-3.873844,-4.841752,-5.809291,-6.715339,-7.673212,-8.70896,-9.587132,-10.54303,-11.49813,-12.33915,-13.40563,-14.22735,-15.30904,-16.40684
131.0344,130.637,130.2225,128.8707,128.4193,127.9514,127.4672,126.9669,126.4507,125.9188,125.3713,125.754,126.127,125.5395,124.9369,124.3196,123.6877,124.0028,125.272,125.5704,126.8273,128.079,129.3252,129.5912,129.8474,131.0718,131.3099,132.5197,133.7227,134.9187,136.1074,137.2887,137.4732,138.6375,139.7937,140.9416,142.0808,143.2112,142.3417,133.4901,125.6116,116.715,114.7855,113.8438,112.8924,112.9312,112.9613,111.9829,111.9957,112,111.9957,110.9831,110.962,110.9324,110.8944,109.8492,110.793,109.732,109.6609,109.5814,109.4936,109.3974,108.2993,108.1875,108.0675,108.9295,110.7698
59.71583,58.16334,56.62237,54.70236,53.193,51.69571,50.21067,48.73804,47.278,45.8307,44.39631,43.30056,42.20152,40.79024,39.39246,38.00832,36.63798,35.55722,34.74099,33.64648,32.79978,31.93369,31.04823,29.91849,28.78647,27.86017,26.7153,25.75921,24.78403,23.7898,22.77657,21.74439,20.54551,19.48423,18.40419,17.30545,16.18806,15.0521,13.70594,11.67887,9.885846,8.161507,7.020582,5.966299,4.928991,3.943643,2.957995,1.95467,0.977372,0,-0.977372,-1.937217,-2.905641,-3.873844,-4.841752,-5.756955,-6.776388,-7.673212,-8.630501,-9.587132,-10.54303,-11.49813,-12.33915,-13.28376,-14.22735,-15.30904,-16.55465
131.0344,130.637,130.2225,129.7912,128.4193,127.9514,127.4672,126.9669,126.4507,125.9188,126.314,125.754,126.127,125.5395,124.9369,124.3196,123.6877,124.0028,125.272,125.5704,126.8273,128.079,128.3528,129.5912,129.8474,131.0718,131.3099,132.5197,133.7227,135.9035,136.1074,137.2887,137.4732,138.6375,139.7937,140.9416,142.0808,143.2112,142.3417,133.4901,125.6116,117.7126,114.7855,113.8438,112.8924,112.9312,112.9613,112.9828,111.9957,112,111.9957,111.9829,110.962,110.9324,109.8953,109.8492,110.793,109.732,109.6609,109.5814,109.4936,109.3974,108.2993,108.1875,108.0675,108.9295,109.7808
59.71583,58.16334,56.62237,55.09309,53.193,51.69571,50.21067,48.73804,47.278,45.8307,44.73012,43.30056,42.20152,40.79024,39.39246,38.00832,36.63798,35.55722,34.74099,33.64648,32.79978,31.93369,30.81479,29.91849,28.78647,27.86017,26.7153,25.75921,24.78403,23.96345,22.77657,21.74439,20.54551,19.48423,18.40419,17.30545,16.18806,15.0521,13.70594,11.67887,9.885846,8.231264,7.020582,5.966299,4.928991,3.943643,2.957995,1.972122,0.977372,0,-0.977372,-1.95467,-2.905641,-3.873844,-4.798133,-5.756955,-6.776388,-7.673212,-8.630501,-9.587132,-10.54303,-11.49813,-12.33915,-13.28376,-14.22735,-15.30904,-16.40684
130.1245,130.637,130.2225,129.7912,128.4193,127.9514,128.3976,126.9669,126.4507,125.9188,126.314,125.754,126.127,125.5395,124.9369,124.3196,123.6877,124.0028,125.272,125.5704,126.8273,128.079,128.3528,129.5912,129.8474,131.0718,131.3099,132.5197,133.7227,134.9187,136.1074,137.2887,137.4732,138.6375,139.7937,140.9416,142.0808,142.2166,142.3417,132.4939,125.6116,116.715,114.7855,113.8438,112.8924,112.9312,112.9613,111.9829,111.9957,112,111.9957,110.9831,110.962,110.9324,110.8944,110.8479,109.7948,109.732,109.6609,109.5814,109.4936,109.3974,108.2993,109.1801,108.0675,109.9198,110.7698
59.30113,58.16334,56.62237,55.09309,53.193,51.69571,50.57717,48.73804,47.278,45.8307,44.73012,43.30056,42.20152,40.79024,39.39246,38.00832,36.63798,35.55722,34.74099,33.64648,32.79978,31.93369,30.81479,29.91849,28.78647,27.86017,26.7153,25.75921,24.78403,23.7898,22.77657,21.74439,20.54551,19.48423,18.40419,17.30545,16.18806,14.94757,13.70594,11.59171,9.885846,8.161507,7.020582,5.966299,4.928991,3.943643,2.957995,1.95467,0.977372,0,-0.977372,-1.937217,-2.905641,-3.873844,-4.841752,-5.809291,-6.715339,-7.673212,-8.630501,-9.587132,-10.54303,-11.49813,-12.33915,-13.40563,-14.22735,-15.44821,-16.55465
131.0344,130.637,130.2225,129.7912,128.4193,127.9514,127.4672,126.9669,126.4507,125.9188,126.314,125.754,126.127,125.5395,123.9832,124.3196,123.6877,124.0028,125.272,125.5704,126.8273,128.079,129.3252,129.5912,129.8474,131.0718,131.3099,132.5197,133.7227,134.9187,136.1074,137.2887,137.4732,138.6375,139.7937,140.9416,142.0808,143.2112,142.3417,132.4939,125.6116,116.715,114.7855,112.8451,112.8924,112.9312,112.9613,111.9829,112.9957,112,111.9957,111.9829,110.962,110.9324,110.8944,109.8492,109.7948,109.732,109.6609,109.5814,109.4936,109.3974,108.2993,109.1801,109.0589,109.9198,109.7808
59.71583,58.16334,56.62237,55.09309,53.193,51.69571,50.21067,48.73804,47.278,45.8307,44.73012,43.30056,42.20152,40.79024,39.09175,38.00832,36.63798,35.55722,34.74099,33.64648,32.79978,31.93369,31.04823,29.91849,28.78647,27.86017,26.7153,25.75921,24.78403,23.7898,22.77657,21.74439,20.54551,19.48423,18.40419,17.30545,16.18806,15.0521,13.70594,11.59171,9.885846,8.161507,7.020582,5.913963,4.928991,3.943643,2.957995,1.95467,0.9860985,0,-0.977372,-1.95467,-2.905641,-3.873844,-4.841752,-5.756955,-6.715339,-7.673212,-8.630501,-9.587132,-10.54303,-11.49813,-12.33915,-13.40563,-14.35788,-15.44821,-16.40684
131.0344,130.637,130.2225,128.8707,128.4193,127.9514,128.3976,126.9669,126.4507,125.9188,125.3713,125.754,125.1787,125.5395,123.9832,124.3196,123.6877,124.0028,125.272,125.5704,126.8273,128.079,129.3252,129.5912,129.8474,131.0718,131.3099,132.5197,133.7227,134.9187,136.1074,137.2887,137.4732,138.6375,139.7937,139.949,142.0808,142.2166,142.3417,132.4939,125.6116,117.7126,114.7855,113.8438,112.8924,112.9312,112.9613,111.9829,111.9957,112,110.9958,111.9829,110.962,110.9324,109.8953,110.8479,109.7948,109.732,109.6609,109.5814,108.4982,109.3974,109.2929,108.1875,108.0675,109.9198,108.7917
59.71583,58.16334,56.62237,54.70236,53.193,51.69571,50.57717,48.73804,47.278,45.8307,44.39631,43.30056,41.88421,40.79024,39.09175,38.00832,36.63798,35.55722,34.74099,33.64648,32.79978,31.93369,31.04823,29.91849,28.78647,27.86017,26.7153,25.75921,24.78403,23.7898,22.77657,21.74439,20.54551,19.48423,18.40419,17.18358,16.18806,14.94757,13.70594,11.59171,9.885846,8.231264,7.020582,5.966299,4.928991,3.943643,2.957995,1.95467,0.977372,0,-0.9686454,-1.95467,-2.905641,-3.873844,-4.798133,-5.809291,-6.715339,-7.673212,-8.630501,-9.587132,-10.44719,-11.49813,-12.45235,-13.28376,-14.22735,-15.44821,-16.25904
