167.6686,168.8947,169.1217,168.3456,169.5371,168.7328,168.9072,170.0632,170.2127,169.3531,170.4729,170.5835,170.6811,170.7657,170.8372,170.8958,171.9411,174.9733,178.9932,183,187.9928,192.9706,198.9318,202.8763,200.8087,197.7286,195.6344,195.5226,192.405,191.2694,189.1253,186.9701,185.7979,183.621,182.4259,181.2191,180.0009,177.7839,176.5451,176.2806,175.0194,175.7113,175.4065,175.0884,175.7333,176.361,175.999,176.5938,178.1392,177.7304,178.2716,179.7559,179.2993,177.8727,177.3914
28.05809,26.75029,25.27541,23.65943,22.31998,20.71779,19.24455,17.87437,16.38962,14.81648,13.41651,11.92836,10.4393,8.949449,7.458915,5.967814,4.502435,3.054171,1.56205,0,-1.640589,-3.368314,-5.209213,-7.084598,-8.767497,-10.36252,-11.96551,-13.67227,-15.14261,-16.7339,-18.21069,-19.65135,-21.169,-22.54583,-24.01682,-25.46868,-26.90131,-28.1582,-29.54352,-31.08302,-32.43792,-34.15481,-35.68686,-37.21619,-38.95913,-40.71614,-42.25361,-44.02978,-46.06992,-47.6227,-49.4391,-51.54419,-53.11087,-54.38114,-55.93128
167.6686,168.8947,169.1217,169.3358,168.5456,169.7254,168.9072,170.0632,170.2127,170.3493,170.4729,170.5835,170.6811,170.7657,170.8372,170.8958,171.9411,174.9733,178.9932,183,187.9928,193.9705,198.9318,202.8763,200.8087,198.7273,196.6326,194.525,193.402,191.2694,189.1253,187.9646,185.7979,184.6136,182.4259,181.2191,180.0009,177.7839,176.5451,176.2806,175.0194,175.7113,175.4065,175.0884,175.7333,176.361,176.9713,176.5938,177.171,178.6963,178.2716,178.7947,179.2993,178.829,177.3914
28.05809,26.75029,25.27541,23.7986,22.18945,20.83966,19.24455,17.87437,16.38962,14.90363,13.41651,11.92836,10.4393,8.949449,7.458915,5.967814,4.502435,3.054171,1.56205,0,-1.640589,-3.385767,-5.209213,-7.084598,-8.767497,-10.41486,-12.02656,-13.60251,-15.22106,-16.7339,-18.21069,-19.75588,-21.169,-22.6677,-24.01682,-25.46868,-26.90131,-28.1582,-29.54352,-31.08302,-32.43792,-34.15481,-35.68686,-37.21619,-38.95913,-40.71614,-42.48706,-44.02978,-45.81954,-47.88152,-49.4391,-51.26855,-53.11087,-54.67351,-55.93128
167.6686,168.8947,169.1217,169.3358,168.5456,168.7328,168.9072,169.0687,170.2127,170.3493,170.4729,170.5835,170.6811,170.7657,169.8382,170.8958,171.9411,174.9733,178.9932,183,187.9928,193.9705,198.9318,202.8763,200.8087,198.7273,196.6326,194.525,193.402,191.2694,189.1253,187.9646,185.7979,184.6136,182.4259,181.2191,180.0009,177.7839,176.5451,175.2958,175.0194,175.7113,175.4065,175.0884,175.7333,176.361,176.9713,177.5641,177.171,177.7304,178.2716,177.8334,178.3405,177.8727,178.3451
28.05809,26.75029,25.27541,23.7986,22.18945,20.71779,19.24455,17.76984,16.38962,14.90363,13.41651,11.92836,10.4393,8.949449,7.415296,5.967814,4.502435,3.054171,1.56205,0,-1.640589,-3.385767,-5.209213,-7.084598,-8.767497,-10.41486,-12.02656,-13.60251,-15.22106,-16.7339,-18.21069,-19.75588,-21.169,-22.6677,-24.01682,-25.46868,-26.90131,-28.1582,-29.54352,-30.90938,-32.43792,-34.15481,-35.68686,-37.21619,-38.95913,-40.71614,-42.48706,-44.27171,-45.81954,-47.6227,-49.4391,-50.99291,-52.82685,-54.38114,-56.23198
167.6686,168.8947,169.1217,169.3358,168.5456,169.7254,169.9008,169.0687,170.2127,170.3493,170.4729,170.5835,170.6811,169.767,170.8372,170.8958,171.9411,174.9733,178.9932,183,187.9928,192.9706,198.9318,202.8763,200.8087,198.7273,195.6344,194.525,193.402,190.2732,189.1253,187.9646,185.7979,183.621,182.4259,181.2191,179.0119,177.7839,176.5451,175.2958,175.0194,175.7113,175.4065,175.0884,175.7333,177.3354,176.9713,176.5938,178.1392,177.7304,178.2716,178.7947,179.2993,178.829,178.3451
28.05809,26.75029,25.27541,23.7986,22.18945,20.83966,19.35775,17.76984,16.38962,14.90363,13.41651,11.92836,10.4393,8.897113,7.458915,5.967814,4.502435,3.054171,1.56205,0,-1.640589,-3.368314,-5.209213,-7.084598,-8.767497,-10.41486,-11.96551,-13.60251,-15.22106,-16.64675,-18.21069,-19.75588,-21.169,-22.54583,-24.01682,-25.46868,-26.7535,-28.1582,-29.54352,-30.90938,-32.43792,-34.15481,-35.68686,-37.21619,-38.95913,-40.94109,-42.48706,-44.02978,-46.06992,-47.6227,-49.4391,-51.26855,-53.11087,-54.67351,-56.23198
167.6686,168.8947,169.1217,169.3358,169.5371,169.7254,168.9072,170.0632,170.2127,170.3493,169.4759,170.5835,170.6811,170.7657,170.8372,170.8958,171.9411,174.9733,178.9932,183,187.9928,192.9706,198.9318,202.8763,200.8087,198.7273,196.6326,194.525,193.402,191.2694,189.1253,187.9646,185.7979,184.6136,182.4259,181.2191,180.0009,177.7839,176.5451,175.2958,175.0194,175.7113,175.4065,176.0666,176.7096,177.3354,175.999,176.5938,177.171,177.7304,179.2353,178.7947,179.2993,177.8727,178.3451
28.05809,26.75029,25.27541,23.7986,22.31998,20.83966,19.24455,17.87437,16.38962,14.90363,13.33805,11.92836,10.4393,8.949449,7.458915,5.967814,4.502435,3.054171,1.56205,0,-1.640589,-3.368314,-5.209213,-7.084598,-8.767497,-10.41486,-12.02656,-13.60251,-15.22106,-16.7339,-18.21069,-19.75588,-21.169,-22.6677,-24.01682,-25.46868,-26.90131,-28.1582,-29.54352,-30.90938,-32.43792,-34.15481,-35.68686,-37.4241,-39.17557,-40.94109,-42.25361,-44.02978,-45.81954,-47.6227,-49.70634,-51.26855,-53.11087,-54.38114,-56.23198
168.6548,168.8947,169.1217,169.3358,169.5371,168.7328,169.9008,169.0687,170.2127,169.3531,169.4759,170.5835,170.6811,170.7657,169.8382,170.8958,171.9411,174.9733,178.9932,183,188.9928,193.9705,198.9318,202.8763,200.8087,198.7273,197.6307,194.525,193.402,191.2694,189.1253,187.9646,185.7979,183.621,182.4259,181.2191,180.0009,177.7839,176.5451,175.2958,175.0194,174.7296,176.3864,175.0884,175.7333,176.361,176.9713,176.5938,177.171,177.7304,178.2716,177.8334,178.3405,178.829,178.3451
28.22314,26.75029,25.27541,23.7986,22.31998,20.71779,19.35775,17.76984,16.38962,14.81648,13.33805,11.92836,10.4393,8.949449,7.415296,5.967814,4.502435,3.054171,1.56205,0,-1.649315,-3.385767,-5.209213,-7.084598,-8.767497,-10.41486,-12.08761,-13.60251,-15.22106,-16.7339,-18.21069,-19.75588,-21.169,-22.54583,-24.01682,-25.46868,-26.90131,-28.1582,-29.54352,-30.90938,-32.43792,-33.964,-35.88623,-37.21619,-38.95913,-40.71614,-42.48706,-44.02978,-45.81954,-47.6227,-49.4391,-50.99291,-52.82685,-54.67351,-56.23198
167.6686,168.8947,169.1217,169.3358,169.5371,168.7328,168.9072,170.0632,170.2127,170.3493,170.4729,170.5835,170.6811,170.7657,170.8372,170.8958,171.9411,174.9733,179.9931,183,188.9928,194.9703,198.9318,202.8763,200.8087,198.7273,196.6326,195.5226,193.402,190.2732,189.1253,187.9646,185.7979,184.6136,182.4259,181.2191,180.0009,177.7839,176.5451,175.2958,175.0194,175.7113,176.3864,176.0666,175.7333,175.3866,175.999,177.5641,177.171,177.7304,178.2716,178.7947,179.2993,178.829,178.3451
28.05809,26.75029,25.27541,23.7986,22.31998,20.71779,19.24455,17.87437,16.38962,14.90363,13.41651,11.92836,10.4393,8.949449,7.458915,5.967814,4.502435,3.054171,1.570776,0,-1.649315,-3.403219,-5.209213,-7.084598,-8.767497,-10.41486,-12.02656,-13.67227,-15.22106,-16.64675,-18.21069,-19.75588,-21.169,-22.6677,-24.01682,-25.46868,-26.90131,-28.1582,-29.54352,-30.90938,-32.43792,-34.15481,-35.88623,-37.4241,-38.95913,-40.49119,-42.25361,-44.27171,-45.81954,-47.6227,-49.4391,-51.26855,-53.11087,-54.67351,-56.23198
167.6686,168.8947,169.1217,168.3456,169.5371,168.7328,168.9072,169.0687,170.2127,169.3531,170.4729,170.5835,170.6811,170.7657,170.8372,170.8958,171.9411,174.9733,179.9931,183,187.9928,194.9703,198.9318,202.8763,200.8087,198.7273,195.6344,195.5226,193.402,191.2694,189.1253,186.9701,185.7979,183.621,182.4259,181.2191,180.0009,177.7839,176.5451,175.2958,175.0194,175.7113,176.3864,175.0884,175.7333,177.3354,175.999,176.5938,178.1392,177.7304,178.2716,179.7559,179.2993,178.829,177.3914
28.05809,26.75029,25.27541,23.65943,22.31998,20.71779,19.24455,17.76984,16.38962,14.81648,13.41651,11.92836,10.4393,8.949449,7.458915,5.967814,4.502435,3.054171,1.570776,0,-1.640589,-3.403219,-5.209213,-7.084598,-8.767497,-10.41486,-11.96551,-13.67227,-15.22106,-16.7339,-18.21069,-19.65135,-21.169,-22.54583,-24.01682,-25.46868,-26.90131,-28.1582,-29.54352,-30.90938,-32.43792,-34.15481,-35.88623,-37.21619,-38.95913,-40.94109,-42.25361,-44.02978,-46.06992,-47.6227,-49.4391,-51.54419,-53.11087,-54.67351,-55.93128
167.6686,168.8947,169.1217,169.3358,169.5371,168.7328,168.9072,170.0632,170.2127,170.3493,170.4729,170.5835,170.6811,170.7657,170.8372,170.8958,171.9411,174.9733,178.9932,183,187.9928,194.9703,198.9318,202.8763,200.8087,198.7273,196.6326,195.5226,193.402,191.2694,189.1253,186.9701,185.7979,183.621,182.4259,181.2191,180.0009,177.7839,176.5451,176.2806,175.0194,175.7113,175.4065,175.0884,176.7096,176.361,176.9713,176.5938,177.171,178.6963,177.308,178.7947,178.3405,178.829,177.3914
28.05809,26.75029,25.27541,23.7986,22.31998,20.71779,19.24455,17.87437,16.38962,14.90363,13.41651,11.92836,10.4393,8.949449,7.458915,5.967814,4.502435,3.054171,1.56205,0,-1.640589,-3.403219,-5.209213,-7.084598,-8.767497,-10.41486,-12.02656,-13.67227,-15.22106,-16.7339,-18.21069,-19.65135,-21.169,-22.54583,-24.01682,-25.46868,-26.90131,-28.1582,-29.54352,-31.08302,-32.43792,-34.15481,-35.68686,-37.21619,-39.17557,-40.71614,-42.48706,-44.02978,-45.81954,-47.88152,-49.17186,-51.26855,-52.82685,-54.67351,-55.93128
167.6686,168.8947,169.1217,169.3358,168.5456,169.7254,169.9008,170.0632,170.2127,170.3493,170.4729,170.5835,170.6811,170.7657,170.8372,170.8958,171.9411,174.9733,178.9932,183,187.9928,193.9705,198.9318,202.8763,200.8087,197.7286,196.6326,194.525,193.402,191.2694,189.1253,186.9701,185.7979,184.6136,182.4259,181.2191,180.0009,177.7839,176.5451,176.2806,175.0194,175.7113,175.4065,175.0884,175.7333,176.361,176.9713,176.5938,177.171,177.7304,178.2716,179.7559,179.2993,178.829,177.3914
28.05809,26.75029,25.27541,23.7986,22.18945,20.83966,19.35775,17.87437,16.38962,14.90363,13.41651,11.92836,10.4393,8.949449,7.458915,5.967814,4.502435,3.054171,1.56205,0,-1.640589,-3.385767,-5.209213,-7.084598,-8.767497,-10.36252,-12.02656,-13.60251,-15.22106,-16.7339,-18.21069,-19.65135,-21.169,-22.6677,-24.01682,-25.46868,-26.90131,-28.1582,-29.54352,-31.08302,-32.43792,-34.15481,-35.68686,-37.21619,-38.95913,-40.71614,-42.48706,-44.02978,-45.81954,-47.6227,-49.4391,-51.54419,-53.11087,-54.67351,-55.93128
167.6686,168.8947,169.1217,169.3358,169.5371,168.7328,168.9072,170.0632,169.2174,170.3493,170.4729,170.5835,170.6811,170.7657,170.8372,170.8958,171.9411,174.9733,178.9932,183,187.9928,193.9705,198.9318,202.8763,200.8087,198.7273,196.6326,194.525,193.402,191.2694,189.1253,187.9646,185.7979,183.621,182.4259,181.2191,179.0119,177.7839,176.5451,175.2958,175.0194,174.7296,175.4065,175.0884,175.7333,176.361,175.999,176.5938,177.171,177.7304,178.2716,177.8334,178.3405,178.829,177.3914
28.05809,26.75029,25.27541,23.7986,22.31998,20.71779,19.24455,17.87437,16.29378,14.90363,13.41651,11.92836,10.4393,8.949449,7.458915,5.967814,4.502435,3.054171,1.56205,0,-1.640589,-3.385767,-5.209213,-7.084598,-8.767497,-10.41486,-12.02656,-13.60251,-15.22106,-16.7339,-18.21069,-19.75588,-21.169,-22.54583,-24.01682,-25.46868,-26.7535,-28.1582,-29.54352,-30.90938,-32.43792,-33.964,-35.68686,-37.21619,-38.95913,-40.71614,-42.25361,-44.02978,-45.81954,-47.6227,-49.4391,-50.99291,-52.82685,-54.67351,-55.93128
167.6686,168.8947,169.1217,169.3358,168.5456,168.7328,168.9072,170.0632,170.2127,170.3493,170.4729,170.5835,170.6811,170.7657,169.8382,170.8958,171.9411,174.9733,178.9932,183,187.9928,192.9706,198.9318,202.8763,200.8087,198.7273,196.6326,194.525,192.405,191.2694,189.1253,187.9646,185.7979,184.6136,182.4259,181.2191,179.0119,177.7839,176.5451,176.2806,175.0194,174.7296,174.4266,175.0884,175.7333,176.361,175.999,176.5938,178.1392,177.7304,178.2716,177.8334,179.2993,177.8727,178.3451
28.05809,26.75029,25.27541,23.7986,22.18945,20.71779,19.24455,17.87437,16.38962,14.90363,13.41651,11.92836,10.4393,8.949449,7.415296,5.967814,4.502435,3.054171,1.56205,0,-1.640589,-3.368314,-5.209213,-7.084598,-8.767497,-10.41486,-12.02656,-13.60251,-15.14261,-16.7339,-18.21069,-19.75588,-21.169,-22.6677,-24.01682,-25.46868,-26.7535,-28.1582,-29.54352,-31.08302,-32.43792,-33.964,-35.48749,-37.21619,-38.95913,-40.71614,-42.25361,-44.02978,-46.06992,-47.6227,-49.4391,-50.99291,-53.11087,-54.38114,-56.23198
167.6686,168.8947,169.1217,169.3358,169.5371,168.7328,169.9008,169.0687,169.2174,170.3493,170.4729,170.5835,169.6829,170.7657,170.8372,170.8958,171.9411,174.9733,178.9932,184,187.9928,192.9706,198.9318,203.8757,200.8087,198.7273,196.6326,193.5274,192.405,191.2694,189.1253,186.9701,185.7979,183.621,182.4259,181.2191,180.0009,177.7839,176.5451,176.2806,175.0194,175.7113,175.4065,177.0447,175.7333,177.3354,176.9713,176.5938,177.171,178.6963,178.2716,178.7947,179.2993,178.829,177.3914
28.05809,26.75029,25.27541,23.7986,22.31998,20.71779,19.35775,17.76984,16.29378,14.90363,13.41651,11.92836,10.37825,8.949449,7.458915,5.967814,4.502435,3.054171,1.56205,0,-1.640589,-3.368314,-5.209213,-7.119497,-8.767497,-10.41486,-12.02656,-13.53276,-15.14261,-16.7339,-18.21069,-19.65135,-21.169,-22.54583,-24.01682,-25.46868,-26.90131,-28.1582,-29.54352,-31.08302,-32.43792,-34.15481,-35.68686,-37.63202,-38.95913,-40.94109,-42.48706,-44.02978,-45.81954,-47.88152,-49.4391,-51.26855,-53.11087,-54.67351,-55.93128
167.6686,168.8947,169.1217,169.3358,168.5456,169.7254,168.9072,169.0687,170.2127,170.3493,170.4729,170.5835,169.6829,170.7657,170.8372,170.8958,171.9411,174.9733,178.9932,183,187.9928,192.9706,199.9315,202.8763,200.8087,197.7286,196.6326,194.525,192.405,191.2694,189.1253,187.9646,185.7979,183.621,182.4259,181.2191,180.0009,177.7839,176.5451,175.2958,175.0194,174.7296,175.4065,176.0666,175.7333,176.361,175.999,176.5938,177.171,177.7304,178.2716,179.7559,179.2993,177.8727,177.3914
28.05809,26.75029,25.27541,23.7986,22.18945,20.83966,19.24455,17.76984,16.38962,14.90363,13.41651,11.92836,10.37825,8.949449,7.458915,5.967814,4.502435,3.054171,1.56205,0,-1.640589,-3.368314,-5.23539,-7.084598,-8.767497,-10.36252,-12.02656,-13.60251,-15.14261,-16.7339,-18.21069,-19.75588,-21.169,-22.54583,-24.01682,-25.46868,-26.90131,-28.1582,-29.54352,-30.90938,-32.43792,-33.964,-35.68686,-37.4241,-38.95913,-40.71614,-42.25361,-44.02978,-45.81954,-47.6227,-49.4391,-51.54419,-53.11087,-54.38114,-55.93128
167.6686,168.8947,169.1217,169.3358,168.5456,169.7254,169.9008,170.0632,170.2127,170.3493,170.4729,170.5835,170.6811,170.7657,170.8372,170.8958,170.9414,173.9735,178.9932,183,187.9928,192.9706,199.9315,202.8763,200.8087,198.7273,196.6326,194.525,193.402,190.2732,189.1253,186.9701,185.7979,184.6136,182.4259,181.2191,180.0009,177.7839,176.5451,176.2806,175.0194,175.7113,175.4065,175.0884,175.7333,176.361,175.999,177.5641,177.171,178.6963,178.2716,178.7947,179.2993,178.829,178.3451
28.05809,26.75029,25.27541,23.7986,22.18945,20.83966,19.35775,17.87437,16.38962,14.90363,13.41651,11.92836,10.4393,8.949449,7.458915,5.967814,4.476258,3.036719,1.56205,0,-1.640589,-3.368314,-5.23539,-7.084598,-8.767497,-10.41486,-12.02656,-13.60251,-15.22106,-16.64675,-18.21069,-19.65135,-21.169,-22.6677,-24.01682,-25.46868,-26.90131,-28.1582,-29.54352,-31.08302,-32.43792,-34.15481,-35.68686,-37.21619,-38.95913,-40.71614,-42.25361,-44.27171,-45.81954,-47.88152,-49.4391,-51.26855,-53.11087,-54.67351,-56.23198
168.6548,168.8947,169.1217,169.3358,169.5371,169.7254,168.9072,170.0632,170.2127,170.3493,170.4729,170.5835,170.6811,170.7657,170.8372,170.8958,171.9411,174.9733,178.9932,183,188.9928,193.9705,198.9318,202.8763,200.8087,197.7286,197.6307,194.525,192.405,191.2694,189.1253,187.9646,185.7979,184.6136,182.4259,181.2191,179.0119,177.7839,176.5451,175.2958,175.0194,175.7113,176.3864,175.0884,176.7096,177.3354,176.9713,177.5641,178.1392,178.6963,179.2353,178.7947,179.2993,177.8727,177.3914
28.22314,26.75029,25.27541,23.7986,22.31998,20.83966,19.24455,17.87437,16.38962,14.90363,13.41651,11.92836,10.4393,8.949449,7.458915,5.967814,4.502435,3.054171,1.56205,0,-1.649315,-3.385767,-5.209213,-7.084598,-8.767497,-10.36252,-12.08761,-13.60251,-15.14261,-16.7339,-18.21069,-19.75588,-21.169,-22.6677,-24.01682,-25.46868,-26.7535,-28.1582,-29.54352,-30.90938,-32.43792,-34.15481,-35.88623,-37.21619,-39.17557,-40.94109,-42.48706,-44.27171,-46.06992,-47.88152,-49.70634,-51.26855,-53.11087,-54.38114,-55.93128
167.6686,168.8947,169.1217,168.3456,169.5371,169.7254,168.9072,169.0687,170.2127,170.3493,170.4729,170.5835,170.6811,170.7657,170.8372,170.8958,171.9411,174.9733,178.9932,183,187.9928,192.9706,198.9318,202.8763,200.8087,198.7273,196.6326,194.525,193.402,190.2732,189.1253,186.9701,185.7979,184.6136,182.4259,181.2191,180.0009,177.7839,176.5451,175.2958,175.0194,175.7113,175.4065,175.0884,176.7096,176.361,175.999,176.5938,177.171,178.6963,179.2353,177.8334,178.3405,177.8727,178.3451
28.05809,26.75029,25.27541,23.65943,22.31998,20.83966,19.24455,17.76984,16.38962,14.90363,13.41651,11.92836,10.4393,8.949449,7.458915,5.967814,4.502435,3.054171,1.56205,0,-1.640589,-3.368314,-5.209213,-7.084598,-8.767497,-10.41486,-12.02656,-13.60251,-15.22106,-16.64675,-18.21069,-19.65135,-21.169,-22.6677,-24.01682,-25.46868,-26.90131,-28.1582,-29.54352,-30.90938,-32.43792,-34.15481,-35.68686,-37.21619,-39.17557,-40.71614,-42.25361,-44.02978,-45.81954,-47.88152,-49.70634,-50.99291,-52.82685,-54.38114,-56.23198
167.6686,168.8947,169.1217,169.3358,168.5456,169.7254,169.9008,169.0687,170.2127,170.3493,170.4729,170.5835,170.6811,169.767,170.8372,170.8958,171.9411,174.9733,178.9932,184,187.9928,192.9706,198.9318,203.8757,200.8087,198.7273,196.6326,194.525,193.402,191.2694,189.1253,187.9646,185.7979,183.621,182.4259,181.2191,179.0119,177.7839,176.5451,176.2806,175.0194,175.7113,175.4065,176.0666,175.7333,176.361,175.999,176.5938,178.1392,178.6963,178.2716,178.7947,179.2993,178.829,177.3914
28.05809,26.75029,25.27541,23.7986,22.18945,20.83966,19.35775,17.76984,16.38962,14.90363,13.41651,11.92836,10.4393,8.897113,7.458915,5.967814,4.502435,3.054171,1.56205,0,-1.640589,-3.368314,-5.209213,-7.119497,-8.767497,-10.41486,-12.02656,-13.60251,-15.22106,-16.7339,-18.21069,-19.75588,-21.169,-22.54583,-24.01682,-25.46868,-26.7535,-28.1582,-29.54352,-31.08302,-32.43792,-34.15481,-35.68686,-37.4241,-38.95913,-40.71614,-42.25361,-44.02978,-46.06992,-47.88152,-49.4391,-51.26855,-53.11087,-54.67351,-55.93128
168.6548,168.8947,169.1217,169.3358,168.5456,168.7328,169.9008,169.0687,170.2127,170.3493,170.4729,170.5835,170.6811,169.767,169.8382,170.8958,171.9411,174.9733,178.9932,183,187.9928,192.9706,198.9318,202.8763,200.8087,198.7273,196.6326,194.525,192.405,191.2694,189.1253,187.9646,185.7979,184.6136,182.4259,181.2191,180.0009,177.7839,176.5451,175.2958,175.0194,175.7113,175.4065,175.0884,175.7333,176.361,175.999,176.5938,178.1392,178.6963,177.308,178.7947,179.2993,178.829,178.3451
28.22314,26.75029,25.27541,23.7986,22.18945,20.71779,19.35775,17.76984,16.38962,14.90363,13.41651,11.92836,10.4393,8.897113,7.415296,5.967814,4.502435,3.054171,1.56205,0,-1.640589,-3.368314,-5.209213,-7.084598,-8.767497,-10.41486,-12.02656,-13.60251,-15.14261,-16.7339,-18.21069,-19.75588,-21.169,-22.6677,-24.01682,-25.46868,-26.90131,-28.1582,-29.54352,-30.90938,-32.43792,-34.15481,-35.68686,-37.21619,-38.95913,-40.71614,-42.25361,-44.02978,-46.06992,-47.88152,-49.17186,-51.26855,-53.11087,-54.67351,-56.23198
167.6686,168.8947,168.1327,169.3358,169.5371,169.7254,169.9008,170.0632,170.2127,170.3493,170.4729,170.5835,170.6811,170.7657,170.8372,170.8958,171.9411,174.9733,178.9932,183,187.9928,192.9706,198.9318,202.8763,200.8087,197.7286,196.6326,195.5226,193.402,191.2694,189.1253,187.9646,185.7979,184.6136,182.4259,181.2191,179.0119,177.7839,176.5451,175.2958,175.0194,174.7296,176.3864,175.0884,176.7096,176.361,176.9713,177.5641,177.171,177.7304,178.2716,178.7947,179.2993,178.829,178.3451
28.05809,26.75029,25.1276,23.7986,22.31998,20.83966,19.35775,17.87437,16.38962,14.90363,13.41651,11.92836,10.4393,8.949449,7.458915,5.967814,4.502435,3.054171,1.56205,0,-1.640589,-3.368314,-5.209213,-7.084598,-8.767497,-10.36252,-12.02656,-13.67227,-15.22106,-16.7339,-18.21069,-19.75588,-21.169,-22.6677,-24.01682,-25.46868,-26.7535,-28.1582,-29.54352,-30.90938,-32.43792,-33.964,-35.88623,-37.21619,-39.17557,-40.71614,-42.48706,-44.27171,-45.81954,-47.6227,-49.4391,-51.26855,-53.11087,-54.67351,-56.23198
167.6686,168.8947,169.1217,169.3358,169.5371,168.7328,168.9072,169.0687,170.2127,169.3531,170.4729,170.5835,170.6811,169.767,170.8372,170.8958,171.9411,174.9733,178.9932,183,187.9928,192.9706,198.9318,202.8763,200.8087,198.7273,196.6326,194.525,193.402,191.2694,189.1253,187.9646,185.7979,184.6136,182.4259,181.2191,179.0119,177.7839,176.5451,175.2958,175.0194,175.7113,174.4266,175.0884,175.7333,177.3354,175.999,176.5938,177.171,177.7304,177.308,178.7947,178.3405,178.829,177.3914
28.05809,26.75029,25.27541,23.7986,22.31998,20.71779,19.24455,17.76984,16.38962,14.81648,13.41651,11.92836,10.4393,8.897113,7.458915,5.967814,4.502435,3.054171,1.56205,0,-1.640589,-3.368314,-5.209213,-7.084598,-8.767497,-10.41486,-12.02656,-13.60251,-15.22106,-16.7339,-18.21069,-19.75588,-21.169,-22.6677,-24.01682,-25.46868,-26.7535,-28.1582,-29.54352,-30.90938,-32.43792,-34.15481,-35.48749,-37.21619,-38.95913,-40.94109,-42.25361,-44.02978,-45.81954,-47.6227,-49.17186,-51.26855,-52.82685,-54.67351,-55.93128
167.6686,168.8947,169.1217,169.3358,168.5456,168.7328,168.9072,170.0632,170.2127,170.3493,170.4729,170.5835,170.6811,169.767,170.8372,170.8958,171.9411,174.9733,178.9932,183,187.9928,193.9705,198.9318,202.8763,200.8087,198.7273,197.6307,194.525,193.402,191.2694,190.1207,186.9701,185.7979,184.6136,182.4259,181.2191,180.0009,177.7839,176.5451,176.2806,175.0194,174.7296,176.3864,176.0666,176.7096,176.361,176.9713,176.5938,177.171,177.7304,178.2716,178.7947,179.2993,178.829,177.3914
28.05809,26.75029,25.27541,23.7986,22.18945,20.71779,19.24455,17.87437,16.38962,14.90363,13.41651,11.92836,10.4393,8.897113,7.458915,5.967814,4.502435,3.054171,1.56205,0,-1.640589,-3.385767,-5.209213,-7.084598,-8.767497,-10.41486,-12.08761,-13.60251,-15.22106,-16.7339,-18.30654,-19.65135,-21.169,-22.6677,-24.01682,-25.46868,-26.90131,-28.1582,-29.54352,-31.08302,-32.43792,-33.964,-35.88623,-37.4241,-39.17557,-40.71614,-42.48706,-44.02978,-45.81954,-47.6227,-49.4391,-51.26855,-53.11087,-54.67351,-55.93128
167.6686,168.8947,169.1217,169.3358,169.5371,169.7254,168.9072,169.0687,169.2174,170.3493,170.4729,170.5835,170.6811,169.767,170.8372,170.8958,171.9411,174.9733,178.9932,184,187.9928,193.9705,198.9318,202.8763,200.8087,198.7273,196.6326,194.525,193.402,190.2732,189.1253,186.9701,185.7979,183.621,182.4259,181.2191,180.0009,177.7839,176.5451,176.2806,175.0194,175.7113,176.3864,177.0447,175.7333,176.361,175.999,176.5938,177.171,178.6963,177.308,178.7947,179.2993,178.829,177.3914
28.05809,26.75029,25.27541,23.7986,22.31998,20.83966,19.24455,17.76984,16.29378,14.90363,13.41651,11.92836,10.4393,8.897113,7.458915,5.967814,4.502435,3.054171,1.56205,0,-1.640589,-3.385767,-5.209213,-7.084598,-8.767497,-10.41486,-12.02656,-13.60251,-15.22106,-16.64675,-18.21069,-19.65135,-21.169,-22.54583,-24.01682,-25.46868,-26.90131,-28.1582,-29.54352,-31.08302,-32.43792,-34.15481,-35.88623,-37.63202,-38.95913,-40.71614,-42.25361,-44.02978,-45.81954,-47.88152,-49.17186,-51.26855,-53.11087,-54.67351,-55.93128
168.6548,168.8947,169.1217,169.3358,168.5456,168.7328,168.9072,169.0687,169.2174,169.3531,170.4729,169.5859,169.6829,169.767,169.8382,170.8958,171.9411,174.9733,178.9932,184,187.9928,193.9705,198.9318,202.8763,200.8087,197.7286,196.6326,194.525,192.405,190.2732,189.1253,186.9701,185.7979,183.621,182.4259,181.2191,180.0009,177.7839,176.5451,175.2958,176.0026,176.6929,175.4065,176.0666,175.7333,177.3354,176.9713,177.5641,178.1392,178.6963,179.2353,179.7559,179.2993,178.829,177.3914
28.22314,26.75029,25.27541,23.7986,22.18945,20.71779,19.24455,17.76984,16.29378,14.81648,13.41651,11.8586,10.37825,8.897113,7.415296,5.967814,4.502435,3.054171,1.56205,0,-1.640589,-3.385767,-5.209213,-7.084598,-8.767497,-10.36252,-12.02656,-13.60251,-15.14261,-16.64675,-18.21069,-19.65135,-21.169,-22.54583,-24.01682,-25.46868,-26.90131,-28.1582,-29.54352,-30.90938,-32.62016,-34.34562,-35.68686,-37.4241,-38.95913,-40.94109,-42.48706,-44.27171,-46.06992,-47.88152,-49.70634,-51.54419,-53.11087,-54.67351,-55.93128
167.6686,168.8947,169.1217,169.3358,169.5371,169.7254,169.9008,170.0632,170.2127,170.3493,170.4729,170.5835,169.6829,169.767,170.8372,170.8958,171.9411,174.9733,178.9932,183,187.9928,193.9705,198.9318,202.8763,200.8087,198.7273,196.6326,194.525,193.402,191.2694,189.1253,186.9701,185.7979,184.6136,182.4259,181.2191,180.0009,177.7839,176.5451,175.2958,175.0194,175.7113,176.3864,176.0666,176.7096,176.361,176.9713,176.5938,177.171,177.7304,178.2716,178.7947,179.2993,178.829,178.3451
28.05809,26.75029,25.27541,23.7986,22.31998,20.83966,19.35775,17.87437,16.38962,14.90363,13.41651,11.92836,10.37825,8.897113,7.458915,5.967814,4.502435,3.054171,1.56205,0,-1.640589,-3.385767,-5.209213,-7.084598,-8.767497,-10.41486,-12.02656,-13.60251,-15.22106,-16.7339,-18.21069,-19.65135,-21.169,-22.6677,-24.01682,-25.46868,-26.90131,-28.1582,-29.54352,-30.90938,-32.43792,-34.15481,-35.88623,-37.4241,-39.17557,-40.71614,-42.48706,-44.02978,-45.81954,-47.6227,-49.4391,-51.26855,-53.11087,-54.67351,-56.23198
167.6686,168.8947,169.1217,169.3358,169.5371,168.7328,168.9072,170.0632,170.2127,170.3493,170.4729,169.5859,170.6811,169.767,169.8382,170.8958,171.9411,174.9733,178.9932,183,187.9928,193.9705,198.9318,203.8757,200.8087,198.7273,196.6326,193.5274,193.402,191.2694,189.1253,186.9701,185.7979,183.621,182.4259,181.2191,180.0009,177.7839,176.5451,176.2806,175.0194,175.7113,175.4065,175.0884,176.7096,176.361,176.9713,177.5641,177.171,178.6963,178.2716,178.7947,179.2993,178.829,177.3914
28.05809,26.75029,25.27541,23.7986,22.31998,20.71779,19.24455,17.87437,16.38962,14.90363,13.41651,11.8586,10.4393,8.897113,7.415296,5.967814,4.502435,3.054171,1.56205,0,-1.640589,-3.385767,-5.209213,-7.119497,-8.767497,-10.41486,-12.02656,-13.53276,-15.22106,-16.7339,-18.21069,-19.65135,-21.169,-22.54583,-24.01682,-25.46868,-26.90131,-28.1582,-29.54352,-31.08302,-32.43792,-34.15481,-35.68686,-37.21619,-39.17557,-40.71614,-42.48706,-44.27171,-45.81954,-47.88152,-49.4391,-51.26855,-53.11087,-54.67351,-55.93128
168.6548,168.8947,169.1217,168.3456,169.5371,168.7328,169.9008,170.0632,169.2174,170.3493,170.4729,170.5835,170.6811,170.7657,170.8372,170.8958,171.9411,174.9733,178.9932,183,187.9928,192.9706,198.9318,203.8757,200.8087,198.7273,196.6326,195.5226,192.405,191.2694,189.1253,187.9646,185.7979,183.621,182.4259,181.2191,180.0009,177.7839,176.5451,175.2958,175.0194,175.7113,176.3864,176.0666,175.7333,176.361,176.9713,177.5641,178.1392,178.6963,178.2716,177.8334,179.2993,178.829,178.3451
28.22314,26.75029,25.27541,23.65943,22.31998,20.71779,19.35775,17.87437,16.29378,14.90363,13.41651,11.92836,10.4393,8.949449,7.458915,5.967814,4.502435,3.054171,1.56205,0,-1.640589,-3.368314,-5.209213,-7.119497,-8.767497,-10.41486,-12.02656,-13.67227,-15.14261,-16.7339,-18.21069,-19.75588,-21.169,-22.54583,-24.01682,-25.46868,-26.90131,-28.1582,-29.54352,-30.90938,-32.43792,-34.15481,-35.88623,-37.4241,-38.95913,-40.71614,-42.48706,-44.27171,-46.06992,-47.88152,-49.4391,-50.99291,-53.11087,-54.67351,-56.23198
167.6686,168.8947,169.1217,169.3358,169.5371,168.7328,169.9008,170.0632,170.2127,170.3493,170.4729,170.5835,169.6829,169.767,170.8372,170.8958,171.9411,174.9733,178.9932,183,187.9928,192.9706,198.9318,202.8763,200.8087,197.7286,195.6344,194.525,193.402,191.2694,189.1253,186.9701,185.7979,183.621,182.4259,181.2191,179.0119,177.7839,175.5588,176.2806,175.0194,174.7296,176.3864,176.0666,175.7333,177.3354,175.999,176.5938,177.171,178.6963,179.2353,177.8334,179.2993,178.829,177.3914
28.05809,26.75029,25.27541,23.7986,22.31998,20.71779,19.35775,17.87437,16.38962,14.90363,13.41651,11.92836,10.37825,8.897113,7.458915,5.967814,4.502435,3.054171,1.56205,0,-1.640589,-3.368314,-5.209213,-7.084598,-8.767497,-10.36252,-11.96551,-13.60251,-15.22106,-16.7339,-18.21069,-19.65135,-21.169,-22.54583,-24.01682,-25.46868,-26.7535,-28.1582,-29.37847,-31.08302,-32.43792,-33.964,-35.88623,-37.4241,-38.95913,-40.94109,-42.25361,-44.02978,-45.81954,-47.88152,-49.70634,-50.99291,-53.11087,-54.67351,-55.93128
168.6548,168.8947,169.1217,169.3358,168.5456,169.7254,168.9072,169.0687,170.2127,169.3531,170.4729,170.5835,170.6811,170.7657,170.8372,170.8958,171.9411,174.9733,178.9932,184,187.9928,193.9705,198.9318,202.8763,200.8087,198.7273,195.6344,194.525,192.405,191.2694,189.1253,186.9701,185.7979,183.621,182.4259,181.2191,180.0009,177.7839,176.5451,176.2806,175.0194,175.7113,175.4065,175.0884,175.7333,176.361,176.9713,176.5938,177.171,177.7304,178.2716,177.8334,179.2993,178.829,178.3451
28.22314,26.75029,25.27541,23.7986,22.18945,20.83966,19.24455,17.76984,16.38962,14.81648,13.41651,11.92836,10.4393,8.949449,7.458915,5.967814,4.502435,3.054171,1.56205,0,-1.640589,-3.385767,-5.209213,-7.084598,-8.767497,-10.41486,-11.96551,-13.60251,-15.14261,-16.7339,-18.21069,-19.65135,-21.169,-22.54583,-24.01682,-25.46868,-26.90131,-28.1582,-29.54352,-31.08302,-32.43792,-34.15481,-35.68686,-37.21619,-38.95913,-40.71614,-42.48706,-44.02978,-45.81954,-47.6227,-49.4391,-50.99291,-53.11087,-54.67351,-56.23198
167.6686,168.8947,168.1327,169.3358,168.5456,168.7328,169.9008,169.0687,170.2127,170.3493,170.4729,170.5835,169.6829,170.7657,169.8382,170.8958,171.9411,174.9733,178.9932,183,187.9928,192.9706,199.9315,202.8763,200.8087,198.7273,195.6344,194.525,193.402,190.2732,189.1253,186.9701,185.7979,183.621,182.4259,181.2191,180.0009,177.7839,176.5451,176.2806,175.0194,175.7113,176.3864,176.0666,175.7333,176.361,176.9713,176.5938,178.1392,178.6963,178.2716,178.7947,178.3405,178.829,177.3914
28.05809,26.75029,25.1276,23.7986,22.18945,20.71779,19.35775,17.76984,16.38962,14.90363,13.41651,11.92836,10.37825,8.949449,7.415296,5.967814,4.502435,3.054171,1.56205,0,-1.640589,-3.368314,-5.23539,-7.084598,-8.767497,-10.41486,-11.96551,-13.60251,-15.22106,-16.64675,-18.21069,-19.65135,-21.169,-22.54583,-24.01682,-25.46868,-26.90131,-28.1582,-29.54352,-31.08302,-32.43792,-34.15481,-35.88623,-37.4241,-38.95913,-40.71614,-42.48706,-44.02978,-46.06992,-47.88152,-49.4391,-51.26855,-52.82685,-54.67351,-55.93128
