185.7004,186.2672,184.9231,185.456,185.0211,184.5668,184.0934,183.601,183.0898,182.56,182.0118,181.4453,180.8608,182.2072,182.5674,184.8699,186.1857,187.4908,189.7682,191.0527,192.3257,193.5869,195.8251,197.0633,199.2804,200.4943,201.6951,193.9318,187.1345,181.3074,177.4513,174.5737,174.6736,174.7602,174.8334,174.8934,173.9404,173.9735,173.9934,174,173.9934,173.9735,172.9407,172.8946,172.8353,173.7615,170.6811
65.75995,64.13693,61.87441,60.25831,58.33693,56.42774,54.53095,52.64673,50.77529,48.9168,47.07144,45.23939,43.42084,42.06585,40.47421,39.29531,37.87991,36.44452,35.17146,33.68775,32.18428,30.66116,29.26626,27.69545,26.23576,24.61761,22.98025,20.38305,18.019,15.86235,13.96572,12.20738,10.68349,9.158792,7.633393,6.107412,4.554789,3.036719,1.518417,0,-1.518417,-3.036719,-4.528612,-6.037613,-7.546154,-9.106456,-10.4393
185.7004,185.3216,184.9231,185.456,185.0211,184.5668,184.0934,183.601,183.0898,182.56,182.0118,181.4453,181.8332,182.2072,183.5436,184.8699,186.1857,187.4908,189.7682,191.0527,192.3257,193.5869,195.8251,197.0633,199.2804,200.4943,201.6951,193.9318,188.1299,181.3074,177.4513,174.5737,174.6736,174.7602,174.8334,174.8934,173.9404,173.9735,173.9934,174,173.9934,172.9737,172.9407,172.8946,173.8344,173.7615,174.6736
65.75995,63.81136,61.87441,60.25831,58.33693,56.42774,54.53095,52.64673,50.77529,48.9168,47.07144,45.23939,43.65428,42.06585,40.69065,39.29531,37.87991,36.44452,35.17146,33.68775,32.18428,30.66116,29.26626,27.69545,26.23576,24.61761,22.98025,20.38305,18.11485,15.86235,13.96572,12.20738,10.68349,9.158792,7.633393,6.107412,4.554789,3.036719,1.518417,0,-1.518417,-3.019266,-4.528612,-6.037613,-7.589773,-9.106456,-10.68349
185.7004,185.3216,184.9231,185.456,185.0211,184.5668,184.0934,183.601,183.0898,182.56,182.0118,181.4453,181.8332,182.2072,183.5436,184.8699,186.1857,188.4724,189.7682,191.0527,192.3257,193.5869,195.8251,198.0536,199.2804,201.4869,202.6887,193.9318,188.1299,181.3074,177.4513,174.5737,174.6736,174.7602,174.8334,174.8934,173.9404,173.9735,173.9934,174,173.9934,173.9735,172.9407,172.8946,172.8353,173.7615,172.6773
65.75995,63.81136,61.87441,60.25831,58.33693,56.42774,54.53095,52.64673,50.77529,48.9168,47.07144,45.23939,43.65428,42.06585,40.69065,39.29531,37.87991,36.63533,35.17146,33.68775,32.18428,30.66116,29.26626,27.83462,26.23576,24.73948,23.09346,20.38305,18.11485,15.86235,13.96572,12.20738,10.68349,9.158792,7.633393,6.107412,4.554789,3.036719,1.518417,0,-1.518417,-3.036719,-4.528612,-6.037613,-7.546154,-9.106456,-10.5614
185.7004,185.3216,184.9231,185.456,185.0211,184.5668,184.0934,183.601,183.0898,182.56,182.0118,181.4453,180.8608,182.2072,182.5674,184.8699,186.1857,187.4908,189.7682,191.0527,192.3257,193.5869,195.8251,198.0536,199.2804,201.4869,201.6951,193.9318,187.1345,181.3074,176.4544,174.5737,174.6736,174.7602,174.8334,173.894,173.9404,173.9735,173.9934,174,173.9934,172.9737,172.9407,172.8946,173.8344,173.7615,173.6755
65.75995,63.81136,61.87441,60.25831,58.33693,56.42774,54.53095,52.64673,50.77529,48.9168,47.07144,45.23939,43.42084,42.06585,40.47421,39.29531,37.87991,36.44452,35.17146,33.68775,32.18428,30.66116,29.26626,27.83462,26.23576,24.73948,22.98025,20.38305,18.019,15.86235,13.88726,12.20738,10.68349,9.158792,7.633393,6.072512,4.554789,3.036719,1.518417,0,-1.518417,-3.019266,-4.528612,-6.037613,-7.589773,-9.106456,-10.62245
185.7004,186.2672,184.9231,185.456,185.0211,184.5668,184.0934,183.601,183.0898,182.56,182.0118,181.4453,181.8332,182.2072,183.5436,184.8699,186.1857,187.4908,189.7682,191.0527,192.3257,193.5869,195.8251,197.0633,199.2804,201.4869,201.6951,193.9318,188.1299,181.3074,176.4544,174.5737,174.6736,174.7602,174.8334,174.8934,173.9404,173.9735,173.9934,174,173.9934,173.9735,173.9404,172.8946,172.8353,173.7615,173.6755
65.75995,64.13693,61.87441,60.25831,58.33693,56.42774,54.53095,52.64673,50.77529,48.9168,47.07144,45.23939,43.65428,42.06585,40.69065,39.29531,37.87991,36.44452,35.17146,33.68775,32.18428,30.66116,29.26626,27.69545,26.23576,24.73948,22.98025,20.38305,18.11485,15.86235,13.88726,12.20738,10.68349,9.158792,7.633393,6.107412,4.554789,3.036719,1.518417,0,-1.518417,-3.036719,-4.554789,-6.037613,-7.546154,-9.106456,-10.62245
185.7004,185.3216,184.9231,185.456,185.0211,184.5668,184.0934,183.601,183.0898,182.56,182.0118,181.4453,181.8332,182.2072,183.5436,184.8699,186.1857,187.4908,189.7682,191.0527,192.3257,193.5869,195.8251,197.0633,199.2804,200.4943,201.6951,193.9318,188.1299,180.3112,176.4544,174.5737,174.6736,174.7602,174.8334,174.8934,173.9404,173.9735,173.9934,174,173.9934,172.9737,172.9407,172.8946,172.8353,173.7615,172.6773
65.75995,63.81136,61.87441,60.25831,58.33693,56.42774,54.53095,52.64673,50.77529,48.9168,47.07144,45.23939,43.65428,42.06585,40.69065,39.29531,37.87991,36.44452,35.17146,33.68775,32.18428,30.66116,29.26626,27.69545,26.23576,24.61761,22.98025,20.38305,18.11485,15.77519,13.88726,12.20738,10.68349,9.158792,7.633393,6.107412,4.554789,3.036719,1.518417,0,-1.518417,-3.019266,-4.528612,-6.037613,-7.546154,-9.106456,-10.5614
185.7004,185.3216,184.9231,185.456,185.0211,184.5668,184.0934,183.601,183.0898,182.56,182.0118,181.4453,181.8332,182.2072,183.5436,184.8699,186.1857,187.4908,189.7682,191.0527,192.3257,193.5869,195.8251,197.0633,199.2804,200.4943,201.6951,193.9318,188.1299,181.3074,176.4544,174.5737,174.6736,174.7602,174.8334,173.894,173.9404,173.9735,173.9934,174,173.9934,173.9735,172.9407,172.8946,172.8353,173.7615,170.6811
65.75995,63.81136,61.87441,60.25831,58.33693,56.42774,54.53095,52.64673,50.77529,48.9168,47.07144,45.23939,43.65428,42.06585,40.69065,39.29531,37.87991,36.44452,35.17146,33.68775,32.18428,30.66116,29.26626,27.69545,26.23576,24.61761,22.98025,20.38305,18.11485,15.86235,13.88726,12.20738,10.68349,9.158792,7.633393,6.072512,4.554789,3.036719,1.518417,0,-1.518417,-3.036719,-4.528612,-6.037613,-7.546154,-9.106456,-10.4393
185.7004,186.2672,184.9231,185.456,185.0211,184.5668,184.0934,183.601,183.0898,182.56,182.0118,182.4156,181.8332,182.2072,182.5674,184.8699,187.1656,187.4908,189.7682,191.0527,192.3257,193.5869,195.8251,197.0633,199.2804,200.4943,201.6951,193.9318,187.1345,180.3112,177.4513,174.5737,174.6736,174.7602,174.8334,174.8934,173.9404,173.9735,173.9934,174,173.9934,173.9735,173.9404,172.8946,172.8353,173.7615,172.6773
65.75995,64.13693,61.87441,60.25831,58.33693,56.42774,54.53095,52.64673,50.77529,48.9168,47.07144,45.48132,43.65428,42.06585,40.47421,39.29531,38.07928,36.44452,35.17146,33.68775,32.18428,30.66116,29.26626,27.69545,26.23576,24.61761,22.98025,20.38305,18.019,15.77519,13.96572,12.20738,10.68349,9.158792,7.633393,6.107412,4.554789,3.036719,1.518417,0,-1.518417,-3.036719,-4.554789,-6.037613,-7.546154,-9.106456,-10.5614
185.7004,185.3216,184.9231,185.456,185.0211,184.5668,184.0934,183.601,183.0898,183.5259,182.0118,181.4453,181.8332,182.2072,183.5436,184.8699,186.1857,187.4908,189.7682,191.0527,192.3257,193.5869,195.8251,197.0633,199.2804,200.4943,201.6951,193.9318,187.1345,180.3112,177.4513,174.5737,174.6736,174.7602,174.8334,173.894,173.9404,174.9733,173.9934,174,173.9934,172.9737,172.9407,172.8946,172.8353,173.7615,170.6811
65.75995,63.81136,61.87441,60.25831,58.33693,56.42774,54.53095,52.64673,50.77529,49.17562,47.07144,45.23939,43.65428,42.06585,40.69065,39.29531,37.87991,36.44452,35.17146,33.68775,32.18428,30.66116,29.26626,27.69545,26.23576,24.61761,22.98025,20.38305,18.019,15.77519,13.96572,12.20738,10.68349,9.158792,7.633393,6.072512,4.554789,3.054171,1.518417,0,-1.518417,-3.019266,-4.528612,-6.037613,-7.546154,-9.106456,-10.4393
185.7004,185.3216,184.9231,185.456,185.0211,184.5668,184.0934,183.601,183.0898,182.56,182.0118,181.4453,181.8332,182.2072,182.5674,184.8699,186.1857,187.4908,189.7682,191.0527,192.3257,193.5869,195.8251,197.0633,199.2804,200.4943,201.6951,193.9318,188.1299,180.3112,177.4513,174.5737,174.6736,174.7602,174.8334,174.8934,173.9404,173.9735,173.9934,174,173.9934,172.9737,172.9407,172.8946,172.8353,173.7615,171.6792
65.75995,63.81136,61.87441,60.25831,58.33693,56.42774,54.53095,52.64673,50.77529,48.9168,47.07144,45.23939,43.65428,42.06585,40.47421,39.29531,37.87991,36.44452,35.17146,33.68775,32.18428,30.66116,29.26626,27.69545,26.23576,24.61761,22.98025,20.38305,18.11485,15.77519,13.96572,12.20738,10.68349,9.158792,7.633393,6.107412,4.554789,3.036719,1.518417,0,-1.518417,-3.019266,-4.528612,-6.037613,-7.546154,-9.106456,-10.50035
185.7004,185.3216,184.9231,185.456,185.0211,184.5668,184.0934,183.601,183.0898,182.56,182.0118,181.4453,181.8332,182.2072,182.5674,184.8699,186.1857,187.4908,189.7682,191.0527,192.3257,193.5869,195.8251,198.0536,199.2804,200.4943,201.6951,193.9318,187.1345,180.3112,177.4513,174.5737,174.6736,174.7602,174.8334,174.8934,173.9404,173.9735,173.9934,174,173.9934,173.9735,172.9407,172.8946,172.8353,173.7615,172.6773
65.75995,63.81136,61.87441,60.25831,58.33693,56.42774,54.53095,52.64673,50.77529,48.9168,47.07144,45.23939,43.65428,42.06585,40.47421,39.29531,37.87991,36.44452,35.17146,33.68775,32.18428,30.66116,29.26626,27.83462,26.23576,24.61761,22.98025,20.38305,18.019,15.77519,13.96572,12.20738,10.68349,9.158792,7.633393,6.107412,4.554789,3.036719,1.518417,0,-1.518417,-3.036719,-4.528612,-6.037613,-7.546154,-9.106456,-10.5614
185.7004,186.2672,184.9231,185.456,185.0211,184.5668,184.0934,183.601,183.0898,182.56,182.0118,181.4453,180.8608,181.2328,182.5674,184.8699,186.1857,187.4908,189.7682,191.0527,192.3257,193.5869,195.8251,197.0633,199.2804,200.4943,201.6951,193.9318,187.1345,180.3112,177.4513,174.5737,174.6736,174.7602,174.8334,174.8934,173.9404,173.9735,173.9934,174,173.9934,173.9735,172.9407,172.8946,172.8353,173.7615,172.6773
65.75995,64.13693,61.87441,60.25831,58.33693,56.42774,54.53095,52.64673,50.77529,48.9168,47.07144,45.23939,43.42084,41.8409,40.47421,39.29531,37.87991,36.44452,35.17146,33.68775,32.18428,30.66116,29.26626,27.69545,26.23576,24.61761,22.98025,20.38305,18.019,15.77519,13.96572,12.20738,10.68349,9.158792,7.633393,6.107412,4.554789,3.036719,1.518417,0,-1.518417,-3.036719,-4.528612,-6.037613,-7.546154,-9.106456,-10.5614
185.7004,185.3216,184.9231,185.456,185.0211,184.5668,184.0934,184.5622,183.0898,182.56,182.0118,181.4453,181.8332,182.2072,183.5436,183.8917,186.1857,187.4908,189.7682,191.0527,192.3257,193.5869,195.8251,197.0633,199.2804,200.4943,201.6951,193.9318,187.1345,180.3112,177.4513,174.5737,174.6736,174.7602,174.8334,174.8934,173.9404,173.9735,173.9934,174,173.9934,173.9735,172.9407,172.8946,172.8353,173.7615,172.6773
65.75995,63.81136,61.87441,60.25831,58.33693,56.42774,54.53095,52.92237,50.77529,48.9168,47.07144,45.23939,43.65428,42.06585,40.69065,39.0874,37.87991,36.44452,35.17146,33.68775,32.18428,30.66116,29.26626,27.69545,26.23576,24.61761,22.98025,20.38305,18.019,15.77519,13.96572,12.20738,10.68349,9.158792,7.633393,6.107412,4.554789,3.036719,1.518417,0,-1.518417,-3.036719,-4.528612,-6.037613,-7.546154,-9.106456,-10.5614
185.7004,186.2672,184.9231,185.456,185.0211,184.5668,184.0934,183.601,183.0898,182.56,182.0118,181.4453,180.8608,182.2072,183.5436,184.8699,186.1857,187.4908,189.7682,191.0527,192.3257,193.5869,195.8251,198.0536,199.2804,200.4943,201.6951,193.9318,187.1345,180.3112,177.4513,174.5737,174.6736,174.7602,174.8334,173.894,173.9404,173.9735,173.9934,174,173.9934,173.9735,172.9407,172.8946,172.8353,173.7615,174.6736
65.75995,64.13693,61.87441,60.25831,58.33693,56.42774,54.53095,52.64673,50.77529,48.9168,47.07144,45.23939,43.42084,42.06585,40.69065,39.29531,37.87991,36.44452,35.17146,33.68775,32.18428,30.66116,29.26626,27.83462,26.23576,24.61761,22.98025,20.38305,18.019,15.77519,13.96572,12.20738,10.68349,9.158792,7.633393,6.072512,4.554789,3.036719,1.518417,0,-1.518417,-3.036719,-4.528612,-6.037613,-7.546154,-9.106456,-10.68349
185.7004,186.2672,185.8714,185.456,185.0211,184.5668,184.0934,183.601,183.0898,182.56,182.0118,181.4453,181.8332,182.2072,183.5436,184.8699,186.1857,187.4908,189.7682,191.0527,192.3257,193.5869,195.8251,197.0633,199.2804,200.4943,201.6951,193.9318,187.1345,180.3112,176.4544,174.5737,174.6736,174.7602,174.8334,174.8934,173.9404,173.9735,173.9934,174,173.9934,173.9735,172.9407,172.8946,172.8353,173.7615,172.6773
65.75995,64.13693,62.19171,60.25831,58.33693,56.42774,54.53095,52.64673,50.77529,48.9168,47.07144,45.23939,43.65428,42.06585,40.69065,39.29531,37.87991,36.44452,35.17146,33.68775,32.18428,30.66116,29.26626,27.69545,26.23576,24.61761,22.98025,20.38305,18.019,15.77519,13.88726,12.20738,10.68349,9.158792,7.633393,6.107412,4.554789,3.036719,1.518417,0,-1.518417,-3.036719,-4.528612,-6.037613,-7.546154,-9.106456,-10.5614
185.7004,185.3216,184.9231,185.456,185.0211,184.5668,184.0934,183.601,183.0898,182.56,182.9799,181.4453,180.8608,181.2328,182.5674,184.8699,186.1857,187.4908,189.7682,191.0527,192.3257,193.5869,195.8251,198.0536,199.2804,201.4869,201.6951,193.9318,187.1345,181.3074,177.4513,174.5737,174.6736,174.7602,174.8334,174.8934,173.9404,173.9735,173.9934,174,173.9934,172.9737,172.9407,172.8946,172.8353,173.7615,173.6755
65.75995,63.81136,61.87441,60.25831,58.33693,56.42774,54.53095,52.64673,50.77529,48.9168,47.32182,45.23939,43.42084,41.8409,40.47421,39.29531,37.87991,36.44452,35.17146,33.68775,32.18428,30.66116,29.26626,27.83462,26.23576,24.73948,22.98025,20.38305,18.019,15.86235,13.96572,12.20738,10.68349,9.158792,7.633393,6.107412,4.554789,3.036719,1.518417,0,-1.518417,-3.019266,-4.528612,-6.037613,-7.546154,-9.106456,-10.62245
185.7004,185.3216,184.9231,185.456,185.0211,184.5668,184.0934,183.601,183.0898,182.56,182.0118,181.4453,181.8332,182.2072,183.5436,184.8699,186.1857,187.4908,189.7682,191.0527,192.3257,193.5869,195.8251,197.0633,199.2804,201.4869,201.6951,193.9318,188.1299,181.3074,177.4513,174.5737,174.6736,174.7602,174.8334,173.894,174.94,173.9735,173.9934,174,173.9934,173.9735,173.9404,172.8946,172.8353,173.7615,172.6773
65.75995,63.81136,61.87441,60.25831,58.33693,56.42774,54.53095,52.64673,50.77529,48.9168,47.07144,45.23939,43.65428,42.06585,40.69065,39.29531,37.87991,36.44452,35.17146,33.68775,32.18428,30.66116,29.26626,27.69545,26.23576,24.73948,22.98025,20.38305,18.11485,15.86235,13.96572,12.20738,10.68349,9.158792,7.633393,6.072512,4.580966,3.036719,1.518417,0,-1.518417,-3.036719,-4.554789,-6.037613,-7.546154,-9.106456,-10.5614
185.7004,186.2672,184.9231,185.456,185.0211,184.5668,184.0934,183.601,183.0898,182.56,182.0118,181.4453,181.8332,182.2072,183.5436,184.8699,186.1857,187.4908,189.7682,191.0527,192.3257,193.5869,195.8251,198.0536,199.2804,200.4943,201.6951,193.9318,187.1345,180.3112,177.4513,174.5737,174.6736,174.7602,174.8334,174.8934,173.9404,173.9735,173.9934,174,173.9934,172.9737,172.9407,172.8946,172.8353,173.7615,172.6773
65.75995,64.13693,61.87441,60.25831,58.33693,56.42774,54.53095,52.64673,50.77529,48.9168,47.07144,45.23939,43.65428,42.06585,40.69065,39.29531,37.87991,36.44452,35.17146,33.68775,32.18428,30.66116,29.26626,27.83462,26.23576,24.61761,22.98025,20.38305,18.019,15.77519,13.96572,12.20738,10.68349,9.158792,7.633393,6.107412,4.554789,3.036719,1.518417,0,-1.518417,-3.019266,-4.528612,-6.037613,-7.546154,-9.106456,-10.5614
185.7004,186.2672,184.9231,185.456,185.0211,184.5668,184.0934,183.601,183.0898,182.56,182.0118,181.4453,181.8332,182.2072,183.5436,183.8917,186.1857,188.4724,189.7682,191.0527,192.3257,193.5869,195.8251,198.0536,199.2804,200.4943,201.6951,193.9318,187.1345,180.3112,176.4544,174.5737,174.6736,174.7602,174.8334,174.8934,173.9404,173.9735,173.9934,174,173.9934,173.9735,173.9404,172.8946,172.8353,173.7615,173.6755
65.75995,64.13693,61.87441,60.25831,58.33693,56.42774,54.53095,52.64673,50.77529,48.9168,47.07144,45.23939,43.65428,42.06585,40.69065,39.0874,37.87991,36.63533,35.17146,33.68775,32.18428,30.66116,29.26626,27.83462,26.23576,24.61761,22.98025,20.38305,18.019,15.77519,13.88726,12.20738,10.68349,9.158792,7.633393,6.107412,4.554789,3.036719,1.518417,0,-1.518417,-3.036719,-4.554789,-6.037613,-7.546154,-9.106456,-10.62245
185.7004,185.3216,185.8714,185.456,185.0211,184.5668,184.0934,183.601,183.0898,183.5259,182.0118,181.4453,181.8332,181.2328,183.5436,184.8699,186.1857,187.4908,189.7682,191.0527,192.3257,193.5869,195.8251,197.0633,199.2804,200.4943,201.6951,193.9318,187.1345,180.3112,177.4513,174.5737,174.6736,174.7602,174.8334,174.8934,173.9404,173.9735,173.9934,174,173.9934,172.9737,172.9407,172.8946,172.8353,173.7615,171.6792
65.75995,63.81136,62.19171,60.25831,58.33693,56.42774,54.53095,52.64673,50.77529,49.17562,47.07144,45.23939,43.65428,41.8409,40.69065,39.29531,37.87991,36.44452,35.17146,33.68775,32.18428,30.66116,29.26626,27.69545,26.23576,24.61761,22.98025,20.38305,18.019,15.77519,13.96572,12.20738,10.68349,9.158792,7.633393,6.107412,4.554789,3.036719,1.518417,0,-1.518417,-3.019266,-4.528612,-6.037613,-7.546154,-9.106456,-10.50035
185.7004,186.2672,184.9231,185.456,185.0211,184.5668,184.0934,183.601,183.0898,182.56,182.0118,181.4453,181.8332,182.2072,183.5436,184.8699,186.1857,187.4908,189.7682,191.0527,192.3257,193.5869,195.8251,197.0633,199.2804,200.4943,201.6951,193.9318,187.1345,181.3074,176.4544,174.5737,174.6736,174.7602,174.8334,174.8934,173.9404,173.9735,173.9934,174,173.9934,172.9737,173.9404,172.8946,172.8353,173.7615,172.6773
65.75995,64.13693,61.87441,60.25831,58.33693,56.42774,54.53095,52.64673,50.77529,48.9168,47.07144,45.23939,43.65428,42.06585,40.69065,39.29531,37.87991,36.44452,35.17146,33.68775,32.18428,30.66116,29.26626,27.69545,26.23576,24.61761,22.98025,20.38305,18.019,15.86235,13.88726,12.20738,10.68349,9.158792,7.633393,6.107412,4.554789,3.036719,1.518417,0,-1.518417,-3.019266,-4.554789,-6.037613,-7.546154,-9.106456,-10.5614
185.7004,186.2672,184.9231,185.456,185.0211,184.5668,184.0934,183.601,183.0898,182.56,182.0118,181.4453,181.8332,181.2328,183.5436,184.8699,186.1857,187.4908,189.7682,191.0527,192.3257,193.5869,195.8251,198.0536,199.2804,200.4943,201.6951,193.9318,187.1345,180.3112,176.4544,174.5737,174.6736,174.7602,174.8334,174.8934,174.94,174.9733,173.9934,174,173.9934,173.9735,172.9407,173.894,172.8353,173.7615,171.6792
65.75995,64.13693,61.87441,60.25831,58.33693,56.42774,54.53095,52.64673,50.77529,48.9168,47.07144,45.23939,43.65428,41.8409,40.69065,39.29531,37.87991,36.44452,35.17146,33.68775,32.18428,30.66116,29.26626,27.83462,26.23576,24.61761,22.98025,20.38305,18.019,15.77519,13.88726,12.20738,10.68349,9.158792,7.633393,6.107412,4.580966,3.054171,1.518417,0,-1.518417,-3.036719,-4.528612,-6.072512,-7.546154,-9.106456,-10.50035
185.7004,186.2672,184.9231,185.456,185.0211,184.5668,184.0934,183.601,183.0898,182.56,182.0118,181.4453,180.8608,182.2072,183.5436,184.8699,186.1857,187.4908,189.7682,191.0527,192.3257,193.5869,195.8251,198.0536,198.289,200.4943,201.6951,193.9318,187.1345,180.3112,176.4544,174.5737,174.6736,174.7602,174.8334,173.894,173.9404,173.9735,173.9934,174,173.9934,172.9737,172.9407,172.8946,172.8353,173.7615,173.6755
65.75995,64.13693,61.87441,60.25831,58.33693,56.42774,54.53095,52.64673,50.77529,48.9168,47.07144,45.23939,43.42084,42.06585,40.69065,39.29531,37.87991,36.44452,35.17146,33.68775,32.18428,30.66116,29.26626,27.83462,26.10524,24.61761,22.98025,20.38305,18.019,15.77519,13.88726,12.20738,10.68349,9.158792,7.633393,6.072512,4.554789,3.036719,1.518417,0,-1.518417,-3.019266,-4.528612,-6.037613,-7.546154,-9.106456,-10.62245
185.7004,185.3216,184.9231,185.456,185.0211,184.5668,184.0934,183.601,183.0898,182.56,182.0118,181.4453,181.8332,182.2072,183.5436,184.8699,186.1857,187.4908,189.7682,191.0527,192.3257,193.5869,195.8251,197.0633,199.2804,200.4943,201.6951,193.9318,187.1345,180.3112,176.4544,174.5737,174.6736,174.7602,174.8334,174.8934,173.9404,173.9735,173.9934,174,173.9934,173.9735,173.9404,172.8946,172.8353,173.7615,172.6773
65.75995,63.81136,61.87441,60.25831,58.33693,56.42774,54.53095,52.64673,50.77529,48.9168,47.07144,45.23939,43.65428,42.06585,40.69065,39.29531,37.87991,36.44452,35.17146,33.68775,32.18428,30.66116,29.26626,27.69545,26.23576,24.61761,22.98025,20.38305,18.019,15.77519,13.88726,12.20738,10.68349,9.158792,7.633393,6.107412,4.554789,3.036719,1.518417,0,-1.518417,-3.036719,-4.554789,-6.037613,-7.546154,-9.106456,-10.5614
185.7004,185.3216,184.9231,185.456,185.0211,184.5668,184.0934,183.601,183.0898,182.56,182.0118,181.4453,181.8332,182.2072,182.5674,184.8699,186.1857,187.4908,189.7682,191.0527,192.3257,193.5869,195.8251,197.0633,199.2804,200.4943,201.6951,193.9318,188.1299,180.3112,176.4544,174.5737,174.6736,174.7602,174.8334,174.8934,173.9404,173.9735,173.9934,174,173.9934,172.9737,172.9407,172.8946,172.8353,173.7615,176.6699
65.75995,63.81136,61.87441,60.25831,58.33693,56.42774,54.53095,52.64673,50.77529,48.9168,47.07144,45.23939,43.65428,42.06585,40.47421,39.29531,37.87991,36.44452,35.17146,33.68775,32.18428,30.66116,29.26626,27.69545,26.23576,24.61761,22.98025,20.38305,18.11485,15.77519,13.88726,12.20738,10.68349,9.158792,7.633393,6.107412,4.554789,3.036719,1.518417,0,-1.518417,-3.019266,-4.528612,-6.037613,-7.546154,-9.106456,-10.80559
185.7004,185.3216,184.9231,185.456,185.0211,184.5668,184.0934,183.601,183.0898,182.56,182.0118,181.4453,181.8332,182.2072,183.5436,184.8699,186.1857,187.4908,189.7682,191.0527,192.3257,193.5869,195.8251,197.0633,199.2804,200.4943,201.6951,193.9318,188.1299,181.3074,177.4513,174.5737,174.6736,174.7602,174.8334,173.894,174.94,173.9735,173.9934,174,173.9934,173.9735,172.9407,172.8946,172.8353,173.7615,174.6736
65.75995,63.81136,61.87441,60.25831,58.33693,56.42774,54.53095,52.64673,50.77529,48.9168,47.07144,45.23939,43.65428,42.06585,40.69065,39.29531,37.87991,36.44452,35.17146,33.68775,32.18428,30.66116,29.26626,27.69545,26.23576,24.61761,22.98025,20.38305,18.11485,15.86235,13.96572,12.20738,10.68349,9.158792,7.633393,6.072512,4.580966,3.036719,1.518417,0,-1.518417,-3.036719,-4.528612,-6.037613,-7.546154,-9.106456,-10.68349
185.7004,185.3216,184.9231,185.456,185.0211,184.5668,184.0934,183.601,183.0898,182.56,182.0118,181.4453,181.8332,182.2072,183.5436,184.8699,186.1857,188.4724,189.7682,191.0527,192.3257,193.5869,195.8251,197.0633,199.2804,200.4943,201.6951,193.9318,187.1345,181.3074,177.4513,174.5737,174.6736,174.7602,174.8334,174.8934,173.9404,173.9735,173.9934,174,173.9934,173.9735,172.9407,172.8946,172.8353,173.7615,173.6755
65.75995,63.81136,61.87441,60.25831,58.33693,56.42774,54.53095,52.64673,50.77529,48.9168,47.07144,45.23939,43.65428,42.06585,40.69065,39.29531,37.87991,36.63533,35.17146,33.68775,32.18428,30.66116,29.26626,27.69545,26.23576,24.61761,22.98025,20.38305,18.019,15.86235,13.96572,12.20738,10.68349,9.158792,7.633393,6.107412,4.554789,3.036719,1.518417,0,-1.518417,-3.036719,-4.528612,-6.037613,-7.546154,-9.106456,-10.62245
185.7004,185.3216,184.9231,185.456,185.0211,184.5668,184.0934,183.601,183.0898,182.56,182.0118,181.4453,181.8332,182.2072,183.5436,184.8699,186.1857,187.4908,189.7682,191.0527,192.3257,193.5869,195.8251,197.0633,199.2804,200.4943,201.6951,193.9318,187.1345,180.3112,176.4544,174.5737,174.6736,174.7602,174.8334,173.894,173.9404,173.9735,173.9934,174,173.9934,173.9735,172.9407,172.8946,172.8353,173.7615,172.6773
65.75995,63.81136,61.87441,60.25831,58.33693,56.42774,54.53095,52.64673,50.77529,48.9168,47.07144,45.23939,43.65428,42.06585,40.69065,39.29531,37.87991,36.44452,35.17146,33.68775,32.18428,30.66116,29.26626,27.69545,26.23576,24.61761,22.98025,20.38305,18.019,15.77519,13.88726,12.20738,10.68349,9.158792,7.633393,6.072512,4.554789,3.036719,1.518417,0,-1.518417,-3.036719,-4.528612,-6.037613,-7.546154,-9.106456,-10.5614
185.7004,185.3216,184.9231,185.456,185.0211,184.5668,184.0934,183.601,183.0898,182.56,182.0118,181.4453,181.8332,182.2072,183.5436,184.8699,186.1857,187.4908,189.7682,191.0527,192.3257,193.5869,195.8251,197.0633,199.2804,200.4943,201.6951,194.9263,187.1345,181.3074,176.4544,174.5737,174.6736,174.7602,174.8334,173.894,173.9404,173.9735,173.9934,174,173.9934,173.9735,172.9407,172.8946,173.8344,172.7629,170.6811
65.75995,63.81136,61.87441,60.25831,58.33693,56.42774,54.53095,52.64673,50.77529,48.9168,47.07144,45.23939,43.65428,42.06585,40.69065,39.29531,37.87991,36.44452,35.17146,33.68775,32.18428,30.66116,29.26626,27.69545,26.23576,24.61761,22.98025,20.48758,18.019,15.86235,13.88726,12.20738,10.68349,9.158792,7.633393,6.072512,4.554789,3.036719,1.518417,0,-1.518417,-3.036719,-4.528612,-6.037613,-7.589773,-9.05412,-10.4393
185.7004,186.2672,184.9231,185.456,185.0211,184.5668,184.0934,183.601,183.0898,182.56,182.0118,181.4453,181.8332,182.2072,183.5436,184.8699,186.1857,187.4908,189.7682,191.0527,192.3257,193.5869,195.8251,198.0536,199.2804,200.4943,201.6951,193.9318,188.1299,181.3074,176.4544,174.5737,174.6736,174.7602,174.8334,174.8934,173.9404,173.9735,173.9934,174,172.9934,173.9735,172.9407,172.8946,172.8353,173.7615,176.6699
65.75995,64.13693,61.87441,60.25831,58.33693,56.42774,54.53095,52.64673,50.77529,48.9168,47.07144,45.23939,43.65428,42.06585,40.69065,39.29531,37.87991,36.44452,35.17146,33.68775,32.18428,30.66116,29.26626,27.83462,26.23576,24.61761,22.98025,20.38305,18.11485,15.86235,13.88726,12.20738,10.68349,9.158792,7.633393,6.107412,4.554789,3.036719,1.518417,0,-1.509691,-3.036719,-4.528612,-6.037613,-7.546154,-9.106456,-10.80559
