129.64,120.8549,120.8441,121.4468,122.027,122.5847,123.12,123.633,124.1237,124.5922,125.7332,126.1637,126.5721,126.9586,128.0425,129.842,132.375,133.4472,134.5092,137.0589,138.8666,141.4355,143.2503,145.0654,146.8806,149.4782,151.2981,153.1172,150.9421,146.3019,142.387,136.7714,136.7984,136.8049,137.6202,138.425,138.3806,139.1596,139.9279,140.6856,141.4326,142.1688,142.0282,142.7383,143.4376,144.126,144.8034,144.5828,147.0161
160.0921,146.6087,144.0164,142.1959,140.376,138.5568,136.7386,134.9218,133.1064,131.2928,130.2005,128.3851,126.5721,124.7618,123.6492,123.2155,123.4417,122.2818,121.1126,121.2595,120.7149,120.7973,120.2013,119.5827,118.9416,118.9003,118.207,117.491,113.743,108.2577,103.4502,97.5581,95.78726,94.02344,92.82602,91.62154,89.86544,88.65444,87.43668,86.21226,84.98128,83.74383,82,80.75746,79.50878,78.25404,76.99334,75.26502,74.90843
131.528,121.4909,120.8441,121.4468,122.027,123.2473,122.4509,122.9574,123.4417,124.5922,126.4278,125.4628,125.865,126.9586,128.0425,129.842,131.6437,133.4472,134.5092,137.0589,138.8666,141.4355,143.2503,145.0654,146.8806,149.4782,151.2981,153.9105,151.7407,146.3019,141.578,137.5855,136.7984,136.8049,137.6202,138.425,138.3806,139.1596,139.9279,140.6856,141.4326,142.1688,142.8942,142.7383,144.3123,144.126,144.8034,144.5828,147.0161
162.4235,147.3803,144.0164,142.1959,140.376,139.3058,135.9955,134.1845,132.375,131.2928,130.9198,127.6718,125.865,124.7618,123.6492,123.2155,122.7597,122.2818,121.1126,121.2595,120.7149,120.7973,120.2013,119.5827,118.9416,118.9003,118.207,118.0997,114.3449,108.2577,102.8624,98.1388,95.78726,94.02344,92.82602,91.62154,89.86544,88.65444,87.43668,86.21226,84.98128,83.74383,82.5,80.75746,79.99359,78.25404,76.99334,75.26502,74.90843
129.0107,120.8549,120.8441,121.4468,122.027,122.5847,122.4509,123.633,123.4417,124.5922,125.0385,125.4628,127.2792,126.9586,128.0425,129.842,131.6437,133.4472,135.2524,137.0589,138.8666,140.6751,142.4843,145.0654,146.8806,149.4782,151.2981,153.9105,151.7407,146.3019,141.578,137.5855,135.9792,136.8049,137.6202,138.425,138.3806,139.1596,139.9279,140.6856,141.4326,142.1688,142.0282,142.7383,143.4376,144.126,144.8034,144.5828,147.0161
159.3149,146.6087,144.0164,142.1959,140.376,138.5568,135.9955,134.9218,132.375,131.2928,129.4812,127.6718,127.2792,124.7618,123.6492,123.2155,122.7597,122.2818,121.7818,121.2595,120.7149,120.1479,119.5585,119.5827,118.9416,118.9003,118.207,118.0997,114.3449,108.2577,102.8624,98.1388,95.21369,94.02344,92.82602,91.62154,89.86544,88.65444,87.43668,86.21226,84.98128,83.74383,82,80.75746,79.50878,78.25404,76.99334,75.26502,74.90843
129.64,120.8549,120.8441,121.4468,122.683,123.2473,122.4509,123.633,123.4417,124.5922,125.7332,126.1637,127.2792,126.9586,128.0425,129.842,131.6437,133.4472,135.2524,137.0589,138.8666,141.4355,143.2503,145.0654,146.8806,149.4782,151.2981,153.9105,150.9421,146.3019,142.387,137.5855,136.7984,137.6291,137.6202,138.425,138.3806,139.1596,139.9279,140.6856,141.4326,142.1688,142.0282,142.7383,143.4376,144.126,144.8034,145.4698,147.9071
160.0921,146.6087,144.0164,142.1959,141.1307,139.3058,135.9955,134.9218,132.375,131.2928,130.2005,128.3851,127.2792,124.7618,123.6492,123.2155,122.7597,122.2818,121.7818,121.2595,120.7149,120.7973,120.2013,119.5827,118.9416,118.9003,118.207,118.0997,113.743,108.2577,103.4502,98.1388,95.78726,94.58984,92.82602,91.62154,89.86544,88.65444,87.43668,86.21226,84.98128,83.74383,82,80.75746,79.50878,78.25404,76.99334,75.72677,75.36242
130.8986,120.8549,120.8441,121.4468,122.027,122.5847,122.4509,123.633,123.4417,124.5922,125.7332,126.1637,126.5721,126.9586,128.0425,129.842,131.6437,133.4472,135.2524,137.0589,138.8666,141.4355,143.2503,145.0654,146.8806,149.4782,151.2981,153.9105,150.9421,146.3019,141.578,137.5855,135.9792,136.8049,137.6202,137.5912,138.3806,139.1596,139.9279,140.6856,141.4326,141.3072,142.8942,142.7383,143.4376,144.126,144.8034,144.5828,147.9071
161.6464,146.6087,144.0164,142.1959,140.376,138.5568,135.9955,134.9218,132.375,131.2928,130.2005,128.3851,126.5721,124.7618,123.6492,123.2155,122.7597,122.2818,121.7818,121.2595,120.7149,120.7973,120.2013,119.5827,118.9416,118.9003,118.207,118.0997,113.743,108.2577,102.8624,98.1388,95.21369,94.02344,92.82602,91.0696,89.86544,88.65444,87.43668,86.21226,84.98128,83.23629,82.5,80.75746,79.50878,78.25404,76.99334,75.26502,75.36242
130.2693,121.4909,120.8441,121.4468,122.027,122.5847,122.4509,123.633,124.1237,124.5922,125.7332,125.4628,126.5721,126.9586,128.0425,129.842,131.6437,133.4472,135.2524,137.0589,138.8666,140.6751,143.2503,145.837,146.8806,149.4782,151.2981,153.1172,150.9421,146.3019,142.387,137.5855,135.9792,136.8049,137.6202,138.425,138.3806,139.1596,139.9279,140.6856,141.4326,141.3072,142.0282,142.7383,143.4376,144.126,144.8034,144.5828,146.1251
160.8692,147.3803,144.0164,142.1959,140.376,138.5568,135.9955,134.9218,133.1064,131.2928,130.2005,127.6718,126.5721,124.7618,123.6492,123.2155,122.7597,122.2818,121.7818,121.2595,120.7149,120.1479,120.2013,120.2188,118.9416,118.9003,118.207,117.491,113.743,108.2577,103.4502,98.1388,95.21369,94.02344,92.82602,91.62154,89.86544,88.65444,87.43668,86.21226,84.98128,83.23629,82,80.75746,79.50878,78.25404,76.99334,75.26502,74.45444
131.528,120.8549,120.8441,121.4468,122.027,123.2473,122.4509,122.9574,123.4417,124.5922,125.7332,125.4628,127.2792,126.9586,128.7618,129.842,131.6437,133.4472,134.5092,137.0589,138.8666,141.4355,143.2503,145.0654,147.6577,149.4782,151.2981,153.1172,150.9421,146.3019,142.387,137.5855,135.9792,137.6291,137.6202,138.425,138.3806,139.1596,139.9279,140.6856,141.4326,142.1688,142.0282,142.7383,143.4376,144.126,144.8034,144.5828,147.0161
162.4235,146.6087,144.0164,142.1959,140.376,139.3058,135.9955,134.1845,132.375,131.2928,130.2005,127.6718,127.2792,124.7618,124.3438,123.2155,122.7597,122.2818,121.1126,121.2595,120.7149,120.7973,120.2013,119.5827,119.5709,118.9003,118.207,117.491,113.743,108.2577,103.4502,98.1388,95.21369,94.58984,92.82602,91.62154,89.86544,88.65444,87.43668,86.21226,84.98128,83.74383,82,80.75746,79.50878,78.25404,76.99334,75.26502,74.90843
129.64,120.8549,120.8441,121.4468,122.027,122.5847,123.12,123.633,123.4417,124.5922,125.7332,126.1637,126.5721,126.9586,128.0425,129.842,131.6437,133.4472,135.2524,137.0589,138.8666,140.6751,143.2503,145.0654,146.8806,149.4782,151.2981,153.1172,150.9421,146.3019,142.387,138.3996,135.9792,136.8049,137.6202,138.425,139.2193,139.1596,139.9279,140.6856,141.4326,142.1688,142.0282,142.7383,143.4376,144.126,144.8034,145.4698,146.1251
160.0921,146.6087,144.0164,142.1959,140.376,138.5568,136.7386,134.9218,132.375,131.2928,130.2005,128.3851,126.5721,124.7618,123.6492,123.2155,122.7597,122.2818,121.7818,121.2595,120.7149,120.1479,120.2013,119.5827,118.9416,118.9003,118.207,117.491,113.743,108.2577,103.4502,98.7195,95.21369,94.02344,92.82602,91.62154,90.41008,88.65444,87.43668,86.21226,84.98128,83.74383,82,80.75746,79.50878,78.25404,76.99334,75.72677,74.45444
130.8986,121.4909,120.8441,121.4468,122.027,122.5847,123.12,123.633,124.1237,124.5922,125.7332,126.1637,126.5721,126.9586,128.0425,129.842,132.375,133.4472,134.5092,137.0589,138.8666,140.6751,143.2503,145.0654,146.8806,149.4782,151.2981,153.9105,150.9421,146.3019,141.578,137.5855,135.9792,136.8049,137.6202,138.425,139.2193,139.1596,139.9279,140.6856,141.4326,142.1688,142.0282,142.7383,143.4376,144.126,144.8034,144.5828,146.1251
161.6464,147.3803,144.0164,142.1959,140.376,138.5568,136.7386,134.9218,133.1064,131.2928,130.2005,128.3851,126.5721,124.7618,123.6492,123.2155,123.4417,122.2818,121.1126,121.2595,120.7149,120.1479,120.2013,119.5827,118.9416,118.9003,118.207,118.0997,113.743,108.2577,102.8624,98.1388,95.21369,94.02344,92.82602,91.62154,90.41008,88.65444,87.43668,86.21226,84.98128,83.74383,82,80.75746,79.50878,78.25404,76.99334,75.26502,74.45444
130.2693,121.4909,120.8441,121.4468,122.027,122.5847,123.12,122.9574,123.4417,124.5922,125.7332,125.4628,126.5721,126.9586,128.0425,129.842,131.6437,133.4472,134.5092,137.0589,138.8666,141.4355,143.2503,145.0654,147.6577,149.4782,151.2981,153.9105,150.9421,146.3019,142.387,137.5855,135.9792,137.6291,137.6202,138.425,139.2193,139.1596,139.9279,140.6856,141.4326,142.1688,142.8942,142.7383,143.4376,144.126,144.8034,144.5828,147.0161
160.8692,147.3803,144.0164,142.1959,140.376,138.5568,136.7386,134.1845,132.375,131.2928,130.2005,127.6718,126.5721,124.7618,123.6492,123.2155,122.7597,122.2818,121.1126,121.2595,120.7149,120.7973,120.2013,119.5827,119.5709,118.9003,118.207,118.0997,113.743,108.2577,103.4502,98.1388,95.21369,94.58984,92.82602,91.62154,90.41008,88.65444,87.43668,86.21226,84.98128,83.74383,82.5,80.75746,79.50878,78.25404,76.99334,75.26502,74.90843
129.64,120.8549,120.8441,121.4468,122.027,122.5847,123.12,122.9574,123.4417,124.5922,125.7332,125.4628,126.5721,126.9586,128.0425,129.842,131.6437,133.4472,135.2524,137.0589,138.8666,141.4355,143.2503,145.0654,147.6577,149.4782,151.2981,153.9105,150.9421,146.3019,142.387,137.5855,135.9792,137.6291,137.6202,138.425,139.2193,139.1596,139.9279,140.6856,141.4326,142.1688,142.0282,142.7383,143.4376,144.126,144.8034,144.5828,147.0161
160.0921,146.6087,144.0164,142.1959,140.376,138.5568,136.7386,134.1845,132.375,131.2928,130.2005,127.6718,126.5721,124.7618,123.6492,123.2155,122.7597,122.2818,121.7818,121.2595,120.7149,120.7973,120.2013,119.5827,119.5709,118.9003,118.207,118.0997,113.743,108.2577,103.4502,98.1388,95.21369,94.58984,92.82602,91.62154,90.41008,88.65444,87.43668,86.21226,84.98128,83.74383,82,80.75746,79.50878,78.25404,76.99334,75.26502,74.90843
129.64,121.4909,120.8441,121.4468,122.027,122.5847,122.4509,124.3086,123.4417,124.5922,125.0385,126.1637,126.5721,126.9586,128.0425,129.842,131.6437,133.4472,135.2524,137.0589,138.8666,140.6751,143.2503,145.0654,147.6577,149.4782,151.2981,153.9105,151.7407,146.3019,142.387,137.5855,135.9792,136.8049,137.6202,138.425,138.3806,139.1596,139.9279,140.6856,141.4326,142.1688,142.8942,142.7383,143.4376,144.126,144.8034,144.5828,147.0161
160.0921,147.3803,144.0164,142.1959,140.376,138.5568,135.9955,135.659,132.375,131.2928,129.4812,128.3851,126.5721,124.7618,123.6492,123.2155,122.7597,122.2818,121.7818,121.2595,120.7149,120.1479,120.2013,119.5827,119.5709,118.9003,118.207,118.0997,114.3449,108.2577,103.4502,98.1388,95.21369,94.02344,92.82602,91.62154,89.86544,88.65444,87.43668,86.21226,84.98128,83.74383,82.5,80.75746,79.50878,78.25404,76.99334,75.26502,74.90843
130.2693,120.8549,120.8441,121.4468,122.027,122.5847,123.12,122.9574,124.1237,124.5922,125.0385,125.4628,126.5721,126.9586,128.0425,129.842,131.6437,133.4472,134.5092,137.0589,138.8666,141.4355,143.2503,145.837,147.6577,149.4782,151.2981,153.9105,151.7407,146.3019,142.387,137.5855,135.9792,136.8049,137.6202,138.425,138.3806,139.1596,139.9279,140.6856,141.4326,142.1688,142.0282,142.7383,143.4376,144.126,144.8034,144.5828,148.7981
160.8692,146.6087,144.0164,142.1959,140.376,138.5568,136.7386,134.1845,133.1064,131.2928,129.4812,127.6718,126.5721,124.7618,123.6492,123.2155,122.7597,122.2818,121.1126,121.2595,120.7149,120.7973,120.2013,120.2188,119.5709,118.9003,118.207,118.0997,114.3449,108.2577,103.4502,98.1388,95.21369,94.02344,92.82602,91.62154,89.86544,88.65444,87.43668,86.21226,84.98128,83.74383,82,80.75746,79.50878,78.25404,76.99334,75.26502,75.81641
130.2693,120.8549,120.8441,121.4468,122.027,121.9221,123.12,122.9574,124.1237,124.5922,125.0385,125.4628,125.865,126.9586,128.0425,129.842,131.6437,133.4472,135.2524,137.0589,138.8666,141.4355,143.2503,145.0654,146.8806,149.4782,151.2981,153.1172,150.9421,146.3019,142.387,137.5855,135.9792,136.8049,137.6202,138.425,139.2193,139.1596,139.9279,140.6856,141.4326,142.1688,142.8942,142.7383,143.4376,144.126,144.8034,145.4698,147.9071
160.8692,146.6087,144.0164,142.1959,140.376,137.8079,136.7386,134.1845,133.1064,131.2928,129.4812,127.6718,125.865,124.7618,123.6492,123.2155,122.7597,122.2818,121.7818,121.2595,120.7149,120.7973,120.2013,119.5827,118.9416,118.9003,118.207,117.491,113.743,108.2577,103.4502,98.1388,95.21369,94.02344,92.82602,91.62154,90.41008,88.65444,87.43668,86.21226,84.98128,83.74383,82.5,80.75746,79.50878,78.25404,76.99334,75.72677,75.36242
129.64,120.8549,120.8441,121.4468,122.027,121.9221,123.12,122.9574,123.4417,124.5922,125.7332,125.4628,126.5721,126.9586,128.0425,129.842,131.6437,133.4472,134.5092,137.0589,138.8666,141.4355,143.2503,145.0654,146.8806,149.4782,151.2981,153.1172,150.9421,146.3019,141.578,136.7714,136.7984,137.6291,137.6202,138.425,138.3806,139.1596,139.9279,140.6856,141.4326,142.1688,142.0282,142.7383,143.4376,144.126,144.8034,144.5828,147.0161
160.0921,146.6087,144.0164,142.1959,140.376,137.8079,136.7386,134.1845,132.375,131.2928,130.2005,127.6718,126.5721,124.7618,123.6492,123.2155,122.7597,122.2818,121.1126,121.2595,120.7149,120.7973,120.2013,119.5827,118.9416,118.9003,118.207,117.491,113.743,108.2577,102.8624,97.5581,95.78726,94.58984,92.82602,91.62154,89.86544,88.65444,87.43668,86.21226,84.98128,83.74383,82,80.75746,79.50878,78.25404,76.99334,75.26502,74.90843
129.64,121.4909,120.8441,121.4468,122.027,122.5847,123.12,124.3086,123.4417,124.5922,125.7332,125.4628,126.5721,126.9586,128.0425,129.842,131.6437,133.4472,134.5092,137.0589,138.8666,141.4355,143.2503,145.0654,146.8806,149.4782,151.2981,153.9105,150.9421,146.3019,142.387,137.5855,135.9792,137.6291,137.6202,138.425,139.2193,139.1596,139.9279,140.6856,141.4326,141.3072,142.0282,142.7383,143.4376,144.126,144.8034,144.5828,147.0161
160.0921,147.3803,144.0164,142.1959,140.376,138.5568,136.7386,135.659,132.375,131.2928,130.2005,127.6718,126.5721,124.7618,123.6492,123.2155,122.7597,122.2818,121.1126,121.2595,120.7149,120.7973,120.2013,119.5827,118.9416,118.9003,118.207,118.0997,113.743,108.2577,103.4502,98.1388,95.21369,94.58984,92.82602,91.62154,90.41008,88.65444,87.43668,86.21226,84.98128,83.23629,82,80.75746,79.50878,78.25404,76.99334,75.26502,74.90843
130.2693,121.4909,120.8441,121.4468,122.027,122.5847,123.12,124.3086,123.4417,124.5922,125.7332,126.1637,126.5721,126.9586,128.0425,129.842,131.6437,133.4472,135.2524,137.0589,138.8666,141.4355,143.2503,145.0654,146.8806,149.4782,151.2981,153.9105,151.7407,146.3019,142.387,138.3996,135.9792,136.8049,137.6202,138.425,138.3806,139.1596,139.9279,140.6856,141.4326,141.3072,142.0282,142.7383,143.4376,144.126,144.8034,144.5828,147.0161
160.8692,147.3803,144.0164,142.1959,140.376,138.5568,136.7386,135.659,132.375,131.2928,130.2005,128.3851,126.5721,124.7618,123.6492,123.2155,122.7597,122.2818,121.7818,121.2595,120.7149,120.7973,120.2013,119.5827,118.9416,118.9003,118.207,118.0997,114.3449,108.2577,103.4502,98.7195,95.21369,94.02344,92.82602,91.62154,89.86544,88.65444,87.43668,86.21226,84.98128,83.23629,82,80.75746,79.50878,78.25404,76.99334,75.26502,74.90843
130.2693,120.8549,120.8441,121.4468,122.027,123.2473,123.12,123.633,124.1237,124.5922,125.7332,126.1637,126.5721,126.9586,128.0425,129.842,131.6437,133.4472,135.2524,137.0589,138.8666,140.6751,143.2503,145.0654,147.6577,149.4782,151.2981,153.1172,151.7407,146.3019,142.387,137.5855,135.9792,136.8049,137.6202,138.425,138.3806,139.1596,139.9279,140.6856,141.4326,142.1688,142.0282,142.7383,143.4376,144.126,144.8034,145.4698,146.1251
160.8692,146.6087,144.0164,142.1959,140.376,139.3058,136.7386,134.9218,133.1064,131.2928,130.2005,128.3851,126.5721,124.7618,123.6492,123.2155,122.7597,122.2818,121.7818,121.2595,120.7149,120.1479,120.2013,119.5827,119.5709,118.9003,118.207,117.491,114.3449,108.2577,103.4502,98.1388,95.21369,94.02344,92.82602,91.62154,89.86544,88.65444,87.43668,86.21226,84.98128,83.74383,82,80.75746,79.50878,78.25404,76.99334,75.72677,74.45444
129.64,120.8549,120.8441,121.4468,122.683,122.5847,122.4509,122.9574,123.4417,124.5922,125.7332,125.4628,126.5721,126.9586,128.0425,129.842,131.6437,133.4472,135.2524,137.0589,139.6213,141.4355,143.2503,145.0654,146.8806,149.4782,151.2981,153.9105,151.7407,146.3019,142.387,137.5855,136.7984,136.8049,137.6202,138.425,138.3806,139.1596,139.9279,140.6856,141.4326,142.1688,142.0282,142.7383,143.4376,144.126,144.8034,144.5828,147.0161
160.0921,146.6087,144.0164,142.1959,141.1307,138.5568,135.9955,134.1845,132.375,131.2928,130.2005,127.6718,126.5721,124.7618,123.6492,123.2155,122.7597,122.2818,121.7818,121.2595,121.3709,120.7973,120.2013,119.5827,118.9416,118.9003,118.207,118.0997,114.3449,108.2577,103.4502,98.1388,95.78726,94.02344,92.82602,91.62154,89.86544,88.65444,87.43668,86.21226,84.98128,83.74383,82,80.75746,79.50878,78.25404,76.99334,75.26502,74.90843
130.2693,120.8549,120.8441,121.4468,122.027,122.5847,123.7892,123.633,124.1237,124.5922,125.7332,125.4628,125.865,126.9586,128.0425,129.842,131.6437,133.4472,135.2524,137.0589,138.8666,140.6751,143.2503,145.0654,146.8806,149.4782,151.2981,153.1172,151.7407,146.3019,142.387,137.5855,135.9792,136.8049,137.6202,138.425,139.2193,139.1596,139.9279,140.6856,141.4326,142.1688,142.0282,142.7383,143.4376,144.126,144.8034,144.5828,148.7981
160.8692,146.6087,144.0164,142.1959,140.376,138.5568,137.4818,134.9218,133.1064,131.2928,130.2005,127.6718,125.865,124.7618,123.6492,123.2155,122.7597,122.2818,121.7818,121.2595,120.7149,120.1479,120.2013,119.5827,118.9416,118.9003,118.207,117.491,114.3449,108.2577,103.4502,98.1388,95.21369,94.02344,92.82602,91.62154,90.41008,88.65444,87.43668,86.21226,84.98128,83.74383,82,80.75746,79.50878,78.25404,76.99334,75.26502,75.81641
129.64,120.8549,120.8441,121.4468,122.027,122.5847,123.12,122.9574,124.1237,124.5922,125.0385,126.1637,126.5721,126.9586,128.0425,129.842,131.6437,133.4472,135.2524,137.0589,138.8666,141.4355,143.2503,145.0654,147.6577,149.4782,151.2981,153.9105,151.7407,146.3019,142.387,136.7714,136.7984,136.8049,137.6202,137.5912,138.3806,139.1596,139.9279,140.6856,141.4326,142.1688,142.0282,142.7383,143.4376,144.126,144.8034,144.5828,147.0161
160.0921,146.6087,144.0164,142.1959,140.376,138.5568,136.7386,134.1845,133.1064,131.2928,129.4812,128.3851,126.5721,124.7618,123.6492,123.2155,122.7597,122.2818,121.7818,121.2595,120.7149,120.7973,120.2013,119.5827,119.5709,118.9003,118.207,118.0997,114.3449,108.2577,103.4502,97.5581,95.78726,94.02344,92.82602,91.0696,89.86544,88.65444,87.43668,86.21226,84.98128,83.74383,82,80.75746,79.50878,78.25404,76.99334,75.26502,74.90843
129.64,121.4909,120.8441,121.4468,122.027,121.9221,122.4509,122.9574,124.1237,124.5922,125.7332,125.4628,126.5721,126.9586,128.0425,129.842,131.6437,133.4472,135.2524,137.0589,138.8666,141.4355,143.2503,145.0654,146.8806,149.4782,151.2981,153.9105,150.9421,146.3019,142.387,136.7714,135.9792,136.8049,137.6202,138.425,138.3806,139.1596,139.9279,140.6856,141.4326,142.1688,142.0282,142.7383,143.4376,144.126,144.8034,145.4698,147.0161
160.0921,147.3803,144.0164,142.1959,140.376,137.8079,135.9955,134.1845,133.1064,131.2928,130.2005,127.6718,126.5721,124.7618,123.6492,123.2155,122.7597,122.2818,121.7818,121.2595,120.7149,120.7973,120.2013,119.5827,118.9416,118.9003,118.207,118.0997,113.743,108.2577,103.4502,97.5581,95.21369,94.02344,92.82602,91.62154,89.86544,88.65444,87.43668,86.21226,84.98128,83.74383,82,80.75746,79.50878,78.25404,76.99334,75.72677,74.90843
129.64,121.4909,120.8441,120.7973,122.027,121.9221,123.12,122.9574,124.1237,124.5922,125.7332,125.4628,125.865,126.9586,128.0425,129.842,131.6437,133.4472,134.5092,137.0589,138.8666,141.4355,143.2503,145.0654,146.8806,149.4782,151.2981,153.1172,150.9421,146.3019,141.578,136.7714,135.9792,136.8049,137.6202,137.5912,138.3806,139.1596,139.9279,140.6856,141.4326,142.1688,142.0282,142.7383,143.4376,144.126,144.8034,145.4698,147.0161
160.0921,147.3803,144.0164,141.4355,140.376,137.8079,136.7386,134.1845,133.1064,131.2928,130.2005,127.6718,125.865,124.7618,123.6492,123.2155,122.7597,122.2818,121.1126,121.2595,120.7149,120.7973,120.2013,119.5827,118.9416,118.9003,118.207,117.491,113.743,108.2577,102.8624,97.5581,95.21369,94.02344,92.82602,91.0696,89.86544,88.65444,87.43668,86.21226,84.98128,83.74383,82,80.75746,79.50878,78.25404,76.99334,75.72677,74.90843
130.8986,120.8549,120.8441,121.4468,122.027,122.5847,122.4509,123.633,124.1237,124.5922,125.7332,125.4628,126.5721,126.9586,128.0425,129.842,131.6437,133.4472,135.2524,137.0589,138.8666,140.6751,143.2503,145.0654,146.8806,149.4782,151.2981,153.1172,151.7407,146.3019,142.387,136.7714,135.9792,136.8049,137.6202,137.5912,138.3806,139.1596,139.9279,140.6856,141.4326,142.1688,142.0282,142.7383,143.4376,144.126,144.8034,144.5828,146.1251
161.6464,146.6087,144.0164,142.1959,140.376,138.5568,135.9955,134.9218,133.1064,131.2928,130.2005,127.6718,126.5721,124.7618,123.6492,123.2155,122.7597,122.2818,121.7818,121.2595,120.7149,120.1479,120.2013,119.5827,118.9416,118.9003,118.207,117.491,114.3449,108.2577,103.4502,97.5581,95.21369,94.02344,92.82602,91.0696,89.86544,88.65444,87.43668,86.21226,84.98128,83.74383,82,80.75746,79.50878,78.25404,76.99334,75.26502,74.45444
129.64,121.4909,120.8441,121.4468,122.027,121.9221,123.12,124.3086,124.1237,124.5922,125.7332,125.4628,126.5721,126.9586,128.0425,129.842,131.6437,133.4472,135.2524,137.0589,138.8666,140.6751,143.2503,145.0654,146.8806,149.4782,151.2981,153.1172,150.9421,147.1058,142.387,137.5855,135.9792,136.8049,137.6202,138.425,139.2193,139.1596,139.9279,140.6856,141.4326,142.1688,142.8942,142.7383,143.4376,144.126,144.8034,144.5828,146.1251
160.0921,147.3803,144.0164,142.1959,140.376,137.8079,136.7386,135.659,133.1064,131.2928,130.2005,127.6718,126.5721,124.7618,123.6492,123.2155,122.7597,122.2818,121.7818,121.2595,120.7149,120.1479,120.2013,119.5827,118.9416,118.9003,118.207,117.491,113.743,108.8526,103.4502,98.1388,95.21369,94.02344,92.82602,91.62154,90.41008,88.65444,87.43668,86.21226,84.98128,83.74383,82.5,80.75746,79.50878,78.25404,76.99334,75.26502,74.45444
130.8986,120.8549,120.8441,121.4468,122.683,122.5847,123.12,122.9574,123.4417,124.5922,125.7332,125.4628,126.5721,126.9586,128.7618,129.842,132.375,133.4472,135.2524,137.0589,138.8666,141.4355,143.2503,145.0654,146.8806,149.4782,151.2981,153.9105,150.9421,146.3019,142.387,137.5855,135.9792,136.8049,137.6202,138.425,138.3806,139.1596,139.9279,140.6856,141.4326,142.1688,142.0282,142.7383,143.4376,144.126,144.8034,144.5828,147.9071
161.6464,146.6087,144.0164,142.1959,141.1307,138.5568,136.7386,134.1845,132.375,131.2928,130.2005,127.6718,126.5721,124.7618,124.3438,123.2155,123.4417,122.2818,121.7818,121.2595,120.7149,120.7973,120.2013,119.5827,118.9416,118.9003,118.207,118.0997,113.743,108.2577,103.4502,98.1388,95.21369,94.02344,92.82602,91.62154,89.86544,88.65444,87.43668,86.21226,84.98128,83.74383,82,80.75746,79.50878,78.25404,76.99334,75.26502,75.36242
130.2693,121.4909,120.8441,121.4468,122.027,122.5847,123.12,123.633,123.4417,124.5922,125.7332,126.1637,127.2792,126.9586,128.0425,129.842,131.6437,133.4472,135.2524,137.0589,138.8666,140.6751,143.2503,145.0654,147.6577,149.4782,151.2981,153.9105,150.9421,146.3019,142.387,137.5855,135.9792,136.8049,137.6202,138.425,138.3806,139.1596,139.9279,140.6856,141.4326,142.1688,142.0282,143.6087,143.4376,144.126,144.8034,144.5828,147.0161
160.8692,147.3803,144.0164,142.1959,140.376,138.5568,136.7386,134.9218,132.375,131.2928,130.2005,128.3851,127.2792,124.7618,123.6492,123.2155,122.7597,122.2818,121.7818,121.2595,120.7149,120.1479,120.2013,119.5827,119.5709,118.9003,118.207,118.0997,113.743,108.2577,103.4502,98.1388,95.21369,94.02344,92.82602,91.62154,89.86544,88.65444,87.43668,86.21226,84.98128,83.74383,82,81.24989,79.50878,78.25404,76.99334,75.26502,74.90843
130.8986,121.4909,120.8441,121.4468,121.3709,121.9221,123.12,122.9574,123.4417,124.5922,125.0385,125.4628,126.5721,126.9586,128.0425,129.842,131.6437,133.4472,134.5092,136.3099,138.8666,140.6751,143.2503,145.0654,146.8806,150.2608,151.2981,153.1172,150.9421,146.3019,142.387,137.5855,135.9792,136.8049,137.6202,138.425,138.3806,139.1596,139.9279,140.6856,141.4326,142.1688,142.8942,142.7383,143.4376,144.126,144.8034,144.5828,147.9071
161.6464,147.3803,144.0164,142.1959,139.6213,137.8079,136.7386,134.1845,132.375,131.2928,129.4812,127.6718,126.5721,124.7618,123.6492,123.2155,122.7597,122.2818,121.1126,120.5968,120.7149,120.1479,120.2013,119.5827,118.9416,119.5228,118.207,117.491,113.743,108.2577,103.4502,98.1388,95.21369,94.02344,92.82602,91.62154,89.86544,88.65444,87.43668,86.21226,84.98128,83.74383,82.5,80.75746,79.50878,78.25404,76.99334,75.26502,75.36242
130.8986,120.8549,120.8441,120.7973,122.027,122.5847,123.12,123.633,123.4417,124.5922,125.7332,125.4628,125.865,126.9586,128.0425,129.842,131.6437,133.4472,135.2524,137.0589,138.8666,141.4355,143.2503,145.0654,146.8806,149.4782,151.2981,153.1172,151.7407,146.3019,141.578,137.5855,135.9792,136.8049,137.6202,138.425,138.3806,139.1596,139.9279,140.6856,141.4326,142.1688,142.0282,142.7383,143.4376,144.126,144.8034,145.4698,146.1251
161.6464,146.6087,144.0164,141.4355,140.376,138.5568,136.7386,134.9218,132.375,131.2928,130.2005,127.6718,125.865,124.7618,123.6492,123.2155,122.7597,122.2818,121.7818,121.2595,120.7149,120.7973,120.2013,119.5827,118.9416,118.9003,118.207,117.491,114.3449,108.2577,102.8624,98.1388,95.21369,94.02344,92.82602,91.62154,89.86544,88.65444,87.43668,86.21226,84.98128,83.74383,82,80.75746,79.50878,78.25404,76.99334,75.72677,74.45444
130.2693,121.4909,120.8441,121.4468,122.027,122.5847,122.4509,123.633,123.4417,124.5922,125.7332,125.4628,125.865,126.9586,128.0425,129.842,131.6437,133.4472,134.5092,137.0589,138.8666,140.6751,143.2503,145.0654,146.8806,149.4782,151.2981,153.1172,150.9421,146.3019,142.387,137.5855,135.9792,137.6291,137.6202,138.425,138.3806,139.1596,139.9279,140.6856,141.4326,142.1688,142.0282,142.7383,143.4376,144.126,144.8034,144.5828,147.0161
160.8692,147.3803,144.0164,142.1959,140.376,138.5568,135.9955,134.9218,132.375,131.2928,130.2005,127.6718,125.865,124.7618,123.6492,123.2155,122.7597,122.2818,121.1126,121.2595,120.7149,120.1479,120.2013,119.5827,118.9416,118.9003,118.207,117.491,113.743,108.2577,103.4502,98.1388,95.21369,94.58984,92.82602,91.62154,89.86544,88.65444,87.43668,86.21226,84.98128,83.74383,82,80.75746,79.50878,78.25404,76.99334,75.26502,74.90843
