168.2414,167.9229,166.6173,167.2476,165.9206,166.5214,167.1052,165.7444,164.3758,164.917,164.4844,164.0393,163.5817,164.06,163.5747,163.077,163.5065,164.8543,167.1109,170.2664,173.3834,177.3849,180.419,180.6608,178.1414,175.6225,173.1048,171.4912,168.9733,167.3527,164.8362,162.323,160.6965,159.0659,158.3062,157.5344,157.6166,156.8165,156.8616,156.8858,156.0408,156.0274,155.9927,155.9366,155.8591,155.7598,154.8197,156.3102
-35.76081,-37.22761,-38.46663,-40.1526,-41.36864,-43.06536,-44.77569,-45.965,-47.13399,-48.85064,-50.28793,-51.7214,-53.15092,-54.89371,-56.32329,-57.74859,-59.5115,-61.6365,-64.14786,-67.06972,-70.05143,-73.47522,-76.5833,-78.55357,-79.31365,-80.0358,-80.72009,-81.79711,-82.41378,-83.43899,-83.98824,-84.5,-85.44382,-86.36574,-87.75054,-89.12866,-91,-92.37198,-94.25197,-96.13974,-97.50514,-99.40043,-101.3029,-103.2122,-105.1283,-107.0508,-108.4059,-111.495
168.2414,167.9229,167.5917,167.2476,165.9206,166.5214,166.1392,165.7444,165.337,164.917,164.4844,164.0393,164.5328,163.1117,163.5747,163.077,163.5065,164.8543,167.1109,169.336,173.3834,177.3849,181.3395,180.6608,178.1414,175.6225,173.1048,170.5886,168.9733,166.4578,164.8362,162.323,160.6965,159.0659,158.3062,157.5344,157.6166,156.8165,156.8616,156.8858,156.0408,156.0274,155.9927,155.9366,155.8591,155.7598,154.8197,156.3102
-35.76081,-37.22761,-38.69158,-40.1526,-41.36864,-43.06536,-44.51688,-45.965,-47.40963,-48.85064,-50.28793,-51.7214,-53.45994,-54.5764,-56.32329,-57.74859,-59.5115,-61.6365,-64.14786,-66.70322,-70.05143,-73.47522,-76.97403,-78.55357,-79.31365,-80.0358,-80.72009,-81.3666,-82.41378,-82.99279,-83.98824,-84.5,-85.44382,-86.36574,-87.75054,-89.12866,-91,-92.37198,-94.25197,-96.13974,-97.50514,-99.40043,-101.3029,-103.2122,-105.1283,-107.0508,-108.4059,-111.495
168.2414,167.9229,166.6173,166.2753,165.9206,166.5214,165.1733,165.7444,165.337,164.917,164.4844,164.0393,165.4838,164.06,163.5747,163.077,163.5065,164.8543,167.1109,170.2664,173.3834,177.3849,182.26,180.6608,177.2278,175.6225,173.1048,171.4912,168.9733,166.4578,164.8362,162.323,160.6965,159.0659,158.3062,157.5344,157.6166,156.8165,156.8616,156.8858,156.0408,156.8708,155.9927,155.9366,155.8591,155.7598,154.8197,156.3102
-35.76081,-37.22761,-38.46663,-39.91916,-41.36864,-43.06536,-44.25806,-45.965,-47.40963,-48.85064,-50.28793,-51.7214,-53.76896,-54.89371,-56.32329,-57.74859,-59.5115,-61.6365,-64.14786,-67.06972,-70.05143,-73.47522,-77.36476,-78.55357,-78.90691,-80.0358,-80.72009,-81.79711,-82.41378,-82.99279,-83.98824,-84.5,-85.44382,-86.36574,-87.75054,-89.12866,-91,-92.37198,-94.25197,-96.13974,-97.50514,-99.93773,-101.3029,-103.2122,-105.1283,-107.0508,-108.4059,-111.495
168.2414,167.9229,166.6173,167.2476,166.8909,166.5214,166.1392,165.7444,165.337,164.917,164.4844,164.0393,163.5817,163.1117,163.5747,163.077,163.5065,164.8543,167.1109,170.2664,173.3834,177.3849,181.3395,180.6608,178.1414,175.6225,173.1048,170.5886,168.9733,167.3527,164.8362,162.323,160.6965,159.0659,158.3062,157.5344,157.6166,156.8165,156.8616,156.8858,156.8889,156.8708,155.9927,155.9366,155.8591,155.7598,154.8197,156.3102
-35.76081,-37.22761,-38.46663,-40.1526,-41.61057,-43.06536,-44.51688,-45.965,-47.40963,-48.85064,-50.28793,-51.7214,-53.15092,-54.5764,-56.32329,-57.74859,-59.5115,-61.6365,-64.14786,-67.06972,-70.05143,-73.47522,-76.97403,-78.55357,-79.31365,-80.0358,-80.72009,-81.3666,-82.41378,-83.43899,-83.98824,-84.5,-85.44382,-86.36574,-87.75054,-89.12866,-91,-92.37198,-94.25197,-96.13974,-98.03506,-99.93773,-101.3029,-103.2122,-105.1283,-107.0508,-108.4059,-111.495
167.2632,167.9229,167.5917,166.2753,166.8909,166.5214,166.1392,165.7444,165.337,164.917,164.4844,164.0393,163.5817,164.06,163.5747,163.077,163.5065,164.8543,167.1109,170.2664,173.3834,177.3849,182.26,180.6608,178.1414,175.6225,174.0111,171.4912,168.9733,166.4578,164.8362,162.323,160.6965,159.0659,158.3062,157.5344,157.6166,156.8165,156.8616,156.8858,156.0408,156.0274,155.9927,155.9366,155.8591,154.9357,154.8197,156.3102
-35.5529,-37.22761,-38.69158,-39.91916,-41.61057,-43.06536,-44.51688,-45.965,-47.40963,-48.85064,-50.28793,-51.7214,-53.15092,-54.89371,-56.32329,-57.74859,-59.5115,-61.6365,-64.14786,-67.06972,-70.05143,-73.47522,-77.36476,-78.55357,-79.31365,-80.0358,-81.14271,-81.79711,-82.41378,-82.99279,-83.98824,-84.5,-85.44382,-86.36574,-87.75054,-89.12866,-91,-92.37198,-94.25197,-96.13974,-97.50514,-99.40043,-101.3029,-103.2122,-105.1283,-106.4844,-108.4059,-111.495
168.2414,167.9229,167.5917,167.2476,166.8909,166.5214,165.1733,165.7444,165.337,164.917,164.4844,164.0393,163.5817,164.06,163.5747,163.077,163.5065,164.8543,167.1109,170.2664,173.3834,177.3849,181.3395,180.6608,177.2278,175.6225,173.1048,170.5886,168.9733,166.4578,164.8362,162.323,160.6965,159.0659,158.3062,157.5344,157.6166,156.8165,156.8616,156.8858,156.0408,156.0274,155.9927,155.9366,155.8591,155.7598,154.8197,156.3102
-35.76081,-37.22761,-38.69158,-40.1526,-41.61057,-43.06536,-44.25806,-45.965,-47.40963,-48.85064,-50.28793,-51.7214,-53.15092,-54.89371,-56.32329,-57.74859,-59.5115,-61.6365,-64.14786,-67.06972,-70.05143,-73.47522,-76.97403,-78.55357,-78.90691,-80.0358,-80.72009,-81.3666,-82.41378,-82.99279,-83.98824,-84.5,-85.44382,-86.36574,-87.75054,-89.12866,-91,-92.37198,-94.25197,-96.13974,-97.50514,-99.40043,-101.3029,-103.2122,-105.1283,-107.0508,-108.4059,-111.495
167.2632,167.9229,166.6173,166.2753,166.8909,165.5532,166.1392,165.7444,165.337,164.917,164.4844,164.0393,164.5328,164.06,163.5747,163.077,163.5065,164.8543,167.1109,170.2664,174.3106,177.3849,181.3395,180.6608,179.0549,175.6225,173.1048,171.4912,168.9733,166.4578,164.8362,162.323,160.6965,159.0659,158.3062,157.5344,157.6166,156.8165,156.8616,156.8858,156.0408,156.0274,155.9927,155.9366,155.8591,155.7598,154.8197,156.3102
-35.5529,-37.22761,-38.46663,-39.91916,-41.61057,-42.81498,-44.51688,-45.965,-47.40963,-48.85064,-50.28793,-51.7214,-53.45994,-54.89371,-56.32329,-57.74859,-59.5115,-61.6365,-64.14786,-67.06972,-70.42604,-73.47522,-76.97403,-78.55357,-79.72038,-80.0358,-80.72009,-81.79711,-82.41378,-82.99279,-83.98824,-84.5,-85.44382,-86.36574,-87.75054,-89.12866,-91,-92.37198,-94.25197,-96.13974,-97.50514,-99.40043,-101.3029,-103.2122,-105.1283,-107.0508,-108.4059,-111.495
167.2632,166.9466,166.6173,166.2753,166.8909,166.5214,166.1392,165.7444,165.337,164.917,164.4844,164.0393,164.5328,164.06,163.5747,163.077,163.5065,164.8543,167.1109,170.2664,173.3834,177.3849,181.3395,180.6608,178.1414,175.6225,173.1048,171.4912,168.9733,166.4578,164.8362,162.323,160.6965,159.0659,158.3062,157.5344,156.7506,157.6781,156.8616,156.8858,156.8889,156.8708,155.9927,155.9366,155.8591,155.7598,154.8197,156.3102
-35.5529,-37.01117,-38.46663,-39.91916,-41.61057,-43.06536,-44.51688,-45.965,-47.40963,-48.85064,-50.28793,-51.7214,-53.45994,-54.89371,-56.32329,-57.74859,-59.5115,-61.6365,-64.14786,-67.06972,-70.05143,-73.47522,-76.97403,-78.55357,-79.31365,-80.0358,-80.72009,-81.79711,-82.41378,-82.99279,-83.98824,-84.5,-85.44382,-86.36574,-87.75054,-89.12866,-90.5,-92.87952,-94.25197,-96.13974,-98.03506,-99.93773,-101.3029,-103.2122,-105.1283,-107.0508,-108.4059,-111.495
168.2414,167.9229,167.5917,167.2476,166.8909,165.5532,166.1392,165.7444,165.337,165.8758,164.4844,164.0393,164.5328,163.1117,162.6292,164.0196,163.5065,164.8543,167.1109,170.2664,173.3834,177.3849,181.3395,181.5779,177.2278,175.6225,173.1048,171.4912,168.9733,166.4578,164.8362,162.323,160.6965,159.0659,158.3062,157.5344,157.6166,156.8165,156.8616,156.8858,156.8889,156.0274,155.9927,155.9366,155.8591,155.7598,154.8197,156.3102
-35.76081,-37.22761,-38.69158,-40.1526,-41.61057,-42.81498,-44.51688,-45.965,-47.40963,-49.13465,-50.28793,-51.7214,-53.45994,-54.5764,-55.99772,-58.08239,-59.5115,-61.6365,-64.14786,-67.06972,-70.05143,-73.47522,-76.97403,-78.95232,-78.90691,-80.0358,-80.72009,-81.79711,-82.41378,-82.99279,-83.98824,-84.5,-85.44382,-86.36574,-87.75054,-89.12866,-91,-92.37198,-94.25197,-96.13974,-98.03506,-99.40043,-101.3029,-103.2122,-105.1283,-107.0508,-108.4059,-111.495
167.2632,167.9229,167.5917,167.2476,165.9206,166.5214,166.1392,165.7444,165.337,164.917,164.4844,164.0393,163.5817,165.0083,163.5747,163.077,163.5065,164.8543,167.1109,170.2664,173.3834,177.3849,182.26,180.6608,178.1414,175.6225,174.0111,171.4912,168.9733,166.4578,164.8362,162.323,160.6965,159.0659,158.3062,157.5344,157.6166,156.8165,156.8616,156.8858,156.8889,156.0274,155.9927,155.9366,155.8591,155.7598,154.8197,156.3102
-35.5529,-37.22761,-38.69158,-40.1526,-41.36864,-43.06536,-44.51688,-45.965,-47.40963,-48.85064,-50.28793,-51.7214,-53.15092,-55.21101,-56.32329,-57.74859,-59.5115,-61.6365,-64.14786,-67.06972,-70.05143,-73.47522,-77.36476,-78.55357,-79.31365,-80.0358,-81.14271,-81.79711,-82.41378,-82.99279,-83.98824,-84.5,-85.44382,-86.36574,-87.75054,-89.12866,-91,-92.37198,-94.25197,-96.13974,-98.03506,-99.40043,-101.3029,-103.2122,-105.1283,-107.0508,-108.4059,-111.495
168.2414,167.9229,167.5917,167.2476,166.8909,165.5532,166.1392,165.7444,165.337,165.8758,164.4844,164.993,163.5817,164.06,163.5747,163.077,163.5065,164.8543,167.1109,170.2664,173.3834,177.3849,181.3395,181.5779,177.2278,175.6225,173.1048,171.4912,168.9733,166.4578,164.8362,162.323,160.6965,158.1871,158.3062,157.5344,157.6166,156.8165,156.8616,156.8858,156.8889,156.0274,155.9927,155.9366,155.03,155.7598,154.8197,156.3102
-35.76081,-37.22761,-38.69158,-40.1526,-41.61057,-42.81498,-44.51688,-45.965,-47.40963,-49.13465,-50.28793,-52.0221,-53.15092,-54.89371,-56.32329,-57.74859,-59.5115,-61.6365,-64.14786,-67.06972,-70.05143,-73.47522,-76.97403,-78.95232,-78.90691,-80.0358,-80.72009,-81.79711,-82.41378,-82.99279,-83.98824,-84.5,-85.44382,-85.88858,-87.75054,-89.12866,-91,-92.37198,-94.25197,-96.13974,-98.03506,-99.40043,-101.3029,-103.2122,-104.5691,-107.0508,-108.4059,-111.495
167.2632,167.9229,166.6173,167.2476,165.9206,166.5214,166.1392,165.7444,166.2983,164.917,165.4407,164.0393,164.5328,163.1117,163.5747,163.077,163.5065,164.8543,167.1109,170.2664,173.3834,177.3849,181.3395,180.6608,177.2278,175.6225,173.1048,171.4912,168.9733,167.3527,164.8362,162.323,160.6965,159.0659,158.3062,157.5344,157.6166,156.8165,156.8616,156.8858,156.8889,156.0274,155.9927,155.9366,155.03,155.7598,154.8197,156.3102
-35.5529,-37.22761,-38.46663,-40.1526,-41.36864,-43.06536,-44.51688,-45.965,-47.68526,-48.85064,-50.5803,-51.7214,-53.45994,-54.5764,-56.32329,-57.74859,-59.5115,-61.6365,-64.14786,-67.06972,-70.05143,-73.47522,-76.97403,-78.55357,-78.90691,-80.0358,-80.72009,-81.79711,-82.41378,-83.43899,-83.98824,-84.5,-85.44382,-86.36574,-87.75054,-89.12866,-91,-92.37198,-94.25197,-96.13974,-98.03506,-99.40043,-101.3029,-103.2122,-104.5691,-107.0508,-108.4059,-111.495
168.2414,167.9229,166.6173,166.2753,166.8909,166.5214,166.1392,165.7444,165.337,164.917,164.4844,164.0393,163.5817,164.06,163.5747,163.077,163.5065,164.8543,167.1109,170.2664,173.3834,177.3849,181.3395,180.6608,177.2278,175.6225,174.0111,171.4912,168.9733,166.4578,164.8362,162.323,160.6965,159.0659,158.3062,157.5344,157.6166,156.8165,156.8616,156.8858,156.0408,156.0274,155.9927,155.9366,155.03,155.7598,154.8197,156.3102
-35.76081,-37.22761,-38.46663,-39.91916,-41.61057,-43.06536,-44.51688,-45.965,-47.40963,-48.85064,-50.28793,-51.7214,-53.15092,-54.89371,-56.32329,-57.74859,-59.5115,-61.6365,-64.14786,-67.06972,-70.05143,-73.47522,-76.97403,-78.55357,-78.90691,-80.0358,-81.14271,-81.79711,-82.41378,-82.99279,-83.98824,-84.5,-85.44382,-86.36574,-87.75054,-89.12866,-91,-92.37198,-94.25197,-96.13974,-97.50514,-99.40043,-101.3029,-103.2122,-104.5691,-107.0508,-108.4059,-111.495
168.2414,167.9229,167.5917,166.2753,166.8909,166.5214,166.1392,165.7444,165.337,165.8758,165.4407,164.993,164.5328,165.0083,163.5747,163.077,163.5065,164.8543,167.1109,170.2664,173.3834,177.3849,181.3395,180.6608,178.1414,175.6225,173.1048,170.5886,168.9733,166.4578,164.8362,162.323,160.6965,159.0659,158.3062,157.5344,157.6166,156.8165,156.8616,156.8858,156.8889,156.0274,155.9927,155.9366,155.8591,155.7598,154.8197,156.3102
-35.76081,-37.22761,-38.69158,-39.91916,-41.61057,-43.06536,-44.51688,-45.965,-47.40963,-49.13465,-50.5803,-52.0221,-53.45994,-55.21101,-56.32329,-57.74859,-59.5115,-61.6365,-64.14786,-67.06972,-70.05143,-73.47522,-76.97403,-78.55357,-79.31365,-80.0358,-80.72009,-81.3666,-82.41378,-82.99279,-83.98824,-84.5,-85.44382,-86.36574,-87.75054,-89.12866,-91,-92.37198,-94.25197,-96.13974,-98.03506,-99.40043,-101.3029,-103.2122,-105.1283,-107.0508,-108.4059,-111.495
167.2632,167.9229,167.5917,167.2476,166.8909,165.5532,166.1392,165.7444,166.2983,164.917,164.4844,164.0393,163.5817,164.06,163.5747,163.077,163.5065,164.8543,167.1109,170.2664,173.3834,177.3849,182.26,181.5779,177.2278,175.6225,173.1048,171.4912,168.9733,166.4578,164.8362,162.323,160.6965,159.0659,158.3062,157.5344,156.7506,156.8165,156.8616,156.8858,156.0408,156.0274,155.9927,155.1028,155.8591,155.7598,154.8197,156.3102
-35.5529,-37.22761,-38.69158,-40.1526,-41.61057,-42.81498,-44.51688,-45.965,-47.68526,-48.85064,-50.28793,-51.7214,-53.15092,-54.89371,-56.32329,-57.74859,-59.5115,-61.6365,-64.14786,-67.06972,-70.05143,-73.47522,-77.36476,-78.95232,-78.90691,-80.0358,-80.72009,-81.79711,-82.41378,-82.99279,-83.98824,-84.5,-85.44382,-86.36574,-87.75054,-89.12866,-90.5,-92.37198,-94.25197,-96.13974,-97.50514,-99.40043,-101.3029,-102.6603,-105.1283,-107.0508,-108.4059,-111.495
167.2632,167.9229,167.5917,166.2753,166.8909,165.5532,166.1392,165.7444,166.2983,164.917,164.4844,164.0393,163.5817,163.1117,163.5747,163.077,163.5065,164.8543,167.1109,170.2664,173.3834,177.3849,181.3395,181.5779,178.1414,175.6225,173.1048,170.5886,168.9733,167.3527,164.8362,162.323,160.6965,159.0659,158.3062,157.5344,157.6166,156.8165,157.7188,156.8858,156.8889,156.0274,156.8314,155.9366,155.03,155.7598,154.8197,156.3102
-35.5529,-37.22761,-38.69158,-39.91916,-41.61057,-42.81498,-44.51688,-45.965,-47.68526,-48.85064,-50.28793,-51.7214,-53.15092,-54.5764,-56.32329,-57.74859,-59.5115,-61.6365,-64.14786,-67.06972,-70.05143,-73.47522,-76.97403,-78.95232,-79.31365,-80.0358,-80.72009,-81.3666,-82.41378,-83.43899,-83.98824,-84.5,-85.44382,-86.36574,-87.75054,-89.12866,-91,-92.37198,-94.76701,-96.13974,-98.03506,-99.40043,-101.8475,-103.2122,-104.5691,-107.0508,-108.4059,-111.495
167.2632,167.9229,166.6173,167.2476,166.8909,166.5214,166.1392,165.7444,165.337,164.917,164.4844,164.0393,163.5817,163.1117,163.5747,164.0196,163.5065,164.8543,167.1109,170.2664,173.3834,176.461,181.3395,180.6608,178.1414,175.6225,173.1048,170.5886,168.9733,167.3527,164.8362,162.323,160.6965,159.0659,158.3062,157.5344,157.6166,156.8165,156.8616,156.8858,156.8889,156.0274,155.9927,155.9366,155.03,154.9357,154.8197,155.4961
-35.5529,-37.22761,-38.46663,-40.1526,-41.61057,-43.06536,-44.51688,-45.965,-47.40963,-48.85064,-50.28793,-51.7214,-53.15092,-54.5764,-56.32329,-58.08239,-59.5115,-61.6365,-64.14786,-67.06972,-70.05143,-73.09254,-76.97403,-78.55357,-79.31365,-80.0358,-80.72009,-81.3666,-82.41378,-83.43899,-83.98824,-84.5,-85.44382,-86.36574,-87.75054,-89.12866,-91,-92.37198,-94.25197,-96.13974,-98.03506,-99.40043,-101.3029,-103.2122,-104.5691,-106.4844,-108.4059,-110.9143
168.2414,167.9229,166.6173,167.2476,166.8909,166.5214,166.1392,165.7444,165.337,165.8758,164.4844,164.0393,163.5817,164.06,163.5747,163.077,163.5065,164.8543,167.1109,169.336,173.3834,177.3849,182.26,180.6608,177.2278,175.6225,174.0111,171.4912,168.9733,166.4578,164.8362,162.323,160.6965,159.0659,157.4315,157.5344,157.6166,156.8165,156.8616,156.8858,156.0408,156.0274,155.9927,155.9366,155.03,155.7598,154.8197,156.3102
-35.76081,-37.22761,-38.46663,-40.1526,-41.61057,-43.06536,-44.51688,-45.965,-47.40963,-49.13465,-50.28793,-51.7214,-53.15092,-54.89371,-56.32329,-57.74859,-59.5115,-61.6365,-64.14786,-66.70322,-70.05143,-73.47522,-77.36476,-78.55357,-78.90691,-80.0358,-81.14271,-81.79711,-82.41378,-82.99279,-83.98824,-84.5,-85.44382,-86.36574,-87.26573,-89.12866,-91,-92.37198,-94.25197,-96.13974,-97.50514,-99.40043,-101.3029,-103.2122,-104.5691,-107.0508,-108.4059,-111.495
166.2851,167.9229,166.6173,166.2753,166.8909,165.5532,166.1392,165.7444,165.337,164.917,165.4407,164.0393,163.5817,165.0083,163.5747,163.077,163.5065,164.8543,167.1109,170.2664,173.3834,177.3849,182.26,180.6608,178.1414,175.6225,173.1048,170.5886,168.9733,167.3527,164.8362,162.323,160.6965,159.0659,158.3062,157.5344,157.6166,156.8165,156.8616,156.8858,156.0408,156.8708,155.9927,155.9366,155.03,155.7598,154.8197,155.4961
-35.34499,-37.22761,-38.46663,-39.91916,-41.61057,-42.81498,-44.51688,-45.965,-47.40963,-48.85064,-50.5803,-51.7214,-53.15092,-55.21101,-56.32329,-57.74859,-59.5115,-61.6365,-64.14786,-67.06972,-70.05143,-73.47522,-77.36476,-78.55357,-79.31365,-80.0358,-80.72009,-81.3666,-82.41378,-83.43899,-83.98824,-84.5,-85.44382,-86.36574,-87.75054,-89.12866,-91,-92.37198,-94.25197,-96.13974,-97.50514,-99.93773,-101.3029,-103.2122,-104.5691,-107.0508,-108.4059,-110.9143
168.2414,167.9229,166.6173,167.2476,166.8909,166.5214,166.1392,165.7444,165.337,164.917,164.4844,164.0393,163.5817,164.06,163.5747,163.077,163.5065,164.8543,167.1109,170.2664,173.3834,177.3849,180.419,180.6608,178.1414,175.6225,173.1048,171.4912,168.9733,166.4578,164.8362,162.323,160.6965,159.0659,158.3062,157.5344,157.6166,156.8165,156.8616,156.8858,156.8889,156.0274,155.9927,155.9366,155.03,155.7598,154.8197,155.4961
-35.76081,-37.22761,-38.46663,-40.1526,-41.61057,-43.06536,-44.51688,-45.965,-47.40963,-48.85064,-50.28793,-51.7214,-53.15092,-54.89371,-56.32329,-57.74859,-59.5115,-61.6365,-64.14786,-67.06972,-70.05143,-73.47522,-76.5833,-78.55357,-79.31365,-80.0358,-80.72009,-81.79711,-82.41378,-82.99279,-83.98824,-84.5,-85.44382,-86.36574,-87.75054,-89.12866,-91,-92.37198,-94.25197,-96.13974,-98.03506,-99.40043,-101.3029,-103.2122,-104.5691,-107.0508,-108.4059,-110.9143
168.2414,167.9229,167.5917,167.2476,166.8909,166.5214,166.1392,165.7444,165.337,164.917,164.4844,164.0393,164.5328,165.0083,163.5747,163.077,163.5065,164.8543,167.1109,170.2664,173.3834,177.3849,181.3395,180.6608,177.2278,175.6225,173.1048,171.4912,168.9733,166.4578,164.8362,162.323,160.6965,159.0659,158.3062,157.5344,157.6166,156.8165,156.8616,156.8858,156.8889,156.0274,155.9927,155.9366,155.8591,154.9357,154.8197,156.3102
-35.76081,-37.22761,-38.69158,-40.1526,-41.61057,-43.06536,-44.51688,-45.965,-47.40963,-48.85064,-50.28793,-51.7214,-53.45994,-55.21101,-56.32329,-57.74859,-59.5115,-61.6365,-64.14786,-67.06972,-70.05143,-73.47522,-76.97403,-78.55357,-78.90691,-80.0358,-80.72009,-81.79711,-82.41378,-82.99279,-83.98824,-84.5,-85.44382,-86.36574,-87.75054,-89.12866,-91,-92.37198,-94.25197,-96.13974,-98.03506,-99.40043,-101.3029,-103.2122,-105.1283,-106.4844,-108.4059,-111.495
168.2414,167.9229,167.5917,166.2753,166.8909,166.5214,166.1392,165.7444,165.337,164.917,164.4844,164.993,164.5328,164.06,163.5747,163.077,163.5065,164.8543,167.1109,170.2664,173.3834,177.3849,181.3395,180.6608,178.1414,175.6225,173.1048,171.4912,168.9733,166.4578,164.8362,162.323,160.6965,159.0659,158.3062,157.5344,157.6166,156.8165,156.8616,156.8858,156.0408,156.0274,155.9927,155.9366,155.03,155.7598,154.8197,156.3102
-35.76081,-37.22761,-38.69158,-39.91916,-41.61057,-43.06536,-44.51688,-45.965,-47.40963,-48.85064,-50.28793,-52.0221,-53.45994,-54.89371,-56.32329,-57.74859,-59.5115,-61.6365,-64.14786,-67.06972,-70.05143,-73.47522,-76.97403,-78.55357,-79.31365,-80.0358,-80.72009,-81.79711,-82.41378,-82.99279,-83.98824,-84.5,-85.44382,-86.36574,-87.75054,-89.12866,-91,-92.37198,-94.25197,-96.13974,-97.50514,-99.40043,-101.3029,-103.2122,-104.5691,-107.0508,-108.4059,-111.495
168.2414,167.9229,167.5917,167.2476,166.8909,165.5532,166.1392,165.7444,165.337,165.8758,164.4844,164.0393,163.5817,164.06,163.5747,163.077,163.5065,164.8543,167.1109,170.2664,173.3834,177.3849,181.3395,180.6608,178.1414,175.6225,173.1048,170.5886,168.9733,166.4578,164.8362,162.323,160.6965,159.0659,158.3062,157.5344,157.6166,156.8165,156.8616,156.8858,156.8889,156.0274,155.9927,155.1028,155.03,155.7598,154.0006,156.3102
-35.76081,-37.22761,-38.69158,-40.1526,-41.61057,-42.81498,-44.51688,-45.965,-47.40963,-49.13465,-50.28793,-51.7214,-53.15092,-54.89371,-56.32329,-57.74859,-59.5115,-61.6365,-64.14786,-67.06972,-70.05143,-73.47522,-76.97403,-78.55357,-79.31365,-80.0358,-80.72009,-81.3666,-82.41378,-82.99279,-83.98824,-84.5,-85.44382,-86.36574,-87.75054,-89.12866,-91,-92.37198,-94.25197,-96.13974,-98.03506,-99.40043,-101.3029,-102.6603,-104.5691,-107.0508,-107.8324,-111.495
168.2414,167.9229,167.5917,167.2476,165.9206,166.5214,166.1392,165.7444,165.337,164.917,165.4407,164.0393,163.5817,164.06,163.5747,163.077,163.5065,164.8543,167.1109,170.2664,173.3834,177.3849,181.3395,180.6608,178.1414,175.6225,173.1048,171.4912,168.9733,166.4578,164.8362,162.323,160.6965,159.0659,158.3062,157.5344,156.7506,156.8165,156.8616,156.8858,156.8889,156.0274,155.9927,155.9366,155.8591,155.7598,154.8197,156.3102
-35.76081,-37.22761,-38.69158,-40.1526,-41.36864,-43.06536,-44.51688,-45.965,-47.40963,-48.85064,-50.5803,-51.7214,-53.15092,-54.89371,-56.32329,-57.74859,-59.5115,-61.6365,-64.14786,-67.06972,-70.05143,-73.47522,-76.97403,-78.55357,-79.31365,-80.0358,-80.72009,-81.79711,-82.41378,-82.99279,-83.98824,-84.5,-85.44382,-86.36574,-87.75054,-89.12866,-90.5,-92.37198,-94.25197,-96.13974,-98.03506,-99.40043,-101.3029,-103.2122,-105.1283,-107.0508,-108.4059,-111.495
167.2632,167.9229,166.6173,166.2753,165.9206,165.5532,166.1392,165.7444,165.337,164.917,164.4844,164.0393,164.5328,164.06,163.5747,163.077,163.5065,164.8543,167.1109,170.2664,174.3106,177.3849,182.26,180.6608,177.2278,175.6225,173.1048,170.5886,168.9733,166.4578,164.8362,162.323,160.6965,159.0659,158.3062,157.5344,157.6166,156.8165,156.8616,156.8858,156.8889,156.0274,155.9927,155.9366,155.03,154.9357,154.8197,156.3102
-35.5529,-37.22761,-38.46663,-39.91916,-41.36864,-42.81498,-44.51688,-45.965,-47.40963,-48.85064,-50.28793,-51.7214,-53.45994,-54.89371,-56.32329,-57.74859,-59.5115,-61.6365,-64.14786,-67.06972,-70.42604,-73.47522,-77.36476,-78.55357,-78.90691,-80.0358,-80.72009,-81.3666,-82.41378,-82.99279,-83.98824,-84.5,-85.44382,-86.36574,-87.75054,-89.12866,-91,-92.37198,-94.25197,-96.13974,-98.03506,-99.40043,-101.3029,-103.2122,-104.5691,-106.4844,-108.4059,-111.495
167.2632,167.9229,166.6173,166.2753,165.9206,166.5214,165.1733,165.7444,165.337,164.917,163.5281,164.993,163.5817,164.06,163.5747,163.077,163.5065,163.9176,166.1773,170.2664,173.3834,177.3849,182.26,180.6608,178.1414,175.6225,173.1048,171.4912,168.9733,166.4578,164.8362,162.323,160.6965,158.1871,158.3062,157.5344,156.7506,156.8165,156.8616,156.8858,156.8889,156.0274,155.9927,156.7705,155.8591,154.9357,154.8197,154.6819
-35.5529,-37.22761,-38.46663,-39.91916,-41.36864,-43.06536,-44.25806,-45.965,-47.40963,-48.85064,-49.99556,-52.0221,-53.15092,-54.89371,-56.32329,-57.74859,-59.5115,-61.28629,-63.7895,-67.06972,-70.05143,-73.47522,-77.36476,-78.55357,-79.31365,-80.0358,-80.72009,-81.79711,-82.41378,-82.99279,-83.98824,-84.5,-85.44382,-85.88858,-87.75054,-89.12866,-90.5,-92.37198,-94.25197,-96.13974,-98.03506,-99.40043,-101.3029,-103.7642,-105.1283,-106.4844,-108.4059,-110.3336
168.2414,167.9229,166.6173,167.2476,165.9206,165.5532,165.1733,164.7808,165.337,165.8758,164.4844,164.0393,163.5817,165.0083,163.5747,163.077,163.5065,164.8543,166.1773,169.336,173.3834,177.3849,180.419,180.6608,177.2278,175.6225,173.1048,171.4912,168.9733,166.4578,164.8362,162.323,160.6965,159.0659,158.3062,157.5344,156.7506,156.8165,156.8616,156.8858,156.0408,156.0274,155.9927,155.9366,155.8591,155.7598,154.8197,156.3102
-35.76081,-37.22761,-38.46663,-40.1526,-41.36864,-42.81498,-44.25806,-45.69776,-47.40963,-49.13465,-50.28793,-51.7214,-53.15092,-55.21101,-56.32329,-57.74859,-59.5115,-61.6365,-63.7895,-66.70322,-70.05143,-73.47522,-76.5833,-78.55357,-78.90691,-80.0358,-80.72009,-81.79711,-82.41378,-82.99279,-83.98824,-84.5,-85.44382,-86.36574,-87.75054,-89.12866,-90.5,-92.37198,-94.25197,-96.13974,-97.50514,-99.40043,-101.3029,-103.2122,-105.1283,-107.0508,-108.4059,-111.495
168.2414,167.9229,166.6173,166.2753,166.8909,166.5214,165.1733,166.7081,164.3758,165.8758,164.4844,164.0393,163.5817,164.06,163.5747,163.077,163.5065,164.8543,167.1109,170.2664,173.3834,177.3849,181.3395,180.6608,178.1414,175.6225,173.1048,170.5886,168.9733,166.4578,164.8362,162.323,160.6965,159.0659,158.3062,157.5344,156.7506,156.8165,156.8616,156.8858,156.0408,156.0274,155.9927,155.1028,155.8591,155.7598,154.8197,156.3102
-35.76081,-37.22761,-38.46663,-39.91916,-41.61057,-43.06536,-44.25806,-46.23224,-47.13399,-49.13465,-50.28793,-51.7214,-53.15092,-54.89371,-56.32329,-57.74859,-59.5115,-61.6365,-64.14786,-67.06972,-70.05143,-73.47522,-76.97403,-78.55357,-79.31365,-80.0358,-80.72009,-81.3666,-82.41378,-82.99279,-83.98824,-84.5,-85.44382,-86.36574,-87.75054,-89.12866,-90.5,-92.37198,-94.25197,-96.13974,-97.50514,-99.40043,-101.3029,-102.6603,-105.1283,-107.0508,-108.4059,-111.495
168.2414,167.9229,167.5917,166.2753,166.8909,166.5214,166.1392,165.7444,165.337,164.917,164.4844,164.0393,163.5817,163.1117,163.5747,163.077,163.5065,164.8543,167.1109,170.2664,173.3834,177.3849,180.419,180.6608,177.2278,175.6225,173.1048,171.4912,168.9733,167.3527,164.8362,162.323,160.6965,158.1871,158.3062,157.5344,157.6166,156.8165,156.8616,156.8858,156.8889,156.0274,155.9927,155.9366,155.03,155.7598,154.8197,156.3102
-35.76081,-37.22761,-38.69158,-39.91916,-41.61057,-43.06536,-44.51688,-45.965,-47.40963,-48.85064,-50.28793,-51.7214,-53.15092,-54.5764,-56.32329,-57.74859,-59.5115,-61.6365,-64.14786,-67.06972,-70.05143,-73.47522,-76.5833,-78.55357,-78.90691,-80.0358,-80.72009,-81.79711,-82.41378,-83.43899,-83.98824,-84.5,-85.44382,-85.88858,-87.75054,-89.12866,-91,-92.37198,-94.25197,-96.13974,-98.03506,-99.40043,-101.3029,-103.2122,-104.5691,-107.0508,-108.4059,-111.495
168.2414,167.9229,167.5917,167.2476,165.9206,165.5532,166.1392,165.7444,165.337,164.917,164.4844,164.0393,164.5328,163.1117,163.5747,163.077,163.5065,164.8543,167.1109,170.2664,174.3106,177.3849,181.3395,180.6608,178.1414,175.6225,173.1048,171.4912,168.9733,166.4578,164.8362,162.323,160.6965,159.0659,158.3062,157.5344,157.6166,156.8165,156.8616,156.8858,156.8889,156.8708,156.8314,155.9366,155.8591,155.7598,154.8197,155.4961
-35.76081,-37.22761,-38.69158,-40.1526,-41.36864,-42.81498,-44.51688,-45.965,-47.40963,-48.85064,-50.28793,-51.7214,-53.45994,-54.5764,-56.32329,-57.74859,-59.5115,-61.6365,-64.14786,-67.06972,-70.42604,-73.47522,-76.97403,-78.55357,-79.31365,-80.0358,-80.72009,-81.79711,-82.41378,-82.99279,-83.98824,-84.5,-85.44382,-86.36574,-87.75054,-89.12866,-91,-92.37198,-94.25197,-96.13974,-98.03506,-99.93773,-101.8475,-103.2122,-105.1283,-107.0508,-108.4059,-110.9143
