174.6979,173.9386,173.1478,174.0491,173.2051,173.2008,174.0493,173.127,173.9407,172.9671,174.6373,174.5122,173.4673,174.199,175.8237,177.4424,179.0549,180.6608,183.1805,184.7759,187.2911,188.8748,191.384,192.9545,194.5164,197.0121,192.8858,183.9748,177.8476,174.5302,175.0038,175.464,174.9496,175.3807,175.7985,175.2347,175.6235,175.999,176.361,175.7333,176.0666,176.3864,176.6929,176.9859,178.2502
109.1634,106.5897,104.0377,102.5227,100,97.99229,96.47711,94.00028,92.4859,90.04098,88.98214,87.00857,84.60563,83.08864,81.98794,80.86518,79.72038,78.55357,77.75549,76.53669,75.67053,74.39975,73.46543,72.14272,70.79817,69.76563,66.4159,61.5571,57.78618,55.02916,53.50402,51.97481,50.166,48.63738,47.10507,45.31878,43.78786,42.25361,40.71614,38.95913,37.4241,35.88623,34.34562,32.80239,31.43032
173.0018,173.9386,174.005,173.1875,173.2051,173.2008,173.1747,173.127,173.0577,173.8541,173.7463,174.5122,173.4673,175.1015,175.8237,177.4424,179.0549,180.6608,183.1805,184.7759,187.2911,188.8748,191.384,192.9545,194.5164,197.0121,191.9403,183.9748,177.8476,174.5302,175.0038,174.5052,174.9496,175.3807,175.7985,175.2347,175.6235,175.999,175.3866,175.7333,176.0666,177.3664,176.6929,176.9859,177.2654
108.1035,106.5897,104.5527,102.0152,100,97.99229,95.9923,94.00028,92.01643,90.50273,88.52815,87.00857,84.60563,83.51915,81.98794,80.86518,79.72038,78.55357,77.75549,76.53669,75.67053,74.39975,73.46543,72.14272,70.79817,69.76563,66.09034,61.5571,57.78618,55.02916,53.50402,51.69079,50.166,48.63738,47.10507,45.31878,43.78786,42.25361,40.49119,38.95913,37.4241,36.0856,34.34562,32.80239,31.25667
173.8499,173.9386,173.1478,173.1875,173.2051,173.2008,173.1747,174.0058,173.0577,172.9671,174.6373,174.5122,174.366,174.199,175.8237,177.4424,179.0549,180.6608,183.1805,184.7759,187.2911,188.8748,191.384,192.9545,194.5164,197.0121,191.9403,183.0265,177.8476,174.5302,175.0038,174.5052,174.9496,175.3807,175.7985,175.2347,175.6235,175.999,176.361,176.7096,176.0666,176.3864,176.6929,176.9859,177.2654
108.6334,106.5897,104.0377,102.0152,100,97.99229,95.9923,94.47743,92.01643,90.04098,88.98214,87.00857,85.044,83.08864,81.98794,80.86518,79.72038,78.55357,77.75549,76.53669,75.67053,74.39975,73.46543,72.14272,70.79817,69.76563,66.09034,61.2398,57.78618,55.02916,53.50402,51.69079,50.166,48.63738,47.10507,45.31878,43.78786,42.25361,40.71614,39.17557,37.4241,35.88623,34.34562,32.80239,31.25667
173.0018,173.9386,174.005,173.1875,173.2051,173.2008,173.1747,174.0058,173.9407,173.8541,174.6373,174.5122,173.4673,174.199,175.8237,177.4424,179.0549,180.6608,183.1805,184.7759,187.2911,188.8748,191.384,192.9545,194.5164,197.0121,191.9403,183.9748,177.8476,174.5302,175.0038,175.464,174.9496,175.3807,175.7985,176.2029,175.6235,175.999,176.361,175.7333,176.0666,176.3864,176.6929,176.9859,176.2806
108.1035,106.5897,104.5527,102.0152,100,97.99229,95.9923,94.47743,92.4859,90.50273,88.98214,87.00857,84.60563,83.08864,81.98794,80.86518,79.72038,78.55357,77.75549,76.53669,75.67053,74.39975,73.46543,72.14272,70.79817,69.76563,66.09034,61.5571,57.78618,55.02916,53.50402,51.97481,50.166,48.63738,47.10507,45.56916,43.78786,42.25361,40.71614,38.95913,37.4241,35.88623,34.34562,32.80239,31.08302
173.8499,173.9386,173.1478,173.1875,174.0711,173.2008,173.1747,173.127,173.0577,173.8541,174.6373,174.5122,173.4673,174.199,175.8237,177.4424,179.0549,180.6608,183.1805,184.7759,187.2911,188.8748,191.384,192.9545,194.5164,197.0121,191.9403,184.9231,177.8476,174.5302,175.0038,175.464,175.9109,175.3807,175.7985,176.2029,175.6235,175.999,176.361,176.7096,176.0666,176.3864,176.6929,176.9859,176.2806
108.6334,106.5897,104.0377,102.0152,100.5,97.99229,95.9923,94.00028,92.01643,90.50273,88.98214,87.00857,84.60563,83.08864,81.98794,80.86518,79.72038,78.55357,77.75549,76.53669,75.67053,74.39975,73.46543,72.14272,70.79817,69.76563,66.09034,61.87441,57.78618,55.02916,53.50402,51.97481,50.44164,48.63738,47.10507,45.56916,43.78786,42.25361,40.71614,39.17557,37.4241,35.88623,34.34562,32.80239,31.08302
173.0018,173.9386,173.1478,173.1875,173.2051,173.2008,173.1747,173.127,173.0577,172.9671,174.6373,174.5122,174.366,175.1015,175.8237,177.4424,179.0549,180.6608,183.1805,184.7759,187.2911,188.8748,191.384,192.9545,194.5164,197.0121,191.9403,184.9231,177.8476,174.5302,175.0038,175.464,174.9496,175.3807,174.8326,175.2347,176.5938,175.999,176.361,175.7333,176.0666,176.3864,176.6929,176.9859,177.2654
108.1035,106.5897,104.0377,102.0152,100,97.99229,95.9923,94.00028,92.01643,90.04098,88.98214,87.00857,85.044,83.51915,81.98794,80.86518,79.72038,78.55357,77.75549,76.53669,75.67053,74.39975,73.46543,72.14272,70.79817,69.76563,66.09034,61.87441,57.78618,55.02916,53.50402,51.97481,50.166,48.63738,46.84625,45.31878,44.02978,42.25361,40.71614,38.95913,37.4241,35.88623,34.34562,32.80239,31.25667
173.8499,173.086,173.1478,173.1875,173.2051,173.2008,173.1747,174.0058,173.0577,173.8541,173.7463,174.5122,174.366,174.199,175.8237,177.4424,179.0549,180.6608,183.1805,184.7759,187.2911,188.8748,190.4504,192.9545,194.5164,197.0121,191.9403,184.9231,177.8476,174.5302,175.0038,175.464,174.9496,175.3807,175.7985,175.2347,175.6235,175.999,175.3866,175.7333,176.0666,176.3864,176.6929,176.9859,178.2502
108.6334,106.0672,104.0377,102.0152,100,97.99229,95.9923,94.47743,92.01643,90.50273,88.52815,87.00857,85.044,83.08864,81.98794,80.86518,79.72038,78.55357,77.75549,76.53669,75.67053,74.39975,73.10706,72.14272,70.79817,69.76563,66.09034,61.87441,57.78618,55.02916,53.50402,51.97481,50.166,48.63738,47.10507,45.31878,43.78786,42.25361,40.49119,38.95913,37.4241,35.88623,34.34562,32.80239,31.43032
173.0018,173.9386,173.1478,173.1875,173.2051,173.2008,173.1747,173.127,173.0577,173.8541,174.6373,174.5122,173.4673,174.199,175.8237,177.4424,179.0549,180.6608,183.1805,184.7759,187.2911,188.8748,191.384,192.9545,194.5164,197.0121,191.9403,183.9748,177.8476,173.5765,175.0038,174.5052,174.9496,175.3807,175.7985,176.2029,175.6235,175.999,176.361,176.7096,176.0666,176.3864,176.6929,176.9859,178.2502
108.1035,106.5897,104.0377,102.0152,100,97.99229,95.9923,94.00028,92.01643,90.50273,88.98214,87.00857,84.60563,83.08864,81.98794,80.86518,79.72038,78.55357,77.75549,76.53669,75.67053,74.39975,73.46543,72.14272,70.79817,69.76563,66.09034,61.5571,57.78618,54.72846,53.50402,51.69079,50.166,48.63738,47.10507,45.56916,43.78786,42.25361,40.71614,39.17557,37.4241,35.88623,34.34562,32.80239,31.43032
173.0018,173.9386,173.1478,173.1875,173.2051,173.2008,173.1747,174.0058,173.0577,172.9671,174.6373,174.5122,173.4673,174.199,175.8237,177.4424,179.0549,180.6608,183.1805,184.7759,187.2911,188.8748,191.384,192.9545,194.5164,197.0121,192.8858,184.9231,177.8476,174.5302,175.0038,175.464,174.9496,175.3807,175.7985,175.2347,175.6235,175.999,176.361,175.7333,176.0666,176.3864,176.6929,176.9859,176.2806
108.1035,106.5897,104.0377,102.0152,100,97.99229,95.9923,94.47743,92.01643,90.04098,88.98214,87.00857,84.60563,83.08864,81.98794,80.86518,79.72038,78.55357,77.75549,76.53669,75.67053,74.39975,73.46543,72.14272,70.79817,69.76563,66.4159,61.87441,57.78618,55.02916,53.50402,51.97481,50.166,48.63738,47.10507,45.31878,43.78786,42.25361,40.71614,38.95913,37.4241,35.88623,34.34562,32.80239,31.08302
173.0018,173.9386,174.005,173.1875,173.2051,174.0711,173.1747,173.127,173.0577,173.8541,174.6373,174.5122,173.4673,174.199,175.8237,177.4424,179.0549,181.5779,183.1805,184.7759,186.364,188.8748,190.4504,192.9545,194.5164,197.0121,191.9403,184.9231,177.8476,174.5302,175.0038,175.464,174.9496,175.3807,175.7985,175.2347,175.6235,175.999,176.361,176.7096,176.0666,176.3864,176.6929,176.9859,178.2502
108.1035,106.5897,104.5527,102.0152,100,98.48471,95.9923,94.00028,92.01643,90.50273,88.98214,87.00857,84.60563,83.08864,81.98794,80.86518,79.72038,78.95232,77.75549,76.53669,75.29593,74.39975,73.10706,72.14272,70.79817,69.76563,66.09034,61.87441,57.78618,55.02916,53.50402,51.97481,50.166,48.63738,47.10507,45.31878,43.78786,42.25361,40.71614,39.17557,37.4241,35.88623,34.34562,32.80239,31.43032
173.8499,173.9386,173.1478,173.1875,173.2051,173.2008,173.1747,173.127,173.0577,172.9671,174.6373,174.5122,173.4673,174.199,175.8237,177.4424,179.0549,180.6608,183.1805,184.7759,187.2911,188.8748,191.384,192.9545,194.5164,197.0121,191.9403,183.9748,177.8476,174.5302,175.0038,175.464,174.9496,175.3807,175.7985,175.2347,175.6235,175.999,176.361,175.7333,176.0666,176.3864,176.6929,176.9859,178.2502
108.6334,106.5897,104.0377,102.0152,100,97.99229,95.9923,94.00028,92.01643,90.04098,88.98214,87.00857,84.60563,83.08864,81.98794,80.86518,79.72038,78.55357,77.75549,76.53669,75.67053,74.39975,73.46543,72.14272,70.79817,69.76563,66.09034,61.5571,57.78618,55.02916,53.50402,51.97481,50.166,48.63738,47.10507,45.31878,43.78786,42.25361,40.71614,38.95913,37.4241,35.88623,34.34562,32.80239,31.43032
173.8499,173.9386,173.1478,173.1875,173.2051,173.2008,173.1747,173.127,173.9407,173.8541,174.6373,174.5122,173.4673,174.199,175.8237,177.4424,179.0549,181.5779,183.1805,184.7759,187.2911,188.8748,191.384,192.9545,194.5164,197.0121,191.9403,184.9231,177.8476,174.5302,175.0038,175.464,174.9496,175.3807,175.7985,175.2347,175.6235,175.999,175.3866,175.7333,176.0666,176.3864,176.6929,176.9859,178.2502
108.6334,106.5897,104.0377,102.0152,100,97.99229,95.9923,94.00028,92.4859,90.50273,88.98214,87.00857,84.60563,83.08864,81.98794,80.86518,79.72038,78.95232,77.75549,76.53669,75.67053,74.39975,73.46543,72.14272,70.79817,69.76563,66.09034,61.87441,57.78618,55.02916,53.50402,51.97481,50.166,48.63738,47.10507,45.31878,43.78786,42.25361,40.49119,38.95913,37.4241,35.88623,34.34562,32.80239,31.43032
173.8499,173.9386,174.005,174.0491,173.2051,174.0711,173.1747,173.127,173.0577,172.9671,174.6373,174.5122,173.4673,174.199,175.8237,177.4424,179.0549,180.6608,183.1805,184.7759,187.2911,188.8748,191.384,192.9545,194.5164,197.0121,191.9403,184.9231,177.8476,174.5302,175.0038,175.464,175.9109,175.3807,175.7985,176.2029,175.6235,175.999,176.361,175.7333,176.0666,176.3864,176.6929,176.9859,177.2654
108.6334,106.5897,104.5527,102.5227,100,98.48471,95.9923,94.00028,92.01643,90.04098,88.98214,87.00857,84.60563,83.08864,81.98794,80.86518,79.72038,78.55357,77.75549,76.53669,75.67053,74.39975,73.46543,72.14272,70.79817,69.76563,66.09034,61.87441,57.78618,55.02916,53.50402,51.97481,50.44164,48.63738,47.10507,45.56916,43.78786,42.25361,40.71614,38.95913,37.4241,35.88623,34.34562,32.80239,31.25667
173.0018,173.9386,173.1478,173.1875,173.2051,173.2008,174.0493,174.0058,173.9407,173.8541,174.6373,174.5122,174.366,175.1015,175.8237,177.4424,179.0549,180.6608,183.1805,184.7759,187.2911,188.8748,191.384,192.9545,194.5164,197.0121,191.9403,183.9748,177.8476,174.5302,175.0038,175.464,174.9496,175.3807,175.7985,175.2347,175.6235,175.0266,175.3866,175.7333,176.0666,176.3864,176.6929,176.9859,177.2654
108.1035,106.5897,104.0377,102.0152,100,97.99229,96.47711,94.47743,92.4859,90.50273,88.98214,87.00857,85.044,83.51915,81.98794,80.86518,79.72038,78.55357,77.75549,76.53669,75.67053,74.39975,73.46543,72.14272,70.79817,69.76563,66.09034,61.5571,57.78618,55.02916,53.50402,51.97481,50.166,48.63738,47.10507,45.31878,43.78786,42.02017,40.49119,38.95913,37.4241,35.88623,34.34562,32.80239,31.25667
174.6979,173.9386,173.1478,173.1875,173.2051,173.2008,174.0493,174.0058,173.9407,173.8541,174.6373,174.5122,173.4673,175.1015,175.8237,177.4424,179.0549,180.6608,183.1805,184.7759,187.2911,188.8748,191.384,192.9545,194.5164,197.0121,191.9403,183.9748,177.8476,174.5302,175.0038,175.464,174.9496,175.3807,175.7985,175.2347,175.6235,175.999,176.361,175.7333,176.0666,176.3864,176.6929,176.9859,176.2806
109.1634,106.5897,104.0377,102.0152,100,97.99229,96.47711,94.47743,92.4859,90.50273,88.98214,87.00857,84.60563,83.51915,81.98794,80.86518,79.72038,78.55357,77.75549,76.53669,75.67053,74.39975,73.46543,72.14272,70.79817,69.76563,66.09034,61.5571,57.78618,55.02916,53.50402,51.97481,50.166,48.63738,47.10507,45.31878,43.78786,42.25361,40.71614,38.95913,37.4241,35.88623,34.34562,32.80239,31.08302
173.8499,173.9386,174.005,173.1875,173.2051,173.2008,174.0493,173.127,173.9407,173.8541,174.6373,174.5122,174.366,174.199,175.8237,177.4424,179.0549,181.5779,183.1805,185.6998,187.2911,188.8748,191.384,192.9545,194.5164,197.0121,191.9403,183.0265,177.8476,174.5302,175.0038,175.464,174.9496,175.3807,175.7985,175.2347,175.6235,175.999,176.361,176.7096,176.0666,176.3864,176.6929,176.9859,177.2654
108.6334,106.5897,104.5527,102.0152,100,97.99229,96.47711,94.00028,92.4859,90.50273,88.98214,87.00857,85.044,83.08864,81.98794,80.86518,79.72038,78.95232,77.75549,76.91937,75.67053,74.39975,73.46543,72.14272,70.79817,69.76563,66.09034,61.2398,57.78618,55.02916,53.50402,51.97481,50.166,48.63738,47.10507,45.31878,43.78786,42.25361,40.71614,39.17557,37.4241,35.88623,34.34562,32.80239,31.25667
174.6979,173.9386,173.1478,173.1875,173.2051,173.2008,173.1747,173.127,173.9407,172.9671,174.6373,174.5122,174.366,174.199,175.8237,177.4424,179.0549,180.6608,183.1805,184.7759,187.2911,188.8748,191.384,192.9545,194.5164,197.0121,191.9403,183.9748,177.8476,174.5302,175.0038,175.464,174.9496,175.3807,175.7985,175.2347,175.6235,175.999,176.361,175.7333,176.0666,176.3864,176.6929,176.9859,178.2502
109.1634,106.5897,104.0377,102.0152,100,97.99229,95.9923,94.00028,92.4859,90.04098,88.98214,87.00857,85.044,83.08864,81.98794,80.86518,79.72038,78.55357,77.75549,76.53669,75.67053,74.39975,73.46543,72.14272,70.79817,69.76563,66.09034,61.5571,57.78618,55.02916,53.50402,51.97481,50.166,48.63738,47.10507,45.31878,43.78786,42.25361,40.71614,38.95913,37.4241,35.88623,34.34562,32.80239,31.43032
173.8499,173.9386,174.005,173.1875,173.2051,173.2008,173.1747,173.127,173.9407,173.8541,174.6373,174.5122,173.4673,174.199,175.8237,177.4424,179.0549,180.6608,183.1805,184.7759,187.2911,188.8748,191.384,192.9545,194.5164,197.0121,192.8858,183.0265,177.8476,174.5302,175.0038,175.464,174.9496,175.3807,175.7985,176.2029,175.6235,175.0266,176.361,176.7096,176.0666,176.3864,176.6929,176.9859,177.2654
108.6334,106.5897,104.5527,102.0152,100,97.99229,95.9923,94.00028,92.4859,90.50273,88.98214,87.00857,84.60563,83.08864,81.98794,80.86518,79.72038,78.55357,77.75549,76.53669,75.67053,74.39975,73.46543,72.14272,70.79817,69.76563,66.4159,61.2398,57.78618,55.02916,53.50402,51.97481,50.166,48.63738,47.10507,45.56916,43.78786,42.02017,40.71614,39.17557,37.4241,35.88623,34.34562,32.80239,31.25667
173.8499,173.9386,173.1478,174.0491,173.2051,173.2008,173.1747,173.127,173.0577,172.9671,173.7463,174.5122,173.4673,174.199,175.8237,177.4424,179.0549,180.6608,183.1805,184.7759,187.2911,188.8748,191.384,192.9545,194.5164,197.0121,191.9403,183.0265,177.8476,174.5302,175.0038,175.464,174.9496,175.3807,175.7985,175.2347,175.6235,175.999,175.3866,175.7333,176.0666,176.3864,176.6929,176.0026,176.2806
108.6334,106.5897,104.0377,102.5227,100,97.99229,95.9923,94.00028,92.01643,90.04098,88.52815,87.00857,84.60563,83.08864,81.98794,80.86518,79.72038,78.55357,77.75549,76.53669,75.67053,74.39975,73.46543,72.14272,70.79817,69.76563,66.09034,61.2398,57.78618,55.02916,53.50402,51.97481,50.166,48.63738,47.10507,45.31878,43.78786,42.25361,40.49119,38.95913,37.4241,35.88623,34.34562,32.62016,31.08302
173.8499,173.9386,174.005,173.1875,173.2051,173.2008,173.1747,173.127,173.9407,173.8541,174.6373,174.5122,173.4673,174.199,175.8237,177.4424,179.0549,180.6608,183.1805,184.7759,187.2911,188.8748,191.384,192.9545,194.5164,197.0121,191.9403,183.0265,177.8476,174.5302,175.0038,175.464,175.9109,175.3807,174.8326,176.2029,175.6235,175.999,176.361,175.7333,176.0666,176.3864,176.6929,176.9859,178.2502
108.6334,106.5897,104.5527,102.0152,100,97.99229,95.9923,94.00028,92.4859,90.50273,88.98214,87.00857,84.60563,83.08864,81.98794,80.86518,79.72038,78.55357,77.75549,76.53669,75.67053,74.39975,73.46543,72.14272,70.79817,69.76563,66.09034,61.2398,57.78618,55.02916,53.50402,51.97481,50.44164,48.63738,46.84625,45.56916,43.78786,42.25361,40.71614,38.95913,37.4241,35.88623,34.34562,32.80239,31.43032
173.8499,173.9386,174.005,174.0491,174.0711,174.0711,174.0493,174.0058,173.9407,173.8541,174.6373,174.5122,173.4673,175.1015,176.73,178.3524,179.9685,181.5779,184.101,185.6998,188.2183,189.8052,192.3176,192.9545,195.4561,197.0121,192.8858,183.0265,176.8965,174.5302,175.0038,174.5052,175.9109,175.3807,175.7985,175.2347,175.6235,175.0266,176.361,175.7333,176.0666,176.3864,176.6929,176.9859,177.2654
108.6334,106.5897,104.5527,102.5227,100.5,98.48471,96.47711,94.47743,92.4859,90.50273,88.98214,87.00857,84.60563,83.51915,82.41056,81.27988,80.12712,78.95232,78.14623,76.91937,76.04514,74.76625,73.8238,72.14272,71.14019,69.76563,66.4159,61.2398,57.47716,55.02916,53.50402,51.69079,50.44164,48.63738,47.10507,45.31878,43.78786,42.02017,40.71614,38.95913,37.4241,35.88623,34.34562,32.80239,31.25667
173.0018,173.9386,174.8621,174.0491,174.0711,174.0711,174.0493,174.0058,173.9407,173.8541,174.6373,174.5122,175.2648,175.1015,176.73,178.3524,179.9685,181.5779,184.101,185.6998,188.2183,189.8052,192.3176,192.9545,195.4561,197.0121,191.9403,183.0265,177.8476,174.5302,175.0038,175.464,174.9496,175.3807,175.7985,175.2347,175.6235,175.999,175.3866,175.7333,176.0666,176.3864,176.6929,176.9859,177.2654
108.1035,106.5897,105.0678,102.5227,100.5,98.48471,96.47711,94.47743,92.4859,90.50273,88.98214,87.00857,85.48237,83.51915,82.41056,81.27988,80.12712,78.95232,78.14623,76.91937,76.04514,74.76625,73.8238,72.14272,71.14019,69.76563,66.09034,61.2398,57.78618,55.02916,53.50402,51.97481,50.166,48.63738,47.10507,45.31878,43.78786,42.25361,40.49119,38.95913,37.4241,35.88623,34.34562,32.80239,31.25667
173.8499,173.9386,174.8621,174.0491,174.0711,174.0711,174.0493,174.0058,173.9407,173.8541,174.6373,174.5122,175.2648,175.1015,177.6363,178.3524,179.9685,181.5779,184.101,185.6998,188.2183,189.8052,192.3176,192.9545,195.4561,197.0121,191.9403,183.9748,177.8476,174.5302,175.0038,175.464,174.9496,175.3807,175.7985,175.2347,175.6235,175.999,176.361,175.7333,176.0666,176.3864,176.6929,176.9859,176.2806
108.6334,106.5897,105.0678,102.5227,100.5,98.48471,96.47711,94.47743,92.4859,90.50273,88.98214,87.00857,85.48237,83.51915,82.83318,81.27988,80.12712,78.95232,78.14623,76.91937,76.04514,74.76625,73.8238,72.14272,71.14019,69.76563,66.09034,61.5571,57.78618,55.02916,53.50402,51.97481,50.166,48.63738,47.10507,45.31878,43.78786,42.25361,40.71614,38.95913,37.4241,35.88623,34.34562,32.80239,31.08302
173.0018,173.9386,174.005,174.0491,174.9371,174.0711,174.0493,174.0058,173.9407,173.8541,174.6373,174.5122,174.366,175.1015,176.73,178.3524,179.9685,181.5779,184.101,185.6998,188.2183,189.8052,192.3176,192.9545,195.4561,197.0121,191.9403,183.0265,176.8965,174.5302,175.0038,174.5052,174.9496,175.3807,175.7985,175.2347,175.6235,175.0266,176.361,175.7333,176.0666,176.3864,176.6929,176.9859,176.2806
108.1035,106.5897,104.5527,102.5227,101,98.48471,96.47711,94.47743,92.4859,90.50273,88.98214,87.00857,85.044,83.51915,82.41056,81.27988,80.12712,78.95232,78.14623,76.91937,76.04514,74.76625,73.8238,72.14272,71.14019,69.76563,66.09034,61.2398,57.47716,55.02916,53.50402,51.69079,50.166,48.63738,47.10507,45.31878,43.78786,42.02017,40.71614,38.95913,37.4241,35.88623,34.34562,32.80239,31.08302
173.0018,173.9386,174.005,174.0491,174.0711,174.0711,174.0493,174.0058,173.9407,173.8541,173.7463,174.5122,174.366,175.1015,176.73,178.3524,179.9685,182.495,184.101,185.6998,188.2183,189.8052,191.384,193.8911,195.4561,197.0121,191.9403,183.0265,177.8476,174.5302,175.0038,175.464,174.9496,175.3807,175.7985,175.2347,175.6235,175.999,175.3866,175.7333,176.0666,176.3864,176.6929,176.9859,177.2654
108.1035,106.5897,104.5527,102.5227,100.5,98.48471,96.47711,94.47743,92.4859,90.50273,88.52815,87.00857,85.044,83.51915,82.41056,81.27988,80.12712,79.35106,78.14623,76.91937,76.04514,74.76625,73.46543,72.49293,71.14019,69.76563,66.09034,61.2398,57.78618,55.02916,53.50402,51.97481,50.166,48.63738,47.10507,45.31878,43.78786,42.25361,40.49119,38.95913,37.4241,35.88623,34.34562,32.80239,31.25667
173.0018,173.9386,174.8621,174.0491,174.0711,174.0711,174.0493,174.0058,173.9407,173.8541,174.6373,174.5122,174.366,175.1015,176.73,178.3524,179.9685,181.5779,183.1805,185.6998,187.2911,188.8748,192.3176,192.9545,195.4561,197.0121,191.9403,183.0265,177.8476,174.5302,175.0038,175.464,174.9496,175.3807,175.7985,175.2347,175.6235,175.999,176.361,176.7096,176.0666,176.3864,176.6929,176.9859,177.2654
108.1035,106.5897,105.0678,102.5227,100.5,98.48471,96.47711,94.47743,92.4859,90.50273,88.98214,87.00857,85.044,83.51915,82.41056,81.27988,80.12712,78.95232,77.75549,76.91937,75.67053,74.39975,73.8238,72.14272,71.14019,69.76563,66.09034,61.2398,57.78618,55.02916,53.50402,51.97481,50.166,48.63738,47.10507,45.31878,43.78786,42.25361,40.71614,39.17557,37.4241,35.88623,34.34562,32.80239,31.25667
173.8499,173.9386,174.8621,174.0491,174.0711,174.0711,174.0493,174.0058,173.9407,173.8541,174.6373,174.5122,175.2648,175.1015,176.73,178.3524,179.9685,181.5779,184.101,185.6998,188.2183,189.8052,192.3176,192.9545,195.4561,197.0121,191.9403,183.0265,177.8476,174.5302,175.0038,175.464,174.9496,175.3807,175.7985,176.2029,175.6235,175.999,176.361,175.7333,176.0666,176.3864,176.6929,176.9859,176.2806
108.6334,106.5897,105.0678,102.5227,100.5,98.48471,96.47711,94.47743,92.4859,90.50273,88.98214,87.00857,85.48237,83.51915,82.41056,81.27988,80.12712,78.95232,78.14623,76.91937,76.04514,74.76625,73.8238,72.14272,71.14019,69.76563,66.09034,61.2398,57.78618,55.02916,53.50402,51.97481,50.166,48.63738,47.10507,45.56916,43.78786,42.25361,40.71614,38.95913,37.4241,35.88623,34.34562,32.80239,31.08302
173.8499,173.9386,174.8621,174.0491,174.0711,174.0711,174.0493,174.0058,173.9407,173.8541,174.6373,174.5122,175.2648,176.0041,176.73,178.3524,179.9685,181.5779,184.101,185.6998,188.2183,189.8052,192.3176,192.9545,195.4561,197.0121,191.9403,183.9748,177.8476,174.5302,175.0038,174.5052,174.9496,175.3807,175.7985,176.2029,175.6235,175.999,175.3866,175.7333,176.0666,176.3864,176.6929,176.9859,176.2806
108.6334,106.5897,105.0678,102.5227,100.5,98.48471,96.47711,94.47743,92.4859,90.50273,88.98214,87.00857,85.48237,83.94966,82.41056,81.27988,80.12712,78.95232,78.14623,76.91937,76.04514,74.76625,73.8238,72.14272,71.14019,69.76563,66.09034,61.5571,57.78618,55.02916,53.50402,51.69079,50.166,48.63738,47.10507,45.56916,43.78786,42.25361,40.49119,38.95913,37.4241,35.88623,34.34562,32.80239,31.08302
173.8499,173.9386,174.8621,174.0491,174.0711,174.0711,174.0493,174.0058,173.9407,173.8541,174.6373,174.5122,174.366,175.1015,176.73,178.3524,179.9685,181.5779,184.101,185.6998,187.2911,189.8052,192.3176,192.9545,195.4561,197.0121,191.9403,183.0265,177.8476,174.5302,175.0038,175.464,174.9496,175.3807,175.7985,175.2347,175.6235,175.999,176.361,175.7333,176.0666,176.3864,176.6929,177.9691,176.2806
108.6334,106.5897,105.0678,102.5227,100.5,98.48471,96.47711,94.47743,92.4859,90.50273,88.98214,87.00857,85.044,83.51915,82.41056,81.27988,80.12712,78.95232,78.14623,76.91937,75.67053,74.76625,73.8238,72.14272,71.14019,69.76563,66.09034,61.2398,57.78618,55.02916,53.50402,51.97481,50.166,48.63738,47.10507,45.31878,43.78786,42.25361,40.71614,38.95913,37.4241,35.88623,34.34562,32.98463,31.08302
173.8499,173.9386,174.005,174.0491,174.0711,174.0711,174.0493,174.0058,173.9407,173.8541,174.6373,174.5122,174.366,175.1015,176.73,178.3524,179.9685,181.5779,184.101,185.6998,188.2183,190.7356,192.3176,192.9545,195.4561,197.0121,191.9403,183.9748,177.8476,174.5302,175.0038,175.464,174.9496,175.3807,175.7985,175.2347,175.6235,175.999,176.361,176.7096,176.0666,176.3864,176.6929,176.0026,176.2806
108.6334,106.5897,104.5527,102.5227,100.5,98.48471,96.47711,94.47743,92.4859,90.50273,88.98214,87.00857,85.044,83.51915,82.41056,81.27988,80.12712,78.95232,78.14623,76.91937,76.04514,75.13275,73.8238,72.14272,71.14019,69.76563,66.09034,61.5571,57.78618,55.02916,53.50402,51.97481,50.166,48.63738,47.10507,45.31878,43.78786,42.25361,40.71614,39.17557,37.4241,35.88623,34.34562,32.62016,31.08302
