173.6956,174.8686,175.0359,175.1897,175.3303,175.4575,175.5713,175.6717,175.7588,175.8325,176.8922,176.9393,176.973,176.9933,178,178.9932,177.9729,179.9383,184.8873,189.8192,188.741,186.6512,184.5493,183.4328,182.3036,181.1621,181.003,181.8236,182.6285,181.4344,182.2093,181.9789,182.7223,184.4354,184.159,184.8519,185.5275,184.2258,187.8043
21.32714,19.92377,18.39701,16.86885,15.33941,13.8088,12.27714,10.74454,9.211128,7.677012,6.177211,4.63332,3.089076,1.544597,0,-1.56205,-3.106528,-4.711851,-6.456407,-8.287684,-9.891496,-11.41608,-12.90495,-14.43647,-15.9495,-17.44393,-19.02418,-20.71619,-22.42396,-23.88629,-25.60785,-27.19693,-28.94038,-30.8639,-32.47221,-34.26028,-36.0629,-37.48117,-39.91904
173.6956,174.8686,175.0359,175.1897,175.3303,175.4575,175.5713,176.6699,175.7588,176.8315,176.8922,176.9393,176.973,176.9933,178,177.9932,178.9727,179.9383,184.8873,189.8192,188.741,185.6531,185.5469,182.4359,182.3036,180.1667,181.003,181.8236,181.6359,182.4259,182.2093,181.9789,183.71,183.4491,184.159,184.8519,185.5275,185.2058,187.8043
21.32714,19.92377,18.39701,16.86885,15.33941,13.8088,12.27714,10.80559,9.211128,7.720632,6.177211,4.63332,3.089076,1.544597,0,-1.553323,-3.123981,-4.711851,-6.456407,-8.287684,-9.891496,-11.35503,-12.9747,-14.35801,-15.9495,-17.34808,-19.02418,-20.71619,-22.30209,-24.01682,-25.60785,-27.19693,-29.09681,-30.69885,-32.47221,-34.26028,-36.0629,-37.68054,-39.91904
173.6956,174.8686,175.0359,175.1897,175.3303,175.4575,176.5688,175.6717,175.7588,175.8325,175.8928,176.9393,176.973,176.9933,177,178.9932,177.9729,179.9383,184.8873,190.8182,188.741,185.6531,185.5469,183.4328,182.3036,180.1667,181.003,181.8236,181.6359,182.4259,182.2093,181.9789,183.71,184.4354,185.1439,184.8519,184.5459,185.2058,187.8043
21.32714,19.92377,18.39701,16.86885,15.33941,13.8088,12.3469,10.74454,9.211128,7.677012,6.142311,4.63332,3.089076,1.544597,0,-1.56205,-3.106528,-4.711851,-6.456407,-8.331303,-9.891496,-11.35503,-12.9747,-14.43647,-15.9495,-17.34808,-19.02418,-20.71619,-22.30209,-24.01682,-25.60785,-27.19693,-29.09681,-30.8639,-32.64586,-34.26028,-35.87209,-37.68054,-39.91904
174.6881,174.8686,175.0359,175.1897,175.3303,175.4575,175.5713,175.6717,175.7588,175.8325,176.8922,176.9393,176.973,176.9933,178,178.9932,178.9727,179.9383,184.8873,189.8192,188.741,185.6531,184.5493,182.4359,182.3036,180.1667,181.003,181.8236,181.6359,182.4259,182.2093,182.9679,182.7223,183.4491,184.159,183.8687,184.5459,186.1857,187.8043
21.449,19.92377,18.39701,16.86885,15.33941,13.8088,12.27714,10.74454,9.211128,7.677012,6.177211,4.63332,3.089076,1.544597,0,-1.56205,-3.123981,-4.711851,-6.456407,-8.287684,-9.891496,-11.35503,-12.90495,-14.35801,-15.9495,-17.34808,-19.02418,-20.71619,-22.30209,-24.01682,-25.60785,-27.34474,-28.94038,-30.69885,-32.47221,-34.07804,-35.87209,-37.87991,-39.91904
174.6881,174.8686,175.0359,175.1897,175.3303,175.4575,175.5713,175.6717,175.7588,175.8325,175.8928,176.9393,176.973,176.9933,177,177.9932,177.9729,179.9383,184.8873,190.8182,188.741,186.6512,184.5493,183.4328,182.3036,180.1667,181.003,181.8236,182.6285,182.4259,182.2093,182.9679,182.7223,183.4491,184.159,184.8519,185.5275,185.2058,187.8043
21.449,19.92377,18.39701,16.86885,15.33941,13.8088,12.27714,10.74454,9.211128,7.677012,6.142311,4.63332,3.089076,1.544597,0,-1.553323,-3.106528,-4.711851,-6.456407,-8.331303,-9.891496,-11.41608,-12.90495,-14.43647,-15.9495,-17.34808,-19.02418,-20.71619,-22.42396,-24.01682,-25.60785,-27.34474,-28.94038,-30.69885,-32.47221,-34.26028,-36.0629,-37.68054,-39.91904
174.6881,173.8751,175.0359,175.1897,175.3303,175.4575,175.5713,176.6699,175.7588,176.8315,176.8922,175.9397,176.973,176.9933,177,178.9932,177.9729,179.9383,184.8873,190.8182,188.741,185.6531,184.5493,183.4328,182.3036,180.1667,181.9975,180.8301,181.6359,182.4259,182.2093,181.9789,182.7223,184.4354,184.159,184.8519,185.5275,185.2058,187.8043
21.449,19.81056,18.39701,16.86885,15.33941,13.8088,12.27714,10.80559,9.211128,7.720632,6.177211,4.607143,3.089076,1.544597,0,-1.56205,-3.106528,-4.711851,-6.456407,-8.331303,-9.891496,-11.35503,-12.90495,-14.43647,-15.9495,-17.34808,-19.12871,-20.60298,-22.30209,-24.01682,-25.60785,-27.19693,-28.94038,-30.8639,-32.47221,-34.26028,-36.0629,-37.68054,-39.91904
174.6881,174.8686,175.0359,175.1897,175.3303,175.4575,175.5713,175.6717,175.7588,175.8325,175.8928,176.9393,176.973,176.9933,177,177.9932,177.9729,179.9383,184.8873,190.8182,188.741,186.6512,185.5469,183.4328,182.3036,180.1667,181.003,181.8236,182.6285,182.4259,182.2093,182.9679,183.71,183.4491,184.159,184.8519,184.5459,185.2058,187.8043
21.449,19.92377,18.39701,16.86885,15.33941,13.8088,12.27714,10.74454,9.211128,7.677012,6.142311,4.63332,3.089076,1.544597,0,-1.553323,-3.106528,-4.711851,-6.456407,-8.331303,-9.891496,-11.41608,-12.9747,-14.43647,-15.9495,-17.34808,-19.02418,-20.71619,-22.42396,-24.01682,-25.60785,-27.34474,-29.09681,-30.69885,-32.47221,-34.26028,-35.87209,-37.68054,-39.91904
174.6881,174.8686,175.0359,175.1897,175.3303,175.4575,175.5713,175.6717,175.7588,176.8315,175.8928,176.9393,176.973,176.9933,177,177.9932,177.9729,179.9383,184.8873,190.8182,188.741,185.6531,184.5493,182.4359,182.3036,180.1667,181.003,181.8236,181.6359,181.4344,182.2093,181.9789,182.7223,184.4354,183.1742,184.8519,184.5459,185.2058,187.8043
21.449,19.92377,18.39701,16.86885,15.33941,13.8088,12.27714,10.74454,9.211128,7.720632,6.142311,4.63332,3.089076,1.544597,0,-1.553323,-3.106528,-4.711851,-6.456407,-8.331303,-9.891496,-11.35503,-12.90495,-14.35801,-15.9495,-17.34808,-19.02418,-20.71619,-22.30209,-23.88629,-25.60785,-27.19693,-28.94038,-30.8639,-32.29856,-34.26028,-35.87209,-37.68054,-39.91904
173.6956,174.8686,174.0413,175.1897,175.3303,176.4544,175.5713,175.6717,175.7588,175.8325,176.8922,176.9393,176.973,176.9933,177,178.9932,178.9727,179.9383,184.8873,190.8182,188.741,186.6512,184.5493,183.4328,182.3036,180.1667,181.003,181.8236,181.6359,181.4344,182.2093,182.9679,182.7223,183.4491,185.1439,184.8519,185.5275,186.1857,187.8043
21.32714,19.92377,18.29248,16.86885,15.33941,13.88726,12.27714,10.74454,9.211128,7.677012,6.177211,4.63332,3.089076,1.544597,0,-1.56205,-3.123981,-4.711851,-6.456407,-8.331303,-9.891496,-11.41608,-12.90495,-14.43647,-15.9495,-17.34808,-19.02418,-20.71619,-22.30209,-23.88629,-25.60785,-27.34474,-28.94038,-30.69885,-32.64586,-34.26028,-36.0629,-37.87991,-39.91904
174.6881,174.8686,175.0359,175.1897,175.3303,175.4575,175.5713,175.6717,175.7588,175.8325,176.8922,176.9393,176.973,176.9933,177,177.9932,177.9729,179.9383,185.8867,190.8182,189.7396,185.6531,184.5493,183.4328,182.3036,180.1667,181.003,181.8236,181.6359,182.4259,182.2093,181.9789,182.7223,182.4628,184.159,184.8519,185.5275,185.2058,187.8043
21.449,19.92377,18.39701,16.86885,15.33941,13.8088,12.27714,10.74454,9.211128,7.677012,6.177211,4.63332,3.089076,1.544597,0,-1.553323,-3.106528,-4.711851,-6.491306,-8.331303,-9.943832,-11.35503,-12.90495,-14.43647,-15.9495,-17.34808,-19.02418,-20.71619,-22.30209,-24.01682,-25.60785,-27.19693,-28.94038,-30.53381,-32.47221,-34.26028,-36.0629,-37.68054,-39.91904
174.6881,174.8686,175.0359,175.1897,175.3303,175.4575,175.5713,175.6717,175.7588,175.8325,175.8928,176.9393,176.973,176.9933,177,178.9932,177.9729,179.9383,184.8873,190.8182,188.741,186.6512,184.5493,182.4359,182.3036,180.1667,181.003,181.8236,181.6359,181.4344,182.2093,181.9789,183.71,184.4354,184.159,184.8519,184.5459,185.2058,187.8043
21.449,19.92377,18.39701,16.86885,15.33941,13.8088,12.27714,10.74454,9.211128,7.677012,6.142311,4.63332,3.089076,1.544597,0,-1.56205,-3.106528,-4.711851,-6.456407,-8.331303,-9.891496,-11.41608,-12.90495,-14.35801,-15.9495,-17.34808,-19.02418,-20.71619,-22.30209,-23.88629,-25.60785,-27.19693,-29.09681,-30.8639,-32.47221,-34.26028,-35.87209,-37.68054,-39.91904
173.6956,174.8686,175.0359,175.1897,175.3303,175.4575,175.5713,175.6717,175.7588,175.8325,175.8928,176.9393,176.973,176.9933,178,178.9932,177.9729,179.9383,184.8873,189.8192,188.741,185.6531,184.5493,183.4328,182.3036,181.1621,181.003,181.8236,181.6359,181.4344,182.2093,182.9679,183.71,184.4354,184.159,184.8519,185.5275,185.2058,187.8043
21.32714,19.92377,18.39701,16.86885,15.33941,13.8088,12.27714,10.74454,9.211128,7.677012,6.142311,4.63332,3.089076,1.544597,0,-1.56205,-3.106528,-4.711851,-6.456407,-8.287684,-9.891496,-11.35503,-12.90495,-14.43647,-15.9495,-17.44393,-19.02418,-20.71619,-22.30209,-23.88629,-25.60785,-27.34474,-29.09681,-30.8639,-32.47221,-34.26028,-36.0629,-37.68054,-39.91904
174.6881,174.8686,175.0359,175.1897,175.3303,175.4575,175.5713,175.6717,175.7588,176.8315,176.8922,176.9393,176.973,176.9933,177,178.9932,178.9727,179.9383,184.8873,190.8182,188.741,185.6531,184.5493,183.4328,182.3036,180.1667,181.003,181.8236,181.6359,182.4259,182.2093,181.9789,182.7223,183.4491,184.159,184.8519,184.5459,185.2058,187.8043
21.449,19.92377,18.39701,16.86885,15.33941,13.8088,12.27714,10.74454,9.211128,7.720632,6.177211,4.63332,3.089076,1.544597,0,-1.56205,-3.123981,-4.711851,-6.456407,-8.331303,-9.891496,-11.35503,-12.90495,-14.43647,-15.9495,-17.34808,-19.02418,-20.71619,-22.30209,-24.01682,-25.60785,-27.19693,-28.94038,-30.69885,-32.47221,-34.26028,-35.87209,-37.68054,-39.91904
174.6881,174.8686,175.0359,175.1897,175.3303,175.4575,175.5713,175.6717,175.7588,175.8325,176.8922,176.9393,176.973,176.9933,177,178.9932,177.9729,179.9383,184.8873,190.8182,188.741,186.6512,184.5493,183.4328,181.3074,180.1667,181.003,181.8236,182.6285,182.4259,182.2093,181.9789,182.7223,184.4354,183.1742,184.8519,185.5275,184.2258,187.8043
21.449,19.92377,18.39701,16.86885,15.33941,13.8088,12.27714,10.74454,9.211128,7.677012,6.177211,4.63332,3.089076,1.544597,0,-1.56205,-3.106528,-4.711851,-6.456407,-8.331303,-9.891496,-11.41608,-12.90495,-14.43647,-15.86235,-17.34808,-19.02418,-20.71619,-22.42396,-24.01682,-25.60785,-27.19693,-28.94038,-30.8639,-32.29856,-34.26028,-36.0629,-37.48117,-39.91904
173.6956,174.8686,175.0359,175.1897,175.3303,175.4575,175.5713,175.6717,175.7588,175.8325,176.8922,176.9393,176.973,176.9933,177,177.9932,178.9727,179.9383,184.8873,190.8182,188.741,185.6531,184.5493,183.4328,182.3036,180.1667,181.003,181.8236,181.6359,182.4259,182.2093,181.9789,182.7223,183.4491,183.1742,183.8687,185.5275,185.2058,187.8043
21.32714,19.92377,18.39701,16.86885,15.33941,13.8088,12.27714,10.74454,9.211128,7.677012,6.177211,4.63332,3.089076,1.544597,0,-1.553323,-3.123981,-4.711851,-6.456407,-8.331303,-9.891496,-11.35503,-12.90495,-14.43647,-15.9495,-17.34808,-19.02418,-20.71619,-22.30209,-24.01682,-25.60785,-27.19693,-28.94038,-30.69885,-32.29856,-34.07804,-36.0629,-37.68054,-39.91904
173.6956,174.8686,175.0359,175.1897,175.3303,175.4575,175.5713,175.6717,175.7588,175.8325,176.8922,176.9393,176.973,176.9933,178,178.9932,177.9729,179.9383,184.8873,190.8182,188.741,185.6531,184.5493,183.4328,182.3036,180.1667,181.003,181.8236,181.6359,182.4259,182.2093,181.9789,182.7223,183.4491,183.1742,184.8519,185.5275,185.2058,187.8043
21.32714,19.92377,18.39701,16.86885,15.33941,13.8088,12.27714,10.74454,9.211128,7.677012,6.177211,4.63332,3.089076,1.544597,0,-1.56205,-3.106528,-4.711851,-6.456407,-8.331303,-9.891496,-11.35503,-12.90495,-14.43647,-15.9495,-17.34808,-19.02418,-20.71619,-22.30209,-24.01682,-25.60785,-27.19693,-28.94038,-30.69885,-32.29856,-34.26028,-36.0629,-37.68054,-39.91904
174.6881,174.8686,175.0359,175.1897,175.3303,175.4575,175.5713,175.6717,175.7588,175.8325,176.8922,176.9393,176.973,176.9933,177,178.9932,177.9729,179.9383,184.8873,190.8182,188.741,186.6512,184.5493,183.4328,182.3036,181.1621,181.003,181.8236,181.6359,181.4344,182.2093,181.9789,182.7223,183.4491,184.159,184.8519,184.5459,185.2058,187.8043
21.449,19.92377,18.39701,16.86885,15.33941,13.8088,12.27714,10.74454,9.211128,7.677012,6.177211,4.63332,3.089076,1.544597,0,-1.56205,-3.106528,-4.711851,-6.456407,-8.331303,-9.891496,-11.41608,-12.90495,-14.43647,-15.9495,-17.44393,-19.02418,-20.71619,-22.30209,-23.88629,-25.60785,-27.19693,-28.94038,-30.69885,-32.47221,-34.26028,-35.87209,-37.68054,-39.91904
173.6956,174.8686,175.0359,175.1897,175.3303,175.4575,175.5713,176.6699,175.7588,175.8325,176.8922,176.9393,176.973,176.9933,178,178.9932,177.9729,179.9383,184.8873,190.8182,188.741,186.6512,184.5493,183.4328,182.3036,180.1667,181.003,181.8236,182.6285,182.4259,182.2093,181.9789,182.7223,183.4491,184.159,184.8519,185.5275,186.1857,187.8043
21.32714,19.92377,18.39701,16.86885,15.33941,13.8088,12.27714,10.80559,9.211128,7.677012,6.177211,4.63332,3.089076,1.544597,0,-1.56205,-3.106528,-4.711851,-6.456407,-8.331303,-9.891496,-11.41608,-12.90495,-14.43647,-15.9495,-17.34808,-19.02418,-20.71619,-22.42396,-24.01682,-25.60785,-27.19693,-28.94038,-30.69885,-32.47221,-34.26028,-36.0629,-37.87991,-39.91904
174.6881,174.8686,175.0359,175.1897,175.3303,175.4575,176.5688,175.6717,175.7588,175.8325,176.8922,176.9393,176.973,176.9933,178,177.9932,177.9729,179.9383,184.8873,190.8182,188.741,186.6512,184.5493,182.4359,182.3036,180.1667,181.003,181.8236,181.6359,182.4259,182.2093,181.9789,182.7223,184.4354,184.159,184.8519,184.5459,185.2058,187.8043
21.449,19.92377,18.39701,16.86885,15.33941,13.8088,12.3469,10.74454,9.211128,7.677012,6.177211,4.63332,3.089076,1.544597,0,-1.553323,-3.106528,-4.711851,-6.456407,-8.331303,-9.891496,-11.41608,-12.90495,-14.35801,-15.9495,-17.34808,-19.02418,-20.71619,-22.30209,-24.01682,-25.60785,-27.19693,-28.94038,-30.8639,-32.47221,-34.26028,-35.87209,-37.68054,-39.91904
174.6881,173.8751,175.0359,175.1897,175.3303,175.4575,175.5713,175.6717,175.7588,175.8325,175.8928,176.9393,176.973,177.9932,178,178.9932,178.9727,179.9383,184.8873,190.8182,188.741,186.6512,184.5493,183.4328,181.3074,180.1667,181.003,181.8236,182.6285,181.4344,182.2093,181.9789,182.7223,183.4491,184.159,184.8519,185.5275,185.2058,187.8043
21.449,19.81056,18.39701,16.86885,15.33941,13.8088,12.27714,10.74454,9.211128,7.677012,6.142311,4.63332,3.089076,1.553323,0,-1.56205,-3.123981,-4.711851,-6.456407,-8.331303,-9.891496,-11.41608,-12.90495,-14.43647,-15.86235,-17.34808,-19.02418,-20.71619,-22.42396,-23.88629,-25.60785,-27.19693,-28.94038,-30.69885,-32.47221,-34.26028,-36.0629,-37.68054,-39.91904
174.6881,174.8686,174.0413,174.1943,175.3303,175.4575,175.5713,175.6717,175.7588,176.8315,176.8922,176.9393,176.973,176.9933,178,176.9933,177.9729,179.9383,184.8873,190.8182,188.741,186.6512,184.5493,183.4328,182.3036,180.1667,181.003,180.8301,181.6359,181.4344,182.2093,181.9789,182.7223,184.4354,184.159,184.8519,185.5275,185.2058,187.8043
21.449,19.92377,18.29248,16.77301,15.33941,13.8088,12.27714,10.74454,9.211128,7.720632,6.177211,4.63332,3.089076,1.544597,0,-1.544597,-3.106528,-4.711851,-6.456407,-8.331303,-9.891496,-11.41608,-12.90495,-14.43647,-15.9495,-17.34808,-19.02418,-20.60298,-22.30209,-23.88629,-25.60785,-27.19693,-28.94038,-30.8639,-32.47221,-34.26028,-36.0629,-37.68054,-39.91904
172.703,174.8686,175.0359,175.1897,175.3303,175.4575,176.5688,175.6717,176.7574,176.8315,176.8922,176.9393,176.973,176.9933,178,178.9932,177.9729,179.9383,184.8873,190.8182,188.741,186.6512,184.5493,183.4328,181.3074,181.1621,181.003,181.8236,181.6359,182.4259,182.2093,181.9789,182.7223,184.4354,185.1439,183.8687,185.5275,185.2058,187.8043
21.20527,19.92377,18.39701,16.86885,15.33941,13.8088,12.3469,10.74454,9.263464,7.720632,6.177211,4.63332,3.089076,1.544597,0,-1.56205,-3.106528,-4.711851,-6.456407,-8.331303,-9.891496,-11.41608,-12.90495,-14.43647,-15.86235,-17.44393,-19.02418,-20.71619,-22.30209,-24.01682,-25.60785,-27.19693,-28.94038,-30.8639,-32.64586,-34.07804,-36.0629,-37.68054,-39.91904
174.6881,174.8686,175.0359,175.1897,175.3303,175.4575,175.5713,175.6717,175.7588,175.8325,176.8922,176.9393,176.973,176.9933,178,177.9932,178.9727,179.9383,184.8873,190.8182,188.741,185.6531,184.5493,183.4328,181.3074,180.1667,181.003,181.8236,181.6359,182.4259,182.2093,181.9789,182.7223,183.4491,184.159,184.8519,184.5459,184.2258,187.8043
21.449,19.92377,18.39701,16.86885,15.33941,13.8088,12.27714,10.74454,9.211128,7.677012,6.177211,4.63332,3.089076,1.544597,0,-1.553323,-3.123981,-4.711851,-6.456407,-8.331303,-9.891496,-11.35503,-12.90495,-14.43647,-15.86235,-17.34808,-19.02418,-20.71619,-22.30209,-24.01682,-25.60785,-27.19693,-28.94038,-30.69885,-32.47221,-34.26028,-35.87209,-37.48117,-39.91904
173.6956,174.8686,175.0359,175.1897,175.3303,175.4575,175.5713,175.6717,175.7588,175.8325,176.8922,176.9393,176.973,176.9933,178,178.9932,178.9727,179.9383,184.8873,190.8182,188.741,186.6512,184.5493,183.4328,182.3036,180.1667,181.003,181.8236,181.6359,182.4259,182.2093,181.9789,182.7223,184.4354,184.159,184.8519,185.5275,185.2058,187.8043
21.32714,19.92377,18.39701,16.86885,15.33941,13.8088,12.27714,10.74454,9.211128,7.677012,6.177211,4.63332,3.089076,1.544597,0,-1.56205,-3.123981,-4.711851,-6.456407,-8.331303,-9.891496,-11.41608,-12.90495,-14.43647,-15.9495,-17.34808,-19.02418,-20.71619,-22.30209,-24.01682,-25.60785,-27.19693,-28.94038,-30.8639,-32.47221,-34.26028,-36.0629,-37.68054,-39.91904
174.6881,174.8686,175.0359,175.1897,175.3303,175.4575,175.5713,175.6717,175.7588,175.8325,176.8922,176.9393,176.973,176.9933,178,177.9932,177.9729,179.9383,184.8873,190.8182,188.741,186.6512,184.5493,183.4328,182.3036,181.1621,181.003,181.8236,182.6285,182.4259,182.2093,181.9789,182.7223,184.4354,183.1742,183.8687,185.5275,185.2058,187.8043
21.449,19.92377,18.39701,16.86885,15.33941,13.8088,12.27714,10.74454,9.211128,7.677012,6.177211,4.63332,3.089076,1.544597,0,-1.553323,-3.106528,-4.711851,-6.456407,-8.331303,-9.891496,-11.41608,-12.90495,-14.43647,-15.9495,-17.44393,-19.02418,-20.71619,-22.42396,-24.01682,-25.60785,-27.19693,-28.94038,-30.8639,-32.29856,-34.07804,-36.0629,-37.68054,-39.91904
174.6881,174.8686,175.0359,175.1897,175.3303,175.4575,175.5713,175.6717,175.7588,176.8315,176.8922,176.9393,176.973,176.9933,178,177.9932,178.9727,180.938,184.8873,189.8192,188.741,186.6512,184.5493,182.4359,182.3036,180.1667,181.003,181.8236,182.6285,181.4344,182.2093,182.9679,182.7223,184.4354,183.1742,184.8519,184.5459,185.2058,187.8043
21.449,19.92377,18.39701,16.86885,15.33941,13.8088,12.27714,10.74454,9.211128,7.720632,6.177211,4.63332,3.089076,1.544597,0,-1.553323,-3.123981,-4.738028,-6.456407,-8.287684,-9.891496,-11.41608,-12.90495,-14.35801,-15.9495,-17.34808,-19.02418,-20.71619,-22.42396,-23.88629,-25.60785,-27.34474,-28.94038,-30.8639,-32.29856,-34.26028,-35.87209,-37.68054,-39.91904
173.6956,174.8686,175.0359,175.1897,175.3303,175.4575,175.5713,175.6717,175.7588,176.8315,176.8922,176.9393,176.973,177.9932,178,178.9932,178.9727,179.9383,184.8873,190.8182,188.741,186.6512,184.5493,183.4328,182.3036,181.1621,181.003,181.8236,182.6285,181.4344,182.2093,182.9679,182.7223,183.4491,184.159,183.8687,185.5275,184.2258,187.8043
21.32714,19.92377,18.39701,16.86885,15.33941,13.8088,12.27714,10.74454,9.211128,7.720632,6.177211,4.63332,3.089076,1.553323,0,-1.56205,-3.123981,-4.711851,-6.456407,-8.331303,-9.891496,-11.41608,-12.90495,-14.43647,-15.9495,-17.44393,-19.02418,-20.71619,-22.42396,-23.88629,-25.60785,-27.34474,-28.94038,-30.69885,-32.47221,-34.07804,-36.0629,-37.48117,-39.91904
174.6881,173.8751,175.0359,175.1897,175.3303,175.4575,175.5713,175.6717,175.7588,175.8325,176.8922,176.9393,176.973,176.9933,177,178.9932,177.9729,179.9383,184.8873,189.8192,188.741,185.6531,184.5493,183.4328,182.3036,180.1667,181.003,181.8236,181.6359,181.4344,182.2093,182.9679,182.7223,182.4628,183.1742,184.8519,185.5275,186.1857,187.8043
21.449,19.81056,18.39701,16.86885,15.33941,13.8088,12.27714,10.74454,9.211128,7.677012,6.177211,4.63332,3.089076,1.544597,0,-1.56205,-3.106528,-4.711851,-6.456407,-8.287684,-9.891496,-11.35503,-12.90495,-14.43647,-15.9495,-17.34808,-19.02418,-20.71619,-22.30209,-23.88629,-25.60785,-27.34474,-28.94038,-30.53381,-32.29856,-34.26028,-36.0629,-37.87991,-39.91904
174.6881,174.8686,175.0359,175.1897,175.3303,175.4575,175.5713,175.6717,175.7588,175.8325,175.8928,176.9393,176.973,176.9933,178,178.9932,177.9729,179.9383,184.8873,190.8182,188.741,186.6512,184.5493,183.4328,182.3036,180.1667,181.003,181.8236,181.6359,182.4259,182.2093,181.9789,182.7223,183.4491,184.159,183.8687,185.5275,185.2058,187.8043
21.449,19.92377,18.39701,16.86885,15.33941,13.8088,12.27714,10.74454,9.211128,7.677012,6.142311,4.63332,3.089076,1.544597,0,-1.56205,-3.106528,-4.711851,-6.456407,-8.331303,-9.891496,-11.41608,-12.90495,-14.43647,-15.9495,-17.34808,-19.02418,-20.71619,-22.30209,-24.01682,-25.60785,-27.19693,-28.94038,-30.69885,-32.47221,-34.07804,-36.0629,-37.68054,-39.91904
173.6956,174.8686,175.0359,175.1897,175.3303,175.4575,175.5713,175.6717,175.7588,175.8325,176.8922,176.9393,176.973,176.9933,178,177.9932,178.9727,179.9383,184.8873,190.8182,188.741,185.6531,184.5493,183.4328,181.3074,180.1667,181.003,181.8236,181.6359,182.4259,183.1996,182.9679,183.71,183.4491,184.159,184.8519,185.5275,185.2058,187.8043
21.32714,19.92377,18.39701,16.86885,15.33941,13.8088,12.27714,10.74454,9.211128,7.677012,6.177211,4.63332,3.089076,1.544597,0,-1.553323,-3.123981,-4.711851,-6.456407,-8.331303,-9.891496,-11.35503,-12.90495,-14.43647,-15.86235,-17.34808,-19.02418,-20.71619,-22.30209,-24.01682,-25.74702,-27.34474,-29.09681,-30.69885,-32.47221,-34.26028,-36.0629,-37.68054,-39.91904
