145.9156,141.954,143.4266,143.9784,143.5988,144.1252,144.6407,145.1451,145.6385,146.1209,146.592,147.0521,147.5009,146.9902,148.3648,147.8261,149.1835,148.6171,150.9181,151.29,152.6163,156.8399,158.1582,162.3858,164.6685,168.8992,172.154,175.4065,173.748,172.0696,170.3717,168.6548,166.9193,165.1656,164.3845,162.597,160.7925,158.9715,159.1235,160.2588,160.3873,160.5037,161.6054,161.6978,161.778,162.8449,162.9007,163.9438,165.9747,165.9937,167,166.9936,167.9744,166.9428
68.04154,64.69215,63.85765,62.6036,60.95406,59.69862,58.43863,57.17419,55.9054,54.63235,53.35514,52.07387,50.78863,49.18222,48.20665,46.6094,45.60999,44.02238,43.27506,41.95643,40.89341,40.56156,39.43327,38.98538,38.01673,37.44405,36.59246,35.68686,33.77319,31.89122,30.04113,28.22314,26.43742,24.68417,23.10273,21.4063,19.74283,18.11251,16.72455,15.43117,14.03207,12.63191,11.30055,9.889863,8.478425,7.10996,5.688618,4.29302,2.897099,1.448605,0,-1.457331,-2.932004,-4.37155
141.384,141.954,143.4266,143.9784,143.5988,144.1252,144.6407,145.1451,145.6385,146.1209,146.592,147.0521,147.5009,147.9385,148.3648,148.7798,149.1835,149.5759,150.9181,151.29,152.6163,156.8399,159.1285,161.4134,164.6685,167.9229,172.154,175.4065,173.748,171.0864,170.3717,168.6548,166.9193,165.1656,164.3845,163.5884,160.7925,158.9715,159.1235,160.2588,160.3873,160.5037,161.6054,161.6978,161.778,162.8449,162.9007,163.9438,165.9747,165.9937,167,166.9936,167.9744,167.9424
65.92845,64.69215,63.85765,62.6036,60.95406,59.69862,58.43863,57.17419,55.9054,54.63235,53.35514,52.07387,50.78863,49.49953,48.20665,46.9101,45.60999,44.30639,43.27506,41.95643,40.89341,40.56156,39.67519,38.75193,38.01673,37.22761,36.59246,35.68686,33.77319,31.70898,30.04113,28.22314,26.43742,24.68417,23.10273,21.53682,19.74283,18.11251,16.72455,15.43117,14.03207,12.63191,11.30055,9.889863,8.478425,7.10996,5.688618,4.29302,2.897099,1.448605,0,-1.457331,-2.932004,-4.397727
142.2903,142.8639,143.4266,143.9784,143.5988,144.1252,144.6407,145.1451,145.6385,146.1209,146.592,147.0521,147.5009,147.9385,148.3648,148.7798,149.1835,149.5759,150.9181,151.29,152.6163,156.8399,159.1285,162.3858,164.6685,167.9229,172.154,175.4065,173.748,172.0696,171.3565,168.6548,167.907,165.1656,164.3845,162.597,160.7925,159.9651,159.1235,160.2588,160.3873,160.5037,160.6078,161.6978,161.778,162.8449,162.9007,163.9438,165.9747,165.9937,167,167.9936,167.9744,166.9428
66.35107,65.10684,63.85765,62.6036,60.95406,59.69862,58.43863,57.17419,55.9054,54.63235,53.35514,52.07387,50.78863,49.49953,48.20665,46.9101,45.60999,44.30639,43.27506,41.95643,40.89341,40.56156,39.67519,38.98538,38.01673,37.22761,36.59246,35.68686,33.77319,31.89122,30.21478,28.22314,26.59386,24.68417,23.10273,21.4063,19.74283,18.22572,16.72455,15.43117,14.03207,12.63191,11.23079,9.889863,8.478425,7.10996,5.688618,4.29302,2.897099,1.448605,0,-1.466058,-2.932004,-4.37155
141.384,141.954,143.4266,143.9784,143.5988,144.1252,144.6407,145.1451,145.6385,146.1209,146.592,147.0521,147.5009,147.9385,148.3648,148.7798,149.1835,149.5759,150.9181,150.3264,152.6163,156.8399,159.1285,161.4134,164.6685,168.8992,172.154,175.4065,173.748,172.0696,170.3717,168.6548,166.9193,166.1547,164.3845,162.597,160.7925,158.9715,159.1235,160.2588,160.3873,160.5037,161.6054,161.6978,161.778,162.8449,162.9007,163.9438,165.9747,165.9937,167,167.9936,167.9744,166.9428
65.92845,64.69215,63.85765,62.6036,60.95406,59.69862,58.43863,57.17419,55.9054,54.63235,53.35514,52.07387,50.78863,49.49953,48.20665,46.9101,45.60999,44.30639,43.27506,41.68919,40.89341,40.56156,39.67519,38.75193,38.01673,37.44405,36.59246,35.68686,33.77319,31.89122,30.04113,28.22314,26.43742,24.83198,23.10273,21.4063,19.74283,18.11251,16.72455,15.43117,14.03207,12.63191,11.30055,9.889863,8.478425,7.10996,5.688618,4.29302,2.897099,1.448605,0,-1.466058,-2.932004,-4.37155
140.4777,141.954,143.4266,143.0614,144.5193,144.1252,144.6407,145.1451,145.6385,146.1209,146.592,147.0521,147.5009,147.9385,148.3648,148.7798,149.1835,149.5759,150.9181,151.29,152.6163,156.8399,159.1285,161.4134,164.6685,168.8992,173.1321,175.4065,173.748,172.0696,170.3717,168.6548,166.9193,165.1656,164.3845,163.5884,160.7925,158.9715,160.118,160.2588,160.3873,160.5037,161.6054,161.6978,161.778,162.8449,162.9007,163.9438,165.9747,165.9937,167,167.9936,167.9744,167.9424
65.50583,64.69215,63.85765,62.20485,61.34479,59.69862,58.43863,57.17419,55.9054,54.63235,53.35514,52.07387,50.78863,49.49953,48.20665,46.9101,45.60999,44.30639,43.27506,41.95643,40.89341,40.56156,39.67519,38.75193,38.01673,37.44405,36.80037,35.68686,33.77319,31.89122,30.04113,28.22314,26.43742,24.68417,23.10273,21.53682,19.74283,18.11251,16.82908,15.43117,14.03207,12.63191,11.30055,9.889863,8.478425,7.10996,5.688618,4.29302,2.897099,1.448605,0,-1.466058,-2.932004,-4.397727
138.6651,141.954,143.4266,143.9784,144.5193,144.1252,144.6407,145.1451,145.6385,146.1209,146.592,147.0521,147.5009,147.9385,148.3648,148.7798,149.1835,149.5759,150.9181,151.29,152.6163,156.8399,159.1285,162.3858,164.6685,167.9229,172.154,175.4065,173.748,172.0696,170.3717,168.6548,166.9193,166.1547,164.3845,162.597,160.7925,158.9715,159.1235,160.2588,160.3873,160.5037,161.6054,161.6978,162.7766,162.8449,162.9007,163.9438,165.9747,165.9937,167,167.9936,167.9744,166.9428
64.66059,64.69215,63.85765,62.6036,61.34479,59.69862,58.43863,57.17419,55.9054,54.63235,53.35514,52.07387,50.78863,49.49953,48.20665,46.9101,45.60999,44.30639,43.27506,41.95643,40.89341,40.56156,39.67519,38.98538,38.01673,37.22761,36.59246,35.68686,33.77319,31.89122,30.04113,28.22314,26.43742,24.83198,23.10273,21.4063,19.74283,18.11251,16.72455,15.43117,14.03207,12.63191,11.30055,9.889863,8.530761,7.10996,5.688618,4.29302,2.897099,1.448605,0,-1.466058,-2.932004,-4.37155
140.4777,142.8639,143.4266,143.9784,144.5193,144.1252,144.6407,145.1451,145.6385,146.1209,146.592,147.0521,147.5009,147.9385,148.3648,148.7798,148.2272,149.5759,150.9181,151.29,152.6163,156.8399,160.0988,161.4134,164.6685,168.8992,172.154,175.4065,173.748,172.0696,170.3717,168.6548,167.907,166.1547,164.3845,162.597,160.7925,159.9651,159.1235,159.2634,160.3873,160.5037,160.6078,161.6978,162.7766,162.8449,163.9001,163.9438,163.975,165.9937,167,167.9936,167.9744,166.9428
65.50583,65.10684,63.85765,62.6036,61.34479,59.69862,58.43863,57.17419,55.9054,54.63235,53.35514,52.07387,50.78863,49.49953,48.20665,46.9101,45.31761,44.30639,43.27506,41.95643,40.89341,40.56156,39.91711,38.75193,38.01673,37.44405,36.59246,35.68686,33.77319,31.89122,30.04113,28.22314,26.59386,24.83198,23.10273,21.4063,19.74283,18.22572,16.72455,15.33532,14.03207,12.63191,11.23079,9.889863,8.530761,7.10996,5.723517,4.29302,2.862195,1.448605,0,-1.466058,-2.932004,-4.37155
141.384,142.8639,143.4266,143.9784,144.5193,144.1252,144.6407,145.1451,145.6385,146.1209,146.592,147.0521,147.5009,147.9385,148.3648,148.7798,149.1835,149.5759,150.9181,151.29,152.6163,156.8399,160.0988,162.3858,165.6429,168.8992,172.154,175.4065,173.748,172.0696,170.3717,168.6548,166.9193,166.1547,164.3845,162.597,160.7925,158.9715,159.1235,160.2588,160.3873,160.5037,161.6054,161.6978,162.7766,162.8449,163.9001,163.9438,165.9747,165.9937,167,167.9936,167.9744,167.9424
65.92845,65.10684,63.85765,62.6036,61.34479,59.69862,58.43863,57.17419,55.9054,54.63235,53.35514,52.07387,50.78863,49.49953,48.20665,46.9101,45.60999,44.30639,43.27506,41.95643,40.89341,40.56156,39.91711,38.98538,38.24168,37.44405,36.59246,35.68686,33.77319,31.89122,30.04113,28.22314,26.43742,24.83198,23.10273,21.4063,19.74283,18.11251,16.72455,15.43117,14.03207,12.63191,11.30055,9.889863,8.530761,7.10996,5.723517,4.29302,2.897099,1.448605,0,-1.466058,-2.932004,-4.397727
143.1966,142.8639,143.4266,143.9784,143.5988,144.1252,144.6407,145.1451,145.6385,146.1209,146.592,147.0521,147.5009,147.9385,148.3648,148.7798,149.1835,149.5759,150.9181,151.29,152.6163,156.8399,159.1285,161.4134,165.6429,168.8992,173.1321,175.4065,173.748,172.0696,170.3717,168.6548,166.9193,165.1656,164.3845,163.5884,160.7925,160.9586,159.1235,160.2588,160.3873,160.5037,161.6054,161.6978,161.778,162.8449,162.9007,163.9438,165.9747,165.9937,167,167.9936,167.9744,167.9424
66.77369,65.10684,63.85765,62.6036,60.95406,59.69862,58.43863,57.17419,55.9054,54.63235,53.35514,52.07387,50.78863,49.49953,48.20665,46.9101,45.60999,44.30639,43.27506,41.95643,40.89341,40.56156,39.67519,38.75193,38.24168,37.44405,36.80037,35.68686,33.77319,31.89122,30.04113,28.22314,26.43742,24.68417,23.10273,21.53682,19.74283,18.33892,16.72455,15.43117,14.03207,12.63191,11.30055,9.889863,8.478425,7.10996,5.688618,4.29302,2.897099,1.448605,0,-1.466058,-2.932004,-4.397727
141.384,141.954,143.4266,143.0614,143.5988,144.1252,144.6407,145.1451,145.6385,146.1209,146.592,147.0521,147.5009,147.9385,148.3648,148.7798,149.1835,149.5759,150.9181,151.29,152.6163,156.8399,160.0988,161.4134,164.6685,168.8992,173.1321,175.4065,173.748,172.0696,170.3717,168.6548,166.9193,166.1547,164.3845,163.5884,160.7925,159.9651,159.1235,160.2588,160.3873,160.5037,161.6054,161.6978,161.778,162.8449,162.9007,163.9438,165.9747,165.9937,167,167.9936,167.9744,166.9428
65.92845,64.69215,63.85765,62.20485,60.95406,59.69862,58.43863,57.17419,55.9054,54.63235,53.35514,52.07387,50.78863,49.49953,48.20665,46.9101,45.60999,44.30639,43.27506,41.95643,40.89341,40.56156,39.91711,38.75193,38.01673,37.44405,36.80037,35.68686,33.77319,31.89122,30.04113,28.22314,26.43742,24.83198,23.10273,21.53682,19.74283,18.22572,16.72455,15.43117,14.03207,12.63191,11.30055,9.889863,8.478425,7.10996,5.688618,4.29302,2.897099,1.448605,0,-1.466058,-2.932004,-4.37155
140.4777,141.954,143.4266,143.9784,144.5193,144.1252,145.5679,145.1451,145.6385,146.1209,146.592,147.0521,147.5009,147.9385,148.3648,148.7798,149.1835,149.5759,150.9181,151.29,152.6163,156.8399,158.1582,161.4134,164.6685,167.9229,172.154,175.4065,173.748,172.0696,170.3717,168.6548,166.9193,165.1656,164.3845,163.5884,160.7925,159.9651,159.1235,160.2588,160.3873,160.5037,161.6054,161.6978,162.7766,162.8449,162.9007,163.9438,163.975,165.9937,167,167.9936,167.9744,167.9424
65.50583,64.69215,63.85765,62.6036,61.34479,59.69862,58.81324,57.17419,55.9054,54.63235,53.35514,52.07387,50.78863,49.49953,48.20665,46.9101,45.60999,44.30639,43.27506,41.95643,40.89341,40.56156,39.43327,38.75193,38.01673,37.22761,36.59246,35.68686,33.77319,31.89122,30.04113,28.22314,26.43742,24.68417,23.10273,21.53682,19.74283,18.22572,16.72455,15.43117,14.03207,12.63191,11.30055,9.889863,8.530761,7.10996,5.688618,4.29302,2.862195,1.448605,0,-1.466058,-2.932004,-4.397727
145.0092,141.954,143.4266,143.0614,143.5988,144.1252,144.6407,145.1451,145.6385,146.1209,146.592,147.0521,147.5009,147.9385,148.3648,148.7798,149.1835,148.6171,150.9181,150.3264,152.6163,156.8399,158.1582,162.3858,165.6429,168.8992,172.154,175.4065,173.748,172.0696,170.3717,168.6548,167.907,165.1656,164.3845,162.597,159.7999,158.9715,159.1235,160.2588,160.3873,160.5037,161.6054,161.6978,161.778,162.8449,163.9001,163.9438,163.975,165.9937,167,167.9936,167.9744,166.9428
67.61892,64.69215,63.85765,62.20485,60.95406,59.69862,58.43863,57.17419,55.9054,54.63235,53.35514,52.07387,50.78863,49.49953,48.20665,46.9101,45.60999,44.02238,43.27506,41.68919,40.89341,40.56156,39.43327,38.98538,38.24168,37.44405,36.59246,35.68686,33.77319,31.89122,30.04113,28.22314,26.59386,24.68417,23.10273,21.4063,19.62096,18.11251,16.72455,15.43117,14.03207,12.63191,11.30055,9.889863,8.478425,7.10996,5.723517,4.29302,2.862195,1.448605,0,-1.466058,-2.932004,-4.37155
144.1029,141.954,143.4266,143.9784,143.5988,144.1252,144.6407,145.1451,145.6385,146.1209,146.592,147.0521,147.5009,147.9385,148.3648,148.7798,149.1835,149.5759,150.9181,151.29,152.6163,156.8399,158.1582,161.4134,164.6685,167.9229,172.154,175.4065,173.748,172.0696,170.3717,168.6548,166.9193,165.1656,164.3845,162.597,160.7925,159.9651,159.1235,159.2634,160.3873,160.5037,161.6054,161.6978,162.7766,161.8458,163.9001,163.9438,163.975,165.9937,167,167.9936,167.9744,166.9428
67.1963,64.69215,63.85765,62.6036,60.95406,59.69862,58.43863,57.17419,55.9054,54.63235,53.35514,52.07387,50.78863,49.49953,48.20665,46.9101,45.60999,44.30639,43.27506,41.95643,40.89341,40.56156,39.43327,38.75193,38.01673,37.22761,36.59246,35.68686,33.77319,31.89122,30.04113,28.22314,26.43742,24.68417,23.10273,21.4063,19.74283,18.22572,16.72455,15.33532,14.03207,12.63191,11.30055,9.889863,8.530761,7.066341,5.723517,4.29302,2.862195,1.448605,0,-1.466058,-2.932004,-4.37155
143.1966,141.954,143.4266,143.9784,143.5988,144.1252,144.6407,145.1451,145.6385,146.1209,146.592,147.0521,147.5009,147.9385,148.3648,148.7798,149.1835,149.5759,150.9181,151.29,152.6163,156.8399,159.1285,162.3858,164.6685,167.9229,172.154,175.4065,173.748,172.0696,170.3717,168.6548,166.9193,165.1656,164.3845,163.5884,160.7925,158.9715,159.1235,160.2588,160.3873,160.5037,161.6054,161.6978,161.778,162.8449,162.9007,163.9438,163.975,165.9937,167,167.9936,167.9744,168.9421
66.77369,64.69215,63.85765,62.6036,60.95406,59.69862,58.43863,57.17419,55.9054,54.63235,53.35514,52.07387,50.78863,49.49953,48.20665,46.9101,45.60999,44.30639,43.27506,41.95643,40.89341,40.56156,39.67519,38.98538,38.01673,37.22761,36.59246,35.68686,33.77319,31.89122,30.04113,28.22314,26.43742,24.68417,23.10273,21.53682,19.74283,18.11251,16.72455,15.43117,14.03207,12.63191,11.30055,9.889863,8.478425,7.10996,5.688618,4.29302,2.862195,1.448605,0,-1.466058,-2.932004,-4.423904
142.2903,141.954,142.5131,143.9784,144.5193,144.1252,144.6407,145.1451,145.6385,146.1209,146.592,147.0521,147.5009,147.9385,148.3648,148.7798,149.1835,149.5759,150.9181,151.29,152.6163,156.8399,159.1285,161.4134,164.6685,168.8992,172.154,175.4065,173.748,172.0696,170.3717,168.6548,166.9193,166.1547,164.3845,163.5884,160.7925,159.9651,160.118,160.2588,160.3873,160.5037,161.6054,161.6978,161.778,162.8449,162.9007,163.9438,165.9747,165.9937,167,167.9936,167.9744,167.9424
66.35107,64.69215,63.45092,62.6036,61.34479,59.69862,58.43863,57.17419,55.9054,54.63235,53.35514,52.07387,50.78863,49.49953,48.20665,46.9101,45.60999,44.30639,43.27506,41.95643,40.89341,40.56156,39.67519,38.75193,38.01673,37.44405,36.59246,35.68686,33.77319,31.89122,30.04113,28.22314,26.43742,24.83198,23.10273,21.53682,19.74283,18.22572,16.82908,15.43117,14.03207,12.63191,11.30055,9.889863,8.478425,7.10996,5.688618,4.29302,2.897099,1.448605,0,-1.466058,-2.932004,-4.397727
142.2903,142.8639,143.4266,143.0614,143.5988,144.1252,144.6407,145.1451,145.6385,146.1209,146.592,147.0521,147.5009,147.9385,148.3648,148.7798,149.1835,149.5759,150.9181,151.29,152.6163,156.8399,159.1285,161.4134,164.6685,168.8992,172.154,175.4065,173.748,172.0696,170.3717,168.6548,166.9193,165.1656,164.3845,163.5884,160.7925,159.9651,159.1235,160.2588,160.3873,160.5037,161.6054,161.6978,161.778,162.8449,162.9007,163.9438,165.9747,165.9937,167,166.9936,167.9744,166.9428
66.35107,65.10684,63.85765,62.20485,60.95406,59.69862,58.43863,57.17419,55.9054,54.63235,53.35514,52.07387,50.78863,49.49953,48.20665,46.9101,45.60999,44.30639,43.27506,41.95643,40.89341,40.56156,39.67519,38.75193,38.01673,37.44405,36.59246,35.68686,33.77319,31.89122,30.04113,28.22314,26.43742,24.68417,23.10273,21.53682,19.74283,18.22572,16.72455,15.43117,14.03207,12.63191,11.30055,9.889863,8.478425,7.10996,5.688618,4.29302,2.897099,1.448605,0,-1.457331,-2.932004,-4.37155
140.4777,142.8639,143.4266,143.9784,143.5988,144.1252,144.6407,145.1451,145.6385,146.1209,146.592,147.0521,147.5009,147.9385,148.3648,148.7798,149.1835,149.5759,150.9181,150.3264,152.6163,156.8399,159.1285,161.4134,164.6685,167.9229,172.154,175.4065,173.748,172.0696,170.3717,168.6548,166.9193,165.1656,164.3845,162.597,160.7925,159.9651,159.1235,160.2588,160.3873,160.5037,160.6078,161.6978,162.7766,162.8449,162.9007,163.9438,165.9747,165.9937,167,167.9936,167.9744,167.9424
65.50583,65.10684,63.85765,62.6036,60.95406,59.69862,58.43863,57.17419,55.9054,54.63235,53.35514,52.07387,50.78863,49.49953,48.20665,46.9101,45.60999,44.30639,43.27506,41.68919,40.89341,40.56156,39.67519,38.75193,38.01673,37.22761,36.59246,35.68686,33.77319,31.89122,30.04113,28.22314,26.43742,24.68417,23.10273,21.4063,19.74283,18.22572,16.72455,15.43117,14.03207,12.63191,11.23079,9.889863,8.530761,7.10996,5.688618,4.29302,2.897099,1.448605,0,-1.466058,-2.932004,-4.397727
142.2903,141.954,143.4266,143.9784,143.5988,144.1252,144.6407,145.1451,145.6385,146.1209,146.592,147.0521,147.5009,147.9385,148.3648,148.7798,149.1835,149.5759,150.9181,151.29,152.6163,156.8399,159.1285,161.4134,164.6685,168.8992,172.154,175.4065,173.748,172.0696,170.3717,168.6548,166.9193,165.1656,164.3845,163.5884,160.7925,158.9715,159.1235,160.2588,160.3873,160.5037,160.6078,161.6978,161.778,162.8449,162.9007,163.9438,165.9747,165.9937,167,167.9936,167.9744,166.9428
66.35107,64.69215,63.85765,62.6036,60.95406,59.69862,58.43863,57.17419,55.9054,54.63235,53.35514,52.07387,50.78863,49.49953,48.20665,46.9101,45.60999,44.30639,43.27506,41.95643,40.89341,40.56156,39.67519,38.75193,38.01673,37.44405,36.59246,35.68686,33.77319,31.89122,30.04113,28.22314,26.43742,24.68417,23.10273,21.53682,19.74283,18.11251,16.72455,15.43117,14.03207,12.63191,11.23079,9.889863,8.478425,7.10996,5.688618,4.29302,2.897099,1.448605,0,-1.466058,-2.932004,-4.37155
142.2903,141.954,143.4266,143.0614,143.5988,144.1252,144.6407,145.1451,145.6385,146.1209,146.592,147.0521,147.5009,147.9385,148.3648,148.7798,149.1835,149.5759,150.9181,151.29,152.6163,155.8718,159.1285,162.3858,164.6685,168.8992,172.154,175.4065,173.748,172.0696,170.3717,168.6548,166.9193,165.1656,164.3845,162.597,160.7925,159.9651,159.1235,159.2634,160.3873,160.5037,161.6054,161.6978,162.7766,162.8449,162.9007,163.9438,165.9747,165.9937,167,167.9936,167.9744,166.9428
66.35107,64.69215,63.85765,62.20485,60.95406,59.69862,58.43863,57.17419,55.9054,54.63235,53.35514,52.07387,50.78863,49.49953,48.20665,46.9101,45.60999,44.30639,43.27506,41.95643,40.89341,40.31118,39.67519,38.98538,38.01673,37.44405,36.59246,35.68686,33.77319,31.89122,30.04113,28.22314,26.43742,24.68417,23.10273,21.4063,19.74283,18.22572,16.72455,15.33532,14.03207,12.63191,11.30055,9.889863,8.530761,7.10996,5.688618,4.29302,2.897099,1.448605,0,-1.466058,-2.932004,-4.37155
139.5714,141.954,143.4266,143.0614,143.5988,144.1252,144.6407,145.1451,145.6385,146.1209,146.592,147.0521,147.5009,147.9385,148.3648,148.7798,149.1835,148.6171,150.9181,151.29,152.6163,156.8399,159.1285,161.4134,164.6685,167.9229,172.154,175.4065,173.748,172.0696,170.3717,168.6548,166.9193,165.1656,164.3845,162.597,160.7925,159.9651,159.1235,159.2634,160.3873,160.5037,161.6054,161.6978,161.778,162.8449,162.9007,163.9438,165.9747,165.9937,167,167.9936,167.9744,166.9428
65.08321,64.69215,63.85765,62.20485,60.95406,59.69862,58.43863,57.17419,55.9054,54.63235,53.35514,52.07387,50.78863,49.49953,48.20665,46.9101,45.60999,44.02238,43.27506,41.95643,40.89341,40.56156,39.67519,38.75193,38.01673,37.22761,36.59246,35.68686,33.77319,31.89122,30.04113,28.22314,26.43742,24.68417,23.10273,21.4063,19.74283,18.22572,16.72455,15.33532,14.03207,12.63191,11.30055,9.889863,8.478425,7.10996,5.688618,4.29302,2.897099,1.448605,0,-1.466058,-2.932004,-4.37155
141.384,141.954,143.4266,143.9784,144.5193,144.1252,144.6407,145.1451,145.6385,146.1209,146.592,147.0521,147.5009,147.9385,148.3648,148.7798,149.1835,149.5759,150.9181,151.29,152.6163,156.8399,159.1285,161.4134,164.6685,167.9229,172.154,175.4065,173.748,172.0696,170.3717,168.6548,166.9193,165.1656,164.3845,162.597,160.7925,159.9651,159.1235,159.2634,159.3912,160.5037,161.6054,161.6978,162.7766,162.8449,162.9007,163.9438,165.9747,165.9937,167,167.9936,167.9744,167.9424
65.92845,64.69215,63.85765,62.6036,61.34479,59.69862,58.43863,57.17419,55.9054,54.63235,53.35514,52.07387,50.78863,49.49953,48.20665,46.9101,45.60999,44.30639,43.27506,41.95643,40.89341,40.56156,39.67519,38.75193,38.01673,37.22761,36.59246,35.68686,33.77319,31.89122,30.04113,28.22314,26.43742,24.68417,23.10273,21.4063,19.74283,18.22572,16.72455,15.33532,13.94492,12.63191,11.30055,9.889863,8.530761,7.10996,5.688618,4.29302,2.897099,1.448605,0,-1.466058,-2.932004,-4.397727
141.384,141.954,143.4266,143.0614,143.5988,144.1252,144.6407,145.1451,145.6385,146.1209,146.592,147.0521,147.5009,147.9385,148.3648,148.7798,149.1835,149.5759,150.9181,151.29,152.6163,156.8399,159.1285,161.4134,164.6685,168.8992,172.154,175.4065,173.748,172.0696,170.3717,168.6548,166.9193,166.1547,164.3845,162.597,160.7925,158.9715,159.1235,159.2634,160.3873,160.5037,160.6078,161.6978,162.7766,162.8449,162.9007,163.9438,165.9747,165.9937,167,167.9936,167.9744,166.9428
65.92845,64.69215,63.85765,62.20485,60.95406,59.69862,58.43863,57.17419,55.9054,54.63235,53.35514,52.07387,50.78863,49.49953,48.20665,46.9101,45.60999,44.30639,43.27506,41.95643,40.89341,40.56156,39.67519,38.75193,38.01673,37.44405,36.59246,35.68686,33.77319,31.89122,30.04113,28.22314,26.43742,24.83198,23.10273,21.4063,19.74283,18.11251,16.72455,15.33532,14.03207,12.63191,11.23079,9.889863,8.530761,7.10996,5.688618,4.29302,2.897099,1.448605,0,-1.466058,-2.932004,-4.37155
140.4777,141.954,142.5131,143.9784,144.5193,144.1252,144.6407,146.0756,145.6385,146.1209,146.592,147.0521,147.5009,147.9385,148.3648,148.7798,149.1835,149.5759,150.9181,150.3264,152.6163,156.8399,159.1285,161.4134,164.6685,167.9229,172.154,175.4065,173.748,172.0696,170.3717,168.6548,166.9193,166.1547,164.3845,162.597,160.7925,159.9651,159.1235,159.2634,160.3873,160.5037,161.6054,161.6978,161.778,162.8449,163.9001,163.9438,165.9747,165.9937,167,167.9936,167.9744,166.9428
65.50583,64.69215,63.45092,62.6036,61.34479,59.69862,58.43863,57.54069,55.9054,54.63235,53.35514,52.07387,50.78863,49.49953,48.20665,46.9101,45.60999,44.30639,43.27506,41.68919,40.89341,40.56156,39.67519,38.75193,38.01673,37.22761,36.59246,35.68686,33.77319,31.89122,30.04113,28.22314,26.43742,24.83198,23.10273,21.4063,19.74283,18.22572,16.72455,15.33532,14.03207,12.63191,11.30055,9.889863,8.478425,7.10996,5.723517,4.29302,2.897099,1.448605,0,-1.466058,-2.932004,-4.37155
