174.582,175.546,174.7912,175.7193,175.7723,174.9371,174.9415,174.9239,174.0058,173.9407,173.8541,173.7463,173.6173,176.1636,177.8093,179.4489,181.0823,182.7091,184.3291,185.942,188.4714,190.0727,190.7356,193.2511,195.7645,195.4561,186.643,174.9209,172.5949,173.0923,173.5765,173.0912,173.5464,173.9884,174.4171,174.8326,173.2984,173.6829,174.0542,173.4379,173.7807,174.1103,174.4266
111.221,109.6933,107.1122,105.5828,103.5378,101,98.97714,96.96192,94.47743,92.4859,90.50273,88.52815,86.56238,85.92074,84.81069,83.67842,82.52396,81.34733,80.14856,78.92769,78.06742,76.79435,75.13275,74.18217,73.19334,71.14019,66.09376,60.23011,57.74945,56.24109,54.72846,52.91928,51.40678,49.89036,48.37015,46.84625,44.81802,43.30402,41.78672,40.04129,38.52625,37.00828,35.48749
174.582,175.546,174.7912,175.7193,174.9107,174.9371,174.9415,174.9239,174.0058,173.9407,173.8541,173.7463,173.6173,176.1636,176.9067,179.4489,181.0823,182.7091,184.3291,186.8625,188.4714,190.0727,190.7356,193.2511,195.7645,195.4561,187.5857,175.8665,172.5949,173.0923,173.5765,174.0475,173.5464,173.9884,173.4535,173.8666,173.2984,173.6829,174.0542,173.4379,173.7807,174.1103,174.4266
111.221,109.6933,107.1122,105.5828,103.0303,101,98.97714,96.96192,94.47743,92.4859,90.50273,88.52815,86.56238,85.92074,84.38017,83.67842,82.52396,81.34733,80.14856,79.31842,78.06742,76.79435,75.13275,74.18217,73.19334,71.14019,66.42756,60.55568,57.74945,56.24109,54.72846,53.21165,51.40678,49.89036,48.10291,46.58743,44.81802,43.30402,41.78672,40.04129,38.52625,37.00828,35.48749
174.582,175.546,174.7912,175.7193,174.9107,174.9371,174.9415,174.0493,174.0058,173.9407,173.8541,173.7463,173.6173,175.2648,177.8093,180.3552,181.0823,182.7091,184.3291,186.8625,188.4714,190.0727,190.7356,193.2511,195.7645,196.3958,187.5857,175.8665,172.5949,173.0923,173.5765,173.0912,173.5464,173.9884,173.4535,173.8666,174.2666,174.6532,174.0542,173.4379,173.7807,174.1103,174.4266
111.221,109.6933,107.1122,105.5828,103.0303,101,98.97714,96.47711,94.47743,92.4859,90.50273,88.52815,86.56238,85.48237,84.81069,84.10103,82.52396,81.34733,80.14856,79.31842,78.06742,76.79435,75.13275,74.18217,73.19334,71.48221,66.42756,60.55568,57.74945,56.24109,54.72846,52.91928,51.40678,49.89036,48.10291,46.58743,45.0684,43.54594,41.78672,40.04129,38.52625,37.00828,35.48749
174.582,175.546,174.7912,175.7193,174.9107,174.9371,174.9415,174.9239,174.0058,173.9407,173.8541,173.7463,173.6173,176.1636,177.8093,178.5426,181.0823,182.7091,184.3291,185.942,188.4714,190.0727,191.666,193.2511,196.7012,196.3958,186.643,175.8665,172.5949,173.0923,173.5765,174.0475,173.5464,173.0271,174.4171,173.8666,174.2666,173.6829,174.0542,173.4379,173.7807,174.1103,173.4467
111.221,109.6933,107.1122,105.5828,103.0303,101,98.97714,96.96192,94.47743,92.4859,90.50273,88.52815,86.56238,85.92074,84.81069,83.2558,82.52396,81.34733,80.14856,78.92769,78.06742,76.79435,75.49925,74.18217,73.54355,71.48221,66.09376,60.55568,57.74945,56.24109,54.72846,53.21165,51.40678,49.61472,48.37015,46.58743,45.0684,43.30402,41.78672,40.04129,38.52625,37.00828,35.28812
174.582,175.546,174.7912,175.7193,174.9107,174.9371,174.9415,174.9239,174.0058,173.9407,173.8541,173.7463,174.5122,176.1636,177.8093,179.4489,181.9923,182.7091,184.3291,186.8625,188.4714,190.0727,190.7356,193.2511,195.7645,196.3958,187.5857,174.9209,172.5949,173.0923,173.5765,174.0475,173.5464,173.9884,173.4535,173.8666,174.2666,174.6532,174.0542,174.4122,173.7807,174.1103,174.4266
111.221,109.6933,107.1122,105.5828,103.0303,101,98.97714,96.96192,94.47743,92.4859,90.50273,88.52815,87.00857,85.92074,84.81069,83.67842,82.93865,81.34733,80.14856,79.31842,78.06742,76.79435,75.13275,74.18217,73.19334,71.48221,66.42756,60.23011,57.74945,56.24109,54.72846,53.21165,51.40678,49.89036,48.10291,46.58743,45.0684,43.54594,41.78672,40.26624,38.52625,37.00828,35.48749
174.582,175.546,174.7912,175.7193,174.9107,174.9371,174.9415,174.0493,174.8846,173.9407,173.8541,173.7463,174.5122,175.2648,177.8093,179.4489,181.0823,182.7091,184.3291,185.942,188.4714,190.0727,191.666,193.2511,195.7645,196.3958,187.5857,175.8665,172.5949,173.0923,173.5765,173.0912,173.5464,173.9884,173.4535,173.8666,173.2984,173.6829,174.0542,173.4379,173.7807,174.1103,173.4467
111.221,109.6933,107.1122,105.5828,103.0303,101,98.97714,96.47711,94.95459,92.4859,90.50273,88.52815,87.00857,85.48237,84.81069,83.67842,82.52396,81.34733,80.14856,78.92769,78.06742,76.79435,75.49925,74.18217,73.19334,71.48221,66.42756,60.55568,57.74945,56.24109,54.72846,52.91928,51.40678,49.89036,48.10291,46.58743,44.81802,43.30402,41.78672,40.04129,38.52625,37.00828,35.28812
174.582,175.546,174.7912,175.7193,174.9107,174.9371,174.9415,174.9239,174.0058,173.9407,173.8541,173.7463,174.5122,176.1636,176.9067,178.5426,181.0823,182.7091,184.3291,186.8625,188.4714,190.0727,190.7356,193.2511,195.7645,196.3958,187.5857,175.8665,172.5949,173.0923,173.5765,173.0912,173.5464,173.9884,173.4535,173.8666,173.2984,173.6829,174.0542,173.4379,173.7807,174.1103,174.4266
111.221,109.6933,107.1122,105.5828,103.0303,101,98.97714,96.96192,94.47743,92.4859,90.50273,88.52815,87.00857,85.92074,84.38017,83.2558,82.52396,81.34733,80.14856,79.31842,78.06742,76.79435,75.13275,74.18217,73.19334,71.48221,66.42756,60.55568,57.74945,56.24109,54.72846,52.91928,51.40678,49.89036,48.10291,46.58743,44.81802,43.30402,41.78672,40.04129,38.52625,37.00828,35.48749
174.582,175.546,174.7912,175.7193,174.9107,174.9371,174.9415,174.9239,174.0058,173.9407,173.8541,173.7463,173.6173,175.2648,176.9067,179.4489,181.0823,182.7091,184.3291,185.942,188.4714,190.0727,190.7356,193.2511,195.7645,196.3958,187.5857,174.9209,172.5949,173.0923,173.5765,173.0912,173.5464,173.0271,173.4535,173.8666,173.2984,173.6829,174.0542,173.4379,173.7807,174.1103,173.4467
111.221,109.6933,107.1122,105.5828,103.0303,101,98.97714,96.96192,94.47743,92.4859,90.50273,88.52815,86.56238,85.48237,84.38017,83.67842,82.52396,81.34733,80.14856,78.92769,78.06742,76.79435,75.13275,74.18217,73.19334,71.48221,66.42756,60.23011,57.74945,56.24109,54.72846,52.91928,51.40678,49.61472,48.10291,46.58743,44.81802,43.30402,41.78672,40.04129,38.52625,37.00828,35.28812
174.582,175.546,174.7912,175.7193,174.9107,174.9371,174.9415,174.0493,174.0058,173.9407,173.8541,173.7463,174.5122,176.1636,177.8093,178.5426,181.0823,182.7091,184.3291,185.942,188.4714,190.0727,191.666,193.2511,195.7645,195.4561,187.5857,174.9209,172.5949,173.0923,173.5765,174.0475,173.5464,173.9884,173.4535,173.8666,174.2666,173.6829,174.0542,174.4122,173.7807,174.1103,173.4467
111.221,109.6933,107.1122,105.5828,103.0303,101,98.97714,96.47711,94.47743,92.4859,90.50273,88.52815,87.00857,85.92074,84.81069,83.2558,82.52396,81.34733,80.14856,78.92769,78.06742,76.79435,75.49925,74.18217,73.19334,71.14019,66.42756,60.23011,57.74945,56.24109,54.72846,53.21165,51.40678,49.89036,48.10291,46.58743,45.0684,43.30402,41.78672,40.26624,38.52625,37.00828,35.28812
174.582,175.546,174.7912,175.7193,174.9107,174.9371,174.9415,174.0493,174.0058,173.9407,173.8541,173.7463,174.5122,175.2648,176.9067,178.5426,180.1723,182.7091,184.3291,186.8625,188.4714,190.0727,190.7356,193.2511,195.7645,196.3958,186.643,175.8665,172.5949,173.0923,173.5765,174.0475,173.5464,173.9884,173.4535,173.8666,174.2666,173.6829,174.0542,173.4379,173.7807,174.1103,173.4467
111.221,109.6933,107.1122,105.5828,103.0303,101,98.97714,96.47711,94.47743,92.4859,90.50273,88.52815,87.00857,85.48237,84.38017,83.2558,82.10926,81.34733,80.14856,79.31842,78.06742,76.79435,75.13275,74.18217,73.19334,71.48221,66.09376,60.55568,57.74945,56.24109,54.72846,53.21165,51.40678,49.89036,48.10291,46.58743,45.0684,43.30402,41.78672,40.04129,38.52625,37.00828,35.28812
174.582,175.546,174.7912,175.7193,174.9107,174.9371,174.9415,174.9239,174.0058,173.9407,173.8541,173.7463,173.6173,176.1636,177.8093,179.4489,181.0823,182.7091,184.3291,186.8625,188.4714,190.0727,190.7356,193.2511,195.7645,196.3958,187.5857,175.8665,172.5949,173.0923,173.5765,174.0475,173.5464,173.9884,174.4171,173.8666,174.2666,173.6829,174.0542,174.4122,173.7807,174.1103,173.4467
111.221,109.6933,107.1122,105.5828,103.0303,101,98.97714,96.96192,94.47743,92.4859,90.50273,88.52815,86.56238,85.92074,84.81069,83.67842,82.52396,81.34733,80.14856,79.31842,78.06742,76.79435,75.13275,74.18217,73.19334,71.48221,66.42756,60.55568,57.74945,56.24109,54.72846,53.21165,51.40678,49.89036,48.37015,46.58743,45.0684,43.30402,41.78672,40.26624,38.52625,37.00828,35.28812
174.582,175.546,174.7912,175.7193,174.9107,174.9371,174.9415,174.9239,174.0058,173.9407,173.8541,173.7463,174.5122,176.1636,177.8093,178.5426,181.0823,182.7091,184.3291,185.942,188.4714,190.0727,190.7356,193.2511,195.7645,196.3958,187.5857,175.8665,172.5949,173.0923,173.5765,174.0475,173.5464,173.9884,173.4535,173.8666,173.2984,173.6829,174.0542,173.4379,173.7807,174.1103,174.4266
111.221,109.6933,107.1122,105.5828,103.0303,101,98.97714,96.96192,94.47743,92.4859,90.50273,88.52815,87.00857,85.92074,84.81069,83.2558,82.52396,81.34733,80.14856,78.92769,78.06742,76.79435,75.13275,74.18217,73.19334,71.48221,66.42756,60.55568,57.74945,56.24109,54.72846,53.21165,51.40678,49.89036,48.10291,46.58743,44.81802,43.30402,41.78672,40.04129,38.52625,37.00828,35.48749
174.582,175.546,174.7912,175.7193,174.9107,174.9371,174.9415,174.0493,174.0058,173.9407,173.8541,173.7463,174.5122,176.1636,177.8093,179.4489,181.0823,182.7091,184.3291,185.942,188.4714,190.0727,191.666,193.2511,195.7645,195.4561,187.5857,175.8665,172.5949,173.0923,173.5765,173.0912,173.5464,173.9884,173.4535,173.8666,174.2666,173.6829,174.0542,174.4122,173.7807,174.1103,174.4266
111.221,109.6933,107.1122,105.5828,103.0303,101,98.97714,96.47711,94.47743,92.4859,90.50273,88.52815,87.00857,85.92074,84.81069,83.67842,82.52396,81.34733,80.14856,78.92769,78.06742,76.79435,75.49925,74.18217,73.19334,71.14019,66.42756,60.55568,57.74945,56.24109,54.72846,52.91928,51.40678,49.89036,48.10291,46.58743,45.0684,43.30402,41.78672,40.26624,38.52625,37.00828,35.48749
174.582,175.546,174.7912,175.7193,174.9107,174.9371,174.9415,174.9239,174.0058,173.9407,173.8541,173.7463,174.5122,176.1636,177.8093,179.4489,181.0823,182.7091,184.3291,185.942,188.4714,190.0727,190.7356,193.2511,195.7645,196.3958,187.5857,174.9209,172.5949,173.0923,173.5765,173.0912,173.5464,173.9884,173.4535,173.8666,173.2984,173.6829,174.0542,173.4379,173.7807,174.1103,174.4266
111.221,109.6933,107.1122,105.5828,103.0303,101,98.97714,96.96192,94.47743,92.4859,90.50273,88.52815,87.00857,85.92074,84.81069,83.67842,82.52396,81.34733,80.14856,78.92769,78.06742,76.79435,75.13275,74.18217,73.19334,71.48221,66.42756,60.23011,57.74945,56.24109,54.72846,52.91928,51.40678,49.89036,48.10291,46.58743,44.81802,43.30402,41.78672,40.04129,38.52625,37.00828,35.48749
174.582,175.546,174.7912,174.8621,174.9107,174.9371,174.9415,174.9239,174.0058,173.9407,173.8541,173.7463,174.5122,176.1636,178.7119,179.4489,181.0823,182.7091,184.3291,185.942,187.5475,190.0727,190.7356,193.2511,195.7645,196.3958,187.5857,174.9209,172.5949,173.0923,173.5765,173.0912,173.5464,173.9884,173.4535,173.8666,174.2666,173.6829,174.0542,173.4379,173.7807,174.1103,173.4467
111.221,109.6933,107.1122,105.0678,103.0303,101,98.97714,96.96192,94.47743,92.4859,90.50273,88.52815,87.00857,85.92074,85.2412,83.67842,82.52396,81.34733,80.14856,78.92769,77.68474,76.79435,75.13275,74.18217,73.19334,71.48221,66.42756,60.23011,57.74945,56.24109,54.72846,52.91928,51.40678,49.89036,48.10291,46.58743,45.0684,43.30402,41.78672,40.04129,38.52625,37.00828,35.28812
174.582,175.546,174.7912,175.7193,174.9107,174.9371,174.9415,174.9239,174.0058,173.9407,172.9671,172.8553,174.5122,175.2648,177.8093,180.3552,181.0823,182.7091,184.3291,185.942,188.4714,190.0727,191.666,193.2511,195.7645,196.3958,187.5857,175.8665,172.5949,173.0923,173.5765,173.0912,173.5464,173.9884,174.4171,173.8666,174.2666,173.6829,174.0542,174.4122,173.7807,174.1103,174.4266
111.221,109.6933,107.1122,105.5828,103.0303,101,98.97714,96.96192,94.47743,92.4859,90.04098,88.07416,87.00857,85.48237,84.81069,84.10103,82.52396,81.34733,80.14856,78.92769,78.06742,76.79435,75.49925,74.18217,73.19334,71.48221,66.42756,60.55568,57.74945,56.24109,54.72846,52.91928,51.40678,49.89036,48.37015,46.58743,45.0684,43.30402,41.78672,40.26624,38.52625,37.00828,35.48749
174.582,175.546,174.7912,175.7193,175.7723,174.9371,174.0711,174.0493,174.0058,173.9407,173.8541,173.7463,174.5122,176.1636,176.9067,179.4489,181.0823,182.7091,184.3291,186.8625,188.4714,190.0727,190.7356,193.2511,195.7645,195.4561,187.5857,174.9209,172.5949,173.0923,173.5765,173.0912,173.5464,173.9884,174.4171,173.8666,173.2984,173.6829,174.0542,173.4379,173.7807,174.1103,173.4467
111.221,109.6933,107.1122,105.5828,103.5378,101,98.48471,96.47711,94.47743,92.4859,90.50273,88.52815,87.00857,85.92074,84.38017,83.67842,82.52396,81.34733,80.14856,79.31842,78.06742,76.79435,75.13275,74.18217,73.19334,71.14019,66.42756,60.23011,57.74945,56.24109,54.72846,52.91928,51.40678,49.89036,48.37015,46.58743,44.81802,43.30402,41.78672,40.04129,38.52625,37.00828,35.28812
174.582,175.546,174.7912,175.7193,174.9107,174.9371,174.9415,174.9239,174.0058,173.9407,173.8541,173.7463,173.6173,175.2648,177.8093,179.4489,181.0823,182.7091,184.3291,186.8625,188.4714,190.0727,191.666,193.2511,195.7645,196.3958,187.5857,175.8665,172.5949,173.0923,173.5765,173.0912,173.5464,173.9884,174.4171,173.8666,174.2666,173.6829,174.0542,173.4379,173.7807,174.1103,173.4467
111.221,109.6933,107.1122,105.5828,103.0303,101,98.97714,96.96192,94.47743,92.4859,90.50273,88.52815,86.56238,85.48237,84.81069,83.67842,82.52396,81.34733,80.14856,79.31842,78.06742,76.79435,75.49925,74.18217,73.19334,71.48221,66.42756,60.55568,57.74945,56.24109,54.72846,52.91928,51.40678,49.89036,48.37015,46.58743,45.0684,43.30402,41.78672,40.04129,38.52625,37.00828,35.28812
174.582,175.546,174.7912,175.7193,174.9107,174.9371,174.9415,174.0493,174.0058,173.9407,172.9671,173.7463,173.6173,175.2648,177.8093,179.4489,181.0823,182.7091,184.3291,185.942,187.5475,190.0727,191.666,193.2511,195.7645,195.4561,187.5857,174.9209,172.5949,173.0923,173.5765,173.0912,173.5464,173.9884,173.4535,173.8666,174.2666,173.6829,174.0542,174.4122,173.7807,174.1103,174.4266
111.221,109.6933,107.1122,105.5828,103.0303,101,98.97714,96.47711,94.47743,92.4859,90.04098,88.52815,86.56238,85.48237,84.81069,83.67842,82.52396,81.34733,80.14856,78.92769,77.68474,76.79435,75.49925,74.18217,73.19334,71.14019,66.42756,60.23011,57.74945,56.24109,54.72846,52.91928,51.40678,49.89036,48.10291,46.58743,45.0684,43.30402,41.78672,40.26624,38.52625,37.00828,35.48749
174.582,175.546,174.7912,175.7193,174.9107,174.9371,174.9415,174.9239,174.0058,173.9407,173.8541,173.7463,174.5122,176.1636,177.8093,179.4489,181.0823,182.7091,184.3291,186.8625,188.4714,190.0727,190.7356,193.2511,195.7645,195.4561,187.5857,174.9209,172.5949,173.0923,173.5765,174.0475,173.5464,173.9884,173.4535,173.8666,174.2666,173.6829,174.0542,173.4379,173.7807,174.1103,173.4467
111.221,109.6933,107.1122,105.5828,103.0303,101,98.97714,96.96192,94.47743,92.4859,90.50273,88.52815,87.00857,85.92074,84.81069,83.67842,82.52396,81.34733,80.14856,79.31842,78.06742,76.79435,75.13275,74.18217,73.19334,71.14019,66.42756,60.23011,57.74945,56.24109,54.72846,53.21165,51.40678,49.89036,48.10291,46.58743,45.0684,43.30402,41.78672,40.04129,38.52625,37.00828,35.28812
174.582,175.546,174.7912,175.7193,175.7723,174.9371,174.9415,174.9239,174.8846,173.9407,173.8541,173.7463,174.5122,176.1636,177.8093,179.4489,181.0823,182.7091,184.3291,185.942,188.4714,190.0727,191.666,193.2511,195.7645,196.3958,187.5857,175.8665,172.5949,173.0923,173.5765,174.0475,173.5464,173.9884,173.4535,173.8666,174.2666,173.6829,174.0542,173.4379,174.757,174.1103,174.4266
111.221,109.6933,107.1122,105.5828,103.5378,101,98.97714,96.96192,94.95459,92.4859,90.50273,88.52815,87.00857,85.92074,84.81069,83.67842,82.52396,81.34733,80.14856,78.92769,78.06742,76.79435,75.49925,74.18217,73.19334,71.48221,66.42756,60.55568,57.74945,56.24109,54.72846,53.21165,51.40678,49.89036,48.10291,46.58743,45.0684,43.30402,41.78672,40.04129,38.74269,37.00828,35.48749
174.582,175.546,174.7912,175.7193,174.9107,174.9371,174.9415,174.0493,174.0058,173.9407,173.8541,173.7463,174.5122,176.1636,177.8093,178.5426,180.1723,182.7091,184.3291,185.942,188.4714,190.0727,191.666,193.2511,195.7645,195.4561,187.5857,175.8665,172.5949,173.0923,173.5765,174.0475,173.5464,173.9884,173.4535,173.8666,174.2666,173.6829,174.0542,174.4122,173.7807,174.1103,173.4467
111.221,109.6933,107.1122,105.5828,103.0303,101,98.97714,96.47711,94.47743,92.4859,90.50273,88.52815,87.00857,85.92074,84.81069,83.2558,82.10926,81.34733,80.14856,78.92769,78.06742,76.79435,75.49925,74.18217,73.19334,71.14019,66.42756,60.55568,57.74945,56.24109,54.72846,53.21165,51.40678,49.89036,48.10291,46.58743,45.0684,43.30402,41.78672,40.26624,38.52625,37.00828,35.28812
174.582,175.546,174.7912,175.7193,174.9107,174.9371,174.9415,174.9239,174.0058,174.8236,173.8541,173.7463,173.6173,176.1636,176.9067,179.4489,181.0823,182.7091,184.3291,185.942,188.4714,190.0727,190.7356,193.2511,195.7645,196.3958,187.5857,175.8665,172.5949,173.0923,173.5765,173.0912,173.5464,173.9884,173.4535,173.8666,174.2666,173.6829,174.0542,174.4122,173.7807,174.1103,173.4467
111.221,109.6933,107.1122,105.5828,103.0303,101,98.97714,96.96192,94.47743,92.95537,90.50273,88.52815,86.56238,85.92074,84.38017,83.67842,82.52396,81.34733,80.14856,78.92769,78.06742,76.79435,75.13275,74.18217,73.19334,71.48221,66.42756,60.55568,57.74945,56.24109,54.72846,52.91928,51.40678,49.89036,48.10291,46.58743,45.0684,43.30402,41.78672,40.26624,38.52625,37.00828,35.28812
174.582,175.546,174.7912,175.7193,174.9107,174.9371,174.9415,174.9239,174.0058,173.9407,173.8541,173.7463,174.5122,176.1636,177.8093,179.4489,181.0823,182.7091,184.3291,186.8625,188.4714,190.0727,190.7356,193.2511,195.7645,196.3958,187.5857,174.9209,172.5949,173.0923,173.5765,173.0912,173.5464,173.9884,173.4535,173.8666,174.2666,173.6829,173.0818,173.4379,173.7807,174.1103,174.4266
111.221,109.6933,107.1122,105.5828,103.0303,101,98.97714,96.96192,94.47743,92.4859,90.50273,88.52815,87.00857,85.92074,84.81069,83.67842,82.52396,81.34733,80.14856,79.31842,78.06742,76.79435,75.13275,74.18217,73.19334,71.48221,66.42756,60.23011,57.74945,56.24109,54.72846,52.91928,51.40678,49.89036,48.10291,46.58743,45.0684,43.30402,41.55327,40.04129,38.52625,37.00828,35.48749
174.582,175.546,174.7912,175.7193,174.9107,174.9371,174.9415,174.9239,174.0058,173.9407,173.8541,173.7463,174.5122,176.1636,177.8093,179.4489,181.0823,182.7091,184.3291,186.8625,188.4714,190.0727,191.666,193.2511,195.7645,196.3958,187.5857,175.8665,172.5949,173.0923,173.5765,174.0475,173.5464,173.0271,174.4171,173.8666,174.2666,173.6829,174.0542,173.4379,173.7807,174.1103,173.4467
111.221,109.6933,107.1122,105.5828,103.0303,101,98.97714,96.96192,94.47743,92.4859,90.50273,88.52815,87.00857,85.92074,84.81069,83.67842,82.52396,81.34733,80.14856,79.31842,78.06742,76.79435,75.49925,74.18217,73.19334,71.48221,66.42756,60.55568,57.74945,56.24109,54.72846,53.21165,51.40678,49.61472,48.37015,46.58743,45.0684,43.30402,41.78672,40.04129,38.52625,37.00828,35.28812
174.582,175.546,174.7912,175.7193,174.9107,174.9371,174.9415,174.9239,174.0058,173.9407,172.9671,173.7463,173.6173,176.1636,177.8093,179.4489,181.0823,182.7091,184.3291,185.942,188.4714,190.0727,190.7356,193.2511,195.7645,196.3958,186.643,174.9209,172.5949,173.0923,173.5765,173.0912,173.5464,173.9884,173.4535,173.8666,174.2666,173.6829,174.0542,174.4122,173.7807,174.1103,173.4467
111.221,109.6933,107.1122,105.5828,103.0303,101,98.97714,96.96192,94.47743,92.4859,90.04098,88.52815,86.56238,85.92074,84.81069,83.67842,82.52396,81.34733,80.14856,78.92769,78.06742,76.79435,75.13275,74.18217,73.19334,71.48221,66.09376,60.23011,57.74945,56.24109,54.72846,52.91928,51.40678,49.89036,48.10291,46.58743,45.0684,43.30402,41.78672,40.26624,38.52625,37.00828,35.28812
174.582,175.546,174.7912,174.8621,174.9107,174.9371,174.9415,174.0493,174.0058,173.9407,173.8541,173.7463,174.5122,176.1636,177.8093,178.5426,181.0823,182.7091,184.3291,185.942,188.4714,190.0727,190.7356,193.2511,195.7645,196.3958,187.5857,175.8665,172.5949,173.0923,173.5765,173.0912,173.5464,173.9884,174.4171,173.8666,173.2984,173.6829,174.0542,173.4379,173.7807,174.1103,174.4266
111.221,109.6933,107.1122,105.0678,103.0303,101,98.97714,96.47711,94.47743,92.4859,90.50273,88.52815,87.00857,85.92074,84.81069,83.2558,82.52396,81.34733,80.14856,78.92769,78.06742,76.79435,75.13275,74.18217,73.19334,71.48221,66.42756,60.55568,57.74945,56.24109,54.72846,52.91928,51.40678,49.89036,48.37015,46.58743,44.81802,43.30402,41.78672,40.04129,38.52625,37.00828,35.48749
174.582,175.546,174.7912,175.7193,174.9107,174.9371,174.9415,174.9239,174.0058,173.9407,173.8541,173.7463,173.6173,175.2648,176.9067,179.4489,181.0823,182.7091,184.3291,185.942,188.4714,190.0727,190.7356,193.2511,195.7645,195.4561,187.5857,174.9209,172.5949,173.0923,173.5765,173.0912,173.5464,173.9884,174.4171,173.8666,173.2984,174.6532,174.0542,173.4379,173.7807,174.1103,174.4266
111.221,109.6933,107.1122,105.5828,103.0303,101,98.97714,96.96192,94.47743,92.4859,90.50273,88.52815,86.56238,85.48237,84.38017,83.67842,82.52396,81.34733,80.14856,78.92769,78.06742,76.79435,75.13275,74.18217,73.19334,71.14019,66.42756,60.23011,57.74945,56.24109,54.72846,52.91928,51.40678,49.89036,48.37015,46.58743,44.81802,43.54594,41.78672,40.04129,38.52625,37.00828,35.48749
174.582,175.546,174.7912,175.7193,174.9107,174.9371,174.9415,174.9239,174.0058,173.9407,173.8541,173.7463,174.5122,176.1636,177.8093,179.4489,180.1723,182.7091,184.3291,186.8625,188.4714,190.0727,190.7356,193.2511,195.7645,196.3958,187.5857,174.9209,172.5949,173.0923,173.5765,174.0475,173.5464,173.9884,173.4535,173.8666,174.2666,173.6829,174.0542,173.4379,173.7807,174.1103,174.4266
111.221,109.6933,107.1122,105.5828,103.0303,101,98.97714,96.96192,94.47743,92.4859,90.50273,88.52815,87.00857,85.92074,84.81069,83.67842,82.10926,81.34733,80.14856,79.31842,78.06742,76.79435,75.13275,74.18217,73.19334,71.48221,66.42756,60.23011,57.74945,56.24109,54.72846,53.21165,51.40678,49.89036,48.10291,46.58743,45.0684,43.30402,41.78672,40.04129,38.52625,37.00828,35.48749
174.582,175.546,174.7912,175.7193,175.7723,174.9371,174.9415,174.9239,174.0058,174.8236,173.8541,173.7463,173.6173,176.1636,176.9067,180.3552,181.0823,182.7091,184.3291,186.8625,188.4714,190.0727,190.7356,193.2511,195.7645,195.4561,187.5857,175.8665,172.5949,173.0923,173.5765,173.0912,173.5464,173.9884,173.4535,173.8666,174.2666,173.6829,174.0542,173.4379,173.7807,174.1103,174.4266
111.221,109.6933,107.1122,105.5828,103.5378,101,98.97714,96.96192,94.47743,92.95537,90.50273,88.52815,86.56238,85.92074,84.38017,84.10103,82.52396,81.34733,80.14856,79.31842,78.06742,76.79435,75.13275,74.18217,73.19334,71.14019,66.42756,60.55568,57.74945,56.24109,54.72846,52.91928,51.40678,49.89036,48.10291,46.58743,45.0684,43.30402,41.78672,40.04129,38.52625,37.00828,35.48749
