134.3256,133.5171,133.6862,133.8451,133.9937,134.1322,134.2605,135.3739,135.4825,134.5838,135.6687,135.7463,135.8136,135.8706,135.9172,135.9534,136.9791,136.9948,137,136.9948,136.9791,135.9534,137.9159,141.8648,146.7985,151.7165,154.6224,152.5284,150.4254,149.3094,148.1838,147.0486,145.9043,144.7509,143.5889,141.4293,140.2517,141.0388,140.8275,140.6055,141.3543,142.0891,141.8314,141.5629,142.258,141.966,142.6335,143.2859,143.9229,144.5446,145.1505,146.6994,147.2709,145.9187
21.27509,19.95427,18.78837,17.62104,16.45236,15.28243,14.11134,13.03502,11.85318,10.59198,9.48688,8.302601,7.11769,5.932237,4.746332,3.560065,2.39098,1.195535,0,-1.195535,-2.39098,-3.560065,-4.816131,-6.193953,-7.693386,-9.279378,-10.81225,-12.00424,-13.16052,-14.37686,-15.57474,-16.75408,-17.91479,-19.05682,-20.1801,-21.13675,-22.21369,-23.60181,-24.83169,-26.05968,-27.4765,-28.90835,-30.1472,-31.38374,-32.84285,-34.08302,-35.56252,-37.05624,-38.56404,-40.08576,-41.62124,-43.45435,-45.02524,-46.00799
134.3256,132.5281,133.6862,134.8365,133.9937,134.1322,135.255,134.3785,134.4863,135.5808,135.6687,135.7463,135.8136,135.8706,135.9172,135.9534,135.9793,135.9948,137,136.9948,136.9791,135.9534,137.9159,141.8648,146.7985,151.7165,154.6224,153.5253,150.4254,149.3094,148.1838,147.0486,145.9043,144.7509,143.5889,142.4183,141.2394,141.0388,140.8275,141.5887,141.3543,142.0891,141.8314,141.5629,143.2324,143.9107,142.6335,144.254,143.9229,144.5446,145.1505,146.6994,147.2709,145.9187
21.27509,19.80646,18.78837,17.75156,16.45236,15.28243,14.21587,12.93918,11.76603,10.67044,9.48688,8.302601,7.11769,5.932237,4.746332,3.560065,2.373527,1.186809,0,-1.195535,-2.39098,-3.560065,-4.816131,-6.193953,-7.693386,-9.279378,-10.81225,-12.0827,-13.16052,-14.37686,-15.57474,-16.75408,-17.91479,-19.05682,-20.1801,-21.28456,-22.37013,-23.60181,-24.83169,-26.24192,-27.4765,-28.90835,-30.1472,-31.38374,-33.0678,-34.54991,-35.56252,-37.30662,-38.56404,-40.08576,-41.62124,-43.45435,-45.02524,-46.00799
136.301,133.5171,133.6862,133.8451,133.9937,134.1322,135.255,135.3739,134.4863,134.5838,135.6687,135.7463,135.8136,135.8706,135.9172,136.9531,136.9791,136.9948,137,136.9948,137.979,136.9531,137.9159,141.8648,147.7972,151.7165,154.6224,152.5284,150.4254,149.3094,148.1838,147.0486,145.9043,144.7509,143.5889,141.4293,142.2271,141.0388,140.8275,141.5887,141.3543,142.0891,142.8095,141.5629,143.2324,142.9384,144.5741,143.2859,143.9229,144.5446,145.1505,146.6994,147.2709,145.9187
21.58796,19.95427,18.78837,17.62104,16.45236,15.28243,14.21587,13.03502,11.76603,10.59198,9.48688,8.302601,7.11769,5.932237,4.746332,3.586242,2.39098,1.195535,0,-1.195535,-2.408432,-3.586242,-4.816131,-6.193953,-7.745722,-9.279378,-10.81225,-12.00424,-13.16052,-14.37686,-15.57474,-16.75408,-17.91479,-19.05682,-20.1801,-21.13675,-22.52656,-23.60181,-24.83169,-26.24192,-27.4765,-28.90835,-30.35511,-31.38374,-33.0678,-34.31647,-36.04636,-37.05624,-38.56404,-40.08576,-41.62124,-43.45435,-45.02524,-46.00799
134.3256,132.5281,133.6862,133.8451,133.9937,134.1322,134.2605,134.3785,135.4825,135.5808,135.6687,135.7463,135.8136,135.8706,135.9172,135.9534,135.9793,136.9948,137,136.9948,136.9791,135.9534,137.9159,141.8648,145.7999,150.7184,154.6224,154.5222,150.4254,149.3094,148.1838,147.0486,145.9043,144.7509,143.5889,142.4183,142.2271,141.0388,140.8275,141.5887,141.3543,142.0891,142.8095,141.5629,143.2324,143.9107,143.6038,143.2859,143.9229,144.5446,145.1505,146.6994,147.2709,146.8724
21.27509,19.80646,18.78837,17.62104,16.45236,15.28243,14.11134,12.93918,11.85318,10.67044,9.48688,8.302601,7.11769,5.932237,4.746332,3.560065,2.373527,1.195535,0,-1.195535,-2.39098,-3.560065,-4.816131,-6.193953,-7.64105,-9.218329,-10.81225,-12.16116,-13.16052,-14.37686,-15.57474,-16.75408,-17.91479,-19.05682,-20.1801,-21.28456,-22.52656,-23.60181,-24.83169,-26.24192,-27.4765,-28.90835,-30.35511,-31.38374,-33.0678,-34.54991,-35.80444,-37.05624,-38.56404,-40.08576,-41.62124,-43.45435,-45.02524,-46.30869
132.3502,132.5281,133.6862,133.8451,133.9937,134.1322,134.2605,134.3785,134.4863,135.5808,135.6687,135.7463,135.8136,135.8706,135.9172,135.9534,135.9793,136.9948,137,136.9948,137.979,135.9534,137.9159,141.8648,146.7985,151.7165,154.6224,152.5284,150.4254,149.3094,147.1892,147.0486,145.9043,144.7509,143.5889,142.4183,142.2271,141.0388,140.8275,141.5887,141.3543,141.1092,142.8095,141.5629,142.258,142.9384,144.5741,144.254,143.9229,144.5446,145.1505,146.6994,147.2709,148.7798
20.96222,19.80646,18.78837,17.62104,16.45236,15.28243,14.11134,12.93918,11.76603,10.67044,9.48688,8.302601,7.11769,5.932237,4.746332,3.560065,2.373527,1.195535,0,-1.195535,-2.408432,-3.560065,-4.816131,-6.193953,-7.693386,-9.279378,-10.81225,-12.00424,-13.16052,-14.37686,-15.47021,-16.75408,-17.91479,-19.05682,-20.1801,-21.28456,-22.52656,-23.60181,-24.83169,-26.24192,-27.4765,-28.70898,-30.35511,-31.38374,-32.84285,-34.31647,-36.04636,-37.30662,-38.56404,-40.08576,-41.62124,-43.45435,-45.02524,-46.9101
133.3379,132.5281,133.6862,133.8451,133.9937,134.1322,134.2605,134.3785,134.4863,135.5808,134.6711,134.7482,135.8136,135.8706,135.9172,135.9534,136.9791,136.9948,137,136.9948,137.979,135.9534,137.9159,141.8648,144.8013,151.7165,154.6224,154.5222,150.4254,149.3094,148.1838,147.0486,145.9043,144.7509,143.5889,142.4183,141.2394,141.0388,140.8275,140.6055,141.3543,142.0891,141.8314,141.5629,142.258,142.9384,143.6038,143.2859,143.9229,144.5446,145.1505,146.6994,147.2709,146.8724
21.11865,19.80646,18.78837,17.62104,16.45236,15.28243,14.11134,12.93918,11.76603,10.67044,9.417124,8.241553,7.11769,5.932237,4.746332,3.560065,2.39098,1.195535,0,-1.195535,-2.408432,-3.560065,-4.816131,-6.193953,-7.588714,-9.279378,-10.81225,-12.16116,-13.16052,-14.37686,-15.57474,-16.75408,-17.91479,-19.05682,-20.1801,-21.28456,-22.37013,-23.60181,-24.83169,-26.05968,-27.4765,-28.90835,-30.1472,-31.38374,-32.84285,-34.31647,-35.80444,-37.05624,-38.56404,-40.08576,-41.62124,-43.45435,-45.02524,-46.30869
131.3625,133.5171,133.6862,133.8451,133.9937,134.1322,134.2605,134.3785,134.4863,135.5808,135.6687,135.7463,135.8136,135.8706,135.9172,135.9534,135.9793,136.9948,137,136.9948,136.9791,135.9534,137.9159,141.8648,147.7972,151.7165,154.6224,154.5222,150.4254,149.3094,148.1838,147.0486,145.9043,144.7509,143.5889,142.4183,141.2394,141.0388,140.8275,140.6055,141.3543,141.1092,141.8314,141.5629,142.258,142.9384,144.5741,143.2859,143.9229,144.5446,145.1505,146.6994,147.2709,144.965
20.80578,19.95427,18.78837,17.62104,16.45236,15.28243,14.11134,12.93918,11.76603,10.67044,9.48688,8.302601,7.11769,5.932237,4.746332,3.560065,2.373527,1.195535,0,-1.195535,-2.39098,-3.560065,-4.816131,-6.193953,-7.745722,-9.279378,-10.81225,-12.16116,-13.16052,-14.37686,-15.57474,-16.75408,-17.91479,-19.05682,-20.1801,-21.28456,-22.37013,-23.60181,-24.83169,-26.05968,-27.4765,-28.70898,-30.1472,-31.38374,-32.84285,-34.31647,-36.04636,-37.05624,-38.56404,-40.08576,-41.62124,-43.45435,-45.02524,-45.70728
134.3256,133.5171,133.6862,133.8451,133.9937,134.1322,134.2605,134.3785,135.4825,135.5808,135.6687,135.7463,135.8136,135.8706,135.9172,135.9534,135.9793,136.9948,137,136.9948,137.979,135.9534,137.9159,141.8648,147.7972,151.7165,154.6224,154.5222,150.4254,149.3094,148.1838,147.0486,145.9043,144.7509,143.5889,142.4183,141.2394,141.0388,140.8275,140.6055,141.3543,142.0891,140.8533,141.5629,142.258,142.9384,143.6038,144.254,143.9229,144.5446,145.1505,146.6994,147.2709,145.9187
21.27509,19.95427,18.78837,17.62104,16.45236,15.28243,14.11134,12.93918,11.85318,10.67044,9.48688,8.302601,7.11769,5.932237,4.746332,3.560065,2.373527,1.195535,0,-1.195535,-2.408432,-3.560065,-4.816131,-6.193953,-7.745722,-9.279378,-10.81225,-12.16116,-13.16052,-14.37686,-15.57474,-16.75408,-17.91479,-19.05682,-20.1801,-21.28456,-22.37013,-23.60181,-24.83169,-26.05968,-27.4765,-28.90835,-29.93928,-31.38374,-32.84285,-34.31647,-35.80444,-37.30662,-38.56404,-40.08576,-41.62124,-43.45435,-45.02524,-46.00799
132.3502,133.5171,133.6862,133.8451,133.9937,134.1322,134.2605,134.3785,134.4863,134.5838,135.6687,135.7463,135.8136,135.8706,135.9172,135.9534,135.9793,136.9948,137,136.9948,137.979,135.9534,137.9159,141.8648,147.7972,151.7165,154.6224,152.5284,150.4254,149.3094,148.1838,147.0486,145.9043,144.7509,143.5889,142.4183,141.2394,141.0388,140.8275,140.6055,141.3543,142.0891,141.8314,141.5629,142.258,142.9384,142.6335,143.2859,143.9229,144.5446,146.1118,146.6994,147.2709,144.965
20.96222,19.95427,18.78837,17.62104,16.45236,15.28243,14.11134,12.93918,11.76603,10.59198,9.48688,8.302601,7.11769,5.932237,4.746332,3.560065,2.373527,1.195535,0,-1.195535,-2.408432,-3.560065,-4.816131,-6.193953,-7.745722,-9.279378,-10.81225,-12.00424,-13.16052,-14.37686,-15.57474,-16.75408,-17.91479,-19.05682,-20.1801,-21.28456,-22.37013,-23.60181,-24.83169,-26.05968,-27.4765,-28.90835,-30.1472,-31.38374,-32.84285,-34.31647,-35.56252,-37.05624,-38.56404,-40.08576,-41.89688,-43.45435,-45.02524,-45.70728
133.3379,133.5171,133.6862,133.8451,133.9937,134.1322,134.2605,134.3785,135.4825,135.5808,135.6687,135.7463,135.8136,135.8706,135.9172,135.9534,135.9793,136.9948,137,136.9948,137.979,135.9534,137.9159,141.8648,147.7972,151.7165,154.6224,153.5253,150.4254,149.3094,148.1838,147.0486,145.9043,144.7509,143.5889,141.4293,141.2394,141.0388,140.8275,140.6055,141.3543,142.0891,141.8314,141.5629,142.258,142.9384,142.6335,143.2859,143.9229,144.5446,145.1505,144.7818,147.2709,146.8724
21.11865,19.95427,18.78837,17.62104,16.45236,15.28243,14.11134,12.93918,11.85318,10.67044,9.48688,8.302601,7.11769,5.932237,4.746332,3.560065,2.373527,1.195535,0,-1.195535,-2.408432,-3.560065,-4.816131,-6.193953,-7.745722,-9.279378,-10.81225,-12.0827,-13.16052,-14.37686,-15.57474,-16.75408,-17.91479,-19.05682,-20.1801,-21.13675,-22.37013,-23.60181,-24.83169,-26.05968,-27.4765,-28.90835,-30.1472,-31.38374,-32.84285,-34.31647,-35.56252,-37.05624,-38.56404,-40.08576,-41.62124,-42.88632,-45.02524,-46.30869
134.3256,133.5171,133.6862,133.8451,133.9937,134.1322,134.2605,135.3739,134.4863,135.5808,134.6711,135.7463,135.8136,135.8706,135.9172,135.9534,136.9791,136.9948,137,136.9948,137.979,135.9534,137.9159,141.8648,145.7999,151.7165,154.6224,154.5222,150.4254,149.3094,148.1838,147.0486,145.9043,144.7509,143.5889,142.4183,141.2394,141.0388,140.8275,141.5887,141.3543,142.0891,141.8314,141.5629,142.258,142.9384,143.6038,143.2859,143.9229,144.5446,145.1505,147.6582,147.2709,144.965
21.27509,19.95427,18.78837,17.62104,16.45236,15.28243,14.11134,13.03502,11.76603,10.67044,9.417124,8.302601,7.11769,5.932237,4.746332,3.560065,2.39098,1.195535,0,-1.195535,-2.408432,-3.560065,-4.816131,-6.193953,-7.64105,-9.279378,-10.81225,-12.16116,-13.16052,-14.37686,-15.57474,-16.75408,-17.91479,-19.05682,-20.1801,-21.28456,-22.37013,-23.60181,-24.83169,-26.24192,-27.4765,-28.90835,-30.1472,-31.38374,-32.84285,-34.31647,-35.80444,-37.05624,-38.56404,-40.08576,-41.62124,-43.73836,-45.02524,-45.70728
133.3379,133.5171,133.6862,133.8451,133.9937,134.1322,134.2605,134.3785,135.4825,135.5808,135.6687,135.7463,135.8136,135.8706,135.9172,135.9534,135.9793,136.9948,137,136.9948,136.9791,135.9534,137.9159,141.8648,145.7999,151.7165,154.6224,154.5222,150.4254,149.3094,148.1838,147.0486,145.9043,143.7595,143.5889,142.4183,142.2271,141.0388,140.8275,141.5887,141.3543,142.0891,140.8533,142.5392,142.258,143.9107,144.5741,143.2859,143.9229,144.5446,145.1505,144.7818,147.2709,145.9187
21.11865,19.95427,18.78837,17.62104,16.45236,15.28243,14.11134,12.93918,11.85318,10.67044,9.48688,8.302601,7.11769,5.932237,4.746332,3.560065,2.373527,1.195535,0,-1.195535,-2.39098,-3.560065,-4.816131,-6.193953,-7.64105,-9.279378,-10.81225,-12.16116,-13.16052,-14.37686,-15.57474,-16.75408,-17.91479,-18.9263,-20.1801,-21.28456,-22.52656,-23.60181,-24.83169,-26.24192,-27.4765,-28.90835,-29.93928,-31.60018,-32.84285,-34.54991,-36.04636,-37.05624,-38.56404,-40.08576,-41.62124,-42.88632,-45.02524,-46.00799
131.3625,132.5281,133.6862,133.8451,133.9937,134.1322,134.2605,135.3739,135.4825,135.5808,135.6687,135.7463,135.8136,135.8706,135.9172,135.9534,135.9793,136.9948,137,136.9948,137.979,135.9534,137.9159,141.8648,147.7972,151.7165,154.6224,153.5253,150.4254,149.3094,148.1838,147.0486,145.9043,144.7509,143.5889,142.4183,141.2394,141.0388,140.8275,140.6055,141.3543,142.0891,141.8314,141.5629,142.258,142.9384,143.6038,143.2859,143.9229,144.5446,145.1505,146.6994,147.2709,144.965
20.80578,19.80646,18.78837,17.62104,16.45236,15.28243,14.11134,13.03502,11.85318,10.67044,9.48688,8.302601,7.11769,5.932237,4.746332,3.560065,2.373527,1.195535,0,-1.195535,-2.408432,-3.560065,-4.816131,-6.193953,-7.745722,-9.279378,-10.81225,-12.0827,-13.16052,-14.37686,-15.57474,-16.75408,-17.91479,-19.05682,-20.1801,-21.28456,-22.37013,-23.60181,-24.83169,-26.05968,-27.4765,-28.90835,-30.1472,-31.38374,-32.84285,-34.31647,-35.80444,-37.05624,-38.56404,-40.08576,-41.62124,-43.45435,-45.02524,-45.70728
133.3379,133.5171,133.6862,133.8451,133.9937,134.1322,134.2605,135.3739,135.4825,135.5808,135.6687,135.7463,135.8136,135.8706,135.9172,135.9534,135.9793,136.9948,137,136.9948,137.979,135.9534,137.9159,141.8648,144.8013,151.7165,154.6224,154.5222,150.4254,149.3094,148.1838,147.0486,145.9043,144.7509,143.5889,142.4183,141.2394,141.0388,140.8275,141.5887,141.3543,142.0891,141.8314,142.5392,142.258,142.9384,144.5741,143.2859,143.9229,144.5446,145.1505,146.6994,147.2709,147.8261
21.11865,19.95427,18.78837,17.62104,16.45236,15.28243,14.11134,13.03502,11.85318,10.67044,9.48688,8.302601,7.11769,5.932237,4.746332,3.560065,2.373527,1.195535,0,-1.195535,-2.408432,-3.560065,-4.816131,-6.193953,-7.588714,-9.279378,-10.81225,-12.16116,-13.16052,-14.37686,-15.57474,-16.75408,-17.91479,-19.05682,-20.1801,-21.28456,-22.37013,-23.60181,-24.83169,-26.24192,-27.4765,-28.90835,-30.1472,-31.60018,-32.84285,-34.31647,-36.04636,-37.05624,-38.56404,-40.08576,-41.62124,-43.45435,-45.02524,-46.6094
134.3256,133.5171,133.6862,133.8451,133.9937,134.1322,134.2605,134.3785,135.4825,135.5808,135.6687,135.7463,135.8136,135.8706,135.9172,135.9534,136.9791,136.9948,137,136.9948,137.979,135.9534,138.9153,141.8648,146.7985,151.7165,154.6224,152.5284,150.4254,149.3094,148.1838,147.0486,145.9043,144.7509,143.5889,142.4183,141.2394,141.0388,140.8275,141.5887,141.3543,142.0891,141.8314,142.5392,142.258,142.9384,144.5741,143.2859,143.9229,144.5446,145.1505,146.6994,147.2709,145.9187
21.27509,19.95427,18.78837,17.62104,16.45236,15.28243,14.11134,12.93918,11.85318,10.67044,9.48688,8.302601,7.11769,5.932237,4.746332,3.560065,2.39098,1.195535,0,-1.195535,-2.408432,-3.560065,-4.85103,-6.193953,-7.693386,-9.279378,-10.81225,-12.00424,-13.16052,-14.37686,-15.57474,-16.75408,-17.91479,-19.05682,-20.1801,-21.28456,-22.37013,-23.60181,-24.83169,-26.24192,-27.4765,-28.90835,-30.1472,-31.60018,-32.84285,-34.31647,-36.04636,-37.05624,-38.56404,-40.08576,-41.62124,-43.45435,-45.02524,-46.00799
133.3379,133.5171,133.6862,133.8451,133.9937,134.1322,134.2605,134.3785,134.4863,134.5838,135.6687,135.7463,135.8136,135.8706,135.9172,135.9534,136.9791,136.9948,137,136.9948,137.979,135.9534,137.9159,141.8648,144.8013,152.7146,154.6224,154.5222,150.4254,149.3094,148.1838,147.0486,145.9043,144.7509,143.5889,142.4183,141.2394,141.0388,140.8275,141.5887,141.3543,142.0891,142.8095,141.5629,142.258,142.9384,142.6335,144.254,143.9229,144.5446,145.1505,146.6994,147.2709,146.8724
21.11865,19.95427,18.78837,17.62104,16.45236,15.28243,14.11134,12.93918,11.76603,10.59198,9.48688,8.302601,7.11769,5.932237,4.746332,3.560065,2.39098,1.195535,0,-1.195535,-2.408432,-3.560065,-4.816131,-6.193953,-7.588714,-9.340427,-10.81225,-12.16116,-13.16052,-14.37686,-15.57474,-16.75408,-17.91479,-19.05682,-20.1801,-21.28456,-22.37013,-23.60181,-24.83169,-26.24192,-27.4765,-28.90835,-30.35511,-31.38374,-32.84285,-34.31647,-35.56252,-37.30662,-38.56404,-40.08576,-41.62124,-43.45435,-45.02524,-46.30869
133.3379,132.5281,133.6862,133.8451,133.9937,134.1322,134.2605,134.3785,134.4863,135.5808,135.6687,135.7463,135.8136,135.8706,135.9172,135.9534,135.9793,136.9948,137,136.9948,137.979,135.9534,137.9159,141.8648,145.7999,151.7165,154.6224,153.5253,150.4254,149.3094,148.1838,147.0486,145.9043,144.7509,143.5889,142.4183,142.2271,141.0388,140.8275,141.5887,141.3543,142.0891,142.8095,141.5629,142.258,142.9384,143.6038,143.2859,143.9229,144.5446,145.1505,144.7818,147.2709,145.9187
21.11865,19.80646,18.78837,17.62104,16.45236,15.28243,14.11134,12.93918,11.76603,10.67044,9.48688,8.302601,7.11769,5.932237,4.746332,3.560065,2.373527,1.195535,0,-1.195535,-2.408432,-3.560065,-4.816131,-6.193953,-7.64105,-9.279378,-10.81225,-12.0827,-13.16052,-14.37686,-15.57474,-16.75408,-17.91479,-19.05682,-20.1801,-21.28456,-22.52656,-23.60181,-24.83169,-26.24192,-27.4765,-28.90835,-30.35511,-31.38374,-32.84285,-34.31647,-35.80444,-37.05624,-38.56404,-40.08576,-41.62124,-42.88632,-45.02524,-46.00799
133.3379,132.5281,133.6862,133.8451,133.9937,134.1322,134.2605,134.3785,134.4863,135.5808,135.6687,135.7463,135.8136,135.8706,135.9172,136.9531,136.9791,136.9948,137,136.9948,137.979,135.9534,137.9159,141.8648,147.7972,151.7165,154.6224,154.5222,150.4254,149.3094,148.1838,147.0486,145.9043,144.7509,143.5889,142.4183,142.2271,141.0388,141.8123,141.5887,141.3543,142.0891,141.8314,141.5629,142.258,142.9384,142.6335,143.2859,143.9229,144.5446,145.1505,146.6994,147.2709,146.8724
21.11865,19.80646,18.78837,17.62104,16.45236,15.28243,14.11134,12.93918,11.76603,10.67044,9.48688,8.302601,7.11769,5.932237,4.746332,3.586242,2.39098,1.195535,0,-1.195535,-2.408432,-3.560065,-4.816131,-6.193953,-7.745722,-9.279378,-10.81225,-12.16116,-13.16052,-14.37686,-15.57474,-16.75408,-17.91479,-19.05682,-20.1801,-21.28456,-22.52656,-23.60181,-25.00534,-26.24192,-27.4765,-28.90835,-30.1472,-31.38374,-32.84285,-34.31647,-35.56252,-37.05624,-38.56404,-40.08576,-41.62124,-43.45435,-45.02524,-46.30869
132.3502,132.5281,133.6862,133.8451,133.9937,134.1322,134.2605,135.3739,134.4863,135.5808,135.6687,135.7463,135.8136,135.8706,135.9172,135.9534,136.9791,136.9948,137,136.9948,137.979,135.9534,137.9159,141.8648,147.7972,150.7184,154.6224,154.5222,150.4254,149.3094,148.1838,147.0486,145.9043,144.7509,143.5889,142.4183,140.2517,141.0388,140.8275,141.5887,141.3543,142.0891,141.8314,142.5392,142.258,142.9384,142.6335,143.2859,143.9229,144.5446,145.1505,146.6994,147.2709,144.965
20.96222,19.80646,18.78837,17.62104,16.45236,15.28243,14.11134,13.03502,11.76603,10.67044,9.48688,8.302601,7.11769,5.932237,4.746332,3.560065,2.39098,1.195535,0,-1.195535,-2.408432,-3.560065,-4.816131,-6.193953,-7.745722,-9.218329,-10.81225,-12.16116,-13.16052,-14.37686,-15.57474,-16.75408,-17.91479,-19.05682,-20.1801,-21.28456,-22.21369,-23.60181,-24.83169,-26.24192,-27.4765,-28.90835,-30.1472,-31.60018,-32.84285,-34.31647,-35.56252,-37.05624,-38.56404,-40.08576,-41.62124,-43.45435,-45.02524,-45.70728
132.3502,133.5171,133.6862,133.8451,133.9937,134.1322,134.2605,134.3785,134.4863,135.5808,134.6711,135.7463,135.8136,135.8706,135.9172,135.9534,135.9793,136.9948,137,136.9948,137.979,135.9534,137.9159,141.8648,147.7972,151.7165,154.6224,153.5253,150.4254,149.3094,148.1838,147.0486,145.9043,144.7509,142.5986,142.4183,141.2394,141.0388,140.8275,140.6055,141.3543,142.0891,140.8533,141.5629,142.258,142.9384,143.6038,143.2859,143.9229,144.5446,145.1505,146.6994,147.2709,145.9187
20.96222,19.95427,18.78837,17.62104,16.45236,15.28243,14.11134,12.93918,11.76603,10.67044,9.417124,8.302601,7.11769,5.932237,4.746332,3.560065,2.373527,1.195535,0,-1.195535,-2.408432,-3.560065,-4.816131,-6.193953,-7.745722,-9.279378,-10.81225,-12.0827,-13.16052,-14.37686,-15.57474,-16.75408,-17.91479,-19.05682,-20.04093,-21.28456,-22.37013,-23.60181,-24.83169,-26.05968,-27.4765,-28.90835,-29.93928,-31.38374,-32.84285,-34.31647,-35.80444,-37.05624,-38.56404,-40.08576,-41.62124,-43.45435,-45.02524,-46.00799
131.3625,132.5281,133.6862,133.8451,133.9937,134.1322,134.2605,134.3785,134.4863,134.5838,134.6711,135.7463,135.8136,135.8706,135.9172,135.9534,135.9793,136.9948,137,136.9948,137.979,135.9534,137.9159,141.8648,145.7999,151.7165,154.6224,154.5222,150.4254,149.3094,148.1838,147.0486,145.9043,144.7509,143.5889,142.4183,141.2394,141.0388,140.8275,141.5887,141.3543,142.0891,141.8314,141.5629,142.258,142.9384,142.6335,143.2859,143.9229,144.5446,145.1505,144.7818,147.2709,145.9187
20.80578,19.80646,18.78837,17.62104,16.45236,15.28243,14.11134,12.93918,11.76603,10.59198,9.417124,8.302601,7.11769,5.932237,4.746332,3.560065,2.373527,1.195535,0,-1.195535,-2.408432,-3.560065,-4.816131,-6.193953,-7.64105,-9.279378,-10.81225,-12.16116,-13.16052,-14.37686,-15.57474,-16.75408,-17.91479,-19.05682,-20.1801,-21.28456,-22.37013,-23.60181,-24.83169,-26.24192,-27.4765,-28.90835,-30.1472,-31.38374,-32.84285,-34.31647,-35.56252,-37.05624,-38.56404,-40.08576,-41.62124,-42.88632,-45.02524,-46.00799
133.3379,132.5281,133.6862,133.8451,133.9937,134.1322,134.2605,134.3785,134.4863,135.5808,135.6687,135.7463,135.8136,135.8706,135.9172,135.9534,135.9793,136.9948,137,136.9948,137.979,135.9534,137.9159,142.8639,147.7972,151.7165,154.6224,152.5284,150.4254,149.3094,148.1838,147.0486,145.9043,144.7509,143.5889,142.4183,142.2271,141.0388,141.8123,140.6055,141.3543,142.0891,141.8314,141.5629,142.258,142.9384,142.6335,144.254,143.9229,144.5446,145.1505,146.6994,147.2709,145.9187
21.11865,19.80646,18.78837,17.62104,16.45236,15.28243,14.11134,12.93918,11.76603,10.67044,9.48688,8.302601,7.11769,5.932237,4.746332,3.560065,2.373527,1.195535,0,-1.195535,-2.408432,-3.560065,-4.816131,-6.237572,-7.745722,-9.279378,-10.81225,-12.00424,-13.16052,-14.37686,-15.57474,-16.75408,-17.91479,-19.05682,-20.1801,-21.28456,-22.52656,-23.60181,-25.00534,-26.05968,-27.4765,-28.90835,-30.1472,-31.38374,-32.84285,-34.31647,-35.56252,-37.30662,-38.56404,-40.08576,-41.62124,-43.45435,-45.02524,-46.00799
131.3625,133.5171,133.6862,133.8451,133.9937,134.1322,134.2605,134.3785,134.4863,135.5808,135.6687,135.7463,135.8136,135.8706,136.9165,136.9531,136.9791,136.9948,137,136.9948,137.979,135.9534,137.9159,141.8648,147.7972,151.7165,154.6224,153.5253,150.4254,149.3094,148.1838,147.0486,145.9043,144.7509,143.5889,142.4183,141.2394,141.0388,140.8275,141.5887,141.3543,142.0891,142.8095,141.5629,142.258,142.9384,142.6335,143.2859,143.9229,144.5446,145.1505,146.6994,147.2709,144.965
20.80578,19.95427,18.78837,17.62104,16.45236,15.28243,14.11134,12.93918,11.76603,10.67044,9.48688,8.302601,7.11769,5.932237,4.781231,3.586242,2.39098,1.195535,0,-1.195535,-2.408432,-3.560065,-4.816131,-6.193953,-7.745722,-9.279378,-10.81225,-12.0827,-13.16052,-14.37686,-15.57474,-16.75408,-17.91479,-19.05682,-20.1801,-21.28456,-22.37013,-23.60181,-24.83169,-26.24192,-27.4765,-28.90835,-30.35511,-31.38374,-32.84285,-34.31647,-35.56252,-37.05624,-38.56404,-40.08576,-41.62124,-43.45435,-45.02524,-45.70728
132.3502,133.5171,133.6862,133.8451,133.9937,134.1322,134.2605,135.3739,135.4825,135.5808,135.6687,135.7463,135.8136,135.8706,135.9172,135.9534,135.9793,136.9948,137,136.9948,137.979,135.9534,137.9159,141.8648,147.7972,151.7165,154.6224,154.5222,150.4254,149.3094,148.1838,147.0486,145.9043,144.7509,143.5889,142.4183,141.2394,141.0388,140.8275,141.5887,141.3543,142.0891,140.8533,142.5392,142.258,142.9384,143.6038,143.2859,144.8889,144.5446,145.1505,146.6994,147.2709,144.965
20.96222,19.95427,18.78837,17.62104,16.45236,15.28243,14.11134,13.03502,11.85318,10.67044,9.48688,8.302601,7.11769,5.932237,4.746332,3.560065,2.373527,1.195535,0,-1.195535,-2.408432,-3.560065,-4.816131,-6.193953,-7.745722,-9.279378,-10.81225,-12.16116,-13.16052,-14.37686,-15.57474,-16.75408,-17.91479,-19.05682,-20.1801,-21.28456,-22.37013,-23.60181,-24.83169,-26.24192,-27.4765,-28.90835,-29.93928,-31.60018,-32.84285,-34.31647,-35.80444,-37.05624,-38.82286,-40.08576,-41.62124,-43.45435,-45.02524,-45.70728
131.3625,133.5171,133.6862,133.8451,133.9937,134.1322,134.2605,135.3739,135.4825,135.5808,135.6687,134.7482,135.8136,135.8706,135.9172,135.9534,135.9793,136.9948,137,136.9948,136.9791,135.9534,137.9159,141.8648,145.7999,151.7165,154.6224,154.5222,150.4254,149.3094,148.1838,147.0486,145.9043,144.7509,143.5889,142.4183,142.2271,141.0388,140.8275,141.5887,141.3543,142.0891,141.8314,141.5629,142.258,142.9384,143.6038,143.2859,143.9229,144.5446,144.1893,146.6994,146.3146,146.8724
20.80578,19.95427,18.78837,17.62104,16.45236,15.28243,14.11134,13.03502,11.85318,10.67044,9.48688,8.241553,7.11769,5.932237,4.746332,3.560065,2.373527,1.195535,0,-1.195535,-2.39098,-3.560065,-4.816131,-6.193953,-7.64105,-9.279378,-10.81225,-12.16116,-13.16052,-14.37686,-15.57474,-16.75408,-17.91479,-19.05682,-20.1801,-21.28456,-22.52656,-23.60181,-24.83169,-26.24192,-27.4765,-28.90835,-30.1472,-31.38374,-32.84285,-34.31647,-35.80444,-37.05624,-38.56404,-40.08576,-41.3456,-43.45435,-44.73287,-46.30869
133.3379,132.5281,133.6862,133.8451,133.9937,134.1322,134.2605,134.3785,134.4863,134.5838,135.6687,135.7463,135.8136,135.8706,135.9172,135.9534,135.9793,136.9948,137,136.9948,137.979,135.9534,137.9159,141.8648,145.7999,151.7165,154.6224,154.5222,150.4254,149.3094,148.1838,147.0486,144.9117,144.7509,143.5889,141.4293,141.2394,141.0388,140.8275,141.5887,141.3543,142.0891,142.8095,141.5629,142.258,142.9384,143.6038,143.2859,143.9229,144.5446,145.1505,144.7818,146.3146,145.9187
21.11865,19.80646,18.78837,17.62104,16.45236,15.28243,14.11134,12.93918,11.76603,10.59198,9.48688,8.302601,7.11769,5.932237,4.746332,3.560065,2.373527,1.195535,0,-1.195535,-2.408432,-3.560065,-4.816131,-6.193953,-7.64105,-9.279378,-10.81225,-12.16116,-13.16052,-14.37686,-15.57474,-16.75408,-17.79292,-19.05682,-20.1801,-21.13675,-22.37013,-23.60181,-24.83169,-26.24192,-27.4765,-28.90835,-30.35511,-31.38374,-32.84285,-34.31647,-35.80444,-37.05624,-38.56404,-40.08576,-41.62124,-42.88632,-44.73287,-46.00799
134.3256,132.5281,133.6862,133.8451,133.9937,134.1322,134.2605,135.3739,134.4863,134.5838,135.6687,135.7463,135.8136,135.8706,135.9172,135.9534,135.9793,136.9948,137,136.9948,136.9791,135.9534,137.9159,142.8639,147.7972,151.7165,154.6224,152.5284,150.4254,149.3094,148.1838,147.0486,145.9043,144.7509,143.5889,142.4183,141.2394,141.0388,140.8275,141.5887,141.3543,142.0891,142.8095,142.5392,143.2324,142.9384,142.6335,143.2859,144.8889,144.5446,145.1505,146.6994,147.2709,144.965
21.27509,19.80646,18.78837,17.62104,16.45236,15.28243,14.11134,13.03502,11.76603,10.59198,9.48688,8.302601,7.11769,5.932237,4.746332,3.560065,2.373527,1.195535,0,-1.195535,-2.39098,-3.560065,-4.816131,-6.237572,-7.745722,-9.279378,-10.81225,-12.00424,-13.16052,-14.37686,-15.57474,-16.75408,-17.91479,-19.05682,-20.1801,-21.28456,-22.37013,-23.60181,-24.83169,-26.24192,-27.4765,-28.90835,-30.35511,-31.60018,-33.0678,-34.31647,-35.56252,-37.05624,-38.82286,-40.08576,-41.62124,-43.45435,-45.02524,-45.70728
131.3625,132.5281,133.6862,133.8451,133.9937,134.1322,134.2605,134.3785,135.4825,135.5808,135.6687,135.7463,135.8136,135.8706,135.9172,135.9534,135.9793,136.9948,137,136.9948,137.979,135.9534,137.9159,141.8648,147.7972,151.7165,154.6224,152.5284,150.4254,149.3094,148.1838,147.0486,144.9117,144.7509,143.5889,142.4183,140.2517,141.0388,140.8275,141.5887,141.3543,142.0891,142.8095,142.5392,143.2324,142.9384,143.6038,143.2859,143.9229,144.5446,145.1505,146.6994,147.2709,145.9187
20.80578,19.80646,18.78837,17.62104,16.45236,15.28243,14.11134,12.93918,11.85318,10.67044,9.48688,8.302601,7.11769,5.932237,4.746332,3.560065,2.373527,1.195535,0,-1.195535,-2.408432,-3.560065,-4.816131,-6.193953,-7.745722,-9.279378,-10.81225,-12.00424,-13.16052,-14.37686,-15.57474,-16.75408,-17.79292,-19.05682,-20.1801,-21.28456,-22.21369,-23.60181,-24.83169,-26.24192,-27.4765,-28.90835,-30.35511,-31.60018,-33.0678,-34.31647,-35.80444,-37.05624,-38.56404,-40.08576,-41.62124,-43.45435,-45.02524,-46.00799
130.3749,133.5171,133.6862,133.8451,133.9937,134.1322,134.2605,134.3785,134.4863,135.5808,135.6687,135.7463,135.8136,135.8706,135.9172,135.9534,135.9793,136.9948,137,136.9948,137.979,135.9534,137.9159,141.8648,147.7972,151.7165,154.6224,154.5222,151.4216,149.3094,148.1838,147.0486,144.9117,144.7509,143.5889,142.4183,141.2394,141.0388,140.8275,141.5887,141.3543,142.0891,142.8095,143.5155,143.2324,143.9107,144.5741,144.254,144.8889,145.5082,145.1505,146.6994,147.2709,146.8724
20.64935,19.95427,18.78837,17.62104,16.45236,15.28243,14.11134,12.93918,11.76603,10.67044,9.48688,8.302601,7.11769,5.932237,4.746332,3.560065,2.373527,1.195535,0,-1.195535,-2.408432,-3.560065,-4.816131,-6.193953,-7.745722,-9.279378,-10.81225,-12.16116,-13.24767,-14.37686,-15.57474,-16.75408,-17.79292,-19.05682,-20.1801,-21.28456,-22.37013,-23.60181,-24.83169,-26.24192,-27.4765,-28.90835,-30.35511,-31.81662,-33.0678,-34.54991,-36.04636,-37.30662,-38.82286,-40.35299,-41.62124,-43.45435,-45.02524,-46.30869
