131.3625,132.5281,132.6959,132.8536,133.0012,133.1386,133.2659,133.3831,133.4901,133.5869,134.6711,134.7482,134.815,135.8706,134.9178,134.9537,134.9794,135.9948,136,135.9948,136.9791,136.9531,137.9159,141.8648,145.7999,151.7165,154.6224,152.5284,151.4216,149.3094,148.1838,148.0422,145.9043,144.7509,142.5986,142.4183,142.2271,141.0388,140.8275,140.6055,141.3543,142.0891,142.8095,142.5392,143.2324,143.9107,143.6038,144.254,144.8889,145.5082,146.1118,146.6994,147.2709,147.8261
20.80578,19.80646,18.6492,17.49051,16.33049,15.16923,14.00681,12.84333,11.67887,10.51352,9.417124,8.241553,7.065354,5.932237,4.711432,3.533888,2.356075,1.186809,0,-1.186809,-2.39098,-3.586242,-4.816131,-6.193953,-7.64105,-9.279378,-10.81225,-12.00424,-13.24767,-14.37686,-15.57474,-16.86728,-17.91479,-19.05682,-20.04093,-21.28456,-22.52656,-23.60181,-24.83169,-26.05968,-27.4765,-28.90835,-30.35511,-31.60018,-33.0678,-34.54991,-35.80444,-37.30662,-38.82286,-40.35299,-41.89688,-43.45435,-45.02524,-46.6094
132.3502,133.5171,132.6959,132.8536,133.0012,133.1386,133.2659,134.3785,134.4863,134.5838,133.6736,134.7482,134.815,134.8715,134.9178,134.9537,134.9794,135.9948,136,135.9948,135.9793,137.9527,137.9159,141.8648,145.7999,151.7165,154.6224,152.5284,151.4216,149.3094,148.1838,147.0486,145.9043,144.7509,143.5889,143.4073,141.2394,141.0388,140.8275,141.5887,141.3543,142.0891,142.8095,142.5392,143.2324,143.9107,143.6038,145.2221,144.8889,145.5082,146.1118,145.7406,147.2709,145.9187
20.96222,19.95427,18.6492,17.49051,16.33049,15.16923,14.00681,12.93918,11.76603,10.59198,9.347367,8.241553,7.065354,5.888617,4.711432,3.533888,2.356075,1.186809,0,-1.186809,-2.373527,-3.612419,-4.816131,-6.193953,-7.64105,-9.279378,-10.81225,-12.00424,-13.24767,-14.37686,-15.57474,-16.75408,-17.91479,-19.05682,-20.1801,-21.43236,-22.37013,-23.60181,-24.83169,-26.24192,-27.4765,-28.90835,-30.35511,-31.60018,-33.0678,-34.54991,-35.80444,-37.557,-38.82286,-40.35299,-41.89688,-43.17033,-45.02524,-46.00799
131.3625,133.5171,132.6959,132.8536,133.0012,133.1386,133.2659,133.3831,134.4863,134.5838,134.6711,134.7482,134.815,134.8715,134.9178,134.9537,135.9793,135.9948,136,135.9948,136.9791,136.9531,137.9159,142.8639,145.7999,151.7165,154.6224,152.5284,151.4216,149.3094,148.1838,147.0486,146.8968,144.7509,142.5986,143.4073,142.2271,141.0388,140.8275,141.5887,141.3543,142.0891,142.8095,142.5392,143.2324,143.9107,144.5741,144.254,144.8889,145.5082,146.1118,145.7406,147.2709,145.9187
20.80578,19.95427,18.6492,17.49051,16.33049,15.16923,14.00681,12.84333,11.76603,10.59198,9.417124,8.241553,7.065354,5.888617,4.711432,3.533888,2.373527,1.186809,0,-1.186809,-2.39098,-3.586242,-4.816131,-6.237572,-7.64105,-9.279378,-10.81225,-12.00424,-13.24767,-14.37686,-15.57474,-16.75408,-18.03666,-19.05682,-20.04093,-21.43236,-22.52656,-23.60181,-24.83169,-26.24192,-27.4765,-28.90835,-30.35511,-31.60018,-33.0678,-34.54991,-36.04636,-37.30662,-38.82286,-40.35299,-41.89688,-43.17033,-45.02524,-46.00799
133.3379,133.5171,131.7057,131.8622,132.0086,132.1451,132.2714,132.3877,134.4863,134.5838,134.6711,134.7482,134.815,132.8734,134.9178,134.9537,134.9794,135.9948,136,135.9948,136.9791,136.9531,137.9159,141.8648,144.8013,151.7165,153.6249,152.5284,151.4216,149.3094,148.1838,147.0486,145.9043,144.7509,143.5889,142.4183,141.2394,141.0388,140.8275,141.5887,141.3543,142.0891,142.8095,142.5392,143.2324,143.9107,144.5741,144.254,144.8889,145.5082,146.1118,145.7406,147.2709,147.8261
21.11865,19.95427,18.51002,17.35998,16.20862,15.05603,13.90229,12.74749,11.76603,10.59198,9.417124,8.241553,7.065354,5.801379,4.711432,3.533888,2.356075,1.186809,0,-1.186809,-2.39098,-3.586242,-4.816131,-6.193953,-7.588714,-9.279378,-10.7425,-12.00424,-13.24767,-14.37686,-15.57474,-16.75408,-17.91479,-19.05682,-20.1801,-21.28456,-22.37013,-23.60181,-24.83169,-26.24192,-27.4765,-28.90835,-30.35511,-31.60018,-33.0678,-34.54991,-36.04636,-37.30662,-38.82286,-40.35299,-41.89688,-43.17033,-45.02524,-46.6094
131.3625,132.5281,131.7057,131.8622,132.0086,132.1451,132.2714,132.3877,132.4939,132.59,134.6711,134.7482,134.815,134.8715,134.9178,134.9537,134.9794,135.9948,136,135.9948,136.9791,136.9531,136.9165,141.8648,144.8013,151.7165,153.6249,151.5314,151.4216,149.3094,148.1838,147.0486,145.9043,144.7509,142.5986,142.4183,142.2271,141.0388,141.8123,140.6055,141.3543,142.0891,142.8095,141.5629,143.2324,143.9107,143.6038,144.254,144.8889,145.5082,146.1118,145.7406,147.2709,145.9187
20.80578,19.80646,18.51002,17.35998,16.20862,15.05603,13.90229,12.74749,11.59171,10.43506,9.417124,8.241553,7.065354,5.888617,4.711432,3.533888,2.356075,1.186809,0,-1.186809,-2.39098,-3.586242,-4.781231,-6.193953,-7.588714,-9.279378,-10.7425,-11.92578,-13.24767,-14.37686,-15.57474,-16.75408,-17.91479,-19.05682,-20.04093,-21.28456,-22.52656,-23.60181,-25.00534,-26.05968,-27.4765,-28.90835,-30.35511,-31.38374,-33.0678,-34.54991,-35.80444,-37.30662,-38.82286,-40.35299,-41.89688,-43.17033,-45.02524,-46.00799
132.3502,132.5281,131.7057,131.8622,132.0086,132.1451,132.2714,134.3785,134.4863,132.59,134.6711,134.7482,134.815,134.8715,134.9178,134.9537,134.9794,135.9948,136,135.9948,136.9791,136.9531,137.9159,141.8648,145.7999,151.7165,153.6249,152.5284,151.4216,149.3094,148.1838,147.0486,145.9043,144.7509,143.5889,142.4183,142.2271,141.0388,140.8275,140.6055,141.3543,142.0891,141.8314,142.5392,143.2324,143.9107,143.6038,144.254,144.8889,145.5082,146.1118,145.7406,147.2709,145.9187
20.96222,19.80646,18.51002,17.35998,16.20862,15.05603,13.90229,12.93918,11.76603,10.43506,9.417124,8.241553,7.065354,5.888617,4.711432,3.533888,2.356075,1.186809,0,-1.186809,-2.39098,-3.586242,-4.816131,-6.193953,-7.64105,-9.279378,-10.7425,-12.00424,-13.24767,-14.37686,-15.57474,-16.75408,-17.91479,-19.05682,-20.1801,-21.28456,-22.52656,-23.60181,-24.83169,-26.05968,-27.4765,-28.90835,-30.1472,-31.60018,-33.0678,-34.54991,-35.80444,-37.30662,-38.82286,-40.35299,-41.89688,-43.17033,-45.02524,-46.00799
132.3502,132.5281,131.7057,131.8622,132.0086,132.1451,132.2714,132.3877,132.4939,132.59,134.6711,134.7482,134.815,134.8715,134.9178,134.9537,134.9794,135.9948,136,135.9948,136.9791,136.9531,137.9159,142.8639,145.7999,151.7165,153.6249,152.5284,150.4254,149.3094,148.1838,147.0486,145.9043,144.7509,143.5889,142.4183,142.2271,141.0388,140.8275,141.5887,141.3543,142.0891,142.8095,142.5392,143.2324,143.9107,144.5741,144.254,144.8889,144.5446,146.1118,146.6994,147.2709,145.9187
20.96222,19.80646,18.51002,17.35998,16.20862,15.05603,13.90229,12.74749,11.59171,10.43506,9.417124,8.241553,7.065354,5.888617,4.711432,3.533888,2.356075,1.186809,0,-1.186809,-2.39098,-3.586242,-4.816131,-6.237572,-7.64105,-9.279378,-10.7425,-12.00424,-13.16052,-14.37686,-15.57474,-16.75408,-17.91479,-19.05682,-20.1801,-21.28456,-22.52656,-23.60181,-24.83169,-26.24192,-27.4765,-28.90835,-30.35511,-31.60018,-33.0678,-34.54991,-36.04636,-37.30662,-38.82286,-40.08576,-41.89688,-43.45435,-45.02524,-46.00799
131.3625,132.5281,131.7057,131.8622,132.0086,132.1451,132.2714,132.3877,132.4939,134.5838,134.6711,134.7482,134.815,134.8715,134.9178,134.9537,135.9793,135.9948,136,135.9948,136.9791,136.9531,137.9159,141.8648,145.7999,151.7165,153.6249,152.5284,151.4216,149.3094,148.1838,147.0486,145.9043,144.7509,143.5889,143.4073,141.2394,141.0388,140.8275,141.5887,141.3543,142.0891,142.8095,142.5392,143.2324,143.9107,144.5741,144.254,144.8889,145.5082,146.1118,146.6994,147.2709,147.8261
20.80578,19.80646,18.51002,17.35998,16.20862,15.05603,13.90229,12.74749,11.59171,10.59198,9.417124,8.241553,7.065354,5.888617,4.711432,3.533888,2.373527,1.186809,0,-1.186809,-2.39098,-3.586242,-4.816131,-6.193953,-7.64105,-9.279378,-10.7425,-12.00424,-13.24767,-14.37686,-15.57474,-16.75408,-17.91479,-19.05682,-20.1801,-21.43236,-22.37013,-23.60181,-24.83169,-26.24192,-27.4765,-28.90835,-30.35511,-31.60018,-33.0678,-34.54991,-36.04636,-37.30662,-38.82286,-40.35299,-41.89688,-43.45435,-45.02524,-46.6094
132.3502,132.5281,131.7057,131.8622,132.0086,132.1451,132.2714,132.3877,132.4939,134.5838,134.6711,134.7482,134.815,134.8715,134.9178,134.9537,134.9794,135.9948,136,135.9948,135.9793,136.9531,137.9159,141.8648,145.7999,151.7165,153.6249,152.5284,151.4216,149.3094,148.1838,147.0486,145.9043,144.7509,142.5986,142.4183,142.2271,141.0388,140.8275,140.6055,141.3543,142.0891,142.8095,142.5392,143.2324,143.9107,143.6038,144.254,144.8889,145.5082,146.1118,146.6994,147.2709,145.9187
20.96222,19.80646,18.51002,17.35998,16.20862,15.05603,13.90229,12.74749,11.59171,10.59198,9.417124,8.241553,7.065354,5.888617,4.711432,3.533888,2.356075,1.186809,0,-1.186809,-2.373527,-3.586242,-4.816131,-6.193953,-7.64105,-9.279378,-10.7425,-12.00424,-13.24767,-14.37686,-15.57474,-16.75408,-17.91479,-19.05682,-20.04093,-21.28456,-22.52656,-23.60181,-24.83169,-26.05968,-27.4765,-28.90835,-30.35511,-31.60018,-33.0678,-34.54991,-35.80444,-37.30662,-38.82286,-40.35299,-41.89688,-43.45435,-45.02524,-46.00799
132.3502,132.5281,131.7057,131.8622,132.0086,132.1451,132.2714,132.3877,132.4939,134.5838,134.6711,134.7482,134.815,134.8715,134.9178,134.9537,134.9794,135.9948,136,135.9948,136.9791,136.9531,137.9159,141.8648,144.8013,151.7165,153.6249,152.5284,151.4216,149.3094,148.1838,147.0486,145.9043,144.7509,143.5889,142.4183,142.2271,141.0388,140.8275,140.6055,141.3543,142.0891,142.8095,142.5392,143.2324,143.9107,144.5741,144.254,144.8889,144.5446,145.1505,146.6994,147.2709,146.8724
20.96222,19.80646,18.51002,17.35998,16.20862,15.05603,13.90229,12.74749,11.59171,10.59198,9.417124,8.241553,7.065354,5.888617,4.711432,3.533888,2.356075,1.186809,0,-1.186809,-2.39098,-3.586242,-4.816131,-6.193953,-7.588714,-9.279378,-10.7425,-12.00424,-13.24767,-14.37686,-15.57474,-16.75408,-17.91479,-19.05682,-20.1801,-21.28456,-22.52656,-23.60181,-24.83169,-26.05968,-27.4765,-28.90835,-30.35511,-31.60018,-33.0678,-34.54991,-36.04636,-37.30662,-38.82286,-40.08576,-41.62124,-43.45435,-45.02524,-46.30869
132.3502,133.5171,131.7057,131.8622,132.0086,132.1451,132.2714,134.3785,132.4939,134.5838,134.6711,134.7482,134.815,134.8715,134.9178,134.9537,135.9793,135.9948,136,135.9948,136.9791,136.9531,138.9153,141.8648,145.7999,151.7165,153.6249,152.5284,151.4216,150.3048,148.1838,147.0486,145.9043,144.7509,143.5889,141.4293,142.2271,141.0388,141.8123,141.5887,141.3543,142.0891,142.8095,142.5392,143.2324,143.9107,144.5741,144.254,144.8889,145.5082,146.1118,146.6994,147.2709,146.8724
20.96222,19.95427,18.51002,17.35998,16.20862,15.05603,13.90229,12.93918,11.59171,10.59198,9.417124,8.241553,7.065354,5.888617,4.711432,3.533888,2.373527,1.186809,0,-1.186809,-2.39098,-3.586242,-4.85103,-6.193953,-7.64105,-9.279378,-10.7425,-12.00424,-13.24767,-14.47271,-15.57474,-16.75408,-17.91479,-19.05682,-20.1801,-21.13675,-22.52656,-23.60181,-25.00534,-26.24192,-27.4765,-28.90835,-30.35511,-31.60018,-33.0678,-34.54991,-36.04636,-37.30662,-38.82286,-40.35299,-41.89688,-43.45435,-45.02524,-46.30869
133.3379,132.5281,131.7057,131.8622,132.0086,132.1451,132.2714,134.3785,134.4863,132.59,134.6711,134.7482,134.815,134.8715,134.9178,134.9537,135.9793,135.9948,136,135.9948,136.9791,136.9531,137.9159,141.8648,145.7999,151.7165,153.6249,152.5284,151.4216,149.3094,148.1838,147.0486,145.9043,144.7509,143.5889,142.4183,142.2271,141.0388,140.8275,140.6055,141.3543,142.0891,141.8314,142.5392,143.2324,143.9107,144.5741,144.254,144.8889,145.5082,146.1118,145.7406,147.2709,148.7798
21.11865,19.80646,18.51002,17.35998,16.20862,15.05603,13.90229,12.93918,11.76603,10.43506,9.417124,8.241553,7.065354,5.888617,4.711432,3.533888,2.373527,1.186809,0,-1.186809,-2.39098,-3.586242,-4.816131,-6.193953,-7.64105,-9.279378,-10.7425,-12.00424,-13.24767,-14.37686,-15.57474,-16.75408,-17.91479,-19.05682,-20.1801,-21.28456,-22.52656,-23.60181,-24.83169,-26.05968,-27.4765,-28.90835,-30.1472,-31.60018,-33.0678,-34.54991,-36.04636,-37.30662,-38.82286,-40.35299,-41.89688,-43.17033,-45.02524,-46.9101
133.3379,133.5171,131.7057,131.8622,132.0086,132.1451,132.2714,132.3877,134.4863,134.5838,134.6711,134.7482,134.815,134.8715,134.9178,134.9537,134.9794,135.9948,136,135.9948,136.9791,136.9531,138.9153,141.8648,144.8013,151.7165,153.6249,152.5284,151.4216,149.3094,148.1838,147.0486,145.9043,144.7509,143.5889,143.4073,142.2271,141.0388,140.8275,141.5887,141.3543,142.0891,141.8314,142.5392,143.2324,142.9384,144.5741,144.254,144.8889,145.5082,146.1118,146.6994,147.2709,144.965
21.11865,19.95427,18.51002,17.35998,16.20862,15.05603,13.90229,12.74749,11.76603,10.59198,9.417124,8.241553,7.065354,5.888617,4.711432,3.533888,2.356075,1.186809,0,-1.186809,-2.39098,-3.586242,-4.85103,-6.193953,-7.588714,-9.279378,-10.7425,-12.00424,-13.24767,-14.37686,-15.57474,-16.75408,-17.91479,-19.05682,-20.1801,-21.43236,-22.52656,-23.60181,-24.83169,-26.24192,-27.4765,-28.90835,-30.1472,-31.60018,-33.0678,-34.31647,-36.04636,-37.30662,-38.82286,-40.35299,-41.89688,-43.45435,-45.02524,-45.70728
133.3379,133.5171,131.7057,131.8622,132.0086,132.1451,132.2714,134.3785,132.4939,132.59,134.6711,134.7482,134.815,134.8715,134.9178,135.9534,134.9794,135.9948,136,135.9948,136.9791,136.9531,138.9153,141.8648,144.8013,151.7165,153.6249,152.5284,151.4216,150.3048,148.1838,147.0486,145.9043,144.7509,143.5889,142.4183,141.2394,141.0388,140.8275,141.5887,141.3543,142.0891,141.8314,142.5392,143.2324,143.9107,144.5741,144.254,143.9229,145.5082,146.1118,146.6994,147.2709,144.965
21.11865,19.95427,18.51002,17.35998,16.20862,15.05603,13.90229,12.93918,11.59171,10.43506,9.417124,8.241553,7.065354,5.888617,4.711432,3.560065,2.356075,1.186809,0,-1.186809,-2.39098,-3.586242,-4.85103,-6.193953,-7.588714,-9.279378,-10.7425,-12.00424,-13.24767,-14.47271,-15.57474,-16.75408,-17.91479,-19.05682,-20.1801,-21.28456,-22.37013,-23.60181,-24.83169,-26.24192,-27.4765,-28.90835,-30.1472,-31.60018,-33.0678,-34.54991,-36.04636,-37.30662,-38.56404,-40.35299,-41.89688,-43.45435,-45.02524,-45.70728
133.3379,133.5171,131.7057,131.8622,132.0086,132.1451,132.2714,132.3877,132.4939,132.59,134.6711,134.7482,134.815,134.8715,134.9178,134.9537,135.9793,135.9948,136,135.9948,136.9791,136.9531,137.9159,140.8658,144.8013,151.7165,153.6249,152.5284,150.4254,150.3048,148.1838,147.0486,145.9043,144.7509,143.5889,142.4183,142.2271,141.0388,140.8275,141.5887,141.3543,142.0891,142.8095,143.5155,143.2324,143.9107,144.5741,144.254,144.8889,144.5446,145.1505,145.7406,147.2709,144.965
21.11865,19.95427,18.51002,17.35998,16.20862,15.05603,13.90229,12.74749,11.59171,10.43506,9.417124,8.241553,7.065354,5.888617,4.711432,3.533888,2.373527,1.186809,0,-1.186809,-2.39098,-3.586242,-4.816131,-6.150334,-7.588714,-9.279378,-10.7425,-12.00424,-13.16052,-14.47271,-15.57474,-16.75408,-17.91479,-19.05682,-20.1801,-21.28456,-22.52656,-23.60181,-24.83169,-26.24192,-27.4765,-28.90835,-30.35511,-31.81662,-33.0678,-34.54991,-36.04636,-37.30662,-38.82286,-40.08576,-41.62124,-43.17033,-45.02524,-45.70728
132.3502,133.5171,131.7057,131.8622,132.0086,132.1451,132.2714,134.3785,134.4863,134.5838,134.6711,134.7482,134.815,134.8715,134.9178,134.9537,134.9794,135.9948,136,135.9948,136.9791,136.9531,138.9153,141.8648,145.7999,151.7165,153.6249,151.5314,150.4254,149.3094,148.1838,147.0486,145.9043,144.7509,143.5889,142.4183,142.2271,141.0388,140.8275,141.5887,141.3543,142.0891,142.8095,142.5392,143.2324,143.9107,144.5741,144.254,144.8889,145.5082,146.1118,145.7406,147.2709,144.965
20.96222,19.95427,18.51002,17.35998,16.20862,15.05603,13.90229,12.93918,11.76603,10.59198,9.417124,8.241553,7.065354,5.888617,4.711432,3.533888,2.356075,1.186809,0,-1.186809,-2.39098,-3.586242,-4.85103,-6.193953,-7.64105,-9.279378,-10.7425,-11.92578,-13.16052,-14.37686,-15.57474,-16.75408,-17.91479,-19.05682,-20.1801,-21.28456,-22.52656,-23.60181,-24.83169,-26.24192,-27.4765,-28.90835,-30.35511,-31.60018,-33.0678,-34.54991,-36.04636,-37.30662,-38.82286,-40.35299,-41.89688,-43.17033,-45.02524,-45.70728
133.3379,132.5281,131.7057,131.8622,132.0086,132.1451,132.2714,132.3877,132.4939,132.59,134.6711,132.7519,134.815,134.8715,134.9178,134.9537,134.9794,135.9948,136,135.9948,136.9791,136.9531,137.9159,141.8648,145.7999,151.7165,153.6249,151.5314,151.4216,149.3094,148.1838,147.0486,145.9043,144.7509,143.5889,141.4293,141.2394,141.0388,140.8275,141.5887,141.3543,142.0891,142.8095,142.5392,143.2324,143.9107,144.5741,144.254,144.8889,144.5446,146.1118,146.6994,147.2709,144.965
21.11865,19.80646,18.51002,17.35998,16.20862,15.05603,13.90229,12.74749,11.59171,10.43506,9.417124,8.119456,7.065354,5.888617,4.711432,3.533888,2.356075,1.186809,0,-1.186809,-2.39098,-3.586242,-4.816131,-6.193953,-7.64105,-9.279378,-10.7425,-11.92578,-13.24767,-14.37686,-15.57474,-16.75408,-17.91479,-19.05682,-20.1801,-21.13675,-22.37013,-23.60181,-24.83169,-26.24192,-27.4765,-28.90835,-30.35511,-31.60018,-33.0678,-34.54991,-36.04636,-37.30662,-38.82286,-40.08576,-41.89688,-43.45435,-45.02524,-45.70728
132.3502,133.5171,131.7057,131.8622,132.0086,132.1451,132.2714,132.3877,132.4939,134.5838,134.6711,134.7482,134.815,134.8715,134.9178,134.9537,135.9793,134.9949,136,135.9948,136.9791,136.9531,137.9159,141.8648,144.8013,151.7165,153.6249,152.5284,151.4216,149.3094,148.1838,147.0486,144.9117,144.7509,143.5889,142.4183,141.2394,141.0388,140.8275,141.5887,141.3543,142.0891,142.8095,142.5392,143.2324,143.9107,143.6038,144.254,143.9229,145.5082,146.1118,146.6994,147.2709,144.965
20.96222,19.95427,18.51002,17.35998,16.20862,15.05603,13.90229,12.74749,11.59171,10.59198,9.417124,8.241553,7.065354,5.888617,4.711432,3.533888,2.373527,1.178082,0,-1.186809,-2.39098,-3.586242,-4.816131,-6.193953,-7.588714,-9.279378,-10.7425,-12.00424,-13.24767,-14.37686,-15.57474,-16.75408,-17.79292,-19.05682,-20.1801,-21.28456,-22.37013,-23.60181,-24.83169,-26.24192,-27.4765,-28.90835,-30.35511,-31.60018,-33.0678,-34.54991,-35.80444,-37.30662,-38.56404,-40.35299,-41.89688,-43.45435,-45.02524,-45.70728
132.3502,133.5171,131.7057,131.8622,132.0086,132.1451,132.2714,132.3877,132.4939,132.59,134.6711,132.7519,134.815,134.8715,134.9178,134.9537,135.9793,135.9948,136,135.9948,136.9791,136.9531,137.9159,141.8648,145.7999,151.7165,153.6249,151.5314,151.4216,149.3094,148.1838,147.0486,144.9117,144.7509,143.5889,142.4183,142.2271,141.0388,140.8275,141.5887,141.3543,142.0891,142.8095,142.5392,143.2324,143.9107,144.5741,144.254,144.8889,145.5082,146.1118,144.7818,147.2709,145.9187
20.96222,19.95427,18.51002,17.35998,16.20862,15.05603,13.90229,12.74749,11.59171,10.43506,9.417124,8.119456,7.065354,5.888617,4.711432,3.533888,2.373527,1.186809,0,-1.186809,-2.39098,-3.586242,-4.816131,-6.193953,-7.64105,-9.279378,-10.7425,-11.92578,-13.24767,-14.37686,-15.57474,-16.75408,-17.79292,-19.05682,-20.1801,-21.28456,-22.52656,-23.60181,-24.83169,-26.24192,-27.4765,-28.90835,-30.35511,-31.60018,-33.0678,-34.54991,-36.04636,-37.30662,-38.82286,-40.35299,-41.89688,-42.88632,-45.02524,-46.00799
132.3502,133.5171,133.6862,131.8622,132.0086,132.1451,132.2714,132.3877,132.4939,132.59,132.676,134.7482,134.815,134.8715,134.9178,135.9534,134.9794,135.9948,136,135.9948,135.9793,136.9531,137.9159,141.8648,144.8013,151.7165,153.6249,152.5284,151.4216,149.3094,148.1838,147.0486,145.9043,143.7595,144.5791,141.4293,141.2394,141.0388,140.8275,141.5887,141.3543,142.0891,141.8314,142.5392,143.2324,143.9107,144.5741,144.254,144.8889,145.5082,146.1118,146.6994,147.2709,148.7798
20.96222,19.95427,18.78837,17.35998,16.20862,15.05603,13.90229,12.74749,11.59171,10.43506,9.277611,8.241553,7.065354,5.888617,4.711432,3.560065,2.356075,1.186809,0,-1.186809,-2.373527,-3.586242,-4.816131,-6.193953,-7.588714,-9.279378,-10.7425,-12.00424,-13.24767,-14.37686,-15.57474,-16.75408,-17.91479,-18.9263,-20.31927,-21.13675,-22.37013,-23.60181,-24.83169,-26.24192,-27.4765,-28.90835,-30.1472,-31.60018,-33.0678,-34.54991,-36.04636,-37.30662,-38.82286,-40.35299,-41.89688,-43.45435,-45.02524,-46.9101
131.3625,133.5171,131.7057,131.8622,132.0086,132.1451,132.2714,132.3877,134.4863,132.59,134.6711,134.7482,134.815,134.8715,134.9178,134.9537,134.9794,135.9948,136,136.9948,136.9791,136.9531,137.9159,141.8648,144.8013,152.7146,153.6249,152.5284,150.4254,150.3048,149.1783,147.0486,145.9043,144.7509,143.5889,141.4293,142.2271,141.0388,140.8275,141.5887,142.3359,142.0891,142.8095,142.5392,143.2324,143.9107,144.5741,145.2221,144.8889,144.5446,146.1118,145.7406,147.2709,144.965
20.80578,19.95427,18.51002,17.35998,16.20862,15.05603,13.90229,12.74749,11.76603,10.43506,9.417124,8.241553,7.065354,5.888617,4.711432,3.533888,2.356075,1.186809,0,-1.195535,-2.39098,-3.586242,-4.816131,-6.193953,-7.588714,-9.340427,-10.7425,-12.00424,-13.16052,-14.47271,-15.67927,-16.75408,-17.91479,-19.05682,-20.1801,-21.13675,-22.52656,-23.60181,-24.83169,-26.24192,-27.6673,-28.90835,-30.35511,-31.60018,-33.0678,-34.54991,-36.04636,-37.557,-38.82286,-40.08576,-41.89688,-43.17033,-45.02524,-45.70728
132.3502,132.5281,131.7057,131.8622,132.0086,132.1451,132.2714,132.3877,134.4863,134.5838,134.6711,134.7482,134.815,134.8715,134.9178,134.9537,134.9794,135.9948,136,135.9948,136.9791,136.9531,137.9159,141.8648,144.8013,151.7165,153.6249,152.5284,151.4216,149.3094,148.1838,147.0486,145.9043,144.7509,143.5889,143.4073,142.2271,141.0388,140.8275,141.5887,141.3543,142.0891,142.8095,142.5392,143.2324,143.9107,143.6038,144.254,144.8889,144.5446,146.1118,144.7818,148.2272,148.7798
20.96222,19.80646,18.51002,17.35998,16.20862,15.05603,13.90229,12.74749,11.76603,10.59198,9.417124,8.241553,7.065354,5.888617,4.711432,3.533888,2.356075,1.186809,0,-1.186809,-2.39098,-3.586242,-4.816131,-6.193953,-7.588714,-9.279378,-10.7425,-12.00424,-13.24767,-14.37686,-15.57474,-16.75408,-17.91479,-19.05682,-20.1801,-21.43236,-22.52656,-23.60181,-24.83169,-26.24192,-27.4765,-28.90835,-30.35511,-31.60018,-33.0678,-34.54991,-35.80444,-37.30662,-38.82286,-40.08576,-41.89688,-42.88632,-45.31761,-46.9101
130.3749,132.5281,132.6959,132.8536,133.0012,133.1386,133.2659,133.3831,134.4863,133.5869,133.6736,134.7482,134.815,134.8715,134.9178,134.9537,135.9793,135.9948,136,135.9948,136.9791,136.9531,137.9159,141.8648,145.7999,151.7165,154.6224,152.5284,151.4216,149.3094,148.1838,147.0486,145.9043,144.7509,142.5986,142.4183,141.2394,141.0388,140.8275,141.5887,141.3543,142.0891,141.8314,142.5392,143.2324,143.9107,143.6038,144.254,144.8889,144.5446,145.1505,145.7406,147.2709,145.9187
20.64935,19.80646,18.6492,17.49051,16.33049,15.16923,14.00681,12.84333,11.76603,10.51352,9.347367,8.241553,7.065354,5.888617,4.711432,3.533888,2.373527,1.186809,0,-1.186809,-2.39098,-3.586242,-4.816131,-6.193953,-7.64105,-9.279378,-10.81225,-12.00424,-13.24767,-14.37686,-15.57474,-16.75408,-17.91479,-19.05682,-20.04093,-21.28456,-22.37013,-23.60181,-24.83169,-26.24192,-27.4765,-28.90835,-30.1472,-31.60018,-33.0678,-34.54991,-35.80444,-37.30662,-38.82286,-40.08576,-41.62124,-43.17033,-45.02524,-46.00799
129.3872,132.5281,132.6959,132.8536,133.0012,133.1386,133.2659,134.3785,133.4901,134.5838,133.6736,134.7482,134.815,134.8715,134.9178,134.9537,134.9794,135.9948,136,135.9948,136.9791,136.9531,137.9159,141.8648,146.7985,151.7165,154.6224,152.5284,150.4254,150.3048,148.1838,147.0486,145.9043,144.7509,143.5889,142.4183,141.2394,141.0388,140.8275,141.5887,141.3543,142.0891,142.8095,142.5392,143.2324,143.9107,144.5741,144.254,144.8889,145.5082,146.1118,145.7406,147.2709,145.9187
20.49291,19.80646,18.6492,17.49051,16.33049,15.16923,14.00681,12.93918,11.67887,10.59198,9.347367,8.241553,7.065354,5.888617,4.711432,3.533888,2.356075,1.186809,0,-1.186809,-2.39098,-3.586242,-4.816131,-6.193953,-7.693386,-9.279378,-10.81225,-12.00424,-13.16052,-14.47271,-15.57474,-16.75408,-17.91479,-19.05682,-20.1801,-21.28456,-22.37013,-23.60181,-24.83169,-26.24192,-27.4765,-28.90835,-30.35511,-31.60018,-33.0678,-34.54991,-36.04636,-37.30662,-38.82286,-40.35299,-41.89688,-43.17033,-45.02524,-46.00799
132.3502,133.5171,132.6959,132.8536,133.0012,133.1386,133.2659,133.3831,133.4901,134.5838,134.6711,134.7482,134.815,134.8715,134.9178,134.9537,135.9793,135.9948,136,135.9948,136.9791,136.9531,138.9153,141.8648,145.7999,152.7146,154.6224,152.5284,151.4216,150.3048,148.1838,147.0486,145.9043,144.7509,143.5889,143.4073,142.2271,141.0388,140.8275,141.5887,141.3543,142.0891,142.8095,142.5392,143.2324,143.9107,143.6038,144.254,144.8889,145.5082,146.1118,146.6994,147.2709,144.965
20.96222,19.95427,18.6492,17.49051,16.33049,15.16923,14.00681,12.84333,11.67887,10.59198,9.417124,8.241553,7.065354,5.888617,4.711432,3.533888,2.373527,1.186809,0,-1.186809,-2.39098,-3.586242,-4.85103,-6.193953,-7.64105,-9.340427,-10.81225,-12.00424,-13.24767,-14.47271,-15.57474,-16.75408,-17.91479,-19.05682,-20.1801,-21.43236,-22.52656,-23.60181,-24.83169,-26.24192,-27.4765,-28.90835,-30.35511,-31.60018,-33.0678,-34.54991,-35.80444,-37.30662,-38.82286,-40.35299,-41.89688,-43.45435,-45.02524,-45.70728
130.3749,133.5171,132.6959,132.8536,133.0012,133.1386,133.2659,134.3785,133.4901,134.5838,134.6711,134.7482,134.815,134.8715,134.9178,134.9537,135.9793,135.9948,136,135.9948,136.9791,136.9531,138.9153,141.8648,145.7999,151.7165,154.6224,152.5284,151.4216,150.3048,148.1838,147.0486,145.9043,143.7595,143.5889,142.4183,142.2271,141.0388,140.8275,141.5887,141.3543,142.0891,141.8314,142.5392,143.2324,143.9107,144.5741,144.254,144.8889,145.5082,146.1118,146.6994,147.2709,145.9187
20.64935,19.95427,18.6492,17.49051,16.33049,15.16923,14.00681,12.93918,11.67887,10.59198,9.417124,8.241553,7.065354,5.888617,4.711432,3.533888,2.373527,1.186809,0,-1.186809,-2.39098,-3.586242,-4.85103,-6.193953,-7.64105,-9.279378,-10.81225,-12.00424,-13.24767,-14.47271,-15.57474,-16.75408,-17.91479,-18.9263,-20.1801,-21.28456,-22.52656,-23.60181,-24.83169,-26.24192,-27.4765,-28.90835,-30.1472,-31.60018,-33.0678,-34.54991,-36.04636,-37.30662,-38.82286,-40.35299,-41.89688,-43.45435,-45.02524,-46.00799
133.3379,132.5281,132.6959,132.8536,133.0012,133.1386,133.2659,133.3831,133.4901,134.5838,134.6711,134.7482,134.815,134.8715,134.9178,134.9537,135.9793,135.9948,136,135.9948,136.9791,136.9531,138.9153,141.8648,145.7999,151.7165,154.6224,151.5314,151.4216,150.3048,148.1838,147.0486,145.9043,143.7595,143.5889,143.4073,141.2394,141.0388,140.8275,141.5887,141.3543,142.0891,142.8095,142.5392,143.2324,143.9107,143.6038,144.254,144.8889,145.5082,145.1505,145.7406,147.2709,145.9187
21.11865,19.80646,18.6492,17.49051,16.33049,15.16923,14.00681,12.84333,11.67887,10.59198,9.417124,8.241553,7.065354,5.888617,4.711432,3.533888,2.373527,1.186809,0,-1.186809,-2.39098,-3.586242,-4.85103,-6.193953,-7.64105,-9.279378,-10.81225,-11.92578,-13.24767,-14.47271,-15.57474,-16.75408,-17.91479,-18.9263,-20.1801,-21.43236,-22.37013,-23.60181,-24.83169,-26.24192,-27.4765,-28.90835,-30.35511,-31.60018,-33.0678,-34.54991,-35.80444,-37.30662,-38.82286,-40.35299,-41.62124,-43.17033,-45.02524,-46.00799
