147.8466,148.1519,149.212,148.6955,149.722,149.9438,150.1435,150.3212,150.4772,151.4255,151.5431,151.6392,151.7139,152.6011,153.4767,155.184,157.7369,159.4437,161.1475,162.8479,164.5448,167.1083,169.6762,171.3693,173.9407,176.5152,179.0923,177.197,171.6697,166.9783,163.1354,160.1532,158.9569,158.6514,159.2473,159.8312,160.4028,160.0318,160.5758,161.1076,161.6271,162.1343,162.6292,163.1117,163.5817,164.0393,164.4844,164.917
124.058,122.127,120.8295,118.2778,116.9757,115.0559,113.1412,111.2319,109.3281,108.0107,106.1116,104.2187,102.3323,101.0045,99.66894,98.86313,98.56498,97.70723,96.82716,95.92475,95,94.54532,94.05307,93.04596,92.4859,91.88797,91.25209,88.34717,83.72889,79.64455,76.07129,72.98601,70.77218,68.98359,67.59649,66.20423,64.80694,63.03821,61.63929,60.23567,58.82746,57.41478,55.99772,54.5764,53.15092,51.7214,50.28793,48.85064
148.6126,147.3803,148.4349,148.6955,149.722,149.9438,150.1435,150.3212,150.4772,151.4255,151.5431,151.6392,151.7139,152.6011,153.4767,155.184,157.7369,158.5911,161.1475,162.8479,164.5448,167.1083,168.8016,171.3693,173.9407,176.5152,179.0923,177.197,171.6697,166.9783,163.1354,160.1532,158.9569,158.6514,159.2473,159.8312,159.4756,160.0318,160.5758,161.1076,161.6271,162.1343,162.6292,163.1117,163.5817,164.0393,164.4844,162.9994
124.7008,121.4909,120.2002,118.2778,116.9757,115.0559,113.1412,111.2319,109.3281,108.0107,106.1116,104.2187,102.3323,101.0045,99.66894,98.86313,98.56498,97.18473,96.82716,95.92475,95,94.54532,93.56826,93.04596,92.4859,91.88797,91.25209,88.34717,83.72889,79.64455,76.07129,72.98601,70.77218,68.98359,67.59649,66.20423,64.43233,63.03821,61.63929,60.23567,58.82746,57.41478,55.99772,54.5764,53.15092,51.7214,50.28793,48.28261
147.8466,147.3803,148.4349,148.6955,149.722,149.9438,150.1435,150.3212,151.2862,151.4255,151.5431,151.6392,152.5429,152.6011,153.4767,155.184,156.8889,159.4437,161.1475,162.8479,164.5448,167.1083,168.8016,171.3693,173.9407,176.5152,178.2013,177.197,171.6697,166.9783,163.1354,160.1532,158.9569,158.6514,159.2473,159.8312,160.4028,160.9622,160.5758,161.1076,161.6271,162.1343,162.6292,163.1117,163.5817,164.0393,164.4844,162.9994
124.058,121.4909,120.2002,118.2778,116.9757,115.0559,113.1412,111.2319,109.9158,108.0107,106.1116,104.2187,102.8915,101.0045,99.66894,98.86313,98.03506,97.70723,96.82716,95.92475,95,94.54532,93.56826,93.04596,92.4859,91.88797,90.7981,88.34717,83.72889,79.64455,76.07129,72.98601,70.77218,68.98359,67.59649,66.20423,64.80694,63.40471,61.63929,60.23567,58.82746,57.41478,55.99772,54.5764,53.15092,51.7214,50.28793,48.28261
147.8466,147.3803,149.212,148.6955,149.722,149.9438,150.1435,150.3212,151.2862,151.4255,151.5431,151.6392,151.7139,152.6011,152.638,155.184,156.8889,159.4437,161.1475,162.8479,165.4109,167.1083,169.6762,171.3693,173.9407,176.5152,179.0923,177.197,171.6697,166.9783,163.1354,160.1532,158.9569,158.6514,159.2473,159.8312,160.4028,160.9622,160.5758,161.1076,161.6271,162.1343,162.6292,163.1117,163.5817,164.0393,163.5281,163.9582
124.058,121.4909,120.8295,118.2778,116.9757,115.0559,113.1412,111.2319,109.9158,108.0107,106.1116,104.2187,102.3323,101.0045,99.1243,98.86313,98.03506,97.70723,96.82716,95.92475,95.5,94.54532,94.05307,93.04596,92.4859,91.88797,91.25209,88.34717,83.72889,79.64455,76.07129,72.98601,70.77218,68.98359,67.59649,66.20423,64.80694,63.40471,61.63929,60.23567,58.82746,57.41478,55.99772,54.5764,53.15092,51.7214,49.99556,48.56662
148.6126,148.1519,148.4349,148.6955,149.722,149.9438,150.1435,150.3212,150.4772,151.4255,151.5431,151.6392,151.7139,152.6011,153.4767,156.0274,156.8889,159.4437,161.1475,162.8479,165.4109,167.1083,169.6762,171.3693,173.9407,176.5152,179.0923,177.197,171.6697,166.9783,163.1354,160.1532,158.9569,158.6514,159.2473,159.8312,160.4028,160.0318,160.5758,161.1076,161.6271,162.1343,162.6292,163.1117,163.5817,164.0393,164.4844,163.9582
124.7008,122.127,120.2002,118.2778,116.9757,115.0559,113.1412,111.2319,109.3281,108.0107,106.1116,104.2187,102.3323,101.0045,99.66894,99.40043,98.03506,97.70723,96.82716,95.92475,95.5,94.54532,94.05307,93.04596,92.4859,91.88797,91.25209,88.34717,83.72889,79.64455,76.07129,72.98601,70.77218,68.98359,67.59649,66.20423,64.80694,63.03821,61.63929,60.23567,58.82746,57.41478,55.99772,54.5764,53.15092,51.7214,50.28793,48.56662
147.8466,148.1519,148.4349,148.6955,149.722,149.9438,150.1435,151.1251,151.2862,151.4255,151.5431,151.6392,151.7139,151.7672,152.638,155.184,156.8889,159.4437,161.1475,162.8479,165.4109,167.1083,169.6762,171.3693,173.9407,176.5152,178.2013,177.197,171.6697,166.9783,163.1354,160.1532,158.9569,158.6514,159.2473,159.8312,159.4756,160.0318,160.5758,161.1076,161.6271,162.1343,162.6292,163.1117,163.5817,163.0856,164.4844,164.917
124.058,122.127,120.2002,118.2778,116.9757,115.0559,113.1412,111.8267,109.9158,108.0107,106.1116,104.2187,102.3323,100.4525,99.1243,98.86313,98.03506,97.70723,96.82716,95.92475,95.5,94.54532,94.05307,93.04596,92.4859,91.88797,90.7981,88.34717,83.72889,79.64455,76.07129,72.98601,70.77218,68.98359,67.59649,66.20423,64.43233,63.03821,61.63929,60.23567,58.82746,57.41478,55.99772,54.5764,53.15092,51.42069,50.28793,48.85064
147.8466,148.1519,148.4349,149.4782,149.722,149.9438,150.9421,151.1251,150.4772,151.4255,151.5431,151.6392,151.7139,152.6011,152.638,155.184,156.8889,159.4437,161.1475,162.8479,165.4109,167.1083,169.6762,172.2482,173.9407,175.6281,179.0923,177.197,171.6697,166.9783,163.1354,160.1532,158.9569,158.6514,159.2473,159.8312,159.4756,160.9622,160.5758,161.1076,161.6271,162.1343,162.6292,163.1117,163.5817,164.0393,164.4844,163.9582
124.058,122.127,120.2002,118.9003,116.9757,115.0559,113.743,111.8267,109.3281,108.0107,106.1116,104.2187,102.3323,101.0045,99.1243,98.86313,98.03506,97.70723,96.82716,95.92475,95.5,94.54532,94.05307,93.52312,92.4859,91.42623,91.25209,88.34717,83.72889,79.64455,76.07129,72.98601,70.77218,68.98359,67.59649,66.20423,64.43233,63.40471,61.63929,60.23567,58.82746,57.41478,55.99772,54.5764,53.15092,51.7214,50.28793,48.56662
147.8466,147.3803,148.4349,148.6955,149.722,149.9438,150.1435,150.3212,151.2862,151.4255,151.5431,152.4633,151.7139,152.6011,152.638,155.184,156.8889,159.4437,161.1475,162.8479,164.5448,167.1083,169.6762,171.3693,173.9407,176.5152,179.0923,177.197,171.6697,166.9783,163.1354,160.1532,158.9569,158.6514,159.2473,159.8312,160.4028,160.9622,160.5758,162.0443,161.6271,162.1343,162.6292,163.1117,163.5817,164.0393,164.4844,162.9994
124.058,121.4909,120.2002,118.2778,116.9757,115.0559,113.1412,111.2319,109.9158,108.0107,106.1116,104.7852,102.3323,101.0045,99.1243,98.86313,98.03506,97.70723,96.82716,95.92475,95,94.54532,94.05307,93.04596,92.4859,91.88797,91.25209,88.34717,83.72889,79.64455,76.07129,72.98601,70.77218,68.98359,67.59649,66.20423,64.80694,63.40471,61.63929,60.58588,58.82746,57.41478,55.99772,54.5764,53.15092,51.7214,50.28793,48.28261
147.8466,147.3803,148.4349,148.6955,149.722,149.9438,150.1435,150.3212,151.2862,150.6114,151.5431,151.6392,151.7139,152.6011,152.638,155.184,156.8889,159.4437,161.1475,162.8479,164.5448,167.1083,169.6762,171.3693,173.9407,176.5152,178.2013,176.3021,171.6697,166.9783,163.1354,160.1532,158.9569,158.6514,159.2473,159.8312,160.4028,160.0318,160.5758,161.1076,161.6271,162.1343,162.6292,163.1117,163.5817,164.0393,164.4844,164.917
124.058,121.4909,120.2002,118.2778,116.9757,115.0559,113.1412,111.2319,109.9158,107.43,106.1116,104.2187,102.3323,101.0045,99.1243,98.86313,98.03506,97.70723,96.82716,95.92475,95,94.54532,94.05307,93.04596,92.4859,91.88797,90.7981,87.90097,83.72889,79.64455,76.07129,72.98601,70.77218,68.98359,67.59649,66.20423,64.80694,63.03821,61.63929,60.23567,58.82746,57.41478,55.99772,54.5764,53.15092,51.7214,50.28793,48.85064
147.8466,147.3803,148.4349,148.6955,149.722,149.9438,150.1435,150.3212,150.4772,151.4255,151.5431,151.6392,151.7139,152.6011,152.638,155.184,156.8889,159.4437,161.1475,162.8479,164.5448,167.1083,169.6762,171.3693,173.9407,176.5152,179.0923,177.197,171.6697,166.9783,163.1354,160.1532,158.9569,158.6514,159.2473,159.8312,160.4028,160.9622,160.5758,161.1076,161.6271,162.1343,162.6292,163.1117,163.5817,164.0393,164.4844,163.9582
124.058,121.4909,120.2002,118.2778,116.9757,115.0559,113.1412,111.2319,109.3281,108.0107,106.1116,104.2187,102.3323,101.0045,99.1243,98.86313,98.03506,97.70723,96.82716,95.92475,95,94.54532,94.05307,93.04596,92.4859,91.88797,91.25209,88.34717,83.72889,79.64455,76.07129,72.98601,70.77218,68.98359,67.59649,66.20423,64.80694,63.40471,61.63929,60.23567,58.82746,57.41478,55.99772,54.5764,53.15092,51.7214,50.28793,48.56662
147.8466,147.3803,148.4349,148.6955,149.722,149.9438,150.1435,150.3212,150.4772,151.4255,151.5431,151.6392,151.7139,152.6011,152.638,155.184,156.8889,159.4437,161.1475,162.8479,164.5448,167.1083,169.6762,171.3693,173.9407,176.5152,179.0923,177.197,171.6697,166.9783,163.1354,160.1532,158.9569,158.6514,159.2473,159.8312,160.4028,160.9622,160.5758,161.1076,161.6271,162.1343,162.6292,163.1117,163.5817,164.0393,164.4844,163.9582
124.058,121.4909,120.2002,118.2778,116.9757,115.0559,113.1412,111.2319,109.3281,108.0107,106.1116,104.2187,102.3323,101.0045,99.1243,98.86313,98.03506,97.70723,96.82716,95.92475,95,94.54532,94.05307,93.04596,92.4859,91.88797,91.25209,88.34717,83.72889,79.64455,76.07129,72.98601,70.77218,68.98359,67.59649,66.20423,64.80694,63.40471,61.63929,60.23567,58.82746,57.41478,55.99772,54.5764,53.15092,51.7214,50.28793,48.56662
147.8466,147.3803,148.4349,148.6955,149.722,149.9438,150.1435,150.3212,151.2862,151.4255,151.5431,151.6392,151.7139,151.7672,153.4767,155.184,156.8889,159.4437,161.1475,162.8479,164.5448,167.1083,169.6762,171.3693,173.9407,176.5152,178.2013,177.197,171.6697,166.9783,164.0417,159.2432,158.9569,158.6514,159.2473,159.8312,159.4756,160.0318,160.5758,161.1076,161.6271,162.1343,162.6292,163.1117,162.6307,164.0393,164.4844,164.917
124.058,121.4909,120.2002,118.2778,116.9757,115.0559,113.1412,111.2319,109.9158,108.0107,106.1116,104.2187,102.3323,100.4525,99.66894,98.86313,98.03506,97.70723,96.82716,95.92475,95,94.54532,94.05307,93.04596,92.4859,91.88797,90.7981,88.34717,83.72889,79.64455,76.49391,72.57132,70.77218,68.98359,67.59649,66.20423,64.43233,63.03821,61.63929,60.23567,58.82746,57.41478,55.99772,54.5764,52.84191,51.7214,50.28793,48.85064
147.8466,147.3803,148.4349,148.6955,149.722,149.9438,150.1435,150.3212,151.2862,151.4255,151.5431,151.6392,151.7139,152.6011,153.4767,155.184,156.8889,159.4437,161.1475,162.8479,164.5448,167.1083,169.6762,171.3693,173.9407,176.5152,179.0923,176.3021,170.7709,166.9783,163.1354,160.1532,158.9569,158.6514,159.2473,159.8312,160.4028,160.9622,160.5758,162.0443,161.6271,162.1343,162.6292,163.1117,163.5817,164.0393,164.4844,162.9994
124.058,121.4909,120.2002,118.2778,116.9757,115.0559,113.1412,111.2319,109.9158,108.0107,106.1116,104.2187,102.3323,101.0045,99.66894,98.86313,98.03506,97.70723,96.82716,95.92475,95,94.54532,94.05307,93.04596,92.4859,91.88797,91.25209,87.90097,83.29052,79.64455,76.07129,72.98601,70.77218,68.98359,67.59649,66.20423,64.80694,63.40471,61.63929,60.58588,58.82746,57.41478,55.99772,54.5764,53.15092,51.7214,50.28793,48.28261
147.8466,147.3803,147.6577,148.6955,149.722,149.9438,150.1435,151.1251,150.4772,151.4255,151.5431,151.6392,151.7139,152.6011,153.4767,155.184,156.8889,159.4437,161.1475,162.8479,165.4109,167.1083,169.6762,171.3693,173.9407,176.5152,179.0923,177.197,171.6697,166.9783,163.1354,160.1532,158.9569,158.6514,159.2473,159.8312,160.4028,160.9622,160.5758,161.1076,161.6271,162.1343,162.6292,163.1117,163.5817,164.0393,164.4844,164.917
124.058,121.4909,119.5709,118.2778,116.9757,115.0559,113.1412,111.8267,109.3281,108.0107,106.1116,104.2187,102.3323,101.0045,99.66894,98.86313,98.03506,97.70723,96.82716,95.92475,95.5,94.54532,94.05307,93.04596,92.4859,91.88797,91.25209,88.34717,83.72889,79.64455,76.07129,72.98601,70.77218,68.98359,67.59649,66.20423,64.80694,63.40471,61.63929,60.23567,58.82746,57.41478,55.99772,54.5764,53.15092,51.7214,50.28793,48.85064
147.8466,147.3803,148.4349,148.6955,149.722,149.9438,150.1435,150.3212,151.2862,151.4255,151.5431,151.6392,151.7139,152.6011,152.638,155.184,156.8889,159.4437,161.1475,162.8479,164.5448,167.1083,169.6762,171.3693,173.9407,176.5152,178.2013,177.197,171.6697,166.9783,163.1354,160.1532,158.9569,158.6514,159.2473,159.8312,160.4028,160.9622,161.5094,161.1076,162.5668,162.1343,162.6292,163.1117,163.5817,164.0393,164.4844,164.917
124.058,121.4909,120.2002,118.2778,116.9757,115.0559,113.1412,111.2319,109.9158,108.0107,106.1116,104.2187,102.3323,101.0045,99.1243,98.86313,98.03506,97.70723,96.82716,95.92475,95,94.54532,94.05307,93.04596,92.4859,91.88797,90.7981,88.34717,83.72889,79.64455,76.07129,72.98601,70.77218,68.98359,67.59649,66.20423,64.80694,63.40471,61.99766,60.23567,59.16948,57.41478,55.99772,54.5764,53.15092,51.7214,50.28793,48.85064
147.8466,147.3803,148.4349,148.6955,149.722,149.9438,150.1435,150.3212,151.2862,151.4255,151.5431,151.6392,151.7139,152.6011,152.638,155.184,156.8889,159.4437,161.1475,162.8479,165.4109,167.1083,169.6762,171.3693,173.9407,176.5152,178.2013,177.197,171.6697,166.9783,163.1354,160.1532,158.0434,158.6514,159.2473,159.8312,160.4028,160.0318,160.5758,161.1076,161.6271,162.1343,162.6292,163.1117,163.5817,164.0393,164.4844,163.9582
124.058,121.4909,120.2002,118.2778,116.9757,115.0559,113.1412,111.2319,109.9158,108.0107,106.1116,104.2187,102.3323,101.0045,99.1243,98.86313,98.03506,97.70723,96.82716,95.92475,95.5,94.54532,94.05307,93.04596,92.4859,91.88797,90.7981,88.34717,83.72889,79.64455,76.07129,72.98601,70.36544,68.98359,67.59649,66.20423,64.80694,63.03821,61.63929,60.23567,58.82746,57.41478,55.99772,54.5764,53.15092,51.7214,50.28793,48.56662
147.8466,147.3803,148.4349,148.6955,149.722,149.9438,150.1435,150.3212,150.4772,151.4255,151.5431,151.6392,151.7139,151.7672,153.4767,155.184,156.8889,159.4437,161.1475,162.8479,165.4109,167.1083,169.6762,171.3693,173.9407,176.5152,178.2013,177.197,171.6697,166.9783,163.1354,160.1532,158.9569,158.6514,159.2473,159.8312,160.4028,160.9622,161.5094,162.0443,161.6271,162.1343,162.6292,163.1117,163.5817,164.0393,164.4844,163.9582
124.058,121.4909,120.2002,118.2778,116.9757,115.0559,113.1412,111.2319,109.3281,108.0107,106.1116,104.2187,102.3323,100.4525,99.66894,98.86313,98.03506,97.70723,96.82716,95.92475,95.5,94.54532,94.05307,93.04596,92.4859,91.88797,90.7981,88.34717,83.72889,79.64455,76.07129,72.98601,70.77218,68.98359,67.59649,66.20423,64.80694,63.40471,61.99766,60.58588,58.82746,57.41478,55.99772,54.5764,53.15092,51.7214,50.28793,48.56662
147.8466,147.3803,148.4349,148.6955,149.722,149.9438,150.1435,150.3212,150.4772,151.4255,151.5431,151.6392,151.7139,152.6011,152.638,155.184,157.7369,159.4437,161.1475,162.8479,165.4109,167.1083,169.6762,171.3693,173.9407,176.5152,179.0923,177.197,170.7709,166.9783,163.1354,160.1532,158.9569,158.6514,159.2473,159.8312,160.4028,160.0318,160.5758,161.1076,161.6271,162.1343,162.6292,163.1117,163.5817,164.0393,164.4844,163.9582
124.058,121.4909,120.2002,118.2778,116.9757,115.0559,113.1412,111.2319,109.3281,108.0107,106.1116,104.2187,102.3323,101.0045,99.1243,98.86313,98.56498,97.70723,96.82716,95.92475,95.5,94.54532,94.05307,93.04596,92.4859,91.88797,91.25209,88.34717,83.29052,79.64455,76.07129,72.98601,70.77218,68.98359,67.59649,66.20423,64.80694,63.03821,61.63929,60.23567,58.82746,57.41478,55.99772,54.5764,53.15092,51.7214,50.28793,48.56662
148.6126,147.3803,148.4349,148.6955,149.722,149.9438,150.1435,150.3212,150.4772,151.4255,151.5431,151.6392,151.7139,152.6011,152.638,155.184,156.8889,159.4437,161.1475,162.8479,164.5448,167.1083,169.6762,171.3693,173.9407,176.5152,178.2013,176.3021,171.6697,166.9783,163.1354,160.1532,158.9569,158.6514,159.2473,159.8312,160.4028,160.9622,160.5758,161.1076,161.6271,162.1343,162.6292,163.1117,163.5817,164.0393,164.4844,163.9582
124.7008,121.4909,120.2002,118.2778,116.9757,115.0559,113.1412,111.2319,109.3281,108.0107,106.1116,104.2187,102.3323,101.0045,99.1243,98.86313,98.03506,97.70723,96.82716,95.92475,95,94.54532,94.05307,93.04596,92.4859,91.88797,90.7981,87.90097,83.72889,79.64455,76.07129,72.98601,70.77218,68.98359,67.59649,66.20423,64.80694,63.40471,61.63929,60.23567,58.82746,57.41478,55.99772,54.5764,53.15092,51.7214,50.28793,48.56662
148.6126,147.3803,148.4349,148.6955,149.722,149.9438,150.1435,150.3212,150.4772,151.4255,151.5431,151.6392,151.7139,152.6011,153.4767,155.184,156.8889,159.4437,161.1475,162.8479,165.4109,167.1083,169.6762,171.3693,173.9407,176.5152,178.2013,177.197,171.6697,166.9783,163.1354,159.2432,158.9569,159.5685,159.2473,159.8312,159.4756,160.9622,160.5758,161.1076,161.6271,162.1343,162.6292,163.1117,162.6307,164.0393,164.4844,162.9994
124.7008,121.4909,120.2002,118.2778,116.9757,115.0559,113.1412,111.2319,109.3281,108.0107,106.1116,104.2187,102.3323,101.0045,99.66894,98.86313,98.03506,97.70723,96.82716,95.92475,95.5,94.54532,94.05307,93.04596,92.4859,91.88797,90.7981,88.34717,83.72889,79.64455,76.07129,72.57132,70.77218,69.38234,67.59649,66.20423,64.43233,63.40471,61.63929,60.23567,58.82746,57.41478,55.99772,54.5764,52.84191,51.7214,50.28793,48.28261
147.8466,147.3803,148.4349,148.6955,149.722,149.9438,150.1435,151.1251,150.4772,150.6114,151.5431,151.6392,151.7139,152.6011,153.4767,155.184,156.8889,159.4437,161.1475,162.8479,164.5448,167.1083,169.6762,171.3693,173.9407,176.5152,178.2013,177.197,171.6697,166.9783,163.1354,160.1532,158.9569,158.6514,159.2473,159.8312,160.4028,160.9622,160.5758,161.1076,161.6271,162.1343,162.6292,163.1117,163.5817,164.0393,164.4844,164.917
124.058,121.4909,120.2002,118.2778,116.9757,115.0559,113.1412,111.8267,109.3281,107.43,106.1116,104.2187,102.3323,101.0045,99.66894,98.86313,98.03506,97.70723,96.82716,95.92475,95,94.54532,94.05307,93.04596,92.4859,91.88797,90.7981,88.34717,83.72889,79.64455,76.07129,72.98601,70.77218,68.98359,67.59649,66.20423,64.80694,63.40471,61.63929,60.23567,58.82746,57.41478,55.99772,54.5764,53.15092,51.7214,50.28793,48.85064
147.8466,147.3803,148.4349,148.6955,149.722,149.9438,150.9421,150.3212,151.2862,151.4255,151.5431,151.6392,151.7139,152.6011,153.4767,155.184,156.8889,159.4437,161.1475,162.8479,165.4109,167.1083,169.6762,171.3693,173.9407,176.5152,178.2013,177.197,171.6697,166.9783,163.1354,160.1532,158.9569,158.6514,159.2473,159.8312,160.4028,160.0318,160.5758,161.1076,161.6271,162.1343,162.6292,163.1117,163.5817,164.0393,164.4844,163.9582
124.058,121.4909,120.2002,118.2778,116.9757,115.0559,113.743,111.2319,109.9158,108.0107,106.1116,104.2187,102.3323,101.0045,99.66894,98.86313,98.03506,97.70723,96.82716,95.92475,95.5,94.54532,94.05307,93.04596,92.4859,91.88797,90.7981,88.34717,83.72889,79.64455,76.07129,72.98601,70.77218,68.98359,67.59649,66.20423,64.80694,63.03821,61.63929,60.23567,58.82746,57.41478,55.99772,54.5764,53.15092,51.7214,50.28793,48.56662
148.6126,147.3803,148.4349,148.6955,149.722,149.9438,150.1435,150.3212,150.4772,151.4255,151.5431,151.6392,151.7139,152.6011,153.4767,155.184,157.7369,159.4437,161.1475,162.8479,165.4109,167.1083,169.6762,171.3693,173.9407,176.5152,178.2013,177.197,170.7709,166.9783,163.1354,160.1532,158.9569,158.6514,159.2473,159.8312,160.4028,160.0318,160.5758,161.1076,161.6271,162.1343,162.6292,163.1117,163.5817,164.0393,164.4844,163.9582
124.7008,121.4909,120.2002,118.2778,116.9757,115.0559,113.1412,111.2319,109.3281,108.0107,106.1116,104.2187,102.3323,101.0045,99.66894,98.86313,98.56498,97.70723,96.82716,95.92475,95.5,94.54532,94.05307,93.04596,92.4859,91.88797,90.7981,88.34717,83.29052,79.64455,76.07129,72.98601,70.77218,68.98359,67.59649,66.20423,64.80694,63.03821,61.63929,60.23567,58.82746,57.41478,55.99772,54.5764,53.15092,51.7214,50.28793,48.56662
147.8466,147.3803,148.4349,148.6955,149.722,149.9438,150.1435,151.1251,150.4772,150.6114,151.5431,151.6392,151.7139,152.6011,153.4767,155.184,156.8889,159.4437,161.1475,162.8479,165.4109,167.1083,169.6762,171.3693,173.9407,176.5152,178.2013,177.197,171.6697,166.9783,163.1354,160.1532,158.9569,158.6514,159.2473,159.8312,159.4756,160.0318,160.5758,161.1076,161.6271,162.1343,162.6292,163.1117,163.5817,164.0393,164.4844,163.9582
124.058,121.4909,120.2002,118.2778,116.9757,115.0559,113.1412,111.8267,109.3281,107.43,106.1116,104.2187,102.3323,101.0045,99.66894,98.86313,98.03506,97.70723,96.82716,95.92475,95.5,94.54532,94.05307,93.04596,92.4859,91.88797,90.7981,88.34717,83.72889,79.64455,76.07129,72.98601,70.77218,68.98359,67.59649,66.20423,64.43233,63.03821,61.63929,60.23567,58.82746,57.41478,55.99772,54.5764,53.15092,51.7214,50.28793,48.56662
148.6126,147.3803,148.4349,148.6955,149.722,149.9438,150.1435,150.3212,150.4772,151.4255,151.5431,151.6392,151.7139,152.6011,153.4767,155.184,157.7369,159.4437,161.1475,162.8479,165.4109,167.1083,169.6762,172.2482,173.9407,176.5152,179.0923,177.197,170.7709,166.9783,163.1354,160.1532,158.9569,158.6514,159.2473,159.8312,160.4028,160.0318,160.5758,161.1076,161.6271,162.1343,162.6292,163.1117,163.5817,164.0393,164.4844,164.917
124.7008,121.4909,120.2002,118.2778,116.9757,115.0559,113.1412,111.2319,109.3281,108.0107,106.1116,104.2187,102.3323,101.0045,99.66894,98.86313,98.56498,97.70723,96.82716,95.92475,95.5,94.54532,94.05307,93.52312,92.4859,91.88797,91.25209,88.34717,83.29052,79.64455,76.07129,72.98601,70.77218,68.98359,67.59649,66.20423,64.80694,63.03821,61.63929,60.23567,58.82746,57.41478,55.99772,54.5764,53.15092,51.7214,50.28793,48.85064
147.8466,148.1519,148.4349,148.6955,149.722,149.9438,150.1435,150.3212,151.2862,151.4255,151.5431,151.6392,151.7139,152.6011,152.638,155.184,156.8889,159.4437,161.1475,162.8479,164.5448,167.1083,169.6762,171.3693,173.9407,176.5152,179.0923,177.197,171.6697,166.9783,163.1354,160.1532,158.9569,158.6514,159.2473,159.8312,160.4028,160.0318,160.5758,161.1076,161.6271,162.1343,162.6292,163.1117,163.5817,164.0393,164.4844,163.9582
124.058,122.127,120.2002,118.2778,116.9757,115.0559,113.1412,111.2319,109.9158,108.0107,106.1116,104.2187,102.3323,101.0045,99.1243,98.86313,98.03506,97.70723,96.82716,95.92475,95,94.54532,94.05307,93.04596,92.4859,91.88797,91.25209,88.34717,83.72889,79.64455,76.07129,72.98601,70.77218,68.98359,67.59649,66.20423,64.80694,63.03821,61.63929,60.23567,58.82746,57.41478,55.99772,54.5764,53.15092,51.7214,50.28793,48.56662
147.8466,147.3803,149.212,149.4782,149.722,149.9438,150.1435,150.3212,150.4772,151.4255,150.724,150.8151,151.7139,152.6011,153.4767,155.184,156.8889,159.4437,161.1475,162.8479,164.5448,167.1083,169.6762,171.3693,173.9407,176.5152,178.2013,177.197,171.6697,166.9783,163.1354,160.1532,158.9569,158.6514,159.2473,159.8312,160.4028,160.9622,160.5758,161.1076,161.6271,162.1343,162.6292,163.1117,163.5817,164.0393,164.4844,164.917
124.058,121.4909,120.8295,118.9003,116.9757,115.0559,113.1412,111.2319,109.3281,108.0107,105.5381,103.6523,102.3323,101.0045,99.66894,98.86313,98.03506,97.70723,96.82716,95.92475,95,94.54532,94.05307,93.04596,92.4859,91.88797,90.7981,88.34717,83.72889,79.64455,76.07129,72.98601,70.77218,68.98359,67.59649,66.20423,64.80694,63.40471,61.63929,60.23567,58.82746,57.41478,55.99772,54.5764,53.15092,51.7214,50.28793,48.85064
147.8466,147.3803,148.4349,148.6955,149.722,149.9438,150.1435,150.3212,150.4772,150.6114,151.5431,151.6392,151.7139,152.6011,152.638,155.184,156.8889,159.4437,161.1475,162.8479,164.5448,167.1083,169.6762,171.3693,173.9407,176.5152,179.0923,177.197,171.6697,166.9783,163.1354,160.1532,158.9569,158.6514,159.2473,159.8312,159.4756,160.0318,161.5094,161.1076,161.6271,162.1343,162.6292,163.1117,163.5817,164.0393,164.4844,163.9582
124.058,121.4909,120.2002,118.2778,116.9757,115.0559,113.1412,111.2319,109.3281,107.43,106.1116,104.2187,102.3323,101.0045,99.1243,98.86313,98.03506,97.70723,96.82716,95.92475,95,94.54532,94.05307,93.04596,92.4859,91.88797,91.25209,88.34717,83.72889,79.64455,76.07129,72.98601,70.77218,68.98359,67.59649,66.20423,64.43233,63.03821,61.99766,60.23567,58.82746,57.41478,55.99772,54.5764,53.15092,51.7214,50.28793,48.56662
147.8466,147.3803,148.4349,148.6955,149.722,149.9438,150.1435,150.3212,151.2862,150.6114,151.5431,151.6392,151.7139,151.7672,153.4767,155.184,156.8889,159.4437,161.1475,162.8479,164.5448,167.1083,169.6762,171.3693,173.9407,176.5152,178.2013,177.197,171.6697,166.9783,163.1354,160.1532,158.9569,158.6514,159.2473,159.8312,159.4756,160.0318,160.5758,161.1076,161.6271,162.1343,162.6292,163.1117,163.5817,164.0393,164.4844,164.917
124.058,121.4909,120.2002,118.2778,116.9757,115.0559,113.1412,111.2319,109.9158,107.43,106.1116,104.2187,102.3323,100.4525,99.66894,98.86313,98.03506,97.70723,96.82716,95.92475,95,94.54532,94.05307,93.04596,92.4859,91.88797,90.7981,88.34717,83.72889,79.64455,76.07129,72.98601,70.77218,68.98359,67.59649,66.20423,64.43233,63.03821,61.63929,60.23567,58.82746,57.41478,55.99772,54.5764,53.15092,51.7214,50.28793,48.85064
148.6126,148.1519,147.6577,148.6955,149.722,149.9438,150.1435,150.3212,150.4772,151.4255,151.5431,151.6392,151.7139,152.6011,153.4767,155.184,156.8889,159.4437,161.1475,162.8479,164.5448,167.1083,169.6762,171.3693,173.9407,176.5152,179.0923,177.197,171.6697,166.9783,163.1354,160.1532,158.9569,158.6514,159.2473,159.8312,159.4756,160.0318,160.5758,161.1076,161.6271,162.1343,162.6292,162.1633,163.5817,163.0856,164.4844,163.9582
124.7008,122.127,119.5709,118.2778,116.9757,115.0559,113.1412,111.2319,109.3281,108.0107,106.1116,104.2187,102.3323,101.0045,99.66894,98.86313,98.03506,97.70723,96.82716,95.92475,95,94.54532,94.05307,93.04596,92.4859,91.88797,91.25209,88.34717,83.72889,79.64455,76.07129,72.98601,70.77218,68.98359,67.59649,66.20423,64.43233,63.03821,61.63929,60.23567,58.82746,57.41478,55.99772,54.2591,53.15092,51.42069,50.28793,48.56662
