89.66907,89.22869,90.17459,91.09836,92,92.37198,93.22189,94.04974,94.85555,95.63933,96.40111,97.14091,98.97714,100.2539,102.0966,103.9458,105.8013,107.0681,108.9285,110.7946,112.666,114.5427,115.795,117.6745,119.5585,121.4468,123.9952,126.5604,127.1348,123.633,115.2577,111.5134,112.5347,112.8464,113.8442,114.1201,115.0944,115.3345,116.2852,117.2271,117.4169,118.335,119.2441,119.3837,120.269,121.1451,122.0119,123.6521
168.643,164.3388,162.6793,161.0158,159.3487,156.8165,155.1473,153.4752,151.8006,150.1237,148.4447,146.7639,146.7397,145.8703,145.8091,145.7267,145.6231,144.6942,144.553,144.3903,144.206,143.9999,142.9949,142.7505,142.4843,142.1959,142.6401,143.0505,141.1975,134.9218,123.5988,117.5106,116.533,114.8333,113.8442,112.1455,111.1453,109.4484,108.4377,107.4188,105.7226,104.694,103.6573,101.9633,100.9177,99.86428,98.8033,98.35731
89.66907,89.22869,90.17459,91.09836,92,92.37198,93.22189,94.04974,94.85555,95.63933,96.40111,97.14091,97.85876,100.2539,102.0966,103.9458,105.8013,107.0681,108.9285,110.7946,112.0504,114.5427,115.795,117.6745,119.5585,121.4468,123.9952,126.5604,127.1348,123.633,115.2577,112.2018,111.84,112.8464,113.1371,114.1201,115.0944,115.3345,116.2852,117.2271,117.4169,118.335,119.2441,119.3837,120.269,121.1451,122.0119,123.6521
168.643,164.3388,162.6793,161.0158,159.3487,156.8165,155.1473,153.4752,151.8006,150.1237,148.4447,146.7639,145.0816,145.8703,145.8091,145.7267,145.6231,144.6942,144.553,144.3903,143.418,143.9999,142.9949,142.7505,142.4843,142.1959,142.6401,143.0505,141.1975,134.9218,123.5988,118.236,115.8137,114.8333,113.1371,112.1455,111.1453,109.4484,108.4377,107.4188,105.7226,104.694,103.6573,101.9633,100.9177,99.86428,98.8033,98.35731
89.66907,89.70585,90.17459,91.09836,91.5,92.37198,93.22189,93.52724,94.85555,95.63933,96.40111,97.14091,98.41795,100.2539,102.0966,103.9458,105.8013,107.0681,108.9285,110.7946,112.666,113.9202,115.795,118.3105,119.5585,121.4468,123.9952,126.5604,127.1348,122.9574,115.2577,112.2018,111.84,112.8464,113.8442,114.1201,115.0944,115.3345,116.2852,117.2271,117.4169,118.335,118.4894,120.1441,120.269,121.1451,122.0119,122.8695
168.643,165.2176,162.6793,161.0158,158.4826,156.8165,155.1473,152.6226,151.8006,150.1237,148.4447,146.7639,145.9106,145.8703,145.8091,145.7267,145.6231,144.6942,144.553,144.3903,144.206,143.2173,142.9949,143.5222,142.4843,142.1959,142.6401,143.0505,141.1975,134.1845,123.5988,118.236,115.8137,114.8333,113.8442,112.1455,111.1453,109.4484,108.4377,107.4188,105.7226,104.694,103.0013,102.6128,100.9177,99.86428,98.8033,97.7348
89.66907,89.70585,90.17459,91.09836,91.5,92.37198,93.22189,94.04974,94.85555,95.63933,96.40111,97.14091,98.97714,100.2539,102.0966,103.9458,105.8013,107.0681,108.9285,110.7946,112.666,114.5427,115.795,117.6745,119.5585,121.4468,123.9952,125.8978,127.1348,123.633,115.2577,112.2018,112.5347,112.8464,113.8442,114.1201,115.0944,115.3345,116.2852,117.2271,117.4169,118.335,119.2441,120.1441,120.269,121.1451,122.0119,123.6521
168.643,165.2176,162.6793,161.0158,158.4826,156.8165,155.1473,153.4752,151.8006,150.1237,148.4447,146.7639,146.7397,145.8703,145.8091,145.7267,145.6231,144.6942,144.553,144.3903,144.206,143.9999,142.9949,142.7505,142.4843,142.1959,142.6401,142.3016,141.1975,134.9218,123.5988,118.236,116.533,114.8333,113.8442,112.1455,111.1453,109.4484,108.4377,107.4188,105.7226,104.694,103.6573,102.6128,100.9177,99.86428,98.8033,98.35731
89.66907,89.70585,90.17459,91.09836,91.5,92.37198,93.22189,93.52724,94.85555,95.63933,96.40111,97.14091,98.97714,100.2539,102.0966,103.9458,105.2136,107.0681,108.3267,110.7946,112.666,113.9202,115.795,117.6745,119.5585,121.4468,123.9952,126.5604,127.1348,122.9574,115.2577,112.2018,111.84,112.8464,113.8442,114.1201,115.0944,115.3345,116.2852,117.2271,117.4169,118.335,119.2441,119.3837,120.269,121.1451,122.0119,123.6521
168.643,165.2176,162.6793,161.0158,158.4826,156.8165,155.1473,152.6226,151.8006,150.1237,148.4447,146.7639,146.7397,145.8703,145.8091,145.7267,144.814,144.6942,143.7544,144.3903,144.206,143.2173,142.9949,142.7505,142.4843,142.1959,142.6401,143.0505,141.1975,134.1845,123.5988,118.236,115.8137,114.8333,113.8442,112.1455,111.1453,109.4484,108.4377,107.4188,105.7226,104.694,103.6573,101.9633,100.9177,99.86428,98.8033,98.35731
89.66907,89.70585,90.17459,91.09836,91.5,92.37198,93.22189,94.04974,94.85555,95.63933,96.40111,97.14091,97.85876,100.2539,102.0966,103.3651,105.8013,107.0681,108.9285,110.7946,112.0504,114.5427,115.795,117.6745,119.5585,121.4468,123.9952,126.5604,127.1348,123.633,115.2577,112.2018,112.5347,112.8464,113.8442,114.1201,115.0944,115.3345,116.2852,117.2271,117.4169,118.335,119.2441,119.3837,120.269,121.1451,122.0119,123.6521
168.643,165.2176,162.6793,161.0158,158.4826,156.8165,155.1473,153.4752,151.8006,150.1237,148.4447,146.7639,145.0816,145.8703,145.8091,144.9126,145.6231,144.6942,144.553,144.3903,143.418,143.9999,142.9949,142.7505,142.4843,142.1959,142.6401,143.0505,141.1975,134.9218,123.5988,118.236,116.533,114.8333,113.8442,112.1455,111.1453,109.4484,108.4377,107.4188,105.7226,104.694,103.6573,101.9633,100.9177,99.86428,98.8033,98.35731
89.66907,89.70585,90.17459,91.09836,91.5,92.37198,93.22189,94.04974,94.85555,95.63933,96.40111,97.69285,98.97714,100.2539,101.523,103.9458,105.2136,107.0681,108.3267,110.7946,112.666,114.5427,115.795,117.6745,119.5585,121.4468,123.9952,126.5604,127.1348,122.9574,115.2577,112.2018,112.5347,112.8464,113.8442,114.1201,115.0944,115.3345,116.2852,117.2271,117.4169,118.335,119.2441,119.3837,120.269,121.1451,122.0119,123.6521
168.643,165.2176,162.6793,161.0158,158.4826,156.8165,155.1473,153.4752,151.8006,150.1237,148.4447,147.5978,146.7397,145.8703,144.9899,145.7267,144.814,144.6942,143.7544,144.3903,144.206,143.9999,142.9949,142.7505,142.4843,142.1959,142.6401,143.0505,141.1975,134.1845,123.5988,118.236,116.533,114.8333,113.8442,112.1455,111.1453,109.4484,108.4377,107.4188,105.7226,104.694,103.6573,101.9633,100.9177,99.86428,98.8033,98.35731
89.66907,89.70585,90.17459,91.09836,92,92.37198,93.22189,94.04974,94.85555,95.63933,96.40111,97.14091,98.97714,100.2539,102.0966,103.3651,105.2136,107.0681,108.9285,110.7946,112.666,114.5427,115.795,117.6745,119.5585,121.4468,123.9952,125.8978,127.1348,122.9574,115.2577,112.2018,111.84,112.8464,113.8442,114.1201,115.0944,115.3345,116.2852,117.2271,118.16,118.335,119.2441,119.3837,120.269,121.1451,122.0119,123.6521
168.643,165.2176,162.6793,161.0158,159.3487,156.8165,155.1473,153.4752,151.8006,150.1237,148.4447,146.7639,146.7397,145.8703,145.8091,144.9126,144.814,144.6942,144.553,144.3903,144.206,143.9999,142.9949,142.7505,142.4843,142.1959,142.6401,142.3016,141.1975,134.1845,123.5988,118.236,115.8137,114.8333,113.8442,112.1455,111.1453,109.4484,108.4377,107.4188,106.3918,104.694,103.6573,101.9633,100.9177,99.86428,98.8033,98.35731
89.66907,89.70585,90.17459,91.09836,91.5,92.37198,93.22189,94.04974,94.85555,95.63933,96.40111,97.14091,98.41795,100.2539,102.0966,103.9458,105.8013,107.0681,108.9285,110.7946,112.666,113.9202,115.795,117.6745,119.5585,122.0962,123.9952,126.5604,127.1348,122.9574,115.2577,112.2018,111.84,113.5473,113.1371,114.1201,115.0944,115.3345,116.2852,117.2271,117.4169,118.335,119.2441,119.3837,120.269,121.1451,121.2348,122.8695
168.643,165.2176,162.6793,161.0158,158.4826,156.8165,155.1473,153.4752,151.8006,150.1237,148.4447,146.7639,145.9106,145.8703,145.8091,145.7267,145.6231,144.6942,144.553,144.3903,144.206,143.2173,142.9949,142.7505,142.4843,142.9563,142.6401,143.0505,141.1975,134.1845,123.5988,118.236,115.8137,115.5466,113.1371,112.1455,111.1453,109.4484,108.4377,107.4188,105.7226,104.694,103.6573,101.9633,100.9177,99.86428,98.17398,97.7348
89.66907,89.70585,90.17459,91.09836,92,92.37198,93.22189,94.04974,94.85555,95.63933,96.40111,97.14091,98.97714,100.2539,102.0966,103.9458,105.8013,107.0681,108.3267,110.7946,112.0504,114.5427,116.4243,117.6745,120.2013,121.4468,123.9952,126.5604,127.1348,123.633,115.2577,112.2018,111.84,112.8464,113.1371,114.1201,115.0944,115.3345,116.2852,117.2271,117.4169,118.335,119.2441,119.3837,120.269,121.1451,122.0119,123.6521
168.643,165.2176,162.6793,161.0158,159.3487,156.8165,155.1473,153.4752,151.8006,150.1237,148.4447,146.7639,146.7397,145.8703,145.8091,145.7267,145.6231,144.6942,143.7544,144.3903,143.418,143.9999,143.772,142.7505,143.2503,142.1959,142.6401,143.0505,141.1975,134.9218,123.5988,118.236,115.8137,114.8333,113.1371,112.1455,111.1453,109.4484,108.4377,107.4188,105.7226,104.694,103.6573,101.9633,100.9177,99.86428,98.8033,98.35731
89.66907,89.22869,90.17459,91.09836,92,92.37198,93.22189,94.04974,94.85555,95.63933,96.40111,97.14091,98.41795,100.2539,102.0966,103.9458,105.2136,107.0681,108.9285,110.7946,112.666,113.9202,115.795,117.6745,119.5585,121.4468,123.9952,126.5604,127.1348,123.633,115.2577,112.2018,111.84,112.8464,113.8442,114.1201,115.0944,115.3345,116.2852,117.2271,118.16,118.335,119.2441,120.1441,120.269,121.1451,122.0119,123.6521
168.643,164.3388,162.6793,161.0158,159.3487,156.8165,155.1473,153.4752,151.8006,150.1237,148.4447,146.7639,145.9106,145.8703,145.8091,145.7267,144.814,144.6942,144.553,144.3903,144.206,143.2173,142.9949,142.7505,142.4843,142.1959,142.6401,143.0505,141.1975,134.9218,123.5988,118.236,115.8137,114.8333,113.8442,112.1455,111.1453,109.4484,108.4377,107.4188,106.3918,104.694,103.6573,102.6128,100.9177,99.86428,98.8033,98.35731
89.66907,89.70585,90.17459,91.09836,92,92.37198,93.22189,94.04974,94.85555,95.63933,96.40111,97.69285,98.97714,100.2539,102.0966,103.9458,105.2136,107.0681,108.3267,110.7946,112.666,113.9202,115.795,117.6745,119.5585,122.0962,123.9952,126.5604,127.1348,123.633,115.2577,112.2018,111.84,112.8464,113.1371,114.1201,115.0944,115.3345,116.2852,117.2271,118.16,118.335,119.2441,120.1441,120.269,121.1451,122.0119,123.6521
168.643,165.2176,162.6793,161.0158,159.3487,156.8165,155.1473,153.4752,151.8006,150.1237,148.4447,147.5978,146.7397,145.8703,145.8091,145.7267,144.814,144.6942,143.7544,144.3903,144.206,143.2173,142.9949,142.7505,142.4843,142.9563,142.6401,143.0505,141.1975,134.9218,123.5988,118.236,115.8137,114.8333,113.1371,112.1455,111.1453,109.4484,108.4377,107.4188,106.3918,104.694,103.6573,102.6128,100.9177,99.86428,98.8033,98.35731
89.66907,89.22869,90.17459,91.09836,91.5,92.37198,93.22189,94.04974,94.85555,95.63933,96.40111,97.14091,98.41795,100.2539,101.523,103.9458,105.2136,107.0681,108.3267,110.7946,112.0504,113.9202,115.795,117.6745,119.5585,121.4468,123.3391,126.5604,127.1348,123.633,115.2577,112.2018,111.84,112.8464,113.8442,114.1201,115.0944,115.3345,116.2852,117.2271,118.16,118.335,118.4894,120.1441,120.269,121.1451,122.0119,122.8695
168.643,164.3388,162.6793,161.0158,158.4826,156.8165,155.1473,153.4752,151.8006,150.1237,148.4447,146.7639,145.9106,145.8703,144.9899,145.7267,144.814,144.6942,143.7544,144.3903,143.418,143.2173,142.9949,142.7505,142.4843,142.1959,141.8854,143.0505,141.1975,134.9218,123.5988,118.236,115.8137,114.8333,113.8442,112.1455,111.1453,109.4484,108.4377,107.4188,106.3918,104.694,103.0013,102.6128,100.9177,99.86428,98.8033,97.7348
89.66907,89.22869,90.17459,91.09836,91.5,92.37198,93.22189,94.04974,94.85555,95.63933,96.40111,97.14091,98.97714,100.2539,102.0966,103.9458,105.8013,107.0681,108.9285,110.7946,112.666,114.5427,115.795,117.6745,120.2013,121.4468,123.9952,126.5604,127.1348,123.633,115.2577,112.2018,111.84,112.8464,113.8442,114.1201,115.0944,115.3345,116.2852,117.2271,118.16,118.335,119.2441,119.3837,119.5029,121.1451,122.0119,123.6521
168.643,164.3388,162.6793,161.0158,158.4826,156.8165,155.1473,153.4752,151.8006,150.1237,148.4447,146.7639,146.7397,145.8703,145.8091,145.7267,145.6231,144.6942,144.553,144.3903,144.206,143.9999,142.9949,142.7505,143.2503,142.1959,142.6401,143.0505,141.1975,134.9218,123.5988,118.236,115.8137,114.8333,113.8442,112.1455,111.1453,109.4484,108.4377,107.4188,106.3918,104.694,103.6573,101.9633,100.2749,99.86428,98.8033,98.35731
89.66907,89.22869,90.17459,91.09836,91.5,92.37198,93.22189,94.04974,94.85555,95.63933,96.40111,97.14091,98.97714,100.2539,101.523,103.9458,105.8013,107.0681,108.9285,110.7946,112.666,114.5427,115.795,117.6745,119.5585,121.4468,123.9952,125.8978,127.1348,123.633,115.2577,112.2018,111.84,112.8464,113.1371,114.1201,115.0944,115.3345,116.2852,117.2271,117.4169,118.335,119.2441,120.1441,120.269,121.1451,122.0119,122.8695
168.643,164.3388,162.6793,161.0158,158.4826,156.8165,155.1473,153.4752,151.8006,150.1237,148.4447,146.7639,146.7397,145.8703,144.9899,145.7267,145.6231,144.6942,144.553,144.3903,144.206,143.9999,142.9949,142.7505,142.4843,142.1959,142.6401,142.3016,141.1975,134.9218,123.5988,118.236,115.8137,114.8333,113.1371,112.1455,111.1453,109.4484,108.4377,107.4188,105.7226,104.694,103.6573,102.6128,100.9177,99.86428,98.8033,97.7348
89.66907,89.70585,90.17459,91.09836,92,92.37198,93.22189,94.04974,94.85555,96.17663,96.40111,97.14091,98.97714,100.2539,102.0966,103.9458,105.2136,107.0681,108.9285,110.7946,112.666,114.5427,115.795,117.6745,119.5585,121.4468,123.9952,126.5604,127.1348,123.633,115.2577,112.2018,112.5347,112.8464,113.1371,114.1201,114.375,115.3345,115.5539,117.2271,118.16,118.335,119.2441,120.1441,120.269,121.1451,122.0119,123.6521
168.643,165.2176,162.6793,161.0158,159.3487,156.8165,155.1473,153.4752,151.8006,150.9671,148.4447,146.7639,146.7397,145.8703,145.8091,145.7267,144.814,144.6942,144.553,144.3903,144.206,143.9999,142.9949,142.7505,142.4843,142.1959,142.6401,143.0505,141.1975,134.9218,123.5988,118.236,116.533,114.8333,113.1371,112.1455,110.4507,109.4484,107.7557,107.4188,106.3918,104.694,103.6573,102.6128,100.9177,99.86428,98.8033,98.35731
89.66907,89.70585,90.17459,91.09836,92,92.37198,93.22189,94.04974,94.85555,95.63933,96.40111,97.69285,98.41795,100.2539,102.0966,103.3651,105.8013,107.0681,108.9285,110.7946,112.666,114.5427,115.795,117.6745,119.5585,121.4468,123.9952,126.5604,127.1348,123.633,115.2577,112.2018,111.84,112.8464,113.1371,114.1201,115.0944,115.3345,116.2852,117.2271,118.16,118.335,119.2441,119.3837,120.269,121.1451,122.0119,123.6521
168.643,165.2176,162.6793,161.0158,159.3487,156.8165,155.1473,153.4752,151.8006,150.1237,148.4447,147.5978,145.9106,145.8703,145.8091,144.9126,145.6231,144.6942,144.553,144.3903,144.206,143.9999,142.9949,142.7505,142.4843,142.1959,142.6401,143.0505,141.1975,134.9218,123.5988,118.236,115.8137,114.8333,113.1371,112.1455,111.1453,109.4484,108.4377,107.4188,106.3918,104.694,103.6573,101.9633,100.9177,99.86428,98.8033,98.35731
89.66907,89.22869,90.17459,90.60594,92,92.37198,93.22189,94.04974,94.85555,96.17663,96.40111,97.14091,98.97714,100.2539,102.0966,103.9458,105.8013,107.0681,108.3267,110.7946,112.666,114.5427,115.795,117.6745,119.5585,121.4468,123.9952,125.8978,127.1348,123.633,115.2577,112.2018,111.84,112.8464,113.1371,114.1201,114.375,115.3345,116.2852,117.2271,117.4169,118.335,119.2441,119.3837,120.269,121.1451,122.0119,123.6521
168.643,164.3388,162.6793,160.1454,159.3487,156.8165,155.1473,153.4752,151.8006,150.9671,148.4447,146.7639,146.7397,145.8703,145.8091,145.7267,145.6231,144.6942,143.7544,144.3903,144.206,143.9999,142.9949,142.7505,142.4843,142.1959,142.6401,142.3016,141.1975,134.9218,123.5988,118.236,115.8137,114.8333,113.1371,112.1455,110.4507,109.4484,108.4377,107.4188,105.7226,104.694,103.6573,101.9633,100.9177,99.86428,98.8033,98.35731
89.66907,89.22869,90.17459,91.09836,92,92.37198,93.22189,94.04974,94.85555,95.63933,96.40111,97.14091,98.97714,100.2539,102.0966,103.3651,105.8013,107.0681,108.9285,110.7946,112.666,113.9202,115.795,117.6745,120.2013,121.4468,123.9952,126.5604,127.1348,123.633,115.2577,112.2018,111.84,112.8464,113.8442,114.1201,115.0944,115.3345,116.2852,117.2271,117.4169,119.084,119.2441,119.3837,120.269,121.1451,121.2348,123.6521
168.643,164.3388,162.6793,161.0158,159.3487,156.8165,155.1473,153.4752,151.8006,150.1237,148.4447,146.7639,146.7397,145.8703,145.8091,144.9126,145.6231,144.6942,144.553,144.3903,144.206,143.2173,142.9949,142.7505,143.2503,142.1959,142.6401,143.0505,141.1975,134.9218,123.5988,118.236,115.8137,114.8333,113.8442,112.1455,111.1453,109.4484,108.4377,107.4188,105.7226,105.3566,103.6573,101.9633,100.9177,99.86428,98.17398,98.35731
89.66907,89.22869,90.17459,91.09836,92,92.37198,93.22189,94.04974,94.85555,95.63933,96.40111,97.14091,98.97714,100.2539,102.0966,103.3651,105.8013,107.0681,108.9285,110.7946,112.666,113.9202,115.795,117.6745,119.5585,121.4468,123.9952,126.5604,127.1348,123.633,115.2577,112.2018,111.84,112.8464,113.1371,114.1201,115.0944,115.3345,116.2852,117.2271,117.4169,118.335,119.2441,119.3837,120.269,121.1451,122.0119,123.6521
168.643,164.3388,162.6793,161.0158,159.3487,156.8165,155.1473,153.4752,151.8006,150.1237,148.4447,146.7639,146.7397,145.8703,145.8091,144.9126,145.6231,144.6942,144.553,144.3903,144.206,143.2173,142.9949,142.7505,142.4843,142.1959,142.6401,143.0505,141.1975,134.9218,123.5988,118.236,115.8137,114.8333,113.1371,112.1455,111.1453,109.4484,108.4377,107.4188,105.7226,104.694,103.6573,101.9633,100.9177,99.86428,98.8033,98.35731
89.66907,89.22869,90.17459,91.09836,91.5,92.37198,93.22189,94.04974,94.85555,95.63933,96.40111,97.69285,98.97714,100.2539,102.0966,103.9458,105.2136,107.0681,108.9285,110.7946,112.666,114.5427,116.4243,117.6745,119.5585,121.4468,123.9952,126.5604,127.1348,122.9574,115.2577,112.2018,112.5347,112.8464,113.8442,114.1201,115.0944,115.3345,116.2852,117.2271,118.16,118.335,119.2441,120.1441,120.269,121.1451,122.0119,122.8695
168.643,164.3388,162.6793,161.0158,158.4826,156.8165,155.1473,153.4752,151.8006,150.1237,148.4447,147.5978,146.7397,145.8703,145.8091,145.7267,144.814,144.6942,144.553,144.3903,144.206,143.9999,143.772,142.7505,142.4843,142.1959,142.6401,143.0505,141.1975,134.1845,123.5988,118.236,116.533,114.8333,113.8442,112.1455,111.1453,109.4484,108.4377,107.4188,106.3918,104.694,103.6573,102.6128,100.9177,99.86428,98.8033,97.7348
89.66907,89.22869,90.17459,91.09836,91.5,92.37198,93.22189,94.04974,94.85555,95.63933,96.40111,97.14091,98.97714,100.2539,102.0966,103.9458,105.8013,107.0681,108.9285,110.7946,112.666,114.5427,115.795,117.6745,120.2013,121.4468,123.9952,126.5604,127.1348,122.9574,115.2577,112.2018,111.84,112.8464,113.1371,114.1201,114.375,115.3345,116.2852,117.2271,118.16,118.335,119.2441,120.1441,120.269,121.1451,122.0119,123.6521
168.643,164.3388,162.6793,161.0158,158.4826,156.8165,155.1473,153.4752,151.8006,150.1237,148.4447,146.7639,146.7397,145.8703,145.8091,145.7267,145.6231,144.6942,144.553,144.3903,144.206,143.9999,142.9949,142.7505,143.2503,142.1959,142.6401,143.0505,141.1975,134.1845,123.5988,118.236,115.8137,114.8333,113.1371,112.1455,110.4507,109.4484,108.4377,107.4188,106.3918,104.694,103.6573,102.6128,100.9177,99.86428,98.8033,98.35731
89.66907,89.70585,90.17459,91.09836,92,92.37198,93.22189,94.04974,94.85555,95.63933,96.40111,97.14091,97.85876,100.2539,102.0966,103.9458,105.8013,107.0681,108.9285,110.7946,112.666,113.9202,115.795,117.6745,119.5585,121.4468,123.9952,125.8978,127.1348,122.9574,115.2577,112.2018,112.5347,112.8464,113.8442,114.1201,115.0944,115.3345,116.2852,117.2271,117.4169,118.335,119.2441,120.1441,120.269,121.1451,122.0119,122.8695
168.643,165.2176,162.6793,161.0158,159.3487,156.8165,155.1473,153.4752,151.8006,150.1237,148.4447,146.7639,145.0816,145.8703,145.8091,145.7267,145.6231,144.6942,144.553,144.3903,144.206,143.2173,142.9949,142.7505,142.4843,142.1959,142.6401,142.3016,141.1975,134.1845,123.5988,118.236,116.533,114.8333,113.8442,112.1455,111.1453,109.4484,108.4377,107.4188,105.7226,104.694,103.6573,102.6128,100.9177,99.86428,98.8033,97.7348
89.66907,89.22869,90.17459,91.09836,91.5,92.37198,93.22189,94.04974,94.85555,95.63933,96.40111,97.14091,98.41795,100.2539,102.0966,103.9458,105.2136,107.0681,108.9285,110.7946,112.0504,113.9202,115.795,117.6745,119.5585,121.4468,123.3391,126.5604,127.1348,123.633,115.2577,112.2018,111.84,112.8464,113.8442,114.1201,115.0944,115.3345,116.2852,117.2271,117.4169,118.335,119.2441,120.1441,120.269,121.1451,122.0119,123.6521
168.643,164.3388,162.6793,161.0158,158.4826,156.8165,155.1473,153.4752,151.8006,150.1237,148.4447,146.7639,145.9106,145.8703,145.8091,145.7267,144.814,144.6942,144.553,144.3903,143.418,143.2173,142.9949,142.7505,142.4843,142.1959,141.8854,143.0505,141.1975,134.9218,123.5988,118.236,115.8137,114.8333,113.8442,112.1455,111.1453,109.4484,108.4377,107.4188,105.7226,104.694,103.6573,102.6128,100.9177,99.86428,98.8033,98.35731
89.66907,89.70585,90.17459,91.09836,91.5,92.37198,93.22189,94.04974,94.85555,95.63933,96.40111,97.14091,98.97714,100.2539,102.0966,103.9458,105.8013,107.0681,108.9285,110.7946,112.666,113.9202,115.795,117.6745,119.5585,121.4468,123.9952,125.8978,127.1348,123.633,115.2577,112.2018,111.84,112.8464,113.8442,114.1201,115.0944,115.3345,116.2852,117.2271,117.4169,118.335,119.2441,119.3837,120.269,121.1451,122.0119,123.6521
168.643,165.2176,162.6793,161.0158,158.4826,156.8165,155.1473,153.4752,151.8006,150.1237,148.4447,146.7639,146.7397,145.8703,145.8091,145.7267,145.6231,144.6942,144.553,144.3903,144.206,143.2173,142.9949,142.7505,142.4843,142.1959,142.6401,142.3016,141.1975,134.9218,123.5988,118.236,115.8137,114.8333,113.8442,112.1455,111.1453,109.4484,108.4377,107.4188,105.7226,104.694,103.6573,101.9633,100.9177,99.86428,98.8033,98.35731
89.66907,89.22869,90.17459,91.09836,91.5,92.87952,93.22189,94.04974,94.85555,96.17663,96.40111,97.14091,98.97714,100.2539,102.0966,103.9458,105.8013,107.0681,108.3267,110.7946,112.666,113.9202,115.795,117.6745,120.2013,121.4468,123.9952,126.5604,127.1348,122.9574,115.2577,112.2018,112.5347,112.8464,113.1371,114.1201,115.0944,115.3345,116.2852,116.4898,117.4169,118.335,119.2441,119.3837,120.269,121.1451,122.0119,122.8695
168.643,164.3388,162.6793,161.0158,158.4826,157.6781,155.1473,153.4752,151.8006,150.9671,148.4447,146.7639,146.7397,145.8703,145.8091,145.7267,145.6231,144.6942,143.7544,144.3903,144.206,143.2173,142.9949,142.7505,143.2503,142.1959,142.6401,143.0505,141.1975,134.1845,123.5988,118.236,116.533,114.8333,113.1371,112.1455,111.1453,109.4484,108.4377,106.7433,105.7226,104.694,103.6573,101.9633,100.9177,99.86428,98.8033,97.7348
89.66907,89.70585,90.17459,91.09836,92,92.37198,93.22189,94.04974,94.85555,95.63933,96.40111,97.14091,98.41795,100.2539,102.0966,103.9458,105.8013,107.0681,108.9285,110.1858,112.666,114.5427,115.795,117.6745,119.5585,121.4468,123.3391,126.5604,127.1348,123.633,115.2577,112.2018,112.5347,112.8464,113.1371,114.1201,115.0944,116.0599,116.2852,117.2271,117.4169,118.335,119.2441,119.3837,120.269,121.1451,122.0119,122.8695
168.643,165.2176,162.6793,161.0158,159.3487,156.8165,155.1473,153.4752,151.8006,150.1237,148.4447,146.7639,145.9106,145.8703,145.8091,145.7267,145.6231,144.6942,144.553,143.597,144.206,143.9999,142.9949,142.7505,142.4843,142.1959,141.8854,143.0505,141.1975,134.9218,123.5988,118.236,116.533,114.8333,113.1371,112.1455,111.1453,110.1367,108.4377,107.4188,105.7226,104.694,103.6573,101.9633,100.9177,99.86428,98.8033,97.7348
89.66907,89.70585,90.17459,91.09836,92,92.37198,93.22189,94.04974,94.85555,95.63933,96.40111,97.14091,98.97714,100.2539,102.0966,103.9458,105.2136,107.0681,108.9285,110.7946,112.666,114.5427,116.4243,117.6745,119.5585,121.4468,123.9952,126.5604,127.1348,123.633,115.2577,112.2018,111.84,112.8464,113.1371,114.1201,115.0944,115.3345,116.2852,117.2271,117.4169,118.335,119.2441,119.3837,120.269,121.1451,122.0119,122.8695
168.643,165.2176,162.6793,161.0158,159.3487,156.8165,155.1473,153.4752,151.8006,150.1237,148.4447,146.7639,146.7397,145.8703,145.8091,145.7267,144.814,144.6942,144.553,144.3903,144.206,143.9999,143.772,142.7505,142.4843,142.1959,142.6401,143.0505,141.1975,134.9218,123.5988,118.236,115.8137,114.8333,113.1371,112.1455,111.1453,109.4484,108.4377,107.4188,105.7226,104.694,103.6573,101.9633,100.9177,99.86428,98.8033,97.7348
89.66907,89.22869,90.17459,91.09836,91.5,92.37198,93.22189,94.04974,94.85555,95.63933,96.40111,97.14091,98.41795,100.2539,102.0966,103.9458,105.2136,107.0681,108.9285,110.7946,112.666,114.5427,115.795,118.3105,119.5585,122.0962,123.9952,126.5604,127.1348,122.9574,115.2577,112.2018,112.5347,112.8464,113.8442,114.1201,115.0944,115.3345,116.2852,117.2271,118.16,118.335,119.2441,120.1441,120.269,120.3734,122.0119,122.8695
168.643,164.3388,162.6793,161.0158,158.4826,156.8165,155.1473,153.4752,151.8006,150.1237,148.4447,146.7639,145.9106,145.8703,145.8091,145.7267,144.814,144.6942,144.553,144.3903,144.206,143.9999,142.9949,143.5222,142.4843,142.9563,142.6401,143.0505,141.1975,134.1845,123.5988,118.236,116.533,114.8333,113.8442,112.1455,111.1453,109.4484,108.4377,107.4188,106.3918,104.694,103.6573,102.6128,100.9177,99.2282,98.8033,97.7348
89.66907,89.22869,90.17459,91.09836,92,92.37198,93.22189,94.04974,94.85555,96.17663,96.40111,97.69285,98.41795,100.2539,102.0966,103.9458,105.2136,107.0681,108.9285,110.7946,112.666,114.5427,115.795,118.3105,119.5585,121.4468,123.9952,125.8978,127.1348,123.633,115.2577,112.2018,111.84,112.8464,113.8442,114.1201,115.0944,115.3345,116.2852,117.2271,118.16,118.335,119.2441,119.3837,120.269,121.1451,122.0119,122.8695
168.643,164.3388,162.6793,161.0158,159.3487,156.8165,155.1473,153.4752,151.8006,150.9671,148.4447,147.5978,145.9106,145.8703,145.8091,145.7267,144.814,144.6942,144.553,144.3903,144.206,143.9999,142.9949,143.5222,142.4843,142.1959,142.6401,142.3016,141.1975,134.9218,123.5988,118.236,115.8137,114.8333,113.8442,112.1455,111.1453,109.4484,108.4377,107.4188,106.3918,104.694,103.6573,101.9633,100.9177,99.86428,98.8033,97.7348
