104.9645,99.30021,99.33571,99.93023,100.5031,101.0544,101.5841,102.0924,103.2085,103.6807,104.1316,105.2106,105.6255,106.6818,107.73,108.0944,109.1197,110.8251,112.5347,114.2482,115.2584,117.6863,119.4104,121.1375,123.5988,125.3371,127.0778,128.8204,131.3195,133.8314,136.3559,133.4911,130.5605,128.3477,125.2937,122.9698,120.594,121.3824,122.1616,122.9314,123.692,124.4431,125.1847,125.9168,126.6393,127.3521,128.0553,127.896,129.4323,130.106,129.9038,131.4237,132.0676,132.7014,133.3251
149.9048,139.2138,136.7239,135.048,133.3721,131.6967,130.0218,128.3477,127.4519,125.7748,124.0992,123.1858,121.5082,120.5819,119.6463,117.9644,117.0166,116.7853,116.533,116.2598,115.2584,115.65,115.3133,114.9552,115.2577,114.8503,114.4213,113.9706,114.1543,114.3029,114.4162,110.0415,105.7258,102.0924,97.89017,94.35802,90.87407,89.81824,88.75557,87.68615,86.61004,85.52734,84.43813,83.34248,82.24049,81.13224,80.01781,78.37478,77.77075,76.63829,75,74.35596,73.20625,72.05097,70.89021
103.8173,99.88091,98.74792,99.93023,100.5031,101.0544,101.5841,102.0924,103.2085,103.6807,104.1316,104.5611,105.6255,106.6818,107.0609,108.77,109.8017,110.8251,112.5347,114.2482,115.9655,117.6863,119.4104,121.1375,123.5988,125.3371,127.0778,128.8204,131.3195,133.8314,136.3559,133.4911,130.5605,128.3477,125.2937,123.7631,121.3926,121.3824,122.1616,122.9314,123.692,124.4431,125.1847,125.9168,125.8006,127.3521,128.0553,128.7487,129.4323,129.2444,130.7698,131.4237,132.0676,132.7014,132.4421
148.2665,140.0279,135.9149,135.048,133.3721,131.6967,130.0218,128.3477,127.4519,125.7748,124.0992,122.4254,121.5082,120.5819,118.9032,118.7017,117.7479,116.7853,116.533,116.2598,115.9655,115.65,115.3133,114.9552,115.2577,114.8503,114.4213,113.9706,114.1543,114.3029,114.4162,110.0415,105.7258,102.0924,97.89017,94.96678,91.47588,89.81824,88.75557,87.68615,86.61004,85.52734,84.43813,83.34248,81.69586,81.13224,80.01781,78.89728,77.77075,76.13075,75.5,74.35596,73.20625,72.05097,70.42073
104.3909,99.30021,99.33571,99.93023,100.5031,101.0544,101.5841,102.0924,103.2085,103.6807,104.1316,105.2106,105.6255,106.6818,107.73,108.0944,109.8017,110.8251,112.5347,114.2482,115.2584,117.6863,119.4104,121.1375,123.5988,125.3371,127.0778,129.5693,131.3195,133.8314,136.3559,133.4911,130.5605,128.3477,125.2937,122.9698,121.3926,121.3824,122.1616,122.1173,123.692,124.4431,125.1847,125.9168,125.8006,127.3521,128.0553,127.896,129.4323,130.106,130.7698,131.4237,132.0676,132.7014,133.3251
149.0857,139.2138,136.7239,135.048,133.3721,131.6967,130.0218,128.3477,127.4519,125.7748,124.0992,123.1858,121.5082,120.5819,119.6463,117.9644,117.7479,116.7853,116.533,116.2598,115.2584,115.65,115.3133,114.9552,115.2577,114.8503,114.4213,114.6333,114.1543,114.3029,114.4162,110.0415,105.7258,102.0924,97.89017,94.35802,91.47588,89.81824,88.75557,87.10544,86.61004,85.52734,84.43813,83.34248,81.69586,81.13224,80.01781,78.37478,77.77075,76.63829,75.5,74.35596,73.20625,72.05097,70.89021
104.3909,99.30021,99.33571,99.93023,100.5031,101.0544,101.5841,102.0924,103.2085,103.6807,104.1316,105.2106,105.6255,106.6818,107.73,108.77,109.8017,110.8251,112.5347,114.2482,115.9655,116.9731,119.4104,121.1375,123.5988,125.3371,127.8209,129.5693,132.0742,133.8314,136.3559,133.4911,130.5605,128.3477,125.2937,122.9698,121.3926,121.3824,122.1616,122.9314,123.692,124.4431,125.1847,125.9168,126.6393,127.3521,128.0553,128.7487,128.5751,129.2444,130.7698,131.4237,132.0676,132.7014,132.4421
149.0857,139.2138,136.7239,135.048,133.3721,131.6967,130.0218,128.3477,127.4519,125.7748,124.0992,123.1858,121.5082,120.5819,119.6463,118.7017,117.7479,116.7853,116.533,116.2598,115.9655,114.9491,115.3133,114.9552,115.2577,114.8503,115.0905,114.6333,114.8103,114.3029,114.4162,110.0415,105.7258,102.0924,97.89017,94.35802,91.47588,89.81824,88.75557,87.68615,86.61004,85.52734,84.43813,83.34248,82.24049,81.13224,80.01781,78.89728,77.25571,76.13075,75.5,74.35596,73.20625,72.05097,70.42073
104.3909,99.30021,99.33571,99.93023,100.5031,101.0544,101.5841,102.0924,103.2085,103.6807,104.1316,104.5611,105.6255,106.6818,107.0609,108.0944,109.8017,110.8251,112.5347,114.2482,115.2584,117.6863,119.4104,121.1375,123.5988,125.3371,127.0778,128.8204,132.0742,133.8314,136.3559,133.4911,129.7834,128.3477,125.2937,122.9698,120.594,121.3824,122.1616,122.9314,123.692,124.4431,125.1847,125.9168,125.8006,126.5087,128.0553,128.7487,129.4323,130.106,130.7698,131.4237,132.0676,132.7014,132.4421
149.0857,139.2138,136.7239,135.048,133.3721,131.6967,130.0218,128.3477,127.4519,125.7748,124.0992,122.4254,121.5082,120.5819,118.9032,117.9644,117.7479,116.7853,116.533,116.2598,115.2584,115.65,115.3133,114.9552,115.2577,114.8503,114.4213,113.9706,114.8103,114.3029,114.4162,110.0415,105.0965,102.0924,97.89017,94.35802,90.87407,89.81824,88.75557,87.68615,86.61004,85.52734,84.43813,83.34248,81.69586,80.59494,80.01781,78.89728,77.77075,76.63829,75.5,74.35596,73.20625,72.05097,70.42073
104.3909,99.30021,99.33571,99.93023,100.5031,101.0544,101.5841,102.0924,103.2085,103.6807,104.1316,105.2106,105.6255,106.6818,107.73,108.0944,109.8017,110.8251,112.5347,114.2482,115.2584,116.9731,119.4104,121.1375,122.8674,125.3371,127.0778,129.5693,132.0742,133.8314,136.3559,133.4911,130.5605,128.3477,125.2937,122.9698,120.594,121.3824,122.1616,122.9314,123.692,124.4431,125.1847,125.9168,126.6393,127.3521,128.0553,128.7487,129.4323,130.106,130.7698,131.4237,132.0676,132.7014,132.4421
149.0857,139.2138,136.7239,135.048,133.3721,131.6967,130.0218,128.3477,127.4519,125.7748,124.0992,123.1858,121.5082,120.5819,119.6463,117.9644,117.7479,116.7853,116.533,116.2598,115.2584,114.9491,115.3133,114.9552,114.5757,114.8503,114.4213,114.6333,114.8103,114.3029,114.4162,110.0415,105.7258,102.0924,97.89017,94.35802,90.87407,89.81824,88.75557,87.68615,86.61004,85.52734,84.43813,83.34248,82.24049,81.13224,80.01781,78.89728,77.77075,76.63829,75.5,74.35596,73.20625,72.05097,70.42073
104.9645,99.30021,99.33571,99.93023,100.5031,101.0544,101.5841,102.0924,103.2085,103.6807,104.1316,105.2106,105.6255,106.6818,107.73,108.77,109.8017,110.8251,112.5347,114.2482,115.2584,116.9731,119.4104,121.8629,123.5988,125.3371,127.0778,129.5693,132.0742,133.8314,136.3559,133.4911,130.5605,127.5651,125.2937,122.9698,121.3926,121.3824,122.1616,122.9314,123.692,124.4431,125.1847,125.9168,126.6393,127.3521,128.0553,128.7487,129.4323,130.106,130.7698,131.4237,132.0676,132.7014,132.4421
149.9048,139.2138,136.7239,135.048,133.3721,131.6967,130.0218,128.3477,127.4519,125.7748,124.0992,123.1858,121.5082,120.5819,119.6463,118.7017,117.7479,116.7853,116.533,116.2598,115.2584,114.9491,115.3133,115.6436,115.2577,114.8503,114.4213,114.6333,114.8103,114.3029,114.4162,110.0415,105.7258,101.4699,97.89017,94.35802,91.47588,89.81824,88.75557,87.68615,86.61004,85.52734,84.43813,83.34248,82.24049,81.13224,80.01781,78.89728,77.77075,76.63829,75.5,74.35596,73.20625,72.05097,70.42073
104.9645,99.30021,99.33571,99.93023,100.5031,101.0544,101.5841,102.0924,103.2085,103.6807,104.1316,105.2106,105.6255,106.6818,107.73,108.0944,109.8017,110.8251,112.5347,114.2482,115.9655,116.9731,119.4104,121.1375,122.8674,125.3371,127.0778,129.5693,131.3195,133.8314,136.3559,133.4911,130.5605,128.3477,125.2937,123.7631,120.594,121.3824,122.1616,122.9314,123.692,124.4431,125.1847,125.9168,126.6393,127.3521,128.0553,127.896,129.4323,130.106,130.7698,131.4237,132.0676,132.7014,132.4421
149.9048,139.2138,136.7239,135.048,133.3721,131.6967,130.0218,128.3477,127.4519,125.7748,124.0992,123.1858,121.5082,120.5819,119.6463,117.9644,117.7479,116.7853,116.533,116.2598,115.9655,114.9491,115.3133,114.9552,114.5757,114.8503,114.4213,114.6333,114.1543,114.3029,114.4162,110.0415,105.7258,102.0924,97.89017,94.96678,90.87407,89.81824,88.75557,87.68615,86.61004,85.52734,84.43813,83.34248,82.24049,81.13224,80.01781,78.37478,77.77075,76.63829,75.5,74.35596,73.20625,72.05097,70.42073
104.3909,99.30021,99.33571,99.93023,100.5031,101.0544,102.1998,102.0924,103.2085,103.6807,104.1316,105.2106,105.6255,106.6818,107.0609,108.0944,109.8017,110.8251,112.5347,114.2482,115.9655,117.6863,119.4104,121.1375,123.5988,125.3371,127.0778,129.5693,132.0742,133.8314,136.3559,133.4911,131.3377,128.3477,125.2937,122.9698,120.594,121.3824,122.1616,122.9314,123.692,124.4431,125.1847,125.9168,126.6393,127.3521,128.0553,128.7487,129.4323,130.106,130.7698,131.4237,132.0676,132.7014,132.4421
149.0857,139.2138,136.7239,135.048,133.3721,131.6967,130.8098,128.3477,127.4519,125.7748,124.0992,123.1858,121.5082,120.5819,118.9032,117.9644,117.7479,116.7853,116.533,116.2598,115.9655,115.65,115.3133,114.9552,115.2577,114.8503,114.4213,114.6333,114.8103,114.3029,114.4162,110.0415,106.3551,102.0924,97.89017,94.35802,90.87407,89.81824,88.75557,87.68615,86.61004,85.52734,84.43813,83.34248,82.24049,81.13224,80.01781,78.89728,77.77075,76.63829,75.5,74.35596,73.20625,72.05097,70.42073
104.3909,99.30021,99.33571,99.93023,100.5031,101.0544,101.5841,102.0924,103.2085,103.6807,104.1316,105.2106,105.6255,106.6818,107.0609,108.0944,109.1197,110.8251,112.5347,114.2482,115.2584,116.9731,119.4104,121.1375,123.5988,125.3371,127.0778,128.8204,131.3195,133.8314,135.5899,133.4911,131.3377,128.3477,125.2937,122.9698,121.3926,121.3824,122.1616,122.9314,123.692,124.4431,125.1847,125.0829,126.6393,127.3521,127.2072,128.7487,129.4323,130.106,130.7698,131.4237,132.0676,132.7014,132.4421
149.0857,139.2138,136.7239,135.048,133.3721,131.6967,130.0218,128.3477,127.4519,125.7748,124.0992,123.1858,121.5082,120.5819,118.9032,117.9644,117.0166,116.7853,116.533,116.2598,115.2584,114.9491,115.3133,114.9552,115.2577,114.8503,114.4213,113.9706,114.1543,114.3029,113.7734,110.0415,106.3551,102.0924,97.89017,94.35802,91.47588,89.81824,88.75557,87.68615,86.61004,85.52734,84.43813,82.79055,82.24049,81.13224,79.48789,78.89728,77.77075,76.63829,75.5,74.35596,73.20625,72.05097,70.42073
104.3909,99.88091,99.33571,99.93023,100.5031,101.0544,102.1998,102.0924,103.2085,103.6807,104.1316,105.2106,105.6255,106.6818,107.73,108.77,109.8017,110.8251,112.5347,114.2482,115.9655,116.9731,119.4104,121.1375,122.8674,125.3371,127.0778,128.8204,132.0742,133.8314,136.3559,133.4911,130.5605,128.3477,125.2937,122.9698,120.594,121.3824,122.1616,122.9314,123.692,124.4431,125.1847,125.9168,126.6393,127.3521,128.0553,127.896,129.4323,130.106,130.7698,131.4237,132.0676,132.7014,132.4421
149.0857,140.0279,136.7239,135.048,133.3721,131.6967,130.8098,128.3477,127.4519,125.7748,124.0992,123.1858,121.5082,120.5819,119.6463,118.7017,117.7479,116.7853,116.533,116.2598,115.9655,114.9491,115.3133,114.9552,114.5757,114.8503,114.4213,113.9706,114.8103,114.3029,114.4162,110.0415,105.7258,102.0924,97.89017,94.35802,90.87407,89.81824,88.75557,87.68615,86.61004,85.52734,84.43813,83.34248,82.24049,81.13224,80.01781,78.37478,77.77075,76.63829,75.5,74.35596,73.20625,72.05097,70.42073
104.3909,99.88091,99.33571,99.33541,100.5031,101.0544,101.5841,102.0924,103.2085,103.6807,104.1316,105.2106,105.6255,106.6818,107.0609,108.0944,109.8017,110.8251,112.5347,114.2482,115.9655,116.9731,119.4104,121.1375,123.5988,125.3371,127.0778,128.8204,132.0742,133.8314,136.3559,133.4911,130.5605,128.3477,125.2937,122.9698,120.594,121.3824,122.1616,122.9314,123.692,124.4431,125.1847,125.9168,126.6393,127.3521,127.2072,128.7487,129.4323,130.106,130.7698,131.4237,132.0676,132.7014,132.4421
149.0857,140.0279,136.7239,134.2441,133.3721,131.6967,130.0218,128.3477,127.4519,125.7748,124.0992,123.1858,121.5082,120.5819,118.9032,117.9644,117.7479,116.7853,116.533,116.2598,115.9655,114.9491,115.3133,114.9552,115.2577,114.8503,114.4213,113.9706,114.8103,114.3029,114.4162,110.0415,105.7258,102.0924,97.89017,94.35802,90.87407,89.81824,88.75557,87.68615,86.61004,85.52734,84.43813,83.34248,82.24049,81.13224,79.48789,78.89728,77.77075,76.63829,75.5,74.35596,73.20625,72.05097,70.42073
104.3909,99.30021,99.33571,99.93023,100.5031,101.0544,101.5841,102.0924,103.2085,103.6807,104.1316,105.2106,105.6255,106.6818,107.73,108.77,109.8017,110.8251,112.5347,114.2482,115.2584,117.6863,119.4104,121.8629,123.5988,125.3371,127.0778,128.8204,132.0742,133.8314,136.3559,133.4911,130.5605,128.3477,125.2937,122.9698,121.3926,121.3824,122.1616,122.9314,123.692,124.4431,125.1847,125.9168,126.6393,126.5087,128.0553,128.7487,129.4323,130.106,130.7698,131.4237,132.0676,132.7014,133.3251
149.0857,139.2138,136.7239,135.048,133.3721,131.6967,130.0218,128.3477,127.4519,125.7748,124.0992,123.1858,121.5082,120.5819,119.6463,118.7017,117.7479,116.7853,116.533,116.2598,115.2584,115.65,115.3133,115.6436,115.2577,114.8503,114.4213,113.9706,114.8103,114.3029,114.4162,110.0415,105.7258,102.0924,97.89017,94.35802,91.47588,89.81824,88.75557,87.68615,86.61004,85.52734,84.43813,83.34248,82.24049,80.59494,80.01781,78.89728,77.77075,76.63829,75.5,74.35596,73.20625,72.05097,70.89021
104.3909,99.30021,99.33571,99.93023,100.5031,101.0544,101.5841,102.0924,103.2085,103.6807,104.1316,104.5611,105.6255,106.6818,107.0609,108.77,109.8017,110.8251,112.5347,114.2482,115.2584,117.6863,119.4104,121.1375,122.8674,125.3371,127.0778,128.8204,132.0742,133.8314,136.3559,133.4911,130.5605,128.3477,125.2937,123.7631,121.3926,121.3824,122.1616,122.9314,123.692,124.4431,125.1847,125.0829,126.6393,127.3521,128.0553,127.896,129.4323,130.106,130.7698,131.4237,131.193,132.7014,132.4421
149.0857,139.2138,136.7239,135.048,133.3721,131.6967,130.0218,128.3477,127.4519,125.7748,124.0992,122.4254,121.5082,120.5819,118.9032,118.7017,117.7479,116.7853,116.533,116.2598,115.2584,115.65,115.3133,114.9552,114.5757,114.8503,114.4213,113.9706,114.8103,114.3029,114.4162,110.0415,105.7258,102.0924,97.89017,94.96678,91.47588,89.81824,88.75557,87.68615,86.61004,85.52734,84.43813,82.79055,82.24049,81.13224,80.01781,78.37478,77.77075,76.63829,75.5,74.35596,72.72144,72.05097,70.42073
104.3909,99.30021,99.33571,99.93023,100.5031,101.0544,101.5841,102.0924,103.2085,103.6807,104.1316,105.2106,105.6255,106.6818,107.0609,108.77,109.8017,110.8251,112.5347,114.2482,115.2584,117.6863,119.4104,121.8629,122.8674,126.0744,127.0778,129.5693,131.3195,133.8314,136.3559,133.4911,130.5605,128.3477,125.2937,122.9698,120.594,121.3824,122.1616,122.9314,123.692,124.4431,125.1847,125.9168,126.6393,126.5087,127.2072,128.7487,129.4323,129.2444,130.7698,131.4237,132.0676,132.7014,133.3251
149.0857,139.2138,136.7239,135.048,133.3721,131.6967,130.0218,128.3477,127.4519,125.7748,124.0992,123.1858,121.5082,120.5819,118.9032,118.7017,117.7479,116.7853,116.533,116.2598,115.2584,115.65,115.3133,115.6436,114.5757,115.5259,114.4213,114.6333,114.1543,114.3029,114.4162,110.0415,105.7258,102.0924,97.89017,94.35802,90.87407,89.81824,88.75557,87.68615,86.61004,85.52734,84.43813,83.34248,82.24049,80.59494,79.48789,78.89728,77.77075,76.13075,75.5,74.35596,73.20625,72.05097,70.89021
104.3909,99.30021,99.33571,99.93023,100.5031,101.0544,101.5841,102.0924,103.2085,103.6807,104.1316,105.2106,105.6255,106.6818,107.73,108.0944,109.8017,110.8251,112.5347,114.2482,115.2584,117.6863,119.4104,121.1375,123.5988,125.3371,127.0778,128.8204,132.0742,133.8314,136.3559,133.4911,130.5605,128.3477,125.2937,122.9698,120.594,121.3824,122.1616,122.9314,123.692,124.4431,125.1847,125.9168,126.6393,127.3521,128.0553,128.7487,129.4323,129.2444,130.7698,131.4237,132.0676,132.7014,132.4421
149.0857,139.2138,136.7239,135.048,133.3721,131.6967,130.0218,128.3477,127.4519,125.7748,124.0992,123.1858,121.5082,120.5819,119.6463,117.9644,117.7479,116.7853,116.533,116.2598,115.2584,115.65,115.3133,114.9552,115.2577,114.8503,114.4213,113.9706,114.8103,114.3029,114.4162,110.0415,105.7258,102.0924,97.89017,94.35802,90.87407,89.81824,88.75557,87.68615,86.61004,85.52734,84.43813,83.34248,82.24049,81.13224,80.01781,78.89728,77.77075,76.13075,75.5,74.35596,73.20625,72.05097,70.42073
104.3909,99.30021,99.33571,99.93023,100.5031,101.0544,101.5841,102.0924,103.2085,103.6807,104.1316,105.2106,105.6255,106.6818,107.73,108.0944,109.1197,110.8251,112.5347,114.2482,115.9655,117.6863,119.4104,121.1375,123.5988,125.3371,127.0778,129.5693,132.0742,133.8314,136.3559,133.4911,130.5605,128.3477,125.2937,122.9698,121.3926,121.3824,122.1616,122.9314,123.692,124.4431,125.1847,125.9168,125.8006,127.3521,128.0553,128.7487,129.4323,130.106,130.7698,131.4237,132.0676,132.7014,132.4421
149.0857,139.2138,136.7239,135.048,133.3721,131.6967,130.0218,128.3477,127.4519,125.7748,124.0992,123.1858,121.5082,120.5819,119.6463,117.9644,117.0166,116.7853,116.533,116.2598,115.9655,115.65,115.3133,114.9552,115.2577,114.8503,114.4213,114.6333,114.8103,114.3029,114.4162,110.0415,105.7258,102.0924,97.89017,94.35802,91.47588,89.81824,88.75557,87.68615,86.61004,85.52734,84.43813,83.34248,81.69586,81.13224,80.01781,78.89728,77.77075,76.63829,75.5,74.35596,73.20625,72.05097,70.42073
