104.9645,98.7195,98.74792,99.33541,99.90129,101.0544,100.9685,101.4699,103.2085,103.6807,104.1316,104.5611,105.6255,106.6818,107.0609,107.4188,109.1197,110.1367,111.84,113.5473,115.2584,117.6863,119.4104,121.1375,123.5988,125.3371,127.0778,129.5693,132.0742,133.8314,136.3559,134.2627,129.7834,128.3477,125.2937,123.7631,120.594,120.5785,122.1616,122.9314,123.692,124.4431,125.1847,125.9168,126.6393,127.3521,128.0553,127.896,128.5751,129.2444,130.7698,131.4237,132.0676,132.7014,132.4421,137.4867
149.9048,138.3996,135.9149,134.2441,132.5735,131.6967,129.2338,127.5651,127.4519,125.7748,124.0992,122.4254,121.5082,120.5819,118.9032,117.2271,117.0166,116.0599,115.8137,115.5466,115.2584,115.65,115.3133,114.9552,115.2577,114.8503,114.4213,114.6333,114.8103,114.3029,114.4162,110.6776,105.0965,102.0924,97.89017,94.96678,90.87407,89.22342,88.75557,87.68615,86.61004,85.52734,84.43813,83.34248,82.24049,81.13224,80.01781,78.37478,77.25571,76.13075,75.5,74.35596,73.20625,72.05097,70.42073,71.57104
104.9645,98.7195,98.74792,99.33541,99.90129,100.4456,101.5841,102.0924,103.2085,103.6807,104.1316,105.2106,104.9694,106.6818,107.73,107.4188,108.4377,110.1367,111.84,113.5473,115.2584,117.6863,118.6911,121.1375,123.5988,126.0744,127.0778,128.8204,132.0742,133.8314,136.3559,134.2627,130.5605,128.3477,125.2937,124.5565,120.594,120.5785,122.1616,122.9314,123.692,124.4431,125.1847,125.9168,126.6393,127.3521,128.0553,128.7487,129.4323,130.106,130.7698,131.4237,132.0676,132.7014,132.4421,135.7127
149.9048,138.3996,135.9149,134.2441,132.5735,130.9033,130.0218,128.3477,127.4519,125.7748,124.0992,123.1858,120.7535,120.5819,119.6463,117.2271,116.2852,116.0599,115.8137,115.5466,115.2584,115.65,114.6186,114.9552,115.2577,115.5259,114.4213,113.9706,114.8103,114.3029,114.4162,110.6776,105.7258,102.0924,97.89017,95.57554,90.87407,89.22342,88.75557,87.68615,86.61004,85.52734,84.43813,83.34248,82.24049,81.13224,80.01781,78.89728,77.77075,76.63829,75.5,74.35596,73.20625,72.05097,70.42073,70.64754
104.9645,98.7195,98.16014,99.33541,100.5031,101.0544,100.9685,102.0924,103.2085,103.6807,104.1316,105.2106,105.6255,106.6818,107.0609,107.4188,109.1197,110.1367,111.84,113.5473,115.2584,116.9731,119.4104,121.1375,123.5988,125.3371,127.0778,129.5693,131.3195,133.8314,136.3559,135.0343,129.7834,128.3477,125.2937,124.5565,120.594,120.5785,122.1616,122.9314,123.692,124.4431,125.1847,125.9168,125.8006,126.5087,128.0553,128.7487,129.4323,130.106,130.7698,131.4237,132.0676,132.7014,132.4421,136.5997
149.9048,138.3996,135.1058,134.2441,133.3721,131.6967,129.2338,128.3477,127.4519,125.7748,124.0992,123.1858,121.5082,120.5819,118.9032,117.2271,117.0166,116.0599,115.8137,115.5466,115.2584,114.9491,115.3133,114.9552,115.2577,114.8503,114.4213,114.6333,114.1543,114.3029,114.4162,111.3137,105.0965,102.0924,97.89017,95.57554,90.87407,89.22342,88.75557,87.68615,86.61004,85.52734,84.43813,83.34248,81.69586,80.59494,80.01781,78.89728,77.77075,76.63829,75.5,74.35596,73.20625,72.05097,70.42073,71.10929
104.9645,98.7195,98.74792,99.33541,99.90129,100.4456,100.9685,102.0924,103.2085,103.6807,104.1316,104.5611,105.6255,106.6818,107.73,107.4188,109.1197,110.1367,111.84,113.5473,115.2584,117.6863,119.4104,121.1375,123.5988,125.3371,127.0778,128.8204,132.0742,133.8314,136.3559,134.2627,130.5605,128.3477,125.2937,123.7631,120.594,120.5785,122.1616,122.9314,123.692,124.4431,124.3556,125.9168,126.6393,127.3521,128.0553,128.7487,129.4323,130.106,130.7698,131.4237,132.0676,132.7014,132.4421,136.5997
149.9048,138.3996,135.9149,134.2441,132.5735,130.9033,129.2338,128.3477,127.4519,125.7748,124.0992,122.4254,121.5082,120.5819,119.6463,117.2271,117.0166,116.0599,115.8137,115.5466,115.2584,115.65,115.3133,114.9552,115.2577,114.8503,114.4213,113.9706,114.8103,114.3029,114.4162,110.6776,105.7258,102.0924,97.89017,94.96678,90.87407,89.22342,88.75557,87.68615,86.61004,85.52734,83.87894,83.34248,82.24049,81.13224,80.01781,78.89728,77.77075,76.63829,75.5,74.35596,73.20625,72.05097,70.42073,71.10929
104.9645,99.30021,98.74792,99.33541,99.90129,100.4456,100.9685,101.4699,103.2085,103.6807,104.1316,104.5611,104.9694,106.6818,107.73,107.4188,109.1197,110.1367,111.84,113.5473,115.2584,117.6863,119.4104,121.8629,123.5988,125.3371,127.0778,129.5693,132.0742,133.8314,135.5899,134.2627,129.7834,128.3477,125.2937,124.5565,120.594,120.5785,122.1616,122.9314,123.692,124.4431,125.1847,125.9168,126.6393,127.3521,127.2072,128.7487,129.4323,130.106,129.9038,131.4237,132.0676,132.7014,132.4421,136.5997
149.9048,139.2138,135.9149,134.2441,132.5735,130.9033,129.2338,127.5651,127.4519,125.7748,124.0992,122.4254,120.7535,120.5819,119.6463,117.2271,117.0166,116.0599,115.8137,115.5466,115.2584,115.65,115.3133,115.6436,115.2577,114.8503,114.4213,114.6333,114.8103,114.3029,113.7734,110.6776,105.0965,102.0924,97.89017,95.57554,90.87407,89.22342,88.75557,87.68615,86.61004,85.52734,84.43813,83.34248,82.24049,81.13224,79.48789,78.89728,77.77075,76.63829,75,74.35596,73.20625,72.05097,70.42073,71.10929
104.9645,98.7195,98.74792,99.33541,99.90129,100.4456,101.5841,101.4699,103.2085,103.6807,104.1316,104.5611,104.9694,106.6818,107.0609,107.4188,109.1197,110.1367,111.1453,113.5473,115.2584,117.6863,119.4104,121.1375,123.5988,125.3371,127.0778,129.5693,131.3195,133.8314,136.3559,134.2627,129.7834,128.3477,125.2937,123.7631,120.594,120.5785,122.1616,122.9314,123.692,124.4431,125.1847,125.9168,126.6393,127.3521,128.0553,128.7487,128.5751,130.106,130.7698,131.4237,132.0676,132.7014,132.4421,135.7127
149.9048,138.3996,135.9149,134.2441,132.5735,130.9033,130.0218,127.5651,127.4519,125.7748,124.0992,122.4254,120.7535,120.5819,118.9032,117.2271,117.0166,116.0599,115.0944,115.5466,115.2584,115.65,115.3133,114.9552,115.2577,114.8503,114.4213,114.6333,114.1543,114.3029,114.4162,110.6776,105.0965,102.0924,97.89017,94.96678,90.87407,89.22342,88.75557,87.68615,86.61004,85.52734,84.43813,83.34248,82.24049,81.13224,80.01781,78.89728,77.25571,76.63829,75.5,74.35596,73.20625,72.05097,70.42073,70.64754
104.9645,99.30021,98.74792,99.33541,99.90129,100.4456,100.9685,101.4699,103.2085,103.6807,104.1316,105.2106,104.9694,106.6818,107.0609,107.4188,109.1197,110.1367,111.84,113.5473,115.2584,116.9731,119.4104,121.1375,123.5988,125.3371,127.0778,129.5693,132.0742,133.8314,136.3559,135.0343,130.5605,128.3477,125.2937,124.5565,121.3926,120.5785,122.1616,122.9314,123.692,124.4431,125.1847,125.9168,126.6393,127.3521,128.0553,128.7487,129.4323,130.106,130.7698,131.4237,132.0676,132.7014,132.4421,133.0516
149.9048,139.2138,135.9149,134.2441,132.5735,130.9033,129.2338,127.5651,127.4519,125.7748,124.0992,123.1858,120.7535,120.5819,118.9032,117.2271,117.0166,116.0599,115.8137,115.5466,115.2584,114.9491,115.3133,114.9552,115.2577,114.8503,114.4213,114.6333,114.8103,114.3029,114.4162,111.3137,105.7258,102.0924,97.89017,95.57554,91.47588,89.22342,88.75557,87.68615,86.61004,85.52734,84.43813,83.34248,82.24049,81.13224,80.01781,78.89728,77.77075,76.63829,75.5,74.35596,73.20625,72.05097,70.42073,69.26229
104.9645,99.30021,98.74792,99.33541,100.5031,100.4456,100.9685,101.4699,103.2085,103.6807,104.1316,105.2106,105.6255,106.6818,107.73,107.4188,109.1197,110.1367,111.84,113.5473,115.2584,117.6863,119.4104,121.1375,123.5988,125.3371,127.0778,128.8204,132.0742,133.8314,136.3559,134.2627,129.7834,128.3477,125.2937,123.7631,121.3926,120.5785,122.1616,122.9314,123.692,124.4431,125.1847,125.9168,126.6393,127.3521,128.0553,128.7487,129.4323,130.106,130.7698,131.4237,132.0676,132.7014,132.4421,135.7127
149.9048,139.2138,135.9149,134.2441,133.3721,130.9033,129.2338,127.5651,127.4519,125.7748,124.0992,123.1858,121.5082,120.5819,119.6463,117.2271,117.0166,116.0599,115.8137,115.5466,115.2584,115.65,115.3133,114.9552,115.2577,114.8503,114.4213,113.9706,114.8103,114.3029,114.4162,110.6776,105.0965,102.0924,97.89017,94.96678,91.47588,89.22342,88.75557,87.68615,86.61004,85.52734,84.43813,83.34248,82.24049,81.13224,80.01781,78.89728,77.77075,76.63829,75.5,74.35596,73.20625,72.05097,70.42073,70.64754
104.9645,98.7195,98.74792,99.33541,99.90129,100.4456,100.9685,102.0924,103.2085,103.6807,103.4888,105.2106,104.9694,106.6818,107.73,107.4188,109.1197,110.1367,111.84,113.5473,115.2584,117.6863,119.4104,121.1375,123.5988,125.3371,127.0778,129.5693,131.3195,133.8314,136.3559,134.2627,129.7834,128.3477,125.2937,124.5565,120.594,120.5785,122.1616,122.9314,123.692,124.4431,125.1847,125.9168,126.6393,127.3521,128.0553,128.7487,129.4323,130.106,130.7698,131.4237,132.0676,132.7014,132.4421,137.4867
149.9048,138.3996,135.9149,134.2441,132.5735,130.9033,129.2338,128.3477,127.4519,125.7748,123.3332,123.1858,120.7535,120.5819,119.6463,117.2271,117.0166,116.0599,115.8137,115.5466,115.2584,115.65,115.3133,114.9552,115.2577,114.8503,114.4213,114.6333,114.1543,114.3029,114.4162,110.6776,105.0965,102.0924,97.89017,95.57554,90.87407,89.22342,88.75557,87.68615,86.61004,85.52734,84.43813,83.34248,82.24049,81.13224,80.01781,78.89728,77.77075,76.63829,75.5,74.35596,73.20625,72.05097,70.42073,71.57104
104.9645,99.30021,98.74792,99.33541,100.5031,101.0544,102.1998,102.0924,102.5792,103.6807,103.4888,104.5611,105.6255,106.6818,107.0609,107.4188,109.1197,110.1367,111.84,113.5473,115.2584,117.6863,119.4104,121.1375,123.5988,126.0744,127.0778,128.8204,132.0742,133.8314,136.3559,134.2627,129.7834,128.3477,125.2937,123.7631,121.3926,120.5785,122.1616,122.9314,123.692,124.4431,125.1847,125.9168,126.6393,127.3521,128.0553,128.7487,129.4323,130.106,130.7698,131.4237,132.0676,131.8226,132.4421,135.7127
149.9048,139.2138,135.9149,134.2441,133.3721,131.6967,130.8098,128.3477,126.6748,125.7748,123.3332,122.4254,121.5082,120.5819,118.9032,117.2271,117.0166,116.0599,115.8137,115.5466,115.2584,115.65,115.3133,114.9552,115.2577,115.5259,114.4213,113.9706,114.8103,114.3029,114.4162,110.6776,105.0965,102.0924,97.89017,94.96678,91.47588,89.22342,88.75557,87.68615,86.61004,85.52734,84.43813,83.34248,82.24049,81.13224,80.01781,78.89728,77.77075,76.63829,75.5,74.35596,73.20625,71.57381,70.42073,70.64754
104.9645,98.7195,98.74792,99.33541,99.90129,100.4456,100.9685,101.4699,102.5792,103.0447,104.1316,105.2106,105.6255,106.6818,107.73,107.4188,109.1197,110.1367,111.84,113.5473,115.2584,116.9731,119.4104,121.8629,123.5988,126.0744,127.0778,128.8204,131.3195,133.8314,136.3559,134.2627,129.7834,128.3477,125.2937,123.7631,121.3926,120.5785,122.1616,122.9314,123.692,124.4431,125.1847,125.9168,125.8006,127.3521,128.0553,128.7487,129.4323,130.106,130.7698,131.4237,132.0676,132.7014,132.4421,133.9386
149.9048,138.3996,135.9149,134.2441,132.5735,130.9033,129.2338,127.5651,126.6748,125.0032,124.0992,123.1858,121.5082,120.5819,119.6463,117.2271,117.0166,116.0599,115.8137,115.5466,115.2584,114.9491,115.3133,115.6436,115.2577,115.5259,114.4213,113.9706,114.1543,114.3029,114.4162,110.6776,105.0965,102.0924,97.89017,94.96678,91.47588,89.22342,88.75557,87.68615,86.61004,85.52734,84.43813,83.34248,81.69586,81.13224,80.01781,78.89728,77.77075,76.63829,75.5,74.35596,73.20625,72.05097,70.42073,69.72404
104.9645,98.7195,98.74792,99.33541,99.90129,100.4456,101.5841,102.0924,102.5792,103.6807,104.1316,105.2106,105.6255,106.6818,107.0609,107.4188,109.1197,110.1367,111.84,113.5473,115.2584,117.6863,119.4104,121.1375,123.5988,125.3371,127.0778,128.8204,132.0742,133.8314,135.5899,134.2627,130.5605,128.3477,125.2937,123.7631,121.3926,120.5785,122.1616,122.9314,123.692,124.4431,125.1847,125.0829,126.6393,127.3521,128.0553,128.7487,129.4323,130.106,130.7698,131.4237,132.0676,132.7014,132.4421,133.9386
149.9048,138.3996,135.9149,134.2441,132.5735,130.9033,130.0218,128.3477,126.6748,125.7748,124.0992,123.1858,121.5082,120.5819,118.9032,117.2271,117.0166,116.0599,115.8137,115.5466,115.2584,115.65,115.3133,114.9552,115.2577,114.8503,114.4213,113.9706,114.8103,114.3029,113.7734,110.6776,105.7258,102.0924,97.89017,94.96678,91.47588,89.22342,88.75557,87.68615,86.61004,85.52734,84.43813,82.79055,82.24049,81.13224,80.01781,78.89728,77.77075,76.63829,75.5,74.35596,73.20625,72.05097,70.42073,69.72404
105.5381,98.7195,98.74792,99.33541,100.5031,100.4456,100.9685,101.4699,102.5792,103.6807,104.1316,104.5611,105.6255,106.6818,107.0609,107.4188,109.1197,110.1367,111.84,113.5473,115.2584,116.9731,119.4104,121.1375,122.8674,126.0744,127.0778,128.8204,132.0742,133.8314,136.3559,134.2627,129.7834,128.3477,125.2937,123.7631,120.594,120.5785,122.1616,122.9314,123.692,124.4431,125.1847,125.9168,126.6393,127.3521,128.0553,127.896,129.4323,130.106,130.7698,131.4237,132.0676,132.7014,132.4421,137.4867
150.724,138.3996,135.9149,134.2441,133.3721,130.9033,129.2338,127.5651,126.6748,125.7748,124.0992,122.4254,121.5082,120.5819,118.9032,117.2271,117.0166,116.0599,115.8137,115.5466,115.2584,114.9491,115.3133,114.9552,114.5757,115.5259,114.4213,113.9706,114.8103,114.3029,114.4162,110.6776,105.0965,102.0924,97.89017,94.96678,90.87407,89.22342,88.75557,87.68615,86.61004,85.52734,84.43813,83.34248,82.24049,81.13224,80.01781,78.37478,77.77075,76.63829,75.5,74.35596,73.20625,72.05097,70.42073,71.57104
104.9645,99.30021,98.74792,99.33541,99.90129,100.4456,100.9685,102.0924,103.2085,103.6807,104.1316,105.2106,104.9694,106.6818,107.73,107.4188,109.1197,110.1367,111.84,113.5473,115.2584,117.6863,119.4104,121.1375,123.5988,125.3371,127.0778,129.5693,132.0742,133.8314,136.3559,134.2627,129.7834,128.3477,125.2937,123.7631,120.594,120.5785,122.1616,122.9314,123.692,124.4431,125.1847,125.9168,126.6393,127.3521,128.0553,128.7487,129.4323,130.106,130.7698,131.4237,132.0676,132.7014,132.4421,133.9386
149.9048,139.2138,135.9149,134.2441,132.5735,130.9033,129.2338,128.3477,127.4519,125.7748,124.0992,123.1858,120.7535,120.5819,119.6463,117.2271,117.0166,116.0599,115.8137,115.5466,115.2584,115.65,115.3133,114.9552,115.2577,114.8503,114.4213,114.6333,114.8103,114.3029,114.4162,110.6776,105.0965,102.0924,97.89017,94.96678,90.87407,89.22342,88.75557,87.68615,86.61004,85.52734,84.43813,83.34248,82.24049,81.13224,80.01781,78.89728,77.77075,76.63829,75.5,74.35596,73.20625,72.05097,70.42073,69.72404
104.9645,99.30021,98.74792,99.33541,100.5031,100.4456,100.9685,102.0924,102.5792,103.6807,103.4888,105.2106,105.6255,106.6818,107.0609,107.4188,109.1197,110.1367,111.84,113.5473,115.2584,117.6863,119.4104,121.1375,123.5988,126.0744,127.0778,128.8204,131.3195,133.8314,136.3559,134.2627,129.7834,128.3477,126.0817,123.7631,121.3926,120.5785,122.1616,122.9314,123.692,124.4431,125.1847,125.9168,126.6393,126.5087,128.0553,128.7487,129.4323,130.106,130.7698,131.4237,132.0676,132.7014,132.4421,137.4867
149.9048,139.2138,135.9149,134.2441,133.3721,130.9033,129.2338,128.3477,126.6748,125.7748,123.3332,123.1858,121.5082,120.5819,118.9032,117.2271,117.0166,116.0599,115.8137,115.5466,115.2584,115.65,115.3133,114.9552,115.2577,115.5259,114.4213,113.9706,114.1543,114.3029,114.4162,110.6776,105.0965,102.0924,98.50584,94.96678,91.47588,89.22342,88.75557,87.68615,86.61004,85.52734,84.43813,83.34248,82.24049,80.59494,80.01781,78.89728,77.77075,76.63829,75.5,74.35596,73.20625,72.05097,70.42073,71.57104
104.9645,99.30021,98.74792,99.33541,99.90129,101.0544,100.9685,102.7149,103.2085,103.6807,104.1316,105.2106,104.9694,106.6818,107.0609,107.4188,109.1197,110.1367,111.84,113.5473,115.2584,116.9731,119.4104,121.1375,123.5988,125.3371,127.0778,128.8204,132.0742,133.8314,136.3559,134.2627,129.7834,128.3477,125.2937,123.7631,120.594,120.5785,122.1616,122.9314,123.692,124.4431,125.1847,125.9168,126.6393,127.3521,127.2072,127.896,129.4323,130.106,130.7698,131.4237,132.0676,132.7014,132.4421,134.8256
149.9048,139.2138,135.9149,134.2441,132.5735,131.6967,129.2338,129.1303,127.4519,125.7748,124.0992,123.1858,120.7535,120.5819,118.9032,117.2271,117.0166,116.0599,115.8137,115.5466,115.2584,114.9491,115.3133,114.9552,115.2577,114.8503,114.4213,113.9706,114.8103,114.3029,114.4162,110.6776,105.0965,102.0924,97.89017,94.96678,90.87407,89.22342,88.75557,87.68615,86.61004,85.52734,84.43813,83.34248,82.24049,81.13224,79.48789,78.37478,77.77075,76.63829,75.5,74.35596,73.20625,72.05097,70.42073,70.18579
105.5381,99.30021,98.74792,99.33541,99.90129,100.4456,101.5841,102.0924,103.2085,103.6807,104.1316,105.2106,104.9694,106.6818,107.73,107.4188,109.1197,110.1367,111.84,113.5473,115.2584,116.9731,119.4104,121.8629,123.5988,125.3371,127.0778,128.8204,132.0742,133.8314,136.3559,134.2627,129.7834,128.3477,125.2937,123.7631,121.3926,121.3824,122.1616,122.9314,123.692,124.4431,125.1847,125.9168,126.6393,126.5087,128.0553,128.7487,129.4323,130.106,130.7698,131.4237,132.0676,132.7014,131.5592,133.9386
150.724,139.2138,135.9149,134.2441,132.5735,130.9033,130.0218,128.3477,127.4519,125.7748,124.0992,123.1858,120.7535,120.5819,119.6463,117.2271,117.0166,116.0599,115.8137,115.5466,115.2584,114.9491,115.3133,115.6436,115.2577,114.8503,114.4213,113.9706,114.8103,114.3029,114.4162,110.6776,105.0965,102.0924,97.89017,94.96678,91.47588,89.81824,88.75557,87.68615,86.61004,85.52734,84.43813,83.34248,82.24049,80.59494,80.01781,78.89728,77.77075,76.63829,75.5,74.35596,73.20625,72.05097,69.95126,69.72404
104.3909,99.30021,98.74792,99.33541,99.90129,100.4456,100.9685,101.4699,103.2085,103.6807,104.1316,104.5611,104.9694,106.6818,107.0609,107.4188,109.1197,110.1367,111.84,113.5473,115.2584,116.9731,119.4104,121.1375,123.5988,125.3371,127.0778,128.8204,132.0742,133.8314,136.3559,134.2627,129.7834,128.3477,125.2937,124.5565,120.594,120.5785,122.1616,122.9314,123.692,124.4431,125.1847,125.9168,126.6393,126.5087,127.2072,128.7487,128.5751,129.2444,130.7698,131.4237,132.0676,132.7014,133.3251,133.9386
149.0857,139.2138,135.9149,134.2441,132.5735,130.9033,129.2338,127.5651,127.4519,125.7748,124.0992,122.4254,120.7535,120.5819,118.9032,117.2271,117.0166,116.0599,115.8137,115.5466,115.2584,114.9491,115.3133,114.9552,115.2577,114.8503,114.4213,113.9706,114.8103,114.3029,114.4162,110.6776,105.0965,102.0924,97.89017,95.57554,90.87407,89.22342,88.75557,87.68615,86.61004,85.52734,84.43813,83.34248,82.24049,80.59494,79.48789,78.89728,77.25571,76.13075,75.5,74.35596,73.20625,72.05097,70.89021,69.72404
