175.7066,174.0058,173.1747,173.2008,171.473,172.3258,170.5763,169.6754,168.7616,168.6783,167.7341,167.6111,166.6366,166.4735,169.5645,172.5925,176.3657,173.6331,170.908,168.9843,166.2703,164.3477,160.8692,158.9547,158.5712,158.1644,157.7343,156.5317,156.8036,156.3028,155.7783,155.2301,154.6581,153.3488,153.4422
-93.42484,-94.47743,-95.9923,-97.99229,-99,-101.5077,-102.4926,-103.9772,-105.4539,-107.4599,-108.9278,-110.9393,-112.3978,-114.4141,-118.7303,-123.109,-128.1372,-128.4817,-128.7884,-129.6662,-129.9046,-130.7281,-130.2693,-131.0321,-133.057,-135.0852,-137.1163,-138.4876,-141.1866,-143.2251,-145.2657,-147.3079,-149.3515,-150.6955,-153.4422
174.8236,174.0058,173.1747,172.3304,171.473,172.3258,170.5763,169.6754,169.6096,168.6783,168.5728,167.6111,166.6366,167.2976,169.5645,172.5925,176.3657,173.6331,170.908,168.9843,166.2703,164.3477,160.8692,158.9547,159.3372,158.1644,157.7343,156.5317,156.8036,156.3028,155.7783,155.2301,154.6581,154.0621,152.7351
-92.95537,-94.47743,-95.9923,-97.49986,-99,-101.5077,-102.4926,-103.9772,-105.9839,-107.4599,-109.4724,-110.9393,-112.3978,-114.9805,-118.7303,-123.109,-128.1372,-128.4817,-128.7884,-129.6662,-129.9046,-130.7281,-130.2693,-131.0321,-133.6998,-135.0852,-137.1163,-138.4876,-141.1866,-143.2251,-145.2657,-147.3079,-149.3515,-151.3964,-152.7351
175.7066,174.0058,173.1747,172.3304,172.3391,171.4642,170.5763,169.6754,169.6096,168.6783,167.7341,167.6111,166.6366,167.2976,169.5645,172.5925,176.3657,173.6331,170.908,168.9843,166.2703,162.7825,160.8692,158.9547,158.5712,158.1644,156.9796,158.0297,156.8036,156.3028,155.7783,155.2301,154.6581,154.0621,152.7351
-93.42484,-94.47743,-95.9923,-97.49986,-99.5,-101.0001,-102.4926,-103.9772,-105.9839,-107.4599,-108.9278,-110.9393,-112.3978,-114.9805,-118.7303,-123.109,-128.1372,-128.4817,-128.7884,-129.6662,-129.9046,-129.483,-130.2693,-131.0321,-133.057,-135.0852,-136.4603,-139.8128,-141.1866,-143.2251,-145.2657,-147.3079,-149.3515,-151.3964,-152.7351
175.7066,174.0058,173.1747,173.2008,172.3391,171.4642,170.5763,169.6754,169.6096,168.6783,167.7341,167.6111,166.6366,166.4735,169.5645,172.5925,176.3657,173.6331,170.908,168.9843,166.2703,162.7825,160.8692,158.9547,158.5712,158.1644,157.7343,156.5317,156.8036,156.3028,155.7783,155.2301,154.6581,154.0621,152.7351
-93.42484,-94.47743,-95.9923,-97.99229,-99.5,-101.0001,-102.4926,-103.9772,-105.9839,-107.4599,-108.9278,-110.9393,-112.3978,-114.4141,-118.7303,-123.109,-128.1372,-128.4817,-128.7884,-129.6662,-129.9046,-129.483,-130.2693,-131.0321,-133.057,-135.0852,-137.1163,-138.4876,-141.1866,-143.2251,-145.2657,-147.3079,-149.3515,-151.3964,-152.7351
175.7066,174.0058,173.1747,172.3304,172.3391,171.4642,170.5763,169.6754,169.6096,168.6783,168.5728,167.6111,166.6366,166.4735,169.5645,172.5925,176.3657,173.6331,170.908,168.9843,166.2703,162.7825,160.8692,158.9547,158.5712,158.1644,157.7343,156.5317,156.8036,156.3028,155.7783,155.2301,154.6581,153.3488,152.7351
-93.42484,-94.47743,-95.9923,-97.49986,-99.5,-101.0001,-102.4926,-103.9772,-105.9839,-107.4599,-109.4724,-110.9393,-112.3978,-114.4141,-118.7303,-123.109,-128.1372,-128.4817,-128.7884,-129.6662,-129.9046,-129.483,-130.2693,-131.0321,-133.057,-135.0852,-137.1163,-138.4876,-141.1866,-143.2251,-145.2657,-147.3079,-149.3515,-150.6955,-152.7351
175.7066,174.0058,173.1747,172.3304,171.473,171.4642,170.5763,169.6754,169.6096,168.6783,167.7341,167.6111,166.6366,167.2976,169.5645,173.4066,176.3657,173.6331,170.908,168.9843,166.2703,164.3477,160.8692,158.9547,158.5712,158.1644,157.7343,156.5317,157.5467,156.3028,155.7783,155.2301,154.6581,153.3488,153.4422
-93.42484,-94.47743,-95.9923,-97.49986,-99,-101.0001,-102.4926,-103.9772,-105.9839,-107.4599,-108.9278,-110.9393,-112.3978,-114.9805,-118.7303,-123.6897,-128.1372,-128.4817,-128.7884,-129.6662,-129.9046,-130.7281,-130.2693,-131.0321,-133.057,-135.0852,-137.1163,-138.4876,-141.8557,-143.2251,-145.2657,-147.3079,-149.3515,-150.6955,-153.4422
175.7066,174.0058,173.1747,173.2008,172.3391,171.4642,170.5763,170.528,169.6096,168.6783,167.7341,167.6111,166.6366,167.2976,169.5645,172.5925,176.3657,173.6331,171.7066,168.9843,166.2703,162.7825,160.8692,158.9547,158.5712,158.1644,157.7343,158.0297,156.8036,156.3028,155.7783,155.2301,154.6581,154.0621,153.4422
-93.42484,-94.47743,-95.9923,-97.99229,-99.5,-101.0001,-102.4926,-104.4997,-105.9839,-107.4599,-108.9278,-110.9393,-112.3978,-114.9805,-118.7303,-123.109,-128.1372,-128.4817,-129.3902,-129.6662,-129.9046,-129.483,-130.2693,-131.0321,-133.057,-135.0852,-137.1163,-139.8128,-141.1866,-143.2251,-145.2657,-147.3079,-149.3515,-151.3964,-153.4422
175.7066,174.0058,174.0493,173.2008,172.3391,171.4642,170.5763,169.6754,169.6096,168.6783,167.7341,167.6111,166.6366,167.2976,169.5645,173.4066,176.3657,173.6331,170.908,168.9843,166.2703,164.3477,160.8692,158.9547,158.5712,158.1644,157.7343,158.0297,156.8036,156.3028,155.7783,155.2301,154.6581,153.3488,152.7351
-93.42484,-94.47743,-96.47711,-97.99229,-99.5,-101.0001,-102.4926,-103.9772,-105.9839,-107.4599,-108.9278,-110.9393,-112.3978,-114.9805,-118.7303,-123.6897,-128.1372,-128.4817,-128.7884,-129.6662,-129.9046,-130.7281,-130.2693,-131.0321,-133.057,-135.0852,-137.1163,-139.8128,-141.1866,-143.2251,-145.2657,-147.3079,-149.3515,-150.6955,-152.7351
175.7066,174.0058,173.1747,172.3304,172.3391,171.4642,170.5763,169.6754,169.6096,168.6783,167.7341,167.6111,166.6366,166.4735,169.5645,173.4066,176.3657,173.6331,170.908,168.9843,166.2703,162.7825,160.8692,158.9547,158.5712,158.1644,157.7343,156.5317,156.8036,156.3028,155.7783,155.2301,153.9387,152.6356,152.7351
-93.42484,-94.47743,-95.9923,-97.49986,-99.5,-101.0001,-102.4926,-103.9772,-105.9839,-107.4599,-108.9278,-110.9393,-112.3978,-114.4141,-118.7303,-123.6897,-128.1372,-128.4817,-128.7884,-129.6662,-129.9046,-129.483,-130.2693,-131.0321,-133.057,-135.0852,-137.1163,-138.4876,-141.1866,-143.2251,-145.2657,-147.3079,-148.6569,-149.9946,-152.7351
174.8236,174.0058,173.1747,173.2008,172.3391,172.3258,170.5763,169.6754,168.7616,168.6783,167.7341,167.6111,167.4656,167.2976,169.5645,174.2207,176.3657,173.6331,170.908,168.9843,166.2703,164.3477,160.8692,158.9547,158.5712,158.1644,157.7343,156.5317,156.8036,156.3028,155.7783,155.2301,154.6581,153.3488,153.4422
-92.95537,-94.47743,-95.9923,-97.99229,-99.5,-101.5077,-102.4926,-103.9772,-105.4539,-107.4599,-108.9278,-110.9393,-112.957,-114.9805,-118.7303,-124.2704,-128.1372,-128.4817,-128.7884,-129.6662,-129.9046,-130.7281,-130.2693,-131.0321,-133.057,-135.0852,-137.1163,-138.4876,-141.1866,-143.2251,-145.2657,-147.3079,-149.3515,-150.6955,-153.4422
175.7066,174.0058,173.1747,172.3304,172.3391,171.4642,170.5763,169.6754,169.6096,168.6783,167.7341,167.6111,166.6366,166.4735,168.7453,173.4066,176.3657,173.6331,170.908,168.9843,166.2703,164.3477,160.8692,158.9547,158.5712,158.1644,157.7343,156.5317,156.8036,156.3028,155.7783,155.2301,153.9387,154.0621,152.7351
-93.42484,-94.47743,-95.9923,-97.49986,-99.5,-101.0001,-102.4926,-103.9772,-105.9839,-107.4599,-108.9278,-110.9393,-112.3978,-114.4141,-118.1567,-123.6897,-128.1372,-128.4817,-128.7884,-129.6662,-129.9046,-130.7281,-130.2693,-131.0321,-133.057,-135.0852,-137.1163,-138.4876,-141.1866,-143.2251,-145.2657,-147.3079,-148.6569,-151.3964,-152.7351
174.8236,174.0058,173.1747,174.0711,172.3391,171.4642,170.5763,169.6754,169.6096,168.6783,167.7341,167.6111,166.6366,167.2976,169.5645,172.5925,176.3657,173.6331,170.908,168.9843,166.2703,162.7825,160.8692,158.9547,158.5712,158.1644,157.7343,158.0297,156.8036,156.3028,155.7783,155.2301,154.6581,154.0621,152.7351
-92.95537,-94.47743,-95.9923,-98.48471,-99.5,-101.0001,-102.4926,-103.9772,-105.9839,-107.4599,-108.9278,-110.9393,-112.3978,-114.9805,-118.7303,-123.109,-128.1372,-128.4817,-128.7884,-129.6662,-129.9046,-129.483,-130.2693,-131.0321,-133.057,-135.0852,-137.1163,-139.8128,-141.1866,-143.2251,-145.2657,-147.3079,-149.3515,-151.3964,-152.7351
174.8236,174.0058,173.1747,172.3304,173.2051,171.4642,170.5763,169.6754,169.6096,168.6783,167.7341,167.6111,166.6366,167.2976,169.5645,174.2207,176.3657,173.6331,171.7066,168.9843,166.2703,162.7825,160.8692,158.9547,158.5712,158.1644,157.7343,156.5317,156.8036,156.3028,155.7783,155.2301,154.6581,154.0621,152.7351
-92.95537,-94.47743,-95.9923,-97.49986,-100,-101.0001,-102.4926,-103.9772,-105.9839,-107.4599,-108.9278,-110.9393,-112.3978,-114.9805,-118.7303,-124.2704,-128.1372,-128.4817,-129.3902,-129.6662,-129.9046,-129.483,-130.2693,-131.0321,-133.057,-135.0852,-137.1163,-138.4876,-141.1866,-143.2251,-145.2657,-147.3079,-149.3515,-151.3964,-152.7351
174.8236,174.0058,173.1747,172.3304,172.3391,171.4642,170.5763,169.6754,169.6096,168.6783,167.7341,167.6111,166.6366,167.2976,169.5645,173.4066,176.3657,173.6331,170.908,168.9843,166.2703,164.3477,160.8692,158.9547,158.5712,158.1644,157.7343,156.5317,156.8036,156.3028,155.7783,155.2301,154.6581,153.3488,152.7351
-92.95537,-94.47743,-95.9923,-97.49986,-99.5,-101.0001,-102.4926,-103.9772,-105.9839,-107.4599,-108.9278,-110.9393,-112.3978,-114.9805,-118.7303,-123.6897,-128.1372,-128.4817,-128.7884,-129.6662,-129.9046,-130.7281,-130.2693,-131.0321,-133.057,-135.0852,-137.1163,-138.4876,-141.1866,-143.2251,-145.2657,-147.3079,-149.3515,-150.6955,-152.7351
175.7066,174.0058,173.1747,173.2008,171.473,171.4642,170.5763,169.6754,169.6096,168.6783,167.7341,166.7772,166.6366,166.4735,169.5645,172.5925,176.3657,173.6331,170.908,168.9843,166.2703,164.3477,160.8692,158.9547,158.5712,158.1644,157.7343,156.5317,156.8036,156.3028,155.7783,155.2301,154.6581,154.0621,152.7351
-93.42484,-94.47743,-95.9923,-97.99229,-99,-101.0001,-102.4926,-103.9772,-105.9839,-107.4599,-108.9278,-110.3874,-112.3978,-114.4141,-118.7303,-123.109,-128.1372,-128.4817,-128.7884,-129.6662,-129.9046,-130.7281,-130.2693,-131.0321,-133.057,-135.0852,-137.1163,-138.4876,-141.1866,-143.2251,-145.2657,-147.3079,-149.3515,-151.3964,-152.7351
174.8236,174.0058,173.1747,172.3304,172.3391,171.4642,170.5763,169.6754,169.6096,168.6783,167.7341,167.6111,166.6366,164.8252,169.5645,173.4066,176.3657,173.6331,170.908,168.9843,166.2703,162.7825,160.8692,158.9547,158.5712,158.1644,157.7343,158.0297,157.5467,156.3028,155.7783,155.2301,154.6581,154.0621,152.028
-92.95537,-94.47743,-95.9923,-97.49986,-99.5,-101.0001,-102.4926,-103.9772,-105.9839,-107.4599,-108.9278,-110.9393,-112.3978,-113.2812,-118.7303,-123.6897,-128.1372,-128.4817,-128.7884,-129.6662,-129.9046,-129.483,-130.2693,-131.0321,-133.057,-135.0852,-137.1163,-139.8128,-141.8557,-143.2251,-145.2657,-147.3079,-149.3515,-151.3964,-152.028
175.7066,174.0058,173.1747,172.3304,171.473,171.4642,170.5763,170.528,169.6096,168.6783,167.7341,167.6111,166.6366,165.6494,169.5645,172.5925,175.5567,173.6331,170.908,168.9843,166.2703,164.3477,160.8692,158.9547,158.5712,158.1644,157.7343,158.0297,156.8036,156.3028,155.7783,155.2301,154.6581,153.3488,152.028
-93.42484,-94.47743,-95.9923,-97.49986,-99,-101.0001,-102.4926,-104.4997,-105.9839,-107.4599,-108.9278,-110.9393,-112.3978,-113.8477,-118.7303,-123.109,-127.5494,-128.4817,-128.7884,-129.6662,-129.9046,-130.7281,-130.2693,-131.0321,-133.057,-135.0852,-137.1163,-139.8128,-141.1866,-143.2251,-145.2657,-147.3079,-149.3515,-150.6955,-152.028
175.7066,174.0058,173.1747,172.3304,172.3391,171.4642,170.5763,169.6754,169.6096,168.6783,167.7341,167.6111,166.6366,164.8252,169.5645,172.5925,175.5567,173.6331,170.908,168.9843,165.4823,162.7825,160.8692,158.9547,157.8052,158.1644,156.9796,157.2807,156.0604,155.5655,155.7783,154.5047,153.9387,153.3488,152.028
-93.42484,-94.47743,-95.9923,-97.49986,-99.5,-101.0001,-102.4926,-103.9772,-105.9839,-107.4599,-108.9278,-110.9393,-112.3978,-113.2812,-118.7303,-123.109,-127.5494,-128.4817,-128.7884,-129.6662,-129.2889,-129.483,-130.2693,-131.0321,-132.4142,-135.0852,-136.4603,-139.1502,-140.5174,-142.5495,-145.2657,-146.6195,-148.6569,-150.6955,-152.028
175.7066,174.0058,173.1747,172.3304,172.3391,171.4642,170.5763,169.6754,169.6096,168.6783,167.7341,167.6111,166.6366,165.6494,168.7453,171.7784,175.5567,173.6331,171.7066,168.9843,166.2703,164.3477,160.8692,158.9547,158.5712,158.1644,156.9796,158.0297,156.0604,155.5655,155.047,155.2301,153.9387,153.3488,152.028
-93.42484,-94.47743,-95.9923,-97.49986,-99.5,-101.0001,-102.4926,-103.9772,-105.9839,-107.4599,-108.9278,-110.9393,-112.3978,-113.8477,-118.1567,-122.5283,-127.5494,-128.4817,-129.3902,-129.6662,-129.9046,-130.7281,-130.2693,-131.0321,-133.057,-135.0852,-136.4603,-139.8128,-140.5174,-142.5495,-144.5837,-147.3079,-148.6569,-150.6955,-152.028
175.7066,174.0058,174.0493,172.3304,172.3391,171.4642,170.5763,169.6754,168.7616,168.6783,167.7341,167.6111,166.6366,166.4735,168.7453,171.7784,175.5567,172.8292,170.908,168.9843,166.2703,162.7825,160.8692,158.9547,157.8052,158.1644,156.9796,157.2807,156.8036,155.5655,155.047,154.5047,153.9387,153.3488,152.7351
-93.42484,-94.47743,-96.47711,-97.49986,-99.5,-101.0001,-102.4926,-103.9772,-105.4539,-107.4599,-108.9278,-110.9393,-112.3978,-114.4141,-118.1567,-122.5283,-127.5494,-127.8869,-128.7884,-129.6662,-129.9046,-129.483,-130.2693,-131.0321,-132.4142,-135.0852,-136.4603,-139.1502,-141.1866,-142.5495,-144.5837,-146.6195,-148.6569,-150.6955,-152.7351
174.8236,174.0058,173.1747,172.3304,172.3391,171.4642,170.5763,169.6754,169.6096,168.6783,167.7341,167.6111,166.6366,164.8252,169.5645,173.4066,175.5567,173.6331,170.908,168.9843,165.4823,162.7825,160.8692,158.9547,157.8052,158.1644,156.9796,157.2807,156.8036,155.5655,155.7783,154.5047,153.9387,153.3488,152.028
-92.95537,-94.47743,-95.9923,-97.49986,-99.5,-101.0001,-102.4926,-103.9772,-105.9839,-107.4599,-108.9278,-110.9393,-112.3978,-113.2812,-118.7303,-123.6897,-127.5494,-128.4817,-128.7884,-129.6662,-129.2889,-129.483,-130.2693,-131.0321,-132.4142,-135.0852,-136.4603,-139.1502,-141.1866,-142.5495,-145.2657,-146.6195,-148.6569,-150.6955,-152.028
174.8236,174.0058,173.1747,172.3304,171.473,171.4642,170.5763,169.6754,169.6096,168.6783,167.7341,167.6111,166.6366,165.6494,169.5645,172.5925,175.5567,173.6331,170.1094,168.9843,165.4823,162.7825,160.8692,158.9547,157.8052,158.1644,156.9796,155.7828,156.0604,155.5655,155.047,154.5047,153.9387,153.3488,152.028
-92.95537,-94.47743,-95.9923,-97.49986,-99,-101.0001,-102.4926,-103.9772,-105.9839,-107.4599,-108.9278,-110.9393,-112.3978,-113.8477,-118.7303,-123.109,-127.5494,-128.4817,-128.1866,-129.6662,-129.2889,-129.483,-130.2693,-131.0321,-132.4142,-135.0852,-136.4603,-137.825,-140.5174,-142.5495,-144.5837,-146.6195,-148.6569,-150.6955,-152.028
175.7066,174.0058,173.1747,172.3304,172.3391,171.4642,170.5763,169.6754,169.6096,168.6783,167.7341,167.6111,166.6366,165.6494,169.5645,173.4066,175.5567,173.6331,170.908,168.9843,165.4823,162.7825,160.8692,158.9547,157.8052,158.1644,156.9796,157.2807,156.0604,156.3028,155.047,155.2301,153.9387,153.3488,152.028
-93.42484,-94.47743,-95.9923,-97.49986,-99.5,-101.0001,-102.4926,-103.9772,-105.9839,-107.4599,-108.9278,-110.9393,-112.3978,-113.8477,-118.7303,-123.6897,-127.5494,-128.4817,-128.7884,-129.6662,-129.2889,-129.483,-130.2693,-131.0321,-132.4142,-135.0852,-136.4603,-139.1502,-140.5174,-143.2251,-144.5837,-147.3079,-148.6569,-150.6955,-152.028
175.7066,174.0058,173.1747,172.3304,172.3391,171.4642,170.5763,169.6754,169.6096,168.6783,167.7341,167.6111,166.6366,166.4735,169.5645,172.5925,175.5567,173.6331,170.908,168.9843,165.4823,162.7825,160.8692,158.9547,157.8052,158.1644,156.9796,155.7828,156.0604,156.3028,155.7783,155.2301,153.9387,153.3488,152.028
-93.42484,-94.47743,-95.9923,-97.49986,-99.5,-101.0001,-102.4926,-103.9772,-105.9839,-107.4599,-108.9278,-110.9393,-112.3978,-114.4141,-118.7303,-123.109,-127.5494,-128.4817,-128.7884,-129.6662,-129.2889,-129.483,-130.2693,-131.0321,-132.4142,-135.0852,-136.4603,-137.825,-140.5174,-143.2251,-145.2657,-147.3079,-148.6569,-150.6955,-152.028
174.8236,174.0058,173.1747,172.3304,172.3391,171.4642,170.5763,170.528,169.6096,168.6783,167.7341,167.6111,166.6366,164.8252,169.5645,172.5925,175.5567,173.6331,170.908,168.9843,166.2703,164.3477,160.8692,158.9547,157.8052,158.1644,156.9796,155.7828,156.8036,155.5655,155.047,154.5047,153.9387,153.3488,152.028
-92.95537,-94.47743,-95.9923,-97.49986,-99.5,-101.0001,-102.4926,-104.4997,-105.9839,-107.4599,-108.9278,-110.9393,-112.3978,-113.2812,-118.7303,-123.109,-127.5494,-128.4817,-128.7884,-129.6662,-129.9046,-130.7281,-130.2693,-131.0321,-132.4142,-135.0852,-136.4603,-137.825,-141.1866,-142.5495,-144.5837,-146.6195,-148.6569,-150.6955,-152.028
175.7066,174.0058,173.1747,172.3304,172.3391,171.4642,170.5763,170.528,169.6096,168.6783,168.5728,167.6111,166.6366,164.8252,168.7453,173.4066,175.5567,173.6331,170.908,168.1909,165.4823,164.3477,160.8692,159.7263,157.8052,157.404,157.7343,157.2807,156.0604,155.5655,155.047,154.5047,153.2194,153.3488,152.028
-93.42484,-94.47743,-95.9923,-97.49986,-99.5,-101.0001,-102.4926,-104.4997,-105.9839,-107.4599,-109.4724,-110.9393,-112.3978,-113.2812,-118.1567,-123.6897,-127.5494,-128.4817,-128.7884,-129.0574,-129.2889,-130.7281,-130.2693,-131.6682,-132.4142,-134.4357,-137.1163,-139.1502,-140.5174,-142.5495,-144.5837,-146.6195,-147.9622,-150.6955,-152.028
175.7066,174.0058,173.1747,172.3304,172.3391,171.4642,170.5763,170.528,169.6096,168.6783,167.7341,166.7772,166.6366,165.6494,168.7453,171.7784,175.5567,173.6331,171.7066,168.9843,166.2703,164.3477,160.8692,158.9547,158.5712,158.1644,157.7343,156.5317,156.8036,155.5655,155.047,155.2301,153.9387,153.3488,152.028
-93.42484,-94.47743,-95.9923,-97.49986,-99.5,-101.0001,-102.4926,-104.4997,-105.9839,-107.4599,-108.9278,-110.3874,-112.3978,-113.8477,-118.1567,-122.5283,-127.5494,-128.4817,-129.3902,-129.6662,-129.9046,-130.7281,-130.2693,-131.0321,-133.057,-135.0852,-137.1163,-138.4876,-141.1866,-142.5495,-144.5837,-147.3079,-148.6569,-150.6955,-152.028
174.8236,174.0058,173.1747,172.3304,172.3391,171.4642,170.5763,169.6754,169.6096,168.6783,168.5728,167.6111,166.6366,166.4735,169.5645,172.5925,175.5567,173.6331,170.908,168.9843,165.4823,163.5651,160.8692,158.9547,157.8052,158.1644,157.7343,156.5317,156.8036,155.5655,155.7783,155.2301,153.9387,153.3488,152.028
-92.95537,-94.47743,-95.9923,-97.49986,-99.5,-101.0001,-102.4926,-103.9772,-105.9839,-107.4599,-109.4724,-110.9393,-112.3978,-114.4141,-118.7303,-123.109,-127.5494,-128.4817,-128.7884,-129.6662,-129.2889,-130.1056,-130.2693,-131.0321,-132.4142,-135.0852,-137.1163,-138.4876,-141.1866,-142.5495,-145.2657,-147.3079,-148.6569,-150.6955,-152.028
175.7066,174.0058,173.1747,172.3304,172.3391,171.4642,170.5763,169.6754,169.6096,168.6783,167.7341,167.6111,166.6366,164.8252,168.7453,173.4066,175.5567,173.6331,170.908,168.1909,166.2703,164.3477,160.8692,158.9547,158.5712,158.1644,157.7343,157.2807,156.0604,155.5655,155.047,154.5047,154.6581,153.3488,152.028
-93.42484,-94.47743,-95.9923,-97.49986,-99.5,-101.0001,-102.4926,-103.9772,-105.9839,-107.4599,-108.9278,-110.9393,-112.3978,-113.2812,-118.1567,-123.6897,-127.5494,-128.4817,-128.7884,-129.0574,-129.9046,-130.7281,-130.2693,-131.0321,-133.057,-135.0852,-137.1163,-139.1502,-140.5174,-142.5495,-144.5837,-146.6195,-149.3515,-150.6955,-152.028
