193.402,193.5274,193.6382,192.7355,191.8173,190.8836,190.9345,189.9711,188.9928,188,186.9929,186.9715,185.9363,184.8873,184.8239,185.7451,187.6493,189.5372,191.4081,192.2656,194.1023,194.9263,196.7272,198.5092,200.2719,201.0244,201.7592,195.5623,189.3668,185.1439,178.9524,175.7113,175.4065,174.1103,172.8044,173.4379,172.1095,171.7423,171.3621,170.9689,170.5626,170.1433,169.7111,169.2659,168.8079,168.337,167.8533,166.4113
15.22106,13.53276,11.84342,10.10084,8.374922,6.665804,4.999797,3.315957,1.649315,0,-1.631862,-3.2636,-4.868912,-6.456407,-8.069587,-9.734488,-11.47713,-13.25373,-15.06415,-16.82106,-18.68992,-20.48758,-22.41424,-24.37387,-26.36629,-28.25214,-30.15312,-30.97402,-31.68914,-32.64586,-33.16687,-34.15481,-35.68686,-37.00828,-38.30981,-40.04129,-41.31983,-42.82018,-44.31726,-45.81097,-47.30119,-48.78781,-50.27072,-51.74979,-53.22493,-54.69601,-56.16292,-57.3
193.402,193.5274,193.6382,192.7355,192.8163,191.883,189.9349,189.9711,188.9928,188,186.9929,186.9715,185.9363,184.8873,184.8239,185.7451,187.6493,189.5372,191.4081,192.2656,193.1069,193.9318,196.7272,198.5092,200.2719,201.0244,201.7592,195.5623,190.3531,185.1439,179.9356,175.7113,174.4266,173.1321,172.8044,172.4635,172.1095,171.7423,171.3621,170.9689,170.5626,170.1433,169.7111,169.2659,168.8079,168.337,167.8533,166.4113
15.22106,13.53276,11.84342,10.10084,8.418542,6.700703,4.97362,3.315957,1.649315,0,-1.631862,-3.2636,-4.868912,-6.456407,-8.069587,-9.734488,-11.47713,-13.25373,-15.06415,-16.82106,-18.59408,-20.38305,-22.41424,-24.37387,-26.36629,-28.25214,-30.15312,-30.97402,-31.85419,-32.64586,-33.3491,-34.15481,-35.48749,-36.80037,-38.30981,-39.81634,-41.31983,-42.82018,-44.31726,-45.81097,-47.30119,-48.78781,-50.27072,-51.74979,-53.22493,-54.69601,-56.16292,-57.3
193.402,193.5274,193.6382,192.7355,191.8173,190.8836,189.9349,189.9711,188.9928,188,186.9929,186.9715,185.9363,184.8873,184.8239,185.7451,187.6493,189.5372,191.4081,192.2656,193.1069,194.9263,196.7272,198.5092,200.2719,201.0244,201.7592,196.55,189.3668,185.1439,179.9356,174.7296,175.4065,174.1103,172.8044,172.4635,172.1095,171.7423,172.3303,170.9689,170.5626,170.1433,169.7111,169.2659,168.8079,168.337,167.8533,167.3568
15.22106,13.53276,11.84342,10.10084,8.374922,6.665804,4.97362,3.315957,1.649315,0,-1.631862,-3.2636,-4.868912,-6.456407,-8.069587,-9.734488,-11.47713,-13.25373,-15.06415,-16.82106,-18.59408,-20.48758,-22.41424,-24.37387,-26.36629,-28.25214,-30.15312,-31.13046,-31.68914,-32.64586,-33.3491,-33.964,-35.68686,-37.00828,-38.30981,-39.81634,-41.31983,-42.82018,-44.56764,-45.81097,-47.30119,-48.78781,-50.27072,-51.74979,-53.22493,-54.69601,-56.16292,-57.62556
193.402,193.5274,193.6382,192.7355,191.8173,191.883,190.9345,189.9711,188.9928,188,186.9929,186.9715,185.9363,184.8873,184.8239,185.7451,187.6493,189.5372,191.4081,192.2656,193.1069,194.9263,195.7337,198.5092,200.2719,201.0244,201.7592,195.5623,189.3668,185.1439,179.9356,174.7296,174.4266,173.1321,172.8044,172.4635,172.1095,171.7423,171.3621,170.9689,170.5626,170.1433,169.7111,169.2659,168.8079,168.337,167.8533,166.4113
15.22106,13.53276,11.84342,10.10084,8.374922,6.700703,4.999797,3.315957,1.649315,0,-1.631862,-3.2636,-4.868912,-6.456407,-8.069587,-9.734488,-11.47713,-13.25373,-15.06415,-16.82106,-18.59408,-20.48758,-22.30103,-24.37387,-26.36629,-28.25214,-30.15312,-30.97402,-31.68914,-32.64586,-33.3491,-33.964,-35.48749,-36.80037,-38.30981,-39.81634,-41.31983,-42.82018,-44.31726,-45.81097,-47.30119,-48.78781,-50.27072,-51.74979,-53.22493,-54.69601,-56.16292,-57.3
193.402,193.5274,193.6382,191.7369,191.8173,191.883,189.9349,189.9711,188.9928,188,186.9929,186.9715,185.9363,184.8873,184.8239,185.7451,187.6493,189.5372,191.4081,192.2656,193.1069,194.9263,196.7272,198.5092,200.2719,201.0244,201.7592,195.5623,190.3531,185.1439,179.9356,174.7296,174.4266,173.1321,172.8044,172.4635,172.1095,171.7423,171.3621,170.9689,170.5626,170.1433,169.7111,169.2659,168.8079,168.337,167.8533,166.4113
15.22106,13.53276,11.84342,10.0485,8.374922,6.700703,4.97362,3.315957,1.649315,0,-1.631862,-3.2636,-4.868912,-6.456407,-8.069587,-9.734488,-11.47713,-13.25373,-15.06415,-16.82106,-18.59408,-20.48758,-22.41424,-24.37387,-26.36629,-28.25214,-30.15312,-30.97402,-31.85419,-32.64586,-33.3491,-33.964,-35.48749,-36.80037,-38.30981,-39.81634,-41.31983,-42.82018,-44.31726,-45.81097,-47.30119,-48.78781,-50.27072,-51.74979,-53.22493,-54.69601,-56.16292,-57.3
193.402,193.5274,193.6382,192.7355,191.8173,191.883,190.9345,189.9711,188.9928,188,186.9929,186.9715,185.9363,184.8873,184.8239,186.7437,187.6493,189.5372,191.4081,193.2618,193.1069,194.9263,196.7272,198.5092,200.2719,201.0244,201.7592,195.5623,190.3531,185.1439,179.9356,174.7296,174.4266,173.1321,172.8044,172.4635,172.1095,171.7423,172.3303,170.9689,170.5626,170.1433,169.7111,169.2659,168.8079,168.337,167.8533,167.3568
15.22106,13.53276,11.84342,10.10084,8.374922,6.700703,4.999797,3.315957,1.649315,0,-1.631862,-3.2636,-4.868912,-6.456407,-8.069587,-9.786824,-11.47713,-13.25373,-15.06415,-16.90821,-18.59408,-20.48758,-22.41424,-24.37387,-26.36629,-28.25214,-30.15312,-30.97402,-31.85419,-32.64586,-33.3491,-33.964,-35.48749,-36.80037,-38.30981,-39.81634,-41.31983,-42.82018,-44.56764,-45.81097,-47.30119,-48.78781,-50.27072,-51.74979,-53.22493,-54.69601,-56.16292,-57.62556
193.402,193.5274,193.6382,192.7355,191.8173,190.8836,190.9345,189.9711,188.9928,188,186.9929,186.9715,185.9363,184.8873,184.8239,186.7437,187.6493,189.5372,190.4112,192.2656,193.1069,194.9263,196.7272,197.5167,200.2719,201.0244,201.7592,195.5623,189.3668,185.1439,179.9356,174.7296,174.4266,174.1103,172.8044,172.4635,172.1095,171.7423,171.3621,170.9689,170.5626,170.1433,169.7111,169.2659,168.8079,168.337,167.8533,166.4113
15.22106,13.53276,11.84342,10.10084,8.374922,6.665804,4.999797,3.315957,1.649315,0,-1.631862,-3.2636,-4.868912,-6.456407,-8.069587,-9.786824,-11.47713,-13.25373,-14.98569,-16.82106,-18.59408,-20.48758,-22.41424,-24.252,-26.36629,-28.25214,-30.15312,-30.97402,-31.68914,-32.64586,-33.3491,-33.964,-35.48749,-37.00828,-38.30981,-39.81634,-41.31983,-42.82018,-44.31726,-45.81097,-47.30119,-48.78781,-50.27072,-51.74979,-53.22493,-54.69601,-56.16292,-57.3
193.402,193.5274,193.6382,192.7355,191.8173,190.8836,189.9349,189.9711,188.9928,188,186.9929,186.9715,185.9363,184.8873,184.8239,186.7437,187.6493,189.5372,191.4081,192.2656,193.1069,194.9263,196.7272,198.5092,200.2719,201.0244,201.7592,195.5623,190.3531,185.1439,179.9356,174.7296,174.4266,174.1103,172.8044,172.4635,172.1095,171.7423,171.3621,170.9689,170.5626,170.1433,169.7111,169.2659,168.8079,168.337,168.8016,166.4113
15.22106,13.53276,11.84342,10.10084,8.374922,6.665804,4.97362,3.315957,1.649315,0,-1.631862,-3.2636,-4.868912,-6.456407,-8.069587,-9.786824,-11.47713,-13.25373,-15.06415,-16.82106,-18.59408,-20.48758,-22.41424,-24.37387,-26.36629,-28.25214,-30.15312,-30.97402,-31.85419,-32.64586,-33.3491,-33.964,-35.48749,-37.00828,-38.30981,-39.81634,-41.31983,-42.82018,-44.31726,-45.81097,-47.30119,-48.78781,-50.27072,-51.74979,-53.22493,-54.69601,-56.48023,-57.3
194.3989,193.5274,193.6382,192.7355,191.8173,191.883,190.9345,189.9711,188.9928,188,186.9929,186.9715,185.9363,184.8873,184.8239,186.7437,187.6493,189.5372,191.4081,192.2656,193.1069,194.9263,196.7272,198.5092,200.2719,201.0244,201.7592,195.5623,190.3531,185.1439,179.9356,175.7113,175.4065,174.1103,172.8044,172.4635,172.1095,171.7423,171.3621,170.9689,170.5626,170.1433,169.7111,169.2659,168.8079,168.337,167.8533,166.4113
15.29952,13.53276,11.84342,10.10084,8.374922,6.700703,4.999797,3.315957,1.649315,0,-1.631862,-3.2636,-4.868912,-6.456407,-8.069587,-9.786824,-11.47713,-13.25373,-15.06415,-16.82106,-18.59408,-20.48758,-22.41424,-24.37387,-26.36629,-28.25214,-30.15312,-30.97402,-31.85419,-32.64586,-33.3491,-34.15481,-35.68686,-37.00828,-38.30981,-39.81634,-41.31983,-42.82018,-44.31726,-45.81097,-47.30119,-48.78781,-50.27072,-51.74979,-53.22493,-54.69601,-56.16292,-57.3
194.3989,193.5274,193.6382,192.7355,191.8173,190.8836,189.9349,189.9711,188.9928,188,186.9929,186.9715,185.9363,184.8873,184.8239,185.7451,187.6493,189.5372,190.4112,192.2656,193.1069,194.9263,196.7272,198.5092,200.2719,201.0244,201.7592,195.5623,190.3531,185.1439,179.9356,174.7296,174.4266,174.1103,172.8044,172.4635,172.1095,171.7423,171.3621,170.9689,170.5626,170.1433,169.7111,169.2659,168.8079,168.337,167.8533,167.3568
15.29952,13.53276,11.84342,10.10084,8.374922,6.665804,4.97362,3.315957,1.649315,0,-1.631862,-3.2636,-4.868912,-6.456407,-8.069587,-9.734488,-11.47713,-13.25373,-14.98569,-16.82106,-18.59408,-20.48758,-22.41424,-24.37387,-26.36629,-28.25214,-30.15312,-30.97402,-31.85419,-32.64586,-33.3491,-33.964,-35.48749,-37.00828,-38.30981,-39.81634,-41.31983,-42.82018,-44.31726,-45.81097,-47.30119,-48.78781,-50.27072,-51.74979,-53.22493,-54.69601,-56.16292,-57.62556
192.405,193.5274,193.6382,192.7355,191.8173,190.8836,190.9345,189.9711,188.9928,188,186.9929,185.9717,185.9363,184.8873,184.8239,185.7451,187.6493,189.5372,191.4081,192.2656,193.1069,194.9263,196.7272,198.5092,200.2719,201.0244,201.7592,195.5623,190.3531,185.1439,179.9356,174.7296,174.4266,174.1103,172.8044,172.4635,172.1095,171.7423,171.3621,170.9689,170.5626,170.1433,169.7111,169.2659,168.8079,168.337,168.8016,166.4113
15.14261,13.53276,11.84342,10.10084,8.374922,6.665804,4.999797,3.315957,1.649315,0,-1.631862,-3.246148,-4.868912,-6.456407,-8.069587,-9.734488,-11.47713,-13.25373,-15.06415,-16.82106,-18.59408,-20.48758,-22.41424,-24.37387,-26.36629,-28.25214,-30.15312,-30.97402,-31.85419,-32.64586,-33.3491,-33.964,-35.48749,-37.00828,-38.30981,-39.81634,-41.31983,-42.82018,-44.31726,-45.81097,-47.30119,-48.78781,-50.27072,-51.74979,-53.22493,-54.69601,-56.48023,-57.3
193.402,193.5274,193.6382,192.7355,191.8173,191.883,190.9345,189.9711,188.9928,188,186.9929,186.9715,185.9363,184.8873,184.8239,186.7437,187.6493,189.5372,191.4081,192.2656,193.1069,194.9263,196.7272,198.5092,200.2719,201.0244,201.7592,195.5623,189.3668,185.1439,179.9356,175.7113,174.4266,174.1103,172.8044,172.4635,172.1095,171.7423,171.3621,170.9689,170.5626,170.1433,169.7111,169.2659,168.8079,168.337,167.8533,166.4113
15.22106,13.53276,11.84342,10.10084,8.374922,6.700703,4.999797,3.315957,1.649315,0,-1.631862,-3.2636,-4.868912,-6.456407,-8.069587,-9.786824,-11.47713,-13.25373,-15.06415,-16.82106,-18.59408,-20.48758,-22.41424,-24.37387,-26.36629,-28.25214,-30.15312,-30.97402,-31.68914,-32.64586,-33.3491,-34.15481,-35.48749,-37.00828,-38.30981,-39.81634,-41.31983,-42.82018,-44.31726,-45.81097,-47.30119,-48.78781,-50.27072,-51.74979,-53.22493,-54.69601,-56.16292,-57.3
193.402,193.5274,193.6382,192.7355,192.8163,190.8836,189.9349,189.9711,188.9928,188,186.9929,186.9715,185.9363,184.8873,184.8239,186.7437,187.6493,189.5372,191.4081,192.2656,193.1069,194.9263,196.7272,198.5092,200.2719,201.0244,201.7592,195.5623,189.3668,185.1439,179.9356,174.7296,174.4266,173.1321,172.8044,172.4635,172.1095,171.7423,171.3621,170.9689,170.5626,170.1433,169.7111,169.2659,168.8079,168.337,167.8533,166.4113
15.22106,13.53276,11.84342,10.10084,8.418542,6.665804,4.97362,3.315957,1.649315,0,-1.631862,-3.2636,-4.868912,-6.456407,-8.069587,-9.786824,-11.47713,-13.25373,-15.06415,-16.82106,-18.59408,-20.48758,-22.41424,-24.37387,-26.36629,-28.25214,-30.15312,-30.97402,-31.68914,-32.64586,-33.3491,-33.964,-35.48749,-36.80037,-38.30981,-39.81634,-41.31983,-42.82018,-44.31726,-45.81097,-47.30119,-48.78781,-50.27072,-51.74979,-53.22493,-54.69601,-56.16292,-57.3
193.402,193.5274,193.6382,192.7355,191.8173,190.8836,190.9345,189.9711,188.9928,188,186.9929,186.9715,185.9363,184.8873,184.8239,186.7437,187.6493,189.5372,191.4081,192.2656,193.1069,194.9263,195.7337,198.5092,200.2719,201.0244,201.7592,195.5623,190.3531,185.1439,179.9356,174.7296,174.4266,173.1321,172.8044,172.4635,172.1095,171.7423,171.3621,170.9689,171.5262,170.1433,169.7111,169.2659,168.8079,168.337,167.8533,166.4113
15.22106,13.53276,11.84342,10.10084,8.374922,6.665804,4.999797,3.315957,1.649315,0,-1.631862,-3.2636,-4.868912,-6.456407,-8.069587,-9.786824,-11.47713,-13.25373,-15.06415,-16.82106,-18.59408,-20.48758,-22.30103,-24.37387,-26.36629,-28.25214,-30.15312,-30.97402,-31.85419,-32.64586,-33.3491,-33.964,-35.48749,-36.80037,-38.30981,-39.81634,-41.31983,-42.82018,-44.31726,-45.81097,-47.56843,-48.78781,-50.27072,-51.74979,-53.22493,-54.69601,-56.16292,-57.3
193.402,193.5274,193.6382,192.7355,191.8173,191.883,189.9349,189.9711,188.9928,188,186.9929,186.9715,185.9363,184.8873,185.823,186.7437,187.6493,189.5372,191.4081,192.2656,193.1069,194.9263,196.7272,197.5167,200.2719,201.0244,201.7592,195.5623,190.3531,185.1439,179.9356,174.7296,174.4266,174.1103,172.8044,172.4635,172.1095,171.7423,171.3621,170.9689,170.5626,170.1433,169.7111,169.2659,168.8079,168.337,167.8533,166.4113
15.22106,13.53276,11.84342,10.10084,8.374922,6.700703,4.97362,3.315957,1.649315,0,-1.631862,-3.2636,-4.868912,-6.456407,-8.113206,-9.786824,-11.47713,-13.25373,-15.06415,-16.82106,-18.59408,-20.48758,-22.41424,-24.252,-26.36629,-28.25214,-30.15312,-30.97402,-31.85419,-32.64586,-33.3491,-33.964,-35.48749,-37.00828,-38.30981,-39.81634,-41.31983,-42.82018,-44.31726,-45.81097,-47.30119,-48.78781,-50.27072,-51.74979,-53.22493,-54.69601,-56.16292,-57.3
192.405,193.5274,193.6382,192.7355,191.8173,190.8836,190.9345,189.9711,188.9928,188,187.9928,186.9715,185.9363,184.8873,184.8239,186.7437,187.6493,189.5372,191.4081,192.2656,193.1069,194.9263,196.7272,197.5167,200.2719,201.0244,201.7592,195.5623,190.3531,185.1439,179.9356,175.7113,174.4266,174.1103,173.7807,172.4635,172.1095,171.7423,171.3621,170.9689,170.5626,170.1433,169.7111,169.2659,168.8079,168.337,167.8533,166.4113
15.14261,13.53276,11.84342,10.10084,8.374922,6.665804,4.999797,3.315957,1.649315,0,-1.640589,-3.2636,-4.868912,-6.456407,-8.069587,-9.786824,-11.47713,-13.25373,-15.06415,-16.82106,-18.59408,-20.48758,-22.41424,-24.252,-26.36629,-28.25214,-30.15312,-30.97402,-31.85419,-32.64586,-33.3491,-34.15481,-35.48749,-37.00828,-38.52625,-39.81634,-41.31983,-42.82018,-44.31726,-45.81097,-47.30119,-48.78781,-50.27072,-51.74979,-53.22493,-54.69601,-56.16292,-57.3
193.402,193.5274,193.6382,192.7355,191.8173,190.8836,190.9345,189.9711,188.9928,188,186.9929,186.9715,185.9363,184.8873,184.8239,186.7437,187.6493,189.5372,191.4081,192.2656,193.1069,194.9263,196.7272,198.5092,200.2719,201.0244,201.7592,195.5623,189.3668,185.1439,178.9524,174.7296,174.4266,174.1103,172.8044,173.4379,172.1095,171.7423,171.3621,170.9689,170.5626,170.1433,169.7111,169.2659,168.8079,168.337,167.8533,167.3568
15.22106,13.53276,11.84342,10.10084,8.374922,6.665804,4.999797,3.315957,1.649315,0,-1.631862,-3.2636,-4.868912,-6.456407,-8.069587,-9.786824,-11.47713,-13.25373,-15.06415,-16.82106,-18.59408,-20.48758,-22.41424,-24.37387,-26.36629,-28.25214,-30.15312,-30.97402,-31.68914,-32.64586,-33.16687,-33.964,-35.48749,-37.00828,-38.30981,-40.04129,-41.31983,-42.82018,-44.31726,-45.81097,-47.30119,-48.78781,-50.27072,-51.74979,-53.22493,-54.69601,-56.16292,-57.62556
193.402,193.5274,193.6382,192.7355,192.8163,191.883,190.9345,189.9711,188.9928,188,186.9929,186.9715,185.9363,184.8873,184.8239,186.7437,188.6475,189.5372,191.4081,192.2656,193.1069,194.9263,196.7272,198.5092,200.2719,201.0244,201.7592,195.5623,190.3531,185.1439,179.9356,175.7113,174.4266,173.1321,172.8044,172.4635,172.1095,171.7423,171.3621,170.9689,170.5626,170.1433,169.7111,169.2659,168.8079,168.337,167.8533,166.4113
15.22106,13.53276,11.84342,10.10084,8.418542,6.700703,4.999797,3.315957,1.649315,0,-1.631862,-3.2636,-4.868912,-6.456407,-8.069587,-9.786824,-11.53817,-13.25373,-15.06415,-16.82106,-18.59408,-20.48758,-22.41424,-24.37387,-26.36629,-28.25214,-30.15312,-30.97402,-31.85419,-32.64586,-33.3491,-34.15481,-35.48749,-36.80037,-38.30981,-39.81634,-41.31983,-42.82018,-44.31726,-45.81097,-47.30119,-48.78781,-50.27072,-51.74979,-53.22493,-54.69601,-56.16292,-57.3
193.402,193.5274,193.6382,192.7355,192.8163,190.8836,190.9345,189.9711,188.9928,188,186.9929,186.9715,185.9363,185.8867,184.8239,186.7437,187.6493,189.5372,190.4112,193.2618,193.1069,194.9263,196.7272,198.5092,200.2719,201.0244,201.7592,195.5623,190.3531,185.1439,179.9356,174.7296,174.4266,174.1103,173.7807,172.4635,172.1095,171.7423,171.3621,170.9689,170.5626,170.1433,169.7111,169.2659,168.8079,168.337,167.8533,166.4113
15.22106,13.53276,11.84342,10.10084,8.418542,6.665804,4.999797,3.315957,1.649315,0,-1.631862,-3.2636,-4.868912,-6.491306,-8.069587,-9.786824,-11.47713,-13.25373,-14.98569,-16.90821,-18.59408,-20.48758,-22.41424,-24.37387,-26.36629,-28.25214,-30.15312,-30.97402,-31.85419,-32.64586,-33.3491,-33.964,-35.48749,-37.00828,-38.52625,-39.81634,-41.31983,-42.82018,-44.31726,-45.81097,-47.30119,-48.78781,-50.27072,-51.74979,-53.22493,-54.69601,-56.16292,-57.3
193.402,193.5274,193.6382,192.7355,191.8173,191.883,190.9345,189.9711,188.9928,188,186.9929,185.9717,185.9363,184.8873,184.8239,186.7437,187.6493,189.5372,191.4081,192.2656,193.1069,194.9263,196.7272,198.5092,200.2719,201.0244,201.7592,195.5623,189.3668,185.1439,179.9356,174.7296,174.4266,174.1103,172.8044,173.4379,172.1095,171.7423,171.3621,170.9689,170.5626,170.1433,169.7111,169.2659,168.8079,168.337,167.8533,167.3568
15.22106,13.53276,11.84342,10.10084,8.374922,6.700703,4.999797,3.315957,1.649315,0,-1.631862,-3.246148,-4.868912,-6.456407,-8.069587,-9.786824,-11.47713,-13.25373,-15.06415,-16.82106,-18.59408,-20.48758,-22.41424,-24.37387,-26.36629,-28.25214,-30.15312,-30.97402,-31.68914,-32.64586,-33.3491,-33.964,-35.48749,-37.00828,-38.30981,-40.04129,-41.31983,-42.82018,-44.31726,-45.81097,-47.30119,-48.78781,-50.27072,-51.74979,-53.22493,-54.69601,-56.16292,-57.62556
192.405,193.5274,193.6382,192.7355,191.8173,191.883,190.9345,189.9711,188.9928,188,186.9929,186.9715,185.9363,184.8873,184.8239,185.7451,187.6493,189.5372,191.4081,192.2656,193.1069,194.9263,196.7272,198.5092,200.2719,201.0244,201.7592,195.5623,189.3668,185.1439,179.9356,174.7296,174.4266,173.1321,172.8044,172.4635,172.1095,171.7423,171.3621,170.9689,170.5626,170.1433,169.7111,169.2659,168.8079,168.337,167.8533,166.4113
15.14261,13.53276,11.84342,10.10084,8.374922,6.700703,4.999797,3.315957,1.649315,0,-1.631862,-3.2636,-4.868912,-6.456407,-8.069587,-9.734488,-11.47713,-13.25373,-15.06415,-16.82106,-18.59408,-20.48758,-22.41424,-24.37387,-26.36629,-28.25214,-30.15312,-30.97402,-31.68914,-32.64586,-33.3491,-33.964,-35.48749,-36.80037,-38.30981,-39.81634,-41.31983,-42.82018,-44.31726,-45.81097,-47.30119,-48.78781,-50.27072,-51.74979,-53.22493,-54.69601,-56.16292,-57.3
193.402,193.5274,193.6382,192.7355,191.8173,191.883,189.9349,189.9711,188.9928,188,186.9929,185.9717,185.9363,184.8873,184.8239,186.7437,187.6493,189.5372,191.4081,192.2656,193.1069,194.9263,196.7272,198.5092,200.2719,201.0244,201.7592,196.55,189.3668,185.1439,179.9356,174.7296,174.4266,173.1321,172.8044,172.4635,172.1095,171.7423,171.3621,170.9689,170.5626,170.1433,169.7111,169.2659,168.8079,168.337,168.8016,166.4113
15.22106,13.53276,11.84342,10.10084,8.374922,6.700703,4.97362,3.315957,1.649315,0,-1.631862,-3.246148,-4.868912,-6.456407,-8.069587,-9.786824,-11.47713,-13.25373,-15.06415,-16.82106,-18.59408,-20.48758,-22.41424,-24.37387,-26.36629,-28.25214,-30.15312,-31.13046,-31.68914,-32.64586,-33.3491,-33.964,-35.48749,-36.80037,-38.30981,-39.81634,-41.31983,-42.82018,-44.31726,-45.81097,-47.30119,-48.78781,-50.27072,-51.74979,-53.22493,-54.69601,-56.48023,-57.3
193.402,193.5274,193.6382,192.7355,191.8173,191.883,189.9349,189.9711,188.9928,188,186.9929,186.9715,185.9363,184.8873,184.8239,186.7437,187.6493,189.5372,191.4081,192.2656,193.1069,194.9263,196.7272,198.5092,200.2719,201.0244,201.7592,196.55,189.3668,185.1439,179.9356,175.7113,174.4266,174.1103,172.8044,172.4635,172.1095,171.7423,171.3621,170.9689,170.5626,170.1433,169.7111,169.2659,168.8079,168.337,167.8533,166.4113
15.22106,13.53276,11.84342,10.10084,8.374922,6.700703,4.97362,3.315957,1.649315,0,-1.631862,-3.2636,-4.868912,-6.456407,-8.069587,-9.786824,-11.47713,-13.25373,-15.06415,-16.82106,-18.59408,-20.48758,-22.41424,-24.37387,-26.36629,-28.25214,-30.15312,-31.13046,-31.68914,-32.64586,-33.3491,-34.15481,-35.48749,-37.00828,-38.30981,-39.81634,-41.31983,-42.82018,-44.31726,-45.81097,-47.30119,-48.78781,-50.27072,-51.74979,-53.22493,-54.69601,-56.16292,-57.3
193.402,193.5274,193.6382,192.7355,191.8173,190.8836,190.9345,189.9711,188.9928,188,186.9929,186.9715,185.9363,184.8873,184.8239,185.7451,187.6493,189.5372,190.4112,192.2656,193.1069,194.9263,196.7272,198.5092,200.2719,201.0244,201.7592,195.5623,190.3531,185.1439,179.9356,174.7296,174.4266,174.1103,172.8044,172.4635,172.1095,171.7423,171.3621,170.9689,170.5626,170.1433,169.7111,169.2659,168.8079,168.337,167.8533,166.4113
15.22106,13.53276,11.84342,10.10084,8.374922,6.665804,4.999797,3.315957,1.649315,0,-1.631862,-3.2636,-4.868912,-6.456407,-8.069587,-9.734488,-11.47713,-13.25373,-14.98569,-16.82106,-18.59408,-20.48758,-22.41424,-24.37387,-26.36629,-28.25214,-30.15312,-30.97402,-31.85419,-32.64586,-33.3491,-33.964,-35.48749,-37.00828,-38.30981,-39.81634,-41.31983,-42.82018,-44.31726,-45.81097,-47.30119,-48.78781,-50.27072,-51.74979,-53.22493,-54.69601,-56.16292,-57.3
193.402,193.5274,193.6382,192.7355,192.8163,191.883,189.9349,189.9711,188.9928,188,186.9929,186.9715,185.9363,184.8873,184.8239,186.7437,187.6493,189.5372,191.4081,192.2656,193.1069,194.9263,196.7272,198.5092,200.2719,201.0244,201.7592,195.5623,189.3668,185.1439,179.9356,175.7113,174.4266,174.1103,172.8044,172.4635,172.1095,171.7423,171.3621,170.9689,170.5626,170.1433,169.7111,170.2222,168.8079,168.337,167.8533,166.4113
15.22106,13.53276,11.84342,10.10084,8.418542,6.700703,4.97362,3.315957,1.649315,0,-1.631862,-3.2636,-4.868912,-6.456407,-8.069587,-9.786824,-11.47713,-13.25373,-15.06415,-16.82106,-18.59408,-20.48758,-22.41424,-24.37387,-26.36629,-28.25214,-30.15312,-30.97402,-31.68914,-32.64586,-33.3491,-34.15481,-35.48749,-37.00828,-38.30981,-39.81634,-41.31983,-42.82018,-44.31726,-45.81097,-47.30119,-48.78781,-50.27072,-52.04216,-53.22493,-54.69601,-56.16292,-57.3
193.402,193.5274,193.6382,192.7355,191.8173,190.8836,190.9345,189.9711,188.9928,188,186.9929,186.9715,185.9363,184.8873,184.8239,186.7437,187.6493,189.5372,191.4081,192.2656,193.1069,194.9263,196.7272,198.5092,200.2719,201.0244,201.7592,195.5623,189.3668,185.1439,179.9356,174.7296,174.4266,174.1103,172.8044,172.4635,172.1095,171.7423,171.3621,170.9689,170.5626,170.1433,169.7111,169.2659,168.8079,168.337,167.8533,166.4113
15.22106,13.53276,11.84342,10.10084,8.374922,6.665804,4.999797,3.315957,1.649315,0,-1.631862,-3.2636,-4.868912,-6.456407,-8.069587,-9.786824,-11.47713,-13.25373,-15.06415,-16.82106,-18.59408,-20.48758,-22.41424,-24.37387,-26.36629,-28.25214,-30.15312,-30.97402,-31.68914,-32.64586,-33.3491,-33.964,-35.48749,-37.00828,-38.30981,-39.81634,-41.31983,-42.82018,-44.31726,-45.81097,-47.30119,-48.78781,-50.27072,-51.74979,-53.22493,-54.69601,-56.16292,-57.3
193.402,193.5274,193.6382,192.7355,191.8173,190.8836,190.9345,188.9712,188.9928,188,186.9929,186.9715,185.9363,184.8873,184.8239,186.7437,187.6493,189.5372,191.4081,192.2656,193.1069,194.9263,196.7272,198.5092,200.2719,201.0244,201.7592,195.5623,190.3531,185.1439,179.9356,175.7113,174.4266,173.1321,172.8044,172.4635,172.1095,171.7423,171.3621,170.9689,170.5626,170.1433,169.7111,169.2659,168.8079,168.337,167.8533,166.4113
15.22106,13.53276,11.84342,10.10084,8.374922,6.665804,4.999797,3.298505,1.649315,0,-1.631862,-3.2636,-4.868912,-6.456407,-8.069587,-9.786824,-11.47713,-13.25373,-15.06415,-16.82106,-18.59408,-20.48758,-22.41424,-24.37387,-26.36629,-28.25214,-30.15312,-30.97402,-31.85419,-32.64586,-33.3491,-34.15481,-35.48749,-36.80037,-38.30981,-39.81634,-41.31983,-42.82018,-44.31726,-45.81097,-47.30119,-48.78781,-50.27072,-51.74979,-53.22493,-54.69601,-56.16292,-57.3
193.402,193.5274,193.6382,192.7355,191.8173,191.883,190.9345,189.9711,188.9928,188,187.9928,186.9715,185.9363,184.8873,184.8239,186.7437,187.6493,189.5372,191.4081,192.2656,193.1069,194.9263,196.7272,198.5092,200.2719,201.0244,201.7592,195.5623,190.3531,185.1439,178.9524,174.7296,174.4266,174.1103,172.8044,173.4379,172.1095,171.7423,171.3621,170.9689,170.5626,170.1433,169.7111,169.2659,168.8079,168.337,167.8533,166.4113
15.22106,13.53276,11.84342,10.10084,8.374922,6.700703,4.999797,3.315957,1.649315,0,-1.640589,-3.2636,-4.868912,-6.456407,-8.069587,-9.786824,-11.47713,-13.25373,-15.06415,-16.82106,-18.59408,-20.48758,-22.41424,-24.37387,-26.36629,-28.25214,-30.15312,-30.97402,-31.85419,-32.64586,-33.16687,-33.964,-35.48749,-37.00828,-38.30981,-40.04129,-41.31983,-42.82018,-44.31726,-45.81097,-47.30119,-48.78781,-50.27072,-51.74979,-53.22493,-54.69601,-56.16292,-57.3
193.402,193.5274,193.6382,192.7355,191.8173,191.883,190.9345,189.9711,188.9928,188,186.9929,186.9715,185.9363,185.8867,184.8239,185.7451,188.6475,189.5372,191.4081,192.2656,193.1069,194.9263,195.7337,198.5092,200.2719,201.0244,201.7592,195.5623,189.3668,185.1439,179.9356,174.7296,174.4266,174.1103,172.8044,172.4635,172.1095,171.7423,171.3621,170.9689,170.5626,170.1433,169.7111,169.2659,168.8079,168.337,167.8533,166.4113
15.22106,13.53276,11.84342,10.10084,8.374922,6.700703,4.999797,3.315957,1.649315,0,-1.631862,-3.2636,-4.868912,-6.491306,-8.069587,-9.734488,-11.53817,-13.25373,-15.06415,-16.82106,-18.59408,-20.48758,-22.30103,-24.37387,-26.36629,-28.25214,-30.15312,-30.97402,-31.68914,-32.64586,-33.3491,-33.964,-35.48749,-37.00828,-38.30981,-39.81634,-41.31983,-42.82018,-44.31726,-45.81097,-47.30119,-48.78781,-50.27072,-51.74979,-53.22493,-54.69601,-56.16292,-57.3
193.402,193.5274,193.6382,192.7355,191.8173,190.8836,190.9345,189.9711,188.9928,188,186.9929,186.9715,185.9363,184.8873,184.8239,185.7451,187.6493,189.5372,191.4081,192.2656,193.1069,194.9263,196.7272,198.5092,199.2804,201.0244,201.7592,195.5623,189.3668,185.1439,180.9189,175.7113,174.4266,173.1321,172.8044,172.4635,172.1095,171.7423,171.3621,170.9689,170.5626,170.1433,169.7111,169.2659,168.8079,168.337,167.8533,166.4113
15.22106,13.53276,11.84342,10.10084,8.374922,6.665804,4.999797,3.315957,1.649315,0,-1.631862,-3.2636,-4.868912,-6.456407,-8.069587,-9.734488,-11.47713,-13.25373,-15.06415,-16.82106,-18.59408,-20.48758,-22.41424,-24.37387,-26.23576,-28.25214,-30.15312,-30.97402,-31.68914,-32.64586,-33.53134,-34.15481,-35.48749,-36.80037,-38.30981,-39.81634,-41.31983,-42.82018,-44.31726,-45.81097,-47.30119,-48.78781,-50.27072,-51.74979,-53.22493,-54.69601,-56.16292,-57.3
