193.402,193.5274,192.64,191.7369,190.8182,189.8843,188.9352,188.9712,187.9928,187,186.9929,185.9717,184.9366,184.8873,184.8239,186.7437,187.6493,189.5372,190.4112,192.2656,193.1069,194.9263,196.7272,198.5092,200.2719,201.0244,201.7592,196.55,191.3394,186.1287,180.9189,175.7113,174.4266,172.154,171.8281,171.4891,171.1371,170.772,170.394,170.0029,169.599,169.1821,168.7523,168.3096,167.8542,167.3859,166.905,166.4113
15.22106,13.53276,11.78237,10.0485,8.331303,6.630904,4.947443,3.298505,1.640589,0,-1.631862,-3.246148,-4.842735,-6.456407,-8.069587,-9.786824,-11.47713,-13.25373,-14.98569,-16.82106,-18.59408,-20.48758,-22.41424,-24.37387,-26.36629,-28.25214,-30.15312,-31.13046,-32.01924,-32.81951,-33.53134,-34.15481,-35.48749,-36.59246,-38.09337,-39.59139,-41.08638,-42.57825,-44.06688,-45.55215,-47.03395,-48.51217,-49.9867,-51.45742,-52.92422,-54.38699,-55.84562,-57.3
193.402,193.5274,192.64,191.7369,190.8182,190.8836,188.9352,188.9712,187.9928,187,185.9929,184.9718,184.9366,184.8873,184.8239,186.7437,187.6493,189.5372,191.4081,192.2656,193.1069,194.9263,196.7272,198.5092,200.2719,201.0244,201.7592,196.55,190.3531,186.1287,180.9189,176.6929,174.4266,172.154,171.8281,171.4891,171.1371,170.772,170.394,170.0029,169.599,169.1821,168.7523,168.3096,167.8542,167.3859,166.905,166.4113
15.22106,13.53276,11.78237,10.0485,8.331303,6.665804,4.947443,3.298505,1.640589,0,-1.623136,-3.228695,-4.842735,-6.456407,-8.069587,-9.786824,-11.47713,-13.25373,-15.06415,-16.82106,-18.59408,-20.48758,-22.41424,-24.37387,-26.36629,-28.25214,-30.15312,-31.13046,-31.85419,-32.81951,-33.53134,-34.34562,-35.48749,-36.59246,-38.09337,-39.59139,-41.08638,-42.57825,-44.06688,-45.55215,-47.03395,-48.51217,-49.9867,-51.45742,-52.92422,-54.38699,-55.84562,-57.3
193.402,193.5274,192.64,191.7369,190.8182,189.8843,189.9349,188.9712,187.9928,187,185.9929,184.9718,184.9366,184.8873,184.8239,186.7437,187.6493,189.5372,190.4112,192.2656,193.1069,194.9263,195.7337,197.5167,200.2719,201.0244,201.7592,196.55,190.3531,186.1287,180.9189,175.7113,174.4266,173.1321,171.8281,171.4891,171.1371,170.772,170.394,170.0029,169.599,169.1821,168.7523,168.3096,167.8542,167.3859,166.905,166.4113
15.22106,13.53276,11.78237,10.0485,8.331303,6.630904,4.97362,3.298505,1.640589,0,-1.623136,-3.228695,-4.842735,-6.456407,-8.069587,-9.786824,-11.47713,-13.25373,-14.98569,-16.82106,-18.59408,-20.48758,-22.30103,-24.252,-26.36629,-28.25214,-30.15312,-31.13046,-31.85419,-32.81951,-33.53134,-34.15481,-35.48749,-36.80037,-38.09337,-39.59139,-41.08638,-42.57825,-44.06688,-45.55215,-47.03395,-48.51217,-49.9867,-51.45742,-52.92422,-54.38699,-55.84562,-57.3
192.405,193.5274,192.64,191.7369,190.8182,189.8843,188.9352,188.9712,187.9928,187,185.9929,185.9717,184.9366,184.8873,184.8239,185.7451,187.6493,189.5372,191.4081,192.2656,193.1069,194.9263,196.7272,198.5092,200.2719,201.0244,201.7592,196.55,191.3394,186.1287,180.9189,176.6929,174.4266,173.1321,171.8281,171.4891,171.1371,170.772,170.394,170.0029,169.599,169.1821,168.7523,168.3096,167.8542,167.3859,166.905,166.4113
15.14261,13.53276,11.78237,10.0485,8.331303,6.630904,4.947443,3.298505,1.640589,0,-1.623136,-3.246148,-4.842735,-6.456407,-8.069587,-9.734488,-11.47713,-13.25373,-15.06415,-16.82106,-18.59408,-20.48758,-22.41424,-24.37387,-26.36629,-28.25214,-30.15312,-31.13046,-32.01924,-32.81951,-33.53134,-34.34562,-35.48749,-36.80037,-38.09337,-39.59139,-41.08638,-42.57825,-44.06688,-45.55215,-47.03395,-48.51217,-49.9867,-51.45742,-52.92422,-54.38699,-55.84562,-57.3
193.402,193.5274,192.64,191.7369,190.8182,189.8843,189.9349,188.9712,187.9928,187,185.9929,185.9717,184.9366,184.8873,184.8239,186.7437,187.6493,189.5372,191.4081,192.2656,193.1069,194.9263,195.7337,198.5092,200.2719,201.0244,200.7702,196.55,191.3394,186.1287,180.9189,176.6929,174.4266,173.1321,171.8281,171.4891,171.1371,170.772,170.394,170.0029,169.599,169.1821,168.7523,168.3096,167.8542,167.3859,166.905,166.4113
15.22106,13.53276,11.78237,10.0485,8.331303,6.630904,4.97362,3.298505,1.640589,0,-1.623136,-3.246148,-4.842735,-6.456407,-8.069587,-9.786824,-11.47713,-13.25373,-15.06415,-16.82106,-18.59408,-20.48758,-22.30103,-24.37387,-26.36629,-28.25214,-30.00531,-31.13046,-32.01924,-32.81951,-33.53134,-34.34562,-35.48749,-36.80037,-38.09337,-39.59139,-41.08638,-42.57825,-44.06688,-45.55215,-47.03395,-48.51217,-49.9867,-51.45742,-52.92422,-54.38699,-55.84562,-57.3
193.402,193.5274,192.64,191.7369,190.8182,189.8843,188.9352,188.9712,187.9928,187,185.9929,185.9717,184.9366,184.8873,184.8239,186.7437,187.6493,189.5372,191.4081,192.2656,193.1069,194.9263,196.7272,198.5092,200.2719,201.0244,201.7592,196.55,190.3531,186.1287,180.9189,175.7113,174.4266,172.154,172.8044,171.4891,171.1371,170.772,170.394,170.0029,169.599,169.1821,168.7523,168.3096,167.8542,167.3859,166.905,166.4113
15.22106,13.53276,11.78237,10.0485,8.331303,6.630904,4.947443,3.298505,1.640589,0,-1.623136,-3.246148,-4.842735,-6.456407,-8.069587,-9.786824,-11.47713,-13.25373,-15.06415,-16.82106,-18.59408,-20.48758,-22.41424,-24.37387,-26.36629,-28.25214,-30.15312,-31.13046,-31.85419,-32.81951,-33.53134,-34.15481,-35.48749,-36.59246,-38.30981,-39.59139,-41.08638,-42.57825,-44.06688,-45.55215,-47.03395,-48.51217,-49.9867,-51.45742,-52.92422,-54.38699,-55.84562,-57.3
193.402,193.5274,192.64,191.7369,190.8182,189.8843,188.9352,188.9712,187.9928,187,185.9929,185.9717,184.9366,184.8873,184.8239,185.7451,187.6493,189.5372,190.4112,192.2656,193.1069,194.9263,196.7272,198.5092,199.2804,201.0244,201.7592,196.55,191.3394,186.1287,180.9189,175.7113,174.4266,172.154,171.8281,171.4891,171.1371,170.772,170.394,170.0029,169.599,169.1821,168.7523,168.3096,167.8542,167.3859,166.905,166.4113
15.22106,13.53276,11.78237,10.0485,8.331303,6.630904,4.947443,3.298505,1.640589,0,-1.623136,-3.246148,-4.842735,-6.456407,-8.069587,-9.734488,-11.47713,-13.25373,-14.98569,-16.82106,-18.59408,-20.48758,-22.41424,-24.37387,-26.23576,-28.25214,-30.15312,-31.13046,-32.01924,-32.81951,-33.53134,-34.15481,-35.48749,-36.59246,-38.09337,-39.59139,-41.08638,-42.57825,-44.06688,-45.55215,-47.03395,-48.51217,-49.9867,-51.45742,-52.92422,-54.38699,-55.84562,-57.3
193.402,193.5274,192.64,191.7369,190.8182,189.8843,189.9349,187.9714,187.9928,187,185.9929,185.9717,184.9366,184.8873,184.8239,186.7437,187.6493,189.5372,190.4112,192.2656,193.1069,194.9263,196.7272,198.5092,200.2719,201.0244,201.7592,196.55,191.3394,186.1287,180.9189,175.7113,174.4266,173.1321,171.8281,171.4891,171.1371,170.772,170.394,170.0029,169.599,169.1821,168.7523,168.3096,167.8542,167.3859,166.905,166.4113
15.22106,13.53276,11.78237,10.0485,8.331303,6.630904,4.97362,3.281052,1.640589,0,-1.623136,-3.246148,-4.842735,-6.456407,-8.069587,-9.786824,-11.47713,-13.25373,-14.98569,-16.82106,-18.59408,-20.48758,-22.41424,-24.37387,-26.36629,-28.25214,-30.15312,-31.13046,-32.01924,-32.81951,-33.53134,-34.15481,-35.48749,-36.80037,-38.09337,-39.59139,-41.08638,-42.57825,-44.06688,-45.55215,-47.03395,-48.51217,-49.9867,-51.45742,-52.92422,-54.38699,-55.84562,-57.3
192.405,193.5274,192.64,191.7369,191.8173,189.8843,188.9352,187.9714,187.9928,187,185.9929,185.9717,184.9366,184.8873,184.8239,186.7437,187.6493,189.5372,191.4081,192.2656,193.1069,194.9263,196.7272,197.5167,200.2719,201.0244,201.7592,196.55,190.3531,186.1287,180.9189,175.7113,174.4266,172.154,171.8281,171.4891,171.1371,170.772,170.394,170.0029,169.599,169.1821,168.7523,168.3096,167.8542,167.3859,166.905,166.4113
15.14261,13.53276,11.78237,10.0485,8.374922,6.630904,4.947443,3.281052,1.640589,0,-1.623136,-3.246148,-4.842735,-6.456407,-8.069587,-9.786824,-11.47713,-13.25373,-15.06415,-16.82106,-18.59408,-20.48758,-22.41424,-24.252,-26.36629,-28.25214,-30.15312,-31.13046,-31.85419,-32.81951,-33.53134,-34.15481,-35.48749,-36.59246,-38.09337,-39.59139,-41.08638,-42.57825,-44.06688,-45.55215,-47.03395,-48.51217,-49.9867,-51.45742,-52.92422,-54.38699,-55.84562,-57.3
194.3989,193.5274,192.64,191.7369,190.8182,189.8843,189.9349,188.9712,187.9928,187,185.9929,185.9717,184.9366,184.8873,184.8239,185.7451,187.6493,189.5372,191.4081,192.2656,193.1069,194.9263,196.7272,198.5092,199.2804,201.0244,201.7592,196.55,190.3531,186.1287,180.9189,176.6929,175.4065,172.154,171.8281,171.4891,171.1371,170.772,170.394,170.0029,169.599,169.1821,168.7523,168.3096,167.8542,167.3859,166.905,167.3568
15.29952,13.53276,11.78237,10.0485,8.331303,6.630904,4.97362,3.298505,1.640589,0,-1.623136,-3.246148,-4.842735,-6.456407,-8.069587,-9.734488,-11.47713,-13.25373,-15.06415,-16.82106,-18.59408,-20.48758,-22.41424,-24.37387,-26.23576,-28.25214,-30.15312,-31.13046,-31.85419,-32.81951,-33.53134,-34.34562,-35.68686,-36.59246,-38.09337,-39.59139,-41.08638,-42.57825,-44.06688,-45.55215,-47.03395,-48.51217,-49.9867,-51.45742,-52.92422,-54.38699,-55.84562,-57.62556
194.3989,193.5274,192.64,191.7369,190.8182,189.8843,188.9352,188.9712,187.9928,187,185.9929,185.9717,183.9369,184.8873,184.8239,185.7451,187.6493,189.5372,191.4081,192.2656,193.1069,194.9263,195.7337,198.5092,200.2719,201.0244,201.7592,196.55,190.3531,186.1287,180.9189,175.7113,174.4266,173.1321,171.8281,171.4891,171.1371,170.772,170.394,170.0029,169.599,169.1821,168.7523,168.3096,167.8542,167.3859,166.905,166.4113
15.29952,13.53276,11.78237,10.0485,8.331303,6.630904,4.947443,3.298505,1.640589,0,-1.623136,-3.246148,-4.816558,-6.456407,-8.069587,-9.734488,-11.47713,-13.25373,-15.06415,-16.82106,-18.59408,-20.48758,-22.30103,-24.37387,-26.36629,-28.25214,-30.15312,-31.13046,-31.85419,-32.81951,-33.53134,-34.15481,-35.48749,-36.80037,-38.09337,-39.59139,-41.08638,-42.57825,-44.06688,-45.55215,-47.03395,-48.51217,-49.9867,-51.45742,-52.92422,-54.38699,-55.84562,-57.3
192.405,193.5274,192.64,191.7369,190.8182,189.8843,188.9352,188.9712,187.9928,188,185.9929,185.9717,184.9366,184.8873,184.8239,185.7451,187.6493,189.5372,191.4081,192.2656,193.1069,194.9263,195.7337,197.5167,200.2719,201.0244,201.7592,196.55,190.3531,186.1287,180.9189,175.7113,174.4266,173.1321,171.8281,171.4891,171.1371,170.772,170.394,170.0029,169.599,169.1821,168.7523,168.3096,167.8542,167.3859,166.905,166.4113
15.14261,13.53276,11.78237,10.0485,8.331303,6.630904,4.947443,3.298505,1.640589,0,-1.623136,-3.246148,-4.842735,-6.456407,-8.069587,-9.734488,-11.47713,-13.25373,-15.06415,-16.82106,-18.59408,-20.48758,-22.30103,-24.252,-26.36629,-28.25214,-30.15312,-31.13046,-31.85419,-32.81951,-33.53134,-34.15481,-35.48749,-36.80037,-38.09337,-39.59139,-41.08638,-42.57825,-44.06688,-45.55215,-47.03395,-48.51217,-49.9867,-51.45742,-52.92422,-54.38699,-55.84562,-57.3
192.405,193.5274,192.64,191.7369,190.8182,189.8843,188.9352,188.9712,187.9928,187,185.9929,185.9717,184.9366,184.8873,184.8239,186.7437,187.6493,189.5372,191.4081,192.2656,193.1069,194.9263,196.7272,198.5092,199.2804,201.0244,201.7592,196.55,190.3531,186.1287,180.9189,175.7113,175.4065,173.1321,171.8281,171.4891,171.1371,170.772,170.394,170.0029,169.599,169.1821,168.7523,168.3096,167.8542,167.3859,166.905,166.4113
15.14261,13.53276,11.78237,10.0485,8.331303,6.630904,4.947443,3.298505,1.640589,0,-1.623136,-3.246148,-4.842735,-6.456407,-8.069587,-9.786824,-11.47713,-13.25373,-15.06415,-16.82106,-18.59408,-20.48758,-22.41424,-24.37387,-26.23576,-28.25214,-30.15312,-31.13046,-31.85419,-32.81951,-33.53134,-34.15481,-35.68686,-36.80037,-38.09337,-39.59139,-41.08638,-42.57825,-44.06688,-45.55215,-47.03395,-48.51217,-49.9867,-51.45742,-52.92422,-54.38699,-55.84562,-57.3
193.402,193.5274,192.64,191.7369,190.8182,189.8843,189.9349,188.9712,187.9928,187,185.9929,185.9717,184.9366,184.8873,184.8239,186.7437,187.6493,189.5372,191.4081,192.2656,193.1069,194.9263,195.7337,198.5092,200.2719,201.0244,201.7592,196.55,190.3531,186.1287,180.9189,175.7113,174.4266,172.154,171.8281,171.4891,171.1371,170.772,170.394,170.0029,169.599,169.1821,168.7523,168.3096,167.8542,167.3859,166.905,166.4113
15.22106,13.53276,11.78237,10.0485,8.331303,6.630904,4.97362,3.298505,1.640589,0,-1.623136,-3.246148,-4.842735,-6.456407,-8.069587,-9.786824,-11.47713,-13.25373,-15.06415,-16.82106,-18.59408,-20.48758,-22.30103,-24.37387,-26.36629,-28.25214,-30.15312,-31.13046,-31.85419,-32.81951,-33.53134,-34.15481,-35.48749,-36.59246,-38.09337,-39.59139,-41.08638,-42.57825,-44.06688,-45.55215,-47.03395,-48.51217,-49.9867,-51.45742,-52.92422,-54.38699,-55.84562,-57.3
193.402,193.5274,192.64,191.7369,190.8182,190.8836,188.9352,188.9712,187.9928,187,185.9929,184.9718,184.9366,184.8873,184.8239,186.7437,187.6493,189.5372,191.4081,192.2656,193.1069,194.9263,196.7272,198.5092,200.2719,201.0244,201.7592,196.55,190.3531,186.1287,180.9189,176.6929,174.4266,172.154,171.8281,171.4891,171.1371,170.772,170.394,170.0029,169.599,169.1821,168.7523,168.3096,168.8079,167.3859,166.905,166.4113
15.22106,13.53276,11.78237,10.0485,8.331303,6.665804,4.947443,3.298505,1.640589,0,-1.623136,-3.228695,-4.842735,-6.456407,-8.069587,-9.786824,-11.47713,-13.25373,-15.06415,-16.82106,-18.59408,-20.48758,-22.41424,-24.37387,-26.36629,-28.25214,-30.15312,-31.13046,-31.85419,-32.81951,-33.53134,-34.34562,-35.48749,-36.59246,-38.09337,-39.59139,-41.08638,-42.57825,-44.06688,-45.55215,-47.03395,-48.51217,-49.9867,-51.45742,-53.22493,-54.38699,-55.84562,-57.3
193.402,193.5274,192.64,191.7369,190.8182,189.8843,189.9349,188.9712,187.9928,187,185.9929,185.9717,184.9366,184.8873,184.8239,186.7437,187.6493,189.5372,191.4081,192.2656,193.1069,194.9263,196.7272,198.5092,199.2804,201.0244,201.7592,196.55,190.3531,186.1287,180.9189,175.7113,174.4266,172.154,171.8281,171.4891,171.1371,170.772,170.394,170.0029,169.599,169.1821,168.7523,168.3096,167.8542,167.3859,166.905,166.4113
15.22106,13.53276,11.78237,10.0485,8.331303,6.630904,4.97362,3.298505,1.640589,0,-1.623136,-3.246148,-4.842735,-6.456407,-8.069587,-9.786824,-11.47713,-13.25373,-15.06415,-16.82106,-18.59408,-20.48758,-22.41424,-24.37387,-26.23576,-28.25214,-30.15312,-31.13046,-31.85419,-32.81951,-33.53134,-34.15481,-35.48749,-36.59246,-38.09337,-39.59139,-41.08638,-42.57825,-44.06688,-45.55215,-47.03395,-48.51217,-49.9867,-51.45742,-52.92422,-54.38699,-55.84562,-57.3
193.402,193.5274,192.64,191.7369,191.8173,189.8843,189.9349,188.9712,187.9928,187,185.9929,185.9717,184.9366,184.8873,184.8239,185.7451,187.6493,189.5372,190.4112,192.2656,193.1069,194.9263,196.7272,198.5092,199.2804,201.0244,201.7592,196.55,191.3394,186.1287,180.9189,175.7113,174.4266,173.1321,171.8281,171.4891,171.1371,170.772,170.394,170.0029,169.599,169.1821,168.7523,168.3096,167.8542,167.3859,166.905,166.4113
15.22106,13.53276,11.78237,10.0485,8.374922,6.630904,4.97362,3.298505,1.640589,0,-1.623136,-3.246148,-4.842735,-6.456407,-8.069587,-9.734488,-11.47713,-13.25373,-14.98569,-16.82106,-18.59408,-20.48758,-22.41424,-24.37387,-26.23576,-28.25214,-30.15312,-31.13046,-32.01924,-32.81951,-33.53134,-34.15481,-35.48749,-36.80037,-38.09337,-39.59139,-41.08638,-42.57825,-44.06688,-45.55215,-47.03395,-48.51217,-49.9867,-51.45742,-52.92422,-54.38699,-55.84562,-57.3
193.402,193.5274,192.64,191.7369,190.8182,190.8836,188.9352,188.9712,187.9928,187,185.9929,184.9718,184.9366,184.8873,185.823,186.7437,187.6493,189.5372,190.4112,192.2656,193.1069,194.9263,196.7272,198.5092,200.2719,201.0244,201.7592,196.55,190.3531,186.1287,180.9189,175.7113,174.4266,172.154,171.8281,171.4891,171.1371,170.772,170.394,170.0029,169.599,169.1821,168.7523,168.3096,167.8542,167.3859,166.905,166.4113
15.22106,13.53276,11.78237,10.0485,8.331303,6.665804,4.947443,3.298505,1.640589,0,-1.623136,-3.228695,-4.842735,-6.456407,-8.113206,-9.786824,-11.47713,-13.25373,-14.98569,-16.82106,-18.59408,-20.48758,-22.41424,-24.37387,-26.36629,-28.25214,-30.15312,-31.13046,-31.85419,-32.81951,-33.53134,-34.15481,-35.48749,-36.59246,-38.09337,-39.59139,-41.08638,-42.57825,-44.06688,-45.55215,-47.03395,-48.51217,-49.9867,-51.45742,-52.92422,-54.38699,-55.84562,-57.3
193.402,193.5274,192.64,191.7369,190.8182,189.8843,189.9349,188.9712,187.9928,187,185.9929,185.9717,184.9366,184.8873,184.8239,186.7437,187.6493,189.5372,191.4081,192.2656,193.1069,194.9263,195.7337,197.5167,200.2719,201.0244,201.7592,196.55,190.3531,186.1287,180.9189,176.6929,174.4266,173.1321,171.8281,171.4891,171.1371,170.772,170.394,170.0029,169.599,169.1821,168.7523,168.3096,167.8542,167.3859,166.905,166.4113
15.22106,13.53276,11.78237,10.0485,8.331303,6.630904,4.97362,3.298505,1.640589,0,-1.623136,-3.246148,-4.842735,-6.456407,-8.069587,-9.786824,-11.47713,-13.25373,-15.06415,-16.82106,-18.59408,-20.48758,-22.30103,-24.252,-26.36629,-28.25214,-30.15312,-31.13046,-31.85419,-32.81951,-33.53134,-34.34562,-35.48749,-36.80037,-38.09337,-39.59139,-41.08638,-42.57825,-44.06688,-45.55215,-47.03395,-48.51217,-49.9867,-51.45742,-52.92422,-54.38699,-55.84562,-57.3
193.402,193.5274,192.64,191.7369,190.8182,189.8843,189.9349,188.9712,187.9928,187,185.9929,185.9717,184.9366,184.8873,184.8239,185.7451,187.6493,189.5372,190.4112,192.2656,193.1069,194.9263,195.7337,198.5092,200.2719,201.0244,201.7592,196.55,191.3394,186.1287,180.9189,175.7113,174.4266,172.154,171.8281,171.4891,171.1371,170.772,170.394,170.0029,169.599,169.1821,168.7523,168.3096,167.8542,167.3859,166.905,166.4113
15.22106,13.53276,11.78237,10.0485,8.331303,6.630904,4.97362,3.298505,1.640589,0,-1.623136,-3.246148,-4.842735,-6.456407,-8.069587,-9.734488,-11.47713,-13.25373,-14.98569,-16.82106,-18.59408,-20.48758,-22.30103,-24.37387,-26.36629,-28.25214,-30.15312,-31.13046,-32.01924,-32.81951,-33.53134,-34.15481,-35.48749,-36.59246,-38.09337,-39.59139,-41.08638,-42.57825,-44.06688,-45.55215,-47.03395,-48.51217,-49.9867,-51.45742,-52.92422,-54.38699,-55.84562,-57.3
192.405,193.5274,192.64,191.7369,190.8182,189.8843,188.9352,188.9712,187.9928,187,185.9929,185.9717,184.9366,184.8873,184.8239,186.7437,187.6493,189.5372,191.4081,192.2656,193.1069,194.9263,196.7272,198.5092,199.2804,201.0244,201.7592,196.55,190.3531,186.1287,179.9356,175.7113,174.4266,173.1321,171.8281,171.4891,171.1371,170.772,170.394,170.0029,169.599,169.1821,168.7523,168.3096,167.8542,167.3859,166.905,166.4113
15.14261,13.53276,11.78237,10.0485,8.331303,6.630904,4.947443,3.298505,1.640589,0,-1.623136,-3.246148,-4.842735,-6.456407,-8.069587,-9.786824,-11.47713,-13.25373,-15.06415,-16.82106,-18.59408,-20.48758,-22.41424,-24.37387,-26.23576,-28.25214,-30.15312,-31.13046,-31.85419,-32.81951,-33.3491,-34.15481,-35.48749,-36.80037,-38.09337,-39.59139,-41.08638,-42.57825,-44.06688,-45.55215,-47.03395,-48.51217,-49.9867,-51.45742,-52.92422,-54.38699,-55.84562,-57.3
193.402,193.5274,192.64,191.7369,191.8173,189.8843,188.9352,187.9714,187.9928,187,185.9929,185.9717,184.9366,184.8873,185.823,186.7437,187.6493,189.5372,190.4112,192.2656,193.1069,194.9263,196.7272,198.5092,199.2804,201.0244,201.7592,196.55,191.3394,186.1287,180.9189,175.7113,173.4467,173.1321,171.8281,171.4891,171.1371,170.772,170.394,170.0029,169.599,169.1821,168.7523,168.3096,167.8542,167.3859,166.905,166.4113
15.22106,13.53276,11.78237,10.0485,8.374922,6.630904,4.947443,3.281052,1.640589,0,-1.623136,-3.246148,-4.842735,-6.456407,-8.113206,-9.786824,-11.47713,-13.25373,-14.98569,-16.82106,-18.59408,-20.48758,-22.41424,-24.37387,-26.23576,-28.25214,-30.15312,-31.13046,-32.01924,-32.81951,-33.53134,-34.15481,-35.28812,-36.80037,-38.09337,-39.59139,-41.08638,-42.57825,-44.06688,-45.55215,-47.03395,-48.51217,-49.9867,-51.45742,-52.92422,-54.38699,-55.84562,-57.3
193.402,193.5274,192.64,191.7369,190.8182,190.8836,189.9349,188.9712,187.9928,187,185.9929,185.9717,184.9366,184.8873,184.8239,186.7437,187.6493,189.5372,190.4112,192.2656,193.1069,194.9263,196.7272,198.5092,199.2804,201.0244,201.7592,196.55,190.3531,186.1287,180.9189,175.7113,174.4266,172.154,171.8281,171.4891,171.1371,170.772,170.394,170.0029,169.599,169.1821,168.7523,168.3096,167.8542,167.3859,166.905,167.3568
15.22106,13.53276,11.78237,10.0485,8.331303,6.665804,4.97362,3.298505,1.640589,0,-1.623136,-3.246148,-4.842735,-6.456407,-8.069587,-9.786824,-11.47713,-13.25373,-14.98569,-16.82106,-18.59408,-20.48758,-22.41424,-24.37387,-26.23576,-28.25214,-30.15312,-31.13046,-31.85419,-32.81951,-33.53134,-34.15481,-35.48749,-36.59246,-38.09337,-39.59139,-41.08638,-42.57825,-44.06688,-45.55215,-47.03395,-48.51217,-49.9867,-51.45742,-52.92422,-54.38699,-55.84562,-57.62556
193.402,193.5274,192.64,191.7369,190.8182,189.8843,189.9349,187.9714,187.9928,187,185.9929,185.9717,184.9366,184.8873,184.8239,185.7451,187.6493,189.5372,191.4081,192.2656,193.1069,194.9263,195.7337,198.5092,200.2719,201.0244,201.7592,196.55,190.3531,186.1287,180.9189,176.6929,174.4266,172.154,171.8281,171.4891,171.1371,170.772,170.394,170.0029,169.599,169.1821,168.7523,168.3096,167.8542,167.3859,166.905,166.4113
15.22106,13.53276,11.78237,10.0485,8.331303,6.630904,4.97362,3.281052,1.640589,0,-1.623136,-3.246148,-4.842735,-6.456407,-8.069587,-9.734488,-11.47713,-13.25373,-15.06415,-16.82106,-18.59408,-20.48758,-22.30103,-24.37387,-26.36629,-28.25214,-30.15312,-31.13046,-31.85419,-32.81951,-33.53134,-34.34562,-35.48749,-36.59246,-38.09337,-39.59139,-41.08638,-42.57825,-44.06688,-45.55215,-47.03395,-48.51217,-49.9867,-51.45742,-52.92422,-54.38699,-55.84562,-57.3
194.3989,193.5274,192.64,191.7369,190.8182,190.8836,189.9349,188.9712,187.9928,187,185.9929,184.9718,184.9366,184.8873,184.8239,186.7437,187.6493,189.5372,190.4112,192.2656,193.1069,194.9263,196.7272,198.5092,199.2804,201.0244,201.7592,196.55,191.3394,186.1287,180.9189,175.7113,174.4266,172.154,171.8281,172.4635,171.1371,170.772,170.394,170.0029,169.599,169.1821,168.7523,168.3096,167.8542,167.3859,166.905,166.4113
15.29952,13.53276,11.78237,10.0485,8.331303,6.665804,4.97362,3.298505,1.640589,0,-1.623136,-3.228695,-4.842735,-6.456407,-8.069587,-9.786824,-11.47713,-13.25373,-14.98569,-16.82106,-18.59408,-20.48758,-22.41424,-24.37387,-26.23576,-28.25214,-30.15312,-31.13046,-32.01924,-32.81951,-33.53134,-34.15481,-35.48749,-36.59246,-38.09337,-39.81634,-41.08638,-42.57825,-44.06688,-45.55215,-47.03395,-48.51217,-49.9867,-51.45742,-52.92422,-54.38699,-55.84562,-57.3
193.402,193.5274,192.64,191.7369,190.8182,189.8843,189.9349,188.9712,187.9928,187,185.9929,185.9717,184.9366,184.8873,184.8239,185.7451,187.6493,189.5372,191.4081,192.2656,193.1069,194.9263,195.7337,198.5092,200.2719,201.0244,201.7592,196.55,191.3394,186.1287,180.9189,175.7113,174.4266,173.1321,172.8044,171.4891,171.1371,170.772,170.394,170.0029,169.599,169.1821,168.7523,168.3096,167.8542,167.3859,166.905,166.4113
15.22106,13.53276,11.78237,10.0485,8.331303,6.630904,4.97362,3.298505,1.640589,0,-1.623136,-3.246148,-4.842735,-6.456407,-8.069587,-9.734488,-11.47713,-13.25373,-15.06415,-16.82106,-18.59408,-20.48758,-22.30103,-24.37387,-26.36629,-28.25214,-30.15312,-31.13046,-32.01924,-32.81951,-33.53134,-34.15481,-35.48749,-36.80037,-38.30981,-39.59139,-41.08638,-42.57825,-44.06688,-45.55215,-47.03395,-48.51217,-49.9867,-51.45742,-52.92422,-54.38699,-55.84562,-57.3
193.402,193.5274,192.64,191.7369,190.8182,189.8843,189.9349,188.9712,187.9928,187,185.9929,185.9717,184.9366,184.8873,184.8239,186.7437,187.6493,189.5372,191.4081,192.2656,193.1069,194.9263,195.7337,197.5167,198.289,201.0244,201.7592,196.55,190.3531,186.1287,180.9189,176.6929,174.4266,172.154,172.8044,171.4891,171.1371,170.772,170.394,170.0029,169.599,169.1821,168.7523,168.3096,167.8542,167.3859,166.905,167.3568
15.22106,13.53276,11.78237,10.0485,8.331303,6.630904,4.97362,3.298505,1.640589,0,-1.623136,-3.246148,-4.842735,-6.456407,-8.069587,-9.786824,-11.47713,-13.25373,-15.06415,-16.82106,-18.59408,-20.48758,-22.30103,-24.252,-26.10524,-28.25214,-30.15312,-31.13046,-31.85419,-32.81951,-33.53134,-34.34562,-35.48749,-36.59246,-38.30981,-39.59139,-41.08638,-42.57825,-44.06688,-45.55215,-47.03395,-48.51217,-49.9867,-51.45742,-52.92422,-54.38699,-55.84562,-57.62556
192.405,193.5274,192.64,191.7369,190.8182,189.8843,189.9349,188.9712,187.9928,187,185.9929,184.9718,184.9366,184.8873,184.8239,185.7451,187.6493,189.5372,191.4081,192.2656,193.1069,194.9263,196.7272,197.5167,200.2719,201.0244,201.7592,196.55,190.3531,186.1287,180.9189,175.7113,174.4266,172.154,171.8281,171.4891,171.1371,170.772,170.394,170.0029,169.599,169.1821,168.7523,168.3096,167.8542,167.3859,166.905,166.4113
15.14261,13.53276,11.78237,10.0485,8.331303,6.630904,4.97362,3.298505,1.640589,0,-1.623136,-3.228695,-4.842735,-6.456407,-8.069587,-9.734488,-11.47713,-13.25373,-15.06415,-16.82106,-18.59408,-20.48758,-22.41424,-24.252,-26.36629,-28.25214,-30.15312,-31.13046,-31.85419,-32.81951,-33.53134,-34.15481,-35.48749,-36.59246,-38.09337,-39.59139,-41.08638,-42.57825,-44.06688,-45.55215,-47.03395,-48.51217,-49.9867,-51.45742,-52.92422,-54.38699,-55.84562,-57.3
193.402,193.5274,192.64,191.7369,190.8182,190.8836,189.9349,187.9714,187.9928,187,185.9929,185.9717,184.9366,184.8873,184.8239,186.7437,187.6493,189.5372,191.4081,193.2618,193.1069,194.9263,196.7272,198.5092,199.2804,201.0244,200.7702,196.55,190.3531,186.1287,179.9356,175.7113,174.4266,172.154,171.8281,171.4891,171.1371,170.772,170.394,170.0029,169.599,169.1821,168.7523,168.3096,167.8542,167.3859,166.905,166.4113
15.22106,13.53276,11.78237,10.0485,8.331303,6.665804,4.97362,3.281052,1.640589,0,-1.623136,-3.246148,-4.842735,-6.456407,-8.069587,-9.786824,-11.47713,-13.25373,-15.06415,-16.90821,-18.59408,-20.48758,-22.41424,-24.37387,-26.23576,-28.25214,-30.00531,-31.13046,-31.85419,-32.81951,-33.3491,-34.15481,-35.48749,-36.59246,-38.09337,-39.59139,-41.08638,-42.57825,-44.06688,-45.55215,-47.03395,-48.51217,-49.9867,-51.45742,-52.92422,-54.38699,-55.84562,-57.3
193.402,193.5274,192.64,191.7369,190.8182,190.8836,189.9349,188.9712,187.9928,187,185.9929,185.9717,184.9366,184.8873,184.8239,186.7437,187.6493,189.5372,190.4112,192.2656,193.1069,194.9263,196.7272,198.5092,200.2719,201.0244,201.7592,196.55,190.3531,186.1287,179.9356,175.7113,174.4266,172.154,171.8281,171.4891,171.1371,170.772,170.394,170.0029,169.599,169.1821,168.7523,168.3096,167.8542,167.3859,166.905,166.4113
15.22106,13.53276,11.78237,10.0485,8.331303,6.665804,4.97362,3.298505,1.640589,0,-1.623136,-3.246148,-4.842735,-6.456407,-8.069587,-9.786824,-11.47713,-13.25373,-14.98569,-16.82106,-18.59408,-20.48758,-22.41424,-24.37387,-26.36629,-28.25214,-30.15312,-31.13046,-31.85419,-32.81951,-33.3491,-34.15481,-35.48749,-36.59246,-38.09337,-39.59139,-41.08638,-42.57825,-44.06688,-45.55215,-47.03395,-48.51217,-49.9867,-51.45742,-52.92422,-54.38699,-55.84562,-57.3
