123.2846,125.6653,125.5111,126.1907,126.8608,128.3827,129.0378,129.683,130.3183,130.9437,131.5592,132.1646,132.76,133.3452,134.8191,135.3878,135.9462,136.4942,138.8589,138.4761,141.7577,145.973,151.131,156.3102,163.3766,163.9176,163.5065,163.077,163.5747,162.1633,161.6796,160.2244,159.7029,159.1641,157.6469,157.0718,155.5141,154.9036,155.2473,155.5792,156.8736,158.16,158.4599,159.7277,160.9869,163.2203,163.4781,164.7097,165.9316,166.1547,168.3456,169.5371,167.7403
80.06194,80.05764,78.42805,77.32979,76.22564,75.62322,74.5,73.37111,72.23663,71.09666,69.95126,68.80054,67.64458,66.48347,65.75567,64.57666,63.39274,62.20399,61.82397,60.21111,60.17259,60.46398,61.06087,61.57221,62.71439,61.28629,59.5115,57.74859,56.32329,54.2591,52.53289,50.51857,48.82607,47.14655,45.20453,43.55986,41.66987,40.0608,38.7075,37.35126,36.21712,35.06322,33.68169,32.49697,31.29268,30.2511,28.8256,27.56295,26.28099,24.83198,23.65943,22.31998,20.59592
123.2846,125.6653,125.5111,127.0434,126.8608,128.3827,129.0378,129.683,129.4437,130.9437,131.5592,132.1646,132.76,133.3452,133.9203,135.3878,135.9462,136.4942,137.9454,138.4761,142.6783,147.8207,151.131,156.3102,162.443,164.8543,163.5065,164.0196,162.6292,162.1633,160.7286,160.2244,159.7029,159.1641,157.6469,157.0718,156.48,155.8718,155.2473,155.5792,156.8736,158.16,158.4599,159.7277,160.9869,161.2538,163.4781,165.696,165.9316,167.1437,168.3456,168.5456,167.7403
80.06194,80.05764,78.42805,77.85229,76.22564,75.62322,74.5,73.37111,71.75182,71.09666,69.95126,68.80054,67.64458,66.48347,65.3173,64.57666,63.39274,62.20399,61.41723,60.21111,60.56332,61.22935,61.06087,61.57221,62.35602,61.6365,59.5115,58.08239,55.99772,54.2591,52.22387,50.51857,48.82607,47.14655,45.20453,43.55986,41.92869,40.31118,38.7075,37.35126,36.21712,35.06322,33.68169,32.49697,31.29268,29.88663,28.8256,27.728,26.28099,24.97979,23.65943,22.18945,20.59592
123.2846,124.8219,125.5111,126.1907,126.8608,128.3827,129.0378,129.683,130.3183,130.9437,131.5592,132.1646,132.76,134.2402,134.8191,135.3878,135.9462,136.4942,138.8589,138.4761,142.6783,146.8968,151.131,157.2406,162.443,163.9176,163.5065,164.0196,162.6292,162.1633,161.6796,161.1782,159.7029,159.1641,156.6857,157.0718,156.48,155.8718,155.2473,155.5792,156.8736,157.1837,158.4599,159.7277,160.9869,163.2203,163.4781,165.696,165.9316,166.1547,168.3456,169.5371,168.7328
80.06194,79.52034,78.42805,77.32979,76.22564,75.62322,74.5,73.37111,72.23663,71.09666,69.95126,68.80054,67.64458,66.92967,65.75567,64.57666,63.39274,62.20399,61.82397,60.21111,60.56332,60.84667,61.06087,61.93871,62.35602,61.28629,59.5115,58.08239,55.99772,54.2591,52.53289,50.81928,48.82607,47.14655,44.92889,43.55986,41.92869,40.31118,38.7075,37.35126,36.21712,34.84678,33.68169,32.49697,31.29268,30.2511,28.8256,27.728,26.28099,24.83198,23.65943,22.31998,20.71779
123.2846,124.8219,125.5111,126.1907,126.8608,127.5211,129.0378,129.683,130.3183,130.9437,131.5592,132.1646,132.76,133.3452,134.8191,135.3878,135.9462,136.4942,137.9454,138.4761,142.6783,147.8207,152.0582,157.2406,163.3766,163.9176,163.5065,163.077,162.6292,162.1633,161.6796,160.2244,159.7029,159.1641,157.6469,157.0718,156.48,155.8718,155.2473,155.5792,156.8736,158.16,158.4599,159.7277,160.9869,163.2203,163.4781,164.7097,166.9193,166.1547,168.3456,168.5456,167.7403
80.06194,79.52034,78.42805,77.32979,76.22564,75.11568,74.5,73.37111,72.23663,71.09666,69.95126,68.80054,67.64458,66.48347,65.75567,64.57666,63.39274,62.20399,61.41723,60.21111,60.56332,61.22935,61.43548,61.93871,62.71439,61.28629,59.5115,57.74859,55.99772,54.2591,52.53289,50.51857,48.82607,47.14655,45.20453,43.55986,41.92869,40.31118,38.7075,37.35126,36.21712,35.06322,33.68169,32.49697,31.29268,30.2511,28.8256,27.56295,26.43742,24.83198,23.65943,22.18945,20.59592
123.2846,124.8219,125.5111,126.1907,127.7179,128.3827,129.0378,129.683,130.3183,130.9437,131.5592,132.1646,132.76,133.3452,133.9203,135.3878,135.9462,136.4942,137.9454,138.4761,142.6783,146.8968,151.131,156.3102,162.443,163.9176,163.5065,164.0196,162.6292,162.1633,161.6796,160.2244,159.7029,159.1641,157.6469,157.0718,156.48,155.8718,155.2473,155.5792,155.8992,158.16,158.4599,159.7277,160.9869,163.2203,164.4629,164.7097,165.9316,166.1547,168.3456,168.5456,168.7328
80.06194,79.52034,78.42805,77.32979,76.74067,75.62322,74.5,73.37111,72.23663,71.09666,69.95126,68.80054,67.64458,66.48347,65.3173,64.57666,63.39274,62.20399,61.41723,60.21111,60.56332,60.84667,61.06087,61.57221,62.35602,61.28629,59.5115,58.08239,55.99772,54.2591,52.53289,50.51857,48.82607,47.14655,45.20453,43.55986,41.92869,40.31118,38.7075,37.35126,35.99217,35.06322,33.68169,32.49697,31.29268,30.2511,28.99925,27.56295,26.28099,24.83198,23.65943,22.18945,20.71779
123.2846,124.8219,125.5111,126.1907,126.8608,127.5211,128.1718,129.683,130.3183,130.9437,131.5592,132.1646,132.76,134.2402,134.8191,135.3878,135.9462,136.4942,137.9454,138.4761,142.6783,147.8207,152.0582,157.2406,163.3766,163.9176,163.5065,163.077,162.6292,162.1633,160.7286,161.1782,159.7029,159.1641,157.6469,157.0718,156.48,154.9036,155.2473,155.5792,156.8736,158.16,158.4599,159.7277,160.9869,163.2203,164.4629,164.7097,165.9316,167.1437,168.3456,168.5456,168.7328
80.06194,79.52034,78.42805,77.32979,76.22564,75.11568,74,73.37111,72.23663,71.09666,69.95126,68.80054,67.64458,66.92967,65.75567,64.57666,63.39274,62.20399,61.41723,60.21111,60.56332,61.22935,61.43548,61.93871,62.71439,61.28629,59.5115,57.74859,55.99772,54.2591,52.22387,50.81928,48.82607,47.14655,45.20453,43.55986,41.92869,40.0608,38.7075,37.35126,36.21712,35.06322,33.68169,32.49697,31.29268,30.2511,28.99925,27.56295,26.28099,24.97979,23.65943,22.18945,20.71779
123.2846,124.8219,125.5111,126.1907,126.8608,128.3827,129.0378,129.683,130.3183,130.9437,131.5592,132.1646,132.76,133.3452,134.8191,135.3878,135.9462,136.4942,137.9454,138.4761,142.6783,147.8207,150.2038,157.2406,163.3766,163.9176,163.5065,163.077,162.6292,162.1633,161.6796,161.1782,159.7029,159.1641,157.6469,157.0718,156.48,155.8718,155.2473,155.5792,156.8736,158.16,158.4599,159.7277,160.9869,163.2203,163.4781,164.7097,166.9193,166.1547,168.3456,168.5456,168.7328
80.06194,79.52034,78.42805,77.32979,76.22564,75.62322,74.5,73.37111,72.23663,71.09666,69.95126,68.80054,67.64458,66.48347,65.75567,64.57666,63.39274,62.20399,61.41723,60.21111,60.56332,61.22935,60.68627,61.93871,62.71439,61.28629,59.5115,57.74859,55.99772,54.2591,52.53289,50.81928,48.82607,47.14655,45.20453,43.55986,41.92869,40.31118,38.7075,37.35126,36.21712,35.06322,33.68169,32.49697,31.29268,30.2511,28.8256,27.56295,26.43742,24.83198,23.65943,22.18945,20.71779
123.2846,124.8219,126.3592,126.1907,126.8608,127.5211,129.0378,129.683,130.3183,130.9437,131.5592,132.1646,132.76,133.3452,134.8191,135.3878,135.9462,136.4942,137.9454,138.4761,141.7577,147.8207,151.131,157.2406,163.3766,163.9176,163.5065,164.0196,162.6292,162.1633,160.7286,160.2244,159.7029,159.1641,157.6469,156.1081,155.5141,154.9036,155.2473,155.5792,156.8736,158.16,158.4599,159.7277,160.9869,163.2203,164.4629,165.696,164.944,166.1547,168.3456,168.5456,168.7328
80.06194,79.52034,78.95797,77.32979,76.22564,75.11568,74.5,73.37111,72.23663,71.09666,69.95126,68.80054,67.64458,66.48347,65.75567,64.57666,63.39274,62.20399,61.41723,60.21111,60.17259,61.22935,61.06087,61.93871,62.71439,61.28629,59.5115,58.08239,55.99772,54.2591,52.22387,50.51857,48.82607,47.14655,45.20453,43.29262,41.66987,40.0608,38.7075,37.35126,36.21712,35.06322,33.68169,32.49697,31.29268,30.2511,28.99925,27.728,26.12456,24.83198,23.65943,22.18945,20.71779
123.2846,124.8219,125.5111,127.0434,127.7179,127.5211,129.0378,129.683,130.3183,130.9437,131.5592,132.1646,132.76,134.2402,134.8191,135.3878,135.9462,136.4942,137.9454,138.4761,142.6783,147.8207,151.131,156.3102,162.443,163.9176,163.5065,164.0196,162.6292,162.1633,161.6796,160.2244,159.7029,159.1641,157.6469,157.0718,156.48,154.9036,155.2473,155.5792,156.8736,158.16,158.4599,159.7277,160.9869,163.2203,163.4781,165.696,164.944,166.1547,168.3456,168.5456,167.7403
80.06194,79.52034,78.42805,77.85229,76.74067,75.11568,74.5,73.37111,72.23663,71.09666,69.95126,68.80054,67.64458,66.92967,65.75567,64.57666,63.39274,62.20399,61.41723,60.21111,60.56332,61.22935,61.06087,61.57221,62.35602,61.28629,59.5115,58.08239,55.99772,54.2591,52.53289,50.51857,48.82607,47.14655,45.20453,43.55986,41.92869,40.0608,38.7075,37.35126,36.21712,35.06322,33.68169,32.49697,31.29268,30.2511,28.8256,27.728,26.12456,24.83198,23.65943,22.18945,20.59592
123.2846,124.8219,125.5111,127.0434,126.8608,128.3827,129.0378,129.683,130.3183,130.9437,131.5592,132.1646,132.76,133.3452,134.8191,135.3878,135.9462,136.4942,137.9454,138.4761,141.7577,147.8207,151.131,157.2406,162.443,163.9176,163.5065,163.077,162.6292,162.1633,160.7286,160.2244,159.7029,159.1641,157.6469,157.0718,156.48,155.8718,155.2473,155.5792,156.8736,157.1837,158.4599,159.7277,160.9869,163.2203,164.4629,164.7097,166.9193,166.1547,168.3456,168.5456,167.7403
80.06194,79.52034,78.42805,77.85229,76.22564,75.62322,74.5,73.37111,72.23663,71.09666,69.95126,68.80054,67.64458,66.48347,65.75567,64.57666,63.39274,62.20399,61.41723,60.21111,60.17259,61.22935,61.06087,61.93871,62.35602,61.28629,59.5115,57.74859,55.99772,54.2591,52.22387,50.51857,48.82607,47.14655,45.20453,43.55986,41.92869,40.31118,38.7075,37.35126,36.21712,34.84678,33.68169,32.49697,31.29268,30.2511,28.99925,27.56295,26.43742,24.83198,23.65943,22.18945,20.59592
123.2846,124.8219,125.5111,126.1907,126.8608,128.3827,129.0378,129.683,130.3183,130.9437,131.5592,132.1646,132.76,133.3452,134.8191,135.3878,135.9462,136.4942,137.9454,138.4761,141.7577,147.8207,151.131,157.2406,162.443,163.9176,163.5065,164.0196,162.6292,162.1633,160.7286,160.2244,159.7029,159.1641,157.6469,157.0718,156.48,155.8718,155.2473,155.5792,156.8736,158.16,158.4599,159.7277,160.9869,161.2538,164.4629,164.7097,164.944,167.1437,168.3456,168.5456,168.7328
80.06194,79.52034,78.42805,77.32979,76.22564,75.62322,74.5,73.37111,72.23663,71.09666,69.95126,68.80054,67.64458,66.48347,65.75567,64.57666,63.39274,62.20399,61.41723,60.21111,60.17259,61.22935,61.06087,61.93871,62.35602,61.28629,59.5115,58.08239,55.99772,54.2591,52.22387,50.51857,48.82607,47.14655,45.20453,43.55986,41.92869,40.31118,38.7075,37.35126,36.21712,35.06322,33.68169,32.49697,31.29268,29.88663,28.99925,27.56295,26.12456,24.97979,23.65943,22.18945,20.71779
123.2846,124.8219,125.5111,127.0434,127.7179,128.3827,129.0378,128.8126,130.3183,130.9437,131.5592,132.1646,132.76,133.3452,134.8191,135.3878,135.9462,136.4942,137.9454,138.4761,142.6783,147.8207,151.131,157.2406,162.443,163.9176,163.5065,164.0196,162.6292,162.1633,160.7286,161.1782,159.7029,159.1641,157.6469,156.1081,156.48,155.8718,155.2473,155.5792,156.8736,157.1837,158.4599,159.7277,160.9869,163.2203,164.4629,165.696,165.9316,167.1437,168.3456,169.5371,168.7328
80.06194,79.52034,78.42805,77.85229,76.74067,75.62322,74.5,72.87869,72.23663,71.09666,69.95126,68.80054,67.64458,66.48347,65.75567,64.57666,63.39274,62.20399,61.41723,60.21111,60.56332,61.22935,61.06087,61.93871,62.35602,61.28629,59.5115,58.08239,55.99772,54.2591,52.22387,50.81928,48.82607,47.14655,45.20453,43.29262,41.92869,40.31118,38.7075,37.35126,36.21712,34.84678,33.68169,32.49697,31.29268,30.2511,28.99925,27.728,26.28099,24.97979,23.65943,22.31998,20.71779
123.2846,124.8219,126.3592,126.1907,126.8608,128.3827,129.0378,129.683,130.3183,130.9437,131.5592,132.1646,132.76,133.3452,133.9203,135.3878,135.9462,136.4942,137.9454,137.559,142.6783,146.8968,151.131,157.2406,162.443,163.9176,163.5065,163.077,162.6292,163.1117,161.6796,161.1782,159.7029,159.1641,157.6469,157.0718,156.48,155.8718,155.2473,156.5516,156.8736,158.16,158.4599,159.7277,160.9869,163.2203,164.4629,164.7097,166.9193,167.1437,168.3456,169.5371,167.7403
80.06194,79.52034,78.95797,77.32979,76.22564,75.62322,74.5,73.37111,72.23663,71.09666,69.95126,68.80054,67.64458,66.48347,65.3173,64.57666,63.39274,62.20399,61.41723,59.81236,60.56332,60.84667,61.06087,61.93871,62.35602,61.28629,59.5115,57.74859,55.99772,54.5764,52.53289,50.81928,48.82607,47.14655,45.20453,43.55986,41.92869,40.31118,38.7075,37.5847,36.21712,35.06322,33.68169,32.49697,31.29268,30.2511,28.99925,27.56295,26.43742,24.97979,23.65943,22.31998,20.59592
123.2846,124.8219,126.3592,126.1907,127.7179,128.3827,129.0378,129.683,130.3183,130.9437,131.5592,132.1646,132.76,133.3452,134.8191,135.3878,135.9462,136.4942,137.9454,138.4761,142.6783,147.8207,151.131,156.3102,162.443,164.8543,163.5065,164.0196,162.6292,162.1633,161.6796,161.1782,159.7029,159.1641,157.6469,157.0718,156.48,155.8718,155.2473,155.5792,156.8736,158.16,158.4599,159.7277,160.9869,163.2203,164.4629,165.696,164.944,167.1437,168.3456,168.5456,168.7328
80.06194,79.52034,78.95797,77.32979,76.74067,75.62322,74.5,73.37111,72.23663,71.09666,69.95126,68.80054,67.64458,66.48347,65.75567,64.57666,63.39274,62.20399,61.41723,60.21111,60.56332,61.22935,61.06087,61.57221,62.35602,61.6365,59.5115,58.08239,55.99772,54.2591,52.53289,50.81928,48.82607,47.14655,45.20453,43.55986,41.92869,40.31118,38.7075,37.35126,36.21712,35.06322,33.68169,32.49697,31.29268,30.2511,28.99925,27.728,26.12456,24.97979,23.65943,22.18945,20.71779
123.2846,124.8219,126.3592,127.0434,126.8608,127.5211,129.0378,129.683,130.3183,130.9437,131.5592,132.1646,132.76,134.2402,134.8191,135.3878,135.9462,136.4942,137.9454,138.4761,141.7577,147.8207,151.131,157.2406,163.3766,164.8543,163.5065,164.0196,162.6292,162.1633,161.6796,160.2244,159.7029,159.1641,157.6469,157.0718,156.48,155.8718,155.2473,155.5792,156.8736,157.1837,158.4599,159.7277,160.9869,163.2203,164.4629,164.7097,165.9316,167.1437,168.3456,168.5456,168.7328
80.06194,79.52034,78.95797,77.85229,76.22564,75.11568,74.5,73.37111,72.23663,71.09666,69.95126,68.80054,67.64458,66.92967,65.75567,64.57666,63.39274,62.20399,61.41723,60.21111,60.17259,61.22935,61.06087,61.93871,62.71439,61.6365,59.5115,58.08239,55.99772,54.2591,52.53289,50.51857,48.82607,47.14655,45.20453,43.55986,41.92869,40.31118,38.7075,37.35126,36.21712,34.84678,33.68169,32.49697,31.29268,30.2511,28.99925,27.56295,26.28099,24.97979,23.65943,22.18945,20.71779
123.2846,125.6653,125.5111,127.0434,126.8608,128.3827,129.0378,129.683,130.3183,130.9437,131.5592,132.1646,132.76,134.2402,134.8191,135.3878,135.9462,136.4942,137.9454,138.4761,141.7577,147.8207,151.131,156.3102,162.443,164.8543,163.5065,164.0196,162.6292,162.1633,161.6796,161.1782,159.7029,159.1641,157.6469,157.0718,156.48,155.8718,155.2473,155.5792,155.8992,158.16,158.4599,159.7277,160.0052,163.2203,163.4781,164.7097,165.9316,167.1437,168.3456,168.5456,168.7328
80.06194,80.05764,78.42805,77.85229,76.22564,75.62322,74.5,73.37111,72.23663,71.09666,69.95126,68.80054,67.64458,66.92967,65.75567,64.57666,63.39274,62.20399,61.41723,60.21111,60.17259,61.22935,61.06087,61.57221,62.35602,61.6365,59.5115,58.08239,55.99772,54.2591,52.53289,50.81928,48.82607,47.14655,45.20453,43.55986,41.92869,40.31118,38.7075,37.35126,35.99217,35.06322,33.68169,32.49697,31.10187,30.2511,28.8256,27.56295,26.28099,24.97979,23.65943,22.18945,20.71779
123.2846,124.8219,125.5111,126.1907,127.7179,127.5211,129.0378,129.683,130.3183,130.9437,131.5592,132.1646,132.76,134.2402,134.8191,135.3878,135.9462,136.4942,137.9454,137.559,142.6783,146.8968,151.131,157.2406,162.443,163.9176,163.5065,163.077,163.5747,162.1633,161.6796,160.2244,159.7029,159.1641,157.6469,157.0718,156.48,155.8718,155.2473,155.5792,156.8736,158.16,158.4599,159.7277,160.9869,163.2203,164.4629,165.696,164.944,166.1547,168.3456,169.5371,167.7403
80.06194,79.52034,78.42805,77.32979,76.74067,75.11568,74.5,73.37111,72.23663,71.09666,69.95126,68.80054,67.64458,66.92967,65.75567,64.57666,63.39274,62.20399,61.41723,59.81236,60.56332,60.84667,61.06087,61.93871,62.35602,61.28629,59.5115,57.74859,56.32329,54.2591,52.53289,50.51857,48.82607,47.14655,45.20453,43.55986,41.92869,40.31118,38.7075,37.35126,36.21712,35.06322,33.68169,32.49697,31.29268,30.2511,28.99925,27.728,26.12456,24.83198,23.65943,22.31998,20.59592
123.2846,124.8219,125.5111,126.1907,126.8608,128.3827,129.0378,129.683,130.3183,130.9437,131.5592,132.1646,132.76,133.3452,134.8191,135.3878,135.9462,136.4942,138.8589,138.4761,142.6783,146.8968,151.131,157.2406,162.443,163.9176,163.5065,164.0196,162.6292,162.1633,161.6796,160.2244,159.7029,159.1641,157.6469,157.0718,156.48,155.8718,155.2473,155.5792,156.8736,158.16,158.4599,159.7277,160.9869,163.2203,163.4781,163.7234,166.9193,167.1437,168.3456,168.5456,168.7328
80.06194,79.52034,78.42805,77.32979,76.22564,75.62322,74.5,73.37111,72.23663,71.09666,69.95126,68.80054,67.64458,66.48347,65.75567,64.57666,63.39274,62.20399,61.82397,60.21111,60.56332,60.84667,61.06087,61.93871,62.35602,61.28629,59.5115,58.08239,55.99772,54.2591,52.53289,50.51857,48.82607,47.14655,45.20453,43.55986,41.92869,40.31118,38.7075,37.35126,36.21712,35.06322,33.68169,32.49697,31.29268,30.2511,28.8256,27.3979,26.43742,24.97979,23.65943,22.18945,20.71779
123.2846,125.6653,125.5111,126.1907,127.7179,127.5211,129.0378,129.683,130.3183,130.9437,131.5592,132.1646,132.76,133.3452,134.8191,135.3878,135.9462,136.4942,137.9454,138.4761,141.7577,145.973,151.131,156.3102,162.443,163.9176,163.5065,163.077,162.6292,162.1633,161.6796,160.2244,159.7029,159.1641,157.6469,157.0718,156.48,155.8718,155.2473,155.5792,156.8736,158.16,158.4599,159.7277,160.9869,163.2203,164.4629,165.696,164.944,166.1547,167.3553,168.5456,168.7328
80.06194,80.05764,78.42805,77.32979,76.74067,75.11568,74.5,73.37111,72.23663,71.09666,69.95126,68.80054,67.64458,66.48347,65.75567,64.57666,63.39274,62.20399,61.41723,60.21111,60.17259,60.46398,61.06087,61.57221,62.35602,61.28629,59.5115,57.74859,55.99772,54.2591,52.53289,50.51857,48.82607,47.14655,45.20453,43.55986,41.92869,40.31118,38.7075,37.35126,36.21712,35.06322,33.68169,32.49697,31.29268,30.2511,28.99925,27.728,26.12456,24.83198,23.52025,22.18945,20.71779
123.2846,124.8219,125.5111,127.0434,126.8608,127.5211,129.0378,129.683,130.3183,130.9437,131.5592,132.1646,132.76,133.3452,134.8191,135.3878,135.9462,136.4942,137.9454,138.4761,142.6783,147.8207,151.131,157.2406,162.443,163.9176,163.5065,163.077,162.6292,162.1633,160.7286,160.2244,159.7029,159.1641,157.6469,156.1081,156.48,155.8718,155.2473,155.5792,156.8736,157.1837,158.4599,159.7277,160.9869,163.2203,163.4781,165.696,164.944,166.1547,168.3456,168.5456,167.7403
80.06194,79.52034,78.42805,77.85229,76.22564,75.11568,74.5,73.37111,72.23663,71.09666,69.95126,68.80054,67.64458,66.48347,65.75567,64.57666,63.39274,62.20399,61.41723,60.21111,60.56332,61.22935,61.06087,61.93871,62.35602,61.28629,59.5115,57.74859,55.99772,54.2591,52.22387,50.51857,48.82607,47.14655,45.20453,43.29262,41.92869,40.31118,38.7075,37.35126,36.21712,34.84678,33.68169,32.49697,31.29268,30.2511,28.8256,27.728,26.12456,24.83198,23.65943,22.18945,20.59592
123.2846,124.8219,125.5111,126.1907,126.8608,127.5211,129.0378,129.683,130.3183,130.9437,131.5592,132.1646,132.76,133.3452,133.9203,135.3878,135.9462,136.4942,137.9454,138.4761,141.7577,146.8968,151.131,157.2406,162.443,163.9176,163.5065,164.0196,162.6292,162.1633,161.6796,161.1782,159.7029,159.1641,157.6469,157.0718,156.48,155.8718,155.2473,155.5792,156.8736,157.1837,158.4599,159.7277,160.9869,163.2203,164.4629,163.7234,165.9316,167.1437,168.3456,168.5456,167.7403
80.06194,79.52034,78.42805,77.32979,76.22564,75.11568,74.5,73.37111,72.23663,71.09666,69.95126,68.80054,67.64458,66.48347,65.3173,64.57666,63.39274,62.20399,61.41723,60.21111,60.17259,60.84667,61.06087,61.93871,62.35602,61.28629,59.5115,58.08239,55.99772,54.2591,52.53289,50.81928,48.82607,47.14655,45.20453,43.55986,41.92869,40.31118,38.7075,37.35126,36.21712,34.84678,33.68169,32.49697,31.29268,30.2511,28.99925,27.3979,26.28099,24.97979,23.65943,22.18945,20.59592
123.2846,124.8219,125.5111,126.1907,126.8608,128.3827,129.0378,129.683,130.3183,130.9437,131.5592,132.1646,132.76,133.3452,134.8191,135.3878,135.9462,136.4942,137.9454,138.4761,141.7577,146.8968,151.131,157.2406,162.443,163.9176,163.5065,163.077,162.6292,162.1633,161.6796,160.2244,159.7029,159.1641,157.6469,157.0718,156.48,155.8718,155.2473,155.5792,156.8736,158.16,158.4599,159.7277,160.9869,163.2203,163.4781,163.7234,165.9316,166.1547,167.3553,168.5456,168.7328
80.06194,79.52034,78.42805,77.32979,76.22564,75.62322,74.5,73.37111,72.23663,71.09666,69.95126,68.80054,67.64458,66.48347,65.75567,64.57666,63.39274,62.20399,61.41723,60.21111,60.17259,60.84667,61.06087,61.93871,62.35602,61.28629,59.5115,57.74859,55.99772,54.2591,52.53289,50.51857,48.82607,47.14655,45.20453,43.55986,41.92869,40.31118,38.7075,37.35126,36.21712,35.06322,33.68169,32.49697,31.29268,30.2511,28.8256,27.3979,26.28099,24.83198,23.52025,22.18945,20.71779
123.2846,124.8219,125.5111,126.1907,126.8608,128.3827,129.0378,129.683,130.3183,130.9437,131.5592,132.1646,132.76,134.2402,134.8191,135.3878,135.9462,136.4942,137.9454,138.4761,141.7577,147.8207,152.0582,157.2406,162.443,163.9176,163.5065,164.0196,162.6292,162.1633,161.6796,161.1782,159.7029,159.1641,157.6469,157.0718,156.48,155.8718,155.2473,155.5792,156.8736,158.16,158.4599,159.7277,160.9869,161.2538,163.4781,163.7234,165.9316,166.1547,168.3456,168.5456,167.7403
80.06194,79.52034,78.42805,77.32979,76.22564,75.62322,74.5,73.37111,72.23663,71.09666,69.95126,68.80054,67.64458,66.92967,65.75567,64.57666,63.39274,62.20399,61.41723,60.21111,60.17259,61.22935,61.43548,61.93871,62.35602,61.28629,59.5115,58.08239,55.99772,54.2591,52.53289,50.81928,48.82607,47.14655,45.20453,43.55986,41.92869,40.31118,38.7075,37.35126,36.21712,35.06322,33.68169,32.49697,31.29268,29.88663,28.8256,27.3979,26.28099,24.83198,23.65943,22.18945,20.59592
123.2846,124.8219,125.5111,126.1907,126.8608,127.5211,128.1718,129.683,130.3183,130.9437,131.5592,132.1646,132.76,133.3452,134.8191,135.3878,135.9462,136.4942,138.8589,138.4761,141.7577,146.8968,151.131,157.2406,162.443,163.9176,163.5065,164.0196,162.6292,162.1633,161.6796,161.1782,159.7029,159.1641,157.6469,157.0718,156.48,155.8718,155.2473,155.5792,156.8736,158.16,158.4599,159.7277,160.9869,163.2203,163.4781,164.7097,165.9316,166.1547,168.3456,168.5456,167.7403
80.06194,79.52034,78.42805,77.32979,76.22564,75.11568,74,73.37111,72.23663,71.09666,69.95126,68.80054,67.64458,66.48347,65.75567,64.57666,63.39274,62.20399,61.82397,60.21111,60.17259,60.84667,61.06087,61.93871,62.35602,61.28629,59.5115,58.08239,55.99772,54.2591,52.53289,50.81928,48.82607,47.14655,45.20453,43.55986,41.92869,40.31118,38.7075,37.35126,36.21712,35.06322,33.68169,32.49697,31.29268,30.2511,28.8256,27.56295,26.28099,24.83198,23.65943,22.18945,20.59592
123.2846,125.6653,125.5111,126.1907,126.8608,128.3827,129.0378,129.683,130.3183,130.9437,131.5592,132.1646,132.76,134.2402,134.8191,135.3878,135.9462,136.4942,137.9454,138.4761,141.7577,146.8968,151.131,157.2406,162.443,163.9176,163.5065,164.0196,161.6837,162.1633,161.6796,161.1782,159.7029,159.1641,157.6469,157.0718,156.48,155.8718,155.2473,155.5792,156.8736,158.16,158.4599,159.7277,160.9869,163.2203,163.4781,164.7097,165.9316,166.1547,168.3456,168.5456,168.7328
80.06194,80.05764,78.42805,77.32979,76.22564,75.62322,74.5,73.37111,72.23663,71.09666,69.95126,68.80054,67.64458,66.92967,65.75567,64.57666,63.39274,62.20399,61.41723,60.21111,60.17259,60.84667,61.06087,61.93871,62.35602,61.28629,59.5115,58.08239,55.67215,54.2591,52.53289,50.81928,48.82607,47.14655,45.20453,43.55986,41.92869,40.31118,38.7075,37.35126,36.21712,35.06322,33.68169,32.49697,31.29268,30.2511,28.8256,27.56295,26.28099,24.83198,23.65943,22.18945,20.71779
123.2846,125.6653,125.5111,126.1907,126.8608,127.5211,129.0378,128.8126,130.3183,130.9437,131.5592,132.1646,132.76,133.3452,133.9203,135.3878,135.9462,136.4942,137.9454,137.559,141.7577,147.8207,152.0582,157.2406,163.3766,163.9176,163.5065,164.0196,162.6292,162.1633,161.6796,161.1782,159.7029,159.1641,157.6469,157.0718,156.48,155.8718,155.2473,155.5792,156.8736,158.16,158.4599,159.7277,160.0052,163.2203,164.4629,164.7097,165.9316,167.1437,168.3456,168.5456,167.7403
80.06194,80.05764,78.42805,77.32979,76.22564,75.11568,74.5,72.87869,72.23663,71.09666,69.95126,68.80054,67.64458,66.48347,65.3173,64.57666,63.39274,62.20399,61.41723,59.81236,60.17259,61.22935,61.43548,61.93871,62.71439,61.28629,59.5115,58.08239,55.99772,54.2591,52.53289,50.81928,48.82607,47.14655,45.20453,43.55986,41.92869,40.31118,38.7075,37.35126,36.21712,35.06322,33.68169,32.49697,31.10187,30.2511,28.99925,27.56295,26.28099,24.97979,23.65943,22.18945,20.59592
123.2846,125.6653,126.3592,126.1907,127.7179,127.5211,129.0378,129.683,130.3183,130.9437,131.5592,132.1646,132.76,134.2402,134.8191,135.3878,135.9462,136.4942,138.8589,138.4761,141.7577,146.8968,152.0582,157.2406,162.443,164.8543,163.5065,163.077,162.6292,162.1633,161.6796,161.1782,159.7029,159.1641,157.6469,157.0718,156.48,155.8718,155.2473,155.5792,156.8736,157.1837,158.4599,159.7277,160.9869,163.2203,163.4781,164.7097,166.9193,167.1437,168.3456,169.5371,168.7328
80.06194,80.05764,78.95797,77.32979,76.74067,75.11568,74.5,73.37111,72.23663,71.09666,69.95126,68.80054,67.64458,66.92967,65.75567,64.57666,63.39274,62.20399,61.82397,60.21111,60.17259,60.84667,61.43548,61.93871,62.35602,61.6365,59.5115,57.74859,55.99772,54.2591,52.53289,50.81928,48.82607,47.14655,45.20453,43.55986,41.92869,40.31118,38.7075,37.35126,36.21712,34.84678,33.68169,32.49697,31.29268,30.2511,28.8256,27.56295,26.43742,24.97979,23.65943,22.31998,20.71779
123.2846,124.8219,126.3592,127.0434,127.7179,128.3827,128.1718,129.683,130.3183,130.9437,131.5592,133.0516,132.76,133.3452,134.8191,135.3878,135.9462,136.4942,137.9454,138.4761,141.7577,146.8968,151.131,157.2406,162.443,163.9176,163.5065,164.0196,162.6292,162.1633,161.6796,160.2244,160.6592,159.1641,157.6469,156.1081,156.48,155.8718,155.2473,155.5792,155.8992,158.16,158.4599,159.7277,160.9869,161.2538,164.4629,164.7097,166.9193,166.1547,167.3553,168.5456,168.7328
80.06194,79.52034,78.95797,77.85229,76.74067,75.62322,74,73.37111,72.23663,71.09666,69.95126,69.26229,67.64458,66.48347,65.75567,64.57666,63.39274,62.20399,61.41723,60.21111,60.17259,60.84667,61.06087,61.93871,62.35602,61.28629,59.5115,58.08239,55.99772,54.2591,52.53289,50.51857,49.11845,47.14655,45.20453,43.29262,41.92869,40.31118,38.7075,37.35126,35.99217,35.06322,33.68169,32.49697,31.29268,29.88663,28.99925,27.56295,26.43742,24.83198,23.52025,22.18945,20.71779
123.2846,125.6653,125.5111,126.1907,126.8608,128.3827,129.0378,128.8126,130.3183,130.9437,131.5592,132.1646,132.76,133.3452,134.8191,135.3878,135.9462,136.4942,137.9454,138.4761,141.7577,147.8207,151.131,157.2406,162.443,163.9176,164.4462,163.077,163.5747,162.1633,160.7286,160.2244,159.7029,159.1641,157.6469,157.0718,156.48,155.8718,155.2473,155.5792,156.8736,158.16,158.4599,159.7277,160.9869,163.2203,164.4629,163.7234,165.9316,166.1547,168.3456,168.5456,168.7328
80.06194,80.05764,78.42805,77.32979,76.22564,75.62322,74.5,72.87869,72.23663,71.09666,69.95126,68.80054,67.64458,66.48347,65.75567,64.57666,63.39274,62.20399,61.41723,60.21111,60.17259,61.22935,61.06087,61.93871,62.35602,61.28629,59.85353,57.74859,56.32329,54.2591,52.22387,50.51857,48.82607,47.14655,45.20453,43.55986,41.92869,40.31118,38.7075,37.35126,36.21712,35.06322,33.68169,32.49697,31.29268,30.2511,28.99925,27.3979,26.28099,24.83198,23.65943,22.18945,20.71779
123.2846,124.8219,125.5111,126.1907,126.8608,127.5211,129.0378,129.683,129.4437,130.9437,131.5592,132.1646,132.76,134.2402,134.8191,135.3878,135.9462,136.4942,138.8589,138.4761,142.6783,146.8968,151.131,155.3797,163.3766,163.9176,163.5065,164.0196,162.6292,162.1633,161.6796,161.1782,159.7029,159.1641,157.6469,157.0718,156.48,155.8718,155.2473,155.5792,156.8736,158.16,158.4599,159.7277,160.9869,161.2538,164.4629,165.696,165.9316,166.1547,168.3456,168.5456,168.7328
80.06194,79.52034,78.42805,77.32979,76.22564,75.11568,74.5,73.37111,71.75182,71.09666,69.95126,68.80054,67.64458,66.92967,65.75567,64.57666,63.39274,62.20399,61.82397,60.21111,60.56332,60.84667,61.06087,61.2057,62.71439,61.28629,59.5115,58.08239,55.99772,54.2591,52.53289,50.81928,48.82607,47.14655,45.20453,43.55986,41.92869,40.31118,38.7075,37.35126,36.21712,35.06322,33.68169,32.49697,31.29268,29.88663,28.99925,27.728,26.28099,24.83198,23.65943,22.18945,20.71779
