162.4235,163.5651,163.9062,164.2241,164.5189,165.5945,166.6575,166.8937,167.9262,168.1217,168.2946,168.4449,168.5728,169.5217,172.1538,174.7912,175.7193,179.2189,181.8653,184.5154,187.1686,188.9457,191.5996,194.2554,195.1304,188.8312,186.0504,181.4196,179.4489,177.4424,177.2278,177.9097,177.6574,179.2326,178.9465,179.5706,180.181,180.7777,181.3607,182.8724,182.4851,183.9748,184.505,185.0211
131.528,130.1056,128.0576,126.0136,123.9739,122.5335,121.0838,119.0441,117.5832,115.5469,113.5162,111.4913,109.4724,107.9972,107.5736,107.1122,105.5828,105.568,105,104.3938,103.7493,102.5891,101.8753,101.1229,99.42392,94.14774,90.74283,86.53273,83.67842,80.86518,78.90691,77.35732,75.41111,74.24059,72.29907,70.73474,69.16501,67.59002,66.00989,64.75853,62.83465,61.5571,59.9493,58.33693
161.6464,163.5651,164.6942,164.2241,164.5189,165.5945,166.6575,166.8937,167.9262,168.1217,168.2946,168.4449,169.4115,170.3651,172.1538,174.7912,176.5765,179.2189,180.9993,184.5154,187.1686,188.9457,192.4826,194.2554,195.1304,189.7261,185.1516,182.3222,179.4489,177.4424,177.2278,177.9097,178.5779,179.2326,179.8737,179.5706,181.1146,180.7777,181.3607,181.9298,183.4306,183.9748,184.505,184.0674
130.8986,130.1056,128.6732,126.0136,123.9739,122.5335,121.0838,119.0441,117.5832,115.5469,113.5162,111.4913,110.0171,108.5345,107.5736,107.1122,106.0978,105.568,104.5,104.3938,103.7493,102.5891,102.3448,101.1229,99.42392,94.59394,90.30446,86.96324,83.67842,80.86518,78.90691,77.35732,75.80184,74.24059,72.67368,70.73474,69.52338,67.59002,66.00989,64.42472,63.16022,61.5571,59.9493,58.03622
161.6464,163.5651,163.1182,164.2241,165.3176,165.5945,166.6575,166.8937,167.107,168.1217,168.2946,168.4449,169.4115,170.3651,172.1538,174.7912,176.5765,178.3572,180.9993,184.5154,187.1686,188.9457,191.5996,194.2554,195.1304,189.7261,186.0504,182.3222,179.4489,177.4424,177.2278,177.9097,178.5779,179.2326,178.9465,180.501,180.181,181.7144,181.3607,181.9298,183.4306,183.0265,184.505,185.0211
130.8986,130.1056,127.4419,126.0136,124.5757,122.5335,121.0838,119.0441,117.0096,115.5469,113.5162,111.4913,110.0171,108.5345,107.5736,107.1122,106.0978,105.0604,104.5,104.3938,103.7493,102.5891,101.8753,101.1229,99.42392,94.59394,90.74283,86.96324,83.67842,80.86518,78.90691,77.35732,75.80184,74.24059,72.29907,71.10124,69.16501,67.94023,66.00989,64.42472,63.16022,61.2398,59.9493,58.33693
161.6464,163.5651,163.9062,165.0175,164.5189,165.5945,166.6575,166.8937,167.9262,168.1217,168.2946,168.4449,169.4115,170.3651,172.1538,174.7912,176.5765,179.2189,181.8653,184.5154,187.1686,188.9457,191.5996,194.2554,195.1304,189.7261,185.1516,182.3222,179.4489,177.4424,177.2278,177.9097,178.5779,178.3087,179.8737,179.5706,180.181,180.7777,181.3607,181.9298,182.4851,183.0265,184.505,184.0674
130.8986,130.1056,128.0576,126.6224,123.9739,122.5335,121.0838,119.0441,117.5832,115.5469,113.5162,111.4913,110.0171,108.5345,107.5736,107.1122,106.0978,105.568,105,104.3938,103.7493,102.5891,101.8753,101.1229,99.42392,94.59394,90.30446,86.96324,83.67842,80.86518,78.90691,77.35732,75.80184,73.8579,72.67368,70.73474,69.16501,67.59002,66.00989,64.42472,62.83465,61.2398,59.9493,58.03622
162.4235,163.5651,163.9062,165.0175,165.3176,165.5945,166.6575,166.8937,167.9262,168.1217,168.2946,168.4449,168.5728,170.3651,172.1538,174.7912,176.5765,178.3572,181.8653,184.5154,187.1686,188.9457,191.5996,194.2554,195.1304,189.7261,186.0504,182.3222,179.4489,177.4424,177.2278,177.9097,178.5779,179.2326,179.8737,179.5706,180.181,180.7777,181.3607,182.8724,182.4851,183.0265,184.505,185.0211
131.528,130.1056,128.0576,126.6224,124.5757,122.5335,121.0838,119.0441,117.5832,115.5469,113.5162,111.4913,109.4724,108.5345,107.5736,107.1122,106.0978,105.0604,105,104.3938,103.7493,102.5891,101.8753,101.1229,99.42392,94.59394,90.74283,86.96324,83.67842,80.86518,78.90691,77.35732,75.80184,74.24059,72.67368,70.73474,69.16501,67.59002,66.00989,64.75853,62.83465,61.2398,59.9493,58.33693
161.6464,163.5651,163.1182,164.2241,164.5189,165.5945,166.6575,166.8937,167.107,168.1217,168.2946,168.4449,169.4115,170.3651,172.1538,174.7912,176.5765,179.2189,181.8653,183.6451,187.1686,188.9457,192.4826,195.1424,195.1304,189.7261,186.0504,182.3222,178.5426,177.4424,177.2278,177.9097,178.5779,179.2326,178.9465,179.5706,180.181,180.7777,181.3607,181.9298,182.4851,183.0265,184.505,184.0674
130.8986,130.1056,127.4419,126.0136,123.9739,122.5335,121.0838,119.0441,117.0096,115.5469,113.5162,111.4913,110.0171,108.5345,107.5736,107.1122,106.0978,105.568,105,103.9014,103.7493,102.5891,102.3448,101.5847,99.42392,94.59394,90.74283,86.96324,83.2558,80.86518,78.90691,77.35732,75.80184,74.24059,72.29907,70.73474,69.16501,67.59002,66.00989,64.42472,62.83465,61.2398,59.9493,58.03622
162.4235,163.5651,163.9062,165.0175,165.3176,164.7907,166.6575,167.7078,167.107,168.1217,168.2946,168.4449,169.4115,170.3651,172.1538,174.7912,176.5765,178.3572,181.8653,183.6451,187.1686,188.9457,192.4826,195.1424,195.1304,189.7261,186.0504,182.3222,179.4489,177.4424,177.2278,177.9097,178.5779,178.3087,178.9465,180.501,180.181,180.7777,181.3607,182.8724,182.4851,183.9748,184.505,185.0211
131.528,130.1056,128.0576,126.6224,124.5757,121.9387,121.0838,119.6248,117.0096,115.5469,113.5162,111.4913,110.0171,108.5345,107.5736,107.1122,106.0978,105.0604,105,103.9014,103.7493,102.5891,102.3448,101.5847,99.42392,94.59394,90.74283,86.96324,83.67842,80.86518,78.90691,77.35732,75.80184,73.8579,72.29907,71.10124,69.16501,67.59002,66.00989,64.75853,62.83465,61.5571,59.9493,58.33693
161.6464,163.5651,163.9062,165.0175,164.5189,164.7907,166.6575,166.8937,167.9262,168.1217,168.2946,168.4449,169.4115,170.3651,172.1538,174.7912,176.5765,178.3572,181.8653,184.5154,187.1686,188.9457,191.5996,194.2554,195.1304,189.7261,186.0504,182.3222,179.4489,177.4424,177.2278,177.9097,177.6574,178.3087,178.9465,179.5706,180.181,181.7144,181.3607,181.9298,182.4851,183.0265,184.505,184.0674
130.8986,130.1056,128.0576,126.6224,123.9739,121.9387,121.0838,119.0441,117.5832,115.5469,113.5162,111.4913,110.0171,108.5345,107.5736,107.1122,106.0978,105.0604,105,104.3938,103.7493,102.5891,101.8753,101.1229,99.42392,94.59394,90.74283,86.96324,83.67842,80.86518,78.90691,77.35732,75.41111,73.8579,72.29907,70.73474,69.16501,67.94023,66.00989,64.42472,62.83465,61.2398,59.9493,58.03622
162.4235,163.5651,163.9062,164.2241,165.3176,165.5945,166.6575,166.8937,167.107,168.1217,168.2946,168.4449,169.4115,170.3651,172.1538,174.7912,175.7193,179.2189,181.8653,184.5154,187.1686,188.9457,192.4826,195.1424,195.1304,188.8312,186.0504,182.3222,179.4489,177.4424,177.2278,176.9926,177.6574,179.2326,178.9465,179.5706,180.181,181.7144,181.3607,181.9298,183.4306,183.0265,184.505,184.0674
131.528,130.1056,128.0576,126.0136,124.5757,122.5335,121.0838,119.0441,117.0096,115.5469,113.5162,111.4913,110.0171,108.5345,107.5736,107.1122,105.5828,105.568,105,104.3938,103.7493,102.5891,102.3448,101.5847,99.42392,94.14774,90.74283,86.96324,83.67842,80.86518,78.90691,76.95857,75.41111,74.24059,72.29907,70.73474,69.16501,67.94023,66.00989,64.42472,63.16022,61.2398,59.9493,58.03622
161.6464,163.5651,163.1182,165.0175,165.3176,165.5945,166.6575,167.7078,167.107,168.1217,168.2946,168.4449,169.4115,170.3651,172.1538,174.7912,175.7193,179.2189,181.8653,184.5154,187.1686,188.9457,191.5996,194.2554,195.1304,189.7261,186.0504,181.4196,178.5426,177.4424,177.2278,176.9926,178.5779,179.2326,178.9465,179.5706,180.181,181.7144,181.3607,181.9298,183.4306,183.9748,184.505,185.0211
130.8986,130.1056,127.4419,126.6224,124.5757,122.5335,121.0838,119.6248,117.0096,115.5469,113.5162,111.4913,110.0171,108.5345,107.5736,107.1122,105.5828,105.568,105,104.3938,103.7493,102.5891,101.8753,101.1229,99.42392,94.59394,90.74283,86.53273,83.2558,80.86518,78.90691,76.95857,75.80184,74.24059,72.29907,70.73474,69.16501,67.94023,66.00989,64.42472,63.16022,61.5571,59.9493,58.33693
161.6464,163.5651,163.9062,165.0175,165.3176,165.5945,166.6575,166.8937,167.9262,168.1217,168.2946,168.4449,169.4115,170.3651,172.1538,174.7912,175.7193,179.2189,180.9993,183.6451,187.1686,188.9457,191.5996,195.1424,195.1304,189.7261,186.0504,182.3222,179.4489,177.4424,177.2278,177.9097,178.5779,179.2326,178.9465,179.5706,180.181,180.7777,181.3607,182.8724,183.4306,183.9748,184.505,185.0211
130.8986,130.1056,128.0576,126.6224,124.5757,122.5335,121.0838,119.0441,117.5832,115.5469,113.5162,111.4913,110.0171,108.5345,107.5736,107.1122,105.5828,105.568,104.5,103.9014,103.7493,102.5891,101.8753,101.5847,99.42392,94.59394,90.74283,86.96324,83.67842,80.86518,78.90691,77.35732,75.80184,74.24059,72.29907,70.73474,69.16501,67.59002,66.00989,64.75853,63.16022,61.5571,59.9493,58.33693
162.4235,163.5651,163.9062,165.0175,164.5189,165.5945,166.6575,166.8937,167.107,167.2976,168.2946,168.4449,169.4115,170.3651,172.1538,174.7912,176.5765,179.2189,180.9993,184.5154,187.1686,188.9457,192.4826,194.2554,195.1304,189.7261,186.0504,182.3222,179.4489,177.4424,177.2278,176.9926,178.5779,179.2326,179.8737,180.501,180.181,180.7777,181.3607,182.8724,183.4306,183.0265,184.505,185.0211
131.528,130.1056,128.0576,126.6224,123.9739,122.5335,121.0838,119.0441,117.0096,114.9805,113.5162,111.4913,110.0171,108.5345,107.5736,107.1122,106.0978,105.568,104.5,104.3938,103.7493,102.5891,102.3448,101.1229,99.42392,94.59394,90.74283,86.96324,83.67842,80.86518,78.90691,76.95857,75.80184,74.24059,72.67368,71.10124,69.16501,67.59002,66.00989,64.75853,63.16022,61.2398,59.9493,58.33693
161.6464,163.5651,164.6942,165.0175,165.3176,165.5945,166.6575,167.7078,167.107,168.1217,168.2946,168.4449,169.4115,170.3651,172.1538,174.7912,175.7193,179.2189,181.8653,184.5154,187.1686,188.9457,191.5996,194.2554,195.1304,189.7261,185.1516,182.3222,179.4489,177.4424,177.2278,177.9097,178.5779,179.2326,179.8737,179.5706,180.181,180.7777,181.3607,181.9298,182.4851,183.9748,184.505,185.0211
130.8986,130.1056,128.6732,126.6224,124.5757,122.5335,121.0838,119.6248,117.0096,115.5469,113.5162,111.4913,110.0171,108.5345,107.5736,107.1122,105.5828,105.568,105,104.3938,103.7493,102.5891,101.8753,101.1229,99.42392,94.59394,90.30446,86.96324,83.67842,80.86518,78.90691,77.35732,75.80184,74.24059,72.67368,70.73474,69.16501,67.59002,66.00989,64.42472,62.83465,61.5571,59.9493,58.33693
161.6464,163.5651,163.1182,164.2241,165.3176,165.5945,166.6575,166.8937,167.107,168.1217,168.2946,168.4449,169.4115,170.3651,172.1538,174.7912,175.7193,179.2189,180.9993,184.5154,187.1686,188.9457,191.5996,194.2554,195.1304,189.7261,185.1516,182.3222,178.5426,177.4424,177.2278,177.9097,178.5779,178.3087,178.9465,180.501,180.181,180.7777,182.3004,181.9298,183.4306,183.0265,184.505,185.0211
130.8986,130.1056,127.4419,126.0136,124.5757,122.5335,121.0838,119.0441,117.0096,115.5469,113.5162,111.4913,110.0171,108.5345,107.5736,107.1122,105.5828,105.568,104.5,104.3938,103.7493,102.5891,101.8753,101.1229,99.42392,94.59394,90.30446,86.96324,83.2558,80.86518,78.90691,77.35732,75.80184,73.8579,72.29907,71.10124,69.16501,67.59002,66.35191,64.42472,63.16022,61.2398,59.9493,58.33693
162.4235,163.5651,163.9062,164.2241,165.3176,165.5945,166.6575,166.8937,167.9262,168.1217,169.1237,168.4449,169.4115,170.3651,172.1538,174.7912,176.5765,179.2189,180.9993,184.5154,187.1686,188.9457,192.4826,195.1424,195.1304,188.8312,186.0504,182.3222,179.4489,177.4424,177.2278,177.9097,177.6574,179.2326,178.9465,179.5706,180.181,181.7144,182.3004,181.9298,183.4306,183.9748,184.505,185.0211
131.528,130.1056,128.0576,126.0136,124.5757,122.5335,121.0838,119.0441,117.5832,115.5469,114.0754,111.4913,110.0171,108.5345,107.5736,107.1122,106.0978,105.568,104.5,104.3938,103.7493,102.5891,102.3448,101.5847,99.42392,94.14774,90.74283,86.96324,83.67842,80.86518,78.90691,77.35732,75.41111,74.24059,72.29907,70.73474,69.16501,67.94023,66.35191,64.42472,63.16022,61.5571,59.9493,58.33693
162.4235,163.5651,163.9062,164.2241,165.3176,165.5945,166.6575,166.8937,167.9262,168.1217,168.2946,168.4449,169.4115,170.3651,172.1538,174.7912,175.7193,179.2189,181.8653,184.5154,187.1686,188.9457,192.4826,194.2554,195.1304,188.8312,186.0504,182.3222,179.4489,177.4424,177.2278,177.9097,178.5779,179.2326,178.9465,179.5706,180.181,181.7144,182.3004,181.9298,182.4851,183.9748,184.505,185.0211
131.528,130.1056,128.0576,126.0136,124.5757,122.5335,121.0838,119.0441,117.5832,115.5469,113.5162,111.4913,110.0171,108.5345,107.5736,107.1122,105.5828,105.568,105,104.3938,103.7493,102.5891,102.3448,101.1229,99.42392,94.14774,90.74283,86.96324,83.67842,80.86518,78.90691,77.35732,75.80184,74.24059,72.29907,70.73474,69.16501,67.94023,66.35191,64.42472,62.83465,61.5571,59.9493,58.33693
162.4235,163.5651,163.9062,165.0175,165.3176,165.5945,166.6575,166.8937,167.107,168.1217,168.2946,168.4449,169.4115,170.3651,172.1538,174.7912,175.7193,179.2189,181.8653,184.5154,187.1686,188.9457,191.5996,194.2554,195.1304,189.7261,186.0504,182.3222,179.4489,177.4424,177.2278,177.9097,178.5779,178.3087,179.8737,179.5706,180.181,180.7777,181.3607,181.9298,182.4851,183.9748,184.505,185.0211
131.528,130.1056,128.0576,126.6224,124.5757,122.5335,121.0838,119.0441,117.0096,115.5469,113.5162,111.4913,110.0171,108.5345,107.5736,107.1122,105.5828,105.568,105,104.3938,103.7493,102.5891,101.8753,101.1229,99.42392,94.59394,90.74283,86.96324,83.67842,80.86518,78.90691,77.35732,75.80184,73.8579,72.67368,70.73474,69.16501,67.59002,66.00989,64.42472,62.83465,61.5571,59.9493,58.33693
162.4235,163.5651,163.1182,165.0175,165.3176,165.5945,166.6575,166.8937,167.107,168.1217,168.2946,168.4449,168.5728,170.3651,172.1538,174.7912,176.5765,179.2189,181.8653,183.6451,187.1686,188.9457,192.4826,194.2554,195.1304,189.7261,186.0504,181.4196,179.4489,177.4424,177.2278,177.9097,178.5779,179.2326,179.8737,179.5706,181.1146,180.7777,182.3004,182.8724,183.4306,183.9748,184.505,185.0211
131.528,130.1056,127.4419,126.6224,124.5757,122.5335,121.0838,119.0441,117.0096,115.5469,113.5162,111.4913,109.4724,108.5345,107.5736,107.1122,106.0978,105.568,105,103.9014,103.7493,102.5891,102.3448,101.1229,99.42392,94.59394,90.74283,86.53273,83.67842,80.86518,78.90691,77.35732,75.80184,74.24059,72.67368,70.73474,69.52338,67.59002,66.35191,64.75853,63.16022,61.5571,59.9493,58.33693
161.6464,163.5651,163.9062,164.2241,165.3176,165.5945,166.6575,166.8937,167.9262,168.1217,168.2946,168.4449,169.4115,170.3651,172.1538,174.7912,176.5765,179.2189,180.9993,184.5154,186.294,188.9457,192.4826,194.2554,195.1304,189.7261,185.1516,182.3222,179.4489,177.4424,177.2278,177.9097,178.5779,178.3087,178.9465,179.5706,180.181,180.7777,182.3004,182.8724,183.4306,183.9748,184.505,185.0211
130.8986,130.1056,128.0576,126.0136,124.5757,122.5335,121.0838,119.0441,117.5832,115.5469,113.5162,111.4913,110.0171,108.5345,107.5736,107.1122,106.0978,105.568,104.5,104.3938,103.2644,102.5891,102.3448,101.1229,99.42392,94.59394,90.30446,86.96324,83.67842,80.86518,78.90691,77.35732,75.80184,73.8579,72.29907,70.73474,69.16501,67.59002,66.35191,64.75853,63.16022,61.5571,59.9493,58.33693
162.4235,163.5651,164.6942,164.2241,165.3176,165.5945,166.6575,166.8937,167.107,168.1217,168.2946,168.4449,169.4115,170.3651,172.1538,174.7912,176.5765,179.2189,180.9993,183.6451,187.1686,188.9457,191.5996,194.2554,195.1304,188.8312,186.0504,182.3222,179.4489,177.4424,177.2278,177.9097,178.5779,179.2326,179.8737,179.5706,180.181,180.7777,181.3607,181.9298,183.4306,183.0265,184.505,185.0211
131.528,130.1056,128.6732,126.0136,124.5757,122.5335,121.0838,119.0441,117.0096,115.5469,113.5162,111.4913,110.0171,108.5345,107.5736,107.1122,106.0978,105.568,104.5,103.9014,103.7493,102.5891,101.8753,101.1229,99.42392,94.14774,90.74283,86.96324,83.67842,80.86518,78.90691,77.35732,75.80184,74.24059,72.67368,70.73474,69.16501,67.59002,66.00989,64.42472,63.16022,61.2398,59.9493,58.33693
162.4235,163.5651,163.1182,164.2241,165.3176,165.5945,166.6575,166.8937,167.9262,168.1217,168.2946,168.4449,169.4115,170.3651,172.1538,174.7912,176.5765,179.2189,181.8653,184.5154,187.1686,188.9457,192.4826,194.2554,195.1304,189.7261,185.1516,182.3222,178.5426,177.4424,177.2278,177.9097,177.6574,179.2326,179.8737,179.5706,180.181,180.7777,182.3004,181.9298,182.4851,183.9748,184.505,184.0674
131.528,130.1056,127.4419,126.0136,124.5757,122.5335,121.0838,119.0441,117.5832,115.5469,113.5162,111.4913,110.0171,108.5345,107.5736,107.1122,106.0978,105.568,105,104.3938,103.7493,102.5891,102.3448,101.1229,99.42392,94.59394,90.30446,86.96324,83.2558,80.86518,78.90691,77.35732,75.41111,74.24059,72.67368,70.73474,69.16501,67.59002,66.35191,64.42472,62.83465,61.5571,59.9493,58.03622
161.6464,163.5651,163.9062,164.2241,164.5189,165.5945,166.6575,166.8937,167.9262,167.2976,168.2946,168.4449,169.4115,170.3651,172.1538,174.7912,175.7193,179.2189,180.9993,184.5154,187.1686,188.9457,191.5996,195.1424,195.1304,188.8312,186.0504,182.3222,179.4489,177.4424,177.2278,177.9097,177.6574,179.2326,179.8737,180.501,180.181,180.7777,181.3607,182.8724,183.4306,183.9748,184.505,185.0211
130.8986,130.1056,128.0576,126.0136,123.9739,122.5335,121.0838,119.0441,117.5832,114.9805,113.5162,111.4913,110.0171,108.5345,107.5736,107.1122,105.5828,105.568,104.5,104.3938,103.7493,102.5891,101.8753,101.5847,99.42392,94.14774,90.74283,86.96324,83.67842,80.86518,78.90691,77.35732,75.41111,74.24059,72.67368,71.10124,69.16501,67.59002,66.00989,64.75853,63.16022,61.5571,59.9493,58.33693
161.6464,163.5651,163.1182,165.0175,165.3176,165.5945,166.6575,166.8937,167.107,168.1217,168.2946,168.4449,169.4115,170.3651,172.1538,174.7912,175.7193,178.3572,181.8653,184.5154,187.1686,188.9457,191.5996,194.2554,195.1304,188.8312,185.1516,182.3222,179.4489,177.4424,177.2278,177.9097,178.5779,178.3087,179.8737,180.501,180.181,180.7777,182.3004,181.9298,183.4306,183.0265,184.505,184.0674
130.8986,130.1056,127.4419,126.6224,124.5757,122.5335,121.0838,119.0441,117.0096,115.5469,113.5162,111.4913,110.0171,108.5345,107.5736,107.1122,105.5828,105.0604,105,104.3938,103.7493,102.5891,101.8753,101.1229,99.42392,94.14774,90.30446,86.96324,83.67842,80.86518,78.90691,77.35732,75.80184,73.8579,72.67368,71.10124,69.16501,67.59002,66.35191,64.42472,63.16022,61.2398,59.9493,58.03622
161.6464,163.5651,163.9062,165.0175,165.3176,165.5945,166.6575,166.8937,167.107,168.1217,168.2946,168.4449,169.4115,170.3651,172.1538,174.7912,176.5765,179.2189,181.8653,183.6451,187.1686,188.9457,192.4826,195.1424,195.1304,189.7261,186.0504,182.3222,179.4489,177.4424,177.2278,177.9097,178.5779,178.3087,179.8737,179.5706,181.1146,180.7777,181.3607,181.9298,183.4306,183.0265,184.505,184.0674
130.8986,130.1056,128.0576,126.6224,124.5757,122.5335,121.0838,119.0441,117.0096,115.5469,113.5162,111.4913,110.0171,108.5345,107.5736,107.1122,106.0978,105.568,105,103.9014,103.7493,102.5891,102.3448,101.5847,99.42392,94.59394,90.74283,86.96324,83.67842,80.86518,78.90691,77.35732,75.80184,73.8579,72.67368,70.73474,69.52338,67.59002,66.00989,64.42472,63.16022,61.2398,59.9493,58.03622
162.4235,163.5651,163.1182,165.0175,165.3176,165.5945,166.6575,166.8937,167.107,168.1217,168.2946,168.4449,168.5728,170.3651,172.1538,174.7912,175.7193,179.2189,180.9993,183.6451,187.1686,188.9457,192.4826,194.2554,195.1304,189.7261,185.1516,182.3222,179.4489,177.4424,177.2278,177.9097,177.6574,178.3087,179.8737,179.5706,181.1146,180.7777,182.3004,181.9298,183.4306,183.9748,184.505,185.0211
131.528,130.1056,127.4419,126.6224,124.5757,122.5335,121.0838,119.0441,117.0096,115.5469,113.5162,111.4913,109.4724,108.5345,107.5736,107.1122,105.5828,105.568,104.5,103.9014,103.7493,102.5891,102.3448,101.1229,99.42392,94.59394,90.30446,86.96324,83.67842,80.86518,78.90691,77.35732,75.41111,73.8579,72.67368,70.73474,69.52338,67.59002,66.35191,64.42472,63.16022,61.5571,59.9493,58.33693
161.6464,163.5651,163.9062,165.0175,164.5189,165.5945,166.6575,167.7078,167.107,168.1217,168.2946,168.4449,169.4115,170.3651,172.1538,174.7912,175.7193,179.2189,181.8653,183.6451,187.1686,188.9457,191.5996,195.1424,195.1304,189.7261,185.1516,182.3222,179.4489,177.4424,177.2278,177.9097,177.6574,179.2326,178.9465,179.5706,180.181,180.7777,181.3607,181.9298,183.4306,183.9748,184.505,185.0211
130.8986,130.1056,128.0576,126.6224,123.9739,122.5335,121.0838,119.6248,117.0096,115.5469,113.5162,111.4913,110.0171,108.5345,107.5736,107.1122,105.5828,105.568,105,103.9014,103.7493,102.5891,101.8753,101.5847,99.42392,94.59394,90.30446,86.96324,83.67842,80.86518,78.90691,77.35732,75.41111,74.24059,72.29907,70.73474,69.16501,67.59002,66.00989,64.42472,63.16022,61.5571,59.9493,58.33693
162.4235,163.5651,163.1182,165.0175,165.3176,165.5945,166.6575,166.8937,167.107,168.1217,168.2946,168.4449,169.4115,170.3651,172.1538,174.7912,176.5765,178.3572,181.8653,183.6451,187.1686,188.9457,191.5996,194.2554,195.1304,189.7261,186.0504,182.3222,179.4489,177.4424,177.2278,177.9097,178.5779,178.3087,178.9465,179.5706,181.1146,180.7777,182.3004,181.9298,182.4851,183.0265,184.505,185.0211
131.528,130.1056,127.4419,126.6224,124.5757,122.5335,121.0838,119.0441,117.0096,115.5469,113.5162,111.4913,110.0171,108.5345,107.5736,107.1122,106.0978,105.0604,105,103.9014,103.7493,102.5891,101.8753,101.1229,99.42392,94.59394,90.74283,86.96324,83.67842,80.86518,78.90691,77.35732,75.80184,73.8579,72.29907,70.73474,69.52338,67.59002,66.35191,64.42472,62.83465,61.2398,59.9493,58.33693
161.6464,163.5651,164.6942,164.2241,164.5189,164.7907,166.6575,166.8937,167.9262,168.1217,168.2946,168.4449,169.4115,170.3651,172.1538,174.7912,175.7193,179.2189,181.8653,183.6451,187.1686,188.9457,192.4826,194.2554,195.1304,189.7261,185.1516,182.3222,179.4489,177.4424,177.2278,177.9097,178.5779,178.3087,178.9465,180.501,180.181,180.7777,182.3004,182.8724,182.4851,183.0265,184.505,185.0211
130.8986,130.1056,128.6732,126.0136,123.9739,121.9387,121.0838,119.0441,117.5832,115.5469,113.5162,111.4913,110.0171,108.5345,107.5736,107.1122,105.5828,105.568,105,103.9014,103.7493,102.5891,102.3448,101.1229,99.42392,94.59394,90.30446,86.96324,83.67842,80.86518,78.90691,77.35732,75.80184,73.8579,72.29907,71.10124,69.16501,67.59002,66.35191,64.75853,62.83465,61.2398,59.9493,58.33693
161.6464,163.5651,164.6942,165.0175,164.5189,165.5945,166.6575,166.8937,167.9262,168.1217,168.2946,168.4449,167.7341,170.3651,172.1538,174.7912,176.5765,179.2189,181.8653,183.6451,187.1686,188.9457,191.5996,194.2554,195.1304,188.8312,185.1516,182.3222,179.4489,177.4424,177.2278,176.9926,177.6574,178.3087,179.8737,180.501,180.181,180.7777,181.3607,181.9298,183.4306,183.0265,184.505,185.0211
130.8986,130.1056,128.6732,126.6224,123.9739,122.5335,121.0838,119.0441,117.5832,115.5469,113.5162,111.4913,108.9278,108.5345,107.5736,107.1122,106.0978,105.568,105,103.9014,103.7493,102.5891,101.8753,101.1229,99.42392,94.14774,90.30446,86.96324,83.67842,80.86518,78.90691,76.95857,75.41111,73.8579,72.67368,71.10124,69.16501,67.59002,66.00989,64.42472,63.16022,61.2398,59.9493,58.33693
161.6464,163.5651,163.1182,165.0175,165.3176,165.5945,166.6575,166.8937,167.107,168.1217,168.2946,168.4449,169.4115,170.3651,172.1538,174.7912,175.7193,179.2189,181.8653,183.6451,187.1686,188.9457,191.5996,195.1424,195.1304,189.7261,186.0504,182.3222,179.4489,177.4424,177.2278,177.9097,177.6574,179.2326,179.8737,179.5706,180.181,180.7777,181.3607,181.9298,183.4306,183.0265,184.505,184.0674
130.8986,130.1056,127.4419,126.6224,124.5757,122.5335,121.0838,119.0441,117.0096,115.5469,113.5162,111.4913,110.0171,108.5345,107.5736,107.1122,105.5828,105.568,105,103.9014,103.7493,102.5891,101.8753,101.5847,99.42392,94.59394,90.74283,86.96324,83.67842,80.86518,78.90691,77.35732,75.41111,74.24059,72.67368,70.73474,69.16501,67.59002,66.00989,64.42472,63.16022,61.2398,59.9493,58.03622
