112.6085,111.8856,112.6862,111.913,111.8975,112.6562,111.809,111.7361,112.4534,112.3479,112.2238,112.0812,112.7491,112.5746,112.3819,113.0145,113.6384,114.2538,114.8604,116.3199,117.7795,119.2387,119.8229,121.2768,122.7297,124.1815,124.7409,127.0807,128.5275,129.9723,130.5083,131.9444,132.4641,134.8078,135.3142,138.5819,139.0776,138.6322,133.502,129.2608,125.9188,121.6008,118.1898,115.6955,114.1268,114.446,114.7566,114.0995,114.3901,114.672,114.9452,115.2096,115.4652,114.7397,114.9757,115.2029,115.4214,115.6311,115.832,116.0241,116.2073,116.3817,115.5595,116.7039,116.8516,116.9905,118.113
94.48978,92.23134,91.25146,89.01959,87.42393,86.44412,84.2541,82.68037,81.70215,80.13701,78.57997,77.03125,76.05023,74.51149,72.98163,71.99815,71.00918,70.01481,69.0151,68.51768,68,67.46203,66.41892,65.84791,65.25655,64.64481,63.55867,63.36009,62.68707,61.9936,60.85703,60.13052,58.97681,58.61611,57.43748,57.40251,56.19099,54.60868,51.24662,48.32862,45.8307,43.06108,40.69602,38.71117,37.08204,36.0847,35.0846,33.79783,32.80085,31.80137,30.79947,29.79522,28.78871,27.54655,26.54422,25.53987,24.53358,23.52542,22.51546,21.50379,20.49048,19.47562,18.30283,17.44151,16.42243,15.40209,14.50245
112.6085,111.8856,112.6862,111.913,111.8975,111.8628,111.809,111.7361,112.4534,112.3479,112.2238,112.0812,112.7491,112.5746,111.5432,113.0145,113.6384,114.2538,114.8604,116.3199,117.7795,119.2387,119.8229,121.2768,122.7297,124.1815,124.7409,127.0807,128.5275,129.0697,130.5083,131.9444,132.4641,134.8078,135.3142,137.6581,139.0776,138.6322,133.502,129.2608,125.9188,121.6008,118.1898,115.6955,114.1268,114.446,114.7566,114.0995,114.3901,114.672,114.9452,115.2096,115.4652,114.7397,114.9757,115.2029,115.4214,115.6311,115.832,116.0241,116.2073,116.3817,116.5472,116.7039,116.8516,116.9905,117.1204
94.48978,92.23134,91.25146,89.01959,87.42393,85.83536,84.2541,82.68037,81.70215,80.13701,78.57997,77.03125,76.05023,74.51149,72.43699,71.99815,71.00918,70.01481,69.0151,68.51768,68,67.46203,66.41892,65.84791,65.25655,64.64481,63.55867,63.36009,62.68707,61.56309,60.85703,60.13052,58.97681,58.61611,57.43748,57.01983,56.19099,54.60868,51.24662,48.32862,45.8307,43.06108,40.69602,38.71117,37.08204,36.0847,35.0846,33.79783,32.80085,31.80137,30.79947,29.79522,28.78871,27.54655,26.54422,25.53987,24.53358,23.52542,22.51546,21.50379,20.49048,19.47562,18.45927,17.44151,16.42243,15.40209,14.38058
112.6085,111.8856,111.909,111.913,111.8975,111.8628,111.809,111.7361,112.4534,112.3479,112.2238,112.9053,112.7491,112.5746,112.3819,113.0145,113.6384,114.2538,114.8604,116.3199,117.7795,119.2387,119.8229,121.2768,123.6127,124.1815,125.6319,127.0807,127.6288,129.0697,131.4146,131.9444,132.4641,133.8908,136.2347,137.6581,139.0776,139.5626,134.4356,129.2608,125.9188,121.6008,119.1353,115.6955,114.1268,114.446,113.8003,115.0584,114.3901,114.672,114.9452,115.2096,115.4652,114.7397,114.9757,115.2029,115.4214,115.6311,115.832,116.0241,116.2073,116.3817,116.5472,116.7039,116.8516,116.9905,117.1204
94.48978,92.23134,90.62214,89.01959,87.42393,85.83536,84.2541,82.68037,81.70215,80.13701,78.57997,77.59765,76.05023,74.51149,72.98163,71.99815,71.00918,70.01481,69.0151,68.51768,68,67.46203,66.41892,65.84791,65.72602,64.64481,64.01266,63.36009,62.2487,61.56309,61.27965,60.13052,58.97681,58.21736,57.82821,57.01983,56.19099,54.97518,51.60498,48.32862,45.8307,43.06108,41.02159,38.71117,37.08204,36.0847,34.79223,34.08184,32.80085,31.80137,30.79947,29.79522,28.78871,27.54655,26.54422,25.53987,24.53358,23.52542,22.51546,21.50379,20.49048,19.47562,18.45927,17.44151,16.42243,15.40209,14.38058
112.6085,111.8856,112.6862,111.913,111.8975,111.8628,111.809,111.7361,112.4534,112.3479,112.2238,112.0812,112.7491,112.5746,112.3819,113.0145,113.6384,114.2538,114.8604,116.3199,117.7795,119.2387,120.6975,121.2768,122.7297,124.1815,124.7409,126.1857,128.5275,129.9723,130.5083,131.9444,132.4641,133.8908,136.2347,138.5819,139.0776,139.5626,134.4356,129.2608,125.9188,121.6008,118.1898,115.6955,115.0778,114.446,113.8003,114.0995,114.3901,114.672,114.9452,114.2414,115.4652,115.712,115.95,115.2029,116.3996,115.6311,115.832,116.0241,116.2073,116.3817,116.5472,116.7039,116.8516,117.9819,118.113
94.48978,92.23134,91.25146,89.01959,87.42393,85.83536,84.2541,82.68037,81.70215,80.13701,78.57997,77.03125,76.05023,74.51149,72.98163,71.99815,71.00918,70.01481,69.0151,68.51768,68,67.46203,66.90373,65.84791,65.25655,64.64481,63.55867,62.91389,62.68707,61.9936,60.85703,60.13052,58.97681,58.21736,57.82821,57.40251,56.19099,54.97518,51.60498,48.32862,45.8307,43.06108,40.69602,38.71117,37.39106,36.0847,34.79223,33.79783,32.80085,31.80137,30.79947,29.54484,28.78871,27.78,26.76918,25.53987,24.74149,23.52542,22.51546,21.50379,20.49048,19.47562,18.45927,17.44151,16.42243,15.53262,14.50245
112.6085,111.8856,112.6862,111.913,111.8975,111.8628,111.809,111.7361,112.4534,112.3479,112.2238,112.0812,112.7491,112.5746,111.5432,113.0145,113.6384,114.2538,114.8604,116.3199,116.9134,119.2387,119.8229,121.2768,122.7297,124.1815,125.6319,126.1857,127.6288,129.0697,130.5083,132.8543,132.4641,133.8908,135.3142,138.5819,140.0048,139.5626,133.502,129.2608,125.9188,121.6008,119.1353,115.6955,114.1268,114.446,114.7566,115.0584,114.3901,114.672,114.9452,115.2096,114.4949,115.712,114.9757,115.2029,115.4214,115.6311,115.832,116.0241,116.2073,116.3817,116.5472,116.7039,116.8516,116.9905,118.113
94.48978,92.23134,91.25146,89.01959,87.42393,85.83536,84.2541,82.68037,81.70215,80.13701,78.57997,77.03125,76.05023,74.51149,72.43699,71.99815,71.00918,70.01481,69.0151,68.51768,67.5,67.46203,66.41892,65.84791,65.25655,64.64481,64.01266,62.91389,62.2487,61.56309,60.85703,60.54521,58.97681,58.21736,57.43748,57.40251,56.5656,54.97518,51.24662,48.32862,45.8307,43.06108,41.02159,38.71117,37.08204,36.0847,35.0846,34.08184,32.80085,31.80137,30.79947,29.79522,28.54678,27.78,26.54422,25.53987,24.53358,23.52542,22.51546,21.50379,20.49048,19.47562,18.45927,17.44151,16.42243,15.40209,14.50245
112.6085,111.8856,111.909,111.913,111.8975,111.8628,111.809,111.7361,112.4534,112.3479,112.2238,112.0812,112.7491,112.5746,112.3819,113.0145,113.6384,114.2538,114.8604,116.3199,117.7795,118.3684,120.6975,122.1556,122.7297,124.1815,124.7409,127.0807,128.5275,129.0697,130.5083,131.9444,132.4641,133.8908,135.3142,138.5819,139.0776,138.6322,134.4356,129.2608,125.9188,121.6008,119.1353,115.6955,114.1268,114.446,114.7566,114.0995,114.3901,114.672,114.9452,115.2096,114.4949,114.7397,114.9757,115.2029,115.4214,115.6311,115.832,117.0073,116.2073,116.3817,116.5472,116.7039,116.8516,116.9905,118.113
94.48978,92.23134,90.62214,89.01959,87.42393,85.83536,84.2541,82.68037,81.70215,80.13701,78.57997,77.03125,76.05023,74.51149,72.98163,71.99815,71.00918,70.01481,69.0151,68.51768,68,66.9696,66.90373,66.32507,65.25655,64.64481,63.55867,63.36009,62.68707,61.56309,60.85703,60.13052,58.97681,58.21736,57.43748,57.40251,56.19099,54.60868,51.60498,48.32862,45.8307,43.06108,41.02159,38.71117,37.08204,36.0847,35.0846,33.79783,32.80085,31.80137,30.79947,29.79522,28.54678,27.54655,26.54422,25.53987,24.53358,23.52542,22.51546,21.68603,20.49048,19.47562,18.45927,17.44151,16.42243,15.40209,14.50245
112.6085,111.8856,111.909,111.913,112.6855,111.8628,111.809,111.7361,112.4534,112.3479,112.2238,112.0812,112.7491,112.5746,111.5432,113.0145,113.6384,114.2538,114.8604,116.3199,117.7795,118.3684,119.8229,121.2768,122.7297,124.1815,124.7409,126.1857,128.5275,129.0697,131.4146,131.9444,132.4641,133.8908,136.2347,138.5819,139.0776,139.5626,133.502,129.2608,125.9188,121.6008,119.1353,115.6955,115.0778,114.446,114.7566,114.0995,114.3901,114.672,113.9792,115.2096,115.4652,115.712,114.9757,115.2029,116.3996,115.6311,115.832,116.0241,116.2073,116.3817,116.5472,116.7039,116.8516,116.9905,117.1204
94.48978,92.23134,90.62214,89.01959,88.03959,85.83536,84.2541,82.68037,81.70215,80.13701,78.57997,77.03125,76.05023,74.51149,72.43699,71.99815,71.00918,70.01481,69.0151,68.51768,68,66.9696,66.41892,65.84791,65.25655,64.64481,63.55867,62.91389,62.68707,61.56309,61.27965,60.13052,58.97681,58.21736,57.82821,57.40251,56.19099,54.97518,51.24662,48.32862,45.8307,43.06108,41.02159,38.71117,37.39106,36.0847,35.0846,33.79783,32.80085,31.80137,30.54065,29.79522,28.78871,27.78,26.54422,25.53987,24.74149,23.52542,22.51546,21.50379,20.49048,19.47562,18.45927,17.44151,16.42243,15.40209,14.38058
112.6085,111.8856,112.6862,112.6956,111.8975,111.8628,111.809,111.7361,112.4534,112.3479,112.2238,112.9053,112.7491,112.5746,112.3819,113.0145,113.6384,113.4011,114.8604,115.4583,117.7795,118.3684,119.8229,121.2768,122.7297,124.1815,124.7409,127.0807,128.5275,129.0697,130.5083,131.9444,132.4641,133.8908,136.2347,138.5819,139.0776,138.6322,133.502,129.2608,125.9188,121.6008,119.1353,115.6955,114.1268,114.446,113.8003,114.0995,114.3901,114.672,114.9452,115.2096,114.4949,114.7397,115.95,115.2029,115.4214,115.6311,115.832,116.0241,116.2073,116.3817,116.5472,116.7039,116.8516,116.9905,118.113
94.48978,92.23134,91.25146,89.64211,87.42393,85.83536,84.2541,82.68037,81.70215,80.13701,78.57997,77.59765,76.05023,74.51149,72.98163,71.99815,71.00918,69.49231,69.0151,68.01014,68,66.9696,66.41892,65.84791,65.25655,64.64481,63.55867,63.36009,62.68707,61.56309,60.85703,60.13052,58.97681,58.21736,57.82821,57.40251,56.19099,54.60868,51.24662,48.32862,45.8307,43.06108,41.02159,38.71117,37.08204,36.0847,34.79223,33.79783,32.80085,31.80137,30.79947,29.79522,28.54678,27.54655,26.76918,25.53987,24.53358,23.52542,22.51546,21.50379,20.49048,19.47562,18.45927,17.44151,16.42243,15.40209,14.50245
112.6085,111.8856,111.909,111.913,111.8975,111.8628,112.6076,111.7361,113.2624,112.3479,113.043,112.0812,112.7491,112.5746,112.3819,113.0145,113.6384,114.2538,114.8604,116.3199,117.7795,118.3684,119.8229,121.2768,122.7297,124.1815,124.7409,127.0807,127.6288,129.9723,131.4146,132.8543,132.4641,133.8908,135.3142,138.5819,139.0776,139.5626,134.4356,129.2608,125.9188,121.6008,119.1353,115.6955,114.1268,114.446,114.7566,115.0584,114.3901,114.672,114.9452,115.2096,115.4652,114.7397,114.9757,115.2029,115.4214,116.611,115.832,116.0241,116.2073,116.3817,116.5472,116.7039,116.8516,116.9905,117.1204
94.48978,92.23134,90.62214,89.01959,87.42393,85.83536,84.85592,82.68037,82.28994,80.13701,79.15355,77.03125,76.05023,74.51149,72.98163,71.99815,71.00918,70.01481,69.0151,68.51768,68,66.9696,66.41892,65.84791,65.25655,64.64481,63.55867,63.36009,62.2487,61.9936,61.27965,60.54521,58.97681,58.21736,57.43748,57.40251,56.19099,54.97518,51.60498,48.32862,45.8307,43.06108,41.02159,38.71117,37.08204,36.0847,35.0846,34.08184,32.80085,31.80137,30.79947,29.79522,28.78871,27.54655,26.54422,25.53987,24.53358,23.72478,22.51546,21.50379,20.49048,19.47562,18.45927,17.44151,16.42243,15.40209,14.38058
112.6085,111.8856,112.6862,111.913,111.8975,111.8628,111.809,111.7361,112.4534,112.3479,112.2238,112.9053,112.7491,112.5746,112.3819,113.0145,113.6384,114.2538,114.8604,116.3199,116.9134,118.3684,119.8229,122.1556,122.7297,124.1815,125.6319,126.1857,128.5275,129.0697,130.5083,131.9444,132.4641,133.8908,136.2347,137.6581,139.0776,138.6322,133.502,129.2608,125.9188,121.6008,118.1898,115.6955,114.1268,114.446,114.7566,114.0995,115.3514,114.672,114.9452,115.2096,115.4652,114.7397,114.9757,115.2029,115.4214,115.6311,115.832,116.0241,116.2073,116.3817,116.5472,116.7039,116.8516,116.9905,118.113
94.48978,92.23134,91.25146,89.01959,87.42393,85.83536,84.2541,82.68037,81.70215,80.13701,78.57997,77.59765,76.05023,74.51149,72.98163,71.99815,71.00918,70.01481,69.0151,68.51768,67.5,66.9696,66.41892,66.32507,65.25655,64.64481,64.01266,62.91389,62.68707,61.56309,60.85703,60.13052,58.97681,58.21736,57.82821,57.01983,56.19099,54.60868,51.24662,48.32862,45.8307,43.06108,40.69602,38.71117,37.08204,36.0847,35.0846,33.79783,33.07648,31.80137,30.79947,29.79522,28.78871,27.54655,26.54422,25.53987,24.53358,23.52542,22.51546,21.50379,20.49048,19.47562,18.45927,17.44151,16.42243,15.40209,14.50245
112.6085,111.8856,112.6862,111.913,111.8975,111.8628,111.809,111.7361,112.4534,111.5338,113.043,112.9053,112.7491,112.5746,112.3819,113.0145,113.6384,114.2538,114.8604,116.3199,116.9134,118.3684,119.8229,121.2768,122.7297,124.1815,124.7409,126.1857,128.5275,129.9723,130.5083,131.9444,132.4641,133.8908,136.2347,138.5819,139.0776,138.6322,133.502,129.2608,125.9188,121.6008,118.1898,115.6955,115.0778,114.446,114.7566,114.0995,114.3901,114.672,114.9452,115.2096,115.4652,114.7397,114.9757,115.2029,115.4214,115.6311,115.832,116.0241,116.2073,116.3817,116.5472,116.7039,116.8516,117.9819,117.1204
94.48978,92.23134,91.25146,89.01959,87.42393,85.83536,84.2541,82.68037,81.70215,79.5563,79.15355,77.59765,76.05023,74.51149,72.98163,71.99815,71.00918,70.01481,69.0151,68.51768,67.5,66.9696,66.41892,65.84791,65.25655,64.64481,63.55867,62.91389,62.68707,61.9936,60.85703,60.13052,58.97681,58.21736,57.82821,57.40251,56.19099,54.60868,51.24662,48.32862,45.8307,43.06108,40.69602,38.71117,37.39106,36.0847,35.0846,33.79783,32.80085,31.80137,30.79947,29.79522,28.78871,27.54655,26.54422,25.53987,24.53358,23.52542,22.51546,21.50379,20.49048,19.47562,18.45927,17.44151,16.42243,15.53262,14.38058
112.6085,111.8856,111.909,112.6956,111.8975,111.8628,112.6076,111.7361,112.4534,112.3479,112.2238,112.0812,111.9201,112.5746,112.3819,113.0145,113.6384,114.2538,114.8604,116.3199,117.7795,118.3684,119.8229,121.2768,123.6127,124.1815,124.7409,126.1857,128.5275,129.9723,130.5083,131.9444,132.4641,133.8908,135.3142,138.5819,139.0776,138.6322,134.4356,129.2608,125.9188,121.6008,118.1898,115.6955,115.0778,114.446,113.8003,114.0995,114.3901,114.672,114.9452,115.2096,114.4949,115.712,114.9757,115.2029,115.4214,115.6311,115.832,116.0241,116.2073,116.3817,116.5472,116.7039,116.8516,116.9905,118.113
94.48978,92.23134,90.62214,89.64211,87.42393,85.83536,84.85592,82.68037,81.70215,80.13701,78.57997,77.03125,75.49104,74.51149,72.98163,71.99815,71.00918,70.01481,69.0151,68.51768,68,66.9696,66.41892,65.84791,65.72602,64.64481,63.55867,62.91389,62.68707,61.9936,60.85703,60.13052,58.97681,58.21736,57.43748,57.40251,56.19099,54.60868,51.60498,48.32862,45.8307,43.06108,40.69602,38.71117,37.39106,36.0847,34.79223,33.79783,32.80085,31.80137,30.79947,29.79522,28.54678,27.78,26.54422,25.53987,24.53358,23.52542,22.51546,21.50379,20.49048,19.47562,18.45927,17.44151,16.42243,15.40209,14.50245
112.6085,111.8856,112.6862,111.913,111.8975,111.8628,111.809,111.7361,112.4534,112.3479,113.043,112.9053,112.7491,112.5746,112.3819,113.0145,113.6384,114.2538,114.8604,116.3199,117.7795,118.3684,119.8229,121.2768,122.7297,124.1815,124.7409,127.0807,127.6288,129.0697,130.5083,131.9444,132.4641,133.8908,135.3142,138.5819,139.0776,139.5626,133.502,129.2608,125.9188,121.6008,119.1353,115.6955,114.1268,114.446,114.7566,114.0995,114.3901,114.672,114.9452,115.2096,115.4652,115.712,114.9757,115.2029,115.4214,115.6311,115.832,116.0241,116.2073,116.3817,116.5472,116.7039,116.8516,117.9819,118.113
94.48978,92.23134,91.25146,89.01959,87.42393,85.83536,84.2541,82.68037,81.70215,80.13701,79.15355,77.59765,76.05023,74.51149,72.98163,71.99815,71.00918,70.01481,69.0151,68.51768,68,66.9696,66.41892,65.84791,65.25655,64.64481,63.55867,63.36009,62.2487,61.56309,60.85703,60.13052,58.97681,58.21736,57.43748,57.40251,56.19099,54.97518,51.24662,48.32862,45.8307,43.06108,41.02159,38.71117,37.08204,36.0847,35.0846,33.79783,32.80085,31.80137,30.79947,29.79522,28.78871,27.78,26.54422,25.53987,24.53358,23.52542,22.51546,21.50379,20.49048,19.47562,18.45927,17.44151,16.42243,15.53262,14.50245
112.6085,111.8856,111.909,111.913,111.8975,111.8628,111.809,111.7361,112.4534,112.3479,112.2238,112.0812,112.7491,112.5746,112.3819,113.0145,113.6384,114.2538,114.8604,116.3199,117.7795,118.3684,119.8229,122.1556,122.7297,124.1815,124.7409,127.0807,128.5275,128.1671,131.4146,131.9444,132.4641,133.8908,135.3142,138.5819,139.0776,138.6322,133.502,129.2608,125.9188,121.6008,119.1353,115.6955,114.1268,114.446,114.7566,115.0584,114.3901,114.672,114.9452,114.2414,115.4652,114.7397,114.9757,115.2029,115.4214,115.6311,115.832,117.0073,116.2073,116.3817,116.5472,116.7039,116.8516,117.9819,118.113
94.48978,92.23134,90.62214,89.01959,87.42393,85.83536,84.2541,82.68037,81.70215,80.13701,78.57997,77.03125,76.05023,74.51149,72.98163,71.99815,71.00918,70.01481,69.0151,68.51768,68,66.9696,66.41892,66.32507,65.25655,64.64481,63.55867,63.36009,62.68707,61.13258,61.27965,60.13052,58.97681,58.21736,57.43748,57.40251,56.19099,54.60868,51.24662,48.32862,45.8307,43.06108,41.02159,38.71117,37.08204,36.0847,35.0846,34.08184,32.80085,31.80137,30.79947,29.54484,28.78871,27.54655,26.54422,25.53987,24.53358,23.52542,22.51546,21.68603,20.49048,19.47562,18.45927,17.44151,16.42243,15.53262,14.50245
112.6085,111.8856,112.6862,111.913,111.8975,111.8628,111.809,111.7361,112.4534,112.3479,112.2238,112.0812,112.7491,112.5746,112.3819,113.0145,113.6384,114.2538,114.8604,116.3199,117.7795,119.2387,119.8229,121.2768,122.7297,124.1815,124.7409,127.0807,127.6288,129.9723,130.5083,131.9444,132.4641,133.8908,136.2347,138.5819,139.0776,138.6322,133.502,129.2608,125.9188,121.6008,118.1898,116.6438,115.0778,114.446,113.8003,114.0995,115.3514,114.672,114.9452,115.2096,114.4949,115.712,114.9757,115.2029,115.4214,115.6311,115.832,116.0241,116.2073,116.3817,116.5472,116.7039,116.8516,116.9905,117.1204
94.48978,92.23134,91.25146,89.01959,87.42393,85.83536,84.2541,82.68037,81.70215,80.13701,78.57997,77.03125,76.05023,74.51149,72.98163,71.99815,71.00918,70.01481,69.0151,68.51768,68,67.46203,66.41892,65.84791,65.25655,64.64481,63.55867,63.36009,62.2487,61.9936,60.85703,60.13052,58.97681,58.21736,57.82821,57.40251,56.19099,54.60868,51.24662,48.32862,45.8307,43.06108,40.69602,39.02847,37.39106,36.0847,34.79223,33.79783,33.07648,31.80137,30.79947,29.79522,28.54678,27.78,26.54422,25.53987,24.53358,23.52542,22.51546,21.50379,20.49048,19.47562,18.45927,17.44151,16.42243,15.40209,14.38058
112.6085,111.8856,111.909,111.913,111.8975,111.8628,111.809,111.7361,112.4534,112.3479,112.2238,112.0812,112.7491,112.5746,111.5432,113.0145,113.6384,114.2538,114.8604,116.3199,117.7795,119.2387,119.8229,121.2768,122.7297,124.1815,124.7409,127.0807,127.6288,129.0697,130.5083,131.9444,132.4641,133.8908,136.2347,138.5819,139.0776,139.5626,134.4356,129.2608,124.9791,121.6008,119.1353,115.6955,114.1268,114.446,113.8003,114.0995,114.3901,114.672,114.9452,115.2096,115.4652,115.712,114.9757,115.2029,115.4214,115.6311,115.832,116.0241,116.2073,116.3817,116.5472,116.7039,116.8516,116.9905,117.1204
94.48978,92.23134,90.62214,89.01959,87.42393,85.83536,84.2541,82.68037,81.70215,80.13701,78.57997,77.03125,76.05023,74.51149,72.43699,71.99815,71.00918,70.01481,69.0151,68.51768,68,67.46203,66.41892,65.84791,65.25655,64.64481,63.55867,63.36009,62.2487,61.56309,60.85703,60.13052,58.97681,58.21736,57.82821,57.40251,56.19099,54.97518,51.60498,48.32862,45.48868,43.06108,41.02159,38.71117,37.08204,36.0847,34.79223,33.79783,32.80085,31.80137,30.79947,29.79522,28.78871,27.78,26.54422,25.53987,24.53358,23.52542,22.51546,21.50379,20.49048,19.47562,18.45927,17.44151,16.42243,15.40209,14.38058
112.6085,111.8856,112.6862,111.913,111.8975,111.8628,111.809,111.7361,112.4534,112.3479,112.2238,112.0812,112.7491,112.5746,112.3819,113.0145,113.6384,114.2538,114.8604,116.3199,117.7795,118.3684,119.8229,121.2768,122.7297,124.1815,124.7409,126.1857,127.6288,129.9723,130.5083,132.8543,132.4641,133.8908,136.2347,137.6581,139.0776,138.6322,133.502,130.1974,125.9188,121.6008,119.1353,115.6955,113.1757,114.446,114.7566,114.0995,114.3901,114.672,114.9452,115.2096,115.4652,114.7397,115.95,115.2029,115.4214,115.6311,115.832,116.0241,116.2073,116.3817,116.5472,116.7039,116.8516,116.9905,117.1204
94.48978,92.23134,91.25146,89.01959,87.42393,85.83536,84.2541,82.68037,81.70215,80.13701,78.57997,77.03125,76.05023,74.51149,72.98163,71.99815,71.00918,70.01481,69.0151,68.51768,68,66.9696,66.41892,65.84791,65.25655,64.64481,63.55867,62.91389,62.2487,61.9936,60.85703,60.54521,58.97681,58.21736,57.82821,57.01983,56.19099,54.60868,51.24662,48.67883,45.8307,43.06108,41.02159,38.71117,36.77302,36.0847,35.0846,33.79783,32.80085,31.80137,30.79947,29.79522,28.78871,27.54655,26.76918,25.53987,24.53358,23.52542,22.51546,21.50379,20.49048,19.47562,18.45927,17.44151,16.42243,15.40209,14.38058
112.6085,111.8856,112.6862,111.913,111.8975,111.8628,111.809,111.7361,112.4534,112.3479,112.2238,112.9053,112.7491,113.4085,111.5432,113.0145,113.6384,114.2538,114.8604,115.4583,117.7795,119.2387,119.8229,121.2768,122.7297,124.1815,124.7409,126.1857,128.5275,128.1671,130.5083,131.9444,132.4641,132.9737,135.3142,138.5819,139.0776,138.6322,133.502,129.2608,125.9188,121.6008,118.1898,115.6955,114.1268,114.446,113.8003,114.0995,114.3901,114.672,114.9452,115.2096,114.4949,114.7397,114.9757,115.2029,115.4214,115.6311,115.832,116.0241,116.2073,116.3817,116.5472,116.7039,116.8516,116.9905,117.1204
94.48978,92.23134,91.25146,89.01959,87.42393,85.83536,84.2541,82.68037,81.70215,80.13701,78.57997,77.59765,76.05023,75.06343,72.43699,71.99815,71.00918,70.01481,69.0151,68.01014,68,67.46203,66.41892,65.84791,65.25655,64.64481,63.55867,62.91389,62.68707,61.13258,60.85703,60.13052,58.97681,57.81861,57.43748,57.40251,56.19099,54.60868,51.24662,48.32862,45.8307,43.06108,40.69602,38.71117,37.08204,36.0847,34.79223,33.79783,32.80085,31.80137,30.79947,29.79522,28.54678,27.54655,26.54422,25.53987,24.53358,23.52542,22.51546,21.50379,20.49048,19.47562,18.45927,17.44151,16.42243,15.40209,14.38058
112.6085,111.8856,111.909,111.913,112.6855,111.8628,112.6076,111.7361,112.4534,112.3479,112.2238,112.0812,111.9201,112.5746,112.3819,113.0145,113.6384,114.2538,114.8604,116.3199,116.9134,118.3684,120.6975,121.2768,122.7297,124.1815,124.7409,127.0807,127.6288,128.1671,130.5083,131.9444,132.4641,133.8908,136.2347,137.6581,139.0776,139.5626,134.4356,129.2608,125.9188,121.6008,119.1353,115.6955,114.1268,114.446,113.8003,114.0995,114.3901,114.672,113.9792,115.2096,115.4652,114.7397,114.9757,115.2029,115.4214,115.6311,115.832,116.0241,116.2073,116.3817,116.5472,116.7039,116.8516,116.9905,118.113
94.48978,92.23134,90.62214,89.01959,88.03959,85.83536,84.85592,82.68037,81.70215,80.13701,78.57997,77.03125,75.49104,74.51149,72.98163,71.99815,71.00918,70.01481,69.0151,68.51768,67.5,66.9696,66.90373,65.84791,65.25655,64.64481,63.55867,63.36009,62.2487,61.13258,60.85703,60.13052,58.97681,58.21736,57.82821,57.01983,56.19099,54.97518,51.60498,48.32862,45.8307,43.06108,41.02159,38.71117,37.08204,36.0847,34.79223,33.79783,32.80085,31.80137,30.54065,29.79522,28.78871,27.54655,26.54422,25.53987,24.53358,23.52542,22.51546,21.50379,20.49048,19.47562,18.45927,17.44151,16.42243,15.40209,14.50245
112.6085,111.8856,112.6862,112.6956,111.8975,111.8628,111.809,111.7361,112.4534,112.3479,112.2238,112.9053,112.7491,112.5746,112.3819,113.0145,113.6384,114.2538,114.8604,116.3199,117.7795,119.2387,119.8229,121.2768,122.7297,124.1815,124.7409,127.0807,128.5275,129.0697,130.5083,131.9444,132.4641,133.8908,135.3142,138.5819,139.0776,139.5626,134.4356,130.1974,125.9188,121.6008,119.1353,115.6955,114.1268,114.446,114.7566,114.0995,114.3901,114.672,114.9452,115.2096,114.4949,115.712,114.9757,115.2029,115.4214,115.6311,115.832,116.0241,116.2073,116.3817,116.5472,116.7039,116.8516,116.9905,117.1204
94.48978,92.23134,91.25146,89.64211,87.42393,85.83536,84.2541,82.68037,81.70215,80.13701,78.57997,77.59765,76.05023,74.51149,72.98163,71.99815,71.00918,70.01481,69.0151,68.51768,68,67.46203,66.41892,65.84791,65.25655,64.64481,63.55867,63.36009,62.68707,61.56309,60.85703,60.13052,58.97681,58.21736,57.43748,57.40251,56.19099,54.97518,51.60498,48.67883,45.8307,43.06108,41.02159,38.71117,37.08204,36.0847,35.0846,33.79783,32.80085,31.80137,30.79947,29.79522,28.54678,27.78,26.54422,25.53987,24.53358,23.52542,22.51546,21.50379,20.49048,19.47562,18.45927,17.44151,16.42243,15.40209,14.38058
112.6085,111.8856,112.6862,112.6956,111.8975,111.8628,111.809,111.7361,113.2624,113.1621,113.043,112.0812,112.7491,112.5746,112.3819,113.0145,113.6384,114.2538,114.8604,116.3199,117.7795,118.3684,119.8229,121.2768,122.7297,124.1815,125.6319,126.1857,128.5275,129.0697,130.5083,131.9444,132.4641,133.8908,136.2347,138.5819,139.0776,139.5626,133.502,129.2608,125.9188,121.6008,119.1353,115.6955,114.1268,114.446,114.7566,114.0995,115.3514,114.672,114.9452,114.2414,114.4949,115.712,114.9757,116.1792,115.4214,115.6311,115.832,116.0241,116.2073,116.3817,116.5472,116.7039,116.8516,116.9905,117.1204
94.48978,92.23134,91.25146,89.64211,87.42393,85.83536,84.2541,82.68037,82.28994,80.71771,79.15355,77.03125,76.05023,74.51149,72.98163,71.99815,71.00918,70.01481,69.0151,68.51768,68,66.9696,66.41892,65.84791,65.25655,64.64481,64.01266,62.91389,62.68707,61.56309,60.85703,60.13052,58.97681,58.21736,57.82821,57.40251,56.19099,54.97518,51.24662,48.32862,45.8307,43.06108,41.02159,38.71117,37.08204,36.0847,35.0846,33.79783,33.07648,31.80137,30.79947,29.54484,28.54678,27.78,26.54422,25.75631,24.53358,23.52542,22.51546,21.50379,20.49048,19.47562,18.45927,17.44151,16.42243,15.40209,14.38058
112.6085,111.8856,112.6862,111.913,111.8975,111.8628,111.809,111.7361,112.4534,112.3479,113.043,112.0812,112.7491,112.5746,112.3819,113.0145,113.6384,114.2538,114.8604,116.3199,117.7795,118.3684,119.8229,121.2768,122.7297,124.1815,124.7409,126.1857,128.5275,129.0697,130.5083,132.8543,132.4641,133.8908,135.3142,138.5819,139.0776,139.5626,133.502,130.1974,125.9188,121.6008,119.1353,115.6955,114.1268,114.446,114.7566,114.0995,114.3901,114.672,114.9452,115.2096,115.4652,115.712,115.95,115.2029,115.4214,115.6311,115.832,116.0241,116.2073,116.3817,116.5472,116.7039,116.8516,117.9819,118.113
94.48978,92.23134,91.25146,89.01959,87.42393,85.83536,84.2541,82.68037,81.70215,80.13701,79.15355,77.03125,76.05023,74.51149,72.98163,71.99815,71.00918,70.01481,69.0151,68.51768,68,66.9696,66.41892,65.84791,65.25655,64.64481,63.55867,62.91389,62.68707,61.56309,60.85703,60.54521,58.97681,58.21736,57.43748,57.40251,56.19099,54.97518,51.24662,48.67883,45.8307,43.06108,41.02159,38.71117,37.08204,36.0847,35.0846,33.79783,32.80085,31.80137,30.79947,29.79522,28.78871,27.78,26.76918,25.53987,24.53358,23.52542,22.51546,21.50379,20.49048,19.47562,18.45927,17.44151,16.42243,15.53262,14.50245
112.6085,111.8856,112.6862,111.913,111.8975,111.8628,111.809,111.7361,112.4534,112.3479,113.043,112.9053,112.7491,112.5746,112.3819,113.0145,113.6384,114.2538,114.8604,116.3199,117.7795,119.2387,119.8229,122.1556,122.7297,124.1815,125.6319,126.1857,128.5275,129.0697,130.5083,132.8543,132.4641,133.8908,135.3142,138.5819,139.0776,138.6322,134.4356,129.2608,125.9188,121.6008,119.1353,115.6955,114.1268,114.446,113.8003,114.0995,114.3901,114.672,114.9452,114.2414,115.4652,114.7397,114.9757,115.2029,115.4214,115.6311,115.832,116.0241,116.2073,116.3817,116.5472,116.7039,116.8516,116.9905,118.113
94.48978,92.23134,91.25146,89.01959,87.42393,85.83536,84.2541,82.68037,81.70215,80.13701,79.15355,77.59765,76.05023,74.51149,72.98163,71.99815,71.00918,70.01481,69.0151,68.51768,68,67.46203,66.41892,66.32507,65.25655,64.64481,64.01266,62.91389,62.68707,61.56309,60.85703,60.54521,58.97681,58.21736,57.43748,57.40251,56.19099,54.60868,51.60498,48.32862,45.8307,43.06108,41.02159,38.71117,37.08204,36.0847,34.79223,33.79783,32.80085,31.80137,30.79947,29.54484,28.78871,27.54655,26.54422,25.53987,24.53358,23.52542,22.51546,21.50379,20.49048,19.47562,18.45927,17.44151,16.42243,15.40209,14.50245
112.6085,111.8856,112.6862,111.913,111.8975,111.8628,111.809,111.7361,112.4534,112.3479,113.043,112.9053,112.7491,112.5746,112.3819,113.0145,113.6384,114.2538,114.8604,116.3199,116.9134,118.3684,119.8229,121.2768,122.7297,124.1815,124.7409,126.1857,128.5275,129.0697,131.4146,132.8543,132.4641,133.8908,136.2347,138.5819,139.0776,139.5626,133.502,129.2608,125.9188,121.6008,119.1353,115.6955,115.0778,114.446,114.7566,114.0995,114.3901,114.672,114.9452,115.2096,115.4652,114.7397,114.9757,115.2029,116.3996,115.6311,115.832,116.0241,116.2073,116.3817,115.5595,116.7039,116.8516,117.9819,118.113
94.48978,92.23134,91.25146,89.01959,87.42393,85.83536,84.2541,82.68037,81.70215,80.13701,79.15355,77.59765,76.05023,74.51149,72.98163,71.99815,71.00918,70.01481,69.0151,68.51768,67.5,66.9696,66.41892,65.84791,65.25655,64.64481,63.55867,62.91389,62.68707,61.56309,61.27965,60.54521,58.97681,58.21736,57.82821,57.40251,56.19099,54.97518,51.24662,48.32862,45.8307,43.06108,41.02159,38.71117,37.39106,36.0847,35.0846,33.79783,32.80085,31.80137,30.79947,29.79522,28.78871,27.54655,26.54422,25.53987,24.74149,23.52542,22.51546,21.50379,20.49048,19.47562,18.30283,17.44151,16.42243,15.53262,14.50245
112.6085,111.8856,112.6862,111.913,111.8975,111.8628,111.809,111.7361,112.4534,112.3479,112.2238,112.0812,112.7491,112.5746,112.3819,113.0145,113.6384,114.2538,114.8604,116.3199,116.9134,118.3684,119.8229,121.2768,122.7297,124.1815,124.7409,127.0807,128.5275,129.0697,130.5083,131.9444,132.4641,133.8908,136.2347,138.5819,139.0776,139.5626,133.502,130.1974,125.9188,121.6008,119.1353,115.6955,114.1268,114.446,114.7566,114.0995,114.3901,114.672,114.9452,115.2096,115.4652,114.7397,115.95,115.2029,115.4214,115.6311,115.832,116.0241,116.2073,116.3817,116.5472,116.7039,116.8516,116.9905,118.113
94.48978,92.23134,91.25146,89.01959,87.42393,85.83536,84.2541,82.68037,81.70215,80.13701,78.57997,77.03125,76.05023,74.51149,72.98163,71.99815,71.00918,70.01481,69.0151,68.51768,67.5,66.9696,66.41892,65.84791,65.25655,64.64481,63.55867,63.36009,62.68707,61.56309,60.85703,60.13052,58.97681,58.21736,57.82821,57.40251,56.19099,54.97518,51.24662,48.67883,45.8307,43.06108,41.02159,38.71117,37.08204,36.0847,35.0846,33.79783,32.80085,31.80137,30.79947,29.79522,28.78871,27.54655,26.76918,25.53987,24.53358,23.52542,22.51546,21.50379,20.49048,19.47562,18.45927,17.44151,16.42243,15.40209,14.50245
112.6085,111.8856,112.6862,111.913,111.8975,112.6562,112.6076,111.7361,112.4534,112.3479,113.043,112.0812,112.7491,113.4085,112.3819,113.0145,113.6384,114.2538,114.8604,116.3199,117.7795,119.2387,119.8229,121.2768,122.7297,124.1815,124.7409,126.1857,128.5275,129.0697,130.5083,131.9444,132.4641,133.8908,135.3142,138.5819,139.0776,138.6322,134.4356,130.1974,125.9188,121.6008,119.1353,115.6955,115.0778,114.446,114.7566,114.0995,114.3901,114.672,114.9452,115.2096,115.4652,115.712,114.9757,115.2029,115.4214,115.6311,116.8136,116.0241,116.2073,116.3817,116.5472,116.7039,116.8516,116.9905,118.113
94.48978,92.23134,91.25146,89.01959,87.42393,86.44412,84.85592,82.68037,81.70215,80.13701,79.15355,77.03125,76.05023,75.06343,72.98163,71.99815,71.00918,70.01481,69.0151,68.51768,68,67.46203,66.41892,65.84791,65.25655,64.64481,63.55867,62.91389,62.68707,61.56309,60.85703,60.13052,58.97681,58.21736,57.43748,57.40251,56.19099,54.60868,51.60498,48.67883,45.8307,43.06108,41.02159,38.71117,37.39106,36.0847,35.0846,33.79783,32.80085,31.80137,30.79947,29.79522,28.78871,27.78,26.54422,25.53987,24.53358,23.52542,22.70627,21.50379,20.49048,19.47562,18.45927,17.44151,16.42243,15.40209,14.50245
112.6085,111.8856,112.6862,112.6956,111.8975,111.8628,111.809,111.7361,112.4534,112.3479,112.2238,112.0812,112.7491,112.5746,112.3819,113.0145,113.6384,114.2538,114.8604,116.3199,117.7795,119.2387,119.8229,122.1556,122.7297,124.1815,124.7409,127.0807,128.5275,129.0697,130.5083,131.9444,132.4641,133.8908,135.3142,138.5819,139.0776,139.5626,133.502,129.2608,125.9188,121.6008,119.1353,115.6955,115.0778,114.446,114.7566,114.0995,114.3901,114.672,114.9452,115.2096,115.4652,115.712,115.95,115.2029,115.4214,115.6311,115.832,116.0241,116.2073,116.3817,116.5472,116.7039,116.8516,117.9819,118.113
94.48978,92.23134,91.25146,89.64211,87.42393,85.83536,84.2541,82.68037,81.70215,80.13701,78.57997,77.03125,76.05023,74.51149,72.98163,71.99815,71.00918,70.01481,69.0151,68.51768,68,67.46203,66.41892,66.32507,65.25655,64.64481,63.55867,63.36009,62.68707,61.56309,60.85703,60.13052,58.97681,58.21736,57.43748,57.40251,56.19099,54.97518,51.24662,48.32862,45.8307,43.06108,41.02159,38.71117,37.39106,36.0847,35.0846,33.79783,32.80085,31.80137,30.79947,29.79522,28.78871,27.78,26.76918,25.53987,24.53358,23.52542,22.51546,21.50379,20.49048,19.47562,18.45927,17.44151,16.42243,15.53262,14.50245
112.6085,111.8856,112.6862,112.6956,111.8975,111.8628,111.809,111.7361,112.4534,112.3479,112.2238,112.0812,112.7491,112.5746,111.5432,113.0145,113.6384,114.2538,114.8604,116.3199,117.7795,118.3684,119.8229,121.2768,122.7297,124.1815,125.6319,127.0807,128.5275,128.1671,130.5083,131.9444,132.4641,133.8908,135.3142,138.5819,139.0776,138.6322,133.502,129.2608,125.9188,121.6008,118.1898,115.6955,115.0778,114.446,114.7566,114.0995,114.3901,114.672,114.9452,115.2096,115.4652,115.712,114.9757,115.2029,115.4214,115.6311,115.832,116.0241,116.2073,116.3817,116.5472,116.7039,116.8516,116.9905,118.113
94.48978,92.23134,91.25146,89.64211,87.42393,85.83536,84.2541,82.68037,81.70215,80.13701,78.57997,77.03125,76.05023,74.51149,72.43699,71.99815,71.00918,70.01481,69.0151,68.51768,68,66.9696,66.41892,65.84791,65.25655,64.64481,64.01266,63.36009,62.68707,61.13258,60.85703,60.13052,58.97681,58.21736,57.43748,57.40251,56.19099,54.60868,51.24662,48.32862,45.8307,43.06108,40.69602,38.71117,37.39106,36.0847,35.0846,33.79783,32.80085,31.80137,30.79947,29.79522,28.78871,27.78,26.54422,25.53987,24.53358,23.52542,22.51546,21.50379,20.49048,19.47562,18.45927,17.44151,16.42243,15.40209,14.50245
