145.4681,145.1811,144.8831,144.5741,144.254,143.9229,143.5809,143.228,142.8641,142.4894,142.1038,141.7074,142.2485,141.8278,141.3962,140.9539,139.5642,140.9706,140.4931,142.7863,145.0491,150.0423,153.149,157.1298,161.9731,164.948,170.5886,169.8721,168.2477,165.7272,162.323,161.5794,159.0659,157.4315,155.7937,153.2865,151.6467,149.1471,147.5067,145.8643,144.2199,141.7353,140.0928,138.4493,136.8049,135.1601,132.7008,131.0608,129.421,129.379,129.3166,128.4458,127.5651,128.2291,128.0897,127.1634,126.9878
-32.2495,-33.51771,-34.78336,-36.04636,-37.30662,-38.56404,-39.81852,-41.06997,-42.31829,-43.56338,-44.80516,-46.04353,-47.5957,-48.83522,-50.07103,-51.30302,-52.1809,-54.11356,-55.34169,-57.68942,-60.0813,-63.68917,-66.59109,-69.9587,-73.8154,-76.91652,-81.3666,-82.85215,-83.88519,-84.44223,-84.5,-85.9133,-86.36574,-87.26573,-88.14382,-88.5,-89.32675,-89.61663,-90.39225,-91.14611,-91.87823,-92.044,-92.72541,-93.38521,-94.02344,-94.64011,-94.65458,-95.22121,-95.76647,-97.49403,-99.22811,-100.3528,-101.4699,-103.8379,-105.589,-106.7027,-108.4578
146.4444,145.1811,144.8831,144.5741,144.254,143.9229,143.5809,143.228,142.8641,142.4894,142.1038,141.7074,141.3002,140.8823,141.3962,140.9539,140.5008,141.9042,140.4931,142.7863,145.0491,150.0423,154.0661,157.1298,161.9731,165.8543,171.4912,170.7709,168.2477,164.8362,164.097,161.5794,159.0659,157.4315,154.9233,153.2865,151.6467,149.1471,147.5067,145.8643,144.2199,141.7353,140.9267,138.4493,136.8049,135.1601,132.7008,131.0608,130.2248,128.5803,127.7299,128.4458,127.5651,128.2291,128.0897,127.1634,126.9878
-32.46594,-33.51771,-34.78336,-36.04636,-37.30662,-38.56404,-39.81852,-41.06997,-42.31829,-43.56338,-44.80516,-46.04353,-47.27839,-48.50966,-50.07103,-51.30302,-52.53111,-54.47193,-55.34169,-57.68942,-60.0813,-63.68917,-66.98984,-69.9587,-73.8154,-77.33914,-81.79711,-83.29052,-83.88519,-83.98824,-85.42349,-85.9133,-86.36574,-87.26573,-87.65139,-88.5,-89.32675,-89.61663,-90.39225,-91.14611,-91.87823,-92.044,-93.27735,-93.38521,-94.02344,-94.64011,-94.65458,-95.22121,-96.36129,-96.89222,-98.01059,-100.3528,-101.4699,-103.8379,-105.589,-106.7027,-108.4578
145.4681,145.1811,144.8831,144.5741,144.254,143.9229,143.5809,143.228,142.8641,142.4894,142.1038,141.7074,142.2485,140.8823,141.3962,140.9539,140.5008,140.9706,140.4931,142.7863,145.973,150.0423,153.149,158.0434,161.0631,164.948,171.4912,170.7709,168.2477,165.7272,163.21,161.5794,159.9447,157.4315,154.9233,153.2865,151.6467,149.1471,147.5067,145.8643,144.2199,141.7353,140.9267,138.4493,136.8049,135.1601,132.7008,131.0608,130.2248,128.5803,128.5232,127.6577,127.5651,128.2291,128.0897,127.9294,126.9878
-32.2495,-33.51771,-34.78336,-36.04636,-37.30662,-38.56404,-39.81852,-41.06997,-42.31829,-43.56338,-44.80516,-46.04353,-47.5957,-48.50966,-50.07103,-51.30302,-52.53111,-54.11356,-55.34169,-57.68942,-60.46398,-63.68917,-66.59109,-70.36544,-73.4007,-76.91652,-81.79711,-83.29052,-83.88519,-84.44223,-84.96174,-85.9133,-86.84289,-87.26573,-87.65139,-88.5,-89.32675,-89.61663,-90.39225,-91.14611,-91.87823,-92.044,-93.27735,-93.38521,-94.02344,-94.64011,-94.65458,-95.22121,-96.36129,-96.89222,-98.61935,-99.73716,-101.4699,-103.8379,-105.589,-107.3455,-108.4578
145.4681,145.1811,144.8831,144.5741,144.254,143.9229,143.5809,143.228,142.8641,142.4894,142.1038,141.7074,141.3002,140.8823,140.4536,140.9539,140.5008,140.9706,140.4931,141.8591,145.0491,150.0423,154.0661,157.1298,161.0631,164.948,171.4912,170.7709,168.2477,165.7272,163.21,161.5794,159.0659,157.4315,155.7937,153.2865,150.7851,149.1471,147.5067,145.8643,144.2199,141.7353,140.0928,138.4493,136.8049,135.1601,132.7008,131.0608,130.2248,128.5803,127.7299,127.6577,127.5651,128.2291,128.0897,127.1634,126.9878
-32.2495,-33.51771,-34.78336,-36.04636,-37.30662,-38.56404,-39.81852,-41.06997,-42.31829,-43.56338,-44.80516,-46.04353,-47.27839,-48.50966,-49.73722,-51.30302,-52.53111,-54.11356,-55.34169,-57.31481,-60.0813,-63.68917,-66.98984,-69.9587,-73.4007,-76.91652,-81.79711,-83.29052,-83.88519,-84.44223,-84.96174,-85.9133,-86.36574,-87.26573,-88.14382,-88.5,-88.81921,-89.61663,-90.39225,-91.14611,-91.87823,-92.044,-92.72541,-93.38521,-94.02344,-94.64011,-94.65458,-95.22121,-96.36129,-96.89222,-98.01059,-99.73716,-101.4699,-103.8379,-105.589,-106.7027,-108.4578
145.4681,145.1811,144.8831,144.5741,144.254,143.9229,143.5809,143.228,142.8641,142.4894,142.1038,141.7074,141.3002,141.8278,141.3962,140.9539,140.5008,140.9706,140.4931,142.7863,145.0491,150.0423,154.0661,158.0434,161.0631,165.8543,171.4912,170.7709,167.3527,165.7272,164.097,161.5794,159.0659,157.4315,154.9233,153.2865,150.7851,149.1471,147.5067,145.8643,144.2199,141.7353,140.0928,138.4493,136.8049,135.1601,132.7008,131.0608,130.2248,129.379,129.3166,127.6577,127.5651,128.2291,128.0897,127.1634,126.9878
-32.2495,-33.51771,-34.78336,-36.04636,-37.30662,-38.56404,-39.81852,-41.06997,-42.31829,-43.56338,-44.80516,-46.04353,-47.27839,-48.83522,-50.07103,-51.30302,-52.53111,-54.11356,-55.34169,-57.68942,-60.0813,-63.68917,-66.98984,-70.36544,-73.4007,-77.33914,-81.79711,-83.29052,-83.43899,-84.44223,-85.42349,-85.9133,-86.36574,-87.26573,-87.65139,-88.5,-88.81921,-89.61663,-90.39225,-91.14611,-91.87823,-92.044,-92.72541,-93.38521,-94.02344,-94.64011,-94.65458,-95.22121,-96.36129,-97.49403,-99.22811,-99.73716,-101.4699,-103.8379,-105.589,-106.7027,-108.4578
146.4444,145.1811,144.8831,144.5741,144.254,143.9229,143.5809,143.228,142.8641,142.4894,142.1038,141.7074,142.2485,141.8278,141.3962,140.9539,140.5008,140.9706,140.4931,141.8591,145.973,150.0423,154.0661,158.0434,161.0631,165.8543,171.4912,169.8721,168.2477,165.7272,162.323,161.5794,159.0659,157.4315,154.9233,153.2865,150.7851,149.1471,147.5067,145.8643,144.2199,141.7353,140.0928,138.4493,136.8049,135.1601,132.7008,131.0608,130.2248,128.5803,128.5232,127.6577,127.5651,128.2291,128.0897,127.9294,126.9878
-32.46594,-33.51771,-34.78336,-36.04636,-37.30662,-38.56404,-39.81852,-41.06997,-42.31829,-43.56338,-44.80516,-46.04353,-47.5957,-48.83522,-50.07103,-51.30302,-52.53111,-54.11356,-55.34169,-57.31481,-60.46398,-63.68917,-66.98984,-70.36544,-73.4007,-77.33914,-81.79711,-82.85215,-83.88519,-84.44223,-84.5,-85.9133,-86.36574,-87.26573,-87.65139,-88.5,-88.81921,-89.61663,-90.39225,-91.14611,-91.87823,-92.044,-92.72541,-93.38521,-94.02344,-94.64011,-94.65458,-95.22121,-96.36129,-96.89222,-98.61935,-99.73716,-101.4699,-103.8379,-105.589,-107.3455,-108.4578
145.4681,145.1811,144.8831,144.5741,144.254,143.9229,143.5809,143.228,142.8641,142.4894,142.1038,141.7074,142.2485,140.8823,141.3962,140.9539,140.5008,140.9706,140.4931,142.7863,145.0491,150.0423,154.0661,157.1298,161.9731,165.8543,171.4912,169.8721,168.2477,165.7272,163.21,160.6965,159.0659,157.4315,154.9233,153.2865,151.6467,149.1471,147.5067,145.8643,144.2199,141.7353,140.9267,138.4493,136.8049,135.1601,132.7008,131.0608,130.2248,129.379,127.7299,127.6577,127.5651,128.2291,128.0897,127.1634,127.7482
-32.2495,-33.51771,-34.78336,-36.04636,-37.30662,-38.56404,-39.81852,-41.06997,-42.31829,-43.56338,-44.80516,-46.04353,-47.5957,-48.50966,-50.07103,-51.30302,-52.53111,-54.11356,-55.34169,-57.68942,-60.0813,-63.68917,-66.98984,-69.9587,-73.8154,-77.33914,-81.79711,-82.85215,-83.88519,-84.44223,-84.96174,-85.44382,-86.36574,-87.26573,-87.65139,-88.5,-89.32675,-89.61663,-90.39225,-91.14611,-91.87823,-92.044,-93.27735,-93.38521,-94.02344,-94.64011,-94.65458,-95.22121,-96.36129,-97.49403,-98.01059,-99.73716,-101.4699,-103.8379,-105.589,-106.7027,-109.1073
146.4444,145.1811,144.8831,144.5741,144.254,143.9229,143.5809,143.228,142.8641,142.4894,143.0575,141.7074,141.3002,140.8823,140.4536,140.9539,140.5008,140.9706,140.4931,141.8591,145.0491,150.0423,153.149,158.0434,161.0631,165.8543,171.4912,169.8721,168.2477,165.7272,164.097,161.5794,159.9447,157.4315,154.9233,153.2865,150.7851,149.1471,147.5067,145.8643,144.2199,141.7353,140.9267,139.2783,136.8049,135.1601,132.7008,131.0608,129.421,129.379,128.5232,128.4458,127.5651,128.2291,128.0897,127.1634,126.9878
-32.46594,-33.51771,-34.78336,-36.04636,-37.30662,-38.56404,-39.81852,-41.06997,-42.31829,-43.56338,-45.10587,-46.04353,-47.27839,-48.50966,-49.73722,-51.30302,-52.53111,-54.11356,-55.34169,-57.31481,-60.0813,-63.68917,-66.59109,-70.36544,-73.4007,-77.33914,-81.79711,-82.85215,-83.88519,-84.44223,-85.42349,-85.9133,-86.84289,-87.26573,-87.65139,-88.5,-88.81921,-89.61663,-90.39225,-91.14611,-91.87823,-92.044,-93.27735,-93.94441,-94.02344,-94.64011,-94.65458,-95.22121,-95.76647,-97.49403,-98.61935,-100.3528,-101.4699,-103.8379,-105.589,-106.7027,-108.4578
145.4681,145.1811,144.8831,144.5741,144.254,143.9229,143.5809,143.228,142.8641,142.4894,142.1038,142.6585,141.3002,140.8823,141.3962,140.9539,140.5008,140.9706,140.4931,142.7863,145.0491,150.0423,154.0661,158.0434,161.0631,164.948,171.4912,169.8721,167.3527,164.8362,164.097,161.5794,159.9447,157.4315,155.7937,153.2865,150.7851,149.1471,147.5067,145.8643,143.3765,141.7353,140.0928,138.4493,136.8049,135.1601,132.7008,131.0608,129.421,128.5803,128.5232,127.6577,127.5651,128.2291,128.0897,127.9294,126.9878
-32.2495,-33.51771,-34.78336,-36.04636,-37.30662,-38.56404,-39.81852,-41.06997,-42.31829,-43.56338,-44.80516,-46.35255,-47.27839,-48.50966,-50.07103,-51.30302,-52.53111,-54.11356,-55.34169,-57.68942,-60.0813,-63.68917,-66.98984,-70.36544,-73.4007,-76.91652,-81.79711,-82.85215,-83.43899,-83.98824,-85.42349,-85.9133,-86.84289,-87.26573,-88.14382,-88.5,-88.81921,-89.61663,-90.39225,-91.14611,-91.34093,-92.044,-92.72541,-93.38521,-94.02344,-94.64011,-94.65458,-95.22121,-95.76647,-96.89222,-98.61935,-99.73716,-101.4699,-103.8379,-105.589,-107.3455,-108.4578
146.4444,145.1811,144.8831,144.5741,144.254,143.9229,143.5809,143.228,142.8641,142.4894,142.1038,142.6585,142.2485,141.8278,140.4536,140.9539,140.5008,140.9706,140.4931,141.8591,145.0491,150.0423,154.0661,158.0434,161.0631,165.8543,170.5886,169.8721,168.2477,164.8362,164.097,161.5794,159.0659,157.4315,154.9233,153.2865,150.7851,149.1471,147.5067,145.8643,144.2199,141.7353,140.9267,138.4493,136.8049,135.1601,132.7008,131.0608,130.2248,129.379,128.5232,127.6577,127.5651,128.2291,127.3181,127.1634,127.7482
-32.46594,-33.51771,-34.78336,-36.04636,-37.30662,-38.56404,-39.81852,-41.06997,-42.31829,-43.56338,-44.80516,-46.35255,-47.5957,-48.83522,-49.73722,-51.30302,-52.53111,-54.11356,-55.34169,-57.31481,-60.0813,-63.68917,-66.98984,-70.36544,-73.4007,-77.33914,-81.3666,-82.85215,-83.88519,-83.98824,-85.42349,-85.9133,-86.36574,-87.26573,-87.65139,-88.5,-88.81921,-89.61663,-90.39225,-91.14611,-91.87823,-92.044,-93.27735,-93.38521,-94.02344,-94.64011,-94.65458,-95.22121,-96.36129,-97.49403,-98.61935,-99.73716,-101.4699,-103.8379,-104.9529,-106.7027,-109.1073
146.4444,145.1811,144.8831,144.5741,144.254,143.9229,143.5809,143.228,142.8641,142.4894,142.1038,141.7074,141.3002,140.8823,141.3962,140.9539,140.5008,140.9706,140.4931,141.8591,145.0491,149.1218,154.0661,157.1298,161.0631,165.8543,171.4912,170.7709,168.2477,165.7272,163.21,161.5794,159.0659,157.4315,154.9233,153.2865,150.7851,149.1471,147.5067,145.8643,144.2199,142.574,140.9267,138.4493,136.8049,135.1601,132.7008,131.0608,129.421,129.379,129.3166,127.6577,127.5651,128.2291,128.0897,127.1634,126.9878
-32.46594,-33.51771,-34.78336,-36.04636,-37.30662,-38.56404,-39.81852,-41.06997,-42.31829,-43.56338,-44.80516,-46.04353,-47.27839,-48.50966,-50.07103,-51.30302,-52.53111,-54.11356,-55.34169,-57.31481,-60.0813,-63.29844,-66.98984,-69.9587,-73.4007,-77.33914,-81.79711,-83.29052,-83.88519,-84.44223,-84.96174,-85.9133,-86.36574,-87.26573,-87.65139,-88.5,-88.81921,-89.61663,-90.39225,-91.14611,-91.87823,-92.58864,-93.27735,-93.38521,-94.02344,-94.64011,-94.65458,-95.22121,-95.76647,-97.49403,-99.22811,-99.73716,-101.4699,-103.8379,-105.589,-106.7027,-108.4578
146.4444,145.1811,144.8831,144.5741,144.254,143.9229,143.5809,143.228,142.8641,142.4894,142.1038,141.7074,141.3002,141.8278,140.4536,140.9539,140.5008,140.9706,140.4931,142.7863,145.0491,150.0423,154.0661,157.1298,161.0631,165.8543,171.4912,169.8721,167.3527,164.8362,163.21,161.5794,159.9447,157.4315,155.7937,153.2865,150.7851,149.1471,147.5067,145.8643,144.2199,141.7353,140.0928,138.4493,136.8049,135.1601,132.7008,131.0608,129.421,128.5803,129.3166,127.6577,127.5651,128.2291,128.0897,127.9294,126.9878
-32.46594,-33.51771,-34.78336,-36.04636,-37.30662,-38.56404,-39.81852,-41.06997,-42.31829,-43.56338,-44.80516,-46.04353,-47.27839,-48.83522,-49.73722,-51.30302,-52.53111,-54.11356,-55.34169,-57.68942,-60.0813,-63.68917,-66.98984,-69.9587,-73.4007,-77.33914,-81.79711,-82.85215,-83.43899,-83.98824,-84.96174,-85.9133,-86.84289,-87.26573,-88.14382,-88.5,-88.81921,-89.61663,-90.39225,-91.14611,-91.87823,-92.044,-92.72541,-93.38521,-94.02344,-94.64011,-94.65458,-95.22121,-95.76647,-96.89222,-99.22811,-99.73716,-101.4699,-103.8379,-105.589,-107.3455,-108.4578
146.4444,145.1811,144.8831,144.5741,144.254,143.9229,143.5809,143.228,142.8641,142.4894,142.1038,141.7074,141.3002,141.8278,141.3962,140.9539,139.5642,140.9706,140.4931,143.7135,145.0491,149.1218,154.0661,157.1298,161.0631,165.8543,171.4912,169.8721,168.2477,165.7272,163.21,160.6965,159.0659,157.4315,154.9233,153.2865,151.6467,149.1471,147.5067,145.8643,144.2199,141.7353,140.0928,139.2783,136.8049,135.1601,132.7008,131.0608,130.2248,129.379,127.7299,127.6577,127.5651,128.2291,128.0897,127.1634,126.9878
-32.46594,-33.51771,-34.78336,-36.04636,-37.30662,-38.56404,-39.81852,-41.06997,-42.31829,-43.56338,-44.80516,-46.04353,-47.27839,-48.83522,-50.07103,-51.30302,-52.1809,-54.11356,-55.34169,-58.06402,-60.0813,-63.29844,-66.98984,-69.9587,-73.4007,-77.33914,-81.79711,-82.85215,-83.88519,-84.44223,-84.96174,-85.44382,-86.36574,-87.26573,-87.65139,-88.5,-89.32675,-89.61663,-90.39225,-91.14611,-91.87823,-92.044,-92.72541,-93.94441,-94.02344,-94.64011,-94.65458,-95.22121,-96.36129,-97.49403,-98.01059,-99.73716,-101.4699,-103.8379,-105.589,-106.7027,-108.4578
145.4681,145.1811,144.8831,144.5741,144.254,143.9229,143.5809,143.228,142.8641,142.4894,142.1038,141.7074,141.3002,141.8278,141.3962,140.9539,140.5008,140.9706,140.4931,142.7863,145.0491,150.0423,154.0661,157.1298,161.0631,165.8543,171.4912,169.8721,168.2477,165.7272,163.21,161.5794,159.0659,157.4315,155.7937,153.2865,150.7851,149.1471,147.5067,145.8643,144.2199,141.7353,140.0928,138.4493,136.8049,135.1601,132.7008,131.0608,129.421,129.379,127.7299,127.6577,128.3477,128.2291,128.0897,127.9294,126.9878
-32.2495,-33.51771,-34.78336,-36.04636,-37.30662,-38.56404,-39.81852,-41.06997,-42.31829,-43.56338,-44.80516,-46.04353,-47.27839,-48.83522,-50.07103,-51.30302,-52.53111,-54.11356,-55.34169,-57.68942,-60.0813,-63.68917,-66.98984,-69.9587,-73.4007,-77.33914,-81.79711,-82.85215,-83.88519,-84.44223,-84.96174,-85.9133,-86.36574,-87.26573,-88.14382,-88.5,-88.81921,-89.61663,-90.39225,-91.14611,-91.87823,-92.044,-92.72541,-93.38521,-94.02344,-94.64011,-94.65458,-95.22121,-95.76647,-97.49403,-98.01059,-99.73716,-102.0924,-103.8379,-105.589,-107.3455,-108.4578
146.4444,145.1811,144.8831,144.5741,144.254,143.9229,143.5809,143.228,142.8641,142.4894,142.1038,141.7074,141.3002,140.8823,141.3962,140.9539,140.5008,140.9706,140.4931,141.8591,145.973,149.1218,153.149,157.1298,161.0631,165.8543,171.4912,169.8721,167.3527,165.7272,163.21,161.5794,159.0659,157.4315,154.9233,153.2865,151.6467,149.1471,147.5067,145.8643,143.3765,141.7353,140.0928,138.4493,136.8049,135.1601,132.7008,131.0608,129.421,129.379,129.3166,127.6577,127.5651,128.2291,128.0897,127.1634,126.9878
-32.46594,-33.51771,-34.78336,-36.04636,-37.30662,-38.56404,-39.81852,-41.06997,-42.31829,-43.56338,-44.80516,-46.04353,-47.27839,-48.50966,-50.07103,-51.30302,-52.53111,-54.11356,-55.34169,-57.31481,-60.46398,-63.29844,-66.59109,-69.9587,-73.4007,-77.33914,-81.79711,-82.85215,-83.43899,-84.44223,-84.96174,-85.9133,-86.36574,-87.26573,-87.65139,-88.5,-89.32675,-89.61663,-90.39225,-91.14611,-91.34093,-92.044,-92.72541,-93.38521,-94.02344,-94.64011,-94.65458,-95.22121,-95.76647,-97.49403,-99.22811,-99.73716,-101.4699,-103.8379,-105.589,-106.7027,-108.4578
145.4681,145.1811,144.8831,144.5741,144.254,143.9229,143.5809,143.228,142.8641,142.4894,142.1038,141.7074,141.3002,141.8278,141.3962,140.9539,140.5008,140.9706,140.4931,141.8591,145.973,150.0423,154.0661,158.0434,161.0631,165.8543,171.4912,169.8721,168.2477,165.7272,162.323,161.5794,159.9447,157.4315,155.7937,153.2865,151.6467,149.1471,147.5067,145.8643,143.3765,141.7353,140.9267,138.4493,136.8049,135.1601,132.7008,131.0608,130.2248,128.5803,128.5232,127.6577,127.5651,128.2291,128.0897,127.1634,126.9878
-32.2495,-33.51771,-34.78336,-36.04636,-37.30662,-38.56404,-39.81852,-41.06997,-42.31829,-43.56338,-44.80516,-46.04353,-47.27839,-48.83522,-50.07103,-51.30302,-52.53111,-54.11356,-55.34169,-57.31481,-60.46398,-63.68917,-66.98984,-70.36544,-73.4007,-77.33914,-81.79711,-82.85215,-83.88519,-84.44223,-84.5,-85.9133,-86.84289,-87.26573,-88.14382,-88.5,-89.32675,-89.61663,-90.39225,-91.14611,-91.34093,-92.044,-93.27735,-93.38521,-94.02344,-94.64011,-94.65458,-95.22121,-96.36129,-96.89222,-98.61935,-99.73716,-101.4699,-103.8379,-105.589,-106.7027,-108.4578
146.4444,145.1811,144.8831,144.5741,144.254,143.9229,143.5809,143.228,143.823,142.4894,143.0575,141.7074,142.2485,140.8823,141.3962,140.0142,140.5008,140.9706,140.4931,141.8591,146.8968,150.0423,153.149,157.1298,161.0631,165.8543,171.4912,170.7709,168.2477,165.7272,163.21,160.6965,159.9447,157.4315,155.7937,153.2865,150.7851,149.1471,147.5067,145.8643,144.2199,141.7353,140.0928,138.4493,136.8049,135.1601,132.7008,131.0608,129.421,128.5803,128.5232,127.6577,127.5651,128.2291,128.0897,127.1634,126.9878
-32.46594,-33.51771,-34.78336,-36.04636,-37.30662,-38.56404,-39.81852,-41.06997,-42.6023,-43.56338,-45.10587,-46.04353,-47.5957,-48.50966,-50.07103,-50.961,-52.53111,-54.11356,-55.34169,-57.31481,-60.84667,-63.68917,-66.59109,-69.9587,-73.4007,-77.33914,-81.79711,-83.29052,-83.88519,-84.44223,-84.96174,-85.44382,-86.84289,-87.26573,-88.14382,-88.5,-88.81921,-89.61663,-90.39225,-91.14611,-91.87823,-92.044,-92.72541,-93.38521,-94.02344,-94.64011,-94.65458,-95.22121,-95.76647,-96.89222,-98.61935,-99.73716,-101.4699,-103.8379,-105.589,-106.7027,-108.4578
146.4444,145.1811,144.8831,144.5741,144.254,143.9229,143.5809,143.228,142.8641,142.4894,142.1038,141.7074,141.3002,141.8278,141.3962,140.9539,140.5008,140.9706,140.4931,141.8591,145.973,150.0423,154.0661,157.1298,161.0631,165.8543,171.4912,169.8721,168.2477,165.7272,163.21,161.5794,159.0659,157.4315,154.9233,153.2865,150.7851,149.1471,147.5067,145.8643,144.2199,141.7353,140.0928,138.4493,136.8049,135.1601,132.7008,131.0608,129.421,128.5803,128.5232,128.4458,127.5651,128.2291,127.3181,127.1634,126.9878
-32.46594,-33.51771,-34.78336,-36.04636,-37.30662,-38.56404,-39.81852,-41.06997,-42.31829,-43.56338,-44.80516,-46.04353,-47.27839,-48.83522,-50.07103,-51.30302,-52.53111,-54.11356,-55.34169,-57.31481,-60.46398,-63.68917,-66.98984,-69.9587,-73.4007,-77.33914,-81.79711,-82.85215,-83.88519,-84.44223,-84.96174,-85.9133,-86.36574,-87.26573,-87.65139,-88.5,-88.81921,-89.61663,-90.39225,-91.14611,-91.87823,-92.044,-92.72541,-93.38521,-94.02344,-94.64011,-94.65458,-95.22121,-95.76647,-96.89222,-98.61935,-100.3528,-101.4699,-103.8379,-104.9529,-106.7027,-108.4578
145.4681,145.1811,144.8831,144.5741,144.254,143.9229,143.5809,143.228,142.8641,142.4894,142.1038,141.7074,142.2485,140.8823,141.3962,140.9539,140.5008,140.9706,140.4931,141.8591,145.973,149.1218,154.0661,157.1298,161.9731,165.8543,171.4912,169.8721,167.3527,165.7272,164.097,160.6965,159.0659,157.4315,154.9233,153.2865,151.6467,149.1471,147.5067,145.8643,144.2199,141.7353,140.0928,138.4493,136.8049,135.1601,132.7008,131.0608,129.421,129.379,129.3166,127.6577,127.5651,128.2291,128.0897,127.1634,126.9878
-32.2495,-33.51771,-34.78336,-36.04636,-37.30662,-38.56404,-39.81852,-41.06997,-42.31829,-43.56338,-44.80516,-46.04353,-47.5957,-48.50966,-50.07103,-51.30302,-52.53111,-54.11356,-55.34169,-57.31481,-60.46398,-63.29844,-66.98984,-69.9587,-73.8154,-77.33914,-81.79711,-82.85215,-83.43899,-84.44223,-85.42349,-85.44382,-86.36574,-87.26573,-87.65139,-88.5,-89.32675,-89.61663,-90.39225,-91.14611,-91.87823,-92.044,-92.72541,-93.38521,-94.02344,-94.64011,-94.65458,-95.22121,-95.76647,-97.49403,-99.22811,-99.73716,-101.4699,-103.8379,-105.589,-106.7027,-108.4578
145.4681,145.1811,144.8831,144.5741,144.254,143.9229,143.5809,143.228,142.8641,142.4894,142.1038,141.7074,141.3002,140.8823,140.4536,140.9539,140.5008,140.9706,140.4931,142.7863,145.0491,150.9628,153.149,157.1298,161.0631,166.7606,171.4912,169.8721,168.2477,165.7272,163.21,161.5794,159.0659,157.4315,155.7937,153.2865,150.7851,149.1471,147.5067,145.8643,144.2199,141.7353,140.0928,138.4493,136.8049,135.1601,132.7008,131.0608,129.421,128.5803,128.5232,127.6577,127.5651,128.2291,128.0897,127.9294,126.9878
-32.2495,-33.51771,-34.78336,-36.04636,-37.30662,-38.56404,-39.81852,-41.06997,-42.31829,-43.56338,-44.80516,-46.04353,-47.27839,-48.50966,-49.73722,-51.30302,-52.53111,-54.11356,-55.34169,-57.68942,-60.0813,-64.07991,-66.59109,-69.9587,-73.4007,-77.76176,-81.79711,-82.85215,-83.88519,-84.44223,-84.96174,-85.9133,-86.36574,-87.26573,-88.14382,-88.5,-88.81921,-89.61663,-90.39225,-91.14611,-91.87823,-92.044,-92.72541,-93.38521,-94.02344,-94.64011,-94.65458,-95.22121,-95.76647,-96.89222,-98.61935,-99.73716,-101.4699,-103.8379,-105.589,-107.3455,-108.4578
146.4444,145.1811,144.8831,144.5741,144.254,143.9229,143.5809,143.228,142.8641,142.4894,142.1038,141.7074,141.3002,141.8278,141.3962,140.0142,140.5008,140.9706,140.4931,141.8591,145.973,150.0423,154.0661,157.1298,161.0631,165.8543,171.4912,169.8721,168.2477,165.7272,163.21,161.5794,159.0659,157.4315,155.7937,153.2865,150.7851,149.1471,147.5067,145.8643,144.2199,141.7353,140.0928,138.4493,136.8049,135.1601,132.7008,131.0608,129.421,129.379,127.7299,127.6577,127.5651,128.2291,128.0897,127.1634,126.9878
-32.46594,-33.51771,-34.78336,-36.04636,-37.30662,-38.56404,-39.81852,-41.06997,-42.31829,-43.56338,-44.80516,-46.04353,-47.27839,-48.83522,-50.07103,-50.961,-52.53111,-54.11356,-55.34169,-57.31481,-60.46398,-63.68917,-66.98984,-69.9587,-73.4007,-77.33914,-81.79711,-82.85215,-83.88519,-84.44223,-84.96174,-85.9133,-86.36574,-87.26573,-88.14382,-88.5,-88.81921,-89.61663,-90.39225,-91.14611,-91.87823,-92.044,-92.72541,-93.38521,-94.02344,-94.64011,-94.65458,-95.22121,-95.76647,-97.49403,-98.01059,-99.73716,-101.4699,-103.8379,-105.589,-106.7027,-108.4578
146.4444,145.1811,144.8831,144.5741,144.254,143.9229,143.5809,143.228,142.8641,142.4894,142.1038,141.7074,141.3002,140.8823,141.3962,140.9539,140.5008,140.9706,140.4931,141.8591,145.973,150.0423,153.149,157.1298,161.0631,165.8543,171.4912,170.7709,168.2477,164.8362,164.097,161.5794,159.0659,157.4315,154.9233,153.2865,150.7851,149.1471,147.5067,145.8643,144.2199,141.7353,140.0928,138.4493,136.8049,135.1601,132.7008,131.0608,129.421,128.5803,127.7299,127.6577,127.5651,128.2291,128.0897,127.1634,126.9878
-32.46594,-33.51771,-34.78336,-36.04636,-37.30662,-38.56404,-39.81852,-41.06997,-42.31829,-43.56338,-44.80516,-46.04353,-47.27839,-48.50966,-50.07103,-51.30302,-52.53111,-54.11356,-55.34169,-57.31481,-60.46398,-63.68917,-66.59109,-69.9587,-73.4007,-77.33914,-81.79711,-83.29052,-83.88519,-83.98824,-85.42349,-85.9133,-86.36574,-87.26573,-87.65139,-88.5,-88.81921,-89.61663,-90.39225,-91.14611,-91.87823,-92.044,-92.72541,-93.38521,-94.02344,-94.64011,-94.65458,-95.22121,-95.76647,-96.89222,-98.01059,-99.73716,-101.4699,-103.8379,-105.589,-106.7027,-108.4578
146.4444,145.1811,144.8831,144.5741,144.254,143.9229,143.5809,143.228,142.8641,142.4894,142.1038,141.7074,141.3002,141.8278,141.3962,140.9539,140.5008,140.9706,140.4931,142.7863,145.0491,150.0423,153.149,157.1298,161.0631,165.8543,171.4912,169.8721,168.2477,164.8362,163.21,161.5794,159.0659,157.4315,155.7937,153.2865,150.7851,149.1471,147.5067,145.8643,144.2199,141.7353,140.0928,138.4493,136.8049,135.1601,132.7008,131.0608,130.2248,128.5803,129.3166,127.6577,127.5651,128.2291,128.0897,127.1634,126.9878
-32.46594,-33.51771,-34.78336,-36.04636,-37.30662,-38.56404,-39.81852,-41.06997,-42.31829,-43.56338,-44.80516,-46.04353,-47.27839,-48.83522,-50.07103,-51.30302,-52.53111,-54.11356,-55.34169,-57.68942,-60.0813,-63.68917,-66.59109,-69.9587,-73.4007,-77.33914,-81.79711,-82.85215,-83.88519,-83.98824,-84.96174,-85.9133,-86.36574,-87.26573,-88.14382,-88.5,-88.81921,-89.61663,-90.39225,-91.14611,-91.87823,-92.044,-92.72541,-93.38521,-94.02344,-94.64011,-94.65458,-95.22121,-96.36129,-96.89222,-99.22811,-99.73716,-101.4699,-103.8379,-105.589,-106.7027,-108.4578
146.4444,145.1811,144.8831,144.5741,144.254,143.9229,143.5809,143.228,142.8641,142.4894,142.1038,141.7074,141.3002,140.8823,141.3962,140.9539,140.5008,140.9706,140.4931,141.8591,145.0491,150.0423,153.149,157.1298,161.0631,165.8543,171.4912,170.7709,168.2477,165.7272,163.21,161.5794,159.0659,157.4315,154.9233,153.2865,151.6467,149.1471,147.5067,145.8643,144.2199,141.7353,140.0928,138.4493,136.8049,135.1601,132.7008,131.0608,130.2248,128.5803,129.3166,128.4458,127.5651,128.2291,128.0897,127.9294,126.9878
-32.46594,-33.51771,-34.78336,-36.04636,-37.30662,-38.56404,-39.81852,-41.06997,-42.31829,-43.56338,-44.80516,-46.04353,-47.27839,-48.50966,-50.07103,-51.30302,-52.53111,-54.11356,-55.34169,-57.31481,-60.0813,-63.68917,-66.59109,-69.9587,-73.4007,-77.33914,-81.79711,-83.29052,-83.88519,-84.44223,-84.96174,-85.9133,-86.36574,-87.26573,-87.65139,-88.5,-89.32675,-89.61663,-90.39225,-91.14611,-91.87823,-92.044,-92.72541,-93.38521,-94.02344,-94.64011,-94.65458,-95.22121,-96.36129,-96.89222,-99.22811,-100.3528,-101.4699,-103.8379,-105.589,-107.3455,-108.4578
146.4444,145.1811,144.8831,144.5741,144.254,143.9229,143.5809,143.228,142.8641,142.4894,142.1038,141.7074,142.2485,140.8823,141.3962,140.9539,140.5008,140.9706,140.4931,143.7135,145.973,150.0423,154.0661,158.0434,161.0631,164.948,171.4912,169.8721,168.2477,165.7272,164.097,161.5794,159.0659,157.4315,154.9233,153.2865,150.7851,149.1471,147.5067,145.8643,144.2199,141.7353,140.0928,138.4493,136.8049,135.1601,132.7008,131.0608,129.421,129.379,127.7299,127.6577,127.5651,128.2291,127.3181,127.1634,126.9878
-32.46594,-33.51771,-34.78336,-36.04636,-37.30662,-38.56404,-39.81852,-41.06997,-42.31829,-43.56338,-44.80516,-46.04353,-47.5957,-48.50966,-50.07103,-51.30302,-52.53111,-54.11356,-55.34169,-58.06402,-60.46398,-63.68917,-66.98984,-70.36544,-73.4007,-76.91652,-81.79711,-82.85215,-83.88519,-84.44223,-85.42349,-85.9133,-86.36574,-87.26573,-87.65139,-88.5,-88.81921,-89.61663,-90.39225,-91.14611,-91.87823,-92.044,-92.72541,-93.38521,-94.02344,-94.64011,-94.65458,-95.22121,-95.76647,-97.49403,-98.01059,-99.73716,-101.4699,-103.8379,-104.9529,-106.7027,-108.4578
146.4444,145.1811,144.8831,144.5741,144.254,143.9229,143.5809,143.228,142.8641,142.4894,142.1038,141.7074,142.2485,140.8823,141.3962,140.0142,140.5008,140.9706,140.4931,143.7135,145.973,150.0423,154.0661,157.1298,161.9731,165.8543,171.4912,169.8721,168.2477,165.7272,163.21,161.5794,159.0659,157.4315,155.7937,153.2865,151.6467,149.1471,147.5067,145.8643,144.2199,141.7353,140.9267,138.4493,137.6291,135.1601,132.7008,131.0608,129.421,128.5803,128.5232,127.6577,127.5651,128.2291,128.0897,127.1634,127.7482
-32.46594,-33.51771,-34.78336,-36.04636,-37.30662,-38.56404,-39.81852,-41.06997,-42.31829,-43.56338,-44.80516,-46.04353,-47.5957,-48.50966,-50.07103,-50.961,-52.53111,-54.11356,-55.34169,-58.06402,-60.46398,-63.68917,-66.98984,-69.9587,-73.8154,-77.33914,-81.79711,-82.85215,-83.88519,-84.44223,-84.96174,-85.9133,-86.36574,-87.26573,-88.14382,-88.5,-89.32675,-89.61663,-90.39225,-91.14611,-91.87823,-92.044,-93.27735,-93.38521,-94.58984,-94.64011,-94.65458,-95.22121,-95.76647,-96.89222,-98.61935,-99.73716,-101.4699,-103.8379,-105.589,-106.7027,-109.1073
145.4681,146.1555,144.8831,144.5741,144.254,143.9229,143.5809,143.228,142.8641,142.4894,142.1038,141.7074,141.3002,140.8823,141.3962,140.9539,140.5008,140.9706,140.4931,142.7863,145.973,150.0423,154.0661,158.0434,161.0631,165.8543,171.4912,169.8721,168.2477,165.7272,163.21,161.5794,159.0659,157.4315,154.9233,153.2865,151.6467,149.1471,147.5067,145.8643,144.2199,141.7353,140.0928,139.2783,136.8049,135.1601,132.7008,131.0608,129.421,128.5803,129.3166,127.6577,127.5651,128.2291,128.0897,127.9294,126.9878
-32.2495,-33.74266,-34.78336,-36.04636,-37.30662,-38.56404,-39.81852,-41.06997,-42.31829,-43.56338,-44.80516,-46.04353,-47.27839,-48.50966,-50.07103,-51.30302,-52.53111,-54.11356,-55.34169,-57.68942,-60.46398,-63.68917,-66.98984,-70.36544,-73.4007,-77.33914,-81.79711,-82.85215,-83.88519,-84.44223,-84.96174,-85.9133,-86.36574,-87.26573,-87.65139,-88.5,-89.32675,-89.61663,-90.39225,-91.14611,-91.87823,-92.044,-92.72541,-93.94441,-94.02344,-94.64011,-94.65458,-95.22121,-95.76647,-96.89222,-99.22811,-99.73716,-101.4699,-103.8379,-105.589,-107.3455,-108.4578
146.4444,145.1811,144.8831,144.5741,144.254,143.9229,143.5809,143.228,142.8641,142.4894,142.1038,141.7074,142.2485,141.8278,141.3962,140.9539,140.5008,140.9706,140.4931,142.7863,145.0491,150.9628,154.0661,158.0434,161.9731,166.7606,171.4912,169.8721,168.2477,164.8362,164.097,161.5794,159.0659,156.5569,155.7937,153.2865,150.7851,149.1471,148.3594,145.8643,143.3765,141.7353,140.0928,138.4493,136.8049,135.1601,132.7008,131.0608,129.421,129.379,128.5232,127.6577,127.5651,128.2291,128.0897,127.1634,126.9878
-32.46594,-33.51771,-34.78336,-36.04636,-37.30662,-38.56404,-39.81852,-41.06997,-42.31829,-43.56338,-44.80516,-46.04353,-47.5957,-48.83522,-50.07103,-51.30302,-52.53111,-54.11356,-55.34169,-57.68942,-60.0813,-64.07991,-66.98984,-70.36544,-73.8154,-77.76176,-81.79711,-82.85215,-83.88519,-83.98824,-85.42349,-85.9133,-86.36574,-86.78092,-88.14382,-88.5,-88.81921,-89.61663,-90.91475,-91.14611,-91.34093,-92.044,-92.72541,-93.38521,-94.02344,-94.64011,-94.65458,-95.22121,-95.76647,-97.49403,-98.61935,-99.73716,-101.4699,-103.8379,-105.589,-106.7027,-108.4578
145.4681,145.1811,144.8831,144.5741,144.254,143.9229,143.5809,143.228,142.8641,142.4894,142.1038,141.7074,141.3002,141.8278,141.3962,140.9539,140.5008,140.9706,140.4931,141.8591,145.0491,150.9628,154.0661,157.1298,161.9731,165.8543,171.4912,169.8721,168.2477,165.7272,163.21,161.5794,159.0659,157.4315,155.7937,153.2865,150.7851,149.1471,147.5067,145.8643,144.2199,141.7353,140.9267,138.4493,136.8049,135.1601,132.7008,131.0608,130.2248,128.5803,129.3166,128.4458,127.5651,128.2291,128.0897,127.1634,126.9878
-32.2495,-33.51771,-34.78336,-36.04636,-37.30662,-38.56404,-39.81852,-41.06997,-42.31829,-43.56338,-44.80516,-46.04353,-47.27839,-48.83522,-50.07103,-51.30302,-52.53111,-54.11356,-55.34169,-57.31481,-60.0813,-64.07991,-66.98984,-69.9587,-73.8154,-77.33914,-81.79711,-82.85215,-83.88519,-84.44223,-84.96174,-85.9133,-86.36574,-87.26573,-88.14382,-88.5,-88.81921,-89.61663,-90.39225,-91.14611,-91.87823,-92.044,-93.27735,-93.38521,-94.02344,-94.64011,-94.65458,-95.22121,-96.36129,-96.89222,-99.22811,-100.3528,-101.4699,-103.8379,-105.589,-106.7027,-108.4578
146.4444,145.1811,144.8831,144.5741,144.254,143.9229,143.5809,143.228,142.8641,142.4894,142.1038,141.7074,141.3002,141.8278,140.4536,140.9539,140.5008,140.9706,140.4931,141.8591,145.0491,150.0423,153.149,157.1298,161.9731,165.8543,171.4912,169.8721,168.2477,165.7272,163.21,161.5794,159.0659,157.4315,155.7937,153.2865,151.6467,149.1471,147.5067,145.8643,144.2199,141.7353,140.9267,138.4493,136.8049,135.1601,132.7008,131.0608,129.421,129.379,127.7299,127.6577,127.5651,128.2291,128.0897,127.1634,127.7482
-32.46594,-33.51771,-34.78336,-36.04636,-37.30662,-38.56404,-39.81852,-41.06997,-42.31829,-43.56338,-44.80516,-46.04353,-47.27839,-48.83522,-49.73722,-51.30302,-52.53111,-54.11356,-55.34169,-57.31481,-60.0813,-63.68917,-66.59109,-69.9587,-73.8154,-77.33914,-81.79711,-82.85215,-83.88519,-84.44223,-84.96174,-85.9133,-86.36574,-87.26573,-88.14382,-88.5,-89.32675,-89.61663,-90.39225,-91.14611,-91.87823,-92.044,-93.27735,-93.38521,-94.02344,-94.64011,-94.65458,-95.22121,-95.76647,-97.49403,-98.01059,-99.73716,-101.4699,-103.8379,-105.589,-106.7027,-109.1073
