145.4681,145.1811,144.8831,144.5741,144.254,143.9229,143.5809,143.228,142.8641,142.4894,142.1038,141.7074,142.2485,140.8823,141.3962,140.9539,140.5008,140.9706,140.4931,142.7863,145.973,150.0423,154.0661,158.0434,161.9731,165.8543,170.5886,169.8721,167.3527,164.8362,163.21,160.6965,158.1871,156.5569,154.9233,152.4205,149.9235,149.1471,147.5067,145.0162,142.5332,140.8967,139.2589,137.6202,136.8049,135.1601,132.7008,131.0608,129.421,128.5803,128.5232,127.6577,127.5651,128.2291,128.0897,127.1634,127.7482
-32.2495,-33.51771,-34.78336,-36.04636,-37.30662,-38.56404,-39.81852,-41.06997,-42.31829,-43.56338,-44.80516,-46.04353,-47.5957,-48.50966,-50.07103,-51.30302,-52.53111,-54.11356,-55.34169,-57.68942,-60.46398,-63.68917,-66.98984,-70.36544,-73.8154,-77.33914,-81.3666,-82.85215,-83.43899,-83.98824,-84.96174,-85.44382,-85.88858,-86.78092,-87.65139,-88,-88.31168,-89.61663,-90.39225,-90.61619,-90.80363,-91.49936,-92.17348,-92.82602,-94.02344,-94.64011,-94.65458,-95.22121,-95.76647,-96.89222,-98.61935,-99.73716,-101.4699,-103.8379,-105.589,-106.7027,-109.1073
144.4918,145.1811,144.8831,144.5741,144.254,143.9229,143.5809,143.228,142.8641,142.4894,142.1038,141.7074,141.3002,140.8823,140.4536,140.9539,140.5008,140.9706,140.4931,142.7863,145.973,150.0423,154.0661,157.1298,161.0631,165.8543,170.5886,169.8721,167.3527,164.8362,162.323,160.6965,158.1871,156.5569,154.053,152.4205,149.9235,148.2899,146.6541,145.0162,143.3765,140.8967,139.2589,138.4493,135.9808,134.3409,132.7008,131.0608,129.421,128.5803,128.5232,127.6577,127.5651,128.2291,128.0897,127.1634,126.9878
-32.03306,-33.51771,-34.78336,-36.04636,-37.30662,-38.56404,-39.81852,-41.06997,-42.31829,-43.56338,-44.80516,-46.04353,-47.27839,-48.50966,-49.73722,-51.30302,-52.53111,-54.11356,-55.34169,-57.68942,-60.46398,-63.68917,-66.98984,-69.9587,-73.4007,-77.33914,-81.3666,-82.85215,-83.43899,-83.98824,-84.5,-85.44382,-85.88858,-86.78092,-87.15897,-88,-88.31168,-89.10159,-89.86975,-90.61619,-91.34093,-91.49936,-92.17348,-93.38521,-93.45703,-94.06654,-94.65458,-95.22121,-95.76647,-96.89222,-98.61935,-99.73716,-101.4699,-103.8379,-105.589,-106.7027,-108.4578
144.4918,145.1811,144.8831,144.5741,144.254,143.9229,143.5809,143.228,142.8641,142.4894,142.1038,141.7074,141.3002,141.8278,140.4536,140.9539,140.5008,140.9706,140.4931,143.7135,145.973,150.0423,154.0661,157.1298,161.9731,165.8543,170.5886,169.8721,166.4578,164.8362,162.323,160.6965,158.1871,156.5569,154.9233,152.4205,150.7851,148.2899,146.6541,144.1682,142.5332,140.8967,140.0928,137.6202,135.9808,135.1601,132.7008,131.0608,129.421,128.5803,127.7299,127.6577,127.5651,126.6748,127.3181,127.1634,127.7482
-32.03306,-33.51771,-34.78336,-36.04636,-37.30662,-38.56404,-39.81852,-41.06997,-42.31829,-43.56338,-44.80516,-46.04353,-47.27839,-48.83522,-49.73722,-51.30302,-52.53111,-54.11356,-55.34169,-58.06402,-60.46398,-63.68917,-66.98984,-69.9587,-73.8154,-77.33914,-81.3666,-82.85215,-82.99279,-83.98824,-84.5,-85.44382,-85.88858,-86.78092,-87.65139,-88,-88.81921,-89.10159,-89.86975,-90.08627,-90.80363,-91.49936,-92.72541,-92.82602,-93.45703,-94.64011,-94.65458,-95.22121,-95.76647,-96.89222,-98.01059,-99.73716,-101.4699,-102.5792,-104.9529,-106.7027,-109.1073
145.4681,145.1811,144.8831,144.5741,144.254,143.9229,143.5809,143.228,142.8641,142.4894,142.1038,141.7074,141.3002,141.8278,140.4536,140.9539,140.5008,140.9706,140.4931,142.7863,145.973,150.0423,154.0661,157.1298,161.9731,165.8543,170.5886,169.8721,168.2477,164.8362,162.323,160.6965,158.1871,156.5569,154.9233,152.4205,149.9235,148.2899,146.6541,145.0162,142.5332,141.7353,139.2589,137.6202,136.8049,135.1601,131.8867,131.0608,129.421,128.5803,127.7299,127.6577,127.5651,126.6748,127.3181,127.9294,126.9878
-32.2495,-33.51771,-34.78336,-36.04636,-37.30662,-38.56404,-39.81852,-41.06997,-42.31829,-43.56338,-44.80516,-46.04353,-47.27839,-48.83522,-49.73722,-51.30302,-52.53111,-54.11356,-55.34169,-57.68942,-60.46398,-63.68917,-66.98984,-69.9587,-73.8154,-77.33914,-81.3666,-82.85215,-83.88519,-83.98824,-84.5,-85.44382,-85.88858,-86.78092,-87.65139,-88,-88.31168,-89.10159,-89.86975,-90.61619,-90.80363,-92.044,-92.17348,-92.82602,-94.02344,-94.64011,-94.07388,-95.22121,-95.76647,-96.89222,-98.01059,-99.73716,-101.4699,-102.5792,-104.9529,-107.3455,-108.4578
144.4918,145.1811,144.8831,144.5741,144.254,143.9229,143.5809,143.228,142.8641,142.4894,142.1038,141.7074,141.3002,140.8823,140.4536,140.9539,140.5008,140.9706,140.4931,142.7863,145.973,150.0423,154.0661,157.1298,161.9731,165.8543,170.5886,169.8721,167.3527,164.8362,163.21,160.6965,158.1871,156.5569,154.053,151.5544,149.9235,148.2899,146.6541,144.1682,143.3765,140.8967,140.0928,138.4493,136.8049,135.1601,132.7008,131.0608,129.421,128.5803,128.5232,127.6577,127.5651,126.6748,127.3181,127.1634,126.9878
-32.03306,-33.51771,-34.78336,-36.04636,-37.30662,-38.56404,-39.81852,-41.06997,-42.31829,-43.56338,-44.80516,-46.04353,-47.27839,-48.50966,-49.73722,-51.30302,-52.53111,-54.11356,-55.34169,-57.68942,-60.46398,-63.68917,-66.98984,-69.9587,-73.8154,-77.33914,-81.3666,-82.85215,-83.43899,-83.98824,-84.96174,-85.44382,-85.88858,-86.78092,-87.15897,-87.5,-88.31168,-89.10159,-89.86975,-90.08627,-91.34093,-91.49936,-92.72541,-93.38521,-94.02344,-94.64011,-94.65458,-95.22121,-95.76647,-96.89222,-98.61935,-99.73716,-101.4699,-102.5792,-104.9529,-106.7027,-108.4578
143.5155,145.1811,144.8831,145.5444,144.254,143.9229,143.5809,143.228,142.8641,142.4894,142.1038,141.7074,142.2485,141.8278,141.3962,140.9539,140.5008,140.9706,140.4931,142.7863,145.973,150.0423,154.0661,157.1298,161.9731,165.8543,170.5886,169.8721,167.3527,164.8362,163.21,160.6965,159.0659,156.5569,154.053,153.2865,150.7851,149.1471,146.6541,145.0162,143.3765,140.8967,140.0928,137.6202,135.9808,135.1601,132.7008,131.0608,129.421,128.5803,127.7299,127.6577,127.5651,128.2291,128.0897,127.9294,126.9878
-31.81662,-33.51771,-34.78336,-36.28828,-37.30662,-38.56404,-39.81852,-41.06997,-42.31829,-43.56338,-44.80516,-46.04353,-47.5957,-48.83522,-50.07103,-51.30302,-52.53111,-54.11356,-55.34169,-57.68942,-60.46398,-63.68917,-66.98984,-69.9587,-73.8154,-77.33914,-81.3666,-82.85215,-83.43899,-83.98824,-84.96174,-85.44382,-86.36574,-86.78092,-87.15897,-88.5,-88.81921,-89.61663,-89.86975,-90.61619,-91.34093,-91.49936,-92.72541,-92.82602,-93.45703,-94.64011,-94.65458,-95.22121,-95.76647,-96.89222,-98.01059,-99.73716,-101.4699,-103.8379,-105.589,-107.3455,-108.4578
145.4681,145.1811,144.8831,144.5741,144.254,143.9229,143.5809,143.228,142.8641,142.4894,142.1038,141.7074,142.2485,141.8278,141.3962,140.9539,140.5008,140.9706,140.4931,142.7863,145.973,150.0423,154.0661,157.1298,161.9731,165.8543,170.5886,169.8721,167.3527,164.8362,163.21,160.6965,158.1871,156.5569,154.9233,152.4205,149.9235,148.2899,146.6541,145.0162,142.5332,140.8967,139.2589,137.6202,135.9808,135.1601,132.7008,131.0608,129.421,128.5803,127.7299,127.6577,127.5651,128.2291,127.3181,127.9294,127.7482
-32.2495,-33.51771,-34.78336,-36.04636,-37.30662,-38.56404,-39.81852,-41.06997,-42.31829,-43.56338,-44.80516,-46.04353,-47.5957,-48.83522,-50.07103,-51.30302,-52.53111,-54.11356,-55.34169,-57.68942,-60.46398,-63.68917,-66.98984,-69.9587,-73.8154,-77.33914,-81.3666,-82.85215,-83.43899,-83.98824,-84.96174,-85.44382,-85.88858,-86.78092,-87.65139,-88,-88.31168,-89.10159,-89.86975,-90.61619,-90.80363,-91.49936,-92.17348,-92.82602,-93.45703,-94.64011,-94.65458,-95.22121,-95.76647,-96.89222,-98.01059,-99.73716,-101.4699,-103.8379,-104.9529,-107.3455,-109.1073
144.4918,145.1811,144.8831,144.5741,144.254,143.9229,143.5809,143.228,142.8641,142.4894,142.1038,141.7074,142.2485,140.8823,141.3962,140.9539,140.5008,140.9706,140.4931,142.7863,145.973,150.0423,154.0661,157.1298,161.9731,165.8543,170.5886,170.7709,167.3527,164.8362,163.21,160.6965,159.0659,156.5569,154.9233,152.4205,150.7851,148.2899,147.5067,145.0162,142.5332,140.8967,139.2589,137.6202,136.8049,135.1601,132.7008,131.0608,129.421,128.5803,128.5232,127.6577,127.5651,128.2291,127.3181,127.9294,126.9878
-32.03306,-33.51771,-34.78336,-36.04636,-37.30662,-38.56404,-39.81852,-41.06997,-42.31829,-43.56338,-44.80516,-46.04353,-47.5957,-48.50966,-50.07103,-51.30302,-52.53111,-54.11356,-55.34169,-57.68942,-60.46398,-63.68917,-66.98984,-69.9587,-73.8154,-77.33914,-81.3666,-83.29052,-83.43899,-83.98824,-84.96174,-85.44382,-86.36574,-86.78092,-87.65139,-88,-88.81921,-89.10159,-90.39225,-90.61619,-90.80363,-91.49936,-92.17348,-92.82602,-94.02344,-94.64011,-94.65458,-95.22121,-95.76647,-96.89222,-98.61935,-99.73716,-101.4699,-103.8379,-104.9529,-107.3455,-108.4578
145.4681,145.1811,144.8831,144.5741,144.254,143.9229,143.5809,143.228,142.8641,142.4894,142.1038,141.7074,141.3002,141.8278,141.3962,140.9539,140.5008,140.9706,140.4931,142.7863,145.973,150.9628,153.149,157.1298,161.9731,165.8543,170.5886,169.8721,167.3527,164.8362,162.323,160.6965,159.0659,156.5569,154.9233,152.4205,150.7851,148.2899,147.5067,145.0162,143.3765,140.8967,140.0928,137.6202,135.9808,134.3409,132.7008,131.0608,129.421,128.5803,128.5232,127.6577,127.5651,128.2291,128.0897,127.9294,126.9878
-32.2495,-33.51771,-34.78336,-36.04636,-37.30662,-38.56404,-39.81852,-41.06997,-42.31829,-43.56338,-44.80516,-46.04353,-47.27839,-48.83522,-50.07103,-51.30302,-52.53111,-54.11356,-55.34169,-57.68942,-60.46398,-64.07991,-66.59109,-69.9587,-73.8154,-77.33914,-81.3666,-82.85215,-83.43899,-83.98824,-84.5,-85.44382,-86.36574,-86.78092,-87.65139,-88,-88.81921,-89.10159,-90.39225,-90.61619,-91.34093,-91.49936,-92.72541,-92.82602,-93.45703,-94.06654,-94.65458,-95.22121,-95.76647,-96.89222,-98.61935,-99.73716,-101.4699,-103.8379,-105.589,-107.3455,-108.4578
145.4681,145.1811,144.8831,144.5741,144.254,143.9229,143.5809,143.228,142.8641,142.4894,142.1038,141.7074,141.3002,141.8278,141.3962,140.9539,140.5008,140.9706,140.4931,142.7863,145.973,150.0423,154.0661,158.0434,161.9731,166.7606,170.5886,169.8721,167.3527,164.8362,162.323,160.6965,158.1871,156.5569,154.053,152.4205,150.7851,148.2899,146.6541,145.8643,143.3765,140.8967,139.2589,137.6202,135.9808,135.1601,132.7008,131.0608,129.421,128.5803,127.7299,127.6577,127.5651,128.2291,128.0897,127.9294,126.9878
-32.2495,-33.51771,-34.78336,-36.04636,-37.30662,-38.56404,-39.81852,-41.06997,-42.31829,-43.56338,-44.80516,-46.04353,-47.27839,-48.83522,-50.07103,-51.30302,-52.53111,-54.11356,-55.34169,-57.68942,-60.46398,-63.68917,-66.98984,-70.36544,-73.8154,-77.76176,-81.3666,-82.85215,-83.43899,-83.98824,-84.5,-85.44382,-85.88858,-86.78092,-87.15897,-88,-88.81921,-89.10159,-89.86975,-91.14611,-91.34093,-91.49936,-92.17348,-92.82602,-93.45703,-94.64011,-94.65458,-95.22121,-95.76647,-96.89222,-98.01059,-99.73716,-101.4699,-103.8379,-105.589,-107.3455,-108.4578
144.4918,145.1811,144.8831,144.5741,144.254,143.9229,143.5809,143.228,142.8641,142.4894,142.1038,141.7074,141.3002,141.8278,141.3962,140.9539,140.5008,140.9706,140.4931,143.7135,145.973,150.0423,153.149,157.1298,161.0631,165.8543,170.5886,169.8721,166.4578,164.8362,162.323,160.6965,159.0659,156.5569,154.9233,152.4205,149.9235,148.2899,147.5067,145.0162,143.3765,140.8967,140.0928,137.6202,135.9808,135.1601,132.7008,131.0608,129.421,128.5803,128.5232,127.6577,127.5651,128.2291,128.0897,127.9294,126.9878
-32.03306,-33.51771,-34.78336,-36.04636,-37.30662,-38.56404,-39.81852,-41.06997,-42.31829,-43.56338,-44.80516,-46.04353,-47.27839,-48.83522,-50.07103,-51.30302,-52.53111,-54.11356,-55.34169,-58.06402,-60.46398,-63.68917,-66.59109,-69.9587,-73.4007,-77.33914,-81.3666,-82.85215,-82.99279,-83.98824,-84.5,-85.44382,-86.36574,-86.78092,-87.65139,-88,-88.31168,-89.10159,-90.39225,-90.61619,-91.34093,-91.49936,-92.72541,-92.82602,-93.45703,-94.64011,-94.65458,-95.22121,-95.76647,-96.89222,-98.61935,-99.73716,-101.4699,-103.8379,-105.589,-107.3455,-108.4578
145.4681,145.1811,143.9107,144.5741,143.2859,143.9229,142.6173,143.228,141.9053,142.4894,141.1501,141.7074,140.3519,140.8823,139.5109,140.9539,140.5008,140.9706,139.5626,143.7135,145.973,150.0423,154.0661,158.0434,161.9731,166.7606,170.5886,169.8721,166.4578,164.8362,163.21,160.6965,159.0659,156.5569,154.053,152.4205,149.9235,148.2899,146.6541,145.0162,143.3765,140.8967,140.0928,137.6202,135.9808,135.1601,132.7008,131.0608,129.421,128.5803,128.5232,127.6577,127.5651,128.2291,126.5464,127.1634,126.9878
-32.2495,-33.51771,-34.54991,-36.04636,-37.05624,-38.56404,-39.55128,-41.06997,-42.03427,-43.56338,-44.50446,-46.04353,-46.96109,-48.50966,-49.40342,-51.30302,-52.53111,-54.11356,-54.97518,-58.06402,-60.46398,-63.68917,-66.98984,-70.36544,-73.8154,-77.76176,-81.3666,-82.85215,-82.99279,-83.98824,-84.96174,-85.44382,-86.36574,-86.78092,-87.15897,-88,-88.31168,-89.10159,-89.86975,-90.61619,-91.34093,-91.49936,-92.72541,-92.82602,-93.45703,-94.64011,-94.65458,-95.22121,-95.76647,-96.89222,-98.61935,-99.73716,-101.4699,-103.8379,-104.3168,-106.7027,-108.4578
145.4681,144.2068,143.9107,143.6038,143.2859,142.957,142.6173,142.2667,141.9053,141.5331,141.1501,142.6585,140.3519,139.9367,139.5109,140.9539,140.5008,140.9706,140.4931,142.7863,145.973,150.0423,154.0661,157.1298,161.9731,165.8543,169.686,170.7709,167.3527,164.8362,162.323,160.6965,158.1871,156.5569,154.9233,152.4205,149.9235,148.2899,147.5067,145.0162,144.2199,140.8967,140.0928,138.4493,136.8049,134.3409,132.7008,131.0608,129.421,128.5803,127.7299,127.6577,127.5651,127.4519,128.0897,127.1634,127.7482
-32.2495,-33.29276,-34.54991,-35.80444,-37.05624,-38.30522,-39.55128,-40.79433,-42.03427,-43.27101,-44.50446,-46.35255,-46.96109,-48.18409,-49.40342,-51.30302,-52.53111,-54.11356,-55.34169,-57.68942,-60.46398,-63.68917,-66.98984,-69.9587,-73.8154,-77.33914,-80.93609,-83.29052,-83.43899,-83.98824,-84.5,-85.44382,-85.88858,-86.78092,-87.65139,-88,-88.31168,-89.10159,-90.39225,-90.61619,-91.87823,-91.49936,-92.72541,-93.38521,-94.02344,-94.06654,-94.65458,-95.22121,-95.76647,-96.89222,-98.01059,-99.73716,-101.4699,-103.2085,-105.589,-106.7027,-109.1073
144.4918,144.2068,143.9107,143.6038,143.2859,142.957,142.6173,142.2667,141.9053,141.5331,143.0575,140.7564,140.3519,141.8278,141.3962,140.9539,140.5008,140.9706,140.4931,143.7135,145.973,150.0423,154.0661,157.1298,161.9731,165.8543,170.5886,170.7709,166.4578,164.8362,162.323,160.6965,159.0659,156.5569,154.9233,152.4205,150.7851,148.2899,147.5067,144.1682,143.3765,140.8967,140.0928,137.6202,136.8049,134.3409,132.7008,131.0608,129.421,128.5803,127.7299,127.6577,127.5651,126.6748,128.0897,127.1634,126.9878
-32.03306,-33.29276,-34.54991,-35.80444,-37.05624,-38.30522,-39.55128,-40.79433,-42.03427,-43.27101,-45.10587,-45.73452,-46.96109,-48.83522,-50.07103,-51.30302,-52.53111,-54.11356,-55.34169,-58.06402,-60.46398,-63.68917,-66.98984,-69.9587,-73.8154,-77.33914,-81.3666,-83.29052,-82.99279,-83.98824,-84.5,-85.44382,-86.36574,-86.78092,-87.65139,-88,-88.81921,-89.10159,-90.39225,-90.08627,-91.34093,-91.49936,-92.72541,-92.82602,-94.02344,-94.06654,-94.65458,-95.22121,-95.76647,-96.89222,-98.01059,-99.73716,-101.4699,-102.5792,-105.589,-106.7027,-108.4578
145.4681,144.2068,143.9107,145.5444,143.2859,142.957,142.6173,142.2667,141.9053,141.5331,141.1501,140.7564,140.3519,141.8278,141.3962,140.9539,140.5008,140.9706,140.4931,142.7863,145.973,150.0423,154.9832,158.0434,161.9731,165.8543,170.5886,169.8721,167.3527,164.8362,163.21,160.6965,159.0659,156.5569,154.9233,152.4205,150.7851,149.1471,146.6541,145.0162,142.5332,140.8967,139.2589,138.4493,136.8049,134.3409,131.8867,131.0608,129.421,129.379,127.7299,127.6577,127.5651,127.4519,126.5464,127.1634,126.9878
-32.2495,-33.29276,-34.54991,-36.28828,-37.05624,-38.30522,-39.55128,-40.79433,-42.03427,-43.27101,-44.50446,-45.73452,-46.96109,-48.83522,-50.07103,-51.30302,-52.53111,-54.11356,-55.34169,-57.68942,-60.46398,-63.68917,-67.38859,-70.36544,-73.8154,-77.33914,-81.3666,-82.85215,-83.43899,-83.98824,-84.96174,-85.44382,-86.36574,-86.78092,-87.65139,-88,-88.81921,-89.61663,-89.86975,-90.61619,-90.80363,-91.49936,-92.17348,-93.38521,-94.02344,-94.06654,-94.07388,-95.22121,-95.76647,-97.49403,-98.01059,-99.73716,-101.4699,-103.2085,-104.3168,-106.7027,-108.4578
144.4918,144.2068,143.9107,143.6038,143.2859,142.957,142.6173,142.2667,141.9053,141.5331,141.1501,140.7564,140.3519,141.8278,141.3962,140.9539,140.5008,140.9706,140.4931,143.7135,145.973,150.0423,154.9832,157.1298,161.0631,165.8543,170.5886,170.7709,167.3527,164.8362,162.323,160.6965,158.1871,156.5569,154.9233,152.4205,149.9235,148.2899,146.6541,145.0162,143.3765,140.8967,140.0928,138.4493,135.9808,134.3409,132.7008,131.0608,129.421,128.5803,128.5232,127.6577,127.5651,127.4519,128.0897,127.1634,126.9878
-32.03306,-33.29276,-34.54991,-35.80444,-37.05624,-38.30522,-39.55128,-40.79433,-42.03427,-43.27101,-44.50446,-45.73452,-46.96109,-48.83522,-50.07103,-51.30302,-52.53111,-54.11356,-55.34169,-58.06402,-60.46398,-63.68917,-67.38859,-69.9587,-73.4007,-77.33914,-81.3666,-83.29052,-83.43899,-83.98824,-84.5,-85.44382,-85.88858,-86.78092,-87.65139,-88,-88.31168,-89.10159,-89.86975,-90.61619,-91.34093,-91.49936,-92.72541,-93.38521,-93.45703,-94.06654,-94.65458,-95.22121,-95.76647,-96.89222,-98.61935,-99.73716,-101.4699,-103.2085,-105.589,-106.7027,-108.4578
145.4681,144.2068,143.9107,143.6038,143.2859,142.957,142.6173,142.2667,141.9053,141.5331,141.1501,140.7564,140.3519,141.8278,141.3962,140.9539,140.5008,140.9706,140.4931,142.7863,145.973,150.0423,154.0661,157.1298,161.9731,165.8543,170.5886,169.8721,167.3527,164.8362,162.323,160.6965,158.1871,156.5569,154.053,152.4205,150.7851,148.2899,147.5067,145.0162,143.3765,141.7353,140.0928,137.6202,135.9808,134.3409,132.7008,131.0608,129.421,128.5803,128.5232,127.6577,127.5651,127.4519,128.0897,127.1634,127.7482
-32.2495,-33.29276,-34.54991,-35.80444,-37.05624,-38.30522,-39.55128,-40.79433,-42.03427,-43.27101,-44.50446,-45.73452,-46.96109,-48.83522,-50.07103,-51.30302,-52.53111,-54.11356,-55.34169,-57.68942,-60.46398,-63.68917,-66.98984,-69.9587,-73.8154,-77.33914,-81.3666,-82.85215,-83.43899,-83.98824,-84.5,-85.44382,-85.88858,-86.78092,-87.15897,-88,-88.81921,-89.10159,-90.39225,-90.61619,-91.34093,-92.044,-92.72541,-92.82602,-93.45703,-94.06654,-94.65458,-95.22121,-95.76647,-96.89222,-98.61935,-99.73716,-101.4699,-103.2085,-105.589,-106.7027,-109.1073
145.4681,144.2068,143.9107,143.6038,143.2859,142.957,142.6173,142.2667,141.9053,141.5331,141.1501,140.7564,142.2485,141.8278,141.3962,140.9539,140.5008,140.9706,140.4931,142.7863,145.973,150.0423,154.0661,157.1298,161.9731,165.8543,170.5886,170.7709,167.3527,164.8362,162.323,160.6965,159.0659,156.5569,154.9233,152.4205,150.7851,148.2899,147.5067,145.0162,143.3765,140.8967,140.0928,137.6202,136.8049,134.3409,132.7008,131.0608,129.421,128.5803,127.7299,127.6577,127.5651,127.4519,128.0897,127.1634,126.9878
-32.2495,-33.29276,-34.54991,-35.80444,-37.05624,-38.30522,-39.55128,-40.79433,-42.03427,-43.27101,-44.50446,-45.73452,-47.5957,-48.83522,-50.07103,-51.30302,-52.53111,-54.11356,-55.34169,-57.68942,-60.46398,-63.68917,-66.98984,-69.9587,-73.8154,-77.33914,-81.3666,-83.29052,-83.43899,-83.98824,-84.5,-85.44382,-86.36574,-86.78092,-87.65139,-88,-88.81921,-89.10159,-90.39225,-90.61619,-91.34093,-91.49936,-92.72541,-92.82602,-94.02344,-94.06654,-94.65458,-95.22121,-95.76647,-96.89222,-98.01059,-99.73716,-101.4699,-103.2085,-105.589,-106.7027,-108.4578
145.4681,144.2068,143.9107,143.6038,143.2859,142.957,142.6173,142.2667,141.9053,141.5331,141.1501,140.7564,140.3519,139.9367,141.3962,140.9539,140.5008,140.9706,140.4931,142.7863,145.973,150.0423,154.0661,157.1298,161.9731,165.8543,170.5886,169.8721,167.3527,164.8362,163.21,160.6965,159.0659,156.5569,154.9233,152.4205,149.9235,148.2899,146.6541,145.0162,143.3765,140.8967,140.0928,137.6202,135.9808,133.5218,132.7008,131.0608,129.421,128.5803,127.7299,127.6577,127.5651,126.6748,126.5464,127.1634,126.9878
-32.2495,-33.29276,-34.54991,-35.80444,-37.05624,-38.30522,-39.55128,-40.79433,-42.03427,-43.27101,-44.50446,-45.73452,-46.96109,-48.18409,-50.07103,-51.30302,-52.53111,-54.11356,-55.34169,-57.68942,-60.46398,-63.68917,-66.98984,-69.9587,-73.8154,-77.33914,-81.3666,-82.85215,-83.43899,-83.98824,-84.96174,-85.44382,-86.36574,-86.78092,-87.65139,-88,-88.31168,-89.10159,-89.86975,-90.61619,-91.34093,-91.49936,-92.72541,-92.82602,-93.45703,-93.49296,-94.65458,-95.22121,-95.76647,-96.89222,-98.01059,-99.73716,-101.4699,-102.5792,-104.3168,-106.7027,-108.4578
145.4681,144.2068,143.9107,143.6038,143.2859,142.957,142.6173,142.2667,141.9053,141.5331,141.1501,140.7564,140.3519,141.8278,141.3962,140.9539,140.5008,140.9706,140.4931,142.7863,145.973,150.0423,154.9832,157.1298,161.9731,165.8543,170.5886,169.8721,167.3527,164.8362,162.323,160.6965,158.1871,156.5569,154.053,152.4205,149.9235,148.2899,146.6541,145.0162,143.3765,140.8967,139.2589,137.6202,135.9808,133.5218,132.7008,131.0608,129.421,128.5803,128.5232,127.6577,127.5651,127.4519,128.0897,127.1634,127.7482
-32.2495,-33.29276,-34.54991,-35.80444,-37.05624,-38.30522,-39.55128,-40.79433,-42.03427,-43.27101,-44.50446,-45.73452,-46.96109,-48.83522,-50.07103,-51.30302,-52.53111,-54.11356,-55.34169,-57.68942,-60.46398,-63.68917,-67.38859,-69.9587,-73.8154,-77.33914,-81.3666,-82.85215,-83.43899,-83.98824,-84.5,-85.44382,-85.88858,-86.78092,-87.15897,-88,-88.31168,-89.10159,-89.86975,-90.61619,-91.34093,-91.49936,-92.17348,-92.82602,-93.45703,-93.49296,-94.65458,-95.22121,-95.76647,-96.89222,-98.61935,-99.73716,-101.4699,-103.2085,-105.589,-106.7027,-109.1073
145.4681,144.2068,143.9107,143.6038,143.2859,142.957,142.6173,142.2667,141.9053,141.5331,141.1501,140.7564,142.2485,139.9367,141.3962,140.9539,140.5008,140.9706,140.4931,142.7863,145.973,150.0423,154.0661,157.1298,161.9731,165.8543,170.5886,169.8721,167.3527,164.8362,162.323,160.6965,159.0659,156.5569,154.9233,152.4205,149.9235,148.2899,146.6541,145.0162,143.3765,140.8967,140.0928,137.6202,136.8049,134.3409,132.7008,131.0608,129.421,128.5803,128.5232,127.6577,127.5651,127.4519,128.0897,127.9294,126.9878
-32.2495,-33.29276,-34.54991,-35.80444,-37.05624,-38.30522,-39.55128,-40.79433,-42.03427,-43.27101,-44.50446,-45.73452,-47.5957,-48.18409,-50.07103,-51.30302,-52.53111,-54.11356,-55.34169,-57.68942,-60.46398,-63.68917,-66.98984,-69.9587,-73.8154,-77.33914,-81.3666,-82.85215,-83.43899,-83.98824,-84.5,-85.44382,-86.36574,-86.78092,-87.65139,-88,-88.31168,-89.10159,-89.86975,-90.61619,-91.34093,-91.49936,-92.72541,-92.82602,-94.02344,-94.06654,-94.65458,-95.22121,-95.76647,-96.89222,-98.61935,-99.73716,-101.4699,-103.2085,-105.589,-107.3455,-108.4578
145.4681,144.2068,143.9107,143.6038,143.2859,142.957,142.6173,142.2667,141.9053,141.5331,141.1501,140.7564,140.3519,139.9367,141.3962,140.9539,140.5008,140.9706,140.4931,143.7135,145.973,150.0423,153.149,158.0434,161.9731,165.8543,169.686,169.8721,167.3527,164.8362,162.323,160.6965,158.1871,156.5569,154.053,152.4205,150.7851,148.2899,146.6541,145.0162,142.5332,140.8967,139.2589,137.6202,136.8049,134.3409,132.7008,131.0608,129.421,128.5803,128.5232,127.6577,127.5651,127.4519,128.0897,127.1634,126.9878
-32.2495,-33.29276,-34.54991,-35.80444,-37.05624,-38.30522,-39.55128,-40.79433,-42.03427,-43.27101,-44.50446,-45.73452,-46.96109,-48.18409,-50.07103,-51.30302,-52.53111,-54.11356,-55.34169,-58.06402,-60.46398,-63.68917,-66.59109,-70.36544,-73.8154,-77.33914,-80.93609,-82.85215,-83.43899,-83.98824,-84.5,-85.44382,-85.88858,-86.78092,-87.15897,-88,-88.81921,-89.10159,-89.86975,-90.61619,-90.80363,-91.49936,-92.17348,-92.82602,-94.02344,-94.06654,-94.65458,-95.22121,-95.76647,-96.89222,-98.61935,-99.73716,-101.4699,-103.2085,-105.589,-106.7027,-108.4578
144.4918,144.2068,143.9107,143.6038,143.2859,142.957,142.6173,142.2667,141.9053,141.5331,141.1501,140.7564,140.3519,139.9367,141.3962,140.9539,140.5008,140.9706,140.4931,141.8591,145.0491,150.0423,154.0661,157.1298,161.0631,165.8543,169.686,170.7709,167.3527,164.8362,162.323,160.6965,158.1871,156.5569,154.053,152.4205,149.9235,148.2899,146.6541,145.0162,143.3765,140.8967,139.2589,138.4493,136.8049,134.3409,132.7008,131.0608,129.421,128.5803,127.7299,127.6577,127.5651,127.4519,128.0897,127.1634,126.9878
-32.03306,-33.29276,-34.54991,-35.80444,-37.05624,-38.30522,-39.55128,-40.79433,-42.03427,-43.27101,-44.50446,-45.73452,-46.96109,-48.18409,-50.07103,-51.30302,-52.53111,-54.11356,-55.34169,-57.31481,-60.0813,-63.68917,-66.98984,-69.9587,-73.4007,-77.33914,-80.93609,-83.29052,-83.43899,-83.98824,-84.5,-85.44382,-85.88858,-86.78092,-87.15897,-88,-88.31168,-89.10159,-89.86975,-90.61619,-91.34093,-91.49936,-92.17348,-93.38521,-94.02344,-94.06654,-94.65458,-95.22121,-95.76647,-96.89222,-98.01059,-99.73716,-101.4699,-103.2085,-105.589,-106.7027,-108.4578
145.4681,144.2068,143.9107,143.6038,143.2859,142.957,142.6173,142.2667,141.9053,141.5331,141.1501,140.7564,140.3519,141.8278,141.3962,140.9539,140.5008,140.9706,140.4931,142.7863,145.0491,149.1218,154.0661,158.0434,161.9731,165.8543,170.5886,169.8721,167.3527,164.8362,163.21,160.6965,158.1871,156.5569,154.9233,152.4205,150.7851,148.2899,146.6541,145.0162,143.3765,140.8967,139.2589,137.6202,136.8049,133.5218,132.7008,131.0608,129.421,128.5803,128.5232,127.6577,127.5651,126.6748,128.0897,127.9294,126.9878
-32.2495,-33.29276,-34.54991,-35.80444,-37.05624,-38.30522,-39.55128,-40.79433,-42.03427,-43.27101,-44.50446,-45.73452,-46.96109,-48.83522,-50.07103,-51.30302,-52.53111,-54.11356,-55.34169,-57.68942,-60.0813,-63.29844,-66.98984,-70.36544,-73.8154,-77.33914,-81.3666,-82.85215,-83.43899,-83.98824,-84.96174,-85.44382,-85.88858,-86.78092,-87.65139,-88,-88.81921,-89.10159,-89.86975,-90.61619,-91.34093,-91.49936,-92.17348,-92.82602,-94.02344,-93.49296,-94.65458,-95.22121,-95.76647,-96.89222,-98.61935,-99.73716,-101.4699,-102.5792,-105.589,-107.3455,-108.4578
145.4681,144.2068,143.9107,143.6038,143.2859,142.957,142.6173,142.2667,141.9053,141.5331,141.1501,140.7564,140.3519,141.8278,139.5109,140.9539,140.5008,140.9706,140.4931,142.7863,145.0491,149.1218,153.149,157.1298,161.0631,165.8543,170.5886,169.8721,167.3527,164.8362,163.21,160.6965,159.0659,156.5569,154.9233,152.4205,149.9235,148.2899,146.6541,145.0162,143.3765,140.8967,140.0928,137.6202,135.9808,134.3409,132.7008,131.0608,129.421,128.5803,128.5232,127.6577,127.5651,127.4519,126.5464,127.1634,126.9878
-32.2495,-33.29276,-34.54991,-35.80444,-37.05624,-38.30522,-39.55128,-40.79433,-42.03427,-43.27101,-44.50446,-45.73452,-46.96109,-48.83522,-49.40342,-51.30302,-52.53111,-54.11356,-55.34169,-57.68942,-60.0813,-63.29844,-66.59109,-69.9587,-73.4007,-77.33914,-81.3666,-82.85215,-83.43899,-83.98824,-84.96174,-85.44382,-86.36574,-86.78092,-87.65139,-88,-88.31168,-89.10159,-89.86975,-90.61619,-91.34093,-91.49936,-92.72541,-92.82602,-93.45703,-94.06654,-94.65458,-95.22121,-95.76647,-96.89222,-98.61935,-99.73716,-101.4699,-103.2085,-104.3168,-106.7027,-108.4578
145.4681,144.2068,143.9107,143.6038,143.2859,142.957,142.6173,142.2667,141.9053,141.5331,141.1501,140.7564,140.3519,141.8278,139.5109,139.0745,140.5008,140.9706,140.4931,141.8591,145.0491,149.1218,154.0661,158.0434,161.0631,164.948,170.5886,169.8721,167.3527,164.8362,162.323,160.6965,158.1871,156.5569,154.9233,152.4205,150.7851,148.2899,147.5067,145.8643,143.3765,140.8967,139.2589,137.6202,135.9808,134.3409,132.7008,131.0608,129.421,128.5803,127.7299,127.6577,127.5651,127.4519,128.0897,127.1634,126.9878
-32.2495,-33.29276,-34.54991,-35.80444,-37.05624,-38.30522,-39.55128,-40.79433,-42.03427,-43.27101,-44.50446,-45.73452,-46.96109,-48.83522,-49.40342,-50.61898,-52.53111,-54.11356,-55.34169,-57.31481,-60.0813,-63.29844,-66.98984,-70.36544,-73.4007,-76.91652,-81.3666,-82.85215,-83.43899,-83.98824,-84.5,-85.44382,-85.88858,-86.78092,-87.65139,-88,-88.81921,-89.10159,-90.39225,-91.14611,-91.34093,-91.49936,-92.17348,-92.82602,-93.45703,-94.06654,-94.65458,-95.22121,-95.76647,-96.89222,-98.01059,-99.73716,-101.4699,-103.2085,-105.589,-106.7027,-108.4578
146.4444,144.2068,143.9107,143.6038,143.2859,142.957,142.6173,142.2667,141.9053,141.5331,141.1501,140.7564,142.2485,141.8278,141.3962,140.9539,140.5008,140.9706,140.4931,141.8591,145.0491,149.1218,153.149,157.1298,161.0631,166.7606,170.5886,169.8721,167.3527,164.8362,162.323,160.6965,158.1871,156.5569,154.053,152.4205,149.9235,148.2899,147.5067,145.8643,142.5332,140.8967,139.2589,137.6202,136.8049,134.3409,132.7008,131.0608,129.421,128.5803,128.5232,127.6577,127.5651,127.4519,126.5464,127.1634,126.9878
-32.46594,-33.29276,-34.54991,-35.80444,-37.05624,-38.30522,-39.55128,-40.79433,-42.03427,-43.27101,-44.50446,-45.73452,-47.5957,-48.83522,-50.07103,-51.30302,-52.53111,-54.11356,-55.34169,-57.31481,-60.0813,-63.29844,-66.59109,-69.9587,-73.4007,-77.76176,-81.3666,-82.85215,-83.43899,-83.98824,-84.5,-85.44382,-85.88858,-86.78092,-87.15897,-88,-88.31168,-89.10159,-90.39225,-91.14611,-90.80363,-91.49936,-92.17348,-92.82602,-94.02344,-94.06654,-94.65458,-95.22121,-95.76647,-96.89222,-98.61935,-99.73716,-101.4699,-103.2085,-104.3168,-106.7027,-108.4578
144.4918,144.2068,143.9107,143.6038,143.2859,142.957,142.6173,142.2667,141.9053,141.5331,141.1501,140.7564,140.3519,139.9367,141.3962,140.9539,140.5008,140.9706,140.4931,141.8591,145.0491,150.0423,153.149,158.0434,161.0631,164.948,170.5886,170.7709,167.3527,164.8362,163.21,160.6965,159.0659,156.5569,154.9233,152.4205,150.7851,148.2899,146.6541,145.0162,142.5332,140.8967,139.2589,137.6202,136.8049,134.3409,132.7008,131.0608,129.421,128.5803,128.5232,127.6577,127.5651,126.6748,126.5464,127.1634,126.9878
-32.03306,-33.29276,-34.54991,-35.80444,-37.05624,-38.30522,-39.55128,-40.79433,-42.03427,-43.27101,-44.50446,-45.73452,-46.96109,-48.18409,-50.07103,-51.30302,-52.53111,-54.11356,-55.34169,-57.31481,-60.0813,-63.68917,-66.59109,-70.36544,-73.4007,-76.91652,-81.3666,-83.29052,-83.43899,-83.98824,-84.96174,-85.44382,-86.36574,-86.78092,-87.65139,-88,-88.81921,-89.10159,-89.86975,-90.61619,-90.80363,-91.49936,-92.17348,-92.82602,-94.02344,-94.06654,-94.65458,-95.22121,-95.76647,-96.89222,-98.61935,-99.73716,-101.4699,-102.5792,-104.3168,-106.7027,-108.4578
145.4681,144.2068,143.9107,143.6038,143.2859,142.957,142.6173,142.2667,141.9053,141.5331,141.1501,140.7564,140.3519,139.9367,141.3962,140.9539,140.5008,140.9706,140.4931,141.8591,145.0491,150.0423,154.0661,157.1298,161.0631,164.948,170.5886,169.8721,167.3527,164.8362,162.323,160.6965,158.1871,156.5569,154.9233,152.4205,149.9235,149.1471,146.6541,145.0162,142.5332,140.8967,139.2589,137.6202,135.9808,134.3409,132.7008,131.0608,129.421,128.5803,127.7299,127.6577,127.5651,127.4519,128.0897,127.9294,126.9878
-32.2495,-33.29276,-34.54991,-35.80444,-37.05624,-38.30522,-39.55128,-40.79433,-42.03427,-43.27101,-44.50446,-45.73452,-46.96109,-48.18409,-50.07103,-51.30302,-52.53111,-54.11356,-55.34169,-57.31481,-60.0813,-63.68917,-66.98984,-69.9587,-73.4007,-76.91652,-81.3666,-82.85215,-83.43899,-83.98824,-84.5,-85.44382,-85.88858,-86.78092,-87.65139,-88,-88.31168,-89.61663,-89.86975,-90.61619,-90.80363,-91.49936,-92.17348,-92.82602,-93.45703,-94.06654,-94.65458,-95.22121,-95.76647,-96.89222,-98.01059,-99.73716,-101.4699,-103.2085,-105.589,-107.3455,-108.4578
144.4918,144.2068,143.9107,143.6038,143.2859,142.957,142.6173,142.2667,141.9053,141.5331,141.1501,140.7564,140.3519,141.8278,141.3962,140.9539,138.6275,140.9706,140.4931,142.7863,145.0491,149.1218,153.149,157.1298,161.9731,165.8543,170.5886,169.8721,167.3527,164.8362,163.21,160.6965,159.0659,156.5569,154.9233,152.4205,149.9235,148.2899,146.6541,145.0162,143.3765,140.8967,140.0928,137.6202,136.8049,134.3409,132.7008,131.0608,129.421,128.5803,127.7299,127.6577,127.5651,127.4519,128.0897,127.1634,127.7482
-32.03306,-33.29276,-34.54991,-35.80444,-37.05624,-38.30522,-39.55128,-40.79433,-42.03427,-43.27101,-44.50446,-45.73452,-46.96109,-48.83522,-50.07103,-51.30302,-51.83069,-54.11356,-55.34169,-57.68942,-60.0813,-63.29844,-66.59109,-69.9587,-73.8154,-77.33914,-81.3666,-82.85215,-83.43899,-83.98824,-84.96174,-85.44382,-86.36574,-86.78092,-87.65139,-88,-88.31168,-89.10159,-89.86975,-90.61619,-91.34093,-91.49936,-92.72541,-92.82602,-94.02344,-94.06654,-94.65458,-95.22121,-95.76647,-96.89222,-98.01059,-99.73716,-101.4699,-103.2085,-105.589,-106.7027,-109.1073
