119.4983,120.0239,118.6795,118.2566,117.8246,117.3837,116.9338,117.385,116.9137,116.4335,115.9444,115.4465,114.9398,115.3114,114.7832,114.2462,113.7006,113.1462,112.5833,112.8734,112.2889,111.6959,113.6384,115.5446,119.0912,120.9134,124.3556,128.5637,129.426,127.8161,125.3976,124.5978,122.9899,120.5897,119.7776,117.3912,115.7947,114.2004,112.6085,111.0193,109.4329,107.8496,107.0129,104.6934,103.8522,103.0032,102.1463,100.5683,100.4092,99.52912,100.0308,99.12306,98.88976,98.63617,98.3622,98.06777,97.09674,96.76776,97.06093,96.04781,95.6567,95.24474
-45.8711,-47.27866,-47.94964,-48.98348,-50.01358,-51.03988,-52.06229,-53.49543,-54.51776,-55.53593,-56.54988,-57.55952,-58.56477,-60.02732,-61.0313,-62.03064,-63.02525,-64.01506,-65,-66.48753,-67.46999,-68.44731,-71.00918,-73.61005,-77.33874,-80.03086,-83.87894,-88.35937,-90.62508,-91.17036,-91.10671,-92.19753,-92.67951,-92.53174,-93.58054,-93.3772,-93.76874,-94.13958,-94.48978,-94.81942,-95.12856,-95.41729,-96.35481,-95.93381,-96.84377,-97.74635,-98.64149,-98.82821,-100.4092,-101.2816,-103.5849,-104.4539,-106.0463,-107.6425,-109.2423,-110.8454,-111.697,-113.3005,-115.6727,-116.5153,-118.1262,-119.739
119.4983,119.0934,118.6795,118.2566,117.8246,118.3007,117.8474,117.385,116.9137,116.4335,115.9444,115.4465,114.9398,114.4244,114.7832,114.2462,113.7006,113.1462,112.5833,112.8734,112.2889,111.6959,113.6384,115.5446,118.2526,121.7473,124.3556,128.5637,129.426,127.8161,125.3976,123.794,122.9899,121.3831,118.9896,117.3912,115.7947,114.2004,112.6085,111.0193,109.4329,107.8496,107.0129,105.4307,103.8522,103.0032,102.1463,101.2816,101.1163,100.9309,100.0308,99.81141,98.88976,98.63617,98.3622,97.40515,97.7528,97.41721,96.41814,96.68389,95.6567,94.62222
-45.8711,-46.91216,-47.94964,-48.98348,-50.01358,-51.43863,-52.46903,-53.49543,-54.51776,-55.53593,-56.54988,-57.55952,-58.56477,-59.56557,-61.0313,-62.03064,-63.02525,-64.01506,-65,-66.48753,-67.46999,-68.44731,-71.00918,-73.61005,-76.7941,-80.5828,-83.87894,-88.35937,-90.62508,-91.17036,-91.10671,-91.60271,-92.67951,-93.1405,-92.96488,-93.3772,-93.76874,-94.13958,-94.48978,-94.81942,-95.12856,-95.41729,-96.35481,-96.6094,-96.84377,-97.74635,-98.64149,-99.52912,-101.1163,-102.7081,-103.5849,-105.1793,-106.0463,-107.6425,-109.2423,-110.0965,-112.4517,-114.0609,-114.9067,-117.2869,-118.1262,-118.9564
119.4983,119.0934,118.6795,118.2566,118.7451,117.3837,116.9338,117.385,116.9137,116.4335,115.9444,115.4465,114.9398,115.3114,114.7832,114.2462,113.7006,113.1462,112.5833,112.8734,112.2889,111.6959,114.4865,115.5446,118.2526,121.7473,124.3556,128.5637,129.426,127.8161,125.3976,123.794,122.1912,120.5897,118.9896,117.3912,115.7947,114.2004,112.6085,111.7797,110.1876,107.8496,106.2697,105.4307,103.8522,103.0032,102.1463,101.9948,101.1163,99.52912,99.33615,99.81141,98.88976,98.63617,98.3622,98.06777,97.09674,96.76776,97.06093,96.68389,95.6567,94.62222
-45.8711,-46.91216,-47.94964,-48.98348,-50.40432,-51.03988,-52.06229,-53.49543,-54.51776,-55.53593,-56.54988,-57.55952,-58.56477,-60.02732,-61.0313,-62.03064,-63.02525,-64.01506,-65,-66.48753,-67.46999,-68.44731,-71.5391,-73.61005,-76.7941,-80.5828,-83.87894,-88.35937,-90.62508,-91.17036,-91.10671,-91.60271,-92.0777,-92.53174,-92.96488,-93.3772,-93.76874,-94.13958,-94.48978,-95.46886,-95.78462,-95.41729,-95.68568,-96.6094,-96.84377,-97.74635,-98.64149,-100.23,-101.1163,-101.2816,-102.8656,-105.1793,-106.0463,-107.6425,-109.2423,-110.8454,-111.697,-113.3005,-115.6727,-117.2869,-118.1262,-118.9564
119.4983,119.0934,118.6795,118.2566,117.8246,117.3837,117.8474,117.385,116.9137,116.4335,115.9444,116.3415,114.9398,114.4244,114.7832,114.2462,113.7006,113.1462,112.5833,112.8734,112.2889,111.6959,113.6384,115.5446,118.2526,121.7473,124.3556,128.5637,129.426,127.8161,125.3976,123.794,122.1912,120.5897,118.9896,117.3912,115.7947,114.2004,112.6085,111.0193,109.4329,107.8496,107.0129,105.4307,103.8522,103.0032,102.1463,101.2816,101.1163,100.23,100.0308,99.12306,98.88976,98.63617,98.3622,97.40515,97.7528,97.41721,97.06093,96.68389,95.6567,95.86725
-45.8711,-46.91216,-47.94964,-48.98348,-50.01358,-51.03988,-52.46903,-53.49543,-54.51776,-55.53593,-56.54988,-58.00572,-58.56477,-59.56557,-61.0313,-62.03064,-63.02525,-64.01506,-65,-66.48753,-67.46999,-68.44731,-71.00918,-73.61005,-76.7941,-80.5828,-83.87894,-88.35937,-90.62508,-91.17036,-91.10671,-91.60271,-92.0777,-92.53174,-92.96488,-93.3772,-93.76874,-94.13958,-94.48978,-94.81942,-95.12856,-95.41729,-96.35481,-96.6094,-96.84377,-97.74635,-98.64149,-99.52912,-101.1163,-101.9948,-103.5849,-104.4539,-106.0463,-107.6425,-109.2423,-110.0965,-112.4517,-114.0609,-115.6727,-117.2869,-118.1262,-120.5217
119.4983,119.0934,118.6795,118.2566,117.8246,117.3837,116.9338,117.385,116.9137,116.4335,115.9444,115.4465,114.9398,114.4244,114.7832,114.2462,113.7006,113.1462,113.4493,112.0118,112.2889,111.6959,114.4865,115.5446,118.2526,121.7473,124.3556,128.5637,129.426,127.8161,125.3976,123.794,122.9899,121.3831,118.9896,117.3912,115.7947,114.2004,112.6085,111.0193,110.1876,107.8496,106.2697,105.4307,103.8522,103.0032,102.1463,101.2816,101.1163,100.23,100.0308,99.12306,98.88976,98.63617,98.3622,98.06777,97.7528,96.76776,97.06093,96.68389,95.6567,93.99971
-45.8711,-46.91216,-47.94964,-48.98348,-50.01358,-51.03988,-52.06229,-53.49543,-54.51776,-55.53593,-56.54988,-57.55952,-58.56477,-59.56557,-61.0313,-62.03064,-63.02525,-64.01506,-65.5,-65.97999,-67.46999,-68.44731,-71.5391,-73.61005,-76.7941,-80.5828,-83.87894,-88.35937,-90.62508,-91.17036,-91.10671,-91.60271,-92.67951,-93.1405,-92.96488,-93.3772,-93.76874,-94.13958,-94.48978,-94.81942,-95.78462,-95.41729,-95.68568,-96.6094,-96.84377,-97.74635,-98.64149,-99.52912,-101.1163,-101.9948,-103.5849,-104.4539,-106.0463,-107.6425,-109.2423,-110.8454,-112.4517,-113.3005,-115.6727,-117.2869,-118.1262,-118.1738
119.4983,119.0934,118.6795,118.2566,117.8246,117.3837,116.9338,117.385,116.9137,116.4335,115.9444,115.4465,114.9398,115.3114,114.7832,114.2462,113.7006,113.1462,112.5833,112.8734,112.2889,111.6959,113.6384,115.5446,118.2526,121.7473,124.3556,128.5637,129.426,127.8161,125.3976,123.794,122.9899,121.3831,119.7776,117.3912,115.7947,114.2004,112.6085,111.0193,109.4329,107.8496,107.0129,105.4307,103.8522,103.0032,102.1463,101.2816,101.1163,99.52912,100.0308,99.12306,98.88976,98.63617,98.3622,98.06777,97.7528,97.41721,97.06093,96.68389,95.6567,94.62222
-45.8711,-46.91216,-47.94964,-48.98348,-50.01358,-51.03988,-52.06229,-53.49543,-54.51776,-55.53593,-56.54988,-57.55952,-58.56477,-60.02732,-61.0313,-62.03064,-63.02525,-64.01506,-65,-66.48753,-67.46999,-68.44731,-71.00918,-73.61005,-76.7941,-80.5828,-83.87894,-88.35937,-90.62508,-91.17036,-91.10671,-91.60271,-92.67951,-93.1405,-93.58054,-93.3772,-93.76874,-94.13958,-94.48978,-94.81942,-95.12856,-95.41729,-96.35481,-96.6094,-96.84377,-97.74635,-98.64149,-99.52912,-101.1163,-101.2816,-103.5849,-104.4539,-106.0463,-107.6425,-109.2423,-110.8454,-112.4517,-114.0609,-115.6727,-117.2869,-118.1262,-118.9564
119.4983,119.0934,118.6795,119.1805,117.8246,118.3007,117.8474,117.385,116.9137,116.4335,115.9444,115.4465,114.9398,114.4244,114.7832,114.2462,113.7006,113.1462,112.5833,112.0118,112.2889,111.6959,113.6384,116.388,118.2526,121.7473,125.1847,128.5637,129.426,127.8161,125.3976,123.794,122.1912,121.3831,118.9896,117.3912,115.7947,114.2004,112.6085,111.7797,109.4329,107.8496,107.0129,105.4307,103.8522,103.0032,102.1463,101.2816,101.1163,100.9309,100.0308,99.81141,98.88976,98.63617,98.3622,98.06777,97.7528,96.76776,97.06093,96.68389,95.6567,95.24474
-45.8711,-46.91216,-47.94964,-49.36616,-50.01358,-51.43863,-52.46903,-53.49543,-54.51776,-55.53593,-56.54988,-57.55952,-58.56477,-59.56557,-61.0313,-62.03064,-63.02525,-64.01506,-65,-65.97999,-67.46999,-68.44731,-71.00918,-74.14735,-76.7941,-80.5828,-84.43813,-88.35937,-90.62508,-91.17036,-91.10671,-91.60271,-92.0777,-93.1405,-92.96488,-93.3772,-93.76874,-94.13958,-94.48978,-95.46886,-95.12856,-95.41729,-96.35481,-96.6094,-96.84377,-97.74635,-98.64149,-99.52912,-101.1163,-102.7081,-103.5849,-105.1793,-106.0463,-107.6425,-109.2423,-110.8454,-112.4517,-113.3005,-115.6727,-117.2869,-118.1262,-119.739
119.4983,119.0934,118.6795,118.2566,117.8246,117.3837,117.8474,117.385,116.9137,116.4335,115.9444,115.4465,114.9398,114.4244,114.7832,114.2462,113.7006,113.1462,112.5833,112.8734,112.2889,111.6959,113.6384,115.5446,118.2526,121.7473,124.3556,128.5637,129.426,127.8161,125.3976,123.794,122.9899,121.3831,118.9896,117.3912,115.7947,114.2004,112.6085,111.0193,109.4329,107.8496,106.2697,105.4307,103.8522,103.0032,102.1463,101.2816,101.1163,100.23,100.0308,99.12306,98.88976,98.63617,98.3622,98.06777,97.7528,96.76776,97.06093,96.68389,95.6567,95.24474
-45.8711,-46.91216,-47.94964,-48.98348,-50.01358,-51.03988,-52.46903,-53.49543,-54.51776,-55.53593,-56.54988,-57.55952,-58.56477,-59.56557,-61.0313,-62.03064,-63.02525,-64.01506,-65,-66.48753,-67.46999,-68.44731,-71.00918,-73.61005,-76.7941,-80.5828,-83.87894,-88.35937,-90.62508,-91.17036,-91.10671,-91.60271,-92.67951,-93.1405,-92.96488,-93.3772,-93.76874,-94.13958,-94.48978,-94.81942,-95.12856,-95.41729,-95.68568,-96.6094,-96.84377,-97.74635,-98.64149,-99.52912,-101.1163,-101.9948,-103.5849,-104.4539,-106.0463,-107.6425,-109.2423,-110.8454,-112.4517,-113.3005,-115.6727,-117.2869,-118.1262,-119.739
119.4983,119.0934,118.6795,118.2566,117.8246,117.3837,116.9338,117.385,116.9137,116.4335,115.9444,115.4465,114.9398,115.3114,114.7832,114.2462,113.7006,113.1462,112.5833,112.8734,112.2889,111.6959,113.6384,116.388,118.2526,121.7473,124.3556,128.5637,129.426,127.8161,125.3976,123.794,122.9899,120.5897,118.9896,117.3912,115.7947,114.2004,112.6085,111.0193,109.4329,108.5986,107.0129,105.4307,103.8522,103.0032,102.1463,101.2816,100.4092,100.23,100.0308,99.81141,98.88976,98.63617,98.3622,98.06777,97.7528,97.41721,97.06093,96.04781,95.6567,93.99971
-45.8711,-46.91216,-47.94964,-48.98348,-50.01358,-51.03988,-52.06229,-53.49543,-54.51776,-55.53593,-56.54988,-57.55952,-58.56477,-60.02732,-61.0313,-62.03064,-63.02525,-64.01506,-65,-66.48753,-67.46999,-68.44731,-71.00918,-74.14735,-76.7941,-80.5828,-83.87894,-88.35937,-90.62508,-91.17036,-91.10671,-91.60271,-92.67951,-92.53174,-92.96488,-93.3772,-93.76874,-94.13958,-94.48978,-94.81942,-95.12856,-96.07991,-96.35481,-96.6094,-96.84377,-97.74635,-98.64149,-99.52912,-100.4092,-101.9948,-103.5849,-105.1793,-106.0463,-107.6425,-109.2423,-110.8454,-112.4517,-114.0609,-115.6727,-116.5153,-118.1262,-118.1738
119.4983,120.0239,118.6795,118.2566,118.7451,118.3007,116.9338,117.385,116.9137,116.4335,115.9444,115.4465,114.9398,114.4244,113.9002,114.2462,113.7006,113.1462,112.5833,112.8734,112.2889,111.6959,113.6384,115.5446,118.2526,121.7473,125.1847,128.5637,129.426,127.8161,125.3976,124.5978,122.9899,121.3831,118.9896,117.3912,115.7947,114.2004,112.6085,111.0193,109.4329,108.5986,106.2697,105.4307,103.8522,103.0032,102.1463,101.2816,101.1163,100.23,100.0308,99.81141,98.88976,98.63617,98.3622,98.06777,97.7528,97.41721,97.06093,96.68389,95.6567,96.48977
-45.8711,-47.27866,-47.94964,-48.98348,-50.40432,-51.43863,-52.06229,-53.49543,-54.51776,-55.53593,-56.54988,-57.55952,-58.56477,-59.56557,-60.56183,-62.03064,-63.02525,-64.01506,-65,-66.48753,-67.46999,-68.44731,-71.00918,-73.61005,-76.7941,-80.5828,-84.43813,-88.35937,-90.62508,-91.17036,-91.10671,-92.19753,-92.67951,-93.1405,-92.96488,-93.3772,-93.76874,-94.13958,-94.48978,-94.81942,-95.12856,-96.07991,-95.68568,-96.6094,-96.84377,-97.74635,-98.64149,-99.52912,-101.1163,-101.9948,-103.5849,-105.1793,-106.0463,-107.6425,-109.2423,-110.8454,-112.4517,-114.0609,-115.6727,-117.2869,-118.1262,-121.3043
119.4983,119.0934,118.6795,118.2566,117.8246,118.3007,116.9338,117.385,116.9137,116.4335,115.9444,115.4465,114.9398,115.3114,114.7832,114.2462,113.7006,113.1462,112.5833,112.0118,112.2889,111.6959,113.6384,115.5446,118.2526,121.7473,124.3556,128.5637,129.426,127.002,125.3976,123.794,122.9899,121.3831,118.9896,117.3912,115.7947,114.2004,112.6085,111.0193,109.4329,107.8496,106.2697,105.4307,103.8522,103.7285,102.1463,101.2816,101.1163,100.23,100.0308,99.12306,98.88976,98.63617,98.3622,98.06777,97.7528,97.41721,97.06093,96.68389,95.6567,95.24474
-45.8711,-46.91216,-47.94964,-48.98348,-50.01358,-51.43863,-52.06229,-53.49543,-54.51776,-55.53593,-56.54988,-57.55952,-58.56477,-60.02732,-61.0313,-62.03064,-63.02525,-64.01506,-65,-65.97999,-67.46999,-68.44731,-71.00918,-73.61005,-76.7941,-80.5828,-83.87894,-88.35937,-90.62508,-90.58966,-91.10671,-91.60271,-92.67951,-93.1405,-92.96488,-93.3772,-93.76874,-94.13958,-94.48978,-94.81942,-95.12856,-95.41729,-95.68568,-96.6094,-96.84377,-98.4347,-98.64149,-99.52912,-101.1163,-101.9948,-103.5849,-104.4539,-106.0463,-107.6425,-109.2423,-110.8454,-112.4517,-114.0609,-115.6727,-117.2869,-118.1262,-119.739
119.4983,119.0934,118.6795,118.2566,117.8246,117.3837,116.9338,117.385,116.9137,115.5309,115.9444,115.4465,114.9398,114.4244,114.7832,114.2462,113.7006,113.1462,112.5833,112.8734,112.2889,111.6959,113.6384,115.5446,118.2526,120.9134,124.3556,128.5637,129.426,127.8161,125.3976,124.5978,122.9899,120.5897,118.9896,117.3912,115.7947,114.2004,112.6085,111.0193,109.4329,108.5986,106.2697,104.6934,103.8522,103.0032,102.1463,101.2816,101.1163,100.9309,100.0308,99.81141,98.88976,98.63617,98.3622,98.06777,97.7528,97.41721,97.06093,96.68389,95.6567,93.99971
-45.8711,-46.91216,-47.94964,-48.98348,-50.01358,-51.03988,-52.06229,-53.49543,-54.51776,-55.10542,-56.54988,-57.55952,-58.56477,-59.56557,-61.0313,-62.03064,-63.02525,-64.01506,-65,-66.48753,-67.46999,-68.44731,-71.00918,-73.61005,-76.7941,-80.03086,-83.87894,-88.35937,-90.62508,-91.17036,-91.10671,-92.19753,-92.67951,-92.53174,-92.96488,-93.3772,-93.76874,-94.13958,-94.48978,-94.81942,-95.12856,-96.07991,-95.68568,-95.93381,-96.84377,-97.74635,-98.64149,-99.52912,-101.1163,-102.7081,-103.5849,-105.1793,-106.0463,-107.6425,-109.2423,-110.8454,-112.4517,-114.0609,-115.6727,-117.2869,-118.1262,-118.1738
119.4983,119.0934,118.6795,118.2566,117.8246,117.3837,116.9338,117.385,116.9137,116.4335,115.9444,115.4465,114.9398,114.4244,114.7832,114.2462,113.7006,113.1462,112.5833,112.8734,112.2889,111.6959,113.6384,115.5446,118.2526,121.7473,125.1847,127.7396,129.426,127.8161,125.3976,122.9901,122.1912,120.5897,118.9896,117.3912,115.7947,114.2004,112.6085,111.0193,110.1876,107.8496,107.0129,104.6934,103.8522,103.0032,102.1463,101.2816,101.1163,100.23,100.0308,99.12306,98.88976,98.63617,98.3622,98.06777,97.7528,97.41721,97.06093,96.68389,95.6567,96.48977
-45.8711,-46.91216,-47.94964,-48.98348,-50.01358,-51.03988,-52.06229,-53.49543,-54.51776,-55.53593,-56.54988,-57.55952,-58.56477,-59.56557,-61.0313,-62.03064,-63.02525,-64.01506,-65,-66.48753,-67.46999,-68.44731,-71.00918,-73.61005,-76.7941,-80.5828,-84.43813,-87.79297,-90.62508,-91.17036,-91.10671,-91.00789,-92.0777,-92.53174,-92.96488,-93.3772,-93.76874,-94.13958,-94.48978,-94.81942,-95.78462,-95.41729,-96.35481,-95.93381,-96.84377,-97.74635,-98.64149,-99.52912,-101.1163,-101.9948,-103.5849,-104.4539,-106.0463,-107.6425,-109.2423,-110.8454,-112.4517,-114.0609,-115.6727,-117.2869,-118.1262,-121.3043
119.4983,119.0934,118.6795,118.2566,117.8246,117.3837,117.8474,117.385,116.9137,116.4335,115.9444,115.4465,114.9398,115.3114,114.7832,114.2462,113.7006,113.1462,112.5833,112.8734,112.2889,111.6959,114.4865,115.5446,118.2526,120.9134,124.3556,128.5637,129.426,127.8161,125.3976,123.794,122.9899,120.5897,118.9896,118.1738,115.7947,114.2004,112.6085,111.0193,110.1876,108.5986,107.0129,105.4307,103.8522,103.0032,102.1463,101.2816,101.1163,100.23,100.0308,99.12306,98.88976,98.63617,98.3622,98.06777,97.7528,97.41721,97.06093,96.04781,95.6567,93.3772
-45.8711,-46.91216,-47.94964,-48.98348,-50.01358,-51.03988,-52.46903,-53.49543,-54.51776,-55.53593,-56.54988,-57.55952,-58.56477,-60.02732,-61.0313,-62.03064,-63.02525,-64.01506,-65,-66.48753,-67.46999,-68.44731,-71.5391,-73.61005,-76.7941,-80.03086,-83.87894,-88.35937,-90.62508,-91.17036,-91.10671,-91.60271,-92.67951,-92.53174,-92.96488,-93.99971,-93.76874,-94.13958,-94.48978,-94.81942,-95.78462,-96.07991,-96.35481,-96.6094,-96.84377,-97.74635,-98.64149,-99.52912,-101.1163,-101.9948,-103.5849,-104.4539,-106.0463,-107.6425,-109.2423,-110.8454,-112.4517,-114.0609,-115.6727,-116.5153,-118.1262,-117.3912
119.4983,119.0934,118.6795,118.2566,117.8246,118.3007,117.8474,117.385,116.9137,116.4335,115.9444,115.4465,114.9398,114.4244,114.7832,114.2462,113.7006,113.1462,112.5833,112.8734,112.2889,111.6959,113.6384,115.5446,118.2526,120.9134,124.3556,128.5637,129.426,127.8161,125.3976,123.794,122.9899,120.5897,119.7776,117.3912,115.7947,114.2004,112.6085,111.0193,109.4329,107.8496,106.2697,105.4307,103.8522,103.0032,102.1463,100.5683,101.1163,99.52912,100.0308,99.12306,98.88976,98.63617,98.3622,98.06777,97.7528,97.41721,97.06093,96.04781,95.6567,95.24474
-45.8711,-46.91216,-47.94964,-48.98348,-50.01358,-51.43863,-52.46903,-53.49543,-54.51776,-55.53593,-56.54988,-57.55952,-58.56477,-59.56557,-61.0313,-62.03064,-63.02525,-64.01506,-65,-66.48753,-67.46999,-68.44731,-71.00918,-73.61005,-76.7941,-80.03086,-83.87894,-88.35937,-90.62508,-91.17036,-91.10671,-91.60271,-92.67951,-92.53174,-93.58054,-93.3772,-93.76874,-94.13958,-94.48978,-94.81942,-95.12856,-95.41729,-95.68568,-96.6094,-96.84377,-97.74635,-98.64149,-98.82821,-101.1163,-101.2816,-103.5849,-104.4539,-106.0463,-107.6425,-109.2423,-110.8454,-112.4517,-114.0609,-115.6727,-116.5153,-118.1262,-119.739
118.5647,119.0934,118.6795,118.2566,117.8246,117.3837,116.9338,116.475,116.9137,115.5309,115.9444,115.4465,114.9398,115.3114,114.7832,114.2462,113.7006,113.1462,112.5833,112.8734,112.2889,111.6959,113.6384,115.5446,118.2526,121.7473,124.3556,128.5637,129.426,127.8161,125.3976,123.794,122.9899,120.5897,118.9896,117.3912,115.7947,114.2004,112.6085,111.0193,109.4329,108.5986,107.0129,105.4307,103.8522,103.0032,102.1463,101.2816,101.1163,100.23,100.0308,99.12306,98.88976,98.63617,98.3622,98.06777,97.7528,97.41721,97.06093,96.04781,95.6567,95.86725
-45.51273,-46.91216,-47.94964,-48.98348,-50.01358,-51.03988,-52.06229,-53.08074,-54.51776,-55.10542,-56.54988,-57.55952,-58.56477,-60.02732,-61.0313,-62.03064,-63.02525,-64.01506,-65,-66.48753,-67.46999,-68.44731,-71.00918,-73.61005,-76.7941,-80.5828,-83.87894,-88.35937,-90.62508,-91.17036,-91.10671,-91.60271,-92.67951,-92.53174,-92.96488,-93.3772,-93.76874,-94.13958,-94.48978,-94.81942,-95.12856,-96.07991,-96.35481,-96.6094,-96.84377,-97.74635,-98.64149,-99.52912,-101.1163,-101.9948,-103.5849,-104.4539,-106.0463,-107.6425,-109.2423,-110.8454,-112.4517,-114.0609,-115.6727,-116.5153,-118.1262,-120.5217
119.4983,119.0934,119.6067,118.2566,117.8246,118.3007,117.8474,117.385,116.9137,116.4335,115.9444,115.4465,114.9398,115.3114,114.7832,114.2462,113.7006,113.1462,112.5833,112.0118,112.2889,111.6959,113.6384,115.5446,118.2526,121.7473,124.3556,128.5637,129.426,127.8161,125.3976,123.794,122.1912,120.5897,118.9896,117.3912,115.7947,114.2004,112.6085,111.0193,109.4329,108.5986,107.0129,105.4307,103.8522,103.0032,102.1463,101.2816,101.1163,100.23,100.0308,99.81141,98.88976,98.63617,98.3622,98.06777,97.7528,97.41721,97.06093,96.68389,95.6567,94.62222
-45.8711,-46.91216,-48.32425,-48.98348,-50.01358,-51.43863,-52.46903,-53.49543,-54.51776,-55.53593,-56.54988,-57.55952,-58.56477,-60.02732,-61.0313,-62.03064,-63.02525,-64.01506,-65,-65.97999,-67.46999,-68.44731,-71.00918,-73.61005,-76.7941,-80.5828,-83.87894,-88.35937,-90.62508,-91.17036,-91.10671,-91.60271,-92.0777,-92.53174,-92.96488,-93.3772,-93.76874,-94.13958,-94.48978,-94.81942,-95.12856,-96.07991,-96.35481,-96.6094,-96.84377,-97.74635,-98.64149,-99.52912,-101.1163,-101.9948,-103.5849,-105.1793,-106.0463,-107.6425,-109.2423,-110.8454,-112.4517,-114.0609,-115.6727,-117.2869,-118.1262,-118.9564
118.5647,119.0934,118.6795,118.2566,117.8246,117.3837,117.8474,117.385,116.9137,116.4335,115.9444,115.4465,115.8308,115.3114,114.7832,114.2462,113.7006,113.1462,113.4493,112.8734,112.2889,111.6959,114.4865,115.5446,119.0912,120.9134,125.1847,128.5637,129.426,127.8161,125.3976,124.5978,122.9899,120.5897,118.9896,117.3912,115.7947,114.2004,112.6085,111.7797,110.1876,107.8496,107.0129,105.4307,103.8522,103.7285,102.1463,101.2816,101.1163,100.23,100.0308,99.12306,98.88976,98.63617,98.3622,98.06777,97.7528,97.41721,97.06093,96.68389,95.6567,95.24474
-45.51273,-46.91216,-47.94964,-48.98348,-50.01358,-51.03988,-52.46903,-53.49543,-54.51776,-55.53593,-56.54988,-57.55952,-59.01876,-60.02732,-61.0313,-62.03064,-63.02525,-64.01506,-65.5,-66.48753,-67.46999,-68.44731,-71.5391,-73.61005,-77.33874,-80.03086,-84.43813,-88.35937,-90.62508,-91.17036,-91.10671,-92.19753,-92.67951,-92.53174,-92.96488,-93.3772,-93.76874,-94.13958,-94.48978,-95.46886,-95.78462,-95.41729,-96.35481,-96.6094,-96.84377,-98.4347,-98.64149,-99.52912,-101.1163,-101.9948,-103.5849,-104.4539,-106.0463,-107.6425,-109.2423,-110.8454,-112.4517,-114.0609,-115.6727,-117.2869,-118.1262,-119.739
119.4983,119.0934,118.6795,118.2566,117.8246,118.3007,117.8474,117.385,116.9137,116.4335,115.9444,115.4465,114.9398,114.4244,114.7832,114.2462,113.7006,113.1462,112.5833,112.8734,112.2889,111.6959,114.4865,115.5446,118.2526,121.7473,124.3556,128.5637,129.426,127.8161,125.3976,123.794,122.9899,121.3831,118.9896,117.3912,115.7947,114.2004,112.6085,111.7797,109.4329,108.5986,107.0129,105.4307,103.8522,103.0032,102.1463,101.2816,101.1163,100.23,100.0308,99.81141,98.88976,98.63617,98.3622,98.06777,97.7528,97.41721,97.06093,96.68389,95.6567,95.24474
-45.8711,-46.91216,-47.94964,-48.98348,-50.01358,-51.43863,-52.46903,-53.49543,-54.51776,-55.53593,-56.54988,-57.55952,-58.56477,-59.56557,-61.0313,-62.03064,-63.02525,-64.01506,-65,-66.48753,-67.46999,-68.44731,-71.5391,-73.61005,-76.7941,-80.5828,-83.87894,-88.35937,-90.62508,-91.17036,-91.10671,-91.60271,-92.67951,-93.1405,-92.96488,-93.3772,-93.76874,-94.13958,-94.48978,-95.46886,-95.12856,-96.07991,-96.35481,-96.6094,-96.84377,-97.74635,-98.64149,-99.52912,-101.1163,-101.9948,-103.5849,-105.1793,-106.0463,-107.6425,-109.2423,-110.8454,-112.4517,-114.0609,-115.6727,-117.2869,-118.1262,-119.739
119.4983,119.0934,118.6795,118.2566,117.8246,117.3837,117.8474,117.385,116.9137,116.4335,115.9444,115.4465,115.8308,114.4244,114.7832,114.2462,113.7006,113.1462,113.4493,112.8734,112.2889,111.6959,113.6384,115.5446,119.0912,121.7473,125.1847,128.5637,129.426,127.8161,125.3976,123.794,122.9899,121.3831,118.9896,117.3912,115.7947,114.2004,112.6085,111.0193,110.1876,107.8496,107.0129,105.4307,103.8522,103.0032,102.1463,101.2816,101.1163,100.23,100.7255,99.81141,98.88976,98.63617,98.3622,98.06777,97.7528,97.41721,96.41814,96.68389,96.28602,95.24474
-45.8711,-46.91216,-47.94964,-48.98348,-50.01358,-51.03988,-52.46903,-53.49543,-54.51776,-55.53593,-56.54988,-57.55952,-59.01876,-59.56557,-61.0313,-62.03064,-63.02525,-64.01506,-65.5,-66.48753,-67.46999,-68.44731,-71.00918,-73.61005,-77.33874,-80.5828,-84.43813,-88.35937,-90.62508,-91.17036,-91.10671,-91.60271,-92.67951,-93.1405,-92.96488,-93.3772,-93.76874,-94.13958,-94.48978,-94.81942,-95.78462,-95.41729,-96.35481,-96.6094,-96.84377,-97.74635,-98.64149,-99.52912,-101.1163,-101.9948,-104.3043,-105.1793,-106.0463,-107.6425,-109.2423,-110.8454,-112.4517,-114.0609,-114.9067,-117.2869,-118.9033,-119.739
119.4983,119.0934,118.6795,118.2566,118.7451,117.3837,117.8474,117.385,116.9137,116.4335,115.9444,115.4465,115.8308,114.4244,114.7832,114.2462,113.7006,113.1462,112.5833,112.8734,112.2889,111.6959,114.4865,115.5446,118.2526,121.7473,125.1847,128.5637,129.426,127.8161,125.3976,123.794,122.9899,120.5897,118.9896,117.3912,115.7947,114.2004,112.6085,111.0193,109.4329,108.5986,107.0129,105.4307,103.8522,103.0032,102.1463,101.2816,101.1163,100.9309,100.0308,99.12306,98.88976,98.63617,98.3622,98.06777,97.09674,97.41721,97.06093,96.68389,95.6567,96.48977
-45.8711,-46.91216,-47.94964,-48.98348,-50.40432,-51.03988,-52.46903,-53.49543,-54.51776,-55.53593,-56.54988,-57.55952,-59.01876,-59.56557,-61.0313,-62.03064,-63.02525,-64.01506,-65,-66.48753,-67.46999,-68.44731,-71.5391,-73.61005,-76.7941,-80.5828,-84.43813,-88.35937,-90.62508,-91.17036,-91.10671,-91.60271,-92.67951,-92.53174,-92.96488,-93.3772,-93.76874,-94.13958,-94.48978,-94.81942,-95.12856,-96.07991,-96.35481,-96.6094,-96.84377,-97.74635,-98.64149,-99.52912,-101.1163,-102.7081,-103.5849,-104.4539,-106.0463,-107.6425,-109.2423,-110.8454,-111.697,-114.0609,-115.6727,-117.2869,-118.1262,-121.3043
118.5647,119.0934,118.6795,119.1805,117.8246,118.3007,117.8474,117.385,116.9137,116.4335,115.9444,115.4465,114.9398,115.3114,114.7832,114.2462,113.7006,113.1462,112.5833,112.0118,112.2889,111.6959,113.6384,115.5446,118.2526,121.7473,124.3556,128.5637,129.426,127.8161,125.3976,124.5978,122.9899,121.3831,118.9896,117.3912,115.7947,114.2004,112.6085,111.0193,109.4329,107.8496,107.0129,105.4307,103.8522,103.0032,102.1463,101.2816,101.1163,100.23,100.7255,99.81141,98.88976,98.63617,98.3622,98.06777,97.7528,97.41721,97.06093,96.68389,95.6567,94.62222
-45.51273,-46.91216,-47.94964,-49.36616,-50.01358,-51.43863,-52.46903,-53.49543,-54.51776,-55.53593,-56.54988,-57.55952,-58.56477,-60.02732,-61.0313,-62.03064,-63.02525,-64.01506,-65,-65.97999,-67.46999,-68.44731,-71.00918,-73.61005,-76.7941,-80.5828,-83.87894,-88.35937,-90.62508,-91.17036,-91.10671,-92.19753,-92.67951,-93.1405,-92.96488,-93.3772,-93.76874,-94.13958,-94.48978,-94.81942,-95.12856,-95.41729,-96.35481,-96.6094,-96.84377,-97.74635,-98.64149,-99.52912,-101.1163,-101.9948,-104.3043,-105.1793,-106.0463,-107.6425,-109.2423,-110.8454,-112.4517,-114.0609,-115.6727,-117.2869,-118.1262,-118.9564
119.4983,119.0934,118.6795,118.2566,117.8246,117.3837,117.8474,117.385,116.9137,116.4335,115.9444,115.4465,114.9398,115.3114,114.7832,114.2462,113.7006,113.1462,112.5833,112.0118,112.2889,111.6959,113.6384,115.5446,118.2526,121.7473,125.1847,128.5637,129.426,127.8161,125.3976,124.5978,122.9899,120.5897,118.9896,117.3912,115.7947,114.2004,112.6085,111.0193,109.4329,107.8496,107.0129,105.4307,103.8522,103.7285,102.1463,101.2816,101.1163,100.23,100.0308,99.12306,98.88976,98.63617,98.3622,98.06777,97.7528,96.76776,97.06093,96.04781,95.6567,94.62222
-45.8711,-46.91216,-47.94964,-48.98348,-50.01358,-51.03988,-52.46903,-53.49543,-54.51776,-55.53593,-56.54988,-57.55952,-58.56477,-60.02732,-61.0313,-62.03064,-63.02525,-64.01506,-65,-65.97999,-67.46999,-68.44731,-71.00918,-73.61005,-76.7941,-80.5828,-84.43813,-88.35937,-90.62508,-91.17036,-91.10671,-92.19753,-92.67951,-92.53174,-92.96488,-93.3772,-93.76874,-94.13958,-94.48978,-94.81942,-95.12856,-95.41729,-96.35481,-96.6094,-96.84377,-98.4347,-98.64149,-99.52912,-101.1163,-101.9948,-103.5849,-104.4539,-106.0463,-107.6425,-109.2423,-110.8454,-112.4517,-113.3005,-115.6727,-116.5153,-118.1262,-118.9564
119.4983,119.0934,118.6795,118.2566,118.7451,117.3837,117.8474,117.385,116.9137,116.4335,115.9444,115.4465,114.9398,115.3114,114.7832,114.2462,113.7006,113.1462,112.5833,112.0118,112.2889,111.6959,114.4865,115.5446,118.2526,121.7473,125.1847,128.5637,129.426,127.8161,125.3976,123.794,122.9899,120.5897,119.7776,117.3912,115.7947,114.2004,112.6085,111.0193,109.4329,107.8496,107.0129,105.4307,103.8522,103.7285,102.1463,101.2816,101.1163,100.23,99.33615,99.12306,98.88976,98.63617,98.3622,98.06777,97.7528,97.41721,97.06093,96.68389,95.6567,95.24474
-45.8711,-46.91216,-47.94964,-48.98348,-50.40432,-51.03988,-52.46903,-53.49543,-54.51776,-55.53593,-56.54988,-57.55952,-58.56477,-60.02732,-61.0313,-62.03064,-63.02525,-64.01506,-65,-65.97999,-67.46999,-68.44731,-71.5391,-73.61005,-76.7941,-80.5828,-84.43813,-88.35937,-90.62508,-91.17036,-91.10671,-91.60271,-92.67951,-92.53174,-93.58054,-93.3772,-93.76874,-94.13958,-94.48978,-94.81942,-95.12856,-95.41729,-96.35481,-96.6094,-96.84377,-98.4347,-98.64149,-99.52912,-101.1163,-101.9948,-102.8656,-104.4539,-106.0463,-107.6425,-109.2423,-110.8454,-112.4517,-114.0609,-115.6727,-117.2869,-118.1262,-119.739
119.4983,119.0934,118.6795,118.2566,117.8246,117.3837,117.8474,117.385,116.9137,116.4335,115.9444,115.4465,114.9398,115.3114,114.7832,114.2462,113.7006,113.1462,113.4493,112.0118,112.2889,111.6959,113.6384,115.5446,118.2526,121.7473,125.1847,128.5637,129.426,127.8161,125.3976,123.794,122.9899,120.5897,119.7776,117.3912,115.7947,114.2004,112.6085,111.0193,109.4329,108.5986,107.0129,105.4307,103.8522,103.0032,102.1463,101.9948,101.1163,100.9309,100.0308,99.81141,98.88976,98.63617,98.3622,98.06777,97.7528,96.76776,97.06093,96.68389,95.6567,94.62222
-45.8711,-46.91216,-47.94964,-48.98348,-50.01358,-51.03988,-52.46903,-53.49543,-54.51776,-55.53593,-56.54988,-57.55952,-58.56477,-60.02732,-61.0313,-62.03064,-63.02525,-64.01506,-65.5,-65.97999,-67.46999,-68.44731,-71.00918,-73.61005,-76.7941,-80.5828,-84.43813,-88.35937,-90.62508,-91.17036,-91.10671,-91.60271,-92.67951,-92.53174,-93.58054,-93.3772,-93.76874,-94.13958,-94.48978,-94.81942,-95.12856,-96.07991,-96.35481,-96.6094,-96.84377,-97.74635,-98.64149,-100.23,-101.1163,-102.7081,-103.5849,-105.1793,-106.0463,-107.6425,-109.2423,-110.8454,-112.4517,-113.3005,-115.6727,-117.2869,-118.1262,-118.9564
119.4983,119.0934,118.6795,118.2566,117.8246,118.3007,116.9338,117.385,116.9137,116.4335,115.9444,115.4465,114.9398,115.3114,114.7832,114.2462,113.7006,113.1462,112.5833,112.8734,112.2889,111.6959,114.4865,115.5446,118.2526,121.7473,124.3556,128.5637,129.426,127.8161,126.2067,124.5978,122.9899,120.5897,119.7776,117.3912,115.7947,114.2004,112.6085,111.0193,109.4329,108.5986,107.0129,105.4307,103.8522,102.2778,102.1463,101.2816,101.1163,100.23,100.0308,99.12306,98.88976,98.63617,98.3622,98.06777,97.7528,97.41721,97.06093,96.68389,95.6567,93.99971
-45.8711,-46.91216,-47.94964,-48.98348,-50.01358,-51.43863,-52.06229,-53.49543,-54.51776,-55.53593,-56.54988,-57.55952,-58.56477,-60.02732,-61.0313,-62.03064,-63.02525,-64.01506,-65,-66.48753,-67.46999,-68.44731,-71.5391,-73.61005,-76.7941,-80.5828,-83.87894,-88.35937,-90.62508,-91.17036,-91.6945,-92.19753,-92.67951,-92.53174,-93.58054,-93.3772,-93.76874,-94.13958,-94.48978,-94.81942,-95.12856,-96.07991,-96.35481,-96.6094,-96.84377,-97.058,-98.64149,-99.52912,-101.1163,-101.9948,-103.5849,-104.4539,-106.0463,-107.6425,-109.2423,-110.8454,-112.4517,-114.0609,-115.6727,-117.2869,-118.1262,-118.1738
119.4983,119.0934,118.6795,118.2566,117.8246,117.3837,116.9338,117.385,116.9137,116.4335,115.9444,115.4465,114.9398,114.4244,114.7832,114.2462,113.7006,113.1462,113.4493,112.8734,112.2889,111.6959,114.4865,115.5446,118.2526,121.7473,124.3556,128.5637,129.426,127.8161,125.3976,124.5978,122.1912,121.3831,119.7776,117.3912,115.7947,114.2004,112.6085,111.0193,109.4329,107.8496,106.2697,105.4307,103.8522,103.0032,102.1463,101.2816,101.1163,100.23,100.0308,99.12306,98.88976,98.63617,98.3622,98.06777,97.7528,97.41721,97.06093,96.68389,95.6567,95.24474
-45.8711,-46.91216,-47.94964,-48.98348,-50.01358,-51.03988,-52.06229,-53.49543,-54.51776,-55.53593,-56.54988,-57.55952,-58.56477,-59.56557,-61.0313,-62.03064,-63.02525,-64.01506,-65.5,-66.48753,-67.46999,-68.44731,-71.5391,-73.61005,-76.7941,-80.5828,-83.87894,-88.35937,-90.62508,-91.17036,-91.10671,-92.19753,-92.0777,-93.1405,-93.58054,-93.3772,-93.76874,-94.13958,-94.48978,-94.81942,-95.12856,-95.41729,-95.68568,-96.6094,-96.84377,-97.74635,-98.64149,-99.52912,-101.1163,-101.9948,-103.5849,-104.4539,-106.0463,-107.6425,-109.2423,-110.8454,-112.4517,-114.0609,-115.6727,-117.2869,-118.1262,-119.739
119.4983,119.0934,118.6795,118.2566,118.7451,118.3007,117.8474,117.385,116.9137,116.4335,115.9444,115.4465,115.8308,114.4244,114.7832,114.2462,113.7006,113.1462,113.4493,112.0118,112.2889,111.6959,113.6384,115.5446,119.0912,121.7473,125.1847,128.5637,129.426,127.8161,125.3976,123.794,122.1912,120.5897,118.9896,117.3912,115.7947,114.2004,112.6085,111.0193,110.1876,108.5986,107.0129,105.4307,103.8522,103.0032,102.1463,101.2816,101.1163,100.23,100.0308,99.12306,98.88976,98.63617,98.3622,98.06777,97.7528,97.41721,97.06093,96.68389,95.6567,95.86725
-45.8711,-46.91216,-47.94964,-48.98348,-50.40432,-51.43863,-52.46903,-53.49543,-54.51776,-55.53593,-56.54988,-57.55952,-59.01876,-59.56557,-61.0313,-62.03064,-63.02525,-64.01506,-65.5,-65.97999,-67.46999,-68.44731,-71.00918,-73.61005,-77.33874,-80.5828,-84.43813,-88.35937,-90.62508,-91.17036,-91.10671,-91.60271,-92.0777,-92.53174,-92.96488,-93.3772,-93.76874,-94.13958,-94.48978,-94.81942,-95.78462,-96.07991,-96.35481,-96.6094,-96.84377,-97.74635,-98.64149,-99.52912,-101.1163,-101.9948,-103.5849,-104.4539,-106.0463,-107.6425,-109.2423,-110.8454,-112.4517,-114.0609,-115.6727,-117.2869,-118.1262,-120.5217
119.4983,119.0934,118.6795,118.2566,117.8246,117.3837,116.9338,117.385,116.0074,116.4335,115.9444,115.4465,114.9398,114.4244,114.7832,114.2462,113.7006,113.1462,112.5833,112.8734,112.2889,111.6959,114.4865,115.5446,118.2526,121.7473,124.3556,128.5637,129.426,127.8161,125.3976,123.794,122.9899,121.3831,118.9896,117.3912,115.7947,114.2004,112.6085,111.0193,109.4329,107.8496,106.2697,105.4307,103.8522,103.0032,102.1463,101.2816,101.1163,100.23,100.0308,99.12306,98.88976,98.63617,98.3622,98.06777,97.7528,97.41721,97.06093,96.68389,95.6567,95.24474
-45.8711,-46.91216,-47.94964,-48.98348,-50.01358,-51.03988,-52.06229,-53.49543,-54.09514,-55.53593,-56.54988,-57.55952,-58.56477,-59.56557,-61.0313,-62.03064,-63.02525,-64.01506,-65,-66.48753,-67.46999,-68.44731,-71.5391,-73.61005,-76.7941,-80.5828,-83.87894,-88.35937,-90.62508,-91.17036,-91.10671,-91.60271,-92.67951,-93.1405,-92.96488,-93.3772,-93.76874,-94.13958,-94.48978,-94.81942,-95.12856,-95.41729,-95.68568,-96.6094,-96.84377,-97.74635,-98.64149,-99.52912,-101.1163,-101.9948,-103.5849,-104.4539,-106.0463,-107.6425,-109.2423,-110.8454,-112.4517,-114.0609,-115.6727,-117.2869,-118.1262,-119.739
119.4983,119.0934,118.6795,118.2566,117.8246,117.3837,117.8474,117.385,116.9137,116.4335,115.9444,115.4465,114.9398,115.3114,114.7832,114.2462,113.7006,113.1462,112.5833,112.0118,112.2889,111.6959,114.4865,115.5446,118.2526,121.7473,124.3556,128.5637,129.426,127.8161,125.3976,124.5978,122.9899,120.5897,119.7776,117.3912,115.7947,114.2004,112.6085,111.0193,109.4329,107.8496,106.2697,105.4307,103.8522,103.0032,102.1463,101.2816,101.1163,100.23,99.33615,99.12306,98.88976,98.63617,98.3622,98.06777,97.7528,97.41721,97.06093,96.68389,96.28602,93.99971
-45.8711,-46.91216,-47.94964,-48.98348,-50.01358,-51.03988,-52.46903,-53.49543,-54.51776,-55.53593,-56.54988,-57.55952,-58.56477,-60.02732,-61.0313,-62.03064,-63.02525,-64.01506,-65,-65.97999,-67.46999,-68.44731,-71.5391,-73.61005,-76.7941,-80.5828,-83.87894,-88.35937,-90.62508,-91.17036,-91.10671,-92.19753,-92.67951,-92.53174,-93.58054,-93.3772,-93.76874,-94.13958,-94.48978,-94.81942,-95.12856,-95.41729,-95.68568,-96.6094,-96.84377,-97.74635,-98.64149,-99.52912,-101.1163,-101.9948,-102.8656,-104.4539,-106.0463,-107.6425,-109.2423,-110.8454,-112.4517,-114.0609,-115.6727,-117.2869,-118.9033,-118.1738
