136.301,137.0937,136.8883,137.6557,137.4278,137.1895,136.9407,136.6814,136.4118,136.1318,135.8414,135.5407,135.2296,134.9083,135.5379,135.1936,134.839,135.4278,135.05,134.662,134.2636,139.5109,142.8333,147.0575,154.0408,156.3102,154.8397,152.4401,150.9628,149.4808,147.9944,146.5038,145.0092,143.5111,142.9083,140.5047,138.997,138.3737,136.8569,135.3378,133.8168,133.1644,132.5019,132.6909,132.0038,132.1592,131.4475,132.4125,131.6713,131.754,132.646,131.8602,131.8835,131.8867,131.0608,131.0287
-21.58796,-22.94162,-24.1371,-25.51297,-26.71326,-27.91151,-29.10764,-30.30155,-31.49315,-32.68235,-33.86907,-35.0532,-36.23467,-37.41337,-38.86487,-40.04616,-41.22441,-42.70022,-43.88041,-45.05726,-46.23068,-49.40342,-51.98706,-54.98256,-59.13071,-61.57221,-62.5593,-63.14277,-64.07991,-64.9961,-65.89134,-66.76561,-67.61892,-68.45126,-69.70101,-70.05306,-70.82252,-72.03278,-72.76809,-73.48245,-74.17587,-75.3408,-76.5,-78.16091,-79.31586,-80.98728,-82.13749,-84.35604,-85.50833,-87.20604,-89.47086,-90.625,-92.34581,-94.07388,-95.22121,-96.95611
136.301,137.0937,136.8883,136.6724,136.4462,136.2095,135.9625,135.7051,136.4118,136.1318,135.8414,135.5407,135.2296,135.8719,135.5379,135.1936,135.7953,135.4278,135.05,134.662,135.2092,139.5109,142.8333,147.0575,153.1072,156.3102,155.7669,152.4401,150.9628,149.4808,147.9944,146.5038,145.0092,143.5111,142.0095,140.5047,138.997,137.4867,136.8569,135.3378,133.8168,133.1644,131.6359,132.6909,132.0038,132.1592,132.2955,132.4125,132.5099,132.5878,131.817,132.6843,131.8835,131.8867,131.0608,131.0287
-21.58796,-22.94162,-24.1371,-25.33074,-26.52245,-27.71214,-28.89973,-30.08511,-31.49315,-32.68235,-33.86907,-35.0532,-36.23467,-37.68061,-38.86487,-40.04616,-41.51678,-42.70022,-43.88041,-45.05726,-46.55625,-49.40342,-51.98706,-54.98256,-58.77234,-61.57221,-62.93391,-63.14277,-64.07991,-64.9961,-65.89134,-66.76561,-67.61892,-68.45126,-69.26264,-70.05306,-70.82252,-71.57104,-72.76809,-73.48245,-74.17587,-75.3408,-76,-78.16091,-79.31586,-80.98728,-82.66741,-84.35604,-86.05297,-87.75798,-88.91167,-91.1914,-92.34581,-94.07388,-95.22121,-96.95611
136.301,137.0937,136.8883,136.6724,136.4462,136.2095,136.9407,135.7051,136.4118,136.1318,135.8414,135.5407,135.2296,135.8719,135.5379,135.1936,134.839,135.4278,135.05,134.662,135.2092,139.5109,143.773,147.0575,154.0408,157.2406,154.8397,152.4401,151.8833,149.4808,147.9944,146.5038,145.0092,143.5111,142.0095,140.5047,138.997,138.3737,136.8569,135.3378,133.8168,133.1644,132.5019,132.6909,132.0038,132.1592,132.2955,132.4125,132.5099,131.754,132.646,131.8602,131.8835,132.7008,131.0608,131.0287
-21.58796,-22.94162,-24.1371,-25.33074,-26.52245,-27.71214,-29.10764,-30.08511,-31.49315,-32.68235,-33.86907,-35.0532,-36.23467,-37.68061,-38.86487,-40.04616,-41.22441,-42.70022,-43.88041,-45.05726,-46.55625,-49.40342,-52.32908,-54.98256,-59.13071,-61.93871,-62.5593,-63.14277,-64.47064,-64.9961,-65.89134,-66.76561,-67.61892,-68.45126,-69.26264,-70.05306,-70.82252,-72.03278,-72.76809,-73.48245,-74.17587,-75.3408,-76.5,-78.16091,-79.31586,-80.98728,-82.66741,-84.35604,-86.05297,-87.20604,-89.47086,-90.625,-92.34581,-94.65458,-95.22121,-96.95611
136.301,137.0937,136.8883,136.6724,136.4462,137.1895,136.9407,136.6814,136.4118,136.1318,135.8414,135.5407,136.1955,135.8719,135.5379,135.1936,135.7953,135.4278,135.05,134.662,135.2092,139.5109,143.773,146.1209,154.0408,156.3102,155.7669,152.4401,150.9628,149.4808,147.9944,146.5038,145.0092,143.5111,142.0095,140.5047,139.888,138.3737,136.8569,135.3378,133.8168,133.1644,132.5019,131.8293,132.0038,132.1592,132.2955,132.4125,131.6713,132.5878,131.817,131.8602,131.8835,131.0726,131.8698,131.0287
-21.58796,-22.94162,-24.1371,-25.33074,-26.52245,-27.91151,-29.10764,-30.30155,-31.49315,-32.68235,-33.86907,-35.0532,-36.49349,-37.68061,-38.86487,-40.04616,-41.51678,-42.70022,-43.88041,-45.05726,-46.55625,-49.40342,-52.32908,-54.63235,-59.13071,-61.57221,-62.93391,-63.14277,-64.07991,-64.9961,-65.89134,-66.76561,-67.61892,-68.45126,-69.26264,-70.05306,-71.27651,-72.03278,-72.76809,-73.48245,-74.17587,-75.3408,-76.5,-77.65337,-79.31586,-80.98728,-82.66741,-84.35604,-85.50833,-87.75798,-88.91167,-90.625,-92.34581,-93.49318,-95.809,-96.95611
136.301,138.08,136.8883,136.6724,136.4462,136.2095,136.9407,136.6814,135.4374,136.1318,135.8414,135.5407,136.1955,134.9083,135.5379,135.1936,134.839,135.4278,135.05,134.662,135.2092,139.5109,142.8333,146.1209,154.0408,156.3102,155.7669,152.4401,151.8833,149.4808,147.9944,146.5038,145.0092,143.5111,142.0095,140.5047,138.997,138.3737,136.8569,135.3378,133.8168,133.1644,132.5019,131.8293,132.0038,132.1592,132.2955,132.4125,132.5099,132.5878,132.646,132.6843,131.8835,131.8867,131.0608,131.0287
-21.58796,-23.10666,-24.1371,-25.33074,-26.52245,-27.71214,-29.10764,-30.30155,-31.2682,-32.68235,-33.86907,-35.0532,-36.49349,-37.41337,-38.86487,-40.04616,-41.22441,-42.70022,-43.88041,-45.05726,-46.55625,-49.40342,-51.98706,-54.63235,-59.13071,-61.57221,-62.93391,-63.14277,-64.47064,-64.9961,-65.89134,-66.76561,-67.61892,-68.45126,-69.26264,-70.05306,-70.82252,-72.03278,-72.76809,-73.48245,-74.17587,-75.3408,-76.5,-77.65337,-79.31586,-80.98728,-82.66741,-84.35604,-86.05297,-87.75798,-89.47086,-91.1914,-92.34581,-94.07388,-95.22121,-96.95611
136.301,137.0937,136.8883,136.6724,136.4462,136.2095,135.9625,136.6814,136.4118,136.1318,135.8414,135.5407,135.2296,135.8719,135.5379,135.1936,134.839,135.4278,135.05,134.662,135.2092,139.5109,142.8333,147.0575,153.1072,157.2406,154.8397,152.4401,150.9628,150.3979,147.9944,146.5038,145.0092,143.5111,142.0095,141.3996,138.997,137.4867,136.8569,135.3378,133.8168,133.1644,133.3679,131.8293,132.0038,132.1592,132.2955,132.4125,132.5099,131.754,132.646,131.8602,132.7026,132.7008,131.8698,131.0287
-21.58796,-22.94162,-24.1371,-25.33074,-26.52245,-27.71214,-28.89973,-30.30155,-31.49315,-32.68235,-33.86907,-35.0532,-36.23467,-37.68061,-38.86487,-40.04616,-41.22441,-42.70022,-43.88041,-45.05726,-46.55625,-49.40342,-51.98706,-54.98256,-58.77234,-61.93871,-62.5593,-63.14277,-64.07991,-65.39485,-65.89134,-66.76561,-67.61892,-68.45126,-69.26264,-70.49925,-70.82252,-71.57104,-72.76809,-73.48245,-74.17587,-75.3408,-77,-77.65337,-79.31586,-80.98728,-82.66741,-84.35604,-86.05297,-87.20604,-89.47086,-90.625,-92.91938,-94.65458,-95.809,-96.95611
136.301,138.08,136.8883,136.6724,136.4462,136.2095,136.9407,136.6814,136.4118,136.1318,135.8414,135.5407,136.1955,135.8719,135.5379,135.1936,134.839,135.4278,135.05,134.662,135.2092,139.5109,143.773,147.0575,153.1072,157.2406,155.7669,152.4401,151.8833,149.4808,147.9944,146.5038,145.0092,144.4136,142.0095,140.5047,138.997,138.3737,136.8569,135.3378,133.8168,133.1644,132.5019,131.8293,132.0038,132.1592,132.2955,132.4125,132.5099,131.754,132.646,131.8602,131.8835,131.8867,131.0608,131.0287
-21.58796,-23.10666,-24.1371,-25.33074,-26.52245,-27.71214,-29.10764,-30.30155,-31.49315,-32.68235,-33.86907,-35.0532,-36.49349,-37.68061,-38.86487,-40.04616,-41.22441,-42.70022,-43.88041,-45.05726,-46.55625,-49.40342,-52.32908,-54.98256,-58.77234,-61.93871,-62.93391,-63.14277,-64.47064,-64.9961,-65.89134,-66.76561,-67.61892,-68.88178,-69.26264,-70.05306,-70.82252,-72.03278,-72.76809,-73.48245,-74.17587,-75.3408,-76.5,-77.65337,-79.31586,-80.98728,-82.66741,-84.35604,-86.05297,-87.20604,-89.47086,-90.625,-92.34581,-94.07388,-95.22121,-96.95611
136.301,137.0937,136.8883,136.6724,136.4462,136.2095,136.9407,136.6814,136.4118,136.1318,135.8414,135.5407,136.1955,135.8719,135.5379,135.1936,134.839,135.4278,135.05,134.662,135.2092,139.5109,141.8936,147.9942,154.0408,157.2406,155.7669,152.4401,150.9628,149.4808,147.9944,146.5038,145.0092,143.5111,142.0095,140.5047,138.997,137.4867,136.8569,135.3378,133.8168,133.1644,132.5019,132.6909,132.0038,132.1592,132.2955,132.4125,132.5099,131.754,132.646,131.8602,131.8835,131.8867,131.0608,131.0287
-21.58796,-22.94162,-24.1371,-25.33074,-26.52245,-27.71214,-29.10764,-30.30155,-31.49315,-32.68235,-33.86907,-35.0532,-36.49349,-37.68061,-38.86487,-40.04616,-41.22441,-42.70022,-43.88041,-45.05726,-46.55625,-49.40342,-51.64504,-55.33277,-59.13071,-61.93871,-62.93391,-63.14277,-64.07991,-64.9961,-65.89134,-66.76561,-67.61892,-68.45126,-69.26264,-70.05306,-70.82252,-71.57104,-72.76809,-73.48245,-74.17587,-75.3408,-76.5,-78.16091,-79.31586,-80.98728,-82.66741,-84.35604,-86.05297,-87.20604,-89.47086,-90.625,-92.34581,-94.07388,-95.22121,-96.95611
136.301,137.0937,136.8883,136.6724,136.4462,136.2095,135.9625,136.6814,135.4374,136.1318,135.8414,135.5407,136.1955,134.9083,135.5379,135.1936,134.839,135.4278,135.05,134.662,135.2092,139.5109,143.773,146.1209,153.1072,156.3102,154.8397,152.4401,150.9628,149.4808,147.9944,146.5038,145.0092,143.5111,142.0095,140.5047,138.997,138.3737,136.8569,135.3378,133.8168,133.1644,132.5019,133.5525,132.0038,132.1592,132.2955,132.4125,132.5099,132.5878,131.817,131.8602,131.8835,131.8867,132.6788,131.0287
-21.58796,-22.94162,-24.1371,-25.33074,-26.52245,-27.71214,-28.89973,-30.30155,-31.2682,-32.68235,-33.86907,-35.0532,-36.49349,-37.41337,-38.86487,-40.04616,-41.22441,-42.70022,-43.88041,-45.05726,-46.55625,-49.40342,-52.32908,-54.63235,-58.77234,-61.57221,-62.5593,-63.14277,-64.07991,-64.9961,-65.89134,-66.76561,-67.61892,-68.45126,-69.26264,-70.05306,-70.82252,-72.03278,-72.76809,-73.48245,-74.17587,-75.3408,-76.5,-78.66845,-79.31586,-80.98728,-82.66741,-84.35604,-86.05297,-87.75798,-88.91167,-90.625,-92.34581,-94.07388,-96.39678,-96.95611
135.3133,137.0937,136.8883,136.6724,136.4462,136.2095,136.9407,135.7051,136.4118,136.1318,135.8414,135.5407,136.1955,134.9083,135.5379,135.1936,135.7953,135.4278,135.05,134.662,135.2092,139.5109,142.8333,146.1209,153.1072,156.3102,154.8397,152.4401,150.9628,149.4808,147.9944,146.5038,145.0092,143.5111,142.0095,141.3996,138.997,137.4867,136.8569,134.459,133.8168,133.1644,132.5019,131.8293,132.8609,132.1592,132.2955,131.5691,132.5099,131.754,132.646,131.8602,131.8835,131.8867,131.8698,131.0287
-21.43152,-22.94162,-24.1371,-25.33074,-26.52245,-27.71214,-29.10764,-30.08511,-31.49315,-32.68235,-33.86907,-35.0532,-36.49349,-37.41337,-38.86487,-40.04616,-41.51678,-42.70022,-43.88041,-45.05726,-46.55625,-49.40342,-51.98706,-54.63235,-58.77234,-61.57221,-62.5593,-63.14277,-64.07991,-64.9961,-65.89134,-66.76561,-67.61892,-68.45126,-69.26264,-70.49925,-70.82252,-71.57104,-72.76809,-73.00529,-74.17587,-75.3408,-76.5,-77.65337,-79.8309,-80.98728,-82.66741,-83.81874,-86.05297,-87.20604,-89.47086,-90.625,-92.34581,-94.07388,-95.809,-96.95611
136.301,137.0937,136.8883,136.6724,136.4462,137.1895,135.9625,136.6814,136.4118,136.1318,135.8414,135.5407,135.2296,135.8719,135.5379,135.1936,134.839,135.4278,135.05,134.662,135.2092,139.5109,143.773,147.0575,153.1072,156.3102,154.8397,152.4401,151.8833,149.4808,147.9944,146.5038,145.0092,143.5111,142.9083,141.3996,138.997,138.3737,136.8569,135.3378,133.8168,133.1644,132.5019,131.8293,132.0038,132.1592,132.2955,132.4125,132.5099,132.5878,131.817,132.6843,132.7026,132.7008,132.6788,131.0287
-21.58796,-22.94162,-24.1371,-25.33074,-26.52245,-27.91151,-28.89973,-30.30155,-31.49315,-32.68235,-33.86907,-35.0532,-36.23467,-37.68061,-38.86487,-40.04616,-41.22441,-42.70022,-43.88041,-45.05726,-46.55625,-49.40342,-52.32908,-54.98256,-58.77234,-61.57221,-62.5593,-63.14277,-64.47064,-64.9961,-65.89134,-66.76561,-67.61892,-68.45126,-69.70101,-70.49925,-70.82252,-72.03278,-72.76809,-73.48245,-74.17587,-75.3408,-76.5,-77.65337,-79.31586,-80.98728,-82.66741,-84.35604,-86.05297,-87.75798,-88.91167,-91.1914,-92.91938,-94.65458,-96.39678,-96.95611
136.301,137.0937,136.8883,136.6724,137.4278,136.2095,136.9407,136.6814,136.4118,136.1318,135.8414,135.5407,135.2296,135.8719,135.5379,135.1936,134.839,135.4278,135.05,134.662,135.2092,139.5109,142.8333,147.0575,153.1072,156.3102,154.8397,152.4401,150.9628,149.4808,147.9944,146.5038,145.0092,143.5111,142.9083,140.5047,139.888,137.4867,136.8569,135.3378,133.8168,133.1644,132.5019,132.6909,132.0038,132.1592,132.2955,132.4125,132.5099,132.5878,132.646,131.8602,131.8835,131.8867,132.6788,131.0287
-21.58796,-22.94162,-24.1371,-25.33074,-26.71326,-27.71214,-29.10764,-30.30155,-31.49315,-32.68235,-33.86907,-35.0532,-36.23467,-37.68061,-38.86487,-40.04616,-41.22441,-42.70022,-43.88041,-45.05726,-46.55625,-49.40342,-51.98706,-54.98256,-58.77234,-61.57221,-62.5593,-63.14277,-64.07991,-64.9961,-65.89134,-66.76561,-67.61892,-68.45126,-69.70101,-70.05306,-71.27651,-71.57104,-72.76809,-73.48245,-74.17587,-75.3408,-76.5,-78.16091,-79.31586,-80.98728,-82.66741,-84.35604,-86.05297,-87.75798,-89.47086,-90.625,-92.34581,-94.07388,-96.39678,-96.95611
136.301,137.0937,137.8731,136.6724,136.4462,137.1895,136.9407,136.6814,136.4118,136.1318,135.8414,135.5407,135.2296,135.8719,135.5379,135.1936,134.839,135.4278,135.05,134.662,134.2636,139.5109,143.773,147.0575,153.1072,157.2406,155.7669,152.4401,150.9628,149.4808,147.9944,146.5038,145.0092,143.5111,142.0095,140.5047,138.997,137.4867,136.8569,135.3378,133.8168,133.1644,132.5019,132.6909,132.0038,132.1592,132.2955,132.4125,132.5099,131.754,131.817,131.8602,131.8835,132.7008,131.8698,131.0287
-21.58796,-22.94162,-24.31074,-25.33074,-26.52245,-27.91151,-29.10764,-30.30155,-31.49315,-32.68235,-33.86907,-35.0532,-36.23467,-37.68061,-38.86487,-40.04616,-41.22441,-42.70022,-43.88041,-45.05726,-46.23068,-49.40342,-52.32908,-54.98256,-58.77234,-61.93871,-62.93391,-63.14277,-64.07991,-64.9961,-65.89134,-66.76561,-67.61892,-68.45126,-69.26264,-70.05306,-70.82252,-71.57104,-72.76809,-73.48245,-74.17587,-75.3408,-76.5,-78.16091,-79.31586,-80.98728,-82.66741,-84.35604,-86.05297,-87.20604,-88.91167,-90.625,-92.34581,-94.65458,-95.809,-96.95611
136.301,137.0937,136.8883,136.6724,136.4462,136.2095,135.9625,136.6814,136.4118,136.1318,135.8414,135.5407,135.2296,135.8719,135.5379,135.1936,134.839,134.4741,135.05,134.662,135.2092,139.5109,142.8333,147.0575,153.1072,157.2406,154.8397,152.4401,150.9628,149.4808,147.9944,146.5038,145.0092,143.5111,142.0095,140.5047,138.997,137.4867,136.8569,135.3378,133.8168,133.1644,132.5019,132.6909,132.0038,132.1592,132.2955,132.4125,132.5099,132.5878,131.817,131.8602,131.8835,131.8867,131.8698,131.0287
-21.58796,-22.94162,-24.1371,-25.33074,-26.52245,-27.71214,-28.89973,-30.30155,-31.49315,-32.68235,-33.86907,-35.0532,-36.23467,-37.68061,-38.86487,-40.04616,-41.22441,-42.39952,-43.88041,-45.05726,-46.55625,-49.40342,-51.98706,-54.98256,-58.77234,-61.93871,-62.5593,-63.14277,-64.07991,-64.9961,-65.89134,-66.76561,-67.61892,-68.45126,-69.26264,-70.05306,-70.82252,-71.57104,-72.76809,-73.48245,-74.17587,-75.3408,-76.5,-78.16091,-79.31586,-80.98728,-82.66741,-84.35604,-86.05297,-87.75798,-88.91167,-90.625,-92.34581,-94.07388,-95.809,-96.95611
136.301,137.0937,136.8883,136.6724,136.4462,136.2095,136.9407,135.7051,136.4118,136.1318,135.8414,135.5407,136.1955,135.8719,135.5379,135.1936,134.839,135.4278,135.05,134.662,135.2092,138.5683,142.8333,147.0575,153.1072,156.3102,154.8397,152.4401,151.8833,149.4808,147.9944,146.5038,145.0092,143.5111,142.0095,140.5047,138.997,137.4867,136.8569,135.3378,133.8168,133.1644,132.5019,132.6909,132.0038,132.1592,132.2955,132.4125,132.5099,132.5878,132.646,131.8602,131.8835,132.7008,131.8698,131.0287
-21.58796,-22.94162,-24.1371,-25.33074,-26.52245,-27.71214,-29.10764,-30.08511,-31.49315,-32.68235,-33.86907,-35.0532,-36.49349,-37.68061,-38.86487,-40.04616,-41.22441,-42.70022,-43.88041,-45.05726,-46.55625,-49.06961,-51.98706,-54.98256,-58.77234,-61.57221,-62.5593,-63.14277,-64.47064,-64.9961,-65.89134,-66.76561,-67.61892,-68.45126,-69.26264,-70.05306,-70.82252,-71.57104,-72.76809,-73.48245,-74.17587,-75.3408,-76.5,-78.16091,-79.31586,-80.98728,-82.66741,-84.35604,-86.05297,-87.75798,-89.47086,-90.625,-92.34581,-94.65458,-95.809,-96.95611
136.301,137.0937,136.8883,136.6724,136.4462,136.2095,135.9625,136.6814,136.4118,136.1318,135.8414,135.5407,136.1955,135.8719,135.5379,135.1936,134.839,135.4278,135.05,134.662,135.2092,138.5683,143.773,146.1209,153.1072,156.3102,155.7669,152.4401,150.9628,149.4808,147.9944,146.5038,145.0092,143.5111,142.0095,140.5047,138.997,138.3737,136.8569,135.3378,133.8168,133.1644,131.6359,131.8293,132.0038,132.1592,132.2955,132.4125,132.5099,132.5878,132.646,132.6843,131.8835,131.8867,132.6788,131.0287
-21.58796,-22.94162,-24.1371,-25.33074,-26.52245,-27.71214,-28.89973,-30.30155,-31.49315,-32.68235,-33.86907,-35.0532,-36.49349,-37.68061,-38.86487,-40.04616,-41.22441,-42.70022,-43.88041,-45.05726,-46.55625,-49.06961,-52.32908,-54.63235,-58.77234,-61.57221,-62.93391,-63.14277,-64.07991,-64.9961,-65.89134,-66.76561,-67.61892,-68.45126,-69.26264,-70.05306,-70.82252,-72.03278,-72.76809,-73.48245,-74.17587,-75.3408,-76,-77.65337,-79.31586,-80.98728,-82.66741,-84.35604,-86.05297,-87.75798,-89.47086,-91.1914,-92.34581,-94.07388,-96.39678,-96.95611
136.301,137.0937,136.8883,136.6724,136.4462,136.2095,136.9407,135.7051,136.4118,136.1318,135.8414,135.5407,135.2296,135.8719,135.5379,135.1936,134.839,135.4278,135.05,134.662,135.2092,139.5109,142.8333,146.1209,153.1072,157.2406,154.8397,152.4401,151.8833,149.4808,147.9944,146.5038,145.0092,143.5111,142.0095,140.5047,138.997,137.4867,136.8569,135.3378,133.8168,133.1644,131.6359,131.8293,132.0038,132.1592,132.2955,132.4125,132.5099,132.5878,131.817,132.6843,131.8835,132.7008,131.0608,131.0287
-21.58796,-22.94162,-24.1371,-25.33074,-26.52245,-27.71214,-29.10764,-30.08511,-31.49315,-32.68235,-33.86907,-35.0532,-36.23467,-37.68061,-38.86487,-40.04616,-41.22441,-42.70022,-43.88041,-45.05726,-46.55625,-49.40342,-51.98706,-54.63235,-58.77234,-61.93871,-62.5593,-63.14277,-64.47064,-64.9961,-65.89134,-66.76561,-67.61892,-68.45126,-69.26264,-70.05306,-70.82252,-71.57104,-72.76809,-73.48245,-74.17587,-75.3408,-76,-77.65337,-79.31586,-80.98728,-82.66741,-84.35604,-86.05297,-87.75798,-88.91167,-91.1914,-92.34581,-94.65458,-95.22121,-96.95611
136.301,137.0937,136.8883,136.6724,136.4462,136.2095,136.9407,135.7051,136.4118,136.1318,135.8414,135.5407,135.2296,135.8719,135.5379,135.1936,134.839,135.4278,135.05,134.662,135.2092,139.5109,142.8333,147.0575,153.1072,157.2406,155.7669,152.4401,150.9628,149.4808,147.9944,146.5038,145.0092,143.5111,142.0095,140.5047,138.997,138.3737,136.8569,135.3378,133.8168,133.1644,131.6359,132.6909,132.0038,132.1592,132.2955,132.4125,132.5099,132.5878,131.817,131.8602,131.8835,131.8867,132.6788,131.0287
-21.58796,-22.94162,-24.1371,-25.33074,-26.52245,-27.71214,-29.10764,-30.08511,-31.49315,-32.68235,-33.86907,-35.0532,-36.23467,-37.68061,-38.86487,-40.04616,-41.22441,-42.70022,-43.88041,-45.05726,-46.55625,-49.40342,-51.98706,-54.98256,-58.77234,-61.93871,-62.93391,-63.14277,-64.07991,-64.9961,-65.89134,-66.76561,-67.61892,-68.45126,-69.26264,-70.05306,-70.82252,-72.03278,-72.76809,-73.48245,-74.17587,-75.3408,-76,-78.16091,-79.31586,-80.98728,-82.66741,-84.35604,-86.05297,-87.75798,-88.91167,-90.625,-92.34581,-94.07388,-96.39678,-96.95611
136.301,137.0937,136.8883,137.6557,136.4462,136.2095,136.9407,136.6814,136.4118,136.1318,135.8414,135.5407,135.2296,134.9083,135.5379,135.1936,135.7953,135.4278,135.05,134.662,135.2092,139.5109,141.8936,147.0575,153.1072,157.2406,154.8397,152.4401,151.8833,149.4808,147.9944,146.5038,145.0092,143.5111,142.0095,140.5047,138.997,137.4867,136.8569,135.3378,133.8168,133.1644,132.5019,132.6909,132.0038,132.1592,132.2955,132.4125,132.5099,132.5878,131.817,132.6843,131.8835,132.7008,132.6788,131.0287
-21.58796,-22.94162,-24.1371,-25.51297,-26.52245,-27.71214,-29.10764,-30.30155,-31.49315,-32.68235,-33.86907,-35.0532,-36.23467,-37.41337,-38.86487,-40.04616,-41.51678,-42.70022,-43.88041,-45.05726,-46.55625,-49.40342,-51.64504,-54.98256,-58.77234,-61.93871,-62.5593,-63.14277,-64.47064,-64.9961,-65.89134,-66.76561,-67.61892,-68.45126,-69.26264,-70.05306,-70.82252,-71.57104,-72.76809,-73.48245,-74.17587,-75.3408,-76.5,-78.16091,-79.31586,-80.98728,-82.66741,-84.35604,-86.05297,-87.75798,-88.91167,-91.1914,-92.34581,-94.65458,-96.39678,-96.95611
136.301,137.0937,136.8883,136.6724,136.4462,137.1895,136.9407,136.6814,136.4118,136.1318,136.8117,135.5407,136.1955,135.8719,135.5379,135.1936,135.7953,135.4278,135.05,134.662,135.2092,139.5109,143.773,147.0575,153.1072,157.2406,154.8397,152.4401,150.9628,149.4808,147.9944,146.5038,145.0092,143.5111,142.0095,140.5047,138.997,138.3737,136.8569,135.3378,133.8168,133.1644,132.5019,132.6909,132.0038,132.1592,132.2955,131.5691,132.5099,131.754,131.817,131.8602,131.8835,131.8867,131.8698,131.0287
-21.58796,-22.94162,-24.1371,-25.33074,-26.52245,-27.91151,-29.10764,-30.30155,-31.49315,-32.68235,-34.11099,-35.0532,-36.49349,-37.68061,-38.86487,-40.04616,-41.51678,-42.70022,-43.88041,-45.05726,-46.55625,-49.40342,-52.32908,-54.98256,-58.77234,-61.93871,-62.5593,-63.14277,-64.07991,-64.9961,-65.89134,-66.76561,-67.61892,-68.45126,-69.26264,-70.05306,-70.82252,-72.03278,-72.76809,-73.48245,-74.17587,-75.3408,-76.5,-78.16091,-79.31586,-80.98728,-82.66741,-83.81874,-86.05297,-87.20604,-88.91167,-90.625,-92.34581,-94.07388,-95.809,-96.95611
136.301,137.0937,136.8883,136.6724,136.4462,136.2095,136.9407,136.6814,136.4118,136.1318,135.8414,135.5407,135.2296,135.8719,135.5379,135.1936,134.839,135.4278,135.05,134.662,135.2092,139.5109,142.8333,147.0575,153.1072,157.2406,154.8397,152.4401,150.9628,149.4808,147.9944,147.4137,145.0092,143.5111,142.0095,141.3996,138.997,137.4867,136.8569,134.459,133.8168,133.1644,132.5019,132.6909,132.0038,132.1592,132.2955,132.4125,132.5099,132.5878,132.646,131.8602,131.8835,131.8867,132.6788,131.0287
-21.58796,-22.94162,-24.1371,-25.33074,-26.52245,-27.71214,-29.10764,-30.30155,-31.49315,-32.68235,-33.86907,-35.0532,-36.23467,-37.68061,-38.86487,-40.04616,-41.22441,-42.70022,-43.88041,-45.05726,-46.55625,-49.40342,-51.98706,-54.98256,-58.77234,-61.93871,-62.5593,-63.14277,-64.07991,-64.9961,-65.89134,-67.18031,-67.61892,-68.45126,-69.26264,-70.49925,-70.82252,-71.57104,-72.76809,-73.00529,-74.17587,-75.3408,-76.5,-78.16091,-79.31586,-80.98728,-82.66741,-84.35604,-86.05297,-87.75798,-89.47086,-90.625,-92.34581,-94.07388,-96.39678,-96.95611
136.301,137.0937,136.8883,136.6724,136.4462,136.2095,136.9407,135.7051,135.4374,136.1318,135.8414,136.5088,136.1955,135.8719,135.5379,136.1524,135.7953,135.4278,135.05,134.662,135.2092,139.5109,143.773,146.1209,154.0408,157.2406,155.7669,152.4401,151.8833,149.4808,147.9944,146.5038,145.0092,143.5111,142.0095,140.5047,138.997,138.3737,136.8569,135.3378,133.8168,133.1644,132.5019,133.5525,132.0038,132.1592,132.2955,132.4125,132.5099,131.754,131.817,132.6843,131.8835,131.8867,132.6788,131.0287
-21.58796,-22.94162,-24.1371,-25.33074,-26.52245,-27.71214,-29.10764,-30.08511,-31.2682,-32.68235,-33.86907,-35.30358,-36.49349,-37.68061,-38.86487,-40.33018,-41.51678,-42.70022,-43.88041,-45.05726,-46.55625,-49.40342,-52.32908,-54.63235,-59.13071,-61.93871,-62.93391,-63.14277,-64.47064,-64.9961,-65.89134,-66.76561,-67.61892,-68.45126,-69.26264,-70.05306,-70.82252,-72.03278,-72.76809,-73.48245,-74.17587,-75.3408,-76.5,-78.66845,-79.31586,-80.98728,-82.66741,-84.35604,-86.05297,-87.20604,-88.91167,-91.1914,-92.34581,-94.07388,-96.39678,-96.95611
136.301,137.0937,137.8731,136.6724,136.4462,136.2095,136.9407,136.6814,136.4118,136.1318,135.8414,135.5407,135.2296,135.8719,135.5379,135.1936,134.839,135.4278,135.05,134.662,136.1547,139.5109,142.8333,147.0575,154.0408,157.2406,155.7669,152.4401,151.8833,149.4808,147.9944,146.5038,145.0092,143.5111,142.0095,140.5047,138.997,138.3737,136.8569,135.3378,133.8168,133.1644,131.6359,131.8293,132.0038,132.1592,132.2955,132.4125,132.5099,132.5878,131.817,131.8602,131.8835,131.8867,132.6788,131.0287
-21.58796,-22.94162,-24.31074,-25.33074,-26.52245,-27.71214,-29.10764,-30.30155,-31.49315,-32.68235,-33.86907,-35.0532,-36.23467,-37.68061,-38.86487,-40.04616,-41.22441,-42.70022,-43.88041,-45.05726,-46.88181,-49.40342,-51.98706,-54.98256,-59.13071,-61.93871,-62.93391,-63.14277,-64.47064,-64.9961,-65.89134,-66.76561,-67.61892,-68.45126,-69.26264,-70.05306,-70.82252,-72.03278,-72.76809,-73.48245,-74.17587,-75.3408,-76,-77.65337,-79.31586,-80.98728,-82.66741,-84.35604,-86.05297,-87.75798,-88.91167,-90.625,-92.34581,-94.07388,-96.39678,-96.95611
136.301,138.08,136.8883,136.6724,136.4462,136.2095,136.9407,135.7051,136.4118,136.1318,135.8414,135.5407,135.2296,135.8719,135.5379,135.1936,134.839,135.4278,135.05,134.662,135.2092,138.5683,143.773,147.0575,154.0408,157.2406,154.8397,152.4401,151.8833,149.4808,147.9944,146.5038,145.0092,143.5111,142.0095,140.5047,138.997,138.3737,136.8569,135.3378,133.8168,133.1644,132.5019,132.6909,132.0038,132.1592,132.2955,132.4125,132.5099,132.5878,131.817,132.6843,132.7026,131.8867,132.6788,131.0287
-21.58796,-23.10666,-24.1371,-25.33074,-26.52245,-27.71214,-29.10764,-30.08511,-31.49315,-32.68235,-33.86907,-35.0532,-36.23467,-37.68061,-38.86487,-40.04616,-41.22441,-42.70022,-43.88041,-45.05726,-46.55625,-49.06961,-52.32908,-54.98256,-59.13071,-61.93871,-62.5593,-63.14277,-64.47064,-64.9961,-65.89134,-66.76561,-67.61892,-68.45126,-69.26264,-70.05306,-70.82252,-72.03278,-72.76809,-73.48245,-74.17587,-75.3408,-76.5,-78.16091,-79.31586,-80.98728,-82.66741,-84.35604,-86.05297,-87.75798,-88.91167,-91.1914,-92.91938,-94.07388,-96.39678,-96.95611
136.301,137.0937,136.8883,136.6724,136.4462,137.1895,136.9407,136.6814,136.4118,136.1318,135.8414,135.5407,135.2296,135.8719,135.5379,135.1936,135.7953,135.4278,135.05,134.662,134.2636,139.5109,143.773,147.0575,154.0408,157.2406,154.8397,152.4401,150.9628,149.4808,147.9944,146.5038,145.0092,143.5111,142.0095,140.5047,138.997,138.3737,136.8569,135.3378,133.8168,133.1644,132.5019,131.8293,132.0038,132.1592,132.2955,132.4125,132.5099,132.5878,131.817,131.8602,131.8835,132.7008,131.8698,131.0287
-21.58796,-22.94162,-24.1371,-25.33074,-26.52245,-27.91151,-29.10764,-30.30155,-31.49315,-32.68235,-33.86907,-35.0532,-36.23467,-37.68061,-38.86487,-40.04616,-41.51678,-42.70022,-43.88041,-45.05726,-46.23068,-49.40342,-52.32908,-54.98256,-59.13071,-61.93871,-62.5593,-63.14277,-64.07991,-64.9961,-65.89134,-66.76561,-67.61892,-68.45126,-69.26264,-70.05306,-70.82252,-72.03278,-72.76809,-73.48245,-74.17587,-75.3408,-76.5,-77.65337,-79.31586,-80.98728,-82.66741,-84.35604,-86.05297,-87.75798,-88.91167,-90.625,-92.34581,-94.65458,-95.809,-96.95611
136.301,137.0937,136.8883,136.6724,136.4462,136.2095,136.9407,136.6814,136.4118,136.1318,135.8414,135.5407,136.1955,135.8719,135.5379,135.1936,134.839,135.4278,135.05,134.662,134.2636,139.5109,142.8333,147.0575,154.0408,156.3102,155.7669,152.4401,151.8833,149.4808,147.9944,146.5038,145.0092,143.5111,142.0095,140.5047,138.997,137.4867,136.8569,135.3378,133.8168,133.1644,132.5019,132.6909,132.0038,132.1592,132.2955,132.4125,132.5099,132.5878,132.646,132.6843,131.8835,131.8867,131.8698,131.0287
-21.58796,-22.94162,-24.1371,-25.33074,-26.52245,-27.71214,-29.10764,-30.30155,-31.49315,-32.68235,-33.86907,-35.0532,-36.49349,-37.68061,-38.86487,-40.04616,-41.22441,-42.70022,-43.88041,-45.05726,-46.23068,-49.40342,-51.98706,-54.98256,-59.13071,-61.57221,-62.93391,-63.14277,-64.47064,-64.9961,-65.89134,-66.76561,-67.61892,-68.45126,-69.26264,-70.05306,-70.82252,-71.57104,-72.76809,-73.48245,-74.17587,-75.3408,-76.5,-78.16091,-79.31586,-80.98728,-82.66741,-84.35604,-86.05297,-87.75798,-89.47086,-91.1914,-92.34581,-94.07388,-95.809,-96.95611
136.301,137.0937,136.8883,136.6724,136.4462,137.1895,135.9625,136.6814,136.4118,136.1318,135.8414,135.5407,135.2296,135.8719,135.5379,135.1936,134.839,135.4278,135.05,134.662,135.2092,139.5109,141.8936,147.0575,154.0408,157.2406,154.8397,152.4401,150.9628,149.4808,147.9944,146.5038,145.0092,143.5111,142.0095,140.5047,138.997,138.3737,136.8569,135.3378,133.8168,133.1644,132.5019,132.6909,132.0038,132.1592,132.2955,132.4125,132.5099,132.5878,132.646,131.8602,131.8835,131.8867,132.6788,131.0287
-21.58796,-22.94162,-24.1371,-25.33074,-26.52245,-27.91151,-28.89973,-30.30155,-31.49315,-32.68235,-33.86907,-35.0532,-36.23467,-37.68061,-38.86487,-40.04616,-41.22441,-42.70022,-43.88041,-45.05726,-46.55625,-49.40342,-51.64504,-54.98256,-59.13071,-61.93871,-62.5593,-63.14277,-64.07991,-64.9961,-65.89134,-66.76561,-67.61892,-68.45126,-69.26264,-70.05306,-70.82252,-72.03278,-72.76809,-73.48245,-74.17587,-75.3408,-76.5,-78.16091,-79.31586,-80.98728,-82.66741,-84.35604,-86.05297,-87.75798,-89.47086,-90.625,-92.34581,-94.07388,-96.39678,-96.95611
136.301,137.0937,136.8883,136.6724,136.4462,136.2095,136.9407,136.6814,136.4118,136.1318,135.8414,135.5407,135.2296,135.8719,135.5379,135.1936,134.839,135.4278,135.05,134.662,135.2092,139.5109,142.8333,147.0575,154.0408,156.3102,154.8397,152.4401,150.9628,150.3979,147.9944,146.5038,145.0092,143.5111,142.0095,140.5047,138.997,137.4867,136.8569,135.3378,133.8168,133.1644,132.5019,131.8293,132.0038,132.1592,132.2955,132.4125,132.5099,132.5878,132.646,131.8602,131.8835,132.7008,131.0608,131.0287
-21.58796,-22.94162,-24.1371,-25.33074,-26.52245,-27.71214,-29.10764,-30.30155,-31.49315,-32.68235,-33.86907,-35.0532,-36.23467,-37.68061,-38.86487,-40.04616,-41.22441,-42.70022,-43.88041,-45.05726,-46.55625,-49.40342,-51.98706,-54.98256,-59.13071,-61.57221,-62.5593,-63.14277,-64.07991,-65.39485,-65.89134,-66.76561,-67.61892,-68.45126,-69.26264,-70.05306,-70.82252,-71.57104,-72.76809,-73.48245,-74.17587,-75.3408,-76.5,-77.65337,-79.31586,-80.98728,-82.66741,-84.35604,-86.05297,-87.75798,-89.47086,-90.625,-92.34581,-94.65458,-95.22121,-96.95611
136.301,137.0937,136.8883,136.6724,137.4278,136.2095,136.9407,136.6814,136.4118,136.1318,135.8414,135.5407,135.2296,135.8719,135.5379,135.1936,135.7953,135.4278,135.05,134.662,135.2092,139.5109,142.8333,147.0575,153.1072,157.2406,154.8397,152.4401,151.8833,149.4808,147.9944,146.5038,145.0092,143.5111,142.0095,140.5047,138.997,138.3737,136.8569,135.3378,133.8168,133.1644,132.5019,131.8293,132.0038,132.1592,132.2955,132.4125,131.6713,132.5878,132.646,132.6843,131.8835,132.7008,132.6788,131.0287
-21.58796,-22.94162,-24.1371,-25.33074,-26.71326,-27.71214,-29.10764,-30.30155,-31.49315,-32.68235,-33.86907,-35.0532,-36.23467,-37.68061,-38.86487,-40.04616,-41.51678,-42.70022,-43.88041,-45.05726,-46.55625,-49.40342,-51.98706,-54.98256,-58.77234,-61.93871,-62.5593,-63.14277,-64.47064,-64.9961,-65.89134,-66.76561,-67.61892,-68.45126,-69.26264,-70.05306,-70.82252,-72.03278,-72.76809,-73.48245,-74.17587,-75.3408,-76.5,-77.65337,-79.31586,-80.98728,-82.66741,-84.35604,-85.50833,-87.75798,-89.47086,-91.1914,-92.34581,-94.65458,-96.39678,-96.95611
136.301,137.0937,136.8883,136.6724,136.4462,136.2095,136.9407,136.6814,136.4118,136.1318,135.8414,135.5407,135.2296,135.8719,135.5379,136.1524,135.7953,135.4278,135.05,134.662,135.2092,140.4536,142.8333,147.0575,153.1072,156.3102,154.8397,152.4401,150.9628,149.4808,148.9079,146.5038,145.9156,143.5111,142.0095,140.5047,138.997,137.4867,136.8569,135.3378,133.8168,133.1644,132.5019,132.6909,132.0038,132.1592,132.2955,132.4125,132.5099,132.5878,132.646,131.8602,132.7026,131.8867,132.6788,131.0287
-21.58796,-22.94162,-24.1371,-25.33074,-26.52245,-27.71214,-29.10764,-30.30155,-31.49315,-32.68235,-33.86907,-35.0532,-36.23467,-37.68061,-38.86487,-40.33018,-41.51678,-42.70022,-43.88041,-45.05726,-46.55625,-49.73722,-51.98706,-54.98256,-58.77234,-61.57221,-62.5593,-63.14277,-64.07991,-64.9961,-66.29807,-66.76561,-68.04154,-68.45126,-69.26264,-70.05306,-70.82252,-71.57104,-72.76809,-73.48245,-74.17587,-75.3408,-76.5,-78.16091,-79.31586,-80.98728,-82.66741,-84.35604,-86.05297,-87.75798,-89.47086,-90.625,-92.91938,-94.07388,-96.39678,-96.95611
