136.301,136.1074,135.9035,135.6892,135.4646,135.2296,134.9844,135.7051,135.4374,135.1594,134.8711,134.5725,134.2637,134.9083,134.5766,134.2348,134.839,134.4741,134.099,134.662,136.1547,139.5109,142.8333,147.9942,154.0408,156.3102,153.9125,152.4401,150.9628,149.4808,147.9944,146.5038,145.0092,143.5111,142.0095,140.5047,138.997,138.3737,135.9739,135.3378,133.8168,132.2941,132.5019,131.8293,132.0038,132.1592,132.2955,131.5691,132.5099,131.754,131.817,131.0361,131.0643,131.0726,131.0608,131.0287
-21.58796,-22.77657,-23.96345,-25.1485,-26.33164,-27.51277,-28.69181,-30.08511,-31.2682,-32.44891,-33.62714,-34.80282,-35.97585,-37.41337,-38.58923,-39.76215,-41.22441,-42.39952,-43.5714,-45.05726,-46.88181,-49.40342,-51.98706,-55.33277,-59.13071,-61.57221,-62.18469,-63.14277,-64.07991,-64.9961,-65.89134,-66.76561,-67.61892,-68.45126,-69.26264,-70.05306,-70.82252,-72.03278,-72.29862,-73.48245,-74.17587,-74.84838,-76.5,-77.65337,-79.31586,-80.98728,-82.66741,-83.81874,-86.05297,-87.20604,-88.91167,-90.05859,-91.77223,-93.49318,-95.22121,-96.95611
136.301,136.1074,135.9035,135.6892,135.4646,135.2296,135.9625,135.7051,135.4374,135.1594,134.8711,135.5407,135.2296,134.9083,134.5766,134.2348,133.8827,134.4741,134.099,134.662,136.1547,139.5109,143.773,147.0575,154.0408,155.3797,153.9125,152.4401,150.9628,149.4808,147.9944,146.5038,145.0092,143.5111,142.0095,140.5047,138.997,137.4867,135.9739,135.3378,133.8168,134.0348,132.5019,131.8293,132.0038,132.1592,132.2955,132.4125,131.6713,131.754,131.817,131.8602,131.0643,131.0726,131.0608,131.0287
-21.58796,-22.77657,-23.96345,-25.1485,-26.33164,-27.51277,-28.89973,-30.08511,-31.2682,-32.44891,-33.62714,-35.0532,-36.23467,-37.41337,-38.58923,-39.76215,-40.93204,-42.39952,-43.5714,-45.05726,-46.88181,-49.40342,-52.32908,-54.98256,-59.13071,-61.2057,-62.18469,-63.14277,-64.07991,-64.9961,-65.89134,-66.76561,-67.61892,-68.45126,-69.26264,-70.05306,-70.82252,-71.57104,-72.29862,-73.48245,-74.17587,-75.83323,-76.5,-77.65337,-79.31586,-80.98728,-82.66741,-84.35604,-85.50833,-87.20604,-88.91167,-90.625,-91.77223,-93.49318,-95.22121,-96.95611
136.301,136.1074,135.9035,136.6724,136.4462,136.2095,134.9844,135.7051,135.4374,135.1594,134.8711,134.5725,135.2296,134.9083,134.5766,134.2348,134.839,134.4741,134.099,134.662,136.1547,139.5109,142.8333,147.9942,154.0408,155.3797,154.8397,152.4401,151.8833,149.4808,147.9944,146.5038,145.0092,143.5111,142.0095,141.3996,139.888,137.4867,136.8569,135.3378,133.8168,133.1644,132.5019,131.8293,132.0038,132.1592,132.2955,132.4125,132.5099,131.754,131.817,131.0361,131.8835,131.0726,131.0608,131.0287
-21.58796,-22.77657,-23.96345,-25.33074,-26.52245,-27.71214,-28.69181,-30.08511,-31.2682,-32.44891,-33.62714,-34.80282,-36.23467,-37.41337,-38.58923,-39.76215,-41.22441,-42.39952,-43.5714,-45.05726,-46.88181,-49.40342,-51.98706,-55.33277,-59.13071,-61.2057,-62.5593,-63.14277,-64.47064,-64.9961,-65.89134,-66.76561,-67.61892,-68.45126,-69.26264,-70.49925,-71.27651,-71.57104,-72.76809,-73.48245,-74.17587,-75.3408,-76.5,-77.65337,-79.31586,-80.98728,-82.66741,-84.35604,-86.05297,-87.20604,-88.91167,-90.05859,-92.34581,-93.49318,-95.22121,-96.95611
136.301,136.1074,135.9035,135.6892,135.4646,135.2296,135.9625,134.7288,135.4374,135.1594,133.9008,134.5725,134.2637,134.9083,134.5766,134.2348,133.8827,134.4741,134.099,134.662,136.1547,139.5109,142.8333,147.0575,154.0408,156.3102,153.9125,152.4401,150.9628,149.4808,147.9944,146.5038,145.0092,143.5111,142.0095,139.6098,138.997,138.3737,136.8569,135.3378,133.8168,133.1644,131.6359,131.8293,132.0038,132.1592,132.2955,132.4125,132.5099,131.754,130.9879,131.0361,131.0643,131.8867,131.8698,131.0287
-21.58796,-22.77657,-23.96345,-25.1485,-26.33164,-27.51277,-28.89973,-29.86867,-31.2682,-32.44891,-33.38522,-34.80282,-35.97585,-37.41337,-38.58923,-39.76215,-40.93204,-42.39952,-43.5714,-45.05726,-46.88181,-49.40342,-51.98706,-54.98256,-59.13071,-61.57221,-62.18469,-63.14277,-64.07991,-64.9961,-65.89134,-66.76561,-67.61892,-68.45126,-69.26264,-69.60686,-70.82252,-72.03278,-72.76809,-73.48245,-74.17587,-75.3408,-76,-77.65337,-79.31586,-80.98728,-82.66741,-84.35604,-86.05297,-87.20604,-88.35248,-90.05859,-91.77223,-94.07388,-95.809,-96.95611
136.301,136.1074,135.9035,135.6892,135.4646,135.2296,135.9625,135.7051,135.4374,135.1594,134.8711,134.5725,134.2637,134.9083,134.5766,134.2348,134.839,134.4741,134.099,134.662,136.1547,139.5109,143.773,147.9942,154.0408,155.3797,154.8397,152.4401,150.9628,149.4808,147.9944,146.5038,145.0092,143.5111,142.0095,139.6098,138.997,138.3737,136.8569,135.3378,133.8168,133.1644,132.5019,131.8293,132.0038,132.1592,132.2955,132.4125,132.5099,130.9201,130.9879,131.0361,131.8835,131.0726,131.0608,131.0287
-21.58796,-22.77657,-23.96345,-25.1485,-26.33164,-27.51277,-28.89973,-30.08511,-31.2682,-32.44891,-33.62714,-34.80282,-35.97585,-37.41337,-38.58923,-39.76215,-41.22441,-42.39952,-43.5714,-45.05726,-46.88181,-49.40342,-52.32908,-55.33277,-59.13071,-61.2057,-62.5593,-63.14277,-64.07991,-64.9961,-65.89134,-66.76561,-67.61892,-68.45126,-69.26264,-69.60686,-70.82252,-72.03278,-72.76809,-73.48245,-74.17587,-75.3408,-76.5,-77.65337,-79.31586,-80.98728,-82.66741,-84.35604,-86.05297,-86.65411,-88.35248,-90.05859,-92.34581,-93.49318,-95.22121,-96.95611
136.301,136.1074,135.9035,135.6892,135.4646,135.2296,135.9625,135.7051,135.4374,135.1594,134.8711,134.5725,134.2637,134.9083,134.5766,134.2348,134.839,134.4741,134.099,134.662,136.1547,139.5109,142.8333,147.9942,154.0408,156.3102,153.9125,152.4401,150.9628,149.4808,147.9944,145.5938,144.1029,143.5111,141.1107,139.6098,138.997,137.4867,136.8569,135.3378,133.8168,133.1644,132.5019,131.8293,132.0038,132.1592,131.4475,132.4125,131.6713,131.754,131.817,131.0361,131.8835,131.8867,131.0608,131.0287
-21.58796,-22.77657,-23.96345,-25.1485,-26.33164,-27.51277,-28.89973,-30.08511,-31.2682,-32.44891,-33.62714,-34.80282,-35.97585,-37.41337,-38.58923,-39.76215,-41.22441,-42.39952,-43.5714,-45.05726,-46.88181,-49.40342,-51.98706,-55.33277,-59.13071,-61.57221,-62.18469,-63.14277,-64.07991,-64.9961,-65.89134,-66.35092,-67.1963,-68.45126,-68.82427,-69.60686,-70.82252,-71.57104,-72.76809,-73.48245,-74.17587,-75.3408,-76.5,-77.65337,-79.31586,-80.98728,-82.13749,-84.35604,-85.50833,-87.20604,-88.91167,-90.05859,-92.34581,-94.07388,-95.22121,-96.95611
136.301,136.1074,135.9035,135.6892,135.4646,135.2296,135.9625,135.7051,135.4374,135.1594,134.8711,134.5725,135.2296,134.9083,134.5766,134.2348,134.839,133.5204,134.099,134.662,135.2092,139.5109,143.773,147.9942,154.0408,156.3102,153.9125,152.4401,150.9628,149.4808,147.9944,146.5038,145.0092,143.5111,142.9083,140.5047,138.997,138.3737,136.8569,135.3378,133.8168,133.1644,132.5019,131.8293,132.0038,132.1592,132.2955,132.4125,131.6713,131.754,131.817,131.0361,131.0643,131.0726,131.8698,131.0287
-21.58796,-22.77657,-23.96345,-25.1485,-26.33164,-27.51277,-28.89973,-30.08511,-31.2682,-32.44891,-33.62714,-34.80282,-36.23467,-37.41337,-38.58923,-39.76215,-41.22441,-42.09881,-43.5714,-45.05726,-46.55625,-49.40342,-52.32908,-55.33277,-59.13071,-61.57221,-62.18469,-63.14277,-64.07991,-64.9961,-65.89134,-66.76561,-67.61892,-68.45126,-69.70101,-70.05306,-70.82252,-72.03278,-72.76809,-73.48245,-74.17587,-75.3408,-76.5,-77.65337,-79.31586,-80.98728,-82.66741,-84.35604,-85.50833,-87.20604,-88.91167,-90.05859,-91.77223,-93.49318,-95.809,-96.95611
135.3133,137.0937,135.9035,135.6892,135.4646,135.2296,134.9844,135.7051,135.4374,135.1594,134.8711,134.5725,134.2637,134.9083,134.5766,134.2348,134.839,134.4741,134.099,134.662,136.1547,139.5109,142.8333,147.9942,154.0408,156.3102,153.9125,152.4401,150.9628,149.4808,147.9944,146.5038,144.1029,143.5111,141.1107,140.5047,138.997,137.4867,136.8569,135.3378,133.8168,133.1644,131.6359,131.8293,132.0038,132.1592,132.2955,132.4125,131.6713,131.754,131.817,131.8602,131.8835,131.0726,131.8698,131.0287
-21.43152,-22.94162,-23.96345,-25.1485,-26.33164,-27.51277,-28.69181,-30.08511,-31.2682,-32.44891,-33.62714,-34.80282,-35.97585,-37.41337,-38.58923,-39.76215,-41.22441,-42.39952,-43.5714,-45.05726,-46.88181,-49.40342,-51.98706,-55.33277,-59.13071,-61.57221,-62.18469,-63.14277,-64.07991,-64.9961,-65.89134,-66.76561,-67.1963,-68.45126,-68.82427,-70.05306,-70.82252,-71.57104,-72.76809,-73.48245,-74.17587,-75.3408,-76,-77.65337,-79.31586,-80.98728,-82.66741,-84.35604,-85.50833,-87.20604,-88.91167,-90.625,-92.34581,-93.49318,-95.809,-96.95611
136.301,136.1074,135.9035,135.6892,135.4646,135.2296,134.9844,135.7051,135.4374,135.1594,134.8711,134.5725,134.2637,134.9083,134.5766,134.2348,133.8827,134.4741,134.099,134.662,136.1547,139.5109,142.8333,147.0575,154.0408,156.3102,154.8397,152.4401,151.8833,149.4808,147.9944,146.5038,145.0092,143.5111,142.0095,140.5047,138.997,137.4867,136.8569,135.3378,133.8168,133.1644,132.5019,131.8293,132.0038,132.1592,132.2955,132.4125,132.5099,130.9201,131.817,131.0361,131.0643,131.8867,131.8698,131.0287
-21.58796,-22.77657,-23.96345,-25.1485,-26.33164,-27.51277,-28.69181,-30.08511,-31.2682,-32.44891,-33.62714,-34.80282,-35.97585,-37.41337,-38.58923,-39.76215,-40.93204,-42.39952,-43.5714,-45.05726,-46.88181,-49.40342,-51.98706,-54.98256,-59.13071,-61.57221,-62.5593,-63.14277,-64.47064,-64.9961,-65.89134,-66.76561,-67.61892,-68.45126,-69.26264,-70.05306,-70.82252,-71.57104,-72.76809,-73.48245,-74.17587,-75.3408,-76.5,-77.65337,-79.31586,-80.98728,-82.66741,-84.35604,-86.05297,-86.65411,-88.91167,-90.05859,-91.77223,-94.07388,-95.809,-96.95611
136.301,136.1074,135.9035,135.6892,135.4646,135.2296,135.9625,135.7051,135.4374,135.1594,134.8711,134.5725,135.2296,134.9083,134.5766,134.2348,134.839,134.4741,134.099,134.662,135.2092,139.5109,142.8333,147.9942,154.0408,156.3102,153.9125,152.4401,150.9628,150.3979,147.9944,146.5038,145.0092,143.5111,142.0095,140.5047,138.106,138.3737,136.8569,135.3378,133.8168,133.1644,132.5019,131.8293,132.0038,132.1592,132.2955,132.4125,131.6713,131.754,131.817,131.0361,131.8835,131.8867,131.0608,131.0287
-21.58796,-22.77657,-23.96345,-25.1485,-26.33164,-27.51277,-28.89973,-30.08511,-31.2682,-32.44891,-33.62714,-34.80282,-36.23467,-37.41337,-38.58923,-39.76215,-41.22441,-42.39952,-43.5714,-45.05726,-46.55625,-49.40342,-51.98706,-55.33277,-59.13071,-61.57221,-62.18469,-63.14277,-64.07991,-65.39485,-65.89134,-66.76561,-67.61892,-68.45126,-69.26264,-70.05306,-70.36853,-72.03278,-72.76809,-73.48245,-74.17587,-75.3408,-76.5,-77.65337,-79.31586,-80.98728,-82.66741,-84.35604,-85.50833,-87.20604,-88.91167,-90.05859,-92.34581,-94.07388,-95.22121,-96.95611
137.2887,136.1074,136.8883,135.6892,136.4462,135.2296,134.9844,134.7288,135.4374,135.1594,134.8711,134.5725,135.2296,134.9083,134.5766,134.2348,133.8827,133.5204,134.099,134.662,136.1547,139.5109,142.8333,147.0575,154.0408,155.3797,154.8397,152.4401,150.9628,149.4808,147.9944,146.5038,145.0092,143.5111,142.0095,140.5047,139.888,137.4867,136.8569,135.3378,133.8168,133.1644,132.5019,131.8293,132.0038,132.1592,132.2955,132.4125,132.5099,132.5878,131.817,131.0361,131.8835,131.0726,131.0608,131.0287
-21.74439,-22.77657,-24.1371,-25.1485,-26.52245,-27.51277,-28.69181,-29.86867,-31.2682,-32.44891,-33.62714,-34.80282,-36.23467,-37.41337,-38.58923,-39.76215,-40.93204,-42.09881,-43.5714,-45.05726,-46.88181,-49.40342,-51.98706,-54.98256,-59.13071,-61.2057,-62.5593,-63.14277,-64.07991,-64.9961,-65.89134,-66.76561,-67.61892,-68.45126,-69.26264,-70.05306,-71.27651,-71.57104,-72.76809,-73.48245,-74.17587,-75.3408,-76.5,-77.65337,-79.31586,-80.98728,-82.66741,-84.35604,-86.05297,-87.75798,-88.91167,-90.05859,-92.34581,-93.49318,-95.22121,-96.95611
136.301,136.1074,135.9035,135.6892,135.4646,135.2296,135.9625,135.7051,135.4374,135.1594,134.8711,134.5725,135.2296,134.9083,134.5766,134.2348,134.839,134.4741,134.099,134.662,136.1547,139.5109,143.773,147.9942,154.0408,156.3102,153.9125,152.4401,150.9628,149.4808,147.9944,146.5038,144.1029,143.5111,141.1107,140.5047,138.106,137.4867,136.8569,135.3378,133.8168,133.1644,132.5019,131.8293,132.0038,132.1592,132.2955,132.4125,132.5099,130.9201,130.9879,131.8602,131.0643,131.8867,131.8698,131.0287
-21.58796,-22.77657,-23.96345,-25.1485,-26.33164,-27.51277,-28.89973,-30.08511,-31.2682,-32.44891,-33.62714,-34.80282,-36.23467,-37.41337,-38.58923,-39.76215,-41.22441,-42.39952,-43.5714,-45.05726,-46.88181,-49.40342,-52.32908,-55.33277,-59.13071,-61.57221,-62.18469,-63.14277,-64.07991,-64.9961,-65.89134,-66.76561,-67.1963,-68.45126,-68.82427,-70.05306,-70.36853,-71.57104,-72.76809,-73.48245,-74.17587,-75.3408,-76.5,-77.65337,-79.31586,-80.98728,-82.66741,-84.35604,-86.05297,-86.65411,-88.35248,-90.625,-91.77223,-94.07388,-95.809,-96.95611
136.301,137.0937,136.8883,135.6892,135.4646,135.2296,135.9625,134.7288,135.4374,135.1594,134.8711,135.5407,134.2637,134.9083,134.5766,134.2348,134.839,134.4741,134.099,134.662,136.1547,139.5109,142.8333,147.9942,154.0408,155.3797,153.9125,152.4401,150.9628,149.4808,147.9944,146.5038,145.0092,143.5111,142.0095,140.5047,139.888,138.3737,136.8569,135.3378,133.8168,133.1644,131.6359,131.8293,132.0038,132.1592,132.2955,132.4125,131.6713,131.754,131.817,131.8602,131.8835,131.8867,131.8698,131.0287
-21.58796,-22.94162,-24.1371,-25.1485,-26.33164,-27.51277,-28.89973,-29.86867,-31.2682,-32.44891,-33.62714,-35.0532,-35.97585,-37.41337,-38.58923,-39.76215,-41.22441,-42.39952,-43.5714,-45.05726,-46.88181,-49.40342,-51.98706,-55.33277,-59.13071,-61.2057,-62.18469,-63.14277,-64.07991,-64.9961,-65.89134,-66.76561,-67.61892,-68.45126,-69.26264,-70.05306,-71.27651,-72.03278,-72.76809,-73.48245,-74.17587,-75.3408,-76,-77.65337,-79.31586,-80.98728,-82.66741,-84.35604,-85.50833,-87.20604,-88.91167,-90.625,-92.34581,-94.07388,-95.809,-96.95611
135.3133,136.1074,136.8883,135.6892,135.4646,135.2296,134.9844,135.7051,135.4374,135.1594,134.8711,134.5725,135.2296,133.9446,134.5766,134.2348,134.839,134.4741,134.099,134.662,136.1547,139.5109,143.773,147.0575,154.0408,156.3102,153.9125,152.4401,151.8833,149.4808,147.9944,146.5038,145.0092,143.5111,142.0095,140.5047,138.997,138.3737,135.9739,135.3378,133.8168,133.1644,132.5019,132.6909,132.0038,132.1592,132.2955,132.4125,132.5099,132.5878,130.9879,131.8602,131.0643,131.8867,131.0608,131.0287
-21.43152,-22.77657,-24.1371,-25.1485,-26.33164,-27.51277,-28.69181,-30.08511,-31.2682,-32.44891,-33.62714,-34.80282,-36.23467,-37.14613,-38.58923,-39.76215,-41.22441,-42.39952,-43.5714,-45.05726,-46.88181,-49.40342,-52.32908,-54.98256,-59.13071,-61.57221,-62.18469,-63.14277,-64.47064,-64.9961,-65.89134,-66.76561,-67.61892,-68.45126,-69.26264,-70.05306,-70.82252,-72.03278,-72.29862,-73.48245,-74.17587,-75.3408,-76.5,-78.16091,-79.31586,-80.98728,-82.66741,-84.35604,-86.05297,-87.75798,-88.35248,-90.625,-91.77223,-94.07388,-95.22121,-96.95611
135.3133,136.1074,135.9035,135.6892,135.4646,135.2296,135.9625,135.7051,135.4374,135.1594,134.8711,135.5407,134.2637,134.9083,134.5766,134.2348,133.8827,134.4741,134.099,134.662,136.1547,139.5109,143.773,147.9942,154.0408,155.3797,153.9125,152.4401,150.9628,150.3979,147.9944,146.5038,145.0092,143.5111,142.0095,140.5047,138.997,138.3737,136.8569,134.459,133.8168,133.1644,132.5019,131.8293,132.0038,132.1592,132.2955,132.4125,132.5099,130.9201,131.817,131.0361,131.8835,131.0726,131.0608,131.0287
-21.43152,-22.77657,-23.96345,-25.1485,-26.33164,-27.51277,-28.89973,-30.08511,-31.2682,-32.44891,-33.62714,-35.0532,-35.97585,-37.41337,-38.58923,-39.76215,-40.93204,-42.39952,-43.5714,-45.05726,-46.88181,-49.40342,-52.32908,-55.33277,-59.13071,-61.2057,-62.18469,-63.14277,-64.07991,-65.39485,-65.89134,-66.76561,-67.61892,-68.45126,-69.26264,-70.05306,-70.82252,-72.03278,-72.76809,-73.00529,-74.17587,-75.3408,-76.5,-77.65337,-79.31586,-80.98728,-82.66741,-84.35604,-86.05297,-86.65411,-88.91167,-90.05859,-92.34581,-93.49318,-95.22121,-96.95611
135.3133,136.1074,135.9035,135.6892,135.4646,136.2095,134.9844,135.7051,135.4374,135.1594,134.8711,134.5725,134.2637,134.9083,134.5766,134.2348,133.8827,134.4741,134.099,134.662,136.1547,139.5109,142.8333,147.9942,154.0408,156.3102,153.9125,152.4401,151.8833,149.4808,147.9944,146.5038,145.0092,143.5111,142.0095,140.5047,138.997,137.4867,136.8569,135.3378,133.8168,133.1644,132.5019,131.8293,132.0038,132.1592,132.2955,132.4125,132.5099,131.754,131.817,131.0361,131.0643,131.0726,131.0608,131.0287
-21.43152,-22.77657,-23.96345,-25.1485,-26.33164,-27.71214,-28.69181,-30.08511,-31.2682,-32.44891,-33.62714,-34.80282,-35.97585,-37.41337,-38.58923,-39.76215,-40.93204,-42.39952,-43.5714,-45.05726,-46.88181,-49.40342,-51.98706,-55.33277,-59.13071,-61.57221,-62.18469,-63.14277,-64.47064,-64.9961,-65.89134,-66.76561,-67.61892,-68.45126,-69.26264,-70.05306,-70.82252,-71.57104,-72.76809,-73.48245,-74.17587,-75.3408,-76.5,-77.65337,-79.31586,-80.98728,-82.66741,-84.35604,-86.05297,-87.20604,-88.91167,-90.05859,-91.77223,-93.49318,-95.22121,-96.95611
136.301,136.1074,135.9035,135.6892,135.4646,135.2296,135.9625,134.7288,135.4374,135.1594,134.8711,134.5725,135.2296,134.9083,134.5766,134.2348,134.839,134.4741,134.099,134.662,136.1547,139.5109,143.773,146.1209,154.0408,156.3102,153.9125,152.4401,150.9628,150.3979,147.9944,145.5938,145.0092,143.5111,141.1107,139.6098,138.997,138.3737,135.9739,135.3378,133.8168,133.1644,132.5019,132.6909,132.0038,132.1592,132.2955,132.4125,131.6713,131.754,130.9879,131.0361,131.0643,131.8867,131.8698,131.0287
-21.58796,-22.77657,-23.96345,-25.1485,-26.33164,-27.51277,-28.89973,-29.86867,-31.2682,-32.44891,-33.62714,-34.80282,-36.23467,-37.41337,-38.58923,-39.76215,-41.22441,-42.39952,-43.5714,-45.05726,-46.88181,-49.40342,-52.32908,-54.63235,-59.13071,-61.57221,-62.18469,-63.14277,-64.07991,-65.39485,-65.89134,-66.35092,-67.61892,-68.45126,-68.82427,-69.60686,-70.82252,-72.03278,-72.29862,-73.48245,-74.17587,-75.3408,-76.5,-78.16091,-79.31586,-80.98728,-82.66741,-84.35604,-85.50833,-87.20604,-88.35248,-90.05859,-91.77223,-94.07388,-95.809,-96.95611
136.301,136.1074,135.9035,135.6892,136.4462,135.2296,134.9844,135.7051,135.4374,135.1594,134.8711,134.5725,135.2296,134.9083,134.5766,134.2348,133.8827,134.4741,134.099,134.662,135.2092,139.5109,142.8333,147.9942,154.0408,156.3102,153.9125,152.4401,151.8833,149.4808,147.9944,146.5038,145.0092,143.5111,141.1107,139.6098,138.997,138.3737,136.8569,135.3378,133.8168,133.1644,132.5019,131.8293,132.0038,132.1592,132.2955,132.4125,131.6713,131.754,131.817,131.0361,131.0643,131.8867,131.0608,131.0287
-21.58796,-22.77657,-23.96345,-25.1485,-26.52245,-27.51277,-28.69181,-30.08511,-31.2682,-32.44891,-33.62714,-34.80282,-36.23467,-37.41337,-38.58923,-39.76215,-40.93204,-42.39952,-43.5714,-45.05726,-46.55625,-49.40342,-51.98706,-55.33277,-59.13071,-61.57221,-62.18469,-63.14277,-64.47064,-64.9961,-65.89134,-66.76561,-67.61892,-68.45126,-68.82427,-69.60686,-70.82252,-72.03278,-72.76809,-73.48245,-74.17587,-75.3408,-76.5,-77.65337,-79.31586,-80.98728,-82.66741,-84.35604,-85.50833,-87.20604,-88.91167,-90.05859,-91.77223,-94.07388,-95.22121,-96.95611
136.301,136.1074,135.9035,135.6892,135.4646,135.2296,135.9625,134.7288,135.4374,135.1594,134.8711,134.5725,135.2296,134.9083,134.5766,134.2348,133.8827,134.4741,134.099,134.662,136.1547,139.5109,143.773,147.9942,154.0408,156.3102,153.9125,152.4401,150.9628,149.4808,147.9944,146.5038,145.0092,143.5111,141.1107,139.6098,138.997,138.3737,136.8569,135.3378,133.8168,133.1644,132.5019,131.8293,132.0038,132.1592,132.2955,132.4125,131.6713,131.754,131.817,131.8602,131.0643,131.0726,131.8698,131.0287
-21.58796,-22.77657,-23.96345,-25.1485,-26.33164,-27.51277,-28.89973,-29.86867,-31.2682,-32.44891,-33.62714,-34.80282,-36.23467,-37.41337,-38.58923,-39.76215,-40.93204,-42.39952,-43.5714,-45.05726,-46.88181,-49.40342,-52.32908,-55.33277,-59.13071,-61.57221,-62.18469,-63.14277,-64.07991,-64.9961,-65.89134,-66.76561,-67.61892,-68.45126,-68.82427,-69.60686,-70.82252,-72.03278,-72.76809,-73.48245,-74.17587,-75.3408,-76.5,-77.65337,-79.31586,-80.98728,-82.66741,-84.35604,-85.50833,-87.20604,-88.91167,-90.625,-91.77223,-93.49318,-95.809,-96.95611
135.3133,136.1074,135.9035,135.6892,135.4646,135.2296,134.9844,135.7051,135.4374,135.1594,134.8711,134.5725,134.2637,134.9083,134.5766,134.2348,134.839,134.4741,134.099,134.662,135.2092,139.5109,142.8333,147.0575,154.0408,156.3102,153.9125,152.4401,150.9628,149.4808,147.9944,146.5038,145.0092,142.6085,142.9083,140.5047,138.997,138.3737,136.8569,135.3378,133.8168,133.1644,132.5019,131.8293,132.0038,132.1592,132.2955,132.4125,132.5099,131.754,130.9879,131.0361,131.0643,131.0726,131.8698,131.0287
-21.43152,-22.77657,-23.96345,-25.1485,-26.33164,-27.51277,-28.69181,-30.08511,-31.2682,-32.44891,-33.62714,-34.80282,-35.97585,-37.41337,-38.58923,-39.76215,-41.22441,-42.39952,-43.5714,-45.05726,-46.55625,-49.40342,-51.98706,-54.98256,-59.13071,-61.57221,-62.18469,-63.14277,-64.07991,-64.9961,-65.89134,-66.76561,-67.61892,-68.02075,-69.70101,-70.05306,-70.82252,-72.03278,-72.76809,-73.48245,-74.17587,-75.3408,-76.5,-77.65337,-79.31586,-80.98728,-82.66741,-84.35604,-86.05297,-87.20604,-88.35248,-90.05859,-91.77223,-93.49318,-95.809,-96.95611
135.3133,136.1074,135.9035,135.6892,135.4646,135.2296,135.9625,134.7288,135.4374,135.1594,134.8711,134.5725,134.2637,134.9083,134.5766,134.2348,133.8827,134.4741,134.099,134.662,135.2092,139.5109,142.8333,147.9942,154.0408,156.3102,154.8397,152.4401,150.9628,149.4808,147.9944,146.5038,145.0092,143.5111,141.1107,140.5047,138.997,138.3737,136.8569,135.3378,133.8168,133.1644,132.5019,132.6909,132.0038,132.1592,132.2955,132.4125,132.5099,131.754,131.817,131.0361,131.0643,131.8867,131.0608,131.0287
-21.43152,-22.77657,-23.96345,-25.1485,-26.33164,-27.51277,-28.89973,-29.86867,-31.2682,-32.44891,-33.62714,-34.80282,-35.97585,-37.41337,-38.58923,-39.76215,-40.93204,-42.39952,-43.5714,-45.05726,-46.55625,-49.40342,-51.98706,-55.33277,-59.13071,-61.57221,-62.5593,-63.14277,-64.07991,-64.9961,-65.89134,-66.76561,-67.61892,-68.45126,-68.82427,-70.05306,-70.82252,-72.03278,-72.76809,-73.48245,-74.17587,-75.3408,-76.5,-78.16091,-79.31586,-80.98728,-82.66741,-84.35604,-86.05297,-87.20604,-88.91167,-90.05859,-91.77223,-94.07388,-95.22121,-96.95611
136.301,136.1074,135.9035,135.6892,135.4646,135.2296,135.9625,134.7288,135.4374,134.187,134.8711,134.5725,134.2637,134.9083,134.5766,134.2348,133.8827,134.4741,134.099,134.662,135.2092,139.5109,142.8333,147.0575,154.0408,156.3102,153.9125,152.4401,150.9628,149.4808,148.9079,146.5038,145.0092,143.5111,141.1107,140.5047,138.997,138.3737,136.8569,134.459,133.8168,133.1644,131.6359,131.8293,132.0038,132.1592,132.2955,132.4125,131.6713,131.754,131.817,131.0361,131.8835,131.8867,131.8698,131.0287
-21.58796,-22.77657,-23.96345,-25.1485,-26.33164,-27.51277,-28.89973,-29.86867,-31.2682,-32.21546,-33.62714,-34.80282,-35.97585,-37.41337,-38.58923,-39.76215,-40.93204,-42.39952,-43.5714,-45.05726,-46.55625,-49.40342,-51.98706,-54.98256,-59.13071,-61.57221,-62.18469,-63.14277,-64.07991,-64.9961,-66.29807,-66.76561,-67.61892,-68.45126,-68.82427,-70.05306,-70.82252,-72.03278,-72.76809,-73.00529,-74.17587,-75.3408,-76,-77.65337,-79.31586,-80.98728,-82.66741,-84.35604,-85.50833,-87.20604,-88.91167,-90.05859,-92.34581,-94.07388,-95.809,-96.95611
135.3133,136.1074,135.9035,136.6724,136.4462,135.2296,135.9625,134.7288,135.4374,135.1594,134.8711,134.5725,134.2637,134.9083,134.5766,134.2348,133.8827,134.4741,134.099,134.662,136.1547,140.4536,142.8333,147.0575,154.0408,155.3797,153.9125,152.4401,151.8833,150.3979,147.9944,146.5038,145.0092,142.6085,141.1107,140.5047,138.106,138.3737,136.8569,135.3378,133.8168,133.1644,132.5019,131.8293,132.0038,132.1592,132.2955,132.4125,132.5099,130.9201,130.9879,131.0361,131.0643,131.0726,131.8698,131.0287
-21.43152,-22.77657,-23.96345,-25.33074,-26.52245,-27.51277,-28.89973,-29.86867,-31.2682,-32.44891,-33.62714,-34.80282,-35.97585,-37.41337,-38.58923,-39.76215,-40.93204,-42.39952,-43.5714,-45.05726,-46.88181,-49.73722,-51.98706,-54.98256,-59.13071,-61.2057,-62.18469,-63.14277,-64.47064,-65.39485,-65.89134,-66.76561,-67.61892,-68.02075,-68.82427,-70.05306,-70.36853,-72.03278,-72.76809,-73.48245,-74.17587,-75.3408,-76.5,-77.65337,-79.31586,-80.98728,-82.66741,-84.35604,-86.05297,-86.65411,-88.35248,-90.05859,-91.77223,-93.49318,-95.809,-96.95611
136.301,136.1074,135.9035,135.6892,135.4646,135.2296,135.9625,135.7051,135.4374,135.1594,135.8414,134.5725,134.2637,133.9446,134.5766,134.2348,134.839,134.4741,134.099,134.662,136.1547,139.5109,143.773,147.9942,154.0408,155.3797,153.9125,152.4401,151.8833,149.4808,147.9944,146.5038,145.0092,143.5111,142.0095,139.6098,139.888,138.3737,136.8569,135.3378,133.8168,133.1644,132.5019,131.8293,132.0038,132.1592,132.2955,132.4125,132.5099,132.5878,130.9879,131.8602,131.8835,131.8867,131.8698,131.0287
-21.58796,-22.77657,-23.96345,-25.1485,-26.33164,-27.51277,-28.89973,-30.08511,-31.2682,-32.44891,-33.86907,-34.80282,-35.97585,-37.14613,-38.58923,-39.76215,-41.22441,-42.39952,-43.5714,-45.05726,-46.88181,-49.40342,-52.32908,-55.33277,-59.13071,-61.2057,-62.18469,-63.14277,-64.47064,-64.9961,-65.89134,-66.76561,-67.61892,-68.45126,-69.26264,-69.60686,-71.27651,-72.03278,-72.76809,-73.48245,-74.17587,-75.3408,-76.5,-77.65337,-79.31586,-80.98728,-82.66741,-84.35604,-86.05297,-87.75798,-88.35248,-90.625,-92.34581,-94.07388,-95.809,-96.95611
135.3133,136.1074,135.9035,135.6892,135.4646,135.2296,134.9844,134.7288,135.4374,135.1594,134.8711,134.5725,134.2637,134.9083,134.5766,135.1936,133.8827,134.4741,134.099,134.662,136.1547,139.5109,142.8333,147.9942,154.0408,156.3102,153.9125,152.4401,150.9628,149.4808,147.9944,146.5038,145.0092,143.5111,141.1107,140.5047,138.997,137.4867,136.8569,135.3378,133.8168,133.1644,132.5019,132.6909,132.8609,132.1592,132.2955,132.4125,132.5099,131.754,130.9879,131.8602,131.8835,131.8867,131.8698,131.0287
-21.43152,-22.77657,-23.96345,-25.1485,-26.33164,-27.51277,-28.69181,-29.86867,-31.2682,-32.44891,-33.62714,-34.80282,-35.97585,-37.41337,-38.58923,-40.04616,-40.93204,-42.39952,-43.5714,-45.05726,-46.88181,-49.40342,-51.98706,-55.33277,-59.13071,-61.57221,-62.18469,-63.14277,-64.07991,-64.9961,-65.89134,-66.76561,-67.61892,-68.45126,-68.82427,-70.05306,-70.82252,-71.57104,-72.76809,-73.48245,-74.17587,-75.3408,-76.5,-78.16091,-79.8309,-80.98728,-82.66741,-84.35604,-86.05297,-87.20604,-88.35248,-90.625,-92.34581,-94.07388,-95.809,-96.95611
136.301,136.1074,135.9035,135.6892,135.4646,136.2095,135.9625,134.7288,135.4374,135.1594,134.8711,134.5725,134.2637,134.9083,134.5766,134.2348,134.839,134.4741,134.099,134.662,135.2092,139.5109,142.8333,147.9942,154.0408,156.3102,153.9125,152.4401,151.8833,149.4808,147.9944,146.5038,145.0092,143.5111,142.0095,140.5047,138.997,138.3737,136.8569,135.3378,133.8168,133.1644,132.5019,131.8293,132.0038,132.1592,132.2955,132.4125,132.5099,132.5878,131.817,131.0361,131.0643,131.0726,131.0608,131.0287
-21.58796,-22.77657,-23.96345,-25.1485,-26.33164,-27.71214,-28.89973,-29.86867,-31.2682,-32.44891,-33.62714,-34.80282,-35.97585,-37.41337,-38.58923,-39.76215,-41.22441,-42.39952,-43.5714,-45.05726,-46.55625,-49.40342,-51.98706,-55.33277,-59.13071,-61.57221,-62.18469,-63.14277,-64.47064,-64.9961,-65.89134,-66.76561,-67.61892,-68.45126,-69.26264,-70.05306,-70.82252,-72.03278,-72.76809,-73.48245,-74.17587,-75.3408,-76.5,-77.65337,-79.31586,-80.98728,-82.66741,-84.35604,-86.05297,-87.75798,-88.91167,-90.05859,-91.77223,-93.49318,-95.22121,-96.95611
136.301,136.1074,135.9035,135.6892,135.4646,135.2296,135.9625,134.7288,135.4374,135.1594,134.8711,134.5725,135.2296,134.9083,134.5766,134.2348,134.839,134.4741,134.099,134.662,135.2092,139.5109,142.8333,147.9942,154.0408,156.3102,154.8397,152.4401,150.9628,149.4808,147.9944,145.5938,145.0092,143.5111,142.0095,140.5047,138.997,138.3737,136.8569,135.3378,133.8168,133.1644,132.5019,131.8293,132.0038,132.1592,132.2955,132.4125,132.5099,131.754,131.817,131.0361,131.8835,131.8867,131.0608,131.0287
-21.58796,-22.77657,-23.96345,-25.1485,-26.33164,-27.51277,-28.89973,-29.86867,-31.2682,-32.44891,-33.62714,-34.80282,-36.23467,-37.41337,-38.58923,-39.76215,-41.22441,-42.39952,-43.5714,-45.05726,-46.55625,-49.40342,-51.98706,-55.33277,-59.13071,-61.57221,-62.5593,-63.14277,-64.07991,-64.9961,-65.89134,-66.35092,-67.61892,-68.45126,-69.26264,-70.05306,-70.82252,-72.03278,-72.76809,-73.48245,-74.17587,-75.3408,-76.5,-77.65337,-79.31586,-80.98728,-82.66741,-84.35604,-86.05297,-87.20604,-88.91167,-90.05859,-92.34581,-94.07388,-95.22121,-96.95611
136.301,136.1074,135.9035,136.6724,135.4646,135.2296,135.9625,135.7051,135.4374,135.1594,134.8711,134.5725,135.2296,134.9083,134.5766,134.2348,134.839,134.4741,134.099,134.662,135.2092,139.5109,142.8333,147.9942,154.0408,156.3102,153.9125,152.4401,150.9628,149.4808,147.9944,146.5038,144.1029,143.5111,141.1107,140.5047,138.997,138.3737,136.8569,135.3378,133.8168,132.2941,132.5019,131.8293,132.0038,132.1592,132.2955,132.4125,131.6713,131.754,131.817,131.8602,131.8835,131.8867,131.0608,131.0287
-21.58796,-22.77657,-23.96345,-25.33074,-26.33164,-27.51277,-28.89973,-30.08511,-31.2682,-32.44891,-33.62714,-34.80282,-36.23467,-37.41337,-38.58923,-39.76215,-41.22441,-42.39952,-43.5714,-45.05726,-46.55625,-49.40342,-51.98706,-55.33277,-59.13071,-61.57221,-62.18469,-63.14277,-64.07991,-64.9961,-65.89134,-66.76561,-67.1963,-68.45126,-68.82427,-70.05306,-70.82252,-72.03278,-72.76809,-73.48245,-74.17587,-74.84838,-76.5,-77.65337,-79.31586,-80.98728,-82.66741,-84.35604,-85.50833,-87.20604,-88.91167,-90.625,-92.34581,-94.07388,-95.22121,-96.95611
136.301,137.0937,135.9035,135.6892,135.4646,135.2296,135.9625,134.7288,135.4374,135.1594,134.8711,134.5725,135.2296,134.9083,134.5766,134.2348,134.839,134.4741,134.099,134.662,136.1547,139.5109,143.773,147.9942,154.0408,156.3102,154.8397,152.4401,151.8833,149.4808,147.9944,146.5038,145.0092,143.5111,141.1107,139.6098,138.997,138.3737,136.8569,135.3378,133.8168,133.1644,132.5019,131.8293,132.0038,132.1592,132.2955,132.4125,132.5099,131.754,131.817,131.0361,131.8835,131.8867,131.0608,131.0287
-21.58796,-22.94162,-23.96345,-25.1485,-26.33164,-27.51277,-28.89973,-29.86867,-31.2682,-32.44891,-33.62714,-34.80282,-36.23467,-37.41337,-38.58923,-39.76215,-41.22441,-42.39952,-43.5714,-45.05726,-46.88181,-49.40342,-52.32908,-55.33277,-59.13071,-61.57221,-62.5593,-63.14277,-64.47064,-64.9961,-65.89134,-66.76561,-67.61892,-68.45126,-68.82427,-69.60686,-70.82252,-72.03278,-72.76809,-73.48245,-74.17587,-75.3408,-76.5,-77.65337,-79.31586,-80.98728,-82.66741,-84.35604,-86.05297,-87.20604,-88.91167,-90.05859,-92.34581,-94.07388,-95.22121,-96.95611
136.301,136.1074,135.9035,135.6892,135.4646,135.2296,135.9625,135.7051,135.4374,135.1594,134.8711,134.5725,135.2296,134.9083,134.5766,134.2348,134.839,134.4741,134.099,134.662,136.1547,139.5109,143.773,147.0575,154.0408,156.3102,153.9125,152.4401,150.9628,150.3979,147.9944,145.5938,145.0092,143.5111,141.1107,139.6098,139.888,137.4867,136.8569,135.3378,133.8168,133.1644,132.5019,131.8293,132.0038,132.1592,132.2955,132.4125,131.6713,131.754,131.817,131.0361,131.0643,131.8867,131.0608,131.0287
-21.58796,-22.77657,-23.96345,-25.1485,-26.33164,-27.51277,-28.89973,-30.08511,-31.2682,-32.44891,-33.62714,-34.80282,-36.23467,-37.41337,-38.58923,-39.76215,-41.22441,-42.39952,-43.5714,-45.05726,-46.88181,-49.40342,-52.32908,-54.98256,-59.13071,-61.57221,-62.18469,-63.14277,-64.07991,-65.39485,-65.89134,-66.35092,-67.61892,-68.45126,-68.82427,-69.60686,-71.27651,-71.57104,-72.76809,-73.48245,-74.17587,-75.3408,-76.5,-77.65337,-79.31586,-80.98728,-82.66741,-84.35604,-85.50833,-87.20604,-88.91167,-90.05859,-91.77223,-94.07388,-95.22121,-96.95611
