136.1374,135.966,135.7755,135.5661,135.3378,135.091,135.7127,134.542,135.1351,134.8191,134.4852,134.1336,133.7643,133.3776,132.9737,133.4732,133.9625,134.4417,135.841,137.2363,138.6275,140.0142,141.3962,142.7733,144.1452,145.5116,145.9187,148.2272,149.5759,150.9181,153.2172,154.5481,155.8718,154.277,149.745,143.2324,137.6577,134.0062,131.3099,130.5564,130.7729,130.9794,130.1897,130.3749,130.5501,130.7154,130.8707,130.0235,130.1579,130.2824,130.3969,130.5015,130.5962,130.6809,130.7557,130.8205,130.8753,130.9202,130.9551
80.19106,78.5,76.81808,75.14549,73.48245,71.82915,70.64754,68.55257,67.37587,65.75567,64.14615,62.5475,60.95991,59.38355,57.81861,56.65601,55.4891,54.31796,53.50918,52.68009,51.83069,50.961,50.07103,49.16079,48.23031,47.2796,46.00799,45.31761,44.30639,43.27506,42.4909,41.41105,40.31118,38.46558,35.95059,33.0678,30.51799,28.4839,26.7153,25.3776,24.23732,23.09521,21.78628,20.64935,19.51084,18.37085,17.22946,15.96488,14.82962,13.69323,12.55579,11.4174,10.27814,9.138098,7.997359,6.85601,5.71414,4.571834,3.42918
136.1374,135.966,135.7755,135.5661,135.3378,135.091,135.7127,135.433,135.1351,134.8191,134.4852,134.1336,133.7643,133.3776,132.9737,133.4732,133.9625,134.4417,134.9105,137.2363,138.6275,140.0142,141.3962,142.7733,144.1452,145.5116,145.9187,148.2272,149.5759,150.9181,152.2536,154.5481,155.8718,154.277,149.745,143.2324,138.634,134.0062,131.3099,130.5564,130.7729,130.9794,130.1897,130.3749,130.5501,130.7154,130.8707,131.0161,131.1515,130.2824,130.3969,130.5015,130.5962,130.6809,130.7557,130.8205,130.8753,130.9202,131.9548
80.19106,78.5,76.81808,75.14549,73.48245,71.82915,70.64754,69.00656,67.37587,65.75567,64.14615,62.5475,60.95991,59.38355,57.81861,56.65601,55.4891,54.31796,53.14268,52.68009,51.83069,50.961,50.07103,49.16079,48.23031,47.2796,46.00799,45.31761,44.30639,43.27506,42.22366,41.41105,40.31118,38.46558,35.95059,33.0678,30.73443,28.4839,26.7153,25.3776,24.23732,23.09521,21.78628,20.64935,19.51084,18.37085,17.22946,16.08675,14.94282,13.69323,12.55579,11.4174,10.27814,9.138098,7.997359,6.85601,5.71414,4.571834,3.455357
136.1374,135.966,135.7755,135.5661,135.3378,135.091,135.7127,135.433,135.1351,134.8191,134.4852,134.1336,133.7643,133.3776,132.9737,133.4732,133.9625,134.4417,135.841,137.2363,138.6275,140.0142,141.3962,142.7733,144.1452,145.5116,145.9187,148.2272,149.5759,150.9181,153.2172,154.5481,155.8718,154.277,148.7726,143.2324,138.634,133.0281,131.3099,130.5564,130.7729,129.9946,130.1897,130.3749,130.5501,130.7154,130.8707,131.0161,130.1579,130.2824,130.3969,130.5015,130.5962,130.6809,130.7557,130.8205,130.8753,130.9202,131.9548
80.19106,78.5,76.81808,75.14549,73.48245,71.82915,70.64754,69.00656,67.37587,65.75567,64.14615,62.5475,60.95991,59.38355,57.81861,56.65601,55.4891,54.31796,53.50918,52.68009,51.83069,50.961,50.07103,49.16079,48.23031,47.2796,46.00799,45.31761,44.30639,43.27506,42.4909,41.41105,40.31118,38.46558,35.71714,33.0678,30.73443,28.27599,26.7153,25.3776,24.23732,22.92156,21.78628,20.64935,19.51084,18.37085,17.22946,16.08675,14.82962,13.69323,12.55579,11.4174,10.27814,9.138098,7.997359,6.85601,5.71414,4.571834,3.455357
136.1374,135.966,135.7755,135.5661,135.3378,135.091,135.7127,135.433,135.1351,134.8191,134.4852,134.1336,133.7643,133.3776,132.9737,133.4732,133.9625,134.4417,135.841,137.2363,138.6275,140.0142,141.3962,142.7733,144.1452,145.5116,146.8724,148.2272,149.5759,150.9181,152.2536,154.5481,155.8718,154.277,149.745,143.2324,138.634,134.0062,131.3099,130.5564,130.7729,130.9794,130.1897,131.3625,130.5501,130.7154,130.8707,130.0235,130.1579,130.2824,130.3969,130.5015,130.5962,130.6809,130.7557,130.8205,129.8763,130.9202,131.9548
80.19106,78.5,76.81808,75.14549,73.48245,71.82915,70.64754,69.00656,67.37587,65.75567,64.14615,62.5475,60.95991,59.38355,57.81861,56.65601,55.4891,54.31796,53.50918,52.68009,51.83069,50.961,50.07103,49.16079,48.23031,47.2796,46.30869,45.31761,44.30639,43.27506,42.22366,41.41105,40.31118,38.46558,35.95059,33.0678,30.73443,28.4839,26.7153,25.3776,24.23732,23.09521,21.78628,20.80578,19.51084,18.37085,17.22946,15.96488,14.82962,13.69323,12.55579,11.4174,10.27814,9.138098,7.997359,6.85601,5.67052,4.571834,3.455357
136.1374,135.966,135.7755,135.5661,135.3378,135.091,134.8256,134.542,135.1351,133.9203,134.4852,134.1336,133.7643,133.3776,132.9737,133.4732,133.9625,134.4417,135.841,137.2363,138.6275,140.0142,141.3962,142.7733,144.1452,145.5116,145.9187,148.2272,149.5759,150.9181,152.2536,154.5481,155.8718,154.277,149.745,143.2324,138.634,134.0062,131.3099,130.5564,130.7729,129.9946,130.1897,130.3749,130.5501,130.7154,130.8707,131.0161,130.1579,130.2824,130.3969,130.5015,129.5993,130.6809,129.7575,130.8205,130.8753,130.9202,130.9551
80.19106,78.5,76.81808,75.14549,73.48245,71.82915,70.18579,68.55257,67.37587,65.3173,64.14615,62.5475,60.95991,59.38355,57.81861,56.65601,55.4891,54.31796,53.50918,52.68009,51.83069,50.961,50.07103,49.16079,48.23031,47.2796,46.00799,45.31761,44.30639,43.27506,42.22366,41.41105,40.31118,38.46558,35.95059,33.0678,30.73443,28.4839,26.7153,25.3776,24.23732,22.92156,21.78628,20.64935,19.51084,18.37085,17.22946,16.08675,14.82962,13.69323,12.55579,11.4174,10.19968,9.138098,7.93631,6.85601,5.71414,4.571834,3.42918
136.1374,135.1,135.7755,135.5661,135.3378,135.091,135.7127,135.433,135.1351,134.8191,134.4852,134.1336,133.7643,133.3776,132.9737,133.4732,133.9625,134.4417,135.841,137.2363,138.6275,140.0142,141.3962,142.7733,144.1452,145.5116,145.9187,148.2272,149.5759,150.9181,152.2536,154.5481,154.9036,154.277,148.7726,143.2324,138.634,133.0281,131.3099,130.5564,130.7729,130.9794,130.1897,130.3749,130.5501,130.7154,130.8707,130.0235,131.1515,130.2824,130.3969,130.5015,130.5962,130.6809,130.7557,130.8205,130.8753,130.9202,130.9551
80.19106,78,76.81808,75.14549,73.48245,71.82915,70.64754,69.00656,67.37587,65.75567,64.14615,62.5475,60.95991,59.38355,57.81861,56.65601,55.4891,54.31796,53.50918,52.68009,51.83069,50.961,50.07103,49.16079,48.23031,47.2796,46.00799,45.31761,44.30639,43.27506,42.22366,41.41105,40.0608,38.46558,35.71714,33.0678,30.73443,28.27599,26.7153,25.3776,24.23732,23.09521,21.78628,20.64935,19.51084,18.37085,17.22946,15.96488,14.94282,13.69323,12.55579,11.4174,10.27814,9.138098,7.997359,6.85601,5.71414,4.571834,3.42918
136.1374,135.966,135.7755,135.5661,134.459,135.091,135.7127,135.433,135.1351,134.8191,134.4852,134.1336,133.7643,133.3776,132.9737,133.4732,133.9625,134.4417,135.841,137.2363,138.6275,140.0142,141.3962,142.7733,144.1452,145.5116,145.9187,148.2272,149.5759,150.9181,153.2172,154.5481,154.9036,154.277,149.745,143.2324,138.634,134.0062,130.33,130.5564,130.7729,130.9794,130.1897,130.3749,130.5501,130.7154,129.8793,130.0235,131.1515,130.2824,130.3969,130.5015,130.5962,130.6809,130.7557,129.8218,130.8753,130.9202,131.9548
80.19106,78.5,76.81808,75.14549,73.00529,71.82915,70.64754,69.00656,67.37587,65.75567,64.14615,62.5475,60.95991,59.38355,57.81861,56.65601,55.4891,54.31796,53.50918,52.68009,51.83069,50.961,50.07103,49.16079,48.23031,47.2796,46.00799,45.31761,44.30639,43.27506,42.4909,41.41105,40.0608,38.46558,35.95059,33.0678,30.73443,28.4839,26.51594,25.3776,24.23732,23.09521,21.78628,20.64935,19.51084,18.37085,17.09893,15.96488,14.94282,13.69323,12.55579,11.4174,10.27814,9.138098,7.997359,6.803674,5.71414,4.571834,3.455357
136.1374,135.1,135.7755,135.5661,135.3378,135.091,135.7127,134.542,135.1351,133.9203,134.4852,134.1336,133.7643,134.2912,132.9737,133.4732,133.9625,134.4417,135.841,137.2363,138.6275,140.0142,141.3962,142.7733,144.1452,145.5116,145.9187,148.2272,149.5759,150.9181,153.2172,154.5481,154.9036,154.277,149.745,143.2324,138.634,134.0062,130.33,130.5564,130.7729,129.9946,130.1897,130.3749,130.5501,130.7154,129.8793,130.0235,130.1579,130.2824,130.3969,130.5015,130.5962,130.6809,130.7557,130.8205,130.8753,130.9202,131.9548
80.19106,78,76.81808,75.14549,73.48245,71.82915,70.64754,68.55257,67.37587,65.3173,64.14615,62.5475,60.95991,59.79029,57.81861,56.65601,55.4891,54.31796,53.50918,52.68009,51.83069,50.961,50.07103,49.16079,48.23031,47.2796,46.00799,45.31761,44.30639,43.27506,42.4909,41.41105,40.0608,38.46558,35.95059,33.0678,30.73443,28.4839,26.51594,25.3776,24.23732,22.92156,21.78628,20.64935,19.51084,18.37085,17.09893,15.96488,14.82962,13.69323,12.55579,11.4174,10.27814,9.138098,7.997359,6.85601,5.71414,4.571834,3.455357
136.1374,135.966,135.7755,135.5661,135.3378,135.091,135.7127,134.542,135.1351,134.8191,134.4852,134.1336,133.7643,133.3776,132.9737,133.4732,133.9625,134.4417,135.841,137.2363,138.6275,140.0142,141.3962,142.7733,144.1452,145.5116,146.8724,148.2272,149.5759,150.9181,153.2172,154.5481,154.9036,154.277,149.745,143.2324,138.634,134.0062,130.33,130.5564,130.7729,130.9794,130.1897,130.3749,130.5501,130.7154,130.8707,130.0235,130.1579,131.2769,130.3969,130.5015,130.5962,130.6809,130.7557,130.8205,130.8753,130.9202,130.9551
80.19106,78.5,76.81808,75.14549,73.48245,71.82915,70.64754,68.55257,67.37587,65.75567,64.14615,62.5475,60.95991,59.38355,57.81861,56.65601,55.4891,54.31796,53.50918,52.68009,51.83069,50.961,50.07103,49.16079,48.23031,47.2796,46.30869,45.31761,44.30639,43.27506,42.4909,41.41105,40.0608,38.46558,35.95059,33.0678,30.73443,28.4839,26.51594,25.3776,24.23732,23.09521,21.78628,20.64935,19.51084,18.37085,17.22946,15.96488,14.82962,13.79776,12.55579,11.4174,10.27814,9.138098,7.997359,6.85601,5.71414,4.571834,3.42918
136.1374,135.966,135.7755,135.5661,135.3378,135.091,135.7127,135.433,135.1351,134.8191,134.4852,134.1336,133.7643,133.3776,132.9737,133.4732,133.9625,134.4417,135.841,137.2363,138.6275,140.0142,141.3962,142.7733,144.1452,145.5116,146.8724,147.2709,149.5759,150.9181,152.2536,154.5481,155.8718,154.277,149.745,143.2324,137.6577,134.0062,131.3099,130.5564,130.7729,130.9794,130.1897,130.3749,130.5501,130.7154,130.8707,131.0161,130.1579,130.2824,130.3969,130.5015,130.5962,130.6809,130.7557,130.8205,130.8753,130.9202,130.9551
80.19106,78.5,76.81808,75.14549,73.48245,71.82915,70.64754,69.00656,67.37587,65.75567,64.14615,62.5475,60.95991,59.38355,57.81861,56.65601,55.4891,54.31796,53.50918,52.68009,51.83069,50.961,50.07103,49.16079,48.23031,47.2796,46.30869,45.02524,44.30639,43.27506,42.22366,41.41105,40.31118,38.46558,35.95059,33.0678,30.51799,28.4839,26.7153,25.3776,24.23732,23.09521,21.78628,20.64935,19.51084,18.37085,17.22946,16.08675,14.82962,13.69323,12.55579,11.4174,10.27814,9.138098,7.997359,6.85601,5.71414,4.571834,3.42918
136.1374,135.966,135.7755,135.5661,135.3378,135.091,135.7127,135.433,135.1351,134.8191,134.4852,134.1336,133.7643,133.3776,132.9737,133.4732,133.9625,134.4417,135.841,137.2363,138.6275,140.0142,141.3962,142.7733,144.1452,145.5116,145.9187,148.2272,149.5759,150.9181,153.2172,154.5481,155.8718,154.277,149.745,143.2324,138.634,133.0281,130.33,130.5564,130.7729,129.9946,130.1897,130.3749,130.5501,130.7154,130.8707,131.0161,130.1579,130.2824,131.3923,130.5015,130.5962,130.6809,129.7575,129.8218,130.8753,129.9208,130.9551
80.19106,78.5,76.81808,75.14549,73.48245,71.82915,70.64754,69.00656,67.37587,65.75567,64.14615,62.5475,60.95991,59.38355,57.81861,56.65601,55.4891,54.31796,53.50918,52.68009,51.83069,50.961,50.07103,49.16079,48.23031,47.2796,46.00799,45.31761,44.30639,43.27506,42.4909,41.41105,40.31118,38.46558,35.95059,33.0678,30.73443,28.27599,26.51594,25.3776,24.23732,22.92156,21.78628,20.64935,19.51084,18.37085,17.22946,16.08675,14.82962,13.69323,12.65164,11.4174,10.27814,9.138098,7.93631,6.803674,5.71414,4.536935,3.42918
136.1374,135.966,135.7755,135.5661,135.3378,135.091,135.7127,135.433,135.1351,134.8191,134.4852,134.1336,133.7643,133.3776,132.9737,133.4732,133.9625,134.4417,135.841,137.2363,138.6275,140.0142,141.3962,142.7733,144.1452,145.5116,145.9187,148.2272,149.5759,150.9181,153.2172,154.5481,155.8718,154.277,149.745,143.2324,138.634,134.0062,131.3099,130.5564,130.7729,129.9946,130.1897,130.3749,130.5501,129.7251,130.8707,130.0235,130.1579,130.2824,130.3969,130.5015,130.5962,130.6809,130.7557,129.8218,130.8753,130.9202,130.9551
80.19106,78.5,76.81808,75.14549,73.48245,71.82915,70.64754,69.00656,67.37587,65.75567,64.14615,62.5475,60.95991,59.38355,57.81861,56.65601,55.4891,54.31796,53.50918,52.68009,51.83069,50.961,50.07103,49.16079,48.23031,47.2796,46.00799,45.31761,44.30639,43.27506,42.4909,41.41105,40.31118,38.46558,35.95059,33.0678,30.73443,28.4839,26.7153,25.3776,24.23732,22.92156,21.78628,20.64935,19.51084,18.23168,17.22946,15.96488,14.82962,13.69323,12.55579,11.4174,10.27814,9.138098,7.997359,6.803674,5.71414,4.571834,3.42918
136.1374,135.1,135.7755,135.5661,135.3378,135.091,135.7127,135.433,135.1351,134.8191,133.5826,134.1336,133.7643,133.3776,132.9737,133.4732,133.9625,134.4417,136.7714,137.2363,138.6275,140.0142,141.3962,142.7733,144.1452,145.5116,146.8724,147.2709,149.5759,150.9181,153.2172,154.5481,154.9036,154.277,148.7726,143.2324,138.634,133.0281,131.3099,130.5564,130.7729,130.9794,130.1897,130.3749,130.5501,130.7154,129.8793,131.0161,130.1579,130.2824,130.3969,130.5015,130.5962,130.6809,130.7557,130.8205,131.8744,130.9202,130.9551
80.19106,78,76.81808,75.14549,73.48245,71.82915,70.64754,69.00656,67.37587,65.75567,63.71564,62.5475,60.95991,59.38355,57.81861,56.65601,55.4891,54.31796,53.87568,52.68009,51.83069,50.961,50.07103,49.16079,48.23031,47.2796,46.30869,45.02524,44.30639,43.27506,42.4909,41.41105,40.0608,38.46558,35.71714,33.0678,30.73443,28.27599,26.7153,25.3776,24.23732,23.09521,21.78628,20.64935,19.51084,18.37085,17.09893,16.08675,14.82962,13.69323,12.55579,11.4174,10.27814,9.138098,7.997359,6.85601,5.757759,4.571834,3.42918
136.1374,135.966,135.7755,135.5661,135.3378,135.091,135.7127,135.433,135.1351,134.8191,133.5826,134.1336,133.7643,133.3776,132.9737,133.4732,133.9625,134.4417,135.841,137.2363,138.6275,140.0142,142.3389,142.7733,144.1452,145.5116,146.8724,147.2709,149.5759,150.9181,153.2172,154.5481,155.8718,154.277,149.745,143.2324,138.634,134.0062,131.3099,130.5564,130.7729,130.9794,130.1897,130.3749,130.5501,130.7154,130.8707,130.0235,131.1515,130.2824,130.3969,130.5015,130.5962,130.6809,130.7557,130.8205,130.8753,130.9202,131.9548
80.19106,78.5,76.81808,75.14549,73.48245,71.82915,70.64754,69.00656,67.37587,65.75567,63.71564,62.5475,60.95991,59.38355,57.81861,56.65601,55.4891,54.31796,53.50918,52.68009,51.83069,50.961,50.40484,49.16079,48.23031,47.2796,46.30869,45.02524,44.30639,43.27506,42.4909,41.41105,40.31118,38.46558,35.95059,33.0678,30.73443,28.4839,26.7153,25.3776,24.23732,23.09521,21.78628,20.64935,19.51084,18.37085,17.22946,15.96488,14.94282,13.69323,12.55579,11.4174,10.27814,9.138098,7.997359,6.85601,5.71414,4.571834,3.455357
136.1374,135.966,135.7755,135.5661,135.3378,135.091,135.7127,135.433,135.1351,134.8191,134.4852,134.1336,133.7643,134.2912,132.9737,133.4732,133.9625,134.4417,135.841,137.2363,138.6275,140.0142,141.3962,142.7733,144.1452,145.5116,145.9187,148.2272,149.5759,150.9181,153.2172,154.5481,155.8718,154.277,149.745,143.2324,137.6577,133.0281,131.3099,130.5564,130.7729,130.9794,130.1897,130.3749,130.5501,130.7154,130.8707,130.0235,130.1579,131.2769,130.3969,130.5015,130.5962,130.6809,130.7557,130.8205,129.8763,130.9202,130.9551
80.19106,78.5,76.81808,75.14549,73.48245,71.82915,70.64754,69.00656,67.37587,65.75567,64.14615,62.5475,60.95991,59.79029,57.81861,56.65601,55.4891,54.31796,53.50918,52.68009,51.83069,50.961,50.07103,49.16079,48.23031,47.2796,46.00799,45.31761,44.30639,43.27506,42.4909,41.41105,40.31118,38.46558,35.95059,33.0678,30.51799,28.27599,26.7153,25.3776,24.23732,23.09521,21.78628,20.64935,19.51084,18.37085,17.22946,15.96488,14.82962,13.79776,12.55579,11.4174,10.27814,9.138098,7.997359,6.85601,5.67052,4.571834,3.42918
136.1374,135.966,135.7755,135.5661,135.3378,135.091,135.7127,135.433,135.1351,134.8191,134.4852,134.1336,133.7643,133.3776,132.9737,133.4732,133.9625,134.4417,135.841,137.2363,138.6275,140.0142,141.3962,142.7733,144.1452,145.5116,145.9187,148.2272,149.5759,150.9181,153.2172,154.5481,155.8718,154.277,149.745,143.2324,137.6577,134.0062,130.33,130.5564,130.7729,129.9946,130.1897,130.3749,130.5501,130.7154,130.8707,130.0235,130.1579,130.2824,130.3969,130.5015,130.5962,130.6809,130.7557,130.8205,130.8753,130.9202,130.9551
80.19106,78.5,76.81808,75.14549,73.48245,71.82915,70.64754,69.00656,67.37587,65.75567,64.14615,62.5475,60.95991,59.38355,57.81861,56.65601,55.4891,54.31796,53.50918,52.68009,51.83069,50.961,50.07103,49.16079,48.23031,47.2796,46.00799,45.31761,44.30639,43.27506,42.4909,41.41105,40.31118,38.46558,35.95059,33.0678,30.51799,28.4839,26.51594,25.3776,24.23732,22.92156,21.78628,20.64935,19.51084,18.37085,17.22946,15.96488,14.82962,13.69323,12.55579,11.4174,10.27814,9.138098,7.997359,6.85601,5.71414,4.571834,3.42918
136.1374,135.966,135.7755,135.5661,135.3378,135.091,135.7127,135.433,135.1351,134.8191,134.4852,134.1336,133.7643,133.3776,132.9737,133.4732,133.9625,134.4417,135.841,137.2363,138.6275,140.0142,141.3962,142.7733,144.1452,145.5116,145.9187,148.2272,149.5759,150.9181,152.2536,154.5481,155.8718,154.277,148.7726,143.2324,138.634,134.0062,131.3099,130.5564,130.7729,130.9794,130.1897,130.3749,130.5501,130.7154,130.8707,131.0161,131.1515,130.2824,130.3969,130.5015,130.5962,130.6809,130.7557,130.8205,130.8753,130.9202,131.9548
80.19106,78.5,76.81808,75.14549,73.48245,71.82915,70.64754,69.00656,67.37587,65.75567,64.14615,62.5475,60.95991,59.38355,57.81861,56.65601,55.4891,54.31796,53.50918,52.68009,51.83069,50.961,50.07103,49.16079,48.23031,47.2796,46.00799,45.31761,44.30639,43.27506,42.22366,41.41105,40.31118,38.46558,35.71714,33.0678,30.73443,28.4839,26.7153,25.3776,24.23732,23.09521,21.78628,20.64935,19.51084,18.37085,17.22946,16.08675,14.94282,13.69323,12.55579,11.4174,10.27814,9.138098,7.997359,6.85601,5.71414,4.571834,3.455357
136.1374,135.966,135.7755,135.5661,134.459,135.091,135.7127,134.542,135.1351,134.8191,134.4852,134.1336,133.7643,133.3776,132.9737,133.4732,133.9625,134.4417,135.841,137.2363,138.6275,140.0142,141.3962,142.7733,144.1452,145.5116,145.9187,148.2272,149.5759,150.9181,153.2172,154.5481,155.8718,154.277,149.745,143.2324,138.634,133.0281,131.3099,130.5564,130.7729,130.9794,130.1897,130.3749,130.5501,130.7154,130.8707,131.0161,130.1579,130.2824,130.3969,130.5015,130.5962,130.6809,130.7557,130.8205,130.8753,130.9202,130.9551
80.19106,78.5,76.81808,75.14549,73.00529,71.82915,70.64754,68.55257,67.37587,65.75567,64.14615,62.5475,60.95991,59.38355,57.81861,56.65601,55.4891,54.31796,53.50918,52.68009,51.83069,50.961,50.07103,49.16079,48.23031,47.2796,46.00799,45.31761,44.30639,43.27506,42.4909,41.41105,40.31118,38.46558,35.95059,33.0678,30.73443,28.27599,26.7153,25.3776,24.23732,23.09521,21.78628,20.64935,19.51084,18.37085,17.22946,16.08675,14.82962,13.69323,12.55579,11.4174,10.27814,9.138098,7.997359,6.85601,5.71414,4.571834,3.42918
136.1374,135.966,135.7755,135.5661,135.3378,135.091,135.7127,135.433,135.1351,133.9203,134.4852,133.2272,133.7643,133.3776,132.9737,133.4732,133.9625,134.4417,135.841,137.2363,138.6275,140.0142,141.3962,142.7733,144.1452,145.5116,145.9187,148.2272,149.5759,150.9181,153.2172,154.5481,155.8718,154.277,149.745,143.2324,138.634,133.0281,130.33,130.5564,130.7729,130.9794,130.1897,130.3749,130.5501,130.7154,129.8793,130.0235,130.1579,130.2824,130.3969,130.5015,130.5962,130.6809,130.7557,130.8205,130.8753,130.9202,130.9551
80.19106,78.5,76.81808,75.14549,73.48245,71.82915,70.64754,69.00656,67.37587,65.3173,64.14615,62.12488,60.95991,59.38355,57.81861,56.65601,55.4891,54.31796,53.50918,52.68009,51.83069,50.961,50.07103,49.16079,48.23031,47.2796,46.00799,45.31761,44.30639,43.27506,42.4909,41.41105,40.31118,38.46558,35.95059,33.0678,30.73443,28.27599,26.51594,25.3776,24.23732,23.09521,21.78628,20.64935,19.51084,18.37085,17.09893,15.96488,14.82962,13.69323,12.55579,11.4174,10.27814,9.138098,7.997359,6.85601,5.71414,4.571834,3.42918
136.1374,135.966,135.7755,135.5661,134.459,135.091,134.8256,135.433,135.1351,134.8191,134.4852,134.1336,133.7643,133.3776,132.9737,133.4732,133.9625,134.4417,135.841,137.2363,138.6275,140.0142,141.3962,142.7733,144.1452,145.5116,145.9187,148.2272,149.5759,150.9181,152.2536,154.5481,155.8718,154.277,149.745,143.2324,138.634,134.0062,131.3099,130.5564,130.7729,130.9794,130.1897,130.3749,130.5501,130.7154,130.8707,131.0161,131.1515,130.2824,130.3969,130.5015,130.5962,130.6809,130.7557,130.8205,130.8753,130.9202,131.9548
80.19106,78.5,76.81808,75.14549,73.00529,71.82915,70.18579,69.00656,67.37587,65.75567,64.14615,62.5475,60.95991,59.38355,57.81861,56.65601,55.4891,54.31796,53.50918,52.68009,51.83069,50.961,50.07103,49.16079,48.23031,47.2796,46.00799,45.31761,44.30639,43.27506,42.22366,41.41105,40.31118,38.46558,35.95059,33.0678,30.73443,28.4839,26.7153,25.3776,24.23732,23.09521,21.78628,20.64935,19.51084,18.37085,17.22946,16.08675,14.94282,13.69323,12.55579,11.4174,10.27814,9.138098,7.997359,6.85601,5.71414,4.571834,3.455357
136.1374,135.966,135.7755,135.5661,135.3378,135.091,135.7127,135.433,135.1351,134.8191,134.4852,134.1336,133.7643,133.3776,132.9737,133.4732,133.9625,134.4417,135.841,137.2363,137.6908,140.0142,141.3962,142.7733,144.1452,145.5116,145.9187,148.2272,149.5759,150.9181,153.2172,154.5481,155.8718,154.277,149.745,143.2324,137.6577,134.0062,131.3099,130.5564,130.7729,130.9794,130.1897,130.3749,130.5501,130.7154,130.8707,131.0161,131.1515,130.2824,130.3969,130.5015,130.5962,130.6809,129.7575,130.8205,129.8763,130.9202,130.9551
80.19106,78.5,76.81808,75.14549,73.48245,71.82915,70.64754,69.00656,67.37587,65.75567,64.14615,62.5475,60.95991,59.38355,57.81861,56.65601,55.4891,54.31796,53.50918,52.68009,51.48049,50.961,50.07103,49.16079,48.23031,47.2796,46.00799,45.31761,44.30639,43.27506,42.4909,41.41105,40.31118,38.46558,35.95059,33.0678,30.51799,28.4839,26.7153,25.3776,24.23732,23.09521,21.78628,20.64935,19.51084,18.37085,17.22946,16.08675,14.94282,13.69323,12.55579,11.4174,10.27814,9.138098,7.93631,6.85601,5.67052,4.571834,3.42918
