128.0553,129.6013,130.2894,130.106,131.6359,131.4237,132.0676,133.5802,134.208,134.8256,135.433,136.03,136.6167,137.193,137.7588,138.3141,139.7725,140.3102,142.6783,148.7446,152.9853,159.1014,164.3102,164.8543,163.5065,162.1343,162.6292,162.1633,161.6796,161.1782,159.7029,159.1641,158.6082,158.0354,156.48,155.8718,155.2473,155.5792,155.8992,157.1837,157.4818,158.7478,159.0236,162.2371,162.4933,163.7234,164.944,166.1547,166.365,167.5542,168.7328,169.9008,168.0742
80.01781,79.41978,78.28579,76.63829,76,74.35596,73.20625,72.52813,71.35968,70.18579,69.00656,67.82207,66.63241,65.43769,64.23798,63.03337,62.23071,61.00861,60.56332,61.61203,61.81009,62.67171,63.07276,61.6365,59.5115,57.41478,55.99772,54.2591,52.53289,50.81928,48.82607,47.14655,45.48016,43.82709,41.92869,40.31118,38.7075,37.35126,35.99217,34.84678,33.47378,32.29761,30.91106,30.06886,28.65195,27.3979,26.12456,24.83198,23.38108,22.05893,20.71779,19.35775,17.66531
128.0553,128.7487,130.2894,130.106,130.7698,132.2941,132.0676,133.5802,134.208,134.8256,135.433,136.03,136.6167,137.193,137.7588,138.3141,139.7725,140.3102,142.6783,147.8207,152.9853,159.1014,164.3102,164.8543,163.5065,162.1343,161.6837,162.1633,160.7286,160.2244,159.7029,159.1641,158.6082,158.0354,156.48,155.8718,155.2473,155.5792,155.8992,157.1837,157.4818,158.7478,160.9869,161.2538,162.4933,163.7234,164.944,165.1656,167.3553,167.5542,168.7328,169.9008,169.0687
80.01781,78.89728,78.28579,76.63829,75.5,74.84838,73.20625,72.52813,71.35968,70.18579,69.00656,67.82207,66.63241,65.43769,64.23798,63.03337,62.23071,61.00861,60.56332,61.22935,61.81009,62.67171,63.07276,61.6365,59.5115,57.41478,55.67215,54.2591,52.22387,50.51857,48.82607,47.14655,45.48016,43.82709,41.92869,40.31118,38.7075,37.35126,35.99217,34.84678,33.47378,32.29761,31.29268,29.88663,28.65195,27.3979,26.12456,24.68417,23.52025,22.05893,20.71779,19.35775,17.76984
127.2072,129.6013,129.4323,130.9676,131.6359,132.2941,132.9422,133.5802,134.208,134.8256,135.433,136.03,136.6167,137.193,137.7588,138.3141,139.7725,140.3102,142.6783,147.8207,152.0582,159.1014,164.3102,164.8543,163.5065,162.1343,161.6837,161.215,161.6796,161.1782,159.7029,159.1641,158.6082,158.0354,156.48,155.8718,155.2473,155.5792,155.8992,157.1837,157.4818,158.7478,160.9869,161.2538,162.4933,163.7234,163.9563,165.1656,166.365,167.5542,168.7328,169.9008,168.0742
79.48789,79.41978,77.77075,77.14583,76,74.84838,73.69106,72.52813,71.35968,70.18579,69.00656,67.82207,66.63241,65.43769,64.23798,63.03337,62.23071,61.00861,60.56332,61.22935,61.43548,62.67171,63.07276,61.6365,59.5115,57.41478,55.67215,53.94179,52.53289,50.81928,48.82607,47.14655,45.48016,43.82709,41.92869,40.31118,38.7075,37.35126,35.99217,34.84678,33.47378,32.29761,31.29268,29.88663,28.65195,27.3979,25.96812,24.68417,23.38108,22.05893,20.71779,19.35775,17.66531
128.0553,128.7487,129.4323,130.9676,131.6359,131.4237,132.9422,133.5802,134.208,134.8256,135.433,136.03,136.6167,137.193,137.7588,138.3141,139.7725,140.3102,142.6783,148.7446,152.0582,159.1014,164.3102,164.8543,163.5065,162.1343,161.6837,162.1633,161.6796,161.1782,159.7029,159.1641,158.6082,158.0354,156.48,155.8718,155.2473,155.5792,155.8992,157.1837,157.4818,158.7478,160.9869,161.2538,162.4933,163.7234,164.944,165.1656,166.365,167.5542,168.7328,169.9008,169.0687
80.01781,78.89728,77.77075,77.14583,76,74.35596,73.69106,72.52813,71.35968,70.18579,69.00656,67.82207,66.63241,65.43769,64.23798,63.03337,62.23071,61.00861,60.56332,61.61203,61.43548,62.67171,63.07276,61.6365,59.5115,57.41478,55.67215,54.2591,52.53289,50.81928,48.82607,47.14655,45.48016,43.82709,41.92869,40.31118,38.7075,37.35126,35.99217,34.84678,33.47378,32.29761,31.29268,29.88663,28.65195,27.3979,26.12456,24.68417,23.38108,22.05893,20.71779,19.35775,17.76984
128.0553,129.6013,129.4323,130.9676,130.7698,132.2941,132.9422,133.5802,134.208,133.9386,135.433,136.03,136.6167,137.193,137.7588,138.3141,139.7725,140.3102,142.6783,148.7446,152.9853,159.1014,164.3102,164.8543,163.5065,162.1343,162.6292,162.1633,160.7286,161.1782,159.7029,159.1641,158.6082,158.0354,156.48,155.8718,155.2473,155.5792,155.8992,157.1837,157.4818,158.7478,160.9869,161.2538,162.4933,163.7234,164.944,166.1547,166.365,167.5542,168.7328,169.9008,168.0742
80.01781,79.41978,77.77075,77.14583,75.5,74.84838,73.69106,72.52813,71.35968,69.72404,69.00656,67.82207,66.63241,65.43769,64.23798,63.03337,62.23071,61.00861,60.56332,61.61203,61.81009,62.67171,63.07276,61.6365,59.5115,57.41478,55.99772,54.2591,52.22387,50.81928,48.82607,47.14655,45.48016,43.82709,41.92869,40.31118,38.7075,37.35126,35.99217,34.84678,33.47378,32.29761,31.29268,29.88663,28.65195,27.3979,26.12456,24.83198,23.38108,22.05893,20.71779,19.35775,17.66531
128.0553,129.6013,130.2894,130.106,131.6359,132.2941,132.9422,133.5802,134.208,134.8256,135.433,136.03,136.6167,137.193,137.7588,138.3141,139.7725,140.3102,142.6783,148.7446,152.0582,159.1014,165.2437,163.9176,163.5065,162.1343,162.6292,161.215,160.7286,160.2244,159.7029,159.1641,158.6082,158.0354,156.48,155.8718,155.2473,155.5792,155.8992,157.1837,157.4818,158.7478,160.9869,161.2538,162.4933,163.7234,164.944,166.1547,166.365,167.5542,168.7328,169.9008,168.0742
80.01781,79.41978,78.28579,76.63829,76,74.84838,73.69106,72.52813,71.35968,70.18579,69.00656,67.82207,66.63241,65.43769,64.23798,63.03337,62.23071,61.00861,60.56332,61.61203,61.43548,62.67171,63.43113,61.28629,59.5115,57.41478,55.99772,53.94179,52.22387,50.51857,48.82607,47.14655,45.48016,43.82709,41.92869,40.31118,38.7075,37.35126,35.99217,34.84678,33.47378,32.29761,31.29268,29.88663,28.65195,27.3979,26.12456,24.83198,23.38108,22.05893,20.71779,19.35775,17.66531
127.2072,129.6013,130.2894,130.106,131.6359,131.4237,132.9422,133.5802,134.208,134.8256,135.433,136.03,136.6167,137.193,137.7588,138.3141,139.7725,140.3102,142.6783,148.7446,152.0582,159.1014,164.3102,164.8543,163.5065,162.1343,162.6292,162.1633,160.7286,161.1782,159.7029,159.1641,158.6082,158.0354,156.48,155.8718,155.2473,155.5792,155.8992,157.1837,157.4818,158.7478,160.9869,161.2538,162.4933,163.7234,164.944,165.1656,167.3553,167.5542,168.7328,169.9008,169.0687
79.48789,79.41978,78.28579,76.63829,76,74.35596,73.69106,72.52813,71.35968,70.18579,69.00656,67.82207,66.63241,65.43769,64.23798,63.03337,62.23071,61.00861,60.56332,61.61203,61.43548,62.67171,63.07276,61.6365,59.5115,57.41478,55.99772,54.2591,52.22387,50.81928,48.82607,47.14655,45.48016,43.82709,41.92869,40.31118,38.7075,37.35126,35.99217,34.84678,33.47378,32.29761,31.29268,29.88663,28.65195,27.3979,26.12456,24.68417,23.52025,22.05893,20.71779,19.35775,17.76984
128.0553,128.7487,130.2894,130.106,130.7698,131.4237,132.9422,133.5802,134.208,134.8256,135.433,136.03,136.6167,137.193,137.7588,138.3141,139.7725,140.3102,142.6783,148.7446,152.9853,159.1014,165.2437,163.9176,163.5065,163.077,162.6292,162.1633,160.7286,160.2244,159.7029,159.1641,158.6082,158.0354,156.48,155.8718,155.2473,155.5792,155.8992,157.1837,157.4818,158.7478,160.9869,161.2538,162.4933,163.7234,164.944,165.1656,166.365,167.5542,168.7328,169.9008,169.0687
80.01781,78.89728,78.28579,76.63829,75.5,74.35596,73.69106,72.52813,71.35968,70.18579,69.00656,67.82207,66.63241,65.43769,64.23798,63.03337,62.23071,61.00861,60.56332,61.61203,61.81009,62.67171,63.43113,61.28629,59.5115,57.74859,55.99772,54.2591,52.22387,50.51857,48.82607,47.14655,45.48016,43.82709,41.92869,40.31118,38.7075,37.35126,35.99217,34.84678,33.47378,32.29761,31.29268,29.88663,28.65195,27.3979,26.12456,24.68417,23.38108,22.05893,20.71779,19.35775,17.76984
128.0553,129.6013,129.4323,130.106,130.7698,132.2941,132.9422,133.5802,134.208,134.8256,135.433,136.03,136.6167,137.193,137.7588,139.2241,139.7725,140.3102,142.6783,148.7446,152.0582,159.1014,164.3102,164.8543,163.5065,163.077,162.6292,161.215,159.7775,161.1782,159.7029,159.1641,158.6082,158.0354,156.48,155.8718,155.2473,155.5792,155.8992,157.1837,157.4818,158.7478,160.9869,161.2538,162.4933,163.7234,163.9563,165.1656,166.365,167.5542,168.7328,169.9008,168.0742
80.01781,79.41978,77.77075,76.63829,75.5,74.84838,73.69106,72.52813,71.35968,70.18579,69.00656,67.82207,66.63241,65.43769,64.23798,63.44807,62.23071,61.00861,60.56332,61.61203,61.43548,62.67171,63.07276,61.6365,59.5115,57.74859,55.99772,53.94179,51.91486,50.81928,48.82607,47.14655,45.48016,43.82709,41.92869,40.31118,38.7075,37.35126,35.99217,34.84678,33.47378,32.29761,31.29268,29.88663,28.65195,27.3979,25.96812,24.68417,23.38108,22.05893,20.71779,19.35775,17.66531
128.0553,128.7487,129.4323,130.106,130.7698,131.4237,132.9422,132.7014,134.208,134.8256,135.433,136.03,136.6167,137.193,137.7588,139.2241,139.7725,140.3102,142.6783,148.7446,152.0582,159.1014,164.3102,163.9176,162.5668,162.1343,161.6837,161.215,161.6796,159.2707,159.7029,159.1641,158.6082,158.0354,155.5141,155.8718,155.2473,155.5792,155.8992,157.1837,158.4599,158.7478,160.9869,161.2538,163.4781,163.7234,164.944,165.1656,166.365,167.5542,168.7328,169.9008,168.0742
80.01781,78.89728,77.77075,76.63829,75.5,74.35596,73.69106,72.05097,71.35968,70.18579,69.00656,67.82207,66.63241,65.43769,64.23798,63.44807,62.23071,61.00861,60.56332,61.61203,61.43548,62.67171,63.07276,61.28629,59.16948,57.41478,55.67215,53.94179,52.53289,50.21787,48.82607,47.14655,45.48016,43.82709,41.66987,40.31118,38.7075,37.35126,35.99217,34.84678,33.68169,32.29761,31.29268,29.88663,28.8256,27.3979,26.12456,24.68417,23.38108,22.05893,20.71779,19.35775,17.66531
128.0553,129.6013,129.4323,130.106,130.7698,131.4237,132.0676,132.7014,134.208,134.8256,135.433,136.03,136.6167,137.193,137.7588,138.3141,139.7725,140.3102,142.6783,148.7446,152.0582,159.1014,164.3102,163.9176,163.5065,162.1343,162.6292,162.1633,160.7286,160.2244,159.7029,159.1641,158.6082,158.0354,156.48,155.8718,155.2473,155.5792,155.8992,157.1837,157.4818,160.7077,160.9869,162.2371,162.4933,163.7234,164.944,165.1656,166.365,167.5542,168.7328,169.9008,168.0742
80.01781,79.41978,77.77075,76.63829,75.5,74.35596,73.20625,72.05097,71.35968,70.18579,69.00656,67.82207,66.63241,65.43769,64.23798,63.03337,62.23071,61.00861,60.56332,61.61203,61.43548,62.67171,63.07276,61.28629,59.5115,57.41478,55.99772,54.2591,52.22387,50.51857,48.82607,47.14655,45.48016,43.82709,41.92869,40.31118,38.7075,37.35126,35.99217,34.84678,33.47378,32.69634,31.29268,30.06886,28.65195,27.3979,26.12456,24.68417,23.38108,22.05893,20.71779,19.35775,17.66531
128.0553,128.7487,129.4323,130.9676,130.7698,131.4237,132.9422,133.5802,134.208,134.8256,135.433,136.03,136.6167,137.193,137.7588,138.3141,139.7725,140.3102,142.6783,147.8207,152.9853,159.1014,164.3102,164.8543,163.5065,163.077,162.6292,162.1633,161.6796,161.1782,159.7029,159.1641,158.6082,158.0354,156.48,155.8718,155.2473,155.5792,155.8992,157.1837,157.4818,158.7478,160.9869,161.2538,162.4933,163.7234,164.944,166.1547,166.365,167.5542,168.7328,169.9008,169.0687
80.01781,78.89728,77.77075,77.14583,75.5,74.35596,73.69106,72.52813,71.35968,70.18579,69.00656,67.82207,66.63241,65.43769,64.23798,63.03337,62.23071,61.00861,60.56332,61.22935,61.81009,62.67171,63.07276,61.6365,59.5115,57.74859,55.99772,54.2591,52.53289,50.81928,48.82607,47.14655,45.48016,43.82709,41.92869,40.31118,38.7075,37.35126,35.99217,34.84678,33.47378,32.29761,31.29268,29.88663,28.65195,27.3979,26.12456,24.83198,23.38108,22.05893,20.71779,19.35775,17.76984
128.0553,129.6013,130.2894,130.9676,131.6359,132.2941,132.9422,133.5802,134.208,134.8256,135.433,136.03,136.6167,137.193,137.7588,138.3141,139.7725,140.3102,142.6783,148.7446,152.0582,159.1014,164.3102,164.8543,163.5065,163.077,162.6292,162.1633,161.6796,160.2244,159.7029,159.1641,158.6082,158.0354,156.48,155.8718,155.2473,155.5792,155.8992,157.1837,157.4818,158.7478,160.9869,161.2538,162.4933,163.7234,164.944,165.1656,166.365,167.5542,168.7328,169.9008,168.0742
80.01781,79.41978,78.28579,77.14583,76,74.84838,73.69106,72.52813,71.35968,70.18579,69.00656,67.82207,66.63241,65.43769,64.23798,63.03337,62.23071,61.00861,60.56332,61.61203,61.43548,62.67171,63.07276,61.6365,59.5115,57.74859,55.99772,54.2591,52.53289,50.51857,48.82607,47.14655,45.48016,43.82709,41.92869,40.31118,38.7075,37.35126,35.99217,34.84678,33.47378,32.29761,31.29268,29.88663,28.65195,27.3979,26.12456,24.68417,23.38108,22.05893,20.71779,19.35775,17.66531
128.0553,128.7487,129.4323,130.106,131.6359,131.4237,132.9422,132.7014,134.208,134.8256,135.433,136.03,136.6167,137.193,137.7588,138.3141,139.7725,140.3102,142.6783,148.7446,152.9853,158.171,164.3102,164.8543,163.5065,162.1343,161.6837,162.1633,161.6796,160.2244,159.7029,159.1641,158.6082,158.0354,156.48,155.8718,155.2473,155.5792,155.8992,157.1837,157.4818,158.7478,160.9869,161.2538,162.4933,163.7234,164.944,166.1547,166.365,167.5542,168.7328,169.9008,168.0742
80.01781,78.89728,77.77075,76.63829,76,74.35596,73.69106,72.05097,71.35968,70.18579,69.00656,67.82207,66.63241,65.43769,64.23798,63.03337,62.23071,61.00861,60.56332,61.61203,61.81009,62.30521,63.07276,61.6365,59.5115,57.41478,55.67215,54.2591,52.53289,50.51857,48.82607,47.14655,45.48016,43.82709,41.92869,40.31118,38.7075,37.35126,35.99217,34.84678,33.47378,32.29761,31.29268,29.88663,28.65195,27.3979,26.12456,24.83198,23.38108,22.05893,20.71779,19.35775,17.66531
128.0553,128.7487,129.4323,130.9676,130.7698,132.2941,132.9422,133.5802,134.208,134.8256,135.433,136.03,136.6167,137.193,137.7588,139.2241,139.7725,140.3102,142.6783,148.7446,152.0582,159.1014,164.3102,163.9176,163.5065,163.077,161.6837,161.215,160.7286,160.2244,159.7029,159.1641,158.6082,158.0354,156.48,155.8718,155.2473,155.5792,155.8992,157.1837,157.4818,158.7478,160.9869,161.2538,162.4933,163.7234,164.944,166.1547,166.365,167.5542,168.7328,169.9008,168.0742
80.01781,78.89728,77.77075,77.14583,75.5,74.84838,73.69106,72.52813,71.35968,70.18579,69.00656,67.82207,66.63241,65.43769,64.23798,63.44807,62.23071,61.00861,60.56332,61.61203,61.43548,62.67171,63.07276,61.28629,59.5115,57.74859,55.67215,53.94179,52.22387,50.51857,48.82607,47.14655,45.48016,43.82709,41.92869,40.31118,38.7075,37.35126,35.99217,34.84678,33.47378,32.29761,31.29268,29.88663,28.65195,27.3979,26.12456,24.83198,23.38108,22.05893,20.71779,19.35775,17.66531
128.0553,129.6013,130.2894,130.9676,131.6359,131.4237,132.0676,133.5802,134.208,133.9386,135.433,136.03,136.6167,137.193,137.7588,139.2241,139.7725,140.3102,142.6783,148.7446,152.9853,159.1014,164.3102,164.8543,163.5065,162.1343,161.6837,162.1633,161.6796,160.2244,159.7029,159.1641,158.6082,158.0354,156.48,155.8718,155.2473,155.5792,155.8992,157.1837,157.4818,158.7478,160.9869,161.2538,162.4933,163.7234,164.944,165.1656,166.365,167.5542,168.7328,169.9008,168.0742
80.01781,79.41978,78.28579,77.14583,76,74.35596,73.20625,72.52813,71.35968,69.72404,69.00656,67.82207,66.63241,65.43769,64.23798,63.44807,62.23071,61.00861,60.56332,61.61203,61.81009,62.67171,63.07276,61.6365,59.5115,57.41478,55.67215,54.2591,52.53289,50.51857,48.82607,47.14655,45.48016,43.82709,41.92869,40.31118,38.7075,37.35126,35.99217,34.84678,33.47378,32.29761,31.29268,29.88663,28.65195,27.3979,26.12456,24.68417,23.38108,22.05893,20.71779,19.35775,17.66531
128.0553,129.6013,129.4323,130.9676,130.7698,131.4237,132.0676,132.7014,134.208,134.8256,135.433,136.03,136.6167,137.193,137.7588,138.3141,138.8589,140.3102,142.6783,148.7446,152.9853,159.1014,164.3102,163.9176,163.5065,162.1343,161.6837,162.1633,161.6796,160.2244,159.7029,159.1641,158.6082,158.0354,156.48,155.8718,155.2473,155.5792,155.8992,157.1837,157.4818,158.7478,160.9869,161.2538,162.4933,163.7234,164.944,165.1656,166.365,167.5542,168.7328,169.9008,168.0742
80.01781,79.41978,77.77075,77.14583,75.5,74.35596,73.20625,72.05097,71.35968,70.18579,69.00656,67.82207,66.63241,65.43769,64.23798,63.03337,61.82397,61.00861,60.56332,61.61203,61.81009,62.67171,63.07276,61.28629,59.5115,57.41478,55.67215,54.2591,52.53289,50.51857,48.82607,47.14655,45.48016,43.82709,41.92869,40.31118,38.7075,37.35126,35.99217,34.84678,33.47378,32.29761,31.29268,29.88663,28.65195,27.3979,26.12456,24.68417,23.38108,22.05893,20.71779,19.35775,17.66531
128.0553,128.7487,130.2894,130.106,130.7698,131.4237,132.9422,133.5802,134.208,134.8256,135.433,136.03,136.6167,137.193,137.7588,138.3141,139.7725,140.3102,142.6783,147.8207,152.0582,159.1014,164.3102,164.8543,163.5065,162.1343,161.6837,161.215,160.7286,161.1782,159.7029,159.1641,158.6082,158.0354,156.48,155.8718,155.2473,155.5792,155.8992,157.1837,157.4818,158.7478,160.9869,161.2538,162.4933,163.7234,164.944,165.1656,166.365,167.5542,168.7328,169.9008,168.0742
80.01781,78.89728,78.28579,76.63829,75.5,74.35596,73.69106,72.52813,71.35968,70.18579,69.00656,67.82207,66.63241,65.43769,64.23798,63.03337,62.23071,61.00861,60.56332,61.22935,61.43548,62.67171,63.07276,61.6365,59.5115,57.41478,55.67215,53.94179,52.22387,50.81928,48.82607,47.14655,45.48016,43.82709,41.92869,40.31118,38.7075,37.35126,35.99217,34.84678,33.47378,32.29761,31.29268,29.88663,28.65195,27.3979,26.12456,24.68417,23.38108,22.05893,20.71779,19.35775,17.66531
127.2072,129.6013,129.4323,130.9676,130.7698,132.2941,132.0676,133.5802,134.208,134.8256,135.433,136.03,136.6167,137.193,137.7588,139.2241,139.7725,140.3102,142.6783,148.7446,152.9853,159.1014,164.3102,165.791,163.5065,162.1343,161.6837,162.1633,160.7286,160.2244,159.7029,159.1641,158.6082,158.0354,156.48,155.8718,155.2473,155.5792,155.8992,157.1837,157.4818,158.7478,160.9869,161.2538,162.4933,163.7234,164.944,165.1656,166.365,167.5542,168.7328,169.9008,167.0797
79.48789,79.41978,77.77075,77.14583,75.5,74.84838,73.20625,72.52813,71.35968,70.18579,69.00656,67.82207,66.63241,65.43769,64.23798,63.44807,62.23071,61.00861,60.56332,61.61203,61.81009,62.67171,63.07276,61.98671,59.5115,57.41478,55.67215,54.2591,52.22387,50.51857,48.82607,47.14655,45.48016,43.82709,41.92869,40.31118,38.7075,37.35126,35.99217,34.84678,33.47378,32.29761,31.29268,29.88663,28.65195,27.3979,26.12456,24.68417,23.38108,22.05893,20.71779,19.35775,17.56078
128.0553,129.6013,129.4323,130.9676,130.7698,131.4237,132.9422,133.5802,134.208,134.8256,135.433,136.03,136.6167,137.193,137.7588,138.3141,139.7725,140.3102,142.6783,147.8207,152.9853,159.1014,164.3102,164.8543,163.5065,162.1343,162.6292,161.215,160.7286,160.2244,159.7029,159.1641,158.6082,158.0354,156.48,155.8718,155.2473,155.5792,155.8992,157.1837,157.4818,158.7478,160.9869,161.2538,162.4933,163.7234,164.944,165.1656,166.365,167.5542,168.7328,169.9008,169.0687
80.01781,79.41978,77.77075,77.14583,75.5,74.35596,73.69106,72.52813,71.35968,70.18579,69.00656,67.82207,66.63241,65.43769,64.23798,63.03337,62.23071,61.00861,60.56332,61.22935,61.81009,62.67171,63.07276,61.6365,59.5115,57.41478,55.99772,53.94179,52.22387,50.51857,48.82607,47.14655,45.48016,43.82709,41.92869,40.31118,38.7075,37.35126,35.99217,34.84678,33.47378,32.29761,31.29268,29.88663,28.65195,27.3979,26.12456,24.68417,23.38108,22.05893,20.71779,19.35775,17.76984
128.0553,129.6013,129.4323,130.9676,131.6359,132.2941,132.9422,133.5802,134.208,134.8256,135.433,136.03,136.6167,137.193,137.7588,138.3141,139.7725,140.3102,142.6783,146.8968,152.0582,159.1014,164.3102,163.9176,163.5065,163.077,162.6292,162.1633,160.7286,160.2244,159.7029,159.1641,158.6082,158.0354,156.48,155.8718,155.2473,155.5792,155.8992,157.1837,157.4818,158.7478,160.9869,161.2538,162.4933,163.7234,164.944,166.1547,166.365,167.5542,168.7328,169.9008,169.0687
80.01781,79.41978,77.77075,77.14583,76,74.84838,73.69106,72.52813,71.35968,70.18579,69.00656,67.82207,66.63241,65.43769,64.23798,63.03337,62.23071,61.00861,60.56332,60.84667,61.43548,62.67171,63.07276,61.28629,59.5115,57.74859,55.99772,54.2591,52.22387,50.51857,48.82607,47.14655,45.48016,43.82709,41.92869,40.31118,38.7075,37.35126,35.99217,34.84678,33.47378,32.29761,31.29268,29.88663,28.65195,27.3979,26.12456,24.83198,23.38108,22.05893,20.71779,19.35775,17.76984
128.0553,128.7487,129.4323,130.106,131.6359,131.4237,132.0676,132.7014,134.208,134.8256,135.433,136.03,136.6167,137.193,137.7588,138.3141,139.7725,140.3102,141.7577,146.8968,152.0582,158.171,164.3102,163.9176,163.5065,162.1343,161.6837,162.1633,161.6796,160.2244,159.7029,159.1641,158.6082,158.0354,156.48,155.8718,155.2473,155.5792,155.8992,157.1837,157.4818,158.7478,160.9869,161.2538,162.4933,163.7234,164.944,165.1656,166.365,167.5542,168.7328,169.9008,168.0742
80.01781,78.89728,77.77075,76.63829,76,74.35596,73.20625,72.05097,71.35968,70.18579,69.00656,67.82207,66.63241,65.43769,64.23798,63.03337,62.23071,61.00861,60.17259,60.84667,61.43548,62.30521,63.07276,61.28629,59.5115,57.41478,55.67215,54.2591,52.53289,50.51857,48.82607,47.14655,45.48016,43.82709,41.92869,40.31118,38.7075,37.35126,35.99217,34.84678,33.47378,32.29761,31.29268,29.88663,28.65195,27.3979,26.12456,24.68417,23.38108,22.05893,20.71779,19.35775,17.66531
128.0553,128.7487,129.4323,130.106,131.6359,132.2941,132.9422,133.5802,134.208,134.8256,135.433,136.03,136.6167,137.193,137.7588,138.3141,139.7725,140.3102,141.7577,146.8968,152.0582,158.171,164.3102,164.8543,163.5065,162.1343,162.6292,161.215,160.7286,161.1782,159.7029,159.1641,158.6082,158.0354,156.48,155.8718,155.2473,155.5792,155.8992,157.1837,157.4818,158.7478,160.9869,161.2538,162.4933,163.7234,164.944,166.1547,166.365,167.5542,168.7328,169.9008,168.0742
80.01781,78.89728,77.77075,76.63829,76,74.84838,73.69106,72.52813,71.35968,70.18579,69.00656,67.82207,66.63241,65.43769,64.23798,63.03337,62.23071,61.00861,60.17259,60.84667,61.43548,62.30521,63.07276,61.6365,59.5115,57.41478,55.99772,53.94179,52.22387,50.81928,48.82607,47.14655,45.48016,43.82709,41.92869,40.31118,38.7075,37.35126,35.99217,34.84678,33.47378,32.29761,31.29268,29.88663,28.65195,27.3979,26.12456,24.83198,23.38108,22.05893,20.71779,19.35775,17.66531
128.0553,128.7487,129.4323,130.9676,130.7698,131.4237,132.0676,132.7014,134.208,134.8256,135.433,136.03,136.6167,137.193,137.7588,139.2241,139.7725,140.3102,141.7577,146.8968,152.9853,158.171,164.3102,164.8543,163.5065,162.1343,162.6292,162.1633,160.7286,160.2244,159.7029,159.1641,158.6082,158.0354,156.48,155.8718,155.2473,155.5792,155.8992,157.1837,157.4818,158.7478,160.9869,161.2538,162.4933,163.7234,164.944,165.1656,166.365,167.5542,168.7328,169.9008,168.0742
80.01781,78.89728,77.77075,77.14583,75.5,74.35596,73.20625,72.05097,71.35968,70.18579,69.00656,67.82207,66.63241,65.43769,64.23798,63.44807,62.23071,61.00861,60.17259,60.84667,61.81009,62.30521,63.07276,61.6365,59.5115,57.41478,55.99772,54.2591,52.22387,50.51857,48.82607,47.14655,45.48016,43.82709,41.92869,40.31118,38.7075,37.35126,35.99217,34.84678,33.47378,32.29761,31.29268,29.88663,28.65195,27.3979,26.12456,24.68417,23.38108,22.05893,20.71779,19.35775,17.66531
127.2072,129.6013,129.4323,130.106,130.7698,132.2941,132.0676,133.5802,134.208,133.9386,135.433,136.03,136.6167,137.193,137.7588,138.3141,139.7725,140.3102,141.7577,147.8207,152.0582,158.171,164.3102,164.8543,163.5065,162.1343,161.6837,161.215,161.6796,160.2244,159.7029,159.1641,158.6082,158.0354,156.48,155.8718,155.2473,155.5792,155.8992,156.2074,157.4818,158.7478,160.9869,161.2538,162.4933,163.7234,164.944,166.1547,166.365,167.5542,168.7328,168.9072,168.0742
79.48789,79.41978,77.77075,76.63829,75.5,74.84838,73.20625,72.52813,71.35968,69.72404,69.00656,67.82207,66.63241,65.43769,64.23798,63.03337,62.23071,61.00861,60.17259,61.22935,61.43548,62.30521,63.07276,61.6365,59.5115,57.41478,55.67215,53.94179,52.53289,50.51857,48.82607,47.14655,45.48016,43.82709,41.92869,40.31118,38.7075,37.35126,35.99217,34.63034,33.47378,32.29761,31.29268,29.88663,28.65195,27.3979,26.12456,24.83198,23.38108,22.05893,20.71779,19.24455,17.66531
127.2072,127.896,128.5751,130.106,130.7698,131.4237,132.0676,132.7014,133.3251,133.9386,134.542,135.1351,136.6167,136.2904,137.7588,137.4042,137.9454,140.3102,141.7577,147.8207,152.0582,158.171,164.3102,164.8543,163.5065,162.1343,161.6837,161.215,160.7286,159.2707,158.7466,159.1641,158.6082,158.0354,156.48,155.8718,156.2176,155.5792,156.8736,157.1837,158.4599,158.7478,160.9869,161.2538,162.4933,163.7234,164.944,165.1656,166.365,167.5542,168.7328,168.9072,168.0742
79.48789,78.37478,77.25571,76.63829,75.5,74.35596,73.20625,72.05097,70.89021,69.72404,68.55257,67.37587,66.63241,65.00718,64.23798,62.61868,61.41723,61.00861,60.17259,61.22935,61.43548,62.30521,63.07276,61.6365,59.5115,57.41478,55.67215,53.94179,52.22387,50.21787,48.5337,47.14655,45.48016,43.82709,41.92869,40.31118,38.94943,37.35126,36.21712,34.84678,33.68169,32.29761,31.29268,29.88663,28.65195,27.3979,26.12456,24.68417,23.38108,22.05893,20.71779,19.24455,17.66531
127.2072,127.896,128.5751,129.2444,129.9038,131.4237,131.193,132.7014,133.3251,133.9386,134.542,135.1351,135.7179,136.2904,136.8525,137.4042,138.8589,140.3102,141.7577,147.8207,152.0582,158.171,164.3102,163.9176,163.5065,162.1343,161.6837,161.215,159.7775,159.2707,159.7029,159.1641,158.6082,158.0354,156.48,155.8718,155.2473,155.5792,155.8992,156.2074,157.4818,158.7478,159.0236,161.2538,162.4933,163.7234,164.944,165.1656,166.365,167.5542,168.7328,169.9008,168.0742
79.48789,78.37478,77.25571,76.13075,75,74.35596,72.72144,72.05097,70.89021,69.72404,68.55257,67.37587,66.19404,65.00718,63.81536,62.61868,61.82397,61.00861,60.17259,61.22935,61.43548,62.30521,63.07276,61.28629,59.5115,57.41478,55.67215,53.94179,51.91486,50.21787,48.82607,47.14655,45.48016,43.82709,41.92869,40.31118,38.7075,37.35126,35.99217,34.63034,33.47378,32.29761,30.91106,29.88663,28.65195,27.3979,26.12456,24.68417,23.38108,22.05893,20.71779,19.35775,17.66531
127.2072,127.896,129.4323,130.106,130.7698,130.5534,132.0676,131.8226,133.3251,133.9386,134.542,135.1351,135.7179,136.2904,136.8525,137.4042,138.8589,140.3102,143.5988,147.8207,152.9853,158.171,164.3102,163.9176,163.5065,162.1343,161.6837,161.215,160.7286,159.2707,158.7466,159.1641,158.6082,158.0354,155.5141,155.8718,155.2473,155.5792,155.8992,157.1837,158.4599,158.7478,160.9869,161.2538,162.4933,163.7234,164.944,166.1547,166.365,167.5542,168.7328,168.9072,168.0742
79.48789,78.37478,77.77075,76.63829,75.5,73.86353,73.20625,71.57381,70.89021,69.72404,68.55257,67.37587,66.19404,65.00718,63.81536,62.61868,61.82397,61.00861,60.95406,61.22935,61.81009,62.30521,63.07276,61.28629,59.5115,57.41478,55.67215,53.94179,52.22387,50.21787,48.5337,47.14655,45.48016,43.82709,41.66987,40.31118,38.7075,37.35126,35.99217,34.84678,33.68169,32.29761,31.29268,29.88663,28.65195,27.3979,26.12456,24.83198,23.38108,22.05893,20.71779,19.24455,17.66531
127.2072,127.896,128.5751,130.106,130.7698,131.4237,132.0676,132.7014,133.3251,133.9386,134.542,135.1351,135.7179,136.2904,136.8525,137.4042,138.8589,140.3102,141.7577,147.8207,152.9853,158.171,165.2437,163.9176,163.5065,163.077,161.6837,161.215,160.7286,159.2707,158.7466,159.1641,158.6082,158.0354,156.48,155.8718,155.2473,155.5792,155.8992,157.1837,157.4818,158.7478,160.9869,161.2538,162.4933,163.7234,164.944,166.1547,166.365,167.5542,168.7328,168.9072,169.0687
79.48789,78.37478,77.25571,76.63829,75.5,74.35596,73.20625,72.05097,70.89021,69.72404,68.55257,67.37587,66.19404,65.00718,63.81536,62.61868,61.82397,61.00861,60.17259,61.22935,61.81009,62.30521,63.43113,61.28629,59.5115,57.74859,55.67215,53.94179,52.22387,50.21787,48.5337,47.14655,45.48016,43.82709,41.92869,40.31118,38.7075,37.35126,35.99217,34.84678,33.47378,32.29761,31.29268,29.88663,28.65195,27.3979,26.12456,24.83198,23.38108,22.05893,20.71779,19.24455,17.76984
127.2072,128.7487,128.5751,129.2444,129.9038,131.4237,132.0676,132.7014,133.3251,133.9386,134.542,135.1351,135.7179,136.2904,136.8525,137.4042,138.8589,140.3102,141.7577,146.8968,152.9853,158.171,165.2437,163.9176,163.5065,162.1343,161.6837,161.215,160.7286,159.2707,158.7466,158.2053,158.6082,158.0354,156.48,155.8718,155.2473,155.5792,155.8992,157.1837,158.4599,158.7478,160.9869,161.2538,162.4933,163.7234,164.944,165.1656,166.365,167.5542,168.7328,168.9072,168.0742
79.48789,78.89728,77.25571,76.13075,75,74.35596,73.20625,72.05097,70.89021,69.72404,68.55257,67.37587,66.19404,65.00718,63.81536,62.61868,61.82397,61.00861,60.17259,60.84667,61.81009,62.30521,63.43113,61.28629,59.5115,57.41478,55.67215,53.94179,52.22387,50.21787,48.5337,46.86253,45.48016,43.82709,41.92869,40.31118,38.7075,37.35126,35.99217,34.84678,33.68169,32.29761,31.29268,29.88663,28.65195,27.3979,26.12456,24.68417,23.38108,22.05893,20.71779,19.24455,17.66531
