161.6464,163.5651,163.9062,165.0175,165.3176,165.5945,166.6575,166.8937,167.107,167.2976,168.2946,168.4449,169.4115,169.5217,172.1538,173.9386,176.5765,178.3572,180.9993,183.6451,186.294,189.8245,191.5996,194.2554,195.1304,189.7261,186.0504,183.2248,179.4489,177.4424,178.1414,178.8267,178.5779,179.2326,179.8737,180.501,181.1146,181.7144,183.2401,182.8724,183.4306,183.9748,185.456,185.9748
130.8986,130.1056,128.0576,126.6224,124.5757,122.5335,121.0838,119.0441,117.0096,114.9805,113.5162,111.4913,110.0171,107.9972,107.5736,106.5897,106.0978,105.0604,104.5,103.9014,103.2644,103.0663,101.8753,101.1229,99.42392,94.59394,90.74283,87.39375,83.67842,80.86518,79.31365,77.75607,75.80184,74.24059,72.67368,71.10124,69.52338,67.94023,66.69393,64.75853,63.16022,61.5571,60.25831,58.63763
161.6464,163.5651,163.9062,165.0175,165.3176,165.5945,166.6575,166.8937,167.107,168.1217,168.2946,168.4449,169.4115,170.3651,172.1538,173.9386,176.5765,178.3572,180.9993,183.6451,187.1686,189.8245,191.5996,194.2554,195.1304,189.7261,186.0504,183.2248,179.4489,177.4424,178.1414,177.9097,178.5779,179.2326,179.8737,180.501,181.1146,181.7144,182.3004,182.8724,183.4306,183.9748,185.456,185.9748
130.8986,130.1056,128.0576,126.6224,124.5757,122.5335,121.0838,119.0441,117.0096,115.5469,113.5162,111.4913,110.0171,108.5345,107.5736,106.5897,106.0978,105.0604,104.5,103.9014,103.7493,103.0663,101.8753,101.1229,99.42392,94.59394,90.74283,87.39375,83.67842,80.86518,79.31365,77.35732,75.80184,74.24059,72.67368,71.10124,69.52338,67.94023,66.35191,64.75853,63.16022,61.5571,60.25831,58.63763
161.6464,163.5651,163.9062,165.0175,165.3176,165.5945,166.6575,166.8937,167.107,168.1217,168.2946,168.4449,169.4115,170.3651,172.1538,173.9386,176.5765,178.3572,180.9993,183.6451,186.294,189.8245,191.5996,194.2554,195.1304,189.7261,185.1516,183.2248,178.5426,177.4424,178.1414,177.9097,178.5779,179.2326,179.8737,180.501,181.1146,181.7144,182.3004,182.8724,183.4306,183.9748,185.456,185.9748
130.8986,130.1056,128.0576,126.6224,124.5757,122.5335,121.0838,119.0441,117.0096,115.5469,113.5162,111.4913,110.0171,108.5345,107.5736,106.5897,106.0978,105.0604,104.5,103.9014,103.2644,103.0663,101.8753,101.1229,99.42392,94.59394,90.30446,87.39375,83.2558,80.86518,79.31365,77.35732,75.80184,74.24059,72.67368,71.10124,69.52338,67.94023,66.35191,64.75853,63.16022,61.5571,60.25831,58.63763
161.6464,163.5651,163.9062,165.0175,166.1162,166.3984,166.6575,166.8937,167.107,168.1217,168.2946,168.4449,168.5728,169.5217,172.1538,173.9386,176.5765,178.3572,180.9993,183.6451,186.294,189.8245,191.5996,194.2554,195.1304,189.7261,185.1516,183.2248,179.4489,177.4424,178.1414,178.8267,178.5779,179.2326,179.8737,180.501,181.1146,181.7144,182.3004,182.8724,183.4306,183.9748,185.456,185.9748
130.8986,130.1056,128.0576,126.6224,125.1775,123.1283,121.0838,119.0441,117.0096,115.5469,113.5162,111.4913,109.4724,107.9972,107.5736,106.5897,106.0978,105.0604,104.5,103.9014,103.2644,103.0663,101.8753,101.1229,99.42392,94.59394,90.30446,87.39375,83.67842,80.86518,79.31365,77.75607,75.80184,74.24059,72.67368,71.10124,69.52338,67.94023,66.35191,64.75853,63.16022,61.5571,60.25831,58.63763
161.6464,163.5651,163.9062,165.0175,165.3176,165.5945,166.6575,166.8937,167.107,168.1217,168.2946,168.4449,168.5728,170.3651,172.1538,173.9386,176.5765,178.3572,180.9993,183.6451,187.1686,188.9457,191.5996,194.2554,194.2394,189.7261,185.1516,183.2248,179.4489,177.4424,178.1414,177.9097,178.5779,179.2326,179.8737,180.501,181.1146,181.7144,182.3004,182.8724,184.3761,183.9748,185.456,185.9748
130.8986,130.1056,128.0576,126.6224,124.5757,122.5335,121.0838,119.0441,117.0096,115.5469,113.5162,111.4913,109.4724,108.5345,107.5736,106.5897,106.0978,105.0604,104.5,103.9014,103.7493,102.5891,101.8753,101.1229,98.96993,94.59394,90.30446,87.39375,83.67842,80.86518,79.31365,77.35732,75.80184,74.24059,72.67368,71.10124,69.52338,67.94023,66.35191,64.75853,63.48579,61.5571,60.25831,58.63763
161.6464,163.5651,163.9062,165.0175,165.3176,166.3984,166.6575,166.8937,167.107,167.2976,168.2946,168.4449,169.4115,169.5217,172.1538,173.9386,176.5765,178.3572,180.9993,183.6451,186.294,189.8245,191.5996,194.2554,195.1304,189.7261,185.1516,183.2248,179.4489,177.4424,178.1414,177.9097,178.5779,179.2326,179.8737,180.501,181.1146,181.7144,182.3004,182.8724,183.4306,183.9748,184.505,185.0211
130.8986,130.1056,128.0576,126.6224,124.5757,123.1283,121.0838,119.0441,117.0096,114.9805,113.5162,111.4913,110.0171,107.9972,107.5736,106.5897,106.0978,105.0604,104.5,103.9014,103.2644,103.0663,101.8753,101.1229,99.42392,94.59394,90.30446,87.39375,83.67842,80.86518,79.31365,77.35732,75.80184,74.24059,72.67368,71.10124,69.52338,67.94023,66.35191,64.75853,63.16022,61.5571,59.9493,58.33693
161.6464,163.5651,163.9062,165.0175,166.1162,166.3984,165.8485,166.8937,167.107,168.1217,168.2946,168.4449,168.5728,170.3651,172.1538,174.7912,176.5765,178.3572,180.9993,183.6451,186.294,188.9457,191.5996,194.2554,195.1304,189.7261,185.1516,183.2248,178.5426,177.4424,177.2278,177.9097,178.5779,179.2326,179.8737,180.501,181.1146,181.7144,182.3004,182.8724,183.4306,183.9748,184.505,185.9748
130.8986,130.1056,128.0576,126.6224,125.1775,123.1283,120.496,119.0441,117.0096,115.5469,113.5162,111.4913,109.4724,108.5345,107.5736,107.1122,106.0978,105.0604,104.5,103.9014,103.2644,102.5891,101.8753,101.1229,99.42392,94.59394,90.30446,87.39375,83.2558,80.86518,78.90691,77.35732,75.80184,74.24059,72.67368,71.10124,69.52338,67.94023,66.35191,64.75853,63.16022,61.5571,59.9493,58.63763
160.8692,163.5651,163.9062,165.0175,165.3176,165.5945,166.6575,166.8937,167.107,168.1217,168.2946,168.4449,168.5728,169.5217,172.1538,173.9386,176.5765,178.3572,180.9993,183.6451,186.294,189.8245,191.5996,194.2554,194.2394,189.7261,185.1516,183.2248,178.5426,177.4424,178.1414,178.8267,178.5779,179.2326,179.8737,180.501,181.1146,181.7144,182.3004,182.8724,183.4306,183.9748,184.505,185.9748
130.2693,130.1056,128.0576,126.6224,124.5757,122.5335,121.0838,119.0441,117.0096,115.5469,113.5162,111.4913,109.4724,107.9972,107.5736,106.5897,106.0978,105.0604,104.5,103.9014,103.2644,103.0663,101.8753,101.1229,98.96993,94.59394,90.30446,87.39375,83.2558,80.86518,79.31365,77.75607,75.80184,74.24059,72.67368,71.10124,69.52338,67.94023,66.35191,64.75853,63.16022,61.5571,59.9493,58.63763
161.6464,163.5651,163.9062,165.0175,165.3176,166.3984,166.6575,166.8937,167.107,167.2976,168.2946,168.4449,168.5728,170.3651,172.1538,174.7912,176.5765,178.3572,180.9993,183.6451,186.294,188.9457,191.5996,195.1424,195.1304,189.7261,185.1516,183.2248,179.4489,177.4424,177.2278,178.8267,178.5779,179.2326,179.8737,180.501,182.0482,181.7144,183.2401,182.8724,183.4306,183.9748,185.456,185.9748
130.8986,130.1056,128.0576,126.6224,124.5757,123.1283,121.0838,119.0441,117.0096,114.9805,113.5162,111.4913,109.4724,108.5345,107.5736,107.1122,106.0978,105.0604,104.5,103.9014,103.2644,102.5891,101.8753,101.5847,99.42392,94.59394,90.30446,87.39375,83.67842,80.86518,78.90691,77.75607,75.80184,74.24059,72.67368,71.10124,69.88175,67.94023,66.69393,64.75853,63.16022,61.5571,60.25831,58.63763
161.6464,163.5651,163.9062,165.0175,165.3176,166.3984,166.6575,166.8937,167.107,168.1217,168.2946,168.4449,169.4115,170.3651,171.3057,174.7912,176.5765,178.3572,180.9993,183.6451,186.294,189.8245,191.5996,194.2554,194.2394,189.7261,186.0504,182.3222,179.4489,177.4424,178.1414,177.9097,178.5779,179.2326,179.8737,180.501,181.1146,181.7144,182.3004,182.8724,183.4306,183.9748,185.456,185.0211
130.8986,130.1056,128.0576,126.6224,124.5757,123.1283,121.0838,119.0441,117.0096,115.5469,113.5162,111.4913,110.0171,108.5345,107.0437,107.1122,106.0978,105.0604,104.5,103.9014,103.2644,103.0663,101.8753,101.1229,98.96993,94.59394,90.74283,86.96324,83.67842,80.86518,79.31365,77.35732,75.80184,74.24059,72.67368,71.10124,69.52338,67.94023,66.35191,64.75853,63.16022,61.5571,60.25831,58.33693
161.6464,163.5651,163.9062,165.0175,165.3176,165.5945,166.6575,166.8937,167.107,168.1217,168.2946,168.4449,168.5728,170.3651,171.3057,174.7912,176.5765,178.3572,180.9993,183.6451,186.294,189.8245,191.5996,194.2554,195.1304,189.7261,185.1516,183.2248,179.4489,177.4424,177.2278,177.9097,178.5779,179.2326,179.8737,180.501,181.1146,181.7144,182.3004,182.8724,183.4306,183.9748,185.456,185.0211
130.8986,130.1056,128.0576,126.6224,124.5757,122.5335,121.0838,119.0441,117.0096,115.5469,113.5162,111.4913,109.4724,108.5345,107.0437,107.1122,106.0978,105.0604,104.5,103.9014,103.2644,103.0663,101.8753,101.1229,99.42392,94.59394,90.30446,87.39375,83.67842,80.86518,78.90691,77.35732,75.80184,74.24059,72.67368,71.10124,69.52338,67.94023,66.35191,64.75853,63.16022,61.5571,60.25831,58.33693
161.6464,163.5651,163.9062,165.0175,165.3176,166.3984,166.6575,166.8937,167.107,168.1217,168.2946,168.4449,168.5728,170.3651,172.1538,174.7912,176.5765,178.3572,180.9993,183.6451,186.294,189.8245,191.5996,194.2554,195.1304,189.7261,185.1516,182.3222,179.4489,177.4424,178.1414,177.9097,178.5779,179.2326,179.8737,180.501,181.1146,181.7144,182.3004,182.8724,183.4306,183.9748,184.505,185.9748
130.8986,130.1056,128.0576,126.6224,124.5757,123.1283,121.0838,119.0441,117.0096,115.5469,113.5162,111.4913,109.4724,108.5345,107.5736,107.1122,106.0978,105.0604,104.5,103.9014,103.2644,103.0663,101.8753,101.1229,99.42392,94.59394,90.30446,86.96324,83.67842,80.86518,79.31365,77.35732,75.80184,74.24059,72.67368,71.10124,69.52338,67.94023,66.35191,64.75853,63.16022,61.5571,59.9493,58.63763
161.6464,163.5651,163.9062,165.0175,166.1162,166.3984,166.6575,166.8937,167.107,167.2976,168.2946,168.4449,168.5728,169.5217,172.1538,174.7912,176.5765,178.3572,180.9993,183.6451,186.294,189.8245,191.5996,193.3684,195.1304,189.7261,186.0504,182.3222,178.5426,177.4424,178.1414,177.9097,178.5779,179.2326,179.8737,180.501,181.1146,181.7144,182.3004,182.8724,183.4306,183.9748,184.505,185.0211
130.8986,130.1056,128.0576,126.6224,125.1775,123.1283,121.0838,119.0441,117.0096,114.9805,113.5162,111.4913,109.4724,107.9972,107.5736,107.1122,106.0978,105.0604,104.5,103.9014,103.2644,103.0663,101.8753,100.6612,99.42392,94.59394,90.74283,86.96324,83.2558,80.86518,79.31365,77.35732,75.80184,74.24059,72.67368,71.10124,69.52338,67.94023,66.35191,64.75853,63.16022,61.5571,59.9493,58.33693
161.6464,163.5651,163.9062,165.0175,165.3176,166.3984,166.6575,166.8937,167.107,168.1217,168.2946,168.4449,169.4115,169.5217,172.1538,173.9386,176.5765,178.3572,180.9993,183.6451,186.294,189.8245,191.5996,194.2554,194.2394,189.7261,186.0504,182.3222,179.4489,177.4424,177.2278,177.9097,178.5779,179.2326,179.8737,180.501,181.1146,181.7144,182.3004,182.8724,183.4306,183.9748,185.456,185.9748
130.8986,130.1056,128.0576,126.6224,124.5757,123.1283,121.0838,119.0441,117.0096,115.5469,113.5162,111.4913,110.0171,107.9972,107.5736,106.5897,106.0978,105.0604,104.5,103.9014,103.2644,103.0663,101.8753,101.1229,98.96993,94.59394,90.74283,86.96324,83.67842,80.86518,78.90691,77.35732,75.80184,74.24059,72.67368,71.10124,69.52338,67.94023,66.35191,64.75853,63.16022,61.5571,60.25831,58.63763
161.6464,163.5651,163.9062,165.0175,165.3176,165.5945,166.6575,166.8937,167.107,168.1217,168.2946,168.4449,168.5728,170.3651,172.1538,173.9386,176.5765,178.3572,180.9993,183.6451,186.294,189.8245,191.5996,194.2554,195.1304,189.7261,185.1516,183.2248,179.4489,177.4424,177.2278,177.9097,178.5779,179.2326,179.8737,180.501,181.1146,181.7144,182.3004,182.8724,183.4306,183.9748,184.505,185.9748
130.8986,130.1056,128.0576,126.6224,124.5757,122.5335,121.0838,119.0441,117.0096,115.5469,113.5162,111.4913,109.4724,108.5345,107.5736,106.5897,106.0978,105.0604,104.5,103.9014,103.2644,103.0663,101.8753,101.1229,99.42392,94.59394,90.30446,87.39375,83.67842,80.86518,78.90691,77.35732,75.80184,74.24059,72.67368,71.10124,69.52338,67.94023,66.35191,64.75853,63.16022,61.5571,59.9493,58.63763
161.6464,163.5651,163.9062,165.0175,165.3176,165.5945,166.6575,166.8937,167.107,168.1217,168.2946,168.4449,169.4115,169.5217,172.1538,173.9386,176.5765,178.3572,180.9993,183.6451,186.294,188.9457,191.5996,194.2554,195.1304,189.7261,185.1516,183.2248,178.5426,177.4424,178.1414,177.9097,178.5779,179.2326,179.8737,180.501,181.1146,181.7144,182.3004,182.8724,183.4306,183.9748,185.456,185.0211
130.8986,130.1056,128.0576,126.6224,124.5757,122.5335,121.0838,119.0441,117.0096,115.5469,113.5162,111.4913,110.0171,107.9972,107.5736,106.5897,106.0978,105.0604,104.5,103.9014,103.2644,102.5891,101.8753,101.1229,99.42392,94.59394,90.30446,87.39375,83.2558,80.86518,79.31365,77.35732,75.80184,74.24059,72.67368,71.10124,69.52338,67.94023,66.35191,64.75853,63.16022,61.5571,60.25831,58.33693
161.6464,163.5651,163.9062,165.0175,165.3176,166.3984,166.6575,166.8937,167.107,167.2976,168.2946,168.4449,169.4115,170.3651,171.3057,173.9386,176.5765,178.3572,180.9993,182.7747,186.294,188.9457,191.5996,194.2554,195.1304,189.7261,185.1516,182.3222,178.5426,177.4424,178.1414,177.9097,178.5779,179.2326,179.8737,180.501,181.1146,181.7144,182.3004,182.8724,183.4306,183.9748,185.456,185.9748
130.8986,130.1056,128.0576,126.6224,124.5757,123.1283,121.0838,119.0441,117.0096,114.9805,113.5162,111.4913,110.0171,108.5345,107.0437,106.5897,106.0978,105.0604,104.5,103.4089,103.2644,102.5891,101.8753,101.1229,99.42392,94.59394,90.30446,86.96324,83.2558,80.86518,79.31365,77.35732,75.80184,74.24059,72.67368,71.10124,69.52338,67.94023,66.35191,64.75853,63.16022,61.5571,60.25831,58.63763
161.6464,163.5651,163.9062,165.0175,165.3176,165.5945,166.6575,166.8937,167.107,168.1217,168.2946,168.4449,169.4115,169.5217,171.3057,173.9386,176.5765,178.3572,180.9993,183.6451,186.294,189.8245,191.5996,194.2554,195.1304,189.7261,185.1516,183.2248,179.4489,177.4424,178.1414,177.9097,178.5779,179.2326,179.8737,180.501,181.1146,181.7144,182.3004,182.8724,183.4306,183.9748,184.505,185.9748
130.8986,130.1056,128.0576,126.6224,124.5757,122.5335,121.0838,119.0441,117.0096,115.5469,113.5162,111.4913,110.0171,107.9972,107.0437,106.5897,106.0978,105.0604,104.5,103.9014,103.2644,103.0663,101.8753,101.1229,99.42392,94.59394,90.30446,87.39375,83.67842,80.86518,79.31365,77.35732,75.80184,74.24059,72.67368,71.10124,69.52338,67.94023,66.35191,64.75853,63.16022,61.5571,59.9493,58.63763
161.6464,163.5651,163.9062,165.0175,165.3176,165.5945,166.6575,166.8937,167.107,167.2976,168.2946,168.4449,169.4115,170.3651,172.1538,173.9386,176.5765,178.3572,180.9993,183.6451,186.294,189.8245,191.5996,194.2554,195.1304,189.7261,186.0504,182.3222,178.5426,177.4424,177.2278,177.9097,178.5779,179.2326,179.8737,180.501,181.1146,181.7144,182.3004,182.8724,183.4306,183.9748,184.505,185.9748
130.8986,130.1056,128.0576,126.6224,124.5757,122.5335,121.0838,119.0441,117.0096,114.9805,113.5162,111.4913,110.0171,108.5345,107.5736,106.5897,106.0978,105.0604,104.5,103.9014,103.2644,103.0663,101.8753,101.1229,99.42392,94.59394,90.74283,86.96324,83.2558,80.86518,78.90691,77.35732,75.80184,74.24059,72.67368,71.10124,69.52338,67.94023,66.35191,64.75853,63.16022,61.5571,59.9493,58.63763
161.6464,163.5651,163.9062,165.0175,165.3176,165.5945,166.6575,166.8937,167.107,168.1217,168.2946,168.4449,169.4115,170.3651,172.1538,173.9386,176.5765,178.3572,180.9993,183.6451,187.1686,189.8245,191.5996,194.2554,195.1304,189.7261,185.1516,182.3222,179.4489,177.4424,178.1414,177.9097,178.5779,179.2326,179.8737,180.501,181.1146,181.7144,182.3004,182.8724,183.4306,183.9748,184.505,185.0211
130.8986,130.1056,128.0576,126.6224,124.5757,122.5335,121.0838,119.0441,117.0096,115.5469,113.5162,111.4913,110.0171,108.5345,107.5736,106.5897,106.0978,105.0604,104.5,103.9014,103.7493,103.0663,101.8753,101.1229,99.42392,94.59394,90.30446,86.96324,83.67842,80.86518,79.31365,77.35732,75.80184,74.24059,72.67368,71.10124,69.52338,67.94023,66.35191,64.75853,63.16022,61.5571,59.9493,58.33693
161.6464,163.5651,164.6942,165.0175,165.3176,165.5945,166.6575,166.8937,167.107,168.1217,168.2946,168.4449,169.4115,170.3651,171.3057,173.9386,176.5765,178.3572,180.9993,184.5154,186.294,189.8245,192.4826,194.2554,195.1304,189.7261,185.1516,183.2248,178.5426,177.4424,177.2278,177.9097,179.4984,179.2326,179.8737,180.501,181.1146,181.7144,182.3004,182.8724,183.4306,183.9748,184.505,185.0211
130.8986,130.1056,128.6732,126.6224,124.5757,122.5335,121.0838,119.0441,117.0096,115.5469,113.5162,111.4913,110.0171,108.5345,107.0437,106.5897,106.0978,105.0604,104.5,104.3938,103.2644,103.0663,102.3448,101.1229,99.42392,94.59394,90.30446,87.39375,83.2558,80.86518,78.90691,77.35732,76.19257,74.24059,72.67368,71.10124,69.52338,67.94023,66.35191,64.75853,63.16022,61.5571,59.9493,58.33693
161.6464,163.5651,163.9062,165.0175,165.3176,165.5945,166.6575,166.8937,167.107,168.1217,168.2946,168.4449,169.4115,169.5217,172.1538,173.9386,176.5765,178.3572,180.9993,183.6451,186.294,189.8245,191.5996,194.2554,195.1304,189.7261,185.1516,182.3222,179.4489,177.4424,177.2278,177.9097,178.5779,179.2326,179.8737,180.501,181.1146,181.7144,182.3004,182.8724,183.4306,183.9748,185.456,185.0211
130.8986,130.1056,128.0576,126.6224,124.5757,122.5335,121.0838,119.0441,117.0096,115.5469,113.5162,111.4913,110.0171,107.9972,107.5736,106.5897,106.0978,105.0604,104.5,103.9014,103.2644,103.0663,101.8753,101.1229,99.42392,94.59394,90.30446,86.96324,83.67842,80.86518,78.90691,77.35732,75.80184,74.24059,72.67368,71.10124,69.52338,67.94023,66.35191,64.75853,63.16022,61.5571,60.25831,58.33693
161.6464,163.5651,163.9062,165.0175,165.3176,166.3984,166.6575,166.8937,167.107,168.1217,168.2946,168.4449,168.5728,169.5217,172.1538,173.9386,176.5765,179.2189,180.9993,183.6451,186.294,189.8245,191.5996,194.2554,195.1304,189.7261,185.1516,182.3222,179.4489,177.4424,178.1414,177.9097,178.5779,179.2326,179.8737,180.501,181.1146,181.7144,182.3004,182.8724,183.4306,183.9748,185.456,185.0211
130.8986,130.1056,128.0576,126.6224,124.5757,123.1283,121.0838,119.0441,117.0096,115.5469,113.5162,111.4913,109.4724,107.9972,107.5736,106.5897,106.0978,105.568,104.5,103.9014,103.2644,103.0663,101.8753,101.1229,99.42392,94.59394,90.30446,86.96324,83.67842,80.86518,79.31365,77.35732,75.80184,74.24059,72.67368,71.10124,69.52338,67.94023,66.35191,64.75853,63.16022,61.5571,60.25831,58.33693
161.6464,163.5651,163.9062,165.0175,166.1162,166.3984,166.6575,166.8937,167.107,168.1217,168.2946,168.4449,169.4115,169.5217,172.1538,174.7912,176.5765,178.3572,180.9993,183.6451,186.294,189.8245,191.5996,194.2554,195.1304,189.7261,186.0504,183.2248,179.4489,176.5325,178.1414,177.9097,178.5779,179.2326,180.8009,180.501,181.1146,181.7144,182.3004,182.8724,184.3761,183.9748,185.456,185.0211
130.8986,130.1056,128.0576,126.6224,125.1775,123.1283,121.0838,119.0441,117.0096,115.5469,113.5162,111.4913,110.0171,107.9972,107.5736,107.1122,106.0978,105.0604,104.5,103.9014,103.2644,103.0663,101.8753,101.1229,99.42392,94.59394,90.74283,87.39375,83.67842,80.45049,79.31365,77.35732,75.80184,74.24059,73.04829,71.10124,69.52338,67.94023,66.35191,64.75853,63.48579,61.5571,60.25831,58.33693
161.6464,163.5651,163.9062,165.0175,165.3176,165.5945,166.6575,166.8937,167.107,168.1217,168.2946,168.4449,168.5728,170.3651,172.1538,173.9386,176.5765,178.3572,180.9993,183.6451,186.294,188.9457,191.5996,194.2554,195.1304,189.7261,185.1516,182.3222,179.4489,177.4424,177.2278,177.9097,178.5779,179.2326,179.8737,180.501,181.1146,181.7144,182.3004,182.8724,183.4306,183.9748,184.505,185.0211
130.8986,130.1056,128.0576,126.6224,124.5757,122.5335,121.0838,119.0441,117.0096,115.5469,113.5162,111.4913,109.4724,108.5345,107.5736,106.5897,106.0978,105.0604,104.5,103.9014,103.2644,102.5891,101.8753,101.1229,99.42392,94.59394,90.30446,86.96324,83.67842,80.86518,78.90691,77.35732,75.80184,74.24059,72.67368,71.10124,69.52338,67.94023,66.35191,64.75853,63.16022,61.5571,59.9493,58.33693
161.6464,163.5651,163.9062,165.0175,165.3176,165.5945,166.6575,166.8937,167.107,167.2976,168.2946,168.4449,168.5728,170.3651,172.1538,173.9386,176.5765,178.3572,180.9993,183.6451,186.294,188.9457,191.5996,194.2554,195.1304,189.7261,185.1516,183.2248,179.4489,177.4424,178.1414,177.9097,178.5779,179.2326,179.8737,180.501,181.1146,181.7144,182.3004,182.8724,183.4306,183.9748,185.456,185.9748
130.8986,130.1056,128.0576,126.6224,124.5757,122.5335,121.0838,119.0441,117.0096,114.9805,113.5162,111.4913,109.4724,108.5345,107.5736,106.5897,106.0978,105.0604,104.5,103.9014,103.2644,102.5891,101.8753,101.1229,99.42392,94.59394,90.30446,87.39375,83.67842,80.86518,79.31365,77.35732,75.80184,74.24059,72.67368,71.10124,69.52338,67.94023,66.35191,64.75853,63.16022,61.5571,60.25831,58.63763
161.6464,163.5651,163.9062,165.0175,165.3176,166.3984,166.6575,166.8937,167.107,168.1217,168.2946,168.4449,168.5728,169.5217,172.1538,173.9386,176.5765,178.3572,180.9993,183.6451,186.294,189.8245,191.5996,194.2554,195.1304,189.7261,185.1516,182.3222,179.4489,177.4424,178.1414,177.9097,178.5779,179.2326,179.8737,180.501,181.1146,181.7144,182.3004,182.8724,183.4306,183.9748,185.456,185.9748
130.8986,130.1056,128.0576,126.6224,124.5757,123.1283,121.0838,119.0441,117.0096,115.5469,113.5162,111.4913,109.4724,107.9972,107.5736,106.5897,106.0978,105.0604,104.5,103.9014,103.2644,103.0663,101.8753,101.1229,99.42392,94.59394,90.30446,86.96324,83.67842,80.86518,79.31365,77.35732,75.80184,74.24059,72.67368,71.10124,69.52338,67.94023,66.35191,64.75853,63.16022,61.5571,60.25831,58.63763
161.6464,163.5651,163.9062,165.0175,165.3176,165.5945,166.6575,166.8937,167.107,167.2976,168.2946,168.4449,169.4115,169.5217,172.1538,173.9386,176.5765,178.3572,180.9993,183.6451,187.1686,188.9457,191.5996,194.2554,195.1304,189.7261,186.0504,182.3222,179.4489,177.4424,178.1414,177.9097,179.4984,179.2326,179.8737,180.501,181.1146,181.7144,182.3004,182.8724,183.4306,183.9748,184.505,185.9748
130.8986,130.1056,128.0576,126.6224,124.5757,122.5335,121.0838,119.0441,117.0096,114.9805,113.5162,111.4913,110.0171,107.9972,107.5736,106.5897,106.0978,105.0604,104.5,103.9014,103.7493,102.5891,101.8753,101.1229,99.42392,94.59394,90.74283,86.96324,83.67842,80.86518,79.31365,77.35732,76.19257,74.24059,72.67368,71.10124,69.52338,67.94023,66.35191,64.75853,63.16022,61.5571,59.9493,58.63763
161.6464,163.5651,163.9062,165.0175,165.3176,165.5945,166.6575,166.8937,167.107,168.1217,168.2946,168.4449,168.5728,169.5217,172.1538,173.9386,176.5765,178.3572,180.9993,183.6451,186.294,189.8245,191.5996,194.2554,195.1304,189.7261,185.1516,182.3222,178.5426,177.4424,178.1414,177.9097,179.4984,179.2326,179.8737,180.501,181.1146,181.7144,182.3004,182.8724,183.4306,183.9748,184.505,185.9748
130.8986,130.1056,128.0576,126.6224,124.5757,122.5335,121.0838,119.0441,117.0096,115.5469,113.5162,111.4913,109.4724,107.9972,107.5736,106.5897,106.0978,105.0604,104.5,103.9014,103.2644,103.0663,101.8753,101.1229,99.42392,94.59394,90.30446,86.96324,83.2558,80.86518,79.31365,77.35732,76.19257,74.24059,72.67368,71.10124,69.52338,67.94023,66.35191,64.75853,63.16022,61.5571,59.9493,58.63763
161.6464,163.5651,164.6942,165.0175,165.3176,165.5945,166.6575,166.8937,167.107,168.1217,168.2946,168.4449,169.4115,169.5217,172.1538,173.9386,176.5765,178.3572,180.9993,183.6451,187.1686,189.8245,191.5996,194.2554,195.1304,189.7261,185.1516,183.2248,179.4489,177.4424,177.2278,177.9097,178.5779,179.2326,179.8737,180.501,181.1146,181.7144,182.3004,182.8724,183.4306,183.9748,184.505,185.9748
130.8986,130.1056,128.6732,126.6224,124.5757,122.5335,121.0838,119.0441,117.0096,115.5469,113.5162,111.4913,110.0171,107.9972,107.5736,106.5897,106.0978,105.0604,104.5,103.9014,103.7493,103.0663,101.8753,101.1229,99.42392,94.59394,90.30446,87.39375,83.67842,80.86518,78.90691,77.35732,75.80184,74.24059,72.67368,71.10124,69.52338,67.94023,66.35191,64.75853,63.16022,61.5571,59.9493,58.63763
