126.4241,126.594,127.7446,127.8964,129.031,128.1708,129.2878,129.4015,129.5053,130.5962,130.6809,130.7557,130.8205,130.8753,131.9196,131.9548,131.9799,132.9949,133,132.9949,132.9797,133.9541,133.9184,137.8687,144.8013,149.7202,156.6176,159.5068,158.395,156.2772,156.1399,154.9972,153.8447,152.6825,151.511,150.3304,149.1409,146.9566,145.7515,144.5385,144.2992,143.069,141.8314,140.5866,141.2837,140.9936,140.6929,141.3496,141.9911,142.6173,144.1893,144.7818,146.3146,145.9187,146.4627,146.9902,148.4464,148.9374,148.4714
20.02361,18.9196,17.95333,16.83788,15.84301,14.60321,13.5887,12.45995,11.33025,10.27814,9.138098,7.997359,6.85601,5.71414,4.606734,3.455357,2.303718,1.160629,0,-1.160629,-2.32117,-3.507711,-4.676533,-6.019475,-7.588714,-9.157281,-10.95177,-12.55346,-13.85776,-15.04778,-16.41097,-17.6597,-18.88975,-20.10103,-21.29348,-22.46703,-23.6216,-24.59209,-25.69993,-26.78862,-28.04892,-29.10772,-30.1472,-31.1673,-32.6179,-33.84958,-35.07867,-36.55548,-38.0464,-39.55128,-41.3456,-42.88632,-44.73287,-46.00799,-47.58862,-49.18222,-51.1142,-52.74148,-54.03918
126.4241,126.594,127.7446,128.8878,129.031,129.1643,129.2878,129.4015,130.5015,130.5962,130.6809,130.7557,130.8205,130.8753,131.9196,131.9548,131.9799,132.9949,133,132.9949,132.9797,133.9541,132.919,137.8687,143.8027,150.7184,156.6176,159.5068,158.395,156.2772,156.1399,154.9972,153.8447,152.6825,152.5013,150.3304,149.1409,146.9566,145.7515,144.5385,144.2992,143.069,142.8095,141.5629,141.2837,140.0213,140.6929,141.3496,141.9911,142.6173,144.1893,144.7818,145.3583,145.9187,146.4627,146.9902,147.5009,147.9947,148.4714
20.02361,18.9196,17.95333,16.9684,15.84301,14.71642,13.5887,12.45995,11.4174,10.27814,9.138098,7.997359,6.85601,5.71414,4.606734,3.455357,2.303718,1.160629,0,-1.160629,-2.32117,-3.507711,-4.641633,-6.019475,-7.536378,-9.218329,-10.95177,-12.55346,-13.85776,-15.04778,-16.41097,-17.6597,-18.88975,-20.10103,-21.43266,-22.46703,-23.6216,-24.59209,-25.69993,-26.78862,-28.04892,-29.10772,-30.35511,-31.38374,-32.6179,-33.61613,-35.07867,-36.55548,-38.0464,-39.55128,-41.3456,-42.88632,-44.4405,-46.00799,-47.58862,-49.18222,-50.78863,-52.40768,-54.03918
126.4241,126.594,127.7446,128.8878,128.0385,129.1643,129.2878,129.4015,129.5053,130.5962,130.6809,130.7557,130.8205,130.8753,131.9196,131.9548,131.9799,132.9949,133,132.9949,132.9797,133.9541,133.9184,137.8687,143.8027,150.7184,156.6176,159.5068,158.395,157.2726,156.1399,154.9972,153.8447,152.6825,152.5013,150.3304,149.1409,146.9566,145.7515,145.5217,143.3176,144.0489,141.8314,142.5392,140.3093,140.9936,140.6929,141.3496,141.9911,142.6173,144.1893,144.7818,145.3583,145.9187,146.4627,147.9385,147.5009,148.9374,147.5317
20.02361,18.9196,17.95333,16.9684,15.72115,14.71642,13.5887,12.45995,11.33025,10.27814,9.138098,7.997359,6.85601,5.71414,4.606734,3.455357,2.303718,1.160629,0,-1.160629,-2.32117,-3.507711,-4.676533,-6.019475,-7.536378,-9.218329,-10.95177,-12.55346,-13.85776,-15.14363,-16.41097,-17.6597,-18.88975,-20.10103,-21.43266,-22.46703,-23.6216,-24.59209,-25.69993,-26.97086,-27.85811,-29.30709,-30.1472,-31.60018,-32.39295,-33.84958,-35.07867,-36.55548,-38.0464,-39.55128,-41.3456,-42.88632,-44.4405,-46.00799,-47.58862,-49.49953,-50.78863,-52.74148,-53.69716
125.4364,127.583,127.7446,128.8878,129.031,129.1643,129.2878,129.4015,129.5053,130.5962,130.6809,130.7557,130.8205,130.8753,131.9196,131.9548,131.9799,132.9949,133,132.9949,132.9797,133.9541,133.9184,137.8687,144.8013,149.7202,157.6151,159.5068,158.395,157.2726,156.1399,154.9972,153.8447,152.6825,151.511,150.3304,150.1286,146.9566,145.7515,145.5217,144.2992,142.0891,142.8095,141.5629,141.2837,140.9936,141.6632,141.3496,141.9911,142.6173,144.1893,144.7818,145.3583,145.9187,146.4627,147.9385,148.4464,147.9947,148.4714
19.86718,19.06741,17.95333,16.9684,15.84301,14.71642,13.5887,12.45995,11.33025,10.27814,9.138098,7.997359,6.85601,5.71414,4.606734,3.455357,2.303718,1.160629,0,-1.160629,-2.32117,-3.507711,-4.676533,-6.019475,-7.588714,-9.157281,-11.02152,-12.55346,-13.85776,-15.14363,-16.41097,-17.6597,-18.88975,-20.10103,-21.29348,-22.46703,-23.77804,-24.59209,-25.69993,-26.97086,-28.04892,-28.90835,-30.35511,-31.38374,-32.6179,-33.84958,-35.3206,-36.55548,-38.0464,-39.55128,-41.3456,-42.88632,-44.4405,-46.00799,-47.58862,-49.49953,-51.1142,-52.40768,-54.03918
125.4364,127.583,128.7348,128.8878,129.031,129.1643,129.2878,129.4015,129.5053,129.5993,130.6809,130.7557,130.8205,130.8753,130.9202,131.9548,131.9799,131.995,132,132.9949,132.9797,134.9537,133.9184,137.8687,143.8027,149.7202,157.6151,159.5068,158.395,157.2726,156.1399,154.9972,153.8447,152.6825,151.511,151.3194,149.1409,146.9566,145.7515,144.5385,144.2992,142.0891,141.8314,141.5629,141.2837,140.0213,140.6929,141.3496,141.9911,142.6173,144.1893,144.7818,145.3583,145.9187,146.4627,146.9902,148.4464,148.9374,148.4714
19.86718,19.06741,18.0925,16.9684,15.84301,14.71642,13.5887,12.45995,11.33025,10.19968,9.138098,7.997359,6.85601,5.71414,4.571834,3.455357,2.303718,1.151903,0,-1.160629,-2.32117,-3.533888,-4.676533,-6.019475,-7.536378,-9.157281,-11.02152,-12.55346,-13.85776,-15.14363,-16.41097,-17.6597,-18.88975,-20.10103,-21.29348,-22.61484,-23.6216,-24.59209,-25.69993,-26.78862,-28.04892,-28.90835,-30.1472,-31.38374,-32.6179,-33.61613,-35.07867,-36.55548,-38.0464,-39.55128,-41.3456,-42.88632,-44.4405,-46.00799,-47.58862,-49.18222,-51.1142,-52.74148,-54.03918
124.4487,126.594,128.7348,128.8878,129.031,129.1643,129.2878,129.4015,129.5053,130.5962,130.6809,130.7557,130.8205,130.8753,131.9196,131.9548,131.9799,132.9949,133,132.9949,132.9797,133.9541,133.9184,137.8687,144.8013,150.7184,156.6176,159.5068,158.395,157.2726,156.1399,154.9972,153.8447,152.6825,151.511,150.3304,149.1409,146.9566,145.7515,145.5217,144.2992,143.069,142.8095,140.5866,141.2837,140.0213,140.6929,141.3496,141.9911,142.6173,144.1893,144.7818,145.3583,145.9187,146.4627,146.9902,148.4464,148.9374,148.4714
19.71074,18.9196,18.0925,16.9684,15.84301,14.71642,13.5887,12.45995,11.33025,10.27814,9.138098,7.997359,6.85601,5.71414,4.606734,3.455357,2.303718,1.160629,0,-1.160629,-2.32117,-3.507711,-4.676533,-6.019475,-7.588714,-9.218329,-10.95177,-12.55346,-13.85776,-15.14363,-16.41097,-17.6597,-18.88975,-20.10103,-21.29348,-22.46703,-23.6216,-24.59209,-25.69993,-26.97086,-28.04892,-29.10772,-30.35511,-31.1673,-32.6179,-33.61613,-35.07867,-36.55548,-38.0464,-39.55128,-41.3456,-42.88632,-44.4405,-46.00799,-47.58862,-49.18222,-51.1142,-52.74148,-54.03918
124.4487,126.594,128.7348,128.8878,129.031,129.1643,129.2878,130.3969,129.5053,130.5962,130.6809,130.7557,130.8205,130.8753,131.9196,131.9548,131.9799,132.9949,133,132.9949,132.9797,132.9544,133.9184,137.8687,144.8013,150.7184,157.6151,159.5068,158.395,156.2772,156.1399,154.9972,153.8447,152.6825,151.511,150.3304,149.1409,146.9566,145.7515,145.5217,144.2992,143.069,142.8095,141.5629,141.2837,140.0213,140.6929,141.3496,141.9911,142.6173,144.1893,144.7818,145.3583,145.9187,146.4627,147.9385,148.4464,147.9947,148.4714
19.71074,18.9196,18.0925,16.9684,15.84301,14.71642,13.5887,12.55579,11.33025,10.27814,9.138098,7.997359,6.85601,5.71414,4.606734,3.455357,2.303718,1.160629,0,-1.160629,-2.32117,-3.481534,-4.676533,-6.019475,-7.588714,-9.218329,-11.02152,-12.55346,-13.85776,-15.04778,-16.41097,-17.6597,-18.88975,-20.10103,-21.29348,-22.46703,-23.6216,-24.59209,-25.69993,-26.97086,-28.04892,-29.10772,-30.35511,-31.38374,-32.6179,-33.61613,-35.07867,-36.55548,-38.0464,-39.55128,-41.3456,-42.88632,-44.4405,-46.00799,-47.58862,-49.49953,-51.1142,-52.40768,-54.03918
127.4118,126.594,128.7348,128.8878,129.031,129.1643,129.2878,129.4015,130.5015,130.5962,130.6809,130.7557,130.8205,130.8753,131.9196,131.9548,131.9799,132.9949,133,132.9949,132.9797,133.9541,133.9184,137.8687,143.8027,150.7184,156.6176,159.5068,158.395,156.2772,156.1399,154.9972,153.8447,152.6825,151.511,150.3304,149.1409,146.9566,145.7515,144.5385,144.2992,143.069,142.8095,141.5629,141.2837,140.9936,140.6929,141.3496,141.9911,142.6173,144.1893,144.7818,145.3583,145.9187,146.4627,146.9902,148.4464,147.9947,148.4714
20.18005,18.9196,18.0925,16.9684,15.84301,14.71642,13.5887,12.45995,11.4174,10.27814,9.138098,7.997359,6.85601,5.71414,4.606734,3.455357,2.303718,1.160629,0,-1.160629,-2.32117,-3.507711,-4.676533,-6.019475,-7.536378,-9.218329,-10.95177,-12.55346,-13.85776,-15.04778,-16.41097,-17.6597,-18.88975,-20.10103,-21.29348,-22.46703,-23.6216,-24.59209,-25.69993,-26.78862,-28.04892,-29.10772,-30.35511,-31.38374,-32.6179,-33.84958,-35.07867,-36.55548,-38.0464,-39.55128,-41.3456,-42.88632,-44.4405,-46.00799,-47.58862,-49.18222,-51.1142,-52.40768,-54.03918
126.4241,126.594,128.7348,128.8878,129.031,129.1643,129.2878,129.4015,129.5053,130.5962,130.6809,130.7557,130.8205,130.8753,131.9196,131.9548,131.9799,132.9949,133,132.9949,132.9797,133.9541,133.9184,137.8687,144.8013,149.7202,157.6151,159.5068,159.3912,156.2772,156.1399,154.9972,153.8447,152.6825,151.511,150.3304,149.1409,146.9566,145.7515,144.5385,143.3176,143.069,141.8314,140.5866,140.3093,140.0213,140.6929,141.3496,141.9911,142.6173,144.1893,144.7818,145.3583,145.9187,146.4627,146.9902,147.5009,147.9947,148.4714
20.02361,18.9196,18.0925,16.9684,15.84301,14.71642,13.5887,12.45995,11.33025,10.27814,9.138098,7.997359,6.85601,5.71414,4.606734,3.455357,2.303718,1.160629,0,-1.160629,-2.32117,-3.507711,-4.676533,-6.019475,-7.588714,-9.157281,-11.02152,-12.55346,-13.94492,-15.04778,-16.41097,-17.6597,-18.88975,-20.10103,-21.29348,-22.46703,-23.6216,-24.59209,-25.69993,-26.78862,-27.85811,-29.10772,-30.1472,-31.1673,-32.39295,-33.61613,-35.07867,-36.55548,-38.0464,-39.55128,-41.3456,-42.88632,-44.4405,-46.00799,-47.58862,-49.18222,-50.78863,-52.40768,-54.03918
124.4487,127.583,128.7348,128.8878,129.031,129.1643,129.2878,129.4015,129.5053,130.5962,130.6809,130.7557,130.8205,130.8753,131.9196,131.9548,131.9799,132.9949,133,132.9949,132.9797,133.9541,133.9184,137.8687,144.8013,150.7184,156.6176,159.5068,158.395,156.2772,156.1399,154.9972,153.8447,152.6825,151.511,150.3304,149.1409,146.9566,145.7515,144.5385,144.2992,143.069,141.8314,141.5629,140.3093,140.0213,140.6929,141.3496,141.9911,142.6173,144.1893,144.7818,145.3583,145.9187,146.4627,146.9902,147.5009,148.9374,148.4714
19.71074,19.06741,18.0925,16.9684,15.84301,14.71642,13.5887,12.45995,11.33025,10.27814,9.138098,7.997359,6.85601,5.71414,4.606734,3.455357,2.303718,1.160629,0,-1.160629,-2.32117,-3.507711,-4.676533,-6.019475,-7.588714,-9.218329,-10.95177,-12.55346,-13.85776,-15.04778,-16.41097,-17.6597,-18.88975,-20.10103,-21.29348,-22.46703,-23.6216,-24.59209,-25.69993,-26.78862,-28.04892,-29.10772,-30.1472,-31.38374,-32.39295,-33.61613,-35.07867,-36.55548,-38.0464,-39.55128,-41.3456,-42.88632,-44.4405,-46.00799,-47.58862,-49.18222,-50.78863,-52.74148,-54.03918
125.4364,126.594,128.7348,127.8964,129.031,129.1643,129.2878,129.4015,129.5053,130.5962,130.6809,130.7557,130.8205,130.8753,131.9196,131.9548,131.9799,132.9949,133,132.9949,132.9797,133.9541,133.9184,137.8687,143.8027,150.7184,156.6176,159.5068,158.395,156.2772,156.1399,154.9972,153.8447,152.6825,151.511,150.3304,149.1409,146.9566,145.7515,144.5385,143.3176,143.069,142.8095,141.5629,140.3093,140.0213,140.6929,141.3496,141.9911,142.6173,144.1893,144.7818,145.3583,146.8724,146.4627,146.9902,148.4464,147.9947,148.4714
19.86718,18.9196,18.0925,16.83788,15.84301,14.71642,13.5887,12.45995,11.33025,10.27814,9.138098,7.997359,6.85601,5.71414,4.606734,3.455357,2.303718,1.160629,0,-1.160629,-2.32117,-3.507711,-4.676533,-6.019475,-7.536378,-9.218329,-10.95177,-12.55346,-13.85776,-15.04778,-16.41097,-17.6597,-18.88975,-20.10103,-21.29348,-22.46703,-23.6216,-24.59209,-25.69993,-26.78862,-27.85811,-29.10772,-30.35511,-31.38374,-32.39295,-33.61613,-35.07867,-36.55548,-38.0464,-39.55128,-41.3456,-42.88632,-44.4405,-46.30869,-47.58862,-49.18222,-51.1142,-52.40768,-54.03918
124.4487,126.594,127.7446,128.8878,129.031,129.1643,129.2878,129.4015,129.5053,129.5993,129.6833,130.7557,130.8205,131.8744,131.9196,131.9548,131.9799,132.9949,133,132.9949,132.9797,132.9544,133.9184,137.8687,144.8013,150.7184,157.6151,159.5068,158.395,157.2726,156.1399,154.9972,153.8447,152.6825,151.511,150.3304,149.1409,146.9566,145.7515,145.5217,144.2992,143.069,141.8314,142.5392,141.2837,140.0213,140.6929,141.3496,141.9911,142.6173,144.1893,144.7818,145.3583,145.9187,146.4627,146.9902,147.5009,148.9374,148.4714
19.71074,18.9196,17.95333,16.9684,15.84301,14.71642,13.5887,12.45995,11.33025,10.19968,9.068342,7.997359,6.85601,5.757759,4.606734,3.455357,2.303718,1.160629,0,-1.160629,-2.32117,-3.481534,-4.676533,-6.019475,-7.588714,-9.218329,-11.02152,-12.55346,-13.85776,-15.14363,-16.41097,-17.6597,-18.88975,-20.10103,-21.29348,-22.46703,-23.6216,-24.59209,-25.69993,-26.97086,-28.04892,-29.10772,-30.1472,-31.60018,-32.6179,-33.61613,-35.07867,-36.55548,-38.0464,-39.55128,-41.3456,-42.88632,-44.4405,-46.00799,-47.58862,-49.18222,-50.78863,-52.74148,-54.03918
122.4734,126.594,127.7446,128.8878,129.031,129.1643,129.2878,129.4015,129.5053,129.5993,130.6809,130.7557,130.8205,130.8753,131.9196,131.9548,131.9799,132.9949,133,132.9949,132.9797,134.9537,132.919,137.8687,143.8027,149.7202,156.6176,159.5068,158.395,156.2772,156.1399,154.9972,153.8447,152.6825,151.511,150.3304,150.1286,146.9566,145.7515,145.5217,144.2992,143.069,142.8095,140.5866,141.2837,140.0213,140.6929,141.3496,141.9911,142.6173,144.1893,144.7818,145.3583,145.9187,146.4627,146.9902,147.5009,147.9947,148.4714
19.39787,18.9196,17.95333,16.9684,15.84301,14.71642,13.5887,12.45995,11.33025,10.19968,9.138098,7.997359,6.85601,5.71414,4.606734,3.455357,2.303718,1.160629,0,-1.160629,-2.32117,-3.533888,-4.641633,-6.019475,-7.536378,-9.157281,-10.95177,-12.55346,-13.85776,-15.04778,-16.41097,-17.6597,-18.88975,-20.10103,-21.29348,-22.46703,-23.77804,-24.59209,-25.69993,-26.97086,-28.04892,-29.10772,-30.35511,-31.1673,-32.6179,-33.61613,-35.07867,-36.55548,-38.0464,-39.55128,-41.3456,-42.88632,-44.4405,-46.00799,-47.58862,-49.18222,-50.78863,-52.40768,-54.03918
126.4241,126.594,128.7348,128.8878,129.031,129.1643,129.2878,129.4015,129.5053,130.5962,129.6833,130.7557,130.8205,130.8753,131.9196,131.9548,131.9799,132.9949,133,132.9949,132.9797,133.9541,133.9184,137.8687,144.8013,150.7184,156.6176,159.5068,158.395,156.2772,156.1399,154.9972,153.8447,152.6825,151.511,150.3304,149.1409,146.9566,145.7515,145.5217,143.3176,144.0489,141.8314,141.5629,140.3093,140.0213,140.6929,141.3496,141.9911,142.6173,144.1893,144.7818,145.3583,145.9187,146.4627,146.9902,148.4464,147.9947,148.4714
20.02361,18.9196,18.0925,16.9684,15.84301,14.71642,13.5887,12.45995,11.33025,10.27814,9.068342,7.997359,6.85601,5.71414,4.606734,3.455357,2.303718,1.160629,0,-1.160629,-2.32117,-3.507711,-4.676533,-6.019475,-7.588714,-9.218329,-10.95177,-12.55346,-13.85776,-15.04778,-16.41097,-17.6597,-18.88975,-20.10103,-21.29348,-22.46703,-23.6216,-24.59209,-25.69993,-26.97086,-27.85811,-29.30709,-30.1472,-31.38374,-32.39295,-33.61613,-35.07867,-36.55548,-38.0464,-39.55128,-41.3456,-42.88632,-44.4405,-46.00799,-47.58862,-49.18222,-51.1142,-52.40768,-54.03918
127.4118,127.583,127.7446,128.8878,128.0385,129.1643,129.2878,129.4015,129.5053,130.5962,129.6833,130.7557,130.8205,130.8753,131.9196,131.9548,131.9799,132.9949,133,132.9949,132.9797,133.9541,133.9184,137.8687,144.8013,149.7202,156.6176,159.5068,159.3912,156.2772,156.1399,154.9972,153.8447,152.6825,151.511,150.3304,149.1409,146.9566,145.7515,145.5217,143.3176,143.069,141.8314,141.5629,141.2837,140.0213,140.6929,141.3496,141.9911,144.5446,144.1893,144.7818,145.3583,145.9187,146.4627,146.9902,147.5009,147.9947,148.4714
20.18005,19.06741,17.95333,16.9684,15.72115,14.71642,13.5887,12.45995,11.33025,10.27814,9.068342,7.997359,6.85601,5.71414,4.606734,3.455357,2.303718,1.160629,0,-1.160629,-2.32117,-3.507711,-4.676533,-6.019475,-7.588714,-9.157281,-10.95177,-12.55346,-13.94492,-15.04778,-16.41097,-17.6597,-18.88975,-20.10103,-21.29348,-22.46703,-23.6216,-24.59209,-25.69993,-26.97086,-27.85811,-29.10772,-30.1472,-31.38374,-32.6179,-33.61613,-35.07867,-36.55548,-38.0464,-40.08576,-41.3456,-42.88632,-44.4405,-46.00799,-47.58862,-49.18222,-50.78863,-52.40768,-54.03918
125.4364,126.594,127.7446,128.8878,129.031,129.1643,129.2878,129.4015,129.5053,130.5962,130.6809,130.7557,129.8218,130.8753,131.9196,130.9551,131.9799,131.995,133,132.9949,132.9797,133.9541,133.9184,137.8687,143.8027,150.7184,156.6176,159.5068,158.395,156.2772,156.1399,154.9972,153.8447,152.6825,151.511,150.3304,149.1409,146.9566,145.7515,145.5217,143.3176,143.069,142.8095,140.5866,140.3093,140.9936,140.6929,141.3496,141.9911,142.6173,144.1893,144.7818,145.3583,145.9187,146.4627,146.9902,147.5009,148.9374,148.4714
19.86718,18.9196,17.95333,16.9684,15.84301,14.71642,13.5887,12.45995,11.33025,10.27814,9.138098,7.997359,6.803674,5.71414,4.606734,3.42918,2.303718,1.151903,0,-1.160629,-2.32117,-3.507711,-4.676533,-6.019475,-7.536378,-9.218329,-10.95177,-12.55346,-13.85776,-15.04778,-16.41097,-17.6597,-18.88975,-20.10103,-21.29348,-22.46703,-23.6216,-24.59209,-25.69993,-26.97086,-27.85811,-29.10772,-30.35511,-31.1673,-32.39295,-33.84958,-35.07867,-36.55548,-38.0464,-39.55128,-41.3456,-42.88632,-44.4405,-46.00799,-47.58862,-49.18222,-50.78863,-52.74148,-54.03918
126.4241,127.583,128.7348,128.8878,129.031,129.1643,129.2878,129.4015,130.5015,129.5993,130.6809,130.7557,130.8205,130.8753,130.9202,131.9548,132.9797,132.9949,133,132.9949,132.9797,133.9541,133.9184,137.8687,144.8013,150.7184,156.6176,159.5068,158.395,156.2772,156.1399,154.9972,153.8447,152.6825,151.511,150.3304,149.1409,146.9566,145.7515,144.5385,143.3176,143.069,142.8095,141.5629,141.2837,140.0213,140.6929,141.3496,141.9911,142.6173,144.1893,144.7818,145.3583,145.9187,146.4627,146.9902,148.4464,147.9947,148.4714
20.02361,19.06741,18.0925,16.9684,15.84301,14.71642,13.5887,12.45995,11.4174,10.19968,9.138098,7.997359,6.85601,5.71414,4.571834,3.455357,2.32117,1.160629,0,-1.160629,-2.32117,-3.507711,-4.676533,-6.019475,-7.588714,-9.218329,-10.95177,-12.55346,-13.85776,-15.04778,-16.41097,-17.6597,-18.88975,-20.10103,-21.29348,-22.46703,-23.6216,-24.59209,-25.69993,-26.78862,-27.85811,-29.10772,-30.35511,-31.38374,-32.6179,-33.61613,-35.07867,-36.55548,-38.0464,-39.55128,-41.3456,-42.88632,-44.4405,-46.00799,-47.58862,-49.18222,-51.1142,-52.40768,-54.03918
126.4241,126.594,128.7348,127.8964,129.031,129.1643,129.2878,129.4015,129.5053,129.5993,130.6809,130.7557,130.8205,130.8753,131.9196,131.9548,131.9799,132.9949,133,132.9949,132.9797,133.9541,133.9184,137.8687,144.8013,150.7184,156.6176,159.5068,158.395,156.2772,156.1399,154.9972,153.8447,152.6825,151.511,150.3304,149.1409,146.9566,145.7515,145.5217,143.3176,143.069,142.8095,141.5629,140.3093,140.9936,140.6929,141.3496,141.9911,142.6173,144.1893,144.7818,145.3583,145.9187,146.4627,146.9902,147.5009,147.9947,148.4714
20.02361,18.9196,18.0925,16.83788,15.84301,14.71642,13.5887,12.45995,11.33025,10.19968,9.138098,7.997359,6.85601,5.71414,4.606734,3.455357,2.303718,1.160629,0,-1.160629,-2.32117,-3.507711,-4.676533,-6.019475,-7.588714,-9.218329,-10.95177,-12.55346,-13.85776,-15.04778,-16.41097,-17.6597,-18.88975,-20.10103,-21.29348,-22.46703,-23.6216,-24.59209,-25.69993,-26.97086,-27.85811,-29.10772,-30.35511,-31.38374,-32.39295,-33.84958,-35.07867,-36.55548,-38.0464,-39.55128,-41.3456,-42.88632,-44.4405,-46.00799,-47.58862,-49.18222,-50.78863,-52.40768,-54.03918
124.4487,126.594,127.7446,128.8878,129.031,129.1643,129.2878,129.4015,129.5053,129.5993,130.6809,130.7557,130.8205,130.8753,130.9202,131.9548,131.9799,132.9949,133,132.9949,132.9797,133.9541,133.9184,137.8687,144.8013,150.7184,156.6176,159.5068,158.395,156.2772,156.1399,154.9972,153.8447,152.6825,151.511,150.3304,149.1409,146.9566,145.7515,145.5217,144.2992,144.0489,142.8095,141.5629,141.2837,140.0213,140.6929,141.3496,141.9911,142.6173,144.1893,144.7818,145.3583,145.9187,146.4627,147.9385,148.4464,147.9947,148.4714
19.71074,18.9196,17.95333,16.9684,15.84301,14.71642,13.5887,12.45995,11.33025,10.19968,9.138098,7.997359,6.85601,5.71414,4.571834,3.455357,2.303718,1.160629,0,-1.160629,-2.32117,-3.507711,-4.676533,-6.019475,-7.588714,-9.218329,-10.95177,-12.55346,-13.85776,-15.04778,-16.41097,-17.6597,-18.88975,-20.10103,-21.29348,-22.46703,-23.6216,-24.59209,-25.69993,-26.97086,-28.04892,-29.30709,-30.35511,-31.38374,-32.6179,-33.61613,-35.07867,-36.55548,-38.0464,-39.55128,-41.3456,-42.88632,-44.4405,-46.00799,-47.58862,-49.49953,-51.1142,-52.40768,-54.03918
125.4364,126.594,128.7348,128.8878,129.031,129.1643,129.2878,129.4015,129.5053,130.5962,130.6809,130.7557,130.8205,130.8753,130.9202,131.9548,131.9799,131.995,133,132.9949,132.9797,133.9541,132.919,137.8687,143.8027,149.7202,156.6176,159.5068,158.395,156.2772,156.1399,154.9972,153.8447,152.6825,151.511,150.3304,149.1409,146.9566,145.7515,145.5217,144.2992,144.0489,142.8095,141.5629,141.2837,140.0213,140.6929,141.3496,141.9911,142.6173,144.1893,144.7818,145.3583,145.9187,146.4627,146.9902,148.4464,147.9947,148.4714
19.86718,18.9196,18.0925,16.9684,15.84301,14.71642,13.5887,12.45995,11.33025,10.27814,9.138098,7.997359,6.85601,5.71414,4.571834,3.455357,2.303718,1.151903,0,-1.160629,-2.32117,-3.507711,-4.641633,-6.019475,-7.536378,-9.157281,-10.95177,-12.55346,-13.85776,-15.04778,-16.41097,-17.6597,-18.88975,-20.10103,-21.29348,-22.46703,-23.6216,-24.59209,-25.69993,-26.97086,-28.04892,-29.30709,-30.35511,-31.38374,-32.6179,-33.61613,-35.07867,-36.55548,-38.0464,-39.55128,-41.3456,-42.88632,-44.4405,-46.00799,-47.58862,-49.18222,-51.1142,-52.40768,-54.03918
126.4241,127.583,127.7446,128.8878,129.031,129.1643,129.2878,129.4015,129.5053,129.5993,129.6833,130.7557,130.8205,130.8753,130.9202,131.9548,131.9799,132.9949,133,132.9949,132.9797,133.9541,133.9184,137.8687,143.8027,150.7184,156.6176,159.5068,158.395,156.2772,156.1399,154.9972,153.8447,152.6825,151.511,150.3304,149.1409,146.9566,145.7515,144.5385,145.2808,144.0489,142.8095,142.5392,141.2837,140.0213,140.6929,141.3496,141.9911,142.6173,144.1893,144.7818,145.3583,145.9187,146.4627,146.9902,147.5009,147.9947,148.4714
20.02361,19.06741,17.95333,16.9684,15.84301,14.71642,13.5887,12.45995,11.33025,10.19968,9.068342,7.997359,6.85601,5.71414,4.571834,3.455357,2.303718,1.160629,0,-1.160629,-2.32117,-3.507711,-4.676533,-6.019475,-7.536378,-9.218329,-10.95177,-12.55346,-13.85776,-15.04778,-16.41097,-17.6597,-18.88975,-20.10103,-21.29348,-22.46703,-23.6216,-24.59209,-25.69993,-26.78862,-28.23973,-29.30709,-30.35511,-31.60018,-32.6179,-33.61613,-35.07867,-36.55548,-38.0464,-39.55128,-41.3456,-42.88632,-44.4405,-46.00799,-47.58862,-49.18222,-50.78863,-52.40768,-54.03918
126.4241,126.594,128.7348,127.8964,129.031,129.1643,129.2878,129.4015,129.5053,130.5962,130.6809,130.7557,130.8205,130.8753,131.9196,131.9548,131.9799,132.9949,133,132.9949,132.9797,133.9541,133.9184,137.8687,143.8027,150.7184,156.6176,159.5068,158.395,156.2772,156.1399,154.9972,153.8447,152.6825,151.511,150.3304,149.1409,146.9566,145.7515,145.5217,145.2808,144.0489,142.8095,141.5629,140.3093,140.0213,140.6929,141.3496,141.9911,142.6173,144.1893,144.7818,145.3583,145.9187,146.4627,146.9902,146.5554,148.9374,147.5317
20.02361,18.9196,18.0925,16.83788,15.84301,14.71642,13.5887,12.45995,11.33025,10.27814,9.138098,7.997359,6.85601,5.71414,4.606734,3.455357,2.303718,1.160629,0,-1.160629,-2.32117,-3.507711,-4.676533,-6.019475,-7.536378,-9.218329,-10.95177,-12.55346,-13.85776,-15.04778,-16.41097,-17.6597,-18.88975,-20.10103,-21.29348,-22.46703,-23.6216,-24.59209,-25.69993,-26.97086,-28.23973,-29.30709,-30.35511,-31.38374,-32.39295,-33.61613,-35.07867,-36.55548,-38.0464,-39.55128,-41.3456,-42.88632,-44.4405,-46.00799,-47.58862,-49.18222,-50.46306,-52.74148,-53.69716
125.4364,126.594,128.7348,127.8964,129.031,129.1643,129.2878,129.4015,129.5053,130.5962,130.6809,130.7557,130.8205,130.8753,131.9196,131.9548,131.9799,132.9949,133,132.9949,132.9797,133.9541,133.9184,137.8687,144.8013,149.7202,156.6176,159.5068,158.395,156.2772,156.1399,154.9972,153.8447,152.6825,152.5013,150.3304,149.1409,146.9566,145.7515,145.5217,144.2992,143.069,142.8095,141.5629,140.3093,140.0213,140.6929,141.3496,141.9911,142.6173,144.1893,144.7818,145.3583,145.9187,146.4627,146.9902,148.4464,147.9947,148.4714
19.86718,18.9196,18.0925,16.83788,15.84301,14.71642,13.5887,12.45995,11.33025,10.27814,9.138098,7.997359,6.85601,5.71414,4.606734,3.455357,2.303718,1.160629,0,-1.160629,-2.32117,-3.507711,-4.676533,-6.019475,-7.588714,-9.157281,-10.95177,-12.55346,-13.85776,-15.04778,-16.41097,-17.6597,-18.88975,-20.10103,-21.43266,-22.46703,-23.6216,-24.59209,-25.69993,-26.97086,-28.04892,-29.10772,-30.35511,-31.38374,-32.39295,-33.61613,-35.07867,-36.55548,-38.0464,-39.55128,-41.3456,-42.88632,-44.4405,-46.00799,-47.58862,-49.18222,-51.1142,-52.40768,-54.03918
125.4364,126.594,127.7446,128.8878,129.031,129.1643,129.2878,129.4015,130.5015,129.5993,130.6809,130.7557,130.8205,130.8753,130.9202,131.9548,131.9799,131.995,133,132.9949,132.9797,133.9541,133.9184,137.8687,144.8013,150.7184,156.6176,159.5068,158.395,156.2772,156.1399,154.9972,153.8447,152.6825,151.511,150.3304,149.1409,146.9566,145.7515,145.5217,144.2992,144.0489,142.8095,141.5629,141.2837,140.0213,140.6929,141.3496,141.9911,142.6173,144.1893,144.7818,145.3583,145.9187,146.4627,146.9902,148.4464,147.9947,148.4714
19.86718,18.9196,17.95333,16.9684,15.84301,14.71642,13.5887,12.45995,11.4174,10.19968,9.138098,7.997359,6.85601,5.71414,4.571834,3.455357,2.303718,1.151903,0,-1.160629,-2.32117,-3.507711,-4.676533,-6.019475,-7.588714,-9.218329,-10.95177,-12.55346,-13.85776,-15.04778,-16.41097,-17.6597,-18.88975,-20.10103,-21.29348,-22.46703,-23.6216,-24.59209,-25.69993,-26.97086,-28.04892,-29.30709,-30.35511,-31.38374,-32.6179,-33.61613,-35.07867,-36.55548,-38.0464,-39.55128,-41.3456,-42.88632,-44.4405,-46.00799,-47.58862,-49.18222,-51.1142,-52.40768,-54.03918
125.4364,126.594,128.7348,127.8964,129.031,128.1708,129.2878,129.4015,129.5053,130.5962,130.6809,130.7557,130.8205,130.8753,131.9196,131.9548,131.9799,132.9949,133,132.9949,132.9797,133.9541,132.919,137.8687,143.8027,150.7184,156.6176,159.5068,158.395,156.2772,156.1399,154.9972,153.8447,152.6825,152.5013,150.3304,149.1409,146.9566,145.7515,145.5217,145.2808,144.0489,142.8095,141.5629,141.2837,140.0213,140.6929,141.3496,141.9911,142.6173,144.1893,144.7818,145.3583,145.9187,146.4627,146.9902,147.5009,147.9947,148.4714
19.86718,18.9196,18.0925,16.83788,15.84301,14.60321,13.5887,12.45995,11.33025,10.27814,9.138098,7.997359,6.85601,5.71414,4.606734,3.455357,2.303718,1.160629,0,-1.160629,-2.32117,-3.507711,-4.641633,-6.019475,-7.536378,-9.218329,-10.95177,-12.55346,-13.85776,-15.04778,-16.41097,-17.6597,-18.88975,-20.10103,-21.43266,-22.46703,-23.6216,-24.59209,-25.69993,-26.97086,-28.23973,-29.30709,-30.35511,-31.38374,-32.6179,-33.61613,-35.07867,-36.55548,-38.0464,-39.55128,-41.3456,-42.88632,-44.4405,-46.00799,-47.58862,-49.18222,-50.78863,-52.40768,-54.03918
127.4118,126.594,127.7446,127.8964,129.031,129.1643,129.2878,129.4015,129.5053,130.5962,130.6809,130.7557,130.8205,131.8744,131.9196,131.9548,131.9799,132.9949,133,132.9949,132.9797,133.9541,132.919,137.8687,144.8013,150.7184,156.6176,159.5068,158.395,157.2726,156.1399,154.9972,153.8447,152.6825,151.511,150.3304,149.1409,146.9566,145.7515,145.5217,145.2808,144.0489,142.8095,141.5629,140.3093,140.0213,140.6929,142.3177,141.9911,142.6173,144.1893,144.7818,145.3583,145.9187,146.4627,147.9385,147.5009,148.9374,148.4714
20.18005,18.9196,17.95333,16.83788,15.84301,14.71642,13.5887,12.45995,11.33025,10.27814,9.138098,7.997359,6.85601,5.757759,4.606734,3.455357,2.303718,1.160629,0,-1.160629,-2.32117,-3.507711,-4.641633,-6.019475,-7.588714,-9.218329,-10.95177,-12.55346,-13.85776,-15.14363,-16.41097,-17.6597,-18.88975,-20.10103,-21.29348,-22.46703,-23.6216,-24.59209,-25.69993,-26.97086,-28.23973,-29.30709,-30.35511,-31.38374,-32.39295,-33.61613,-35.07867,-36.80586,-38.0464,-39.55128,-41.3456,-42.88632,-44.4405,-46.00799,-47.58862,-49.49953,-50.78863,-52.74148,-54.03918
124.4487,126.594,128.7348,128.8878,129.031,129.1643,129.2878,129.4015,130.5015,129.5993,129.6833,130.7557,130.8205,130.8753,130.9202,131.9548,131.9799,132.9949,133,132.9949,132.9797,133.9541,132.919,137.8687,144.8013,149.7202,156.6176,159.5068,158.395,156.2772,156.1399,154.9972,153.8447,152.6825,151.511,150.3304,150.1286,146.9566,146.7364,145.5217,144.2992,143.069,142.8095,141.5629,140.3093,140.9936,140.6929,141.3496,141.9911,142.6173,144.1893,144.7818,145.3583,145.9187,147.4138,147.9385,148.4464,148.9374,148.4714
19.71074,18.9196,18.0925,16.9684,15.84301,14.71642,13.5887,12.45995,11.4174,10.19968,9.068342,7.997359,6.85601,5.71414,4.571834,3.455357,2.303718,1.160629,0,-1.160629,-2.32117,-3.507711,-4.641633,-6.019475,-7.588714,-9.157281,-10.95177,-12.55346,-13.85776,-15.04778,-16.41097,-17.6597,-18.88975,-20.10103,-21.29348,-22.46703,-23.77804,-24.59209,-25.87358,-26.97086,-28.04892,-29.10772,-30.35511,-31.38374,-32.39295,-33.84958,-35.07867,-36.55548,-38.0464,-39.55128,-41.3456,-42.88632,-44.4405,-46.00799,-47.89763,-49.49953,-51.1142,-52.74148,-54.03918
125.4364,127.583,127.7446,128.8878,129.031,128.1708,129.2878,129.4015,130.5015,129.5993,130.6809,130.7557,130.8205,130.8753,130.9202,131.9548,131.9799,132.9949,132,132.9949,132.9797,133.9541,132.919,137.8687,144.8013,149.7202,156.6176,159.5068,158.395,156.2772,156.1399,154.9972,153.8447,152.6825,151.511,150.3304,149.1409,146.9566,145.7515,145.5217,145.2808,144.0489,142.8095,141.5629,140.3093,140.9936,140.6929,141.3496,141.9911,142.6173,144.1893,144.7818,145.3583,145.9187,146.4627,146.9902,148.4464,147.9947,148.4714
19.86718,19.06741,17.95333,16.9684,15.84301,14.60321,13.5887,12.45995,11.4174,10.19968,9.138098,7.997359,6.85601,5.71414,4.571834,3.455357,2.303718,1.160629,0,-1.160629,-2.32117,-3.507711,-4.641633,-6.019475,-7.588714,-9.157281,-10.95177,-12.55346,-13.85776,-15.04778,-16.41097,-17.6597,-18.88975,-20.10103,-21.29348,-22.46703,-23.6216,-24.59209,-25.69993,-26.97086,-28.23973,-29.30709,-30.35511,-31.38374,-32.39295,-33.84958,-35.07867,-36.55548,-38.0464,-39.55128,-41.3456,-42.88632,-44.4405,-46.00799,-47.58862,-49.18222,-51.1142,-52.40768,-54.03918
126.4241,126.594,127.7446,128.8878,129.031,129.1643,129.2878,129.4015,129.5053,130.5962,130.6809,130.7557,130.8205,130.8753,130.9202,131.9548,131.9799,132.9949,133,132.9949,132.9797,133.9541,133.9184,137.8687,143.8027,150.7184,156.6176,159.5068,158.395,156.2772,156.1399,154.9972,153.8447,152.6825,151.511,150.3304,149.1409,146.9566,146.7364,145.5217,145.2808,143.069,142.8095,141.5629,141.2837,140.0213,140.6929,141.3496,141.9911,142.6173,144.1893,144.7818,145.3583,145.9187,146.4627,146.9902,148.4464,148.9374,148.4714
20.02361,18.9196,17.95333,16.9684,15.84301,14.71642,13.5887,12.45995,11.33025,10.27814,9.138098,7.997359,6.85601,5.71414,4.571834,3.455357,2.303718,1.160629,0,-1.160629,-2.32117,-3.507711,-4.676533,-6.019475,-7.536378,-9.218329,-10.95177,-12.55346,-13.85776,-15.04778,-16.41097,-17.6597,-18.88975,-20.10103,-21.29348,-22.46703,-23.6216,-24.59209,-25.87358,-26.97086,-28.23973,-29.10772,-30.35511,-31.38374,-32.6179,-33.61613,-35.07867,-36.55548,-38.0464,-39.55128,-41.3456,-42.88632,-44.4405,-46.00799,-47.58862,-49.18222,-51.1142,-52.74148,-54.03918
124.4487,127.583,127.7446,128.8878,129.031,129.1643,129.2878,129.4015,130.5015,130.5962,130.6809,130.7557,130.8205,130.8753,130.9202,131.9548,131.9799,132.9949,133,132.9949,132.9797,133.9541,133.9184,137.8687,144.8013,150.7184,156.6176,159.5068,158.395,157.2726,156.1399,154.9972,153.8447,152.6825,151.511,150.3304,149.1409,146.9566,145.7515,145.5217,145.2808,144.0489,142.8095,141.5629,141.2837,140.0213,140.6929,141.3496,141.9911,142.6173,144.1893,144.7818,145.3583,145.9187,146.4627,147.9385,148.4464,148.9374,147.5317
19.71074,19.06741,17.95333,16.9684,15.84301,14.71642,13.5887,12.45995,11.4174,10.27814,9.138098,7.997359,6.85601,5.71414,4.571834,3.455357,2.303718,1.160629,0,-1.160629,-2.32117,-3.507711,-4.676533,-6.019475,-7.588714,-9.218329,-10.95177,-12.55346,-13.85776,-15.14363,-16.41097,-17.6597,-18.88975,-20.10103,-21.29348,-22.46703,-23.6216,-24.59209,-25.69993,-26.97086,-28.23973,-29.30709,-30.35511,-31.38374,-32.6179,-33.61613,-35.07867,-36.55548,-38.0464,-39.55128,-41.3456,-42.88632,-44.4405,-46.00799,-47.58862,-49.49953,-51.1142,-52.74148,-53.69716
