83.01805,82.88425,83.49884,84.10708,85.48606,86.0869,86.68118,87.26887,87.84991,88.42425,88.99187,89.55271,90.92588,91.47801,92.02317,92.56133,93.09243,93.61645,94.13334,94.64306,95.14557,95.64084,97.86087,98.35019,99.70665,104.5792,109.4855,115.3114,120.2859,120.8161,120.4384,120.0438,119.6326,119.2049,118.7609,118.3007,117.8246,118.2566,117.7523,118.163,116.6976,117.084,117.4616,116.8875,117.2443,116.6438,116.0289,117.3072,117.6255,117.9348,118.2352,119.4902,120.7407,121.0185,122.2573,123.491,124.7194,124.9659,126.181,128.3701,129.5748,128.8064,129.9946,131.176,132.3502,132.5281,133.6862
72.16649,70.78984,70.06385,69.33253,69.22524,68.47661,67.72276,66.96376,66.19965,65.43051,64.65638,63.87733,63.66698,62.87109,62.07041,61.26501,60.45493,59.64026,58.82104,57.99734,57.16923,56.33676,56.5,55.64386,55.2683,56.78189,58.21447,60.02732,61.28872,60.2367,58.74173,57.25798,55.78561,54.32481,52.87576,51.43863,50.01358,48.98348,47.57504,46.54566,44.79599,43.77592,42.75252,41.39205,40.37045,39.02847,37.70007,36.98681,35.96172,34.93389,33.90339,33.13756,32.35238,31.2975,30.48216,29.64756,28.79373,27.70427,26.82061,26.1172,25.18679,23.87285,22.92156,21.95133,20.96222,19.80646,18.78837
83.01805,82.88425,84.26489,84.8787,85.48606,86.0869,86.68118,87.26887,87.84991,88.42425,89.80089,89.55271,90.92588,91.47801,92.02317,92.56133,93.09243,93.61645,94.13334,94.64306,96.00274,96.50247,96.99485,97.47984,100.5813,104.5792,109.4855,115.3114,120.2859,120.8161,120.4384,120.0438,119.6326,119.2049,118.7609,118.3007,117.8246,118.2566,118.6795,118.163,117.6311,118.0207,117.4616,117.8302,117.2443,116.6438,116.98,117.3072,117.6255,117.9348,118.2352,119.4902,120.7407,121.9866,122.2573,123.491,124.7194,124.9659,127.1592,126.4103,128.5932,129.7896,129.9946,131.176,132.3502,134.5062,133.6862
72.16649,70.78984,70.70664,69.9686,69.22524,68.47661,67.72276,66.96376,66.19965,65.43051,65.24416,63.87733,63.66698,62.87109,62.07041,61.26501,60.45493,59.64026,58.82104,57.99734,57.68426,56.8443,56,55.15144,55.75311,56.78189,58.21447,60.02732,61.28872,60.2367,58.74173,57.25798,55.78561,54.32481,52.87576,51.43863,50.01358,48.98348,47.94964,46.54566,45.15436,44.12613,42.75252,41.72586,40.37045,39.02847,38.00909,36.98681,35.96172,34.93389,33.90339,33.13756,32.35238,31.54788,30.48216,29.64756,28.79373,27.70427,27.02852,25.71846,24.99598,24.05509,22.92156,21.95133,20.96222,20.10208,18.78837
82.26334,82.88425,84.26489,84.8787,85.48606,86.0869,86.68118,87.26887,87.84991,88.42425,88.99187,89.55271,90.92588,90.65388,92.02317,92.56133,93.09243,93.61645,94.13334,94.64306,96.00274,96.50247,96.99485,97.47984,99.70665,104.5792,109.4855,115.3114,120.2859,120.8161,120.4384,119.1413,119.6326,119.2049,118.7609,118.3007,117.8246,118.2566,117.7523,117.2326,117.6311,118.0207,117.4616,116.8875,117.2443,116.6438,116.98,116.3535,117.6255,117.9348,118.2352,118.5265,120.7407,121.9866,122.2573,123.491,124.7194,124.9659,126.181,127.3902,128.5932,128.8064,129.9946,131.176,133.3379,133.5171,134.6765
71.51043,70.78984,70.70664,69.9686,69.22524,68.47661,67.72276,66.96376,66.19965,65.43051,64.65638,63.87733,63.66698,62.30469,62.07041,61.26501,60.45493,59.64026,58.82104,57.99734,57.68426,56.8443,56,55.15144,55.2683,56.78189,58.21447,60.02732,61.28872,60.2367,58.74173,56.82746,55.78561,54.32481,52.87576,51.43863,50.01358,48.98348,47.57504,46.17915,45.15436,44.12613,42.75252,41.39205,40.37045,39.02847,38.00909,36.68611,35.96172,34.93389,33.90339,32.87032,32.35238,31.54788,30.48216,29.64756,28.79373,27.70427,26.82061,25.91783,24.99598,23.87285,22.92156,21.95133,21.11865,19.95427,18.92754
83.01805,82.88425,84.26489,84.8787,85.48606,86.0869,86.68118,87.26887,87.84991,88.42425,88.99187,90.36682,90.92588,91.47801,92.02317,92.56133,93.09243,93.61645,94.13334,94.64306,95.14557,96.50247,97.86087,97.47984,99.70665,104.5792,109.4855,115.3114,120.2859,120.8161,120.4384,120.0438,119.6326,119.2049,118.7609,118.3007,117.8246,118.2566,118.6795,118.163,117.6311,118.0207,117.4616,116.8875,117.2443,116.6438,116.98,117.3072,117.6255,116.976,118.2352,119.4902,120.7407,121.0185,122.2573,123.491,123.745,124.9659,126.181,126.4103,128.5932,129.7896,129.9946,131.176,133.3379,133.5171,133.6862
72.16649,70.78984,70.70664,69.9686,69.22524,68.47661,67.72276,66.96376,66.19965,65.43051,64.65638,64.45803,63.66698,62.87109,62.07041,61.26501,60.45493,59.64026,58.82104,57.99734,57.16923,56.8443,56.5,55.15144,55.2683,56.78189,58.21447,60.02732,61.28872,60.2367,58.74173,57.25798,55.78561,54.32481,52.87576,51.43863,50.01358,48.98348,47.94964,46.54566,45.15436,44.12613,42.75252,41.39205,40.37045,39.02847,38.00909,36.98681,35.96172,34.64987,33.90339,33.13756,32.35238,31.2975,30.48216,29.64756,28.56878,27.70427,26.82061,25.71846,24.99598,24.05509,22.92156,21.95133,21.11865,19.95427,18.78837
83.01805,83.64466,84.26489,84.8787,85.48606,85.30429,86.68118,87.26887,87.84991,88.42425,88.99187,89.55271,90.10672,91.47801,92.02317,92.56133,93.09243,93.61645,94.13334,94.64306,96.00274,96.50247,97.86087,97.47984,99.70665,104.5792,109.4855,115.3114,120.2859,120.8161,120.4384,120.0438,119.6326,119.2049,118.7609,118.3007,117.8246,118.2566,118.6795,118.163,117.6311,118.0207,117.4616,116.8875,117.2443,116.6438,116.98,117.3072,117.6255,116.976,118.2352,119.4902,120.7407,121.9866,122.2573,123.491,124.7194,124.9659,126.181,127.3902,128.5932,128.8064,130.9794,131.176,133.3379,133.5171,135.6667
72.16649,71.43929,70.70664,69.9686,69.22524,67.8541,67.72276,66.96376,66.19965,65.43051,64.65638,63.87733,63.09341,62.87109,62.07041,61.26501,60.45493,59.64026,58.82104,57.99734,57.68426,56.8443,56.5,55.15144,55.2683,56.78189,58.21447,60.02732,61.28872,60.2367,58.74173,57.25798,55.78561,54.32481,52.87576,51.43863,50.01358,48.98348,47.94964,46.54566,45.15436,44.12613,42.75252,41.39205,40.37045,39.02847,38.00909,36.98681,35.96172,34.64987,33.90339,33.13756,32.35238,31.54788,30.48216,29.64756,28.79373,27.70427,26.82061,25.91783,24.99598,23.87285,23.09521,21.95133,21.11865,19.95427,19.06671
83.01805,82.88425,84.26489,84.8787,85.48606,86.0869,86.68118,87.26887,87.84991,88.42425,88.99187,89.55271,90.92588,91.47801,92.02317,92.56133,93.09243,93.61645,94.13334,94.64306,96.00274,96.50247,97.86087,97.47984,100.5813,104.5792,109.4855,115.3114,120.2859,120.8161,120.4384,120.0438,119.6326,119.2049,118.7609,118.3007,117.8246,118.2566,116.8252,118.163,117.6311,118.0207,117.4616,117.8302,117.2443,117.5921,116.98,117.3072,117.6255,117.9348,118.2352,119.4902,120.7407,121.9866,122.2573,123.491,124.7194,125.9422,126.181,127.3902,127.6115,128.8064,129.9946,131.176,133.3379,133.5171,133.6862
72.16649,70.78984,70.70664,69.9686,69.22524,68.47661,67.72276,66.96376,66.19965,65.43051,64.65638,63.87733,63.66698,62.87109,62.07041,61.26501,60.45493,59.64026,58.82104,57.99734,57.68426,56.8443,56.5,55.15144,55.75311,56.78189,58.21447,60.02732,61.28872,60.2367,58.74173,57.25798,55.78561,54.32481,52.87576,51.43863,50.01358,48.98348,47.20043,46.54566,45.15436,44.12613,42.75252,41.72586,40.37045,39.34578,38.00909,36.98681,35.96172,34.93389,33.90339,33.13756,32.35238,31.54788,30.48216,29.64756,28.79373,27.92071,26.82061,25.91783,24.80517,23.87285,22.92156,21.95133,21.11865,19.95427,18.78837
83.01805,83.64466,84.26489,84.8787,85.48606,86.0869,86.68118,87.26887,87.84991,88.42425,88.99187,90.36682,90.10672,91.47801,92.02317,92.56133,93.09243,93.61645,94.13334,94.64306,96.00274,96.50247,96.99485,97.47984,99.70665,104.5792,109.4855,115.3114,120.2859,120.8161,120.4384,119.1413,119.6326,119.2049,118.7609,118.3007,117.8246,119.1805,117.7523,117.2326,117.6311,118.0207,117.4616,116.8875,117.2443,116.6438,116.0289,116.3535,117.6255,116.976,118.2352,119.4902,120.7407,121.9866,122.2573,123.491,124.7194,124.9659,127.1592,128.3701,129.5748,128.8064,129.9946,131.176,132.3502,133.5171,132.6959
72.16649,71.43929,70.70664,69.9686,69.22524,68.47661,67.72276,66.96376,66.19965,65.43051,64.65638,64.45803,63.09341,62.87109,62.07041,61.26501,60.45493,59.64026,58.82104,57.99734,57.68426,56.8443,56,55.15144,55.2683,56.78189,58.21447,60.02732,61.28872,60.2367,58.74173,56.82746,55.78561,54.32481,52.87576,51.43863,50.01358,49.36616,47.57504,46.17915,45.15436,44.12613,42.75252,41.39205,40.37045,39.02847,37.70007,36.68611,35.96172,34.64987,33.90339,33.13756,32.35238,31.54788,30.48216,29.64756,28.79373,27.70427,27.02852,26.1172,25.18679,23.87285,22.92156,21.95133,20.96222,19.95427,18.6492
83.01805,83.64466,84.26489,84.10708,85.48606,86.0869,86.68118,87.26887,87.84991,88.42425,88.99187,90.36682,90.10672,91.47801,92.02317,92.56133,93.09243,93.61645,94.13334,94.64306,96.00274,96.50247,96.99485,97.47984,99.70665,104.5792,109.4855,115.3114,120.2859,120.8161,120.4384,120.0438,119.6326,119.2049,118.7609,118.3007,117.8246,118.2566,117.7523,118.163,118.5647,118.0207,117.4616,117.8302,117.2443,116.6438,116.98,117.3072,117.6255,117.9348,118.2352,119.4902,120.7407,121.0185,122.2573,123.491,124.7194,124.9659,126.181,127.3902,128.5932,128.8064,129.9946,131.176,132.3502,132.5281,135.6667
72.16649,71.43929,70.70664,69.33253,69.22524,68.47661,67.72276,66.96376,66.19965,65.43051,64.65638,64.45803,63.09341,62.87109,62.07041,61.26501,60.45493,59.64026,58.82104,57.99734,57.68426,56.8443,56,55.15144,55.2683,56.78189,58.21447,60.02732,61.28872,60.2367,58.74173,57.25798,55.78561,54.32481,52.87576,51.43863,50.01358,48.98348,47.57504,46.54566,45.51273,44.12613,42.75252,41.72586,40.37045,39.02847,38.00909,36.98681,35.96172,34.93389,33.90339,33.13756,32.35238,31.2975,30.48216,29.64756,28.79373,27.70427,26.82061,25.91783,24.99598,23.87285,22.92156,21.95133,20.96222,19.80646,19.06671
83.01805,83.64466,83.49884,84.8787,85.48606,86.0869,86.68118,87.26887,87.84991,88.42425,88.99187,90.36682,90.92588,91.47801,92.02317,92.56133,93.09243,93.61645,94.13334,94.64306,96.00274,96.50247,97.86087,97.47984,99.70665,104.5792,109.4855,115.3114,120.2859,120.8161,120.4384,120.0438,119.6326,119.2049,118.7609,118.3007,117.8246,117.3327,118.6795,118.163,118.5647,117.084,117.4616,117.8302,117.2443,116.6438,116.0289,117.3072,117.6255,117.9348,118.2352,119.4902,120.7407,121.9866,122.2573,123.491,124.7194,124.9659,126.181,128.3701,127.6115,129.7896,129.9946,131.176,132.3502,133.5171,133.6862
72.16649,71.43929,70.06385,69.9686,69.22524,68.47661,67.72276,66.96376,66.19965,65.43051,64.65638,64.45803,63.66698,62.87109,62.07041,61.26501,60.45493,59.64026,58.82104,57.99734,57.68426,56.8443,56.5,55.15144,55.2683,56.78189,58.21447,60.02732,61.28872,60.2367,58.74173,57.25798,55.78561,54.32481,52.87576,51.43863,50.01358,48.6008,47.94964,46.54566,45.51273,43.77592,42.75252,41.72586,40.37045,39.02847,37.70007,36.98681,35.96172,34.93389,33.90339,33.13756,32.35238,31.54788,30.48216,29.64756,28.79373,27.70427,26.82061,26.1172,24.80517,24.05509,22.92156,21.95133,20.96222,19.95427,18.78837
83.01805,83.64466,84.26489,84.8787,84.70891,86.0869,86.68118,87.26887,87.84991,88.42425,88.99187,89.55271,90.10672,90.65388,92.02317,92.56133,93.09243,93.61645,94.13334,94.64306,96.00274,96.50247,96.99485,97.47984,99.70665,104.5792,109.4855,115.3114,120.2859,120.8161,120.4384,120.0438,119.6326,119.2049,118.7609,118.3007,117.8246,118.2566,117.7523,118.163,117.6311,118.0207,117.4616,117.8302,117.2443,116.6438,116.0289,117.3072,117.6255,117.9348,118.2352,119.4902,120.7407,121.9866,122.2573,123.491,124.7194,124.9659,127.1592,126.4103,127.6115,128.8064,129.9946,131.176,132.3502,133.5171,132.6959
72.16649,71.43929,70.70664,69.9686,68.59592,68.47661,67.72276,66.96376,66.19965,65.43051,64.65638,63.87733,63.09341,62.30469,62.07041,61.26501,60.45493,59.64026,58.82104,57.99734,57.68426,56.8443,56,55.15144,55.2683,56.78189,58.21447,60.02732,61.28872,60.2367,58.74173,57.25798,55.78561,54.32481,52.87576,51.43863,50.01358,48.98348,47.57504,46.54566,45.15436,44.12613,42.75252,41.72586,40.37045,39.02847,37.70007,36.98681,35.96172,34.93389,33.90339,33.13756,32.35238,31.54788,30.48216,29.64756,28.79373,27.70427,27.02852,25.71846,24.80517,23.87285,22.92156,21.95133,20.96222,19.95427,18.6492
83.01805,83.64466,84.26489,84.8787,85.48606,86.0869,86.68118,87.26887,87.84991,88.42425,88.99187,89.55271,90.10672,91.47801,92.02317,92.56133,93.09243,93.61645,94.13334,95.4957,95.14557,96.50247,97.86087,97.47984,100.5813,104.5792,109.4855,115.3114,120.2859,120.8161,120.4384,120.0438,119.6326,119.2049,118.7609,118.3007,117.8246,119.1805,118.6795,118.163,118.5647,118.0207,117.4616,116.8875,117.2443,116.6438,116.0289,117.3072,117.6255,116.976,118.2352,119.4902,120.7407,121.9866,122.2573,123.491,124.7194,124.9659,126.181,126.4103,127.6115,129.7896,130.9794,131.176,132.3502,133.5171,133.6862
72.16649,71.43929,70.70664,69.9686,69.22524,68.47661,67.72276,66.96376,66.19965,65.43051,64.65638,63.87733,63.09341,62.87109,62.07041,61.26501,60.45493,59.64026,58.82104,58.51984,57.16923,56.8443,56.5,55.15144,55.75311,56.78189,58.21447,60.02732,61.28872,60.2367,58.74173,57.25798,55.78561,54.32481,52.87576,51.43863,50.01358,49.36616,47.94964,46.54566,45.51273,44.12613,42.75252,41.39205,40.37045,39.02847,37.70007,36.98681,35.96172,34.64987,33.90339,33.13756,32.35238,31.54788,30.48216,29.64756,28.79373,27.70427,26.82061,25.71846,24.80517,24.05509,23.09521,21.95133,20.96222,19.95427,18.78837
83.01805,83.64466,83.49884,84.8787,84.70891,85.30429,86.68118,87.26887,87.84991,88.42425,88.99187,89.55271,90.92588,91.47801,92.02317,91.72744,93.09243,93.61645,94.13334,95.4957,95.14557,96.50247,96.99485,97.47984,99.70665,104.5792,109.4855,115.3114,120.2859,120.8161,120.4384,120.0438,118.7263,119.2049,118.7609,118.3007,117.8246,117.3327,118.6795,117.2326,117.6311,118.0207,117.4616,116.8875,117.2443,116.6438,116.0289,116.3535,117.6255,116.976,118.2352,119.4902,120.7407,121.9866,122.2573,123.491,124.7194,124.9659,126.181,126.4103,128.5932,129.7896,129.9946,131.176,132.3502,133.5171,132.6959
72.16649,71.43929,70.06385,69.9686,68.59592,67.8541,67.72276,66.96376,66.19965,65.43051,64.65638,63.87733,63.66698,62.87109,62.07041,60.71307,60.45493,59.64026,58.82104,58.51984,57.16923,56.8443,56,55.15144,55.2683,56.78189,58.21447,60.02732,61.28872,60.2367,58.74173,57.25798,55.36299,54.32481,52.87576,51.43863,50.01358,48.6008,47.94964,46.17915,45.15436,44.12613,42.75252,41.39205,40.37045,39.02847,37.70007,36.68611,35.96172,34.64987,33.90339,33.13756,32.35238,31.54788,30.48216,29.64756,28.79373,27.70427,26.82061,25.71846,24.99598,24.05509,22.92156,21.95133,20.96222,19.95427,18.6492
83.01805,83.64466,83.49884,84.8787,85.48606,86.0869,86.68118,87.26887,87.84991,88.42425,88.99187,89.55271,90.92588,90.65388,92.02317,92.56133,93.09243,93.61645,94.13334,94.64306,95.14557,96.50247,97.86087,97.47984,99.70665,104.5792,109.4855,115.3114,120.2859,120.8161,120.4384,120.0438,119.6326,119.2049,118.7609,118.3007,117.8246,118.2566,117.7523,117.2326,118.5647,118.0207,117.4616,117.8302,116.2988,116.6438,116.0289,117.3072,117.6255,117.9348,118.2352,119.4902,120.7407,121.9866,122.2573,123.491,124.7194,124.9659,126.181,127.3902,128.5932,129.7896,129.9946,131.176,132.3502,133.5171,135.6667
72.16649,71.43929,70.06385,69.9686,69.22524,68.47661,67.72276,66.96376,66.19965,65.43051,64.65638,63.87733,63.66698,62.30469,62.07041,61.26501,60.45493,59.64026,58.82104,57.99734,57.16923,56.8443,56.5,55.15144,55.2683,56.78189,58.21447,60.02732,61.28872,60.2367,58.74173,57.25798,55.78561,54.32481,52.87576,51.43863,50.01358,48.98348,47.57504,46.17915,45.51273,44.12613,42.75252,41.72586,40.04488,39.02847,37.70007,36.98681,35.96172,34.93389,33.90339,33.13756,32.35238,31.54788,30.48216,29.64756,28.79373,27.70427,26.82061,25.91783,24.99598,24.05509,22.92156,21.95133,20.96222,19.95427,19.06671
83.01805,82.88425,84.26489,84.8787,85.48606,86.0869,86.68118,87.26887,87.84991,88.42425,88.99187,90.36682,90.10672,91.47801,92.02317,92.56133,93.09243,93.61645,94.13334,95.4957,96.00274,95.64084,97.86087,97.47984,100.5813,104.5792,110.3684,115.3114,121.1769,120.8161,120.4384,120.0438,119.6326,119.2049,118.7609,118.3007,117.8246,118.2566,117.7523,118.163,117.6311,118.0207,117.4616,116.8875,117.2443,116.6438,116.0289,116.3535,117.6255,117.9348,118.2352,119.4902,120.7407,121.9866,123.2276,123.491,124.7194,125.9422,127.1592,126.4103,127.6115,129.7896,130.9794,131.176,132.3502,133.5171,134.6765
72.16649,70.78984,70.70664,69.9686,69.22524,68.47661,67.72276,66.96376,66.19965,65.43051,64.65638,64.45803,63.09341,62.87109,62.07041,61.26501,60.45493,59.64026,58.82104,58.51984,57.68426,56.33676,56.5,55.15144,55.75311,56.78189,58.68395,60.02732,61.74271,60.2367,58.74173,57.25798,55.78561,54.32481,52.87576,51.43863,50.01358,48.98348,47.57504,46.54566,45.15436,44.12613,42.75252,41.39205,40.37045,39.02847,37.70007,36.68611,35.96172,34.93389,33.90339,33.13756,32.35238,31.54788,30.72408,29.64756,28.79373,27.92071,27.02852,25.71846,24.80517,24.05509,23.09521,21.95133,20.96222,19.95427,18.92754
83.01805,82.88425,83.49884,84.10708,85.48606,86.0869,86.68118,87.26887,87.84991,88.42425,88.99187,89.55271,90.92588,91.47801,92.02317,92.56133,93.09243,93.61645,94.13334,94.64306,95.14557,96.50247,97.86087,97.47984,99.70665,104.5792,110.3684,115.3114,120.2859,120.8161,120.4384,120.0438,119.6326,119.2049,118.7609,118.3007,117.8246,118.2566,117.7523,118.163,118.5647,118.0207,117.4616,117.8302,117.2443,116.6438,116.98,117.3072,117.6255,117.9348,118.2352,119.4902,120.7407,121.0185,122.2573,123.491,124.7194,124.9659,127.1592,127.3902,129.5748,129.7896,129.9946,131.176,133.3379,132.5281,134.6765
72.16649,70.78984,70.06385,69.33253,69.22524,68.47661,67.72276,66.96376,66.19965,65.43051,64.65638,63.87733,63.66698,62.87109,62.07041,61.26501,60.45493,59.64026,58.82104,57.99734,57.16923,56.8443,56.5,55.15144,55.2683,56.78189,58.68395,60.02732,61.28872,60.2367,58.74173,57.25798,55.78561,54.32481,52.87576,51.43863,50.01358,48.98348,47.57504,46.54566,45.51273,44.12613,42.75252,41.72586,40.37045,39.02847,38.00909,36.98681,35.96172,34.93389,33.90339,33.13756,32.35238,31.2975,30.48216,29.64756,28.79373,27.70427,27.02852,25.91783,25.18679,24.05509,22.92156,21.95133,21.11865,19.80646,18.92754
83.01805,83.64466,84.26489,84.8787,85.48606,86.0869,86.68118,87.26887,87.84991,88.42425,88.99187,90.36682,90.10672,91.47801,92.02317,92.56133,93.09243,93.61645,94.13334,94.64306,96.00274,96.50247,96.99485,97.47984,100.5813,104.5792,109.4855,115.3114,120.2859,120.8161,120.4384,120.0438,119.6326,119.2049,118.7609,118.3007,117.8246,119.1805,118.6795,118.163,117.6311,117.084,117.4616,116.8875,117.2443,116.6438,116.98,117.3072,117.6255,117.9348,118.2352,119.4902,120.7407,121.9866,123.2276,123.491,124.7194,125.9422,126.181,127.3902,128.5932,128.8064,129.9946,131.176,132.3502,132.5281,133.6862
72.16649,71.43929,70.70664,69.9686,69.22524,68.47661,67.72276,66.96376,66.19965,65.43051,64.65638,64.45803,63.09341,62.87109,62.07041,61.26501,60.45493,59.64026,58.82104,57.99734,57.68426,56.8443,56,55.15144,55.75311,56.78189,58.21447,60.02732,61.28872,60.2367,58.74173,57.25798,55.78561,54.32481,52.87576,51.43863,50.01358,49.36616,47.94964,46.54566,45.15436,43.77592,42.75252,41.39205,40.37045,39.02847,38.00909,36.98681,35.96172,34.93389,33.90339,33.13756,32.35238,31.54788,30.72408,29.64756,28.79373,27.92071,26.82061,25.91783,24.99598,23.87285,22.92156,21.95133,20.96222,19.80646,18.78837
83.01805,83.64466,84.26489,84.8787,85.48606,86.0869,86.68118,87.26887,87.84991,88.42425,88.99187,90.36682,90.10672,91.47801,92.02317,92.56133,93.09243,93.61645,94.13334,94.64306,95.14557,96.50247,96.99485,97.47984,99.70665,104.5792,109.4855,115.3114,120.2859,120.8161,120.4384,120.0438,119.6326,119.2049,118.7609,118.3007,117.8246,117.3327,117.7523,118.163,117.6311,117.084,117.4616,116.8875,117.2443,116.6438,116.98,117.3072,117.6255,117.9348,118.2352,119.4902,120.7407,121.9866,122.2573,123.491,124.7194,124.9659,127.1592,126.4103,128.5932,128.8064,129.9946,131.176,132.3502,133.5171,134.6765
72.16649,71.43929,70.70664,69.9686,69.22524,68.47661,67.72276,66.96376,66.19965,65.43051,64.65638,64.45803,63.09341,62.87109,62.07041,61.26501,60.45493,59.64026,58.82104,57.99734,57.16923,56.8443,56,55.15144,55.2683,56.78189,58.21447,60.02732,61.28872,60.2367,58.74173,57.25798,55.78561,54.32481,52.87576,51.43863,50.01358,48.6008,47.57504,46.54566,45.15436,43.77592,42.75252,41.39205,40.37045,39.02847,38.00909,36.98681,35.96172,34.93389,33.90339,33.13756,32.35238,31.54788,30.48216,29.64756,28.79373,27.70427,27.02852,25.71846,24.99598,23.87285,22.92156,21.95133,20.96222,19.95427,18.92754
83.01805,82.88425,83.49884,84.10708,85.48606,86.0869,86.68118,87.26887,87.84991,88.42425,88.99187,89.55271,90.10672,91.47801,92.02317,92.56133,93.09243,93.61645,94.13334,95.4957,95.14557,96.50247,97.86087,97.47984,99.70665,104.5792,109.4855,115.3114,120.2859,120.8161,120.4384,120.0438,119.6326,119.2049,118.7609,118.3007,117.8246,118.2566,118.6795,118.163,118.5647,117.084,117.4616,117.8302,117.2443,116.6438,116.0289,117.3072,117.6255,116.976,118.2352,119.4902,120.7407,121.9866,122.2573,123.491,123.745,124.9659,126.181,128.3701,127.6115,129.7896,129.9946,131.176,132.3502,133.5171,135.6667
72.16649,70.78984,70.06385,69.33253,69.22524,68.47661,67.72276,66.96376,66.19965,65.43051,64.65638,63.87733,63.09341,62.87109,62.07041,61.26501,60.45493,59.64026,58.82104,58.51984,57.16923,56.8443,56.5,55.15144,55.2683,56.78189,58.21447,60.02732,61.28872,60.2367,58.74173,57.25798,55.78561,54.32481,52.87576,51.43863,50.01358,48.98348,47.94964,46.54566,45.51273,43.77592,42.75252,41.72586,40.37045,39.02847,37.70007,36.98681,35.96172,34.64987,33.90339,33.13756,32.35238,31.54788,30.48216,29.64756,28.56878,27.70427,26.82061,26.1172,24.80517,24.05509,22.92156,21.95133,20.96222,19.95427,19.06671
82.26334,82.88425,83.49884,84.10708,85.48606,86.0869,86.68118,87.26887,87.84991,88.42425,88.99187,89.55271,90.92588,91.47801,92.02317,92.56133,93.09243,93.61645,94.13334,94.64306,95.14557,96.50247,96.99485,97.47984,99.70665,104.5792,109.4855,115.3114,120.2859,120.8161,120.4384,120.0438,119.6326,119.2049,118.7609,118.3007,118.7451,119.1805,117.7523,118.163,117.6311,118.0207,117.4616,116.8875,117.2443,116.6438,116.98,117.3072,117.6255,116.976,118.2352,119.4902,120.7407,121.9866,122.2573,123.491,124.7194,125.9422,125.2029,126.4103,128.5932,129.7896,129.9946,131.176,132.3502,133.5171,134.6765
71.51043,70.78984,70.06385,69.33253,69.22524,68.47661,67.72276,66.96376,66.19965,65.43051,64.65638,63.87733,63.66698,62.87109,62.07041,61.26501,60.45493,59.64026,58.82104,57.99734,57.16923,56.8443,56,55.15144,55.2683,56.78189,58.21447,60.02732,61.28872,60.2367,58.74173,57.25798,55.78561,54.32481,52.87576,51.43863,50.40432,49.36616,47.57504,46.54566,45.15436,44.12613,42.75252,41.39205,40.37045,39.02847,38.00909,36.98681,35.96172,34.64987,33.90339,33.13756,32.35238,31.54788,30.48216,29.64756,28.79373,27.92071,26.6127,25.71846,24.99598,24.05509,22.92156,21.95133,20.96222,19.95427,18.92754
83.01805,83.64466,83.49884,84.8787,85.48606,86.0869,86.68118,87.26887,87.84991,88.42425,88.99187,89.55271,90.10672,90.65388,92.02317,92.56133,93.09243,93.61645,94.13334,94.64306,95.14557,96.50247,96.99485,97.47984,99.70665,104.5792,109.4855,115.3114,120.2859,120.8161,120.4384,120.0438,119.6326,119.2049,118.7609,118.3007,117.8246,119.1805,117.7523,117.2326,116.6976,118.0207,117.4616,116.8875,117.2443,116.6438,116.0289,117.3072,117.6255,117.9348,118.2352,119.4902,120.7407,121.9866,122.2573,124.4633,124.7194,125.9422,126.181,126.4103,128.5932,129.7896,129.9946,131.176,133.3379,133.5171,134.6765
72.16649,71.43929,70.06385,69.9686,69.22524,68.47661,67.72276,66.96376,66.19965,65.43051,64.65638,63.87733,63.09341,62.30469,62.07041,61.26501,60.45493,59.64026,58.82104,57.99734,57.16923,56.8443,56,55.15144,55.2683,56.78189,58.21447,60.02732,61.28872,60.2367,58.74173,57.25798,55.78561,54.32481,52.87576,51.43863,50.01358,49.36616,47.57504,46.17915,44.79599,44.12613,42.75252,41.39205,40.37045,39.02847,37.70007,36.98681,35.96172,34.93389,33.90339,33.13756,32.35238,31.54788,30.48216,29.88101,28.79373,27.92071,26.82061,25.71846,24.99598,24.05509,22.92156,21.95133,21.11865,19.95427,18.92754
83.01805,82.88425,84.26489,84.8787,85.48606,86.0869,85.89317,87.26887,87.84991,88.42425,88.99187,89.55271,90.10672,91.47801,92.02317,92.56133,93.09243,93.61645,94.13334,94.64306,96.00274,96.50247,97.86087,97.47984,99.70665,104.5792,109.4855,115.3114,120.2859,120.8161,120.4384,120.0438,119.6326,119.2049,118.7609,118.3007,117.8246,118.2566,117.7523,118.163,117.6311,118.0207,117.4616,116.8875,117.2443,116.6438,116.98,116.3535,117.6255,116.976,118.2352,119.4902,120.7407,121.9866,122.2573,123.491,124.7194,124.9659,126.181,127.3902,128.5932,128.8064,129.9946,131.176,133.3379,133.5171,132.6959
72.16649,70.78984,70.70664,69.9686,69.22524,68.47661,67.1071,66.96376,66.19965,65.43051,64.65638,63.87733,63.09341,62.87109,62.07041,61.26501,60.45493,59.64026,58.82104,57.99734,57.68426,56.8443,56.5,55.15144,55.2683,56.78189,58.21447,60.02732,61.28872,60.2367,58.74173,57.25798,55.78561,54.32481,52.87576,51.43863,50.01358,48.98348,47.57504,46.54566,45.15436,44.12613,42.75252,41.39205,40.37045,39.02847,38.00909,36.68611,35.96172,34.64987,33.90339,33.13756,32.35238,31.54788,30.48216,29.64756,28.79373,27.70427,26.82061,25.91783,24.99598,23.87285,22.92156,21.95133,21.11865,19.95427,18.6492
83.01805,83.64466,84.26489,84.8787,85.48606,86.0869,86.68118,87.26887,87.84991,88.42425,89.80089,89.55271,90.92588,90.65388,91.19413,92.56133,93.09243,93.61645,94.13334,94.64306,96.00274,96.50247,97.86087,97.47984,99.70665,104.5792,109.4855,115.3114,120.2859,120.8161,120.4384,120.0438,119.6326,119.2049,118.7609,118.3007,117.8246,117.3327,117.7523,118.163,117.6311,118.0207,117.4616,117.8302,116.2988,116.6438,116.98,117.3072,117.6255,117.9348,118.2352,119.4902,120.7407,121.9866,122.2573,123.491,124.7194,125.9422,127.1592,126.4103,128.5932,129.7896,130.9794,131.176,132.3502,133.5171,133.6862
72.16649,71.43929,70.70664,69.9686,69.22524,68.47661,67.72276,66.96376,66.19965,65.43051,65.24416,63.87733,63.66698,62.30469,61.51122,61.26501,60.45493,59.64026,58.82104,57.99734,57.68426,56.8443,56.5,55.15144,55.2683,56.78189,58.21447,60.02732,61.28872,60.2367,58.74173,57.25798,55.78561,54.32481,52.87576,51.43863,50.01358,48.6008,47.57504,46.54566,45.15436,44.12613,42.75252,41.72586,40.04488,39.02847,38.00909,36.98681,35.96172,34.93389,33.90339,33.13756,32.35238,31.54788,30.48216,29.64756,28.79373,27.92071,27.02852,25.71846,24.99598,24.05509,23.09521,21.95133,20.96222,19.95427,18.78837
83.01805,83.64466,83.49884,84.8787,85.48606,86.0869,86.68118,87.26887,87.84991,88.42425,88.99187,90.36682,90.10672,91.47801,92.02317,92.56133,93.09243,93.61645,94.13334,94.64306,95.14557,96.50247,97.86087,97.47984,99.70665,104.5792,109.4855,115.3114,120.2859,120.8161,120.4384,120.0438,119.6326,119.2049,118.7609,118.3007,117.8246,118.2566,117.7523,118.163,118.5647,118.0207,117.4616,116.8875,117.2443,116.6438,116.98,117.3072,117.6255,117.9348,118.2352,119.4902,120.7407,121.9866,123.2276,123.491,124.7194,124.9659,126.181,126.4103,127.6115,128.8064,129.9946,131.176,133.3379,133.5171,138.6375
72.16649,71.43929,70.06385,69.9686,69.22524,68.47661,67.72276,66.96376,66.19965,65.43051,64.65638,64.45803,63.09341,62.87109,62.07041,61.26501,60.45493,59.64026,58.82104,57.99734,57.16923,56.8443,56.5,55.15144,55.2683,56.78189,58.21447,60.02732,61.28872,60.2367,58.74173,57.25798,55.78561,54.32481,52.87576,51.43863,50.01358,48.98348,47.57504,46.54566,45.51273,44.12613,42.75252,41.39205,40.37045,39.02847,38.00909,36.98681,35.96172,34.93389,33.90339,33.13756,32.35238,31.54788,30.72408,29.64756,28.79373,27.70427,26.82061,25.71846,24.80517,23.87285,22.92156,21.95133,21.11865,19.95427,19.48423
83.01805,82.88425,83.49884,84.8787,85.48606,86.0869,86.68118,87.26887,87.84991,88.42425,89.80089,89.55271,90.10672,90.65388,92.02317,92.56133,93.09243,93.61645,94.13334,94.64306,96.00274,96.50247,97.86087,97.47984,99.70665,104.5792,109.4855,115.3114,120.2859,120.8161,120.4384,120.0438,119.6326,119.2049,118.7609,118.3007,117.8246,118.2566,117.7523,118.163,118.5647,117.084,117.4616,116.8875,117.2443,116.6438,116.98,116.3535,117.6255,116.976,118.2352,119.4902,120.7407,121.9866,122.2573,123.491,124.7194,124.9659,127.1592,127.3902,129.5748,128.8064,129.9946,131.176,133.3379,134.5062,134.6765
72.16649,70.78984,70.06385,69.9686,69.22524,68.47661,67.72276,66.96376,66.19965,65.43051,65.24416,63.87733,63.09341,62.30469,62.07041,61.26501,60.45493,59.64026,58.82104,57.99734,57.68426,56.8443,56.5,55.15144,55.2683,56.78189,58.21447,60.02732,61.28872,60.2367,58.74173,57.25798,55.78561,54.32481,52.87576,51.43863,50.01358,48.98348,47.57504,46.54566,45.51273,43.77592,42.75252,41.39205,40.37045,39.02847,38.00909,36.68611,35.96172,34.64987,33.90339,33.13756,32.35238,31.54788,30.48216,29.64756,28.79373,27.70427,27.02852,25.91783,25.18679,23.87285,22.92156,21.95133,21.11865,20.10208,18.92754
83.01805,83.64466,83.49884,84.8787,85.48606,86.0869,86.68118,87.26887,87.84991,88.42425,88.99187,89.55271,90.92588,91.47801,92.02317,92.56133,93.09243,93.61645,94.13334,94.64306,96.00274,96.50247,96.99485,97.47984,99.70665,104.5792,109.4855,115.3114,120.2859,120.8161,120.4384,120.0438,119.6326,119.2049,118.7609,118.3007,118.7451,117.3327,118.6795,118.163,118.5647,118.0207,117.4616,116.8875,117.2443,116.6438,116.0289,116.3535,117.6255,117.9348,118.2352,119.4902,120.7407,121.9866,122.2573,123.491,124.7194,124.9659,126.181,126.4103,128.5932,128.8064,129.9946,131.176,132.3502,133.5171,134.6765
72.16649,71.43929,70.06385,69.9686,69.22524,68.47661,67.72276,66.96376,66.19965,65.43051,64.65638,63.87733,63.66698,62.87109,62.07041,61.26501,60.45493,59.64026,58.82104,57.99734,57.68426,56.8443,56,55.15144,55.2683,56.78189,58.21447,60.02732,61.28872,60.2367,58.74173,57.25798,55.78561,54.32481,52.87576,51.43863,50.40432,48.6008,47.94964,46.54566,45.51273,44.12613,42.75252,41.39205,40.37045,39.02847,37.70007,36.68611,35.96172,34.93389,33.90339,33.13756,32.35238,31.54788,30.48216,29.64756,28.79373,27.70427,26.82061,25.71846,24.99598,23.87285,22.92156,21.95133,20.96222,19.95427,18.92754
83.01805,82.88425,84.26489,84.8787,85.48606,86.0869,86.68118,87.26887,87.84991,88.42425,89.80089,89.55271,90.92588,91.47801,92.02317,92.56133,93.09243,93.61645,94.13334,94.64306,95.14557,96.50247,97.86087,97.47984,99.70665,104.5792,109.4855,115.3114,120.2859,120.8161,120.4384,120.0438,119.6326,119.2049,118.7609,118.3007,117.8246,118.2566,118.6795,117.2326,117.6311,118.0207,117.4616,116.8875,117.2443,116.6438,116.0289,116.3535,117.6255,117.9348,118.2352,119.4902,120.7407,121.9866,122.2573,123.491,124.7194,124.9659,127.1592,127.3902,128.5932,129.7896,129.9946,131.176,133.3379,133.5171,133.6862
72.16649,70.78984,70.70664,69.9686,69.22524,68.47661,67.72276,66.96376,66.19965,65.43051,65.24416,63.87733,63.66698,62.87109,62.07041,61.26501,60.45493,59.64026,58.82104,57.99734,57.16923,56.8443,56.5,55.15144,55.2683,56.78189,58.21447,60.02732,61.28872,60.2367,58.74173,57.25798,55.78561,54.32481,52.87576,51.43863,50.01358,48.98348,47.94964,46.17915,45.15436,44.12613,42.75252,41.39205,40.37045,39.02847,37.70007,36.68611,35.96172,34.93389,33.90339,33.13756,32.35238,31.54788,30.48216,29.64756,28.79373,27.70427,27.02852,25.91783,24.99598,24.05509,22.92156,21.95133,21.11865,19.95427,18.78837
