177.668,177.5664,177.4513,177.3227,177.1805,178.0194,177.8494,177.6658,177.4686,177.258,177.0338,176.7962,176.5451,176.2806,176.0026,176.6929,178.3463,181.9355,185.4962,190.0022,196.4187,195.9997,193.6295,191.2533,188.8716,187.446,185.0522,182.6542,181.2062,178.7986,177.3365,175.8665,175.3313,175.7225,175.1577,175.5131,175.8489,176.1649,176.461,175.8164,176.9926,177.2278,176.5325,175.8237
-10.86664,-12.41665,-13.96572,-15.51372,-17.06054,-18.71059,-20.26338,-21.81461,-23.36419,-24.91199,-26.45788,-28.00177,-29.54352,-31.08302,-32.62016,-34.34562,-36.28496,-38.67157,-41.12353,-43.86546,-47.15596,-48.86822,-50.076,-51.24617,-52.37872,-53.74928,-54.81496,-55.843,-57.1341,-58.09519,-59.33597,-60.55568,-62.08808,-63.95777,-65.48878,-67.37317,-69.26873,-71.17525,-73.09254,-74.62965,-76.95857,-78.90691,-80.45049,-81.98794
178.6661,177.5664,177.4513,177.3227,177.1805,178.0194,176.8558,177.6658,177.4686,177.258,177.0338,176.7962,176.5451,176.2806,176.0026,176.6929,178.3463,181.9355,184.5199,190.0022,196.4187,195.9997,192.6614,190.2874,188.8716,187.446,185.0522,182.6542,181.2062,178.7986,177.3365,175.8665,175.3313,175.7225,176.0944,175.5131,175.8489,176.1649,176.461,176.7369,176.9926,177.2278,177.4424,176.73
-10.92769,-12.41665,-13.96572,-15.51372,-17.06054,-18.71059,-20.15017,-21.81461,-23.36419,-24.91199,-26.45788,-28.00177,-29.54352,-31.08302,-32.62016,-34.34562,-36.28496,-38.67157,-40.90709,-43.86546,-47.15596,-48.86822,-49.82562,-50.98735,-52.37872,-53.74928,-54.81496,-55.843,-57.1341,-58.09519,-59.33597,-60.55568,-62.08808,-63.95777,-65.83899,-67.37317,-69.26873,-71.17525,-73.09254,-75.02038,-76.95857,-78.90691,-80.86518,-82.41056
178.6661,178.564,178.4482,177.3227,178.1759,178.0194,177.8494,177.6658,177.4686,177.258,177.0338,176.7962,176.5451,176.2806,176.0026,176.6929,178.3463,181.9355,186.4725,190.0022,195.4464,195.9997,192.6614,190.2874,187.9079,187.446,185.0522,182.6542,181.2062,178.7986,177.3365,175.8665,175.3313,175.7225,176.0944,175.5131,175.8489,176.1649,176.461,176.7369,176.9926,176.3143,177.4424,176.73
-10.92769,-12.48641,-14.04418,-15.51372,-17.15639,-18.71059,-20.26338,-21.81461,-23.36419,-24.91199,-26.45788,-28.00177,-29.54352,-31.08302,-32.62016,-34.34562,-36.28496,-38.67157,-41.33997,-43.86546,-46.92252,-48.86822,-49.82562,-50.98735,-52.11148,-53.74928,-54.81496,-55.843,-57.1341,-58.09519,-59.33597,-60.55568,-62.08808,-63.95777,-65.83899,-67.37317,-69.26873,-71.17525,-73.09254,-75.02038,-76.95857,-78.50017,-80.86518,-82.41056
178.6661,177.5664,177.4513,177.3227,177.1805,178.0194,177.8494,177.6658,177.4686,177.258,177.0338,176.7962,176.5451,176.2806,176.0026,176.6929,178.3463,181.9355,186.4725,190.0022,196.4187,195.9997,192.6614,190.2874,188.8716,186.4848,185.0522,182.6542,181.2062,178.7986,177.3365,175.8665,176.274,175.7225,176.0944,175.5131,175.8489,176.1649,176.461,176.7369,176.9926,177.2278,176.5325,176.73
-10.92769,-12.41665,-13.96572,-15.51372,-17.06054,-18.71059,-20.26338,-21.81461,-23.36419,-24.91199,-26.45788,-28.00177,-29.54352,-31.08302,-32.62016,-34.34562,-36.28496,-38.67157,-41.33997,-43.86546,-47.15596,-48.86822,-49.82562,-50.98735,-52.37872,-53.47365,-54.81496,-55.843,-57.1341,-58.09519,-59.33597,-60.55568,-62.42188,-63.95777,-65.83899,-67.37317,-69.26873,-71.17525,-73.09254,-75.02038,-76.95857,-78.90691,-80.45049,-82.41056
178.6661,177.5664,177.4513,178.3189,178.1759,177.0249,176.8558,177.6658,177.4686,177.258,177.0338,176.7962,176.5451,176.2806,176.0026,176.6929,178.3463,181.9355,186.4725,190.0022,196.4187,195.9997,192.6614,190.2874,188.8716,187.446,185.0522,182.6542,181.2062,178.7986,177.3365,175.8665,175.3313,175.7225,176.0944,175.5131,175.8489,176.1649,176.461,176.7369,176.9926,177.2278,176.5325,176.73
-10.92769,-12.41665,-13.96572,-15.60088,-17.15639,-18.60607,-20.15017,-21.81461,-23.36419,-24.91199,-26.45788,-28.00177,-29.54352,-31.08302,-32.62016,-34.34562,-36.28496,-38.67157,-41.33997,-43.86546,-47.15596,-48.86822,-49.82562,-50.98735,-52.37872,-53.74928,-54.81496,-55.843,-57.1341,-58.09519,-59.33597,-60.55568,-62.08808,-63.95777,-65.83899,-67.37317,-69.26873,-71.17525,-73.09254,-75.02038,-76.95857,-78.90691,-80.45049,-82.41056
178.6661,177.5664,177.4513,177.3227,177.1805,178.0194,176.8558,177.6658,177.4686,176.2677,177.0338,176.7962,176.5451,176.2806,176.0026,176.6929,178.3463,181.9355,185.4962,190.0022,196.4187,195.0294,192.6614,190.2874,189.8352,186.4848,185.0522,182.6542,181.2062,178.7986,177.3365,175.8665,175.3313,174.7828,176.0944,175.5131,175.8489,176.1649,176.461,175.8164,176.0755,177.2278,177.4424,175.8237
-10.92769,-12.41665,-13.96572,-15.51372,-17.06054,-18.71059,-20.15017,-21.81461,-23.36419,-24.77281,-26.45788,-28.00177,-29.54352,-31.08302,-32.62016,-34.34562,-36.28496,-38.67157,-41.12353,-43.86546,-47.15596,-48.6263,-49.82562,-50.98735,-52.64596,-53.47365,-54.81496,-55.843,-57.1341,-58.09519,-59.33597,-60.55568,-62.08808,-63.61575,-65.83899,-67.37317,-69.26873,-71.17525,-73.09254,-74.62965,-76.55982,-78.90691,-80.86518,-81.98794
178.6661,177.5664,177.4513,177.3227,177.1805,177.0249,176.8558,177.6658,177.4686,177.258,177.0338,176.7962,176.5451,177.2654,176.0026,176.6929,178.3463,181.9355,186.4725,190.0022,196.4187,195.0294,193.6295,190.2874,188.8716,187.446,185.0522,182.6542,181.2062,178.7986,177.3365,175.8665,175.3313,175.7225,175.1577,175.5131,175.8489,176.1649,176.461,176.7369,176.9926,176.3143,176.5325,175.8237
-10.92769,-12.41665,-13.96572,-15.51372,-17.06054,-18.60607,-20.15017,-21.81461,-23.36419,-24.91199,-26.45788,-28.00177,-29.54352,-31.25667,-32.62016,-34.34562,-36.28496,-38.67157,-41.33997,-43.86546,-47.15596,-48.6263,-50.076,-50.98735,-52.37872,-53.74928,-54.81496,-55.843,-57.1341,-58.09519,-59.33597,-60.55568,-62.08808,-63.95777,-65.48878,-67.37317,-69.26873,-71.17525,-73.09254,-75.02038,-76.95857,-78.50017,-80.45049,-81.98794
178.6661,177.5664,177.4513,177.3227,177.1805,178.0194,177.8494,177.6658,177.4686,177.258,177.0338,176.7962,176.5451,176.2806,176.0026,176.6929,178.3463,181.9355,185.4962,189.0278,196.4187,195.9997,192.6614,190.2874,188.8716,186.4848,185.0522,182.6542,181.2062,178.7986,177.3365,175.8665,175.3313,175.7225,175.1577,175.5131,175.8489,176.1649,176.461,175.8164,176.9926,176.3143,177.4424,176.73
-10.92769,-12.41665,-13.96572,-15.51372,-17.06054,-18.71059,-20.26338,-21.81461,-23.36419,-24.91199,-26.45788,-28.00177,-29.54352,-31.08302,-32.62016,-34.34562,-36.28496,-38.67157,-41.12353,-43.6405,-47.15596,-48.86822,-49.82562,-50.98735,-52.37872,-53.47365,-54.81496,-55.843,-57.1341,-58.09519,-59.33597,-60.55568,-62.08808,-63.95777,-65.48878,-67.37317,-69.26873,-71.17525,-73.09254,-74.62965,-76.95857,-78.50017,-80.86518,-82.41056
178.6661,177.5664,177.4513,177.3227,177.1805,178.0194,177.8494,177.6658,177.4686,177.258,177.0338,176.7962,176.5451,176.2806,176.0026,176.6929,178.3463,181.9355,184.5199,190.0022,196.4187,195.9997,192.6614,191.2533,188.8716,187.446,185.0522,182.6542,181.2062,178.7986,176.3882,175.8665,175.3313,175.7225,175.1577,175.5131,175.8489,176.1649,176.461,176.7369,176.9926,176.3143,176.5325,176.73
-10.92769,-12.41665,-13.96572,-15.51372,-17.06054,-18.71059,-20.26338,-21.81461,-23.36419,-24.91199,-26.45788,-28.00177,-29.54352,-31.08302,-32.62016,-34.34562,-36.28496,-38.67157,-40.90709,-43.86546,-47.15596,-48.86822,-49.82562,-51.24617,-52.37872,-53.74928,-54.81496,-55.843,-57.1341,-58.09519,-59.01867,-60.55568,-62.08808,-63.95777,-65.48878,-67.37317,-69.26873,-71.17525,-73.09254,-75.02038,-76.95857,-78.50017,-80.45049,-82.41056
178.6661,177.5664,177.4513,177.3227,177.1805,178.0194,177.8494,177.6658,177.4686,177.258,177.0338,176.7962,176.5451,176.2806,176.0026,176.6929,178.3463,181.9355,186.4725,190.0022,196.4187,195.9997,192.6614,191.2533,188.8716,187.446,185.0522,182.6542,181.2062,178.7986,177.3365,175.8665,175.3313,175.7225,175.1577,175.5131,175.8489,176.1649,176.461,176.7369,176.9926,177.2278,176.5325,176.73
-10.92769,-12.41665,-13.96572,-15.51372,-17.06054,-18.71059,-20.26338,-21.81461,-23.36419,-24.91199,-26.45788,-28.00177,-29.54352,-31.08302,-32.62016,-34.34562,-36.28496,-38.67157,-41.33997,-43.86546,-47.15596,-48.86822,-49.82562,-51.24617,-52.37872,-53.74928,-54.81496,-55.843,-57.1341,-58.09519,-59.33597,-60.55568,-62.08808,-63.95777,-65.48878,-67.37317,-69.26873,-71.17525,-73.09254,-75.02038,-76.95857,-78.90691,-80.45049,-82.41056
177.668,178.564,177.4513,178.3189,177.1805,177.0249,177.8494,177.6658,177.4686,177.258,177.0338,176.7962,176.5451,177.2654,176.0026,176.6929,178.3463,181.9355,185.4962,190.9765,195.4464,195.9997,193.6295,191.2533,188.8716,186.4848,185.0522,182.6542,181.2062,178.7986,177.3365,175.8665,175.3313,175.7225,175.1577,175.5131,175.8489,176.1649,176.461,176.7369,176.9926,176.3143,177.4424,176.73
-10.86664,-12.48641,-13.96572,-15.60088,-17.06054,-18.60607,-20.26338,-21.81461,-23.36419,-24.91199,-26.45788,-28.00177,-29.54352,-31.25667,-32.62016,-34.34562,-36.28496,-38.67157,-41.12353,-44.09041,-46.92252,-48.86822,-50.076,-51.24617,-52.37872,-53.47365,-54.81496,-55.843,-57.1341,-58.09519,-59.33597,-60.55568,-62.08808,-63.95777,-65.48878,-67.37317,-69.26873,-71.17525,-73.09254,-75.02038,-76.95857,-78.50017,-80.86518,-82.41056
178.6661,177.5664,177.4513,177.3227,177.1805,177.0249,176.8558,177.6658,176.4772,177.258,177.0338,176.7962,176.5451,176.2806,176.0026,176.6929,178.3463,181.9355,185.4962,190.0022,196.4187,195.0294,192.6614,191.2533,188.8716,187.446,185.0522,182.6542,180.2525,178.7986,177.3365,175.8665,175.3313,175.7225,176.0944,175.5131,175.8489,176.1649,176.461,176.7369,176.0755,177.2278,176.5325,175.8237
-10.92769,-12.41665,-13.96572,-15.51372,-17.06054,-18.60607,-20.15017,-21.81461,-23.23366,-24.91199,-26.45788,-28.00177,-29.54352,-31.08302,-32.62016,-34.34562,-36.28496,-38.67157,-41.12353,-43.86546,-47.15596,-48.6263,-49.82562,-51.24617,-52.37872,-53.74928,-54.81496,-55.843,-56.8334,-58.09519,-59.33597,-60.55568,-62.08808,-63.95777,-65.83899,-67.37317,-69.26873,-71.17525,-73.09254,-75.02038,-76.55982,-78.90691,-80.45049,-81.98794
