147.2808,147.8207,147.4222,147.9364,148.4393,148.9309,149.4111,149.88,150.3375,150.7835,151.218,151.641,152.0525,152.4523,152.8406,153.2172,153.5822,154.9036,155.2473,156.5516,159.7967,163.0414,166.2851,170.5069,168.8399,167.1533,165.4477,164.7097,162.9686,160.2206,160.4234,160.6141,160.7925,161.9522,162.1071,164.2404,164.3721,165.4883,165.5956,165.6904,166.7711,166.8411,167.8977,168.9421,168.9743,167.9936
62.51698,61.22935,59.56245,58.2737,56.9805,55.68297,54.3812,53.07529,51.76534,50.45144,49.1337,47.81222,46.4871,45.15844,43.82634,42.4909,41.15223,40.0608,38.7075,37.5847,36.89197,36.14542,35.34499,34.69002,32.81915,30.98004,29.17289,27.56295,25.81169,23.94512,22.54604,21.14524,19.74283,18.45212,17.03814,15.81455,14.3807,13.02421,11.57957,10.13406,8.740105,7.284438,5.863115,4.423904,2.949457,1.466058
147.2808,147.8207,147.4222,147.9364,148.4393,148.9309,149.4111,149.88,150.3375,150.7835,151.218,151.641,152.0525,152.4523,152.8406,153.2172,153.5822,154.9036,155.2473,156.5516,159.7967,163.0414,166.2851,170.5069,168.8399,167.1533,165.4477,164.7097,162.9686,160.2206,160.4234,160.6141,160.7925,161.9522,162.1071,162.2496,164.3721,165.4883,165.5956,165.6904,166.7711,166.8411,167.8977,167.9424,168.9743,167.9936
62.51698,61.22935,59.56245,58.2737,56.9805,55.68297,54.3812,53.07529,51.76534,50.45144,49.1337,47.81222,46.4871,45.15844,43.82634,42.4909,41.15223,40.0608,38.7075,37.5847,36.89197,36.14542,35.34499,34.69002,32.81915,30.98004,29.17289,27.56295,25.81169,23.94512,22.54604,21.14524,19.74283,18.45212,17.03814,15.62286,14.3807,13.02421,11.57957,10.13406,8.740105,7.284438,5.863115,4.397727,2.949457,1.466058
147.2808,147.8207,147.4222,147.9364,148.4393,148.9309,149.4111,149.88,150.3375,150.7835,151.218,151.641,152.0525,152.4523,152.8406,153.2172,153.5822,154.9036,155.2473,156.5516,159.7967,163.0414,167.2632,170.5069,168.8399,167.1533,165.4477,163.7234,161.9809,160.2206,160.4234,160.6141,160.7925,161.9522,162.1071,164.2404,164.3721,165.4883,165.5956,165.6904,166.7711,166.8411,167.8977,168.9421,168.9743,167.9936
62.51698,61.22935,59.56245,58.2737,56.9805,55.68297,54.3812,53.07529,51.76534,50.45144,49.1337,47.81222,46.4871,45.15844,43.82634,42.4909,41.15223,40.0608,38.7075,37.5847,36.89197,36.14542,35.5529,34.69002,32.81915,30.98004,29.17289,27.3979,25.65525,23.94512,22.54604,21.14524,19.74283,18.45212,17.03814,15.81455,14.3807,13.02421,11.57957,10.13406,8.740105,7.284438,5.863115,4.423904,2.949457,1.466058
147.2808,147.8207,147.4222,147.9364,148.4393,149.8676,149.4111,149.88,150.3375,150.7835,151.218,151.641,152.0525,152.4523,152.8406,153.2172,153.5822,154.9036,155.2473,156.5516,159.7967,163.0414,167.2632,170.5069,168.8399,167.1533,165.4477,163.7234,162.9686,160.2206,160.4234,160.6141,160.7925,160.9586,162.1071,164.2404,164.3721,164.4914,165.5956,165.6904,166.7711,166.8411,167.8977,168.9421,168.9743,168.9936
62.51698,61.22935,59.56245,58.2737,56.9805,56.03318,54.3812,53.07529,51.76534,50.45144,49.1337,47.81222,46.4871,45.15844,43.82634,42.4909,41.15223,40.0608,38.7075,37.5847,36.89197,36.14542,35.5529,34.69002,32.81915,30.98004,29.17289,27.3979,25.81169,23.94512,22.54604,21.14524,19.74283,18.33892,17.03814,15.81455,14.3807,12.94575,11.57957,10.13406,8.740105,7.284438,5.863115,4.423904,2.949457,1.474784
147.2808,147.8207,147.4222,147.9364,148.4393,148.9309,149.4111,149.88,150.3375,150.7835,151.218,151.641,152.0525,152.4523,152.8406,153.2172,153.5822,154.9036,155.2473,156.5516,159.7967,163.0414,166.2851,170.5069,167.8582,167.1533,165.4477,163.7234,162.9686,160.2206,160.4234,160.6141,160.7925,160.9586,162.1071,162.2496,164.3721,165.4883,165.5956,165.6904,166.7711,166.8411,167.8977,167.9424,169.9741,166.9936
62.51698,61.22935,59.56245,58.2737,56.9805,55.68297,54.3812,53.07529,51.76534,50.45144,49.1337,47.81222,46.4871,45.15844,43.82634,42.4909,41.15223,40.0608,38.7075,37.5847,36.89197,36.14542,35.34499,34.69002,32.62834,30.98004,29.17289,27.3979,25.81169,23.94512,22.54604,21.14524,19.74283,18.33892,17.03814,15.62286,14.3807,13.02421,11.57957,10.13406,8.740105,7.284438,5.863115,4.397727,2.966909,1.457331
146.3603,147.8207,147.4222,147.9364,148.4393,148.9309,149.4111,149.88,150.3375,150.7835,151.218,151.641,152.0525,152.4523,152.8406,153.2172,153.5822,154.9036,155.2473,156.5516,159.7967,163.0414,166.2851,170.5069,167.8582,168.1366,165.4477,164.7097,162.9686,160.2206,160.4234,160.6141,160.7925,161.9522,162.1071,162.2496,162.3797,164.4914,165.5956,166.6885,166.7711,166.8411,167.8977,168.9421,169.9741,167.9936
62.12625,61.22935,59.56245,58.2737,56.9805,55.68297,54.3812,53.07529,51.76534,50.45144,49.1337,47.81222,46.4871,45.15844,43.82634,42.4909,41.15223,40.0608,38.7075,37.5847,36.89197,36.14542,35.34499,34.69002,32.62834,31.16227,29.17289,27.56295,25.81169,23.94512,22.54604,21.14524,19.74283,18.45212,17.03814,15.62286,14.20639,12.94575,11.57957,10.19511,8.740105,7.284438,5.863115,4.423904,2.966909,1.466058
147.2808,147.8207,147.4222,147.9364,148.4393,148.9309,149.4111,149.88,150.3375,150.7835,151.218,151.641,152.0525,152.4523,152.8406,153.2172,153.5822,154.9036,155.2473,156.5516,159.7967,163.0414,166.2851,170.5069,168.8399,167.1533,166.4325,164.7097,162.9686,160.2206,160.4234,160.6141,160.7925,161.9522,162.1071,164.2404,164.3721,164.4914,165.5956,165.6904,166.7711,166.8411,168.897,168.9421,168.9743,167.9936
62.51698,61.22935,59.56245,58.2737,56.9805,55.68297,54.3812,53.07529,51.76534,50.45144,49.1337,47.81222,46.4871,45.15844,43.82634,42.4909,41.15223,40.0608,38.7075,37.5847,36.89197,36.14542,35.34499,34.69002,32.81915,30.98004,29.34654,27.56295,25.81169,23.94512,22.54604,21.14524,19.74283,18.45212,17.03814,15.81455,14.3807,12.94575,11.57957,10.13406,8.740105,7.284438,5.898015,4.423904,2.949457,1.466058
146.3603,147.8207,147.4222,147.9364,148.4393,148.9309,149.4111,149.88,150.3375,150.7835,151.218,151.641,152.0525,152.4523,152.8406,153.2172,153.5822,154.9036,155.2473,156.5516,159.7967,163.0414,166.2851,170.5069,167.8582,167.1533,165.4477,164.7097,162.9686,160.2206,160.4234,160.6141,160.7925,161.9522,162.1071,164.2404,164.3721,165.4883,165.5956,166.6885,166.7711,166.8411,167.8977,167.9424,168.9743,168.9936
62.12625,61.22935,59.56245,58.2737,56.9805,55.68297,54.3812,53.07529,51.76534,50.45144,49.1337,47.81222,46.4871,45.15844,43.82634,42.4909,41.15223,40.0608,38.7075,37.5847,36.89197,36.14542,35.34499,34.69002,32.62834,30.98004,29.17289,27.56295,25.81169,23.94512,22.54604,21.14524,19.74283,18.45212,17.03814,15.81455,14.3807,13.02421,11.57957,10.19511,8.740105,7.284438,5.863115,4.397727,2.949457,1.474784
147.2808,147.8207,147.4222,147.9364,148.4393,148.9309,149.4111,149.88,150.3375,150.7835,151.218,151.641,152.0525,152.4523,152.8406,153.2172,153.5822,154.9036,155.2473,156.5516,159.7967,163.0414,166.2851,170.5069,168.8399,167.1533,165.4477,164.7097,162.9686,160.2206,160.4234,160.6141,160.7925,161.9522,162.1071,164.2404,164.3721,165.4883,165.5956,165.6904,166.7711,166.8411,167.8977,167.9424,169.9741,167.9936
62.51698,61.22935,59.56245,58.2737,56.9805,55.68297,54.3812,53.07529,51.76534,50.45144,49.1337,47.81222,46.4871,45.15844,43.82634,42.4909,41.15223,40.0608,38.7075,37.5847,36.89197,36.14542,35.34499,34.69002,32.81915,30.98004,29.17289,27.56295,25.81169,23.94512,22.54604,21.14524,19.74283,18.45212,17.03814,15.81455,14.3807,13.02421,11.57957,10.13406,8.740105,7.284438,5.863115,4.397727,2.966909,1.466058
147.2808,147.8207,147.4222,147.9364,148.4393,148.9309,149.4111,149.88,150.3375,150.7835,151.218,151.641,152.0525,152.4523,152.8406,153.2172,153.5822,154.9036,155.2473,156.5516,159.7967,163.0414,166.2851,170.5069,168.8399,167.1533,165.4477,164.7097,162.9686,160.2206,160.4234,160.6141,160.7925,161.9522,162.1071,164.2404,164.3721,165.4883,165.5956,166.6885,166.7711,166.8411,167.8977,168.9421,168.9743,168.9936
62.51698,61.22935,59.56245,58.2737,56.9805,55.68297,54.3812,53.07529,51.76534,50.45144,49.1337,47.81222,46.4871,45.15844,43.82634,42.4909,41.15223,40.0608,38.7075,37.5847,36.89197,36.14542,35.34499,34.69002,32.81915,30.98004,29.17289,27.56295,25.81169,23.94512,22.54604,21.14524,19.74283,18.45212,17.03814,15.81455,14.3807,13.02421,11.57957,10.19511,8.740105,7.284438,5.863115,4.423904,2.949457,1.474784
147.2808,147.8207,147.4222,147.9364,148.4393,148.9309,149.4111,149.88,150.3375,150.7835,151.218,151.641,152.0525,152.4523,152.8406,153.2172,153.5822,154.9036,155.2473,156.5516,159.7967,163.0414,166.2851,170.5069,168.8399,167.1533,165.4477,164.7097,162.9686,160.2206,160.4234,160.6141,160.7925,161.9522,162.1071,164.2404,164.3721,165.4883,165.5956,165.6904,166.7711,166.8411,167.8977,168.9421,168.9743,167.9936
62.51698,61.22935,59.56245,58.2737,56.9805,55.68297,54.3812,53.07529,51.76534,50.45144,49.1337,47.81222,46.4871,45.15844,43.82634,42.4909,41.15223,40.0608,38.7075,37.5847,36.89197,36.14542,35.34499,34.69002,32.81915,30.98004,29.17289,27.56295,25.81169,23.94512,22.54604,21.14524,19.74283,18.45212,17.03814,15.81455,14.3807,13.02421,11.57957,10.13406,8.740105,7.284438,5.863115,4.423904,2.949457,1.466058
147.2808,147.8207,147.4222,147.9364,148.4393,148.9309,149.4111,149.88,150.3375,150.7835,151.218,151.641,152.0525,152.4523,152.8406,153.2172,153.5822,154.9036,155.2473,156.5516,159.7967,163.0414,166.2851,170.5069,168.8399,167.1533,165.4477,164.7097,162.9686,160.2206,160.4234,160.6141,160.7925,160.9586,162.1071,164.2404,164.3721,164.4914,165.5956,166.6885,166.7711,167.8401,167.8977,168.9421,168.9743,167.9936
62.51698,61.22935,59.56245,58.2737,56.9805,55.68297,54.3812,53.07529,51.76534,50.45144,49.1337,47.81222,46.4871,45.15844,43.82634,42.4909,41.15223,40.0608,38.7075,37.5847,36.89197,36.14542,35.34499,34.69002,32.81915,30.98004,29.17289,27.56295,25.81169,23.94512,22.54604,21.14524,19.74283,18.33892,17.03814,15.81455,14.3807,12.94575,11.57957,10.19511,8.740105,7.328057,5.863115,4.423904,2.949457,1.466058
146.3603,147.8207,147.4222,147.9364,148.4393,148.9309,149.4111,149.88,150.3375,150.7835,151.218,151.641,152.0525,152.4523,152.8406,153.2172,153.5822,154.9036,155.2473,156.5516,159.7967,163.0414,166.2851,170.5069,168.8399,167.1533,165.4477,164.7097,162.9686,160.2206,160.4234,160.6141,160.7925,161.9522,162.1071,162.2496,164.3721,164.4914,165.5956,165.6904,166.7711,166.8411,167.8977,168.9421,168.9743,167.9936
62.12625,61.22935,59.56245,58.2737,56.9805,55.68297,54.3812,53.07529,51.76534,50.45144,49.1337,47.81222,46.4871,45.15844,43.82634,42.4909,41.15223,40.0608,38.7075,37.5847,36.89197,36.14542,35.34499,34.69002,32.81915,30.98004,29.17289,27.56295,25.81169,23.94512,22.54604,21.14524,19.74283,18.45212,17.03814,15.62286,14.3807,12.94575,11.57957,10.13406,8.740105,7.284438,5.863115,4.423904,2.949457,1.466058
147.2808,147.8207,148.3494,148.8668,148.4393,148.9309,149.4111,149.88,150.3375,150.7835,151.218,151.641,152.0525,152.4523,152.8406,153.2172,153.5822,154.9036,155.2473,156.5516,159.7967,163.0414,166.2851,170.5069,168.8399,167.1533,165.4477,164.7097,162.9686,160.2206,160.4234,160.6141,160.7925,161.9522,162.1071,164.2404,164.3721,165.4883,165.5956,165.6904,166.7711,166.8411,167.8977,167.9424,168.9743,166.9936
62.51698,61.22935,59.93705,58.6402,56.9805,55.68297,54.3812,53.07529,51.76534,50.45144,49.1337,47.81222,46.4871,45.15844,43.82634,42.4909,41.15223,40.0608,38.7075,37.5847,36.89197,36.14542,35.34499,34.69002,32.81915,30.98004,29.17289,27.56295,25.81169,23.94512,22.54604,21.14524,19.74283,18.45212,17.03814,15.81455,14.3807,13.02421,11.57957,10.13406,8.740105,7.284438,5.863115,4.397727,2.949457,1.457331
146.3603,147.8207,147.4222,147.9364,148.4393,148.9309,149.4111,149.88,150.3375,150.7835,151.218,151.641,152.0525,152.4523,152.8406,153.2172,153.5822,154.9036,155.2473,156.5516,159.7967,163.0414,166.2851,170.5069,168.8399,167.1533,165.4477,164.7097,162.9686,160.2206,160.4234,160.6141,160.7925,161.9522,162.1071,164.2404,164.3721,165.4883,165.5956,166.6885,166.7711,166.8411,167.8977,168.9421,169.9741,167.9936
62.12625,61.22935,59.56245,58.2737,56.9805,55.68297,54.3812,53.07529,51.76534,50.45144,49.1337,47.81222,46.4871,45.15844,43.82634,42.4909,41.15223,40.0608,38.7075,37.5847,36.89197,36.14542,35.34499,34.69002,32.81915,30.98004,29.17289,27.56295,25.81169,23.94512,22.54604,21.14524,19.74283,18.45212,17.03814,15.81455,14.3807,13.02421,11.57957,10.19511,8.740105,7.284438,5.863115,4.423904,2.966909,1.466058
147.2808,147.8207,147.4222,148.8668,148.4393,148.9309,149.4111,149.88,150.3375,150.7835,151.218,151.641,152.0525,152.4523,152.8406,153.2172,153.5822,154.9036,155.2473,156.5516,159.7967,163.0414,166.2851,170.5069,168.8399,167.1533,165.4477,163.7234,162.9686,160.2206,160.4234,160.6141,160.7925,161.9522,162.1071,164.2404,164.3721,165.4883,165.5956,165.6904,166.7711,166.8411,167.8977,168.9421,168.9743,167.9936
62.51698,61.22935,59.56245,58.6402,56.9805,55.68297,54.3812,53.07529,51.76534,50.45144,49.1337,47.81222,46.4871,45.15844,43.82634,42.4909,41.15223,40.0608,38.7075,37.5847,36.89197,36.14542,35.34499,34.69002,32.81915,30.98004,29.17289,27.3979,25.81169,23.94512,22.54604,21.14524,19.74283,18.45212,17.03814,15.81455,14.3807,13.02421,11.57957,10.13406,8.740105,7.284438,5.863115,4.423904,2.949457,1.466058
146.3603,147.8207,148.3494,147.9364,148.4393,148.9309,149.4111,150.8226,150.3375,150.7835,151.218,151.641,152.0525,152.4523,152.8406,153.2172,153.5822,154.9036,155.2473,156.5516,159.7967,163.0414,166.2851,170.5069,168.8399,167.1533,165.4477,164.7097,162.9686,160.2206,160.4234,160.6141,161.785,161.9522,162.1071,164.2404,164.3721,164.4914,165.5956,165.6904,166.7711,167.8401,167.8977,167.9424,168.9743,167.9936
62.12625,61.22935,59.93705,58.2737,56.9805,55.68297,54.3812,53.4091,51.76534,50.45144,49.1337,47.81222,46.4871,45.15844,43.82634,42.4909,41.15223,40.0608,38.7075,37.5847,36.89197,36.14542,35.34499,34.69002,32.81915,30.98004,29.17289,27.56295,25.81169,23.94512,22.54604,21.14524,19.8647,18.45212,17.03814,15.81455,14.3807,12.94575,11.57957,10.13406,8.740105,7.328057,5.863115,4.397727,2.949457,1.466058
146.3603,147.8207,147.4222,147.9364,149.3729,148.9309,149.4111,149.88,150.3375,150.7835,151.218,151.641,152.0525,152.4523,152.8406,153.2172,153.5822,154.9036,155.2473,156.5516,159.7967,163.0414,166.2851,169.527,168.8399,167.1533,165.4477,164.7097,162.9686,160.2206,160.4234,160.6141,160.7925,160.9586,162.1071,162.2496,164.3721,164.4914,165.5956,165.6904,166.7711,166.8411,167.8977,168.9421,169.9741,167.9936
62.12625,61.22935,59.56245,58.2737,57.33887,55.68297,54.3812,53.07529,51.76534,50.45144,49.1337,47.81222,46.4871,45.15844,43.82634,42.4909,41.15223,40.0608,38.7075,37.5847,36.89197,36.14542,35.34499,34.49065,32.81915,30.98004,29.17289,27.56295,25.81169,23.94512,22.54604,21.14524,19.74283,18.33892,17.03814,15.62286,14.3807,12.94575,11.57957,10.13406,8.740105,7.284438,5.863115,4.423904,2.966909,1.466058
147.2808,147.8207,147.4222,147.9364,148.4393,148.9309,149.4111,149.88,150.3375,150.7835,151.218,151.641,152.0525,152.4523,152.8406,153.2172,153.5822,154.9036,154.277,156.5516,159.7967,163.0414,166.2851,170.5069,168.8399,167.1533,165.4477,164.7097,162.9686,160.2206,160.4234,160.6141,160.7925,161.9522,162.1071,164.2404,164.3721,164.4914,165.5956,165.6904,166.7711,166.8411,167.8977,168.9421,168.9743,167.9936
62.51698,61.22935,59.56245,58.2737,56.9805,55.68297,54.3812,53.07529,51.76534,50.45144,49.1337,47.81222,46.4871,45.15844,43.82634,42.4909,41.15223,40.0608,38.46558,37.5847,36.89197,36.14542,35.34499,34.69002,32.81915,30.98004,29.17289,27.56295,25.81169,23.94512,22.54604,21.14524,19.74283,18.45212,17.03814,15.81455,14.3807,12.94575,11.57957,10.13406,8.740105,7.284438,5.863115,4.423904,2.949457,1.466058
146.3603,147.8207,147.4222,147.9364,148.4393,148.9309,149.4111,149.88,150.3375,150.7835,151.218,151.641,152.0525,152.4523,152.8406,153.2172,153.5822,154.9036,155.2473,156.5516,159.7967,163.0414,166.2851,170.5069,168.8399,167.1533,165.4477,164.7097,162.9686,160.2206,160.4234,160.6141,160.7925,161.9522,162.1071,162.2496,164.3721,165.4883,165.5956,165.6904,166.7711,166.8411,167.8977,168.9421,168.9743,167.9936
62.12625,61.22935,59.56245,58.2737,56.9805,55.68297,54.3812,53.07529,51.76534,50.45144,49.1337,47.81222,46.4871,45.15844,43.82634,42.4909,41.15223,40.0608,38.7075,37.5847,36.89197,36.14542,35.34499,34.69002,32.81915,30.98004,29.17289,27.56295,25.81169,23.94512,22.54604,21.14524,19.74283,18.45212,17.03814,15.62286,14.3807,13.02421,11.57957,10.13406,8.740105,7.284438,5.863115,4.423904,2.949457,1.466058
146.3603,147.8207,148.3494,147.9364,148.4393,148.9309,149.4111,149.88,150.3375,150.7835,151.218,151.641,152.0525,152.4523,152.8406,153.2172,153.5822,154.9036,155.2473,156.5516,159.7967,163.0414,166.2851,170.5069,168.8399,167.1533,165.4477,164.7097,162.9686,160.2206,160.4234,160.6141,160.7925,161.9522,162.1071,164.2404,164.3721,165.4883,165.5956,165.6904,166.7711,166.8411,167.8977,168.9421,168.9743,166.9936
62.12625,61.22935,59.93705,58.2737,56.9805,55.68297,54.3812,53.07529,51.76534,50.45144,49.1337,47.81222,46.4871,45.15844,43.82634,42.4909,41.15223,40.0608,38.7075,37.5847,36.89197,36.14542,35.34499,34.69002,32.81915,30.98004,29.17289,27.56295,25.81169,23.94512,22.54604,21.14524,19.74283,18.45212,17.03814,15.81455,14.3807,13.02421,11.57957,10.13406,8.740105,7.284438,5.863115,4.423904,2.949457,1.457331
146.3603,147.8207,147.4222,147.9364,149.3729,148.9309,149.4111,149.88,150.3375,150.7835,151.218,151.641,152.0525,152.4523,152.8406,153.2172,153.5822,154.9036,155.2473,156.5516,159.7967,163.0414,166.2851,170.5069,168.8399,167.1533,165.4477,164.7097,162.9686,160.2206,160.4234,160.6141,160.7925,161.9522,162.1071,162.2496,164.3721,165.4883,165.5956,165.6904,166.7711,166.8411,167.8977,168.9421,169.9741,167.9936
62.12625,61.22935,59.56245,58.2737,57.33887,55.68297,54.3812,53.07529,51.76534,50.45144,49.1337,47.81222,46.4871,45.15844,43.82634,42.4909,41.15223,40.0608,38.7075,37.5847,36.89197,36.14542,35.34499,34.69002,32.81915,30.98004,29.17289,27.56295,25.81169,23.94512,22.54604,21.14524,19.74283,18.45212,17.03814,15.62286,14.3807,13.02421,11.57957,10.13406,8.740105,7.284438,5.863115,4.423904,2.966909,1.466058
147.2808,147.8207,147.4222,147.9364,148.4393,148.9309,149.4111,149.88,150.3375,150.7835,151.218,151.641,152.0525,152.4523,152.8406,153.2172,153.5822,154.9036,155.2473,156.5516,159.7967,163.0414,166.2851,170.5069,168.8399,167.1533,165.4477,164.7097,162.9686,160.2206,160.4234,160.6141,160.7925,160.9586,162.1071,164.2404,164.3721,164.4914,165.5956,166.6885,166.7711,166.8411,167.8977,168.9421,169.9741,167.9936
62.51698,61.22935,59.56245,58.2737,56.9805,55.68297,54.3812,53.07529,51.76534,50.45144,49.1337,47.81222,46.4871,45.15844,43.82634,42.4909,41.15223,40.0608,38.7075,37.5847,36.89197,36.14542,35.34499,34.69002,32.81915,30.98004,29.17289,27.56295,25.81169,23.94512,22.54604,21.14524,19.74283,18.33892,17.03814,15.81455,14.3807,12.94575,11.57957,10.19511,8.740105,7.284438,5.863115,4.423904,2.966909,1.466058
147.2808,147.8207,147.4222,147.9364,148.4393,148.9309,149.4111,149.88,150.3375,150.7835,151.218,151.641,152.0525,152.4523,152.8406,153.2172,153.5822,154.9036,155.2473,156.5516,159.7967,163.0414,166.2851,170.5069,168.8399,167.1533,166.4325,164.7097,162.9686,160.2206,160.4234,160.6141,160.7925,161.9522,162.1071,164.2404,164.3721,164.4914,165.5956,166.6885,166.7711,167.8401,167.8977,167.9424,168.9743,167.9936
62.51698,61.22935,59.56245,58.2737,56.9805,55.68297,54.3812,53.07529,51.76534,50.45144,49.1337,47.81222,46.4871,45.15844,43.82634,42.4909,41.15223,40.0608,38.7075,37.5847,36.89197,36.14542,35.34499,34.69002,32.81915,30.98004,29.34654,27.56295,25.81169,23.94512,22.54604,21.14524,19.74283,18.45212,17.03814,15.81455,14.3807,12.94575,11.57957,10.19511,8.740105,7.328057,5.863115,4.397727,2.949457,1.466058
147.2808,147.8207,147.4222,147.9364,148.4393,148.9309,149.4111,149.88,150.3375,150.7835,151.218,151.641,152.0525,152.4523,152.8406,153.2172,153.5822,154.9036,155.2473,156.5516,159.7967,163.0414,166.2851,170.5069,168.8399,167.1533,165.4477,164.7097,162.9686,160.2206,160.4234,160.6141,160.7925,160.9586,162.1071,164.2404,164.3721,164.4914,165.5956,165.6904,166.7711,166.8411,167.8977,168.9421,168.9743,167.9936
62.51698,61.22935,59.56245,58.2737,56.9805,55.68297,54.3812,53.07529,51.76534,50.45144,49.1337,47.81222,46.4871,45.15844,43.82634,42.4909,41.15223,40.0608,38.7075,37.5847,36.89197,36.14542,35.34499,34.69002,32.81915,30.98004,29.17289,27.56295,25.81169,23.94512,22.54604,21.14524,19.74283,18.33892,17.03814,15.81455,14.3807,12.94575,11.57957,10.13406,8.740105,7.284438,5.863115,4.423904,2.949457,1.466058
146.3603,147.8207,147.4222,147.9364,148.4393,148.9309,149.4111,149.88,150.3375,150.7835,151.218,151.641,152.0525,152.4523,152.8406,153.2172,153.5822,154.9036,155.2473,156.5516,159.7967,163.0414,166.2851,170.5069,168.8399,167.1533,165.4477,164.7097,162.9686,160.2206,160.4234,160.6141,160.7925,161.9522,162.1071,162.2496,164.3721,165.4883,165.5956,165.6904,166.7711,166.8411,167.8977,168.9421,168.9743,169.9935
62.12625,61.22935,59.56245,58.2737,56.9805,55.68297,54.3812,53.07529,51.76534,50.45144,49.1337,47.81222,46.4871,45.15844,43.82634,42.4909,41.15223,40.0608,38.7075,37.5847,36.89197,36.14542,35.34499,34.69002,32.81915,30.98004,29.17289,27.56295,25.81169,23.94512,22.54604,21.14524,19.74283,18.45212,17.03814,15.62286,14.3807,13.02421,11.57957,10.13406,8.740105,7.284438,5.863115,4.423904,2.949457,1.483511
146.3603,147.8207,148.3494,147.9364,148.4393,148.9309,149.4111,149.88,150.3375,150.7835,151.218,151.641,152.0525,152.4523,152.8406,153.2172,153.5822,154.9036,155.2473,156.5516,159.7967,163.0414,166.2851,169.527,168.8399,167.1533,165.4477,164.7097,162.9686,160.2206,160.4234,160.6141,160.7925,161.9522,162.1071,164.2404,164.3721,165.4883,165.5956,165.6904,166.7711,167.8401,167.8977,167.9424,168.9743,167.9936
62.12625,61.22935,59.93705,58.2737,56.9805,55.68297,54.3812,53.07529,51.76534,50.45144,49.1337,47.81222,46.4871,45.15844,43.82634,42.4909,41.15223,40.0608,38.7075,37.5847,36.89197,36.14542,35.34499,34.49065,32.81915,30.98004,29.17289,27.56295,25.81169,23.94512,22.54604,21.14524,19.74283,18.45212,17.03814,15.81455,14.3807,13.02421,11.57957,10.13406,8.740105,7.328057,5.863115,4.397727,2.949457,1.466058
147.2808,147.8207,148.3494,147.9364,148.4393,148.9309,149.4111,149.88,150.3375,150.7835,151.218,151.641,152.0525,152.4523,152.8406,153.2172,153.5822,154.9036,155.2473,157.5239,159.7967,163.0414,166.2851,170.5069,167.8582,167.1533,165.4477,164.7097,162.9686,160.2206,160.4234,160.6141,160.7925,161.9522,162.1071,162.2496,164.3721,165.4883,165.5956,166.6885,166.7711,166.8411,167.8977,168.9421,169.9741,167.9936
62.51698,61.22935,59.93705,58.2737,56.9805,55.68297,54.3812,53.07529,51.76534,50.45144,49.1337,47.81222,46.4871,45.15844,43.82634,42.4909,41.15223,40.0608,38.7075,37.81815,36.89197,36.14542,35.34499,34.69002,32.62834,30.98004,29.17289,27.56295,25.81169,23.94512,22.54604,21.14524,19.74283,18.45212,17.03814,15.62286,14.3807,13.02421,11.57957,10.19511,8.740105,7.284438,5.863115,4.423904,2.966909,1.466058
147.2808,147.8207,148.3494,147.9364,148.4393,148.9309,149.4111,149.88,150.3375,150.7835,151.218,151.641,152.0525,152.4523,152.8406,153.2172,153.5822,154.9036,155.2473,156.5516,159.7967,163.0414,166.2851,170.5069,168.8399,167.1533,165.4477,164.7097,162.9686,160.2206,160.4234,160.6141,160.7925,160.9586,162.1071,162.2496,164.3721,165.4883,165.5956,165.6904,166.7711,166.8411,167.8977,168.9421,168.9743,167.9936
62.51698,61.22935,59.93705,58.2737,56.9805,55.68297,54.3812,53.07529,51.76534,50.45144,49.1337,47.81222,46.4871,45.15844,43.82634,42.4909,41.15223,40.0608,38.7075,37.5847,36.89197,36.14542,35.34499,34.69002,32.81915,30.98004,29.17289,27.56295,25.81169,23.94512,22.54604,21.14524,19.74283,18.33892,17.03814,15.62286,14.3807,13.02421,11.57957,10.13406,8.740105,7.284438,5.863115,4.423904,2.949457,1.466058
146.3603,147.8207,147.4222,148.8668,149.3729,148.9309,149.4111,149.88,150.3375,150.7835,151.218,151.641,152.0525,152.4523,152.8406,153.2172,153.5822,154.9036,155.2473,157.5239,159.7967,163.0414,166.2851,170.5069,168.8399,167.1533,165.4477,164.7097,162.9686,160.2206,160.4234,160.6141,160.7925,160.9586,162.1071,164.2404,164.3721,165.4883,165.5956,166.6885,166.7711,166.8411,167.8977,168.9421,168.9743,168.9936
62.12625,61.22935,59.56245,58.6402,57.33887,55.68297,54.3812,53.07529,51.76534,50.45144,49.1337,47.81222,46.4871,45.15844,43.82634,42.4909,41.15223,40.0608,38.7075,37.81815,36.89197,36.14542,35.34499,34.69002,32.81915,30.98004,29.17289,27.56295,25.81169,23.94512,22.54604,21.14524,19.74283,18.33892,17.03814,15.81455,14.3807,13.02421,11.57957,10.19511,8.740105,7.284438,5.863115,4.423904,2.949457,1.474784
