175.4254,176.394,175.6439,175.7193,175.7723,174.9371,174.9415,174.9239,174.8846,173.9407,173.8541,173.7463,174.5122,175.2648,177.8093,179.4489,181.0823,182.7091,184.3291,185.942,188.4714,190.0727,191.666,193.2511,194.8278,196.3958,187.5857,173.9754,172.5949,173.0923,171.6691,172.1349,172.5876,172.0658,172.4899,172.9007,172.3303,172.7126,173.0818,172.4635,172.8044,172.154,173.4467
111.7583,110.2232,107.6347,105.5828,103.5378,101,98.97714,96.96192,94.95459,92.4859,90.50273,88.52815,87.00857,85.48237,84.81069,83.67842,82.52396,81.34733,80.14856,78.92769,78.06742,76.79435,75.49925,74.18217,72.84314,71.48221,66.42756,59.90454,57.74945,56.24109,54.12704,52.62691,51.12276,49.33909,47.83567,46.32861,44.56764,43.0621,41.55327,39.81634,38.30981,36.59246,35.28812
174.582,176.394,175.6439,175.7193,175.7723,175.8032,174.9415,174.9239,174.8846,173.9407,173.8541,173.7463,174.5122,176.1636,176.9067,179.4489,181.0823,182.7091,184.3291,185.942,188.4714,190.0727,191.666,193.2511,194.8278,197.3355,188.5283,173.9754,172.5949,172.1412,171.6691,172.1349,172.5876,172.0658,172.4899,172.9007,172.3303,172.7126,172.1095,172.4635,172.8044,172.154,173.4467
111.221,110.2232,107.6347,105.5828,103.5378,101.5,98.97714,96.96192,94.95459,92.4859,90.50273,88.52815,87.00857,85.92074,84.38017,83.67842,82.52396,81.34733,80.14856,78.92769,78.06742,76.79435,75.49925,74.18217,72.84314,71.82423,66.76137,59.90454,57.74945,55.93208,54.12704,52.62691,51.12276,49.33909,47.83567,46.32861,44.56764,43.0621,41.31983,39.81634,38.30981,36.59246,35.28812
174.582,176.394,175.6439,175.7193,175.7723,174.9371,174.9415,174.9239,174.8846,173.9407,173.8541,173.7463,174.5122,175.2648,177.8093,178.5426,181.0823,182.7091,184.3291,186.8625,188.4714,190.0727,191.666,193.2511,194.8278,195.4561,188.5283,173.9754,172.5949,172.1412,172.6228,172.1349,172.5876,172.0658,172.4899,172.9007,172.3303,172.7126,172.1095,172.4635,172.8044,172.154,173.4467
111.221,110.2232,107.6347,105.5828,103.5378,101,98.97714,96.96192,94.95459,92.4859,90.50273,88.52815,87.00857,85.48237,84.81069,83.2558,82.52396,81.34733,80.14856,79.31842,78.06742,76.79435,75.49925,74.18217,72.84314,71.14019,66.76137,59.90454,57.74945,55.93208,54.42775,52.62691,51.12276,49.33909,47.83567,46.32861,44.56764,43.0621,41.31983,39.81634,38.30981,36.59246,35.28812
174.582,175.546,175.6439,175.7193,175.7723,174.9371,174.9415,174.9239,174.8846,173.9407,173.8541,173.7463,174.5122,176.1636,176.9067,179.4489,181.0823,182.7091,184.3291,186.8625,188.4714,190.0727,191.666,193.2511,194.8278,196.3958,187.5857,173.9754,172.5949,172.1412,172.6228,172.1349,172.5876,173.0271,172.4899,172.9007,172.3303,172.7126,172.1095,172.4635,172.8044,172.154,173.4467
111.221,109.6933,107.6347,105.5828,103.5378,101,98.97714,96.96192,94.95459,92.4859,90.50273,88.52815,87.00857,85.92074,84.38017,83.67842,82.52396,81.34733,80.14856,79.31842,78.06742,76.79435,75.49925,74.18217,72.84314,71.48221,66.42756,59.90454,57.74945,55.93208,54.42775,52.62691,51.12276,49.61472,47.83567,46.32861,44.56764,43.0621,41.31983,39.81634,38.30981,36.59246,35.28812
175.4254,175.546,175.6439,175.7193,175.7723,174.9371,174.9415,174.9239,174.8846,173.9407,173.8541,173.7463,174.5122,175.2648,177.8093,179.4489,181.0823,182.7091,184.3291,185.942,188.4714,190.0727,191.666,193.2511,194.8278,195.4561,187.5857,173.9754,172.5949,173.0923,172.6228,172.1349,172.5876,173.0271,172.4899,172.9007,173.2984,172.7126,172.1095,172.4635,171.8281,172.154,173.4467
111.7583,109.6933,107.6347,105.5828,103.5378,101,98.97714,96.96192,94.95459,92.4859,90.50273,88.52815,87.00857,85.48237,84.81069,83.67842,82.52396,81.34733,80.14856,78.92769,78.06742,76.79435,75.49925,74.18217,72.84314,71.14019,66.42756,59.90454,57.74945,56.24109,54.42775,52.62691,51.12276,49.61472,47.83567,46.32861,44.81802,43.0621,41.31983,39.81634,38.09337,36.59246,35.28812
175.4254,175.546,175.6439,175.7193,175.7723,175.8032,174.9415,174.9239,174.8846,174.8236,173.8541,173.7463,174.5122,175.2648,176.9067,179.4489,181.0823,182.7091,184.3291,186.8625,188.4714,190.0727,191.666,193.2511,194.8278,196.3958,188.5283,173.9754,172.5949,172.1412,172.6228,172.1349,172.5876,173.0271,172.4899,172.9007,172.3303,172.7126,172.1095,172.4635,172.8044,172.154,173.4467
111.7583,109.6933,107.6347,105.5828,103.5378,101.5,98.97714,96.96192,94.95459,92.95537,90.50273,88.52815,87.00857,85.48237,84.38017,83.67842,82.52396,81.34733,80.14856,79.31842,78.06742,76.79435,75.49925,74.18217,72.84314,71.48221,66.76137,59.90454,57.74945,55.93208,54.42775,52.62691,51.12276,49.61472,47.83567,46.32861,44.56764,43.0621,41.31983,39.81634,38.30981,36.59246,35.28812
175.4254,175.546,175.6439,175.7193,175.7723,175.8032,175.8119,174.9239,174.0058,174.8236,173.8541,174.6373,174.5122,175.2648,176.9067,179.4489,181.0823,182.7091,184.3291,186.8625,188.4714,190.0727,191.666,193.2511,194.8278,196.3958,187.5857,174.9209,172.5949,172.1412,172.6228,172.1349,172.5876,172.0658,172.4899,172.9007,172.3303,172.7126,172.1095,172.4635,172.8044,172.154,173.4467
111.7583,109.6933,107.6347,105.5828,103.5378,101.5,99.46956,96.96192,94.47743,92.95537,90.50273,88.98214,87.00857,85.48237,84.38017,83.67842,82.52396,81.34733,80.14856,79.31842,78.06742,76.79435,75.49925,74.18217,72.84314,71.48221,66.42756,60.23011,57.74945,55.93208,54.42775,52.62691,51.12276,49.33909,47.83567,46.32861,44.56764,43.0621,41.31983,39.81634,38.30981,36.59246,35.28812
174.582,176.394,175.6439,175.7193,175.7723,175.8032,174.9415,174.9239,174.8846,173.9407,173.8541,173.7463,174.5122,175.2648,177.8093,179.4489,181.0823,182.7091,184.3291,186.8625,188.4714,190.0727,191.666,193.2511,194.8278,195.4561,188.5283,173.9754,172.5949,173.0923,172.6228,172.1349,172.5876,172.0658,172.4899,172.9007,172.3303,171.7423,172.1095,172.4635,172.8044,172.154,173.4467
111.221,110.2232,107.6347,105.5828,103.5378,101.5,98.97714,96.96192,94.95459,92.4859,90.50273,88.52815,87.00857,85.48237,84.81069,83.67842,82.52396,81.34733,80.14856,79.31842,78.06742,76.79435,75.49925,74.18217,72.84314,71.14019,66.76137,59.90454,57.74945,56.24109,54.42775,52.62691,51.12276,49.33909,47.83567,46.32861,44.56764,42.82018,41.31983,39.81634,38.30981,36.59246,35.28812
175.4254,175.546,175.6439,175.7193,175.7723,175.8032,174.9415,174.9239,174.8846,174.8236,173.8541,173.7463,174.5122,175.2648,176.9067,179.4489,181.0823,182.7091,184.3291,186.8625,188.4714,190.0727,191.666,193.2511,194.8278,195.4561,187.5857,174.9209,172.5949,172.1412,171.6691,172.1349,172.5876,172.0658,172.4899,172.9007,172.3303,172.7126,173.0818,172.4635,171.8281,172.154,174.4266
111.7583,109.6933,107.6347,105.5828,103.5378,101.5,98.97714,96.96192,94.95459,92.95537,90.50273,88.52815,87.00857,85.48237,84.38017,83.67842,82.52396,81.34733,80.14856,79.31842,78.06742,76.79435,75.49925,74.18217,72.84314,71.14019,66.42756,60.23011,57.74945,55.93208,54.12704,52.62691,51.12276,49.33909,47.83567,46.32861,44.56764,43.0621,41.55327,39.81634,38.09337,36.59246,35.48749
175.4254,176.394,175.6439,175.7193,175.7723,175.8032,174.9415,174.9239,174.8846,173.9407,173.8541,173.7463,174.5122,176.1636,176.9067,179.4489,181.0823,182.7091,184.3291,186.8625,188.4714,190.0727,191.666,193.2511,194.8278,195.4561,187.5857,174.9209,172.5949,173.0923,172.6228,172.1349,172.5876,172.0658,172.4899,172.9007,172.3303,172.7126,172.1095,172.4635,172.8044,173.1321,173.4467
111.7583,110.2232,107.6347,105.5828,103.5378,101.5,98.97714,96.96192,94.95459,92.4859,90.50273,88.52815,87.00857,85.92074,84.38017,83.67842,82.52396,81.34733,80.14856,79.31842,78.06742,76.79435,75.49925,74.18217,72.84314,71.14019,66.42756,60.23011,57.74945,56.24109,54.42775,52.62691,51.12276,49.33909,47.83567,46.32861,44.56764,43.0621,41.31983,39.81634,38.30981,36.80037,35.28812
174.582,176.394,175.6439,175.7193,175.7723,174.9371,175.8119,174.9239,174.8846,173.9407,173.8541,173.7463,174.5122,175.2648,176.9067,179.4489,181.0823,182.7091,184.3291,186.8625,188.4714,190.0727,191.666,193.2511,194.8278,196.3958,187.5857,173.9754,172.5949,172.1412,172.6228,172.1349,172.5876,172.0658,172.4899,172.9007,172.3303,172.7126,172.1095,172.4635,172.8044,172.154,174.4266
111.221,110.2232,107.6347,105.5828,103.5378,101,99.46956,96.96192,94.95459,92.4859,90.50273,88.52815,87.00857,85.48237,84.38017,83.67842,82.52396,81.34733,80.14856,79.31842,78.06742,76.79435,75.49925,74.18217,72.84314,71.48221,66.42756,59.90454,57.74945,55.93208,54.42775,52.62691,51.12276,49.33909,47.83567,46.32861,44.56764,43.0621,41.31983,39.81634,38.30981,36.59246,35.48749
174.582,174.6979,175.6439,175.7193,175.7723,174.9371,174.9415,174.9239,174.8846,173.9407,173.8541,173.7463,174.5122,175.2648,177.8093,179.4489,181.0823,182.7091,184.3291,186.8625,188.4714,190.0727,191.666,193.2511,194.8278,195.4561,188.5283,174.9209,172.5949,172.1412,172.6228,172.1349,172.5876,173.0271,172.4899,172.9007,172.3303,172.7126,172.1095,172.4635,171.8281,173.1321,172.4667
111.221,109.1634,107.6347,105.5828,103.5378,101,98.97714,96.96192,94.95459,92.4859,90.50273,88.52815,87.00857,85.48237,84.81069,83.67842,82.52396,81.34733,80.14856,79.31842,78.06742,76.79435,75.49925,74.18217,72.84314,71.14019,66.76137,60.23011,57.74945,55.93208,54.42775,52.62691,51.12276,49.61472,47.83567,46.32861,44.56764,43.0621,41.31983,39.81634,38.09337,36.80037,35.08876
174.582,175.546,175.6439,175.7193,175.7723,174.9371,174.9415,174.9239,174.8846,173.9407,173.8541,174.6373,174.5122,175.2648,176.9067,179.4489,181.0823,182.7091,184.3291,185.942,188.4714,190.0727,191.666,193.2511,194.8278,196.3958,187.5857,174.9209,172.5949,173.0923,172.6228,172.1349,172.5876,172.0658,172.4899,172.9007,172.3303,172.7126,172.1095,172.4635,172.8044,172.154,172.4667
111.221,109.6933,107.6347,105.5828,103.5378,101,98.97714,96.96192,94.95459,92.4859,90.50273,88.98214,87.00857,85.48237,84.38017,83.67842,82.52396,81.34733,80.14856,78.92769,78.06742,76.79435,75.49925,74.18217,72.84314,71.48221,66.42756,60.23011,57.74945,56.24109,54.42775,52.62691,51.12276,49.33909,47.83567,46.32861,44.56764,43.0621,41.31983,39.81634,38.30981,36.59246,35.08876
175.4254,176.394,175.6439,175.7193,175.7723,174.9371,174.9415,174.9239,174.8846,174.8236,173.8541,173.7463,174.5122,175.2648,177.8093,179.4489,181.0823,182.7091,184.3291,186.8625,188.4714,190.0727,191.666,193.2511,194.8278,195.4561,187.5857,174.9209,172.5949,172.1412,172.6228,172.1349,172.5876,172.0658,172.4899,172.9007,172.3303,172.7126,172.1095,172.4635,172.8044,172.154,173.4467
111.7583,110.2232,107.6347,105.5828,103.5378,101,98.97714,96.96192,94.95459,92.95537,90.50273,88.52815,87.00857,85.48237,84.81069,83.67842,82.52396,81.34733,80.14856,79.31842,78.06742,76.79435,75.49925,74.18217,72.84314,71.14019,66.42756,60.23011,57.74945,55.93208,54.42775,52.62691,51.12276,49.33909,47.83567,46.32861,44.56764,43.0621,41.31983,39.81634,38.30981,36.59246,35.28812
175.4254,175.546,175.6439,175.7193,175.7723,175.8032,174.9415,174.9239,174.8846,174.8236,173.8541,173.7463,174.5122,175.2648,177.8093,179.4489,181.0823,182.7091,184.3291,185.942,188.4714,190.0727,191.666,193.2511,194.8278,196.3958,187.5857,173.9754,172.5949,172.1412,172.6228,172.1349,172.5876,172.0658,172.4899,172.9007,172.3303,172.7126,172.1095,172.4635,171.8281,173.1321,173.4467
111.7583,109.6933,107.6347,105.5828,103.5378,101.5,98.97714,96.96192,94.95459,92.95537,90.50273,88.52815,87.00857,85.48237,84.81069,83.67842,82.52396,81.34733,80.14856,78.92769,78.06742,76.79435,75.49925,74.18217,72.84314,71.48221,66.42756,59.90454,57.74945,55.93208,54.42775,52.62691,51.12276,49.33909,47.83567,46.32861,44.56764,43.0621,41.31983,39.81634,38.09337,36.80037,35.28812
175.4254,175.546,175.6439,175.7193,175.7723,175.8032,174.9415,174.9239,174.8846,173.9407,173.8541,173.7463,174.5122,175.2648,177.8093,179.4489,181.0823,182.7091,184.3291,185.942,188.4714,190.0727,191.666,193.2511,194.8278,196.3958,188.5283,174.9209,172.5949,172.1412,172.6228,172.1349,172.5876,172.0658,172.4899,172.9007,172.3303,172.7126,172.1095,172.4635,172.8044,172.154,173.4467
111.7583,109.6933,107.6347,105.5828,103.5378,101.5,98.97714,96.96192,94.95459,92.4859,90.50273,88.52815,87.00857,85.48237,84.81069,83.67842,82.52396,81.34733,80.14856,78.92769,78.06742,76.79435,75.49925,74.18217,72.84314,71.48221,66.76137,60.23011,57.74945,55.93208,54.42775,52.62691,51.12276,49.33909,47.83567,46.32861,44.56764,43.0621,41.31983,39.81634,38.30981,36.59246,35.28812
175.4254,176.394,175.6439,175.7193,175.7723,175.8032,174.9415,174.9239,174.8846,174.8236,173.8541,173.7463,174.5122,175.2648,176.9067,179.4489,180.1723,182.7091,184.3291,185.942,188.4714,190.0727,191.666,193.2511,194.8278,195.4561,187.5857,173.9754,172.5949,172.1412,172.6228,172.1349,172.5876,172.0658,172.4899,171.9348,172.3303,172.7126,172.1095,172.4635,172.8044,172.154,173.4467
111.7583,110.2232,107.6347,105.5828,103.5378,101.5,98.97714,96.96192,94.95459,92.95537,90.50273,88.52815,87.00857,85.48237,84.38017,83.67842,82.10926,81.34733,80.14856,78.92769,78.06742,76.79435,75.49925,74.18217,72.84314,71.14019,66.42756,59.90454,57.74945,55.93208,54.42775,52.62691,51.12276,49.33909,47.83567,46.06979,44.56764,43.0621,41.31983,39.81634,38.30981,36.59246,35.28812
175.4254,175.546,175.6439,175.7193,175.7723,174.9371,175.8119,174.9239,174.8846,174.8236,173.8541,174.6373,174.5122,176.1636,177.8093,179.4489,181.0823,182.7091,184.3291,185.942,188.4714,190.0727,191.666,193.2511,194.8278,196.3958,187.5857,173.9754,172.5949,172.1412,172.6228,172.1349,172.5876,172.0658,172.4899,172.9007,172.3303,172.7126,172.1095,172.4635,171.8281,173.1321,173.4467
111.7583,109.6933,107.6347,105.5828,103.5378,101,99.46956,96.96192,94.95459,92.95537,90.50273,88.98214,87.00857,85.92074,84.81069,83.67842,82.52396,81.34733,80.14856,78.92769,78.06742,76.79435,75.49925,74.18217,72.84314,71.48221,66.42756,59.90454,57.74945,55.93208,54.42775,52.62691,51.12276,49.33909,47.83567,46.32861,44.56764,43.0621,41.31983,39.81634,38.09337,36.80037,35.28812
174.582,175.546,175.6439,175.7193,175.7723,175.8032,174.9415,174.9239,174.8846,174.8236,173.8541,173.7463,174.5122,175.2648,177.8093,179.4489,181.0823,182.7091,184.3291,185.942,188.4714,190.0727,191.666,193.2511,194.8278,196.3958,187.5857,173.9754,172.5949,173.0923,172.6228,172.1349,172.5876,172.0658,172.4899,171.9348,172.3303,172.7126,172.1095,172.4635,171.8281,173.1321,173.4467
111.221,109.6933,107.6347,105.5828,103.5378,101.5,98.97714,96.96192,94.95459,92.95537,90.50273,88.52815,87.00857,85.48237,84.81069,83.67842,82.52396,81.34733,80.14856,78.92769,78.06742,76.79435,75.49925,74.18217,72.84314,71.48221,66.42756,59.90454,57.74945,56.24109,54.42775,52.62691,51.12276,49.33909,47.83567,46.06979,44.56764,43.0621,41.31983,39.81634,38.09337,36.80037,35.28812
175.4254,175.546,175.6439,175.7193,175.7723,175.8032,174.9415,174.9239,174.8846,173.9407,173.8541,173.7463,174.5122,175.2648,176.9067,179.4489,181.0823,182.7091,184.3291,186.8625,188.4714,190.0727,191.666,193.2511,194.8278,196.3958,187.5857,174.9209,172.5949,172.1412,172.6228,172.1349,172.5876,172.0658,172.4899,171.9348,172.3303,171.7423,172.1095,172.4635,172.8044,172.154,173.4467
111.7583,109.6933,107.6347,105.5828,103.5378,101.5,98.97714,96.96192,94.95459,92.4859,90.50273,88.52815,87.00857,85.48237,84.38017,83.67842,82.52396,81.34733,80.14856,79.31842,78.06742,76.79435,75.49925,74.18217,72.84314,71.48221,66.42756,60.23011,57.74945,55.93208,54.42775,52.62691,51.12276,49.33909,47.83567,46.06979,44.56764,42.82018,41.31983,39.81634,38.30981,36.59246,35.28812
174.582,176.394,175.6439,175.7193,175.7723,174.9371,174.9415,174.9239,174.8846,173.9407,173.8541,173.7463,174.5122,175.2648,177.8093,179.4489,181.0823,182.7091,184.3291,185.942,188.4714,190.0727,191.666,193.2511,194.8278,196.3958,186.643,173.9754,172.5949,172.1412,172.6228,172.1349,172.5876,172.0658,172.4899,172.9007,172.3303,172.7126,172.1095,172.4635,171.8281,172.154,173.4467
111.221,110.2232,107.6347,105.5828,103.5378,101,98.97714,96.96192,94.95459,92.4859,90.50273,88.52815,87.00857,85.48237,84.81069,83.67842,82.52396,81.34733,80.14856,78.92769,78.06742,76.79435,75.49925,74.18217,72.84314,71.48221,66.09376,59.90454,57.74945,55.93208,54.42775,52.62691,51.12276,49.33909,47.83567,46.32861,44.56764,43.0621,41.31983,39.81634,38.09337,36.59246,35.28812
174.582,175.546,175.6439,175.7193,175.7723,175.8032,174.9415,174.9239,174.8846,174.8236,173.8541,173.7463,174.5122,175.2648,177.8093,179.4489,181.0823,182.7091,184.3291,185.942,188.4714,190.0727,191.666,193.2511,194.8278,196.3958,187.5857,174.9209,172.5949,173.0923,172.6228,172.1349,172.5876,172.0658,172.4899,172.9007,172.3303,171.7423,172.1095,172.4635,172.8044,172.154,173.4467
111.221,109.6933,107.6347,105.5828,103.5378,101.5,98.97714,96.96192,94.95459,92.95537,90.50273,88.52815,87.00857,85.48237,84.81069,83.67842,82.52396,81.34733,80.14856,78.92769,78.06742,76.79435,75.49925,74.18217,72.84314,71.48221,66.42756,60.23011,57.74945,56.24109,54.42775,52.62691,51.12276,49.33909,47.83567,46.32861,44.56764,42.82018,41.31983,39.81634,38.30981,36.59246,35.28812
174.582,176.394,175.6439,175.7193,175.7723,175.8032,174.9415,174.9239,174.8846,173.9407,173.8541,173.7463,174.5122,175.2648,176.9067,179.4489,181.0823,182.7091,184.3291,185.942,188.4714,190.0727,191.666,193.2511,194.8278,196.3958,187.5857,173.9754,172.5949,173.0923,172.6228,172.1349,172.5876,173.0271,172.4899,172.9007,172.3303,172.7126,172.1095,172.4635,172.8044,172.154,173.4467
111.221,110.2232,107.6347,105.5828,103.5378,101.5,98.97714,96.96192,94.95459,92.4859,90.50273,88.52815,87.00857,85.48237,84.38017,83.67842,82.52396,81.34733,80.14856,78.92769,78.06742,76.79435,75.49925,74.18217,72.84314,71.48221,66.42756,59.90454,57.74945,56.24109,54.42775,52.62691,51.12276,49.61472,47.83567,46.32861,44.56764,43.0621,41.31983,39.81634,38.30981,36.59246,35.28812
175.4254,175.546,175.6439,175.7193,175.7723,174.9371,174.9415,174.9239,174.8846,174.8236,173.8541,173.7463,174.5122,175.2648,176.9067,179.4489,181.0823,182.7091,184.3291,186.8625,188.4714,190.0727,191.666,193.2511,194.8278,196.3958,187.5857,173.9754,172.5949,173.0923,172.6228,172.1349,172.5876,172.0658,172.4899,172.9007,172.3303,172.7126,172.1095,172.4635,171.8281,172.154,174.4266
111.7583,109.6933,107.6347,105.5828,103.5378,101,98.97714,96.96192,94.95459,92.95537,90.50273,88.52815,87.00857,85.48237,84.38017,83.67842,82.52396,81.34733,80.14856,79.31842,78.06742,76.79435,75.49925,74.18217,72.84314,71.48221,66.42756,59.90454,57.74945,56.24109,54.42775,52.62691,51.12276,49.33909,47.83567,46.32861,44.56764,43.0621,41.31983,39.81634,38.09337,36.59246,35.48749
175.4254,176.394,175.6439,175.7193,175.7723,174.9371,174.9415,174.9239,174.8846,174.8236,173.8541,173.7463,174.5122,175.2648,176.9067,178.5426,181.0823,182.7091,184.3291,185.942,188.4714,190.0727,191.666,193.2511,194.8278,196.3958,187.5857,173.9754,172.5949,172.1412,172.6228,172.1349,172.5876,172.0658,172.4899,172.9007,172.3303,172.7126,173.0818,172.4635,172.8044,172.154,173.4467
111.7583,110.2232,107.6347,105.5828,103.5378,101,98.97714,96.96192,94.95459,92.95537,90.50273,88.52815,87.00857,85.48237,84.38017,83.2558,82.52396,81.34733,80.14856,78.92769,78.06742,76.79435,75.49925,74.18217,72.84314,71.48221,66.42756,59.90454,57.74945,55.93208,54.42775,52.62691,51.12276,49.33909,47.83567,46.32861,44.56764,43.0621,41.55327,39.81634,38.30981,36.59246,35.28812
175.4254,176.394,175.6439,175.7193,175.7723,174.9371,174.9415,174.9239,174.8846,173.9407,173.8541,173.7463,174.5122,175.2648,177.8093,178.5426,181.0823,182.7091,184.3291,186.8625,188.4714,190.0727,191.666,193.2511,194.8278,195.4561,187.5857,174.9209,172.5949,173.0923,172.6228,172.1349,172.5876,172.0658,172.4899,172.9007,172.3303,172.7126,172.1095,172.4635,171.8281,172.154,173.4467
111.7583,110.2232,107.6347,105.5828,103.5378,101,98.97714,96.96192,94.95459,92.4859,90.50273,88.52815,87.00857,85.48237,84.81069,83.2558,82.52396,81.34733,80.14856,79.31842,78.06742,76.79435,75.49925,74.18217,72.84314,71.14019,66.42756,60.23011,57.74945,56.24109,54.42775,52.62691,51.12276,49.33909,47.83567,46.32861,44.56764,43.0621,41.31983,39.81634,38.09337,36.59246,35.28812
174.582,175.546,175.6439,175.7193,175.7723,175.8032,174.9415,174.9239,174.8846,174.8236,173.8541,174.6373,174.5122,175.2648,177.8093,179.4489,181.0823,182.7091,184.3291,186.8625,188.4714,190.0727,191.666,193.2511,194.8278,195.4561,187.5857,173.9754,172.5949,173.0923,172.6228,172.1349,172.5876,172.0658,172.4899,172.9007,172.3303,172.7126,172.1095,172.4635,172.8044,172.154,173.4467
111.221,109.6933,107.6347,105.5828,103.5378,101.5,98.97714,96.96192,94.95459,92.95537,90.50273,88.98214,87.00857,85.48237,84.81069,83.67842,82.52396,81.34733,80.14856,79.31842,78.06742,76.79435,75.49925,74.18217,72.84314,71.14019,66.42756,59.90454,57.74945,56.24109,54.42775,52.62691,51.12276,49.33909,47.83567,46.32861,44.56764,43.0621,41.31983,39.81634,38.30981,36.59246,35.28812
175.4254,175.546,175.6439,175.7193,175.7723,175.8032,174.9415,174.9239,174.8846,173.9407,173.8541,174.6373,174.5122,176.1636,176.9067,178.5426,181.0823,182.7091,184.3291,186.8625,188.4714,190.0727,191.666,193.2511,194.8278,196.3958,188.5283,174.9209,172.5949,172.1412,172.6228,172.1349,172.5876,172.0658,172.4899,172.9007,172.3303,172.7126,172.1095,172.4635,172.8044,172.154,173.4467
111.7583,109.6933,107.6347,105.5828,103.5378,101.5,98.97714,96.96192,94.95459,92.4859,90.50273,88.98214,87.00857,85.92074,84.38017,83.2558,82.52396,81.34733,80.14856,79.31842,78.06742,76.79435,75.49925,74.18217,72.84314,71.48221,66.76137,60.23011,57.74945,55.93208,54.42775,52.62691,51.12276,49.33909,47.83567,46.32861,44.56764,43.0621,41.31983,39.81634,38.30981,36.59246,35.28812
175.4254,175.546,175.6439,175.7193,175.7723,174.9371,174.9415,174.9239,174.8846,173.9407,173.8541,173.7463,174.5122,175.2648,176.9067,179.4489,181.0823,182.7091,184.3291,185.942,188.4714,190.0727,191.666,193.2511,194.8278,196.3958,187.5857,173.9754,172.5949,172.1412,172.6228,172.1349,172.5876,172.0658,172.4899,172.9007,172.3303,172.7126,172.1095,172.4635,172.8044,172.154,173.4467
111.7583,109.6933,107.6347,105.5828,103.5378,101,98.97714,96.96192,94.95459,92.4859,90.50273,88.52815,87.00857,85.48237,84.38017,83.67842,82.52396,81.34733,80.14856,78.92769,78.06742,76.79435,75.49925,74.18217,72.84314,71.48221,66.42756,59.90454,57.74945,55.93208,54.42775,52.62691,51.12276,49.33909,47.83567,46.32861,44.56764,43.0621,41.31983,39.81634,38.30981,36.59246,35.28812
174.582,175.546,175.6439,175.7193,175.7723,175.8032,174.9415,174.9239,174.8846,173.9407,173.8541,174.6373,174.5122,175.2648,177.8093,179.4489,181.0823,182.7091,184.3291,185.942,188.4714,190.0727,191.666,193.2511,194.8278,197.3355,188.5283,174.9209,172.5949,173.0923,172.6228,172.1349,172.5876,172.0658,172.4899,172.9007,172.3303,172.7126,172.1095,172.4635,171.8281,173.1321,174.4266
111.221,109.6933,107.6347,105.5828,103.5378,101.5,98.97714,96.96192,94.95459,92.4859,90.50273,88.98214,87.00857,85.48237,84.81069,83.67842,82.52396,81.34733,80.14856,78.92769,78.06742,76.79435,75.49925,74.18217,72.84314,71.82423,66.76137,60.23011,57.74945,56.24109,54.42775,52.62691,51.12276,49.33909,47.83567,46.32861,44.56764,43.0621,41.31983,39.81634,38.09337,36.80037,35.48749
