100.7255,100.9309,101.8234,102.7081,104.3043,105.1793,106.0463,106.9052,107.756,108.5986,109.4329,110.2589,111.0764,111.8856,112.6862,114.2608,115.0496,115.8296,117.3994,118.167,121.3525,124.5597,128.6069,132.6843,136.7912,140.9267,145.09,144.2199,143.3201,143.2435,143.1469,142.1688,141.1621,140.1273,139.9392,139.7319,139.5057,138.3737,138.106,138.7148,139.3131,139.9007,140.4777,141.954,142.5131,143.9784,145.4398,145.973,147.4222,148.8668,149.3729,150.8042,152.2302,153.6506,154.1195,154.5768
104.3043,102.7081,101.8234,100.9309,100.7255,99.81141,98.88976,97.96058,97.02394,96.07991,95.12856,94.16997,93.2042,92.23134,91.25146,90.88714,89.88658,88.87917,88.46681,87.43895,88.16779,88.84755,90.0515,91.1914,92.26683,93.27735,94.22255,91.87823,89.55636,87.77976,86.01136,83.74383,81.5,79.28019,77.56954,75.86824,74.17651,72.03278,70.36853,69.16066,67.94753,66.72922,65.50583,64.69215,63.45092,62.6036,61.73552,60.46398,59.56245,58.6402,57.33887,56.38339,55.40726,54.41052,53.06761,51.72066
100.7255,101.6318,102.5305,102.7081,104.3043,105.1793,106.0463,106.9052,107.756,108.5986,109.4329,110.2589,111.0764,111.8856,112.6862,114.2608,115.0496,115.8296,117.3994,118.167,121.3525,124.5597,128.6069,132.6843,136.7912,140.9267,145.09,144.2199,143.3201,143.2435,143.1469,142.1688,141.1621,140.9976,139.9392,139.7319,139.5057,138.3737,138.106,138.7148,139.3131,139.9007,140.4777,141.954,143.4266,143.9784,145.4398,145.973,147.4222,148.8668,150.3064,150.8042,152.2302,153.6506,154.1195,155.5251
104.3043,103.4213,102.5305,100.9309,100.7255,99.81141,98.88976,97.96058,97.02394,96.07991,95.12856,94.16997,93.2042,92.23134,91.25146,90.88714,89.88658,88.87917,88.46681,87.43895,88.16779,88.84755,90.0515,91.1914,92.26683,93.27735,94.22255,91.87823,89.55636,87.77976,86.01136,83.74383,81.5,79.77262,77.56954,75.86824,74.17651,72.03278,70.36853,69.16066,67.94753,66.72922,65.50583,64.69215,63.85765,62.6036,61.73552,60.46398,59.56245,58.6402,57.69724,56.38339,55.40726,54.41052,53.06761,52.03796
100.7255,100.9309,102.5305,103.4213,104.3043,105.1793,106.0463,106.9052,107.756,108.5986,109.4329,110.2589,111.0764,112.6572,112.6862,114.2608,115.0496,115.8296,117.3994,117.3631,121.3525,124.5597,128.6069,132.6843,136.7912,140.9267,145.09,144.2199,143.3201,143.2435,143.1469,142.1688,141.1621,140.9976,139.9392,139.7319,139.5057,138.3737,138.106,138.7148,139.3131,139.9007,140.4777,141.954,143.4266,143.9784,145.4398,145.973,147.4222,148.8668,150.3064,150.8042,152.2302,153.6506,154.1195,155.5251
104.3043,102.7081,102.5305,101.6318,100.7255,99.81141,98.88976,97.96058,97.02394,96.07991,95.12856,94.16997,93.2042,92.86742,91.25146,90.88714,89.88658,88.87917,88.46681,86.84413,88.16779,88.84755,90.0515,91.1914,92.26683,93.27735,94.22255,91.87823,89.55636,87.77976,86.01136,83.74383,81.5,79.77262,77.56954,75.86824,74.17651,72.03278,70.36853,69.16066,67.94753,66.72922,65.50583,64.69215,63.85765,62.6036,61.73552,60.46398,59.56245,58.6402,57.69724,56.38339,55.40726,54.41052,53.06761,52.03796
100.7255,100.9309,102.5305,103.4213,104.3043,104.4539,106.0463,106.9052,107.756,108.5986,109.4329,110.2589,111.0764,111.8856,113.4633,114.2608,115.0496,115.8296,117.3994,118.167,121.3525,124.5597,128.6069,132.6843,136.7912,140.9267,145.09,144.2199,143.3201,143.2435,143.1469,142.1688,141.1621,140.1273,139.9392,139.7319,139.5057,138.3737,138.106,138.7148,139.3131,138.9981,140.4777,141.044,142.5131,143.9784,145.4398,145.973,147.4222,148.8668,150.3064,151.7409,152.2302,153.6506,154.1195,155.5251
104.3043,102.7081,102.5305,101.6318,100.7255,99.12306,98.88976,97.96058,97.02394,96.07991,95.12856,94.16997,93.2042,92.23134,91.88078,90.88714,89.88658,88.87917,88.46681,87.43895,88.16779,88.84755,90.0515,91.1914,92.26683,93.27735,94.22255,91.87823,89.55636,87.77976,86.01136,83.74383,81.5,79.28019,77.56954,75.86824,74.17651,72.03278,70.36853,69.16066,67.94753,66.29871,65.50583,64.27745,63.45092,62.6036,61.73552,60.46398,59.56245,58.6402,57.69724,56.7336,55.40726,54.41052,53.06761,52.03796
100.7255,101.6318,102.5305,103.4213,104.3043,105.1793,106.0463,106.9052,107.756,108.5986,109.4329,110.2589,111.0764,111.8856,112.6862,114.2608,115.0496,115.8296,117.3994,118.167,121.3525,124.5597,128.6069,132.6843,136.7912,140.9267,145.09,144.2199,143.3201,143.2435,143.1469,142.1688,141.1621,140.1273,139.9392,139.7319,139.5057,139.2607,138.106,138.7148,139.3131,139.9007,140.4777,141.954,142.5131,143.9784,144.5193,145.973,147.4222,148.8668,150.3064,151.7409,152.2302,153.6506,156.0106,154.5768
104.3043,103.4213,102.5305,101.6318,100.7255,99.81141,98.88976,97.96058,97.02394,96.07991,95.12856,94.16997,93.2042,92.23134,91.25146,90.88714,89.88658,88.87917,88.46681,87.43895,88.16779,88.84755,90.0515,91.1914,92.26683,93.27735,94.22255,91.87823,89.55636,87.77976,86.01136,83.74383,81.5,79.28019,77.56954,75.86824,74.17651,72.49453,70.36853,69.16066,67.94753,66.72922,65.50583,64.69215,63.45092,62.6036,61.34479,60.46398,59.56245,58.6402,57.69724,56.7336,55.40726,54.41052,53.71875,51.72066
100.7255,100.9309,101.8234,103.4213,104.3043,105.1793,106.0463,106.9052,107.756,108.5986,109.4329,110.2589,111.0764,111.8856,112.6862,113.4782,114.2616,115.0362,117.3994,118.9708,121.3525,124.5597,128.6069,132.6843,136.7912,140.9267,145.09,144.2199,143.3201,143.2435,143.1469,142.1688,141.1621,140.1273,139.9392,139.7319,139.5057,138.3737,138.106,138.7148,138.4143,139.9007,140.4777,141.954,142.5131,143.9784,145.4398,145.973,147.4222,148.8668,150.3064,151.7409,152.2302,153.6506,154.1195,155.5251
104.3043,102.7081,101.8234,101.6318,100.7255,99.81141,98.88976,97.96058,97.02394,96.07991,95.12856,94.16997,93.2042,92.23134,91.25146,90.26462,89.27091,88.27041,88.46681,88.03377,88.16779,88.84755,90.0515,91.1914,92.26683,93.27735,94.22255,91.87823,89.55636,87.77976,86.01136,83.74383,81.5,79.28019,77.56954,75.86824,74.17651,72.03278,70.36853,69.16066,67.50916,66.72922,65.50583,64.69215,63.45092,62.6036,61.73552,60.46398,59.56245,58.6402,57.69724,56.7336,55.40726,54.41052,53.06761,52.03796
100.7255,101.6318,102.5305,103.4213,103.5849,104.4539,106.0463,106.9052,107.756,108.5986,109.4329,110.2589,111.0764,111.8856,112.6862,114.2608,115.0496,115.8296,117.3994,118.9708,121.3525,124.5597,128.6069,132.6843,136.7912,140.9267,145.09,144.2199,143.3201,143.2435,142.2898,142.1688,141.1621,140.9976,139.9392,139.7319,139.5057,139.2607,138.106,139.6098,139.3131,139.9007,140.4777,141.954,142.5131,143.9784,145.4398,146.8968,147.4222,148.8668,150.3064,151.7409,152.2302,153.6506,156.0106,154.5768
104.3043,103.4213,102.5305,101.6318,100.0308,99.12306,98.88976,97.96058,97.02394,96.07991,95.12856,94.16997,93.2042,92.23134,91.25146,90.88714,89.88658,88.87917,88.46681,88.03377,88.16779,88.84755,90.0515,91.1914,92.26683,93.27735,94.22255,91.87823,89.55636,87.77976,85.49632,83.74383,81.5,79.77262,77.56954,75.86824,74.17651,72.49453,70.36853,69.60686,67.94753,66.72922,65.50583,64.69215,63.45092,62.6036,61.73552,60.84667,59.56245,58.6402,57.69724,56.7336,55.40726,54.41052,53.71875,51.72066
100.7255,101.6318,102.5305,103.4213,104.3043,105.1793,106.0463,106.9052,107.756,108.5986,109.4329,110.2589,111.0764,111.8856,112.6862,114.2608,115.0496,115.8296,117.3994,118.9708,121.3525,124.5597,128.6069,132.6843,136.7912,140.9267,145.09,144.2199,143.3201,143.2435,143.1469,143.0304,141.1621,140.1273,139.9392,139.7319,138.6228,138.3737,138.106,137.8199,139.3131,139.9007,140.4777,141.954,142.5131,143.9784,145.4398,145.973,147.4222,148.8668,150.3064,151.7409,152.2302,153.6506,156.0106,156.4734
104.3043,103.4213,102.5305,101.6318,100.7255,99.81141,98.88976,97.96058,97.02394,96.07991,95.12856,94.16997,93.2042,92.23134,91.25146,90.88714,89.88658,88.87917,88.46681,88.03377,88.16779,88.84755,90.0515,91.1914,92.26683,93.27735,94.22255,91.87823,89.55636,87.77976,86.01136,84.25137,81.5,79.28019,77.56954,75.86824,73.70704,72.03278,70.36853,68.71446,67.94753,66.72922,65.50583,64.69215,63.45092,62.6036,61.73552,60.46398,59.56245,58.6402,57.69724,56.7336,55.40726,54.41052,53.71875,52.35527
100.7255,101.6318,101.8234,103.4213,104.3043,104.4539,106.0463,106.9052,107.756,108.5986,109.4329,110.2589,111.0764,111.8856,112.6862,113.4782,115.0496,115.8296,117.3994,118.167,121.3525,124.5597,128.6069,132.6843,136.7912,140.9267,145.09,144.2199,143.3201,143.2435,143.1469,142.1688,141.1621,140.1273,139.9392,139.7319,139.5057,138.3737,138.106,138.7148,139.3131,138.9981,140.4777,141.954,143.4266,143.9784,145.4398,145.973,147.4222,148.8668,149.3729,151.7409,152.2302,153.6506,154.1195,155.5251
104.3043,103.4213,101.8234,101.6318,100.7255,99.12306,98.88976,97.96058,97.02394,96.07991,95.12856,94.16997,93.2042,92.23134,91.25146,90.26462,89.88658,88.87917,88.46681,87.43895,88.16779,88.84755,90.0515,91.1914,92.26683,93.27735,94.22255,91.87823,89.55636,87.77976,86.01136,83.74383,81.5,79.28019,77.56954,75.86824,74.17651,72.03278,70.36853,69.16066,67.94753,66.29871,65.50583,64.69215,63.85765,62.6036,61.73552,60.46398,59.56245,58.6402,57.33887,56.7336,55.40726,54.41052,53.06761,52.03796
100.7255,100.9309,102.5305,102.7081,104.3043,105.1793,106.0463,106.9052,107.756,108.5986,109.4329,110.2589,111.0764,111.8856,112.6862,113.4782,114.2616,115.8296,117.3994,118.167,121.3525,124.5597,128.6069,132.6843,136.7912,140.9267,145.09,144.2199,143.3201,143.2435,143.1469,142.1688,141.1621,140.9976,139.9392,139.7319,139.5057,139.2607,138.106,138.7148,139.3131,138.9981,140.4777,141.954,142.5131,143.9784,145.4398,146.8968,147.4222,148.8668,150.3064,151.7409,152.2302,153.6506,154.1195,155.5251
104.3043,102.7081,102.5305,100.9309,100.7255,99.81141,98.88976,97.96058,97.02394,96.07991,95.12856,94.16997,93.2042,92.23134,91.25146,90.26462,89.27091,88.87917,88.46681,87.43895,88.16779,88.84755,90.0515,91.1914,92.26683,93.27735,94.22255,91.87823,89.55636,87.77976,86.01136,83.74383,81.5,79.77262,77.56954,75.86824,74.17651,72.49453,70.36853,69.16066,67.94753,66.29871,65.50583,64.69215,63.45092,62.6036,61.73552,60.84667,59.56245,58.6402,57.69724,56.7336,55.40726,54.41052,53.06761,52.03796
100.7255,101.6318,102.5305,103.4213,104.3043,105.1793,106.0463,106.9052,107.756,108.5986,109.4329,110.2589,111.0764,111.8856,112.6862,114.2608,115.0496,115.8296,117.3994,117.3631,121.3525,124.5597,128.6069,133.5084,136.7912,140.9267,145.09,144.2199,144.1682,143.2435,143.1469,142.1688,141.1621,140.9976,139.9392,139.7319,139.5057,138.3737,138.106,138.7148,139.3131,138.9981,140.4777,141.954,142.5131,143.9784,145.4398,146.8968,147.4222,148.8668,150.3064,151.7409,152.2302,153.6506,154.1195,155.5251
104.3043,103.4213,102.5305,101.6318,100.7255,99.81141,98.88976,97.96058,97.02394,96.07991,95.12856,94.16997,93.2042,92.23134,91.25146,90.88714,89.88658,88.87917,88.46681,86.84413,88.16779,88.84755,90.0515,91.75781,92.26683,93.27735,94.22255,91.87823,90.08627,87.77976,86.01136,83.74383,81.5,79.77262,77.56954,75.86824,74.17651,72.03278,70.36853,69.16066,67.94753,66.29871,65.50583,64.69215,63.45092,62.6036,61.73552,60.84667,59.56245,58.6402,57.69724,56.7336,55.40726,54.41052,53.06761,52.03796
100.7255,101.6318,102.5305,103.4213,103.5849,105.1793,106.0463,106.9052,107.756,108.5986,109.4329,110.2589,111.0764,111.8856,112.6862,114.2608,115.0496,115.8296,117.3994,118.167,121.3525,125.3738,128.6069,132.6843,136.7912,140.9267,145.09,144.2199,143.3201,143.2435,143.1469,142.1688,141.1621,140.9976,139.9392,139.7319,139.5057,138.3737,138.106,138.7148,139.3131,139.9007,140.4777,141.954,142.5131,143.9784,145.4398,145.973,147.4222,148.8668,150.3064,151.7409,152.2302,153.6506,156.0106,155.5251
104.3043,103.4213,102.5305,101.6318,100.0308,99.81141,98.88976,97.96058,97.02394,96.07991,95.12856,94.16997,93.2042,92.23134,91.25146,90.88714,89.88658,88.87917,88.46681,87.43895,88.16779,89.42826,90.0515,91.1914,92.26683,93.27735,94.22255,91.87823,89.55636,87.77976,86.01136,83.74383,81.5,79.77262,77.56954,75.86824,74.17651,72.03278,70.36853,69.16066,67.94753,66.72922,65.50583,64.69215,63.45092,62.6036,61.73552,60.46398,59.56245,58.6402,57.69724,56.7336,55.40726,54.41052,53.71875,52.03796
100.7255,101.6318,101.8234,102.7081,104.3043,105.1793,106.0463,106.9052,107.756,108.5986,109.4329,110.2589,111.0764,111.8856,112.6862,114.2608,115.0496,115.8296,117.3994,118.167,121.3525,124.5597,128.6069,133.5084,136.7912,140.9267,145.09,144.2199,143.3201,143.2435,143.1469,142.1688,141.1621,140.1273,139.9392,139.7319,139.5057,139.2607,138.106,138.7148,139.3131,139.9007,140.4777,141.954,142.5131,143.9784,144.5193,145.973,147.4222,148.8668,149.3729,151.7409,152.2302,153.6506,154.1195,154.5768
104.3043,103.4213,101.8234,100.9309,100.7255,99.81141,98.88976,97.96058,97.02394,96.07991,95.12856,94.16997,93.2042,92.23134,91.25146,90.88714,89.88658,88.87917,88.46681,87.43895,88.16779,88.84755,90.0515,91.75781,92.26683,93.27735,94.22255,91.87823,89.55636,87.77976,86.01136,83.74383,81.5,79.28019,77.56954,75.86824,74.17651,72.49453,70.36853,69.16066,67.94753,66.72922,65.50583,64.69215,63.45092,62.6036,61.34479,60.46398,59.56245,58.6402,57.33887,56.7336,55.40726,54.41052,53.06761,51.72066
100.7255,101.6318,102.5305,103.4213,104.3043,105.1793,106.0463,106.9052,107.756,108.5986,109.4329,110.2589,111.0764,111.8856,112.6862,114.2608,115.0496,115.8296,117.3994,118.167,121.3525,124.5597,128.6069,132.6843,136.7912,140.9267,145.09,144.2199,143.3201,143.2435,143.1469,142.1688,141.1621,140.9976,139.9392,139.7319,139.5057,138.3737,138.106,138.7148,139.3131,139.9007,140.4777,141.954,142.5131,143.9784,144.5193,145.973,147.4222,148.8668,150.3064,150.8042,152.2302,153.6506,154.1195,155.5251
104.3043,103.4213,102.5305,101.6318,100.7255,99.81141,98.88976,97.96058,97.02394,96.07991,95.12856,94.16997,93.2042,92.23134,91.25146,90.88714,89.88658,88.87917,88.46681,87.43895,88.16779,88.84755,90.0515,91.1914,92.26683,93.27735,94.22255,91.87823,89.55636,87.77976,86.01136,83.74383,81.5,79.77262,77.56954,75.86824,74.17651,72.03278,70.36853,69.16066,67.94753,66.72922,65.50583,64.69215,63.45092,62.6036,61.34479,60.46398,59.56245,58.6402,57.69724,56.38339,55.40726,54.41052,53.06761,52.03796
100.7255,101.6318,102.5305,102.7081,103.5849,105.1793,106.0463,106.9052,107.756,108.5986,109.4329,110.2589,111.0764,111.8856,112.6862,113.4782,115.0496,115.8296,117.3994,118.167,121.3525,125.3738,127.7877,132.6843,136.7912,140.9267,145.09,144.2199,144.1682,143.2435,143.1469,143.0304,141.1621,140.1273,139.9392,139.7319,139.5057,138.3737,138.106,138.7148,139.3131,139.9007,140.4777,141.954,142.5131,143.9784,144.5193,145.973,147.4222,148.8668,150.3064,151.7409,152.2302,153.6506,154.1195,156.4734
104.3043,103.4213,102.5305,100.9309,100.0308,99.81141,98.88976,97.96058,97.02394,96.07991,95.12856,94.16997,93.2042,92.23134,91.25146,90.26462,89.88658,88.87917,88.46681,87.43895,88.16779,89.42826,89.47792,91.1914,92.26683,93.27735,94.22255,91.87823,90.08627,87.77976,86.01136,84.25137,81.5,79.28019,77.56954,75.86824,74.17651,72.03278,70.36853,69.16066,67.94753,66.72922,65.50583,64.69215,63.45092,62.6036,61.34479,60.46398,59.56245,58.6402,57.69724,56.7336,55.40726,54.41052,53.06761,52.35527
100.7255,101.6318,102.5305,102.7081,103.5849,104.4539,106.0463,106.9052,107.756,108.5986,109.4329,110.2589,111.0764,111.8856,112.6862,114.2608,115.0496,115.8296,117.3994,118.167,121.3525,124.5597,128.6069,132.6843,136.7912,140.9267,145.09,144.2199,143.3201,143.2435,143.1469,142.1688,141.1621,140.1273,139.9392,139.7319,139.5057,138.3737,138.106,138.7148,139.3131,138.9981,140.4777,141.954,142.5131,143.9784,145.4398,145.973,147.4222,148.8668,150.3064,150.8042,152.2302,153.6506,154.1195,155.5251
104.3043,103.4213,102.5305,100.9309,100.0308,99.12306,98.88976,97.96058,97.02394,96.07991,95.12856,94.16997,93.2042,92.23134,91.25146,90.88714,89.88658,88.87917,88.46681,87.43895,88.16779,88.84755,90.0515,91.1914,92.26683,93.27735,94.22255,91.87823,89.55636,87.77976,86.01136,83.74383,81.5,79.28019,77.56954,75.86824,74.17651,72.03278,70.36853,69.16066,67.94753,66.29871,65.50583,64.69215,63.45092,62.6036,61.73552,60.46398,59.56245,58.6402,57.69724,56.38339,55.40726,54.41052,53.06761,52.03796
100.7255,101.6318,102.5305,102.7081,104.3043,105.1793,105.3149,106.9052,107.756,108.5986,109.4329,110.2589,111.0764,111.8856,112.6862,113.4782,115.0496,115.8296,117.3994,117.3631,121.3525,124.5597,128.6069,132.6843,136.7912,140.9267,145.09,144.2199,143.3201,143.2435,143.1469,142.1688,141.1621,140.1273,139.9392,139.7319,139.5057,138.3737,138.106,138.7148,139.3131,139.9007,140.4777,141.954,142.5131,143.9784,145.4398,145.973,147.4222,148.8668,150.3064,150.8042,152.2302,153.6506,156.0106,155.5251
104.3043,103.4213,102.5305,100.9309,100.7255,99.81141,98.20776,97.96058,97.02394,96.07991,95.12856,94.16997,93.2042,92.23134,91.25146,90.26462,89.88658,88.87917,88.46681,86.84413,88.16779,88.84755,90.0515,91.1914,92.26683,93.27735,94.22255,91.87823,89.55636,87.77976,86.01136,83.74383,81.5,79.28019,77.56954,75.86824,74.17651,72.03278,70.36853,69.16066,67.94753,66.72922,65.50583,64.69215,63.45092,62.6036,61.73552,60.46398,59.56245,58.6402,57.69724,56.38339,55.40726,54.41052,53.71875,52.03796
100.7255,101.6318,102.5305,103.4213,104.3043,104.4539,106.0463,106.9052,107.756,108.5986,109.4329,110.2589,111.0764,111.8856,112.6862,114.2608,114.2616,115.8296,117.3994,118.167,121.3525,124.5597,128.6069,131.8602,136.7912,140.9267,145.09,144.2199,143.3201,143.2435,143.1469,142.1688,141.1621,140.1273,139.9392,139.7319,139.5057,138.3737,138.106,138.7148,138.4143,139.9007,140.4777,141.954,142.5131,143.9784,144.5193,145.973,147.4222,148.8668,150.3064,151.7409,152.2302,153.6506,154.1195,154.5768
104.3043,103.4213,102.5305,101.6318,100.7255,99.12306,98.88976,97.96058,97.02394,96.07991,95.12856,94.16997,93.2042,92.23134,91.25146,90.88714,89.27091,88.87917,88.46681,87.43895,88.16779,88.84755,90.0515,90.625,92.26683,93.27735,94.22255,91.87823,89.55636,87.77976,86.01136,83.74383,81.5,79.28019,77.56954,75.86824,74.17651,72.03278,70.36853,69.16066,67.50916,66.72922,65.50583,64.69215,63.45092,62.6036,61.34479,60.46398,59.56245,58.6402,57.69724,56.7336,55.40726,54.41052,53.06761,51.72066
100.7255,101.6318,102.5305,103.4213,103.5849,105.1793,106.0463,106.9052,107.756,108.5986,109.4329,110.2589,111.0764,111.8856,112.6862,114.2608,115.0496,115.8296,117.3994,118.167,121.3525,124.5597,128.6069,133.5084,136.7912,140.9267,145.09,144.2199,143.3201,143.2435,143.1469,143.0304,141.1621,140.1273,139.9392,139.7319,139.5057,138.3737,138.106,138.7148,139.3131,139.9007,140.4777,141.954,142.5131,143.9784,145.4398,146.8968,147.4222,148.8668,150.3064,150.8042,152.2302,153.6506,154.1195,154.5768
104.3043,103.4213,102.5305,101.6318,100.0308,99.81141,98.88976,97.96058,97.02394,96.07991,95.12856,94.16997,93.2042,92.23134,91.25146,90.88714,89.88658,88.87917,88.46681,87.43895,88.16779,88.84755,90.0515,91.75781,92.26683,93.27735,94.22255,91.87823,89.55636,87.77976,86.01136,84.25137,81.5,79.28019,77.56954,75.86824,74.17651,72.03278,70.36853,69.16066,67.94753,66.72922,65.50583,64.69215,63.45092,62.6036,61.73552,60.84667,59.56245,58.6402,57.69724,56.38339,55.40726,54.41052,53.06761,51.72066
100.7255,100.9309,102.5305,102.7081,104.3043,104.4539,106.0463,106.9052,107.756,108.5986,109.4329,110.2589,111.0764,111.8856,112.6862,113.4782,115.0496,115.8296,117.3994,117.3631,121.3525,124.5597,128.6069,132.6843,136.7912,140.9267,145.09,144.2199,143.3201,143.2435,143.1469,142.1688,141.1621,140.1273,139.9392,139.7319,139.5057,138.3737,138.106,138.7148,139.3131,139.9007,140.4777,141.954,142.5131,143.9784,145.4398,145.973,147.4222,148.8668,150.3064,150.8042,152.2302,153.6506,154.1195,155.5251
104.3043,102.7081,102.5305,100.9309,100.7255,99.12306,98.88976,97.96058,97.02394,96.07991,95.12856,94.16997,93.2042,92.23134,91.25146,90.26462,89.88658,88.87917,88.46681,86.84413,88.16779,88.84755,90.0515,91.1914,92.26683,93.27735,94.22255,91.87823,89.55636,87.77976,86.01136,83.74383,81.5,79.28019,77.56954,75.86824,74.17651,72.03278,70.36853,69.16066,67.94753,66.72922,65.50583,64.69215,63.45092,62.6036,61.73552,60.46398,59.56245,58.6402,57.69724,56.38339,55.40726,54.41052,53.06761,52.03796
100.7255,101.6318,102.5305,103.4213,104.3043,105.1793,106.0463,106.9052,107.756,108.5986,109.4329,110.2589,111.0764,112.6572,112.6862,114.2608,115.0496,115.0362,117.3994,118.9708,121.3525,124.5597,127.7877,132.6843,136.7912,140.0928,145.09,144.2199,143.3201,143.2435,143.1469,142.1688,141.1621,140.9976,139.9392,139.7319,139.5057,138.3737,138.997,138.7148,139.3131,138.9981,140.4777,141.044,142.5131,143.9784,145.4398,145.973,147.4222,148.8668,149.3729,151.7409,153.1699,153.6506,154.1195,155.5251
104.3043,103.4213,102.5305,101.6318,100.7255,99.81141,98.88976,97.96058,97.02394,96.07991,95.12856,94.16997,93.2042,92.86742,91.25146,90.88714,89.88658,88.27041,88.46681,88.03377,88.16779,88.84755,89.47792,91.1914,92.26683,92.72541,94.22255,91.87823,89.55636,87.77976,86.01136,83.74383,81.5,79.77262,77.56954,75.86824,74.17651,72.03278,70.82252,69.16066,67.94753,66.29871,65.50583,64.27745,63.45092,62.6036,61.73552,60.46398,59.56245,58.6402,57.33887,56.7336,55.74928,54.41052,53.06761,52.03796
100.7255,100.9309,102.5305,102.7081,103.5849,105.1793,106.0463,106.9052,107.756,108.5986,109.4329,110.2589,111.0764,111.8856,112.6862,113.4782,115.0496,115.8296,117.3994,117.3631,121.3525,124.5597,128.6069,132.6843,136.7912,140.9267,145.09,144.2199,143.3201,143.2435,143.1469,142.1688,141.1621,140.9976,139.9392,139.7319,138.6228,139.2607,138.997,138.7148,139.3131,138.9981,140.4777,141.954,143.4266,143.9784,144.5193,146.8968,147.4222,148.8668,149.3729,151.7409,153.1699,153.6506,156.0106,155.5251
104.3043,102.7081,102.5305,100.9309,100.0308,99.81141,98.88976,97.96058,97.02394,96.07991,95.12856,94.16997,93.2042,92.23134,91.25146,90.26462,89.88658,88.87917,88.46681,86.84413,88.16779,88.84755,90.0515,91.1914,92.26683,93.27735,94.22255,91.87823,89.55636,87.77976,86.01136,83.74383,81.5,79.77262,77.56954,75.86824,73.70704,72.49453,70.82252,69.16066,67.94753,66.29871,65.50583,64.69215,63.85765,62.6036,61.34479,60.84667,59.56245,58.6402,57.33887,56.7336,55.74928,54.41052,53.71875,52.03796
100.7255,100.9309,101.8234,103.4213,104.3043,105.1793,105.3149,106.9052,107.756,108.5986,109.4329,110.2589,111.0764,111.8856,112.6862,113.4782,115.0496,115.8296,117.3994,118.167,121.3525,124.5597,127.7877,132.6843,136.7912,140.9267,145.09,144.2199,143.3201,143.2435,143.1469,142.1688,141.1621,140.9976,139.9392,139.7319,139.5057,138.3737,138.106,138.7148,139.3131,138.9981,140.4777,141.044,142.5131,143.9784,145.4398,145.973,147.4222,148.8668,149.3729,150.8042,152.2302,153.6506,154.1195,154.5768
104.3043,102.7081,101.8234,101.6318,100.7255,99.81141,98.20776,97.96058,97.02394,96.07991,95.12856,94.16997,93.2042,92.23134,91.25146,90.26462,89.88658,88.87917,88.46681,87.43895,88.16779,88.84755,89.47792,91.1914,92.26683,93.27735,94.22255,91.87823,89.55636,87.77976,86.01136,83.74383,81.5,79.77262,77.56954,75.86824,74.17651,72.03278,70.36853,69.16066,67.94753,66.29871,65.50583,64.27745,63.45092,62.6036,61.73552,60.46398,59.56245,58.6402,57.33887,56.38339,55.40726,54.41052,53.06761,51.72066
100.7255,100.9309,102.5305,103.4213,104.3043,105.1793,106.0463,106.9052,107.756,108.5986,109.4329,110.2589,111.0764,111.8856,112.6862,113.4782,114.2616,115.8296,117.3994,118.167,121.3525,124.5597,127.7877,132.6843,136.7912,140.9267,145.09,144.2199,143.3201,143.2435,143.1469,142.1688,141.1621,140.9976,139.9392,139.7319,139.5057,138.3737,138.106,138.7148,139.3131,139.9007,140.4777,141.954,142.5131,143.9784,145.4398,145.973,147.4222,148.8668,150.3064,150.8042,152.2302,153.6506,154.1195,155.5251
104.3043,102.7081,102.5305,101.6318,100.7255,99.81141,98.88976,97.96058,97.02394,96.07991,95.12856,94.16997,93.2042,92.23134,91.25146,90.26462,89.27091,88.87917,88.46681,87.43895,88.16779,88.84755,89.47792,91.1914,92.26683,93.27735,94.22255,91.87823,89.55636,87.77976,86.01136,83.74383,81.5,79.77262,77.56954,75.86824,74.17651,72.03278,70.36853,69.16066,67.94753,66.72922,65.50583,64.69215,63.45092,62.6036,61.73552,60.46398,59.56245,58.6402,57.69724,56.38339,55.40726,54.41052,53.06761,52.03796
100.7255,101.6318,102.5305,103.4213,103.5849,104.4539,106.0463,106.9052,107.756,108.5986,109.4329,110.2589,111.0764,111.8856,112.6862,114.2608,115.0496,115.8296,117.3994,118.167,121.3525,125.3738,128.6069,132.6843,136.7912,140.9267,145.09,144.2199,143.3201,143.2435,143.1469,142.1688,141.1621,140.9976,139.9392,139.7319,139.5057,139.2607,138.997,138.7148,139.3131,138.9981,141.384,141.954,143.4266,143.9784,145.4398,145.973,147.4222,148.8668,149.3729,151.7409,152.2302,153.6506,154.1195,154.5768
104.3043,103.4213,102.5305,101.6318,100.0308,99.12306,98.88976,97.96058,97.02394,96.07991,95.12856,94.16997,93.2042,92.23134,91.25146,90.88714,89.88658,88.87917,88.46681,87.43895,88.16779,89.42826,90.0515,91.1914,92.26683,93.27735,94.22255,91.87823,89.55636,87.77976,86.01136,83.74383,81.5,79.77262,77.56954,75.86824,74.17651,72.49453,70.82252,69.16066,67.94753,66.29871,65.92845,64.69215,63.85765,62.6036,61.73552,60.46398,59.56245,58.6402,57.33887,56.7336,55.40726,54.41052,53.06761,51.72066
100.7255,101.6318,102.5305,103.4213,104.3043,105.1793,106.0463,106.9052,107.756,108.5986,109.4329,110.2589,111.0764,111.8856,112.6862,113.4782,115.0496,115.8296,117.3994,118.167,121.3525,124.5597,127.7877,132.6843,136.7912,140.9267,145.09,144.2199,143.3201,143.2435,143.1469,142.1688,141.1621,140.1273,139.9392,139.7319,139.5057,138.3737,138.106,138.7148,139.3131,138.9981,140.4777,141.954,143.4266,143.9784,145.4398,145.973,147.4222,148.8668,150.3064,151.7409,152.2302,153.6506,154.1195,154.5768
104.3043,103.4213,102.5305,101.6318,100.7255,99.81141,98.88976,97.96058,97.02394,96.07991,95.12856,94.16997,93.2042,92.23134,91.25146,90.26462,89.88658,88.87917,88.46681,87.43895,88.16779,88.84755,89.47792,91.1914,92.26683,93.27735,94.22255,91.87823,89.55636,87.77976,86.01136,83.74383,81.5,79.28019,77.56954,75.86824,74.17651,72.03278,70.36853,69.16066,67.94753,66.29871,65.50583,64.69215,63.85765,62.6036,61.73552,60.46398,59.56245,58.6402,57.69724,56.7336,55.40726,54.41052,53.06761,51.72066
100.7255,101.6318,102.5305,103.4213,104.3043,105.1793,106.0463,106.9052,107.756,108.5986,109.4329,110.2589,111.0764,111.8856,112.6862,113.4782,115.0496,115.8296,117.3994,118.9708,121.3525,124.5597,128.6069,132.6843,136.7912,140.9267,145.09,144.2199,143.3201,143.2435,143.1469,142.1688,141.1621,140.1273,139.9392,139.7319,139.5057,138.3737,138.106,138.7148,139.3131,139.9007,140.4777,141.954,142.5131,143.9784,145.4398,145.973,147.4222,148.8668,149.3729,151.7409,152.2302,153.6506,156.0106,155.5251
104.3043,103.4213,102.5305,101.6318,100.7255,99.81141,98.88976,97.96058,97.02394,96.07991,95.12856,94.16997,93.2042,92.23134,91.25146,90.26462,89.88658,88.87917,88.46681,88.03377,88.16779,88.84755,90.0515,91.1914,92.26683,93.27735,94.22255,91.87823,89.55636,87.77976,86.01136,83.74383,81.5,79.28019,77.56954,75.86824,74.17651,72.03278,70.36853,69.16066,67.94753,66.72922,65.50583,64.69215,63.45092,62.6036,61.73552,60.46398,59.56245,58.6402,57.33887,56.7336,55.40726,54.41052,53.71875,52.03796
100.7255,100.9309,101.8234,103.4213,104.3043,105.1793,106.0463,106.9052,107.756,108.5986,109.4329,110.2589,111.0764,112.6572,112.6862,114.2608,115.0496,115.8296,117.3994,118.167,121.3525,124.5597,128.6069,132.6843,136.7912,140.9267,145.09,144.2199,143.3201,143.2435,143.1469,142.1688,141.1621,140.9976,139.9392,139.7319,139.5057,138.3737,138.106,138.7148,139.3131,139.9007,140.4777,141.954,142.5131,143.9784,145.4398,145.973,147.4222,148.8668,150.3064,150.8042,152.2302,153.6506,154.1195,155.5251
104.3043,102.7081,101.8234,101.6318,100.7255,99.81141,98.88976,97.96058,97.02394,96.07991,95.12856,94.16997,93.2042,92.86742,91.25146,90.88714,89.88658,88.87917,88.46681,87.43895,88.16779,88.84755,90.0515,91.1914,92.26683,93.27735,94.22255,91.87823,89.55636,87.77976,86.01136,83.74383,81.5,79.77262,77.56954,75.86824,74.17651,72.03278,70.36853,69.16066,67.94753,66.72922,65.50583,64.69215,63.45092,62.6036,61.73552,60.46398,59.56245,58.6402,57.69724,56.38339,55.40726,54.41052,53.06761,52.03796
100.7255,101.6318,101.8234,103.4213,103.5849,105.1793,106.0463,106.9052,107.756,108.5986,109.4329,110.2589,111.0764,111.8856,112.6862,113.4782,115.0496,115.8296,117.3994,118.167,121.3525,124.5597,128.6069,132.6843,136.7912,140.9267,145.09,144.2199,143.3201,143.2435,143.1469,142.1688,141.1621,140.1273,139.9392,139.7319,139.5057,138.3737,138.106,138.7148,139.3131,139.9007,140.4777,141.954,142.5131,143.9784,144.5193,145.973,147.4222,148.8668,150.3064,150.8042,152.2302,153.6506,154.1195,155.5251
104.3043,103.4213,101.8234,101.6318,100.0308,99.81141,98.88976,97.96058,97.02394,96.07991,95.12856,94.16997,93.2042,92.23134,91.25146,90.26462,89.88658,88.87917,88.46681,87.43895,88.16779,88.84755,90.0515,91.1914,92.26683,93.27735,94.22255,91.87823,89.55636,87.77976,86.01136,83.74383,81.5,79.28019,77.56954,75.86824,74.17651,72.03278,70.36853,69.16066,67.94753,66.72922,65.50583,64.69215,63.45092,62.6036,61.34479,60.46398,59.56245,58.6402,57.69724,56.38339,55.40726,54.41052,53.06761,52.03796
100.7255,101.6318,102.5305,103.4213,104.3043,105.1793,106.0463,106.9052,107.756,108.5986,109.4329,110.2589,111.0764,111.8856,112.6862,114.2608,115.0496,115.8296,117.3994,118.9708,121.3525,124.5597,128.6069,132.6843,136.7912,140.9267,145.09,144.2199,143.3201,143.2435,143.1469,142.1688,141.1621,140.9976,139.9392,139.7319,139.5057,138.3737,138.106,138.7148,139.3131,139.9007,140.4777,141.954,142.5131,143.9784,145.4398,145.973,147.4222,148.8668,149.3729,150.8042,152.2302,153.6506,154.1195,156.4734
104.3043,103.4213,102.5305,101.6318,100.7255,99.81141,98.88976,97.96058,97.02394,96.07991,95.12856,94.16997,93.2042,92.23134,91.25146,90.88714,89.88658,88.87917,88.46681,88.03377,88.16779,88.84755,90.0515,91.1914,92.26683,93.27735,94.22255,91.87823,89.55636,87.77976,86.01136,83.74383,81.5,79.77262,77.56954,75.86824,74.17651,72.03278,70.36853,69.16066,67.94753,66.72922,65.50583,64.69215,63.45092,62.6036,61.73552,60.46398,59.56245,58.6402,57.33887,56.38339,55.40726,54.41052,53.06761,52.35527
