150.7216,152.1264,152.8248,154.2,154.1493,155.4886,155.3774,156.6809,157.241,158.5146,159.033,159.5276,161.5079,163.4873,166.2316,168.9858,171.7493,173.739,177.3024,180.0912,182.8875,185.6909,186.8829,182.3619,178.5751,174.7148,173.2689,171.7805,172.7661,173.7386,174.6979,175.6439,176.5765,177.4956,178.4012,179.2933,180.1717,181.0363,181.8872,182.7242,184.4384
161.6292,160.3077,158.2548,156.9151,154.1493,152.7982,150.0462,148.6846,146.6296,145.2519,143.1939,141.1381,140.3966,139.6313,139.4849,139.3011,139.0798,138.1982,138.5238,138.1888,137.8156,137.4041,135.7784,130.0775,125.0397,120.0781,116.8713,113.699,112.1956,110.6837,109.1634,107.6347,106.0978,104.5529,103,101.4393,99.87078,98.2947,96.71114,95.12021,93.97603
150.7216,152.1264,152.8248,154.2,154.1493,154.7753,156.0967,156.6809,157.241,158.5146,159.033,159.5276,161.5079,163.4873,166.2316,168.9858,171.7493,174.5216,177.3024,180.0912,182.8875,185.6909,186.8829,182.3619,178.5751,176.363,173.2689,171.7805,172.7661,173.7386,174.6979,175.6439,176.5765,177.4956,178.4012,179.2933,180.1717,181.0363,181.8872,182.7242,184.4384
161.6292,160.3077,158.2548,156.9151,154.1493,152.0973,150.7409,148.6846,146.6296,145.2519,143.1939,141.1381,140.3966,139.6313,139.4849,139.3011,139.0798,138.8208,138.5238,138.1888,137.8156,137.4041,135.7784,130.0775,125.0397,121.2109,116.8713,113.699,112.1956,110.6837,109.1634,107.6347,106.0978,104.5529,103,101.4393,99.87078,98.2947,96.71114,95.12021,93.97603
150.7216,152.1264,152.8248,153.4991,154.8564,154.7753,156.0967,156.6809,157.241,158.5146,159.7761,160.2765,161.5079,163.4873,166.2316,168.9858,171.7493,174.5216,177.3024,180.0912,182.8875,185.6909,186.8829,182.3619,178.5751,175.5389,172.4398,171.7805,172.7661,173.7386,174.6979,175.6439,176.5765,177.4956,178.4012,179.2933,180.1717,181.0363,181.8872,182.7242,184.4384
161.6292,160.3077,158.2548,156.2018,154.8564,152.0973,150.7409,148.6846,146.6296,145.2519,143.8631,141.8007,140.3966,139.6313,139.4849,139.3011,139.0798,138.8208,138.5238,138.1888,137.8156,137.4041,135.7784,130.0775,125.0397,120.6445,116.3121,113.699,112.1956,110.6837,109.1634,107.6347,106.0978,104.5529,103,101.4393,99.87078,98.2947,96.71114,95.12021,93.97603
150.7216,152.1264,152.8248,153.4991,154.8564,155.4886,156.0967,156.6809,157.241,158.5146,159.033,159.5276,161.5079,163.4873,166.2316,168.9858,171.7493,173.739,177.3024,180.0912,182.8875,185.6909,186.8829,182.3619,178.5751,175.5389,172.4398,171.7805,172.7661,173.7386,174.6979,175.6439,176.5765,177.4956,178.4012,179.2933,180.1717,181.0363,181.8872,182.7242,183.5473
161.6292,160.3077,158.2548,156.2018,154.8564,152.7982,150.7409,148.6846,146.6296,145.2519,143.1939,141.1381,140.3966,139.6313,139.4849,139.3011,139.0798,138.1982,138.5238,138.1888,137.8156,137.4041,135.7784,130.0775,125.0397,120.6445,116.3121,113.699,112.1956,110.6837,109.1634,107.6347,106.0978,104.5529,103,101.4393,99.87078,98.2947,96.71114,95.12021,93.52204
150.7216,152.1264,152.8248,154.2,154.1493,155.4886,155.3774,156.6809,157.241,158.5146,159.033,159.5276,161.5079,163.4873,166.2316,169.7574,172.5264,174.5216,177.3024,180.0912,182.8875,185.6909,186.8829,182.3619,178.5751,176.363,173.2689,170.9466,172.7661,173.7386,174.6979,175.6439,176.5765,177.4956,178.4012,179.2933,180.1717,181.0363,181.8872,182.7242,183.5473
161.6292,160.3077,158.2548,156.9151,154.1493,152.7982,150.0462,148.6846,146.6296,145.2519,143.1939,141.1381,140.3966,139.6313,139.4849,139.9372,139.7091,138.8208,138.5238,138.1888,137.8156,137.4041,135.7784,130.0775,125.0397,121.2109,116.8713,113.1471,112.1956,110.6837,109.1634,107.6347,106.0978,104.5529,103,101.4393,99.87078,98.2947,96.71114,95.12021,93.52204
150.7216,152.1264,153.5195,154.2,154.1493,155.4886,156.0967,156.6809,157.241,158.5146,159.033,159.5276,161.5079,163.4873,166.2316,168.9858,171.7493,174.5216,176.5144,180.0912,182.8875,185.6909,186.8829,182.3619,178.5751,174.7148,173.2689,171.7805,172.7661,173.7386,174.6979,175.6439,176.5765,177.4956,178.4012,179.2933,180.1717,181.0363,181.8872,182.7242,184.4384
161.6292,160.3077,158.9741,156.9151,154.1493,152.7982,150.7409,148.6846,146.6296,145.2519,143.1939,141.1381,140.3966,139.6313,139.4849,139.3011,139.0798,138.8208,137.9082,138.1888,137.8156,137.4041,135.7784,130.0775,125.0397,120.0781,116.8713,113.699,112.1956,110.6837,109.1634,107.6347,106.0978,104.5529,103,101.4393,99.87078,98.2947,96.71114,95.12021,93.97603
150.7216,152.1264,152.8248,153.4991,154.1493,154.7753,155.3774,156.6809,157.241,158.5146,159.033,159.5276,161.5079,163.4873,166.2316,168.9858,172.5264,173.739,177.3024,180.0912,182.8875,185.6909,186.8829,182.3619,178.5751,175.5389,173.2689,171.7805,172.7661,173.7386,174.6979,175.6439,176.5765,177.4956,178.4012,179.2933,180.1717,181.0363,181.8872,182.7242,184.4384
161.6292,160.3077,158.2548,156.2018,154.1493,152.0973,150.0462,148.6846,146.6296,145.2519,143.1939,141.1381,140.3966,139.6313,139.4849,139.3011,139.7091,138.1982,138.5238,138.1888,137.8156,137.4041,135.7784,130.0775,125.0397,120.6445,116.8713,113.699,112.1956,110.6837,109.1634,107.6347,106.0978,104.5529,103,101.4393,99.87078,98.2947,96.71114,95.12021,93.97603
150.7216,152.1264,152.8248,153.4991,154.8564,155.4886,156.0967,156.6809,157.241,158.5146,159.033,159.5276,161.5079,163.4873,166.2316,168.9858,172.5264,173.739,177.3024,180.0912,182.8875,185.6909,186.8829,182.3619,178.5751,176.363,173.2689,171.7805,172.7661,173.7386,174.6979,175.6439,176.5765,177.4956,178.4012,179.2933,180.1717,181.0363,181.8872,182.7242,183.5473
161.6292,160.3077,158.2548,156.2018,154.8564,152.7982,150.7409,148.6846,146.6296,145.2519,143.1939,141.1381,140.3966,139.6313,139.4849,139.3011,139.7091,138.1982,138.5238,138.1888,137.8156,137.4041,135.7784,130.0775,125.0397,121.2109,116.8713,113.699,112.1956,110.6837,109.1634,107.6347,106.0978,104.5529,103,101.4393,99.87078,98.2947,96.71114,95.12021,93.52204
150.7216,151.438,152.8248,153.4991,154.1493,155.4886,155.3774,156.6809,157.241,158.5146,159.033,159.5276,161.5079,163.4873,166.2316,168.9858,171.7493,174.5216,177.3024,180.0912,182.8875,185.6909,186.8829,182.3619,178.5751,174.7148,173.2689,171.7805,172.7661,173.7386,174.6979,175.6439,176.5765,177.4956,178.4012,179.2933,180.1717,181.0363,181.8872,182.7242,184.4384
161.6292,159.5824,158.2548,156.2018,154.1493,152.7982,150.0462,148.6846,146.6296,145.2519,143.1939,141.1381,140.3966,139.6313,139.4849,139.3011,139.0798,138.8208,138.5238,138.1888,137.8156,137.4041,135.7784,130.0775,125.0397,120.0781,116.8713,113.699,112.1956,110.6837,109.1634,107.6347,106.0978,104.5529,103,101.4393,99.87078,98.2947,96.71114,95.12021,93.97603
150.7216,152.1264,152.8248,153.4991,154.1493,155.4886,155.3774,156.6809,157.241,158.5146,159.033,159.5276,161.5079,163.4873,166.2316,168.9858,171.7493,174.5216,177.3024,180.0912,182.8875,185.6909,186.8829,182.3619,178.5751,175.5389,172.4398,171.7805,172.7661,173.7386,174.6979,175.6439,176.5765,177.4956,178.4012,179.2933,180.1717,181.0363,181.8872,181.8372,183.5473
161.6292,160.3077,158.2548,156.2018,154.1493,152.7982,150.0462,148.6846,146.6296,145.2519,143.1939,141.1381,140.3966,139.6313,139.4849,139.3011,139.0798,138.8208,138.5238,138.1888,137.8156,137.4041,135.7784,130.0775,125.0397,120.6445,116.3121,113.699,112.1956,110.6837,109.1634,107.6347,106.0978,104.5529,103,101.4393,99.87078,98.2947,96.71114,94.65847,93.52204
150.7216,152.1264,153.5195,153.4991,154.1493,155.4886,155.3774,156.6809,157.241,158.5146,159.033,159.5276,161.5079,163.4873,166.2316,168.9858,172.5264,173.739,177.3024,180.0912,182.8875,185.6909,186.8829,182.3619,178.5751,175.5389,173.2689,171.7805,172.7661,173.7386,174.6979,175.6439,176.5765,177.4956,178.4012,179.2933,180.1717,181.0363,181.8872,182.7242,183.5473
161.6292,160.3077,158.9741,156.2018,154.1493,152.7982,150.0462,148.6846,146.6296,145.2519,143.1939,141.1381,140.3966,139.6313,139.4849,139.3011,139.7091,138.1982,138.5238,138.1888,137.8156,137.4041,135.7784,130.0775,125.0397,120.6445,116.8713,113.699,112.1956,110.6837,109.1634,107.6347,106.0978,104.5529,103,101.4393,99.87078,98.2947,96.71114,95.12021,93.52204
150.7216,152.1264,152.8248,153.4991,154.8564,155.4886,156.0967,156.6809,157.241,158.5146,159.033,159.5276,161.5079,163.4873,166.2316,168.9858,171.7493,174.5216,177.3024,180.0912,182.8875,185.6909,186.8829,182.3619,178.5751,175.5389,172.4398,171.7805,172.7661,173.7386,174.6979,175.6439,176.5765,177.4956,178.4012,179.2933,180.1717,181.0363,181.8872,182.7242,183.5473
161.6292,160.3077,158.2548,156.2018,154.8564,152.7982,150.7409,148.6846,146.6296,145.2519,143.1939,141.1381,140.3966,139.6313,139.4849,139.3011,139.0798,138.8208,138.5238,138.1888,137.8156,137.4041,135.7784,130.0775,125.0397,120.6445,116.3121,113.699,112.1956,110.6837,109.1634,107.6347,106.0978,104.5529,103,101.4393,99.87078,98.2947,96.71114,95.12021,93.52204
150.7216,152.1264,152.8248,153.4991,154.8564,154.7753,156.0967,156.6809,157.241,158.5146,159.033,159.5276,161.5079,163.4873,166.2316,168.9858,171.7493,173.739,177.3024,180.0912,182.8875,185.6909,186.8829,182.3619,178.5751,176.363,172.4398,171.7805,172.7661,173.7386,174.6979,175.6439,176.5765,177.4956,178.4012,179.2933,180.1717,181.0363,181.8872,182.7242,182.6563
161.6292,160.3077,158.2548,156.2018,154.8564,152.0973,150.7409,148.6846,146.6296,145.2519,143.1939,141.1381,140.3966,139.6313,139.4849,139.3011,139.0798,138.1982,138.5238,138.1888,137.8156,137.4041,135.7784,130.0775,125.0397,121.2109,116.3121,113.699,112.1956,110.6837,109.1634,107.6347,106.0978,104.5529,103,101.4393,99.87078,98.2947,96.71114,95.12021,93.06805
150.7216,152.1264,152.8248,153.4991,154.8564,155.4886,156.0967,156.6809,157.241,158.5146,159.033,159.5276,161.5079,163.4873,166.2316,168.9858,171.7493,174.5216,177.3024,180.0912,182.8875,185.6909,186.8829,182.3619,178.5751,176.363,173.2689,171.7805,172.7661,173.7386,174.6979,175.6439,176.5765,177.4956,178.4012,179.2933,180.1717,181.0363,181.8872,182.7242,185.3294
161.6292,160.3077,158.2548,156.2018,154.8564,152.7982,150.7409,148.6846,146.6296,145.2519,143.1939,141.1381,140.3966,139.6313,139.4849,139.3011,139.0798,138.8208,138.5238,138.1888,137.8156,137.4041,135.7784,130.0775,125.0397,121.2109,116.8713,113.699,112.1956,110.6837,109.1634,107.6347,106.0978,104.5529,103,101.4393,99.87078,98.2947,96.71114,95.12021,94.43002
150.7216,152.1264,152.8248,154.2,154.1493,155.4886,155.3774,156.6809,157.241,158.5146,159.033,159.5276,161.5079,163.4873,166.2316,168.9858,171.7493,174.5216,177.3024,180.0912,182.8875,185.6909,186.8829,182.3619,178.5751,176.363,172.4398,171.7805,172.7661,173.7386,174.6979,175.6439,176.5765,177.4956,178.4012,179.2933,180.1717,181.0363,181.8872,182.7242,183.5473
161.6292,160.3077,158.2548,156.9151,154.1493,152.7982,150.0462,148.6846,146.6296,145.2519,143.1939,141.1381,140.3966,139.6313,139.4849,139.3011,139.0798,138.8208,138.5238,138.1888,137.8156,137.4041,135.7784,130.0775,125.0397,121.2109,116.3121,113.699,112.1956,110.6837,109.1634,107.6347,106.0978,104.5529,103,101.4393,99.87078,98.2947,96.71114,95.12021,93.52204
150.7216,152.1264,152.8248,154.2,154.8564,154.7753,155.3774,156.6809,157.241,158.5146,159.033,159.5276,161.5079,163.4873,166.2316,168.9858,171.7493,173.739,177.3024,180.0912,182.8875,185.6909,186.8829,182.3619,179.3943,175.5389,173.2689,171.7805,172.7661,173.7386,174.6979,175.6439,176.5765,177.4956,178.4012,179.2933,180.1717,181.0363,181.8872,182.7242,184.4384
161.6292,160.3077,158.2548,156.9151,154.8564,152.0973,150.0462,148.6846,146.6296,145.2519,143.1939,141.1381,140.3966,139.6313,139.4849,139.3011,139.0798,138.1982,138.5238,138.1888,137.8156,137.4041,135.7784,130.0775,125.6132,120.6445,116.8713,113.699,112.1956,110.6837,109.1634,107.6347,106.0978,104.5529,103,101.4393,99.87078,98.2947,96.71114,95.12021,93.97603
150.7216,152.1264,152.8248,153.4991,154.1493,155.4886,156.0967,156.6809,157.241,158.5146,159.033,159.5276,161.5079,163.4873,166.2316,168.9858,171.7493,174.5216,177.3024,180.0912,182.8875,185.6909,186.8829,182.3619,179.3943,175.5389,173.2689,171.7805,172.7661,173.7386,174.6979,175.6439,176.5765,177.4956,178.4012,179.2933,180.1717,181.0363,181.8872,182.7242,183.5473
161.6292,160.3077,158.2548,156.2018,154.1493,152.7982,150.7409,148.6846,146.6296,145.2519,143.1939,141.1381,140.3966,139.6313,139.4849,139.3011,139.0798,138.8208,138.5238,138.1888,137.8156,137.4041,135.7784,130.0775,125.6132,120.6445,116.8713,113.699,112.1956,110.6837,109.1634,107.6347,106.0978,104.5529,103,101.4393,99.87078,98.2947,96.71114,95.12021,93.52204
150.7216,152.1264,152.8248,153.4991,154.1493,155.4886,156.0967,156.6809,157.241,158.5146,159.033,159.5276,161.5079,163.4873,166.2316,168.9858,171.7493,174.5216,177.3024,180.0912,182.8875,185.6909,186.8829,182.3619,178.5751,176.363,173.2689,171.7805,172.7661,173.7386,174.6979,175.6439,176.5765,177.4956,178.4012,179.2933,180.1717,181.0363,181.8872,182.7242,183.5473
161.6292,160.3077,158.2548,156.2018,154.1493,152.7982,150.7409,148.6846,146.6296,145.2519,143.1939,141.1381,140.3966,139.6313,139.4849,139.3011,139.0798,138.8208,138.5238,138.1888,137.8156,137.4041,135.7784,130.0775,125.0397,121.2109,116.8713,113.699,112.1956,110.6837,109.1634,107.6347,106.0978,104.5529,103,101.4393,99.87078,98.2947,96.71114,95.12021,93.52204
150.7216,152.1264,152.8248,153.4991,154.1493,155.4886,156.0967,156.6809,157.241,158.5146,159.033,159.5276,161.5079,163.4873,166.2316,169.7574,171.7493,173.739,177.3024,180.0912,182.8875,185.6909,186.8829,182.3619,178.5751,175.5389,172.4398,171.7805,172.7661,173.7386,174.6979,175.6439,176.5765,177.4956,178.4012,179.2933,180.1717,181.0363,181.8872,182.7242,184.4384
161.6292,160.3077,158.2548,156.2018,154.1493,152.7982,150.7409,148.6846,146.6296,145.2519,143.1939,141.1381,140.3966,139.6313,139.4849,139.9372,139.0798,138.1982,138.5238,138.1888,137.8156,137.4041,135.7784,130.0775,125.0397,120.6445,116.3121,113.699,112.1956,110.6837,109.1634,107.6347,106.0978,104.5529,103,101.4393,99.87078,98.2947,96.71114,95.12021,93.97603
150.7216,152.1264,152.8248,153.4991,154.1493,155.4886,156.0967,156.6809,157.241,158.5146,159.033,159.5276,161.5079,163.4873,166.2316,168.9858,171.7493,174.5216,177.3024,180.0912,182.8875,185.6909,186.8829,183.176,179.3943,175.5389,173.2689,171.7805,172.7661,173.7386,174.6979,175.6439,176.5765,177.4956,178.4012,179.2933,180.1717,181.0363,181.8872,182.7242,184.4384
161.6292,160.3077,158.2548,156.2018,154.1493,152.7982,150.7409,148.6846,146.6296,145.2519,143.1939,141.1381,140.3966,139.6313,139.4849,139.3011,139.0798,138.8208,138.5238,138.1888,137.8156,137.4041,135.7784,130.6582,125.6132,120.6445,116.8713,113.699,112.1956,110.6837,109.1634,107.6347,106.0978,104.5529,103,101.4393,99.87078,98.2947,96.71114,95.12021,93.97603
150.7216,152.1264,152.8248,153.4991,154.8564,154.7753,155.3774,156.6809,157.241,158.5146,159.033,159.5276,161.5079,163.4873,166.2316,168.9858,171.7493,173.739,177.3024,180.0912,182.8875,185.6909,186.8829,182.3619,178.5751,176.363,173.2689,171.7805,172.7661,173.7386,174.6979,175.6439,176.5765,177.4956,178.4012,179.2933,180.1717,181.0363,181.8872,182.7242,184.4384
161.6292,160.3077,158.2548,156.2018,154.8564,152.0973,150.0462,148.6846,146.6296,145.2519,143.1939,141.1381,140.3966,139.6313,139.4849,139.3011,139.0798,138.1982,138.5238,138.1888,137.8156,137.4041,135.7784,130.0775,125.0397,121.2109,116.8713,113.699,112.1956,110.6837,109.1634,107.6347,106.0978,104.5529,103,101.4393,99.87078,98.2947,96.71114,95.12021,93.97603
150.7216,152.1264,152.8248,154.2,154.1493,154.7753,156.0967,156.6809,157.241,158.5146,159.7761,159.5276,161.5079,163.4873,166.2316,168.9858,171.7493,174.5216,177.3024,180.8846,182.8875,185.6909,186.8829,182.3619,179.3943,176.363,173.2689,171.7805,172.7661,173.7386,174.6979,175.6439,176.5765,177.4956,178.4012,179.2933,180.1717,181.0363,181.8872,182.7242,183.5473
161.6292,160.3077,158.2548,156.9151,154.1493,152.0973,150.7409,148.6846,146.6296,145.2519,143.8631,141.1381,140.3966,139.6313,139.4849,139.3011,139.0798,138.8208,138.5238,138.7976,137.8156,137.4041,135.7784,130.0775,125.6132,121.2109,116.8713,113.699,112.1956,110.6837,109.1634,107.6347,106.0978,104.5529,103,101.4393,99.87078,98.2947,96.71114,95.12021,93.52204
150.7216,152.1264,152.8248,153.4991,154.1493,154.7753,156.0967,156.6809,157.241,158.5146,159.033,159.5276,161.5079,163.4873,166.2316,168.9858,171.7493,173.739,177.3024,180.0912,182.8875,185.6909,186.8829,182.3619,178.5751,176.363,173.2689,171.7805,172.7661,173.7386,174.6979,175.6439,176.5765,177.4956,178.4012,179.2933,180.1717,181.0363,181.8872,182.7242,184.4384
161.6292,160.3077,158.2548,156.2018,154.1493,152.0973,150.7409,148.6846,146.6296,145.2519,143.1939,141.1381,140.3966,139.6313,139.4849,139.3011,139.0798,138.1982,138.5238,138.1888,137.8156,137.4041,135.7784,130.0775,125.0397,121.2109,116.8713,113.699,112.1956,110.6837,109.1634,107.6347,106.0978,104.5529,103,101.4393,99.87078,98.2947,96.71114,95.12021,93.97603
150.7216,152.1264,152.8248,153.4991,154.1493,154.7753,156.0967,156.6809,157.241,158.5146,159.7761,159.5276,161.5079,163.4873,166.2316,169.7574,171.7493,174.5216,177.3024,180.0912,182.8875,185.6909,186.8829,182.3619,178.5751,176.363,173.2689,171.7805,172.7661,173.7386,174.6979,175.6439,176.5765,177.4956,178.4012,179.2933,180.1717,181.0363,181.8872,182.7242,185.3294
161.6292,160.3077,158.2548,156.2018,154.1493,152.0973,150.7409,148.6846,146.6296,145.2519,143.8631,141.1381,140.3966,139.6313,139.4849,139.9372,139.0798,138.8208,138.5238,138.1888,137.8156,137.4041,135.7784,130.0775,125.0397,121.2109,116.8713,113.699,112.1956,110.6837,109.1634,107.6347,106.0978,104.5529,103,101.4393,99.87078,98.2947,96.71114,95.12021,94.43002
150.7216,152.1264,152.8248,153.4991,154.1493,155.4886,155.3774,156.6809,157.241,158.5146,159.033,159.5276,161.5079,163.4873,166.2316,168.9858,171.7493,174.5216,177.3024,180.0912,182.8875,185.6909,186.8829,182.3619,178.5751,176.363,172.4398,171.7805,172.7661,173.7386,174.6979,175.6439,176.5765,177.4956,178.4012,179.2933,180.1717,181.0363,181.8872,182.7242,183.5473
161.6292,160.3077,158.2548,156.2018,154.1493,152.7982,150.0462,148.6846,146.6296,145.2519,143.1939,141.1381,140.3966,139.6313,139.4849,139.3011,139.0798,138.8208,138.5238,138.1888,137.8156,137.4041,135.7784,130.0775,125.0397,121.2109,116.3121,113.699,112.1956,110.6837,109.1634,107.6347,106.0978,104.5529,103,101.4393,99.87078,98.2947,96.71114,95.12021,93.52204
150.7216,152.1264,152.8248,153.4991,154.8564,155.4886,156.0967,156.6809,157.241,158.5146,159.033,159.5276,161.5079,163.4873,166.2316,169.7574,171.7493,174.5216,177.3024,180.0912,182.8875,185.6909,186.8829,182.3619,178.5751,176.363,173.2689,171.7805,172.7661,173.7386,174.6979,175.6439,176.5765,177.4956,178.4012,179.2933,180.1717,181.0363,181.8872,182.7242,184.4384
161.6292,160.3077,158.2548,156.2018,154.8564,152.7982,150.7409,148.6846,146.6296,145.2519,143.1939,141.1381,140.3966,139.6313,139.4849,139.9372,139.0798,138.8208,138.5238,138.1888,137.8156,137.4041,135.7784,130.0775,125.0397,121.2109,116.8713,113.699,112.1956,110.6837,109.1634,107.6347,106.0978,104.5529,103,101.4393,99.87078,98.2947,96.71114,95.12021,93.97603
150.7216,152.1264,152.8248,153.4991,154.8564,154.7753,156.0967,156.6809,157.241,158.5146,159.033,159.5276,161.5079,163.4873,166.2316,168.9858,171.7493,174.5216,177.3024,180.0912,182.8875,185.6909,186.8829,182.3619,178.5751,176.363,172.4398,171.7805,172.7661,173.7386,174.6979,175.6439,176.5765,177.4956,178.4012,179.2933,180.1717,181.0363,181.8872,182.7242,183.5473
161.6292,160.3077,158.2548,156.2018,154.8564,152.0973,150.7409,148.6846,146.6296,145.2519,143.1939,141.1381,140.3966,139.6313,139.4849,139.3011,139.0798,138.8208,138.5238,138.1888,137.8156,137.4041,135.7784,130.0775,125.0397,121.2109,116.3121,113.699,112.1956,110.6837,109.1634,107.6347,106.0978,104.5529,103,101.4393,99.87078,98.2947,96.71114,95.12021,93.52204
150.7216,152.1264,152.8248,153.4991,154.8564,155.4886,155.3774,156.6809,157.241,158.5146,159.033,159.5276,161.5079,163.4873,166.2316,168.9858,171.7493,173.739,177.3024,180.0912,182.8875,185.6909,186.8829,182.3619,178.5751,176.363,172.4398,171.7805,172.7661,173.7386,174.6979,175.6439,176.5765,177.4956,178.4012,179.2933,180.1717,181.0363,181.8872,182.7242,183.5473
161.6292,160.3077,158.2548,156.2018,154.8564,152.7982,150.0462,148.6846,146.6296,145.2519,143.1939,141.1381,140.3966,139.6313,139.4849,139.3011,139.0798,138.1982,138.5238,138.1888,137.8156,137.4041,135.7784,130.0775,125.0397,121.2109,116.3121,113.699,112.1956,110.6837,109.1634,107.6347,106.0978,104.5529,103,101.4393,99.87078,98.2947,96.71114,95.12021,93.52204
150.7216,152.1264,152.8248,153.4991,154.1493,154.7753,156.0967,156.6809,157.241,158.5146,159.033,159.5276,161.5079,163.4873,166.2316,168.9858,171.7493,174.5216,176.5144,180.0912,182.8875,185.6909,186.8829,182.3619,178.5751,176.363,173.2689,171.7805,172.7661,173.7386,174.6979,175.6439,176.5765,177.4956,178.4012,179.2933,180.1717,181.0363,181.8872,182.7242,183.5473
161.6292,160.3077,158.2548,156.2018,154.1493,152.0973,150.7409,148.6846,146.6296,145.2519,143.1939,141.1381,140.3966,139.6313,139.4849,139.3011,139.0798,138.8208,137.9082,138.1888,137.8156,137.4041,135.7784,130.0775,125.0397,121.2109,116.8713,113.699,112.1956,110.6837,109.1634,107.6347,106.0978,104.5529,103,101.4393,99.87078,98.2947,96.71114,95.12021,93.52204
150.7216,152.1264,152.8248,153.4991,154.1493,155.4886,156.0967,156.6809,157.241,158.5146,159.033,160.2765,161.5079,163.4873,166.2316,168.9858,172.5264,173.739,177.3024,180.0912,182.8875,185.6909,186.8829,182.3619,178.5751,176.363,172.4398,171.7805,172.7661,173.7386,174.6979,175.6439,176.5765,177.4956,178.4012,179.2933,180.1717,181.0363,181.8872,182.7242,183.5473
161.6292,160.3077,158.2548,156.2018,154.1493,152.7982,150.7409,148.6846,146.6296,145.2519,143.1939,141.8007,140.3966,139.6313,139.4849,139.3011,139.7091,138.1982,138.5238,138.1888,137.8156,137.4041,135.7784,130.0775,125.0397,121.2109,116.3121,113.699,112.1956,110.6837,109.1634,107.6347,106.0978,104.5529,103,101.4393,99.87078,98.2947,96.71114,95.12021,93.52204
