133.7526,134.0062,135.2296,134.4829,135.6892,134.9187,136.1074,136.301,136.4842,136.657,136.8194,136.9714,138.1065,137.244,138.3601,138.4711,138.5715,138.6614,139.7389,140.8068,143.8629,148.9092,153.9472,160.9755,166.9936,172,169.9935,168.9743,167.9424,166.8983,164.843,163.7752,162.696,160.6078,159.5068,158.395,157.2726,156.1399,154.9972,153.8447,153.674,151.511,151.3194,150.1286,148.9291,148.706,148.4715,148.2257,147.9686,148.6784,149.3733,150.053,150.7173,151.3661,151.9992,151.6504,152.2536,152.8406,153.4112,153.9651,154.5021,155.0222
29.65223,28.4839,27.51277,26.14083,25.1485,23.7898,22.77657,21.58796,20.3977,19.20589,18.01261,16.81797,15.73525,14.42493,13.32256,12.11465,10.90581,9.69615,8.546796,7.37937,6.281192,5.200025,4.03125,2.809837,1.457331,0,-1.483511,-2.949457,-4.397727,-5.828216,-7.197199,-8.583097,-9.950912,-11.23079,-12.55346,-13.85776,-15.14363,-16.41097,-17.6597,-18.88975,-20.23156,-21.29348,-22.61484,-23.77804,-24.92219,-26.22087,-27.51756,-28.81216,-30.10456,-31.60258,-33.11526,-34.64246,-36.18403,-37.73982,-39.30966,-40.63459,-42.22366,-43.82634,-45.44246,-47.07184,-48.71434,-50.36977
133.7526,134.9844,134.2497,135.4646,135.6892,135.9035,136.1074,136.301,136.4842,136.657,136.8194,136.9714,137.1129,138.2385,138.3601,138.4711,138.5715,138.6614,139.7389,140.8068,143.8629,147.9098,153.9472,160.9755,167.9936,172,169.9935,168.9743,167.9424,166.8983,164.843,163.7752,162.696,160.6078,159.5068,158.395,157.2726,156.1399,154.9972,153.8447,152.6825,151.511,150.3304,149.1409,148.9291,148.706,148.4715,148.2257,148.9486,148.6784,149.3733,150.053,150.7173,151.3661,151.9992,152.6163,153.2172,152.8406,153.4112,155.8777,154.5021,155.0222
29.65223,28.69181,27.31341,26.33164,25.1485,23.96345,22.77657,21.58796,20.3977,19.20589,18.01261,16.81797,15.62204,14.52946,13.32256,12.11465,10.90581,9.69615,8.546796,7.37937,6.281192,5.165126,4.03125,2.809837,1.466058,0,-1.483511,-2.949457,-4.397727,-5.828216,-7.197199,-8.583097,-9.950912,-11.23079,-12.55346,-13.85776,-15.14363,-16.41097,-17.6597,-18.88975,-20.10103,-21.29348,-22.46703,-23.6216,-24.92219,-26.22087,-27.51756,-28.81216,-30.30393,-31.60258,-33.11526,-34.64246,-36.18403,-37.73982,-39.30966,-40.89341,-42.4909,-43.82634,-45.44246,-47.65659,-48.71434,-50.36977
133.7526,134.9844,135.2296,135.4646,135.6892,135.9035,136.1074,136.301,136.4842,136.657,136.8194,136.9714,137.1129,137.244,138.3601,138.4711,138.5715,138.6614,139.7389,139.8081,143.8629,147.9098,153.9472,160.9755,167.9936,172,169.9935,168.9743,167.9424,165.8989,164.843,163.7752,162.696,160.6078,159.5068,158.395,157.2726,156.1399,154.9972,153.8447,152.6825,151.511,151.3194,150.1286,148.9291,147.7212,148.4715,148.2257,147.9686,148.6784,149.3733,150.053,150.7173,151.3661,151.9992,151.6504,152.2536,152.8406,153.4112,153.9651,154.5021,154.0712
29.65223,28.69181,27.51277,26.33164,25.1485,23.96345,22.77657,21.58796,20.3977,19.20589,18.01261,16.81797,15.62204,14.42493,13.32256,12.11465,10.90581,9.69615,8.546796,7.327034,6.281192,5.165126,4.03125,2.809837,1.466058,0,-1.483511,-2.949457,-4.397727,-5.793316,-7.197199,-8.583097,-9.950912,-11.23079,-12.55346,-13.85776,-15.14363,-16.41097,-17.6597,-18.88975,-20.10103,-21.29348,-22.61484,-23.77804,-24.92219,-26.04723,-27.51756,-28.81216,-30.10456,-31.60258,-33.11526,-34.64246,-36.18403,-37.73982,-39.30966,-40.63459,-42.22366,-43.82634,-45.44246,-47.07184,-48.71434,-50.06075
133.7526,134.9844,135.2296,135.4646,135.6892,135.9035,136.1074,136.301,136.4842,136.657,136.8194,136.9714,137.1129,138.2385,138.3601,138.4711,138.5715,139.659,139.7389,140.8068,143.8629,148.9092,153.9472,159.9756,167.9936,172,169.9935,168.9743,167.9424,165.8989,164.843,163.7752,162.696,160.6078,159.5068,158.395,157.2726,156.1399,154.9972,153.8447,152.6825,151.511,150.3304,150.1286,147.9428,148.706,148.4715,148.2257,148.9486,148.6784,149.3733,150.053,150.7173,151.3661,151.031,151.6504,152.2536,152.8406,153.4112,153.9651,154.5021,154.0712
29.65223,28.69181,27.51277,26.33164,25.1485,23.96345,22.77657,21.58796,20.3977,19.20589,18.01261,16.81797,15.62204,14.52946,13.32256,12.11465,10.90581,9.765906,8.546796,7.37937,6.281192,5.200025,4.03125,2.792385,1.466058,0,-1.483511,-2.949457,-4.397727,-5.793316,-7.197199,-8.583097,-9.950912,-11.23079,-12.55346,-13.85776,-15.14363,-16.41097,-17.6597,-18.88975,-20.10103,-21.29348,-22.46703,-23.77804,-24.75714,-26.22087,-27.51756,-28.81216,-30.30393,-31.60258,-33.11526,-34.64246,-36.18403,-37.73982,-39.05928,-40.63459,-42.22366,-43.82634,-45.44246,-47.07184,-48.71434,-50.06075
133.7526,134.9844,135.2296,135.4646,135.6892,135.9035,136.1074,136.301,136.4842,136.657,136.8194,136.9714,138.1065,137.244,138.3601,138.4711,138.5715,138.6614,139.7389,140.8068,143.8629,147.9098,153.9472,159.9756,167.9936,172,169.9935,168.9743,167.9424,165.8989,164.843,163.7752,162.696,160.6078,159.5068,158.395,157.2726,156.1399,154.9972,153.8447,152.6825,152.5013,151.3194,149.1409,148.9291,147.7212,147.4882,148.2257,147.9686,149.6566,149.3733,150.053,150.7173,151.3661,151.9992,151.6504,152.2536,152.8406,153.4112,153.9651,154.5021,154.0712
29.65223,28.69181,27.51277,26.33164,25.1485,23.96345,22.77657,21.58796,20.3977,19.20589,18.01261,16.81797,15.73525,14.42493,13.32256,12.11465,10.90581,9.69615,8.546796,7.37937,6.281192,5.165126,4.03125,2.792385,1.466058,0,-1.483511,-2.949457,-4.397727,-5.793316,-7.197199,-8.583097,-9.950912,-11.23079,-12.55346,-13.85776,-15.14363,-16.41097,-17.6597,-18.88975,-20.10103,-21.43266,-22.61484,-23.6216,-24.92219,-26.04723,-27.33533,-28.81216,-30.10456,-31.81049,-33.11526,-34.64246,-36.18403,-37.73982,-39.30966,-40.63459,-42.22366,-43.82634,-45.44246,-47.07184,-48.71434,-50.06075
133.7526,134.0062,135.2296,135.4646,135.6892,135.9035,136.1074,136.301,136.4842,136.657,136.8194,136.9714,137.1129,138.2385,138.3601,138.4711,138.5715,138.6614,139.7389,140.8068,143.8629,148.9092,153.9472,159.9756,167.9936,172,169.9935,168.9743,167.9424,165.8989,164.843,163.7752,162.696,160.6078,159.5068,158.395,157.2726,156.1399,154.9972,153.8447,152.6825,151.511,151.3194,150.1286,148.9291,147.7212,147.4882,148.2257,147.9686,148.6784,149.3733,150.053,150.7173,150.3958,151.031,151.6504,153.2172,152.8406,153.4112,153.9651,154.5021,155.0222
29.65223,28.4839,27.51277,26.33164,25.1485,23.96345,22.77657,21.58796,20.3977,19.20589,18.01261,16.81797,15.62204,14.52946,13.32256,12.11465,10.90581,9.69615,8.546796,7.37937,6.281192,5.200025,4.03125,2.792385,1.466058,0,-1.483511,-2.949457,-4.397727,-5.793316,-7.197199,-8.583097,-9.950912,-11.23079,-12.55346,-13.85776,-15.14363,-16.41097,-17.6597,-18.88975,-20.10103,-21.29348,-22.61484,-23.77804,-24.92219,-26.04723,-27.33533,-28.81216,-30.10456,-31.60258,-33.11526,-34.64246,-36.18403,-37.49789,-39.05928,-40.63459,-42.4909,-43.82634,-45.44246,-47.07184,-48.71434,-50.36977
133.7526,134.9844,135.2296,135.4646,135.6892,135.9035,136.1074,136.301,136.4842,136.657,136.8194,136.9714,137.1129,137.244,138.3601,138.4711,138.5715,138.6614,139.7389,140.8068,143.8629,147.9098,153.9472,160.9755,167.9936,172,169.9935,168.9743,167.9424,165.8989,164.843,163.7752,162.696,160.6078,159.5068,158.395,157.2726,156.1399,154.9972,153.8447,152.6825,151.511,150.3304,150.1286,148.9291,147.7212,147.4882,148.2257,147.9686,149.6566,149.3733,150.053,150.7173,151.3661,151.9992,151.6504,152.2536,152.8406,153.4112,153.9651,154.5021,155.0222
29.65223,28.69181,27.51277,26.33164,25.1485,23.96345,22.77657,21.58796,20.3977,19.20589,18.01261,16.81797,15.62204,14.42493,13.32256,12.11465,10.90581,9.69615,8.546796,7.37937,6.281192,5.165126,4.03125,2.809837,1.466058,0,-1.483511,-2.949457,-4.397727,-5.793316,-7.197199,-8.583097,-9.950912,-11.23079,-12.55346,-13.85776,-15.14363,-16.41097,-17.6597,-18.88975,-20.10103,-21.29348,-22.46703,-23.77804,-24.92219,-26.04723,-27.33533,-28.81216,-30.10456,-31.81049,-33.11526,-34.64246,-36.18403,-37.73982,-39.30966,-40.63459,-42.22366,-43.82634,-45.44246,-47.07184,-48.71434,-50.36977
133.7526,134.9844,135.2296,135.4646,135.6892,135.9035,136.1074,136.301,136.4842,136.657,136.8194,136.9714,137.1129,137.244,138.3601,138.4711,138.5715,138.6614,138.7407,140.8068,143.8629,148.9092,153.9472,159.9756,167.9936,172,169.9935,168.9743,167.9424,165.8989,165.842,163.7752,162.696,160.6078,159.5068,158.395,157.2726,156.1399,154.9972,153.8447,152.6825,152.5013,150.3304,150.1286,148.9291,148.706,148.4715,148.2257,148.9486,149.6566,150.3496,150.053,150.7173,151.3661,151.031,151.6504,152.2536,152.8406,153.4112,153.9651,154.5021,155.0222
29.65223,28.69181,27.51277,26.33164,25.1485,23.96345,22.77657,21.58796,20.3977,19.20589,18.01261,16.81797,15.62204,14.42493,13.32256,12.11465,10.90581,9.69615,8.485747,7.37937,6.281192,5.200025,4.03125,2.792385,1.466058,0,-1.483511,-2.949457,-4.397727,-5.793316,-7.240818,-8.583097,-9.950912,-11.23079,-12.55346,-13.85776,-15.14363,-16.41097,-17.6597,-18.88975,-20.10103,-21.43266,-22.46703,-23.77804,-24.92219,-26.22087,-27.51756,-28.81216,-30.30393,-31.81049,-33.3317,-34.64246,-36.18403,-37.73982,-39.05928,-40.63459,-42.22366,-43.82634,-45.44246,-47.07184,-48.71434,-50.36977
133.7526,134.9844,134.2497,135.4646,134.7059,135.9035,136.1074,136.301,136.4842,136.657,136.8194,136.9714,137.1129,137.244,138.3601,138.4711,138.5715,138.6614,139.7389,140.8068,142.8639,148.9092,153.9472,159.9756,167.9936,172,169.9935,168.9743,167.9424,166.8983,164.843,163.7752,162.696,160.6078,159.5068,158.395,157.2726,156.1399,154.9972,153.8447,152.6825,151.511,151.3194,150.1286,148.9291,147.7212,147.4882,148.2257,147.9686,148.6784,149.3733,150.053,150.7173,151.3661,151.031,151.6504,152.2536,152.8406,153.4112,153.9651,154.5021,153.1201
29.65223,28.69181,27.31341,26.33164,24.96627,23.96345,22.77657,21.58796,20.3977,19.20589,18.01261,16.81797,15.62204,14.42493,13.32256,12.11465,10.90581,9.69615,8.546796,7.37937,6.237572,5.200025,4.03125,2.792385,1.466058,0,-1.483511,-2.949457,-4.397727,-5.828216,-7.197199,-8.583097,-9.950912,-11.23079,-12.55346,-13.85776,-15.14363,-16.41097,-17.6597,-18.88975,-20.10103,-21.29348,-22.61484,-23.77804,-24.92219,-26.04723,-27.33533,-28.81216,-30.10456,-31.60258,-33.11526,-34.64246,-36.18403,-37.73982,-39.05928,-40.63459,-42.22366,-43.82634,-45.44246,-47.07184,-48.71434,-49.75174
133.7526,134.9844,134.2497,134.4829,135.6892,135.9035,136.1074,136.301,136.4842,136.657,136.8194,136.9714,137.1129,138.2385,138.3601,138.4711,138.5715,138.6614,139.7389,140.8068,143.8629,148.9092,153.9472,160.9755,167.9936,171,169.9935,168.9743,167.9424,165.8989,164.843,163.7752,162.696,160.6078,159.5068,158.395,157.2726,156.1399,154.9972,154.8372,152.6825,152.5013,151.3194,150.1286,148.9291,148.706,148.4715,148.2257,147.9686,148.6784,149.3733,150.053,150.7173,151.3661,151.031,151.6504,152.2536,152.8406,154.37,153.9651,154.5021,155.0222
29.65223,28.69181,27.31341,26.14083,25.1485,23.96345,22.77657,21.58796,20.3977,19.20589,18.01261,16.81797,15.62204,14.52946,13.32256,12.11465,10.90581,9.69615,8.546796,7.37937,6.281192,5.200025,4.03125,2.809837,1.466058,0,-1.483511,-2.949457,-4.397727,-5.793316,-7.197199,-8.583097,-9.950912,-11.23079,-12.55346,-13.85776,-15.14363,-16.41097,-17.6597,-19.01162,-20.10103,-21.43266,-22.61484,-23.77804,-24.92219,-26.22087,-27.51756,-28.81216,-30.10456,-31.60258,-33.11526,-34.64246,-36.18403,-37.73982,-39.05928,-40.63459,-42.22366,-43.82634,-45.72647,-47.07184,-48.71434,-50.36977
133.7526,134.9844,134.2497,135.4646,135.6892,135.9035,136.1074,136.301,136.4842,136.657,136.8194,136.9714,137.1129,138.2385,138.3601,138.4711,138.5715,138.6614,139.7389,140.8068,143.8629,147.9098,153.9472,160.9755,167.9936,172,170.9935,168.9743,167.9424,165.8989,164.843,163.7752,162.696,160.6078,159.5068,158.395,157.2726,156.1399,154.9972,153.8447,152.6825,151.511,151.3194,150.1286,148.9291,148.706,148.4715,148.2257,147.9686,148.6784,149.3733,150.053,150.7173,151.3661,151.031,151.6504,152.2536,152.8406,153.4112,153.9651,154.5021,155.0222
29.65223,28.69181,27.31341,26.33164,25.1485,23.96345,22.77657,21.58796,20.3977,19.20589,18.01261,16.81797,15.62204,14.52946,13.32256,12.11465,10.90581,9.69615,8.546796,7.37937,6.281192,5.165126,4.03125,2.809837,1.466058,0,-1.492238,-2.949457,-4.397727,-5.793316,-7.197199,-8.583097,-9.950912,-11.23079,-12.55346,-13.85776,-15.14363,-16.41097,-17.6597,-18.88975,-20.10103,-21.29348,-22.61484,-23.77804,-24.92219,-26.22087,-27.51756,-28.81216,-30.10456,-31.60258,-33.11526,-34.64246,-36.18403,-37.73982,-39.05928,-40.63459,-42.22366,-43.82634,-45.44246,-47.07184,-48.71434,-50.36977
133.7526,134.0062,135.2296,135.4646,135.6892,135.9035,136.1074,136.301,136.4842,136.657,136.8194,136.9714,138.1065,138.2385,138.3601,138.4711,138.5715,138.6614,138.7407,140.8068,143.8629,148.9092,153.9472,159.9756,166.9936,172,169.9935,168.9743,167.9424,166.8983,164.843,163.7752,162.696,160.6078,159.5068,158.395,157.2726,156.1399,154.9972,153.8447,152.6825,152.5013,150.3304,150.1286,148.9291,147.7212,148.4715,148.2257,147.9686,148.6784,149.3733,150.053,150.7173,151.3661,151.031,151.6504,152.2536,152.8406,153.4112,153.9651,154.5021,154.0712
29.65223,28.4839,27.51277,26.33164,25.1485,23.96345,22.77657,21.58796,20.3977,19.20589,18.01261,16.81797,15.73525,14.52946,13.32256,12.11465,10.90581,9.69615,8.485747,7.37937,6.281192,5.200025,4.03125,2.792385,1.457331,0,-1.483511,-2.949457,-4.397727,-5.828216,-7.197199,-8.583097,-9.950912,-11.23079,-12.55346,-13.85776,-15.14363,-16.41097,-17.6597,-18.88975,-20.10103,-21.43266,-22.46703,-23.77804,-24.92219,-26.04723,-27.51756,-28.81216,-30.10456,-31.60258,-33.11526,-34.64246,-36.18403,-37.73982,-39.05928,-40.63459,-42.22366,-43.82634,-45.44246,-47.07184,-48.71434,-50.06075
133.7526,134.0062,135.2296,135.4646,135.6892,135.9035,136.1074,136.301,136.4842,136.657,136.8194,136.9714,137.1129,137.244,138.3601,138.4711,138.5715,138.6614,139.7389,140.8068,143.8629,148.9092,153.9472,159.9756,167.9936,172,169.9935,168.9743,167.9424,166.8983,163.8439,163.7752,162.696,160.6078,159.5068,158.395,157.2726,156.1399,154.9972,153.8447,152.6825,152.5013,150.3304,150.1286,148.9291,148.706,148.4715,148.2257,147.9686,148.6784,149.3733,150.053,150.7173,151.3661,151.031,151.6504,152.2536,152.8406,153.4112,153.9651,154.5021,154.0712
29.65223,28.4839,27.51277,26.33164,25.1485,23.96345,22.77657,21.58796,20.3977,19.20589,18.01261,16.81797,15.62204,14.42493,13.32256,12.11465,10.90581,9.69615,8.546796,7.37937,6.281192,5.200025,4.03125,2.792385,1.466058,0,-1.483511,-2.949457,-4.397727,-5.828216,-7.15358,-8.583097,-9.950912,-11.23079,-12.55346,-13.85776,-15.14363,-16.41097,-17.6597,-18.88975,-20.10103,-21.43266,-22.46703,-23.77804,-24.92219,-26.22087,-27.51756,-28.81216,-30.10456,-31.60258,-33.11526,-34.64246,-36.18403,-37.73982,-39.05928,-40.63459,-42.22366,-43.82634,-45.44246,-47.07184,-48.71434,-50.06075
134.7288,134.9844,135.2296,135.4646,135.6892,135.9035,136.1074,136.301,136.4842,136.657,136.8194,136.9714,137.1129,137.244,138.3601,138.4711,138.5715,138.6614,139.7389,140.8068,143.8629,148.9092,153.9472,159.9756,167.9936,172,170.9935,168.9743,167.9424,165.8989,164.843,163.7752,162.696,160.6078,159.5068,158.395,157.2726,156.1399,154.9972,153.8447,152.6825,152.5013,151.3194,150.1286,148.9291,148.706,148.4715,148.2257,147.9686,148.6784,149.3733,150.053,150.7173,151.3661,151.9992,151.6504,152.2536,152.8406,153.4112,153.9651,154.5021,155.0222
29.86867,28.69181,27.51277,26.33164,25.1485,23.96345,22.77657,21.58796,20.3977,19.20589,18.01261,16.81797,15.62204,14.42493,13.32256,12.11465,10.90581,9.69615,8.546796,7.37937,6.281192,5.200025,4.03125,2.792385,1.466058,0,-1.492238,-2.949457,-4.397727,-5.793316,-7.197199,-8.583097,-9.950912,-11.23079,-12.55346,-13.85776,-15.14363,-16.41097,-17.6597,-18.88975,-20.10103,-21.43266,-22.61484,-23.77804,-24.92219,-26.22087,-27.51756,-28.81216,-30.10456,-31.60258,-33.11526,-34.64246,-36.18403,-37.73982,-39.30966,-40.63459,-42.22366,-43.82634,-45.44246,-47.07184,-48.71434,-50.36977
133.7526,134.9844,134.2497,135.4646,134.7059,135.9035,136.1074,136.301,136.4842,136.657,136.8194,136.9714,137.1129,137.244,138.3601,138.4711,138.5715,138.6614,138.7407,140.8068,143.8629,148.9092,153.9472,160.9755,166.9936,172,169.9935,168.9743,167.9424,166.8983,164.843,163.7752,162.696,160.6078,159.5068,158.395,157.2726,156.1399,154.9972,153.8447,152.6825,151.511,150.3304,150.1286,148.9291,148.706,148.4715,148.2257,147.9686,148.6784,149.3733,150.053,150.7173,151.3661,151.031,151.6504,152.2536,152.8406,153.4112,153.9651,154.5021,154.0712
29.65223,28.69181,27.31341,26.33164,24.96627,23.96345,22.77657,21.58796,20.3977,19.20589,18.01261,16.81797,15.62204,14.42493,13.32256,12.11465,10.90581,9.69615,8.485747,7.37937,6.281192,5.200025,4.03125,2.809837,1.457331,0,-1.483511,-2.949457,-4.397727,-5.828216,-7.197199,-8.583097,-9.950912,-11.23079,-12.55346,-13.85776,-15.14363,-16.41097,-17.6597,-18.88975,-20.10103,-21.29348,-22.46703,-23.77804,-24.92219,-26.22087,-27.51756,-28.81216,-30.10456,-31.60258,-33.11526,-34.64246,-36.18403,-37.73982,-39.05928,-40.63459,-42.22366,-43.82634,-45.44246,-47.07184,-48.71434,-50.06075
134.7288,134.9844,135.2296,135.4646,135.6892,135.9035,136.1074,136.301,136.4842,136.657,136.8194,136.9714,138.1065,137.244,138.3601,138.4711,138.5715,138.6614,139.7389,140.8068,143.8629,148.9092,153.9472,160.9755,167.9936,172,170.9935,168.9743,167.9424,165.8989,164.843,163.7752,162.696,160.6078,159.5068,158.395,157.2726,156.1399,154.9972,153.8447,152.6825,151.511,151.3194,150.1286,147.9428,148.706,147.4882,148.2257,147.9686,148.6784,149.3733,150.053,150.7173,151.3661,151.9992,151.6504,152.2536,153.8019,153.4112,153.9651,154.5021,154.0712
29.86867,28.69181,27.51277,26.33164,25.1485,23.96345,22.77657,21.58796,20.3977,19.20589,18.01261,16.81797,15.73525,14.42493,13.32256,12.11465,10.90581,9.69615,8.546796,7.37937,6.281192,5.200025,4.03125,2.809837,1.466058,0,-1.492238,-2.949457,-4.397727,-5.793316,-7.197199,-8.583097,-9.950912,-11.23079,-12.55346,-13.85776,-15.14363,-16.41097,-17.6597,-18.88975,-20.10103,-21.29348,-22.61484,-23.77804,-24.75714,-26.22087,-27.33533,-28.81216,-30.10456,-31.60258,-33.11526,-34.64246,-36.18403,-37.73982,-39.30966,-40.63459,-42.22366,-44.10198,-45.44246,-47.07184,-48.71434,-50.06075
133.7526,134.9844,135.2296,135.4646,135.6892,135.9035,136.1074,136.301,136.4842,136.657,136.8194,136.9714,137.1129,137.244,138.3601,138.4711,138.5715,138.6614,139.7389,140.8068,143.8629,148.9092,153.9472,159.9756,166.9936,172,169.9935,168.9743,167.9424,165.8989,164.843,163.7752,162.696,160.6078,159.5068,158.395,157.2726,156.1399,154.9972,153.8447,153.674,152.5013,151.3194,149.1409,148.9291,148.706,147.4882,148.2257,147.9686,149.6566,149.3733,150.053,150.7173,151.3661,151.031,151.6504,152.2536,152.8406,153.4112,153.9651,154.5021,155.0222
29.65223,28.69181,27.51277,26.33164,25.1485,23.96345,22.77657,21.58796,20.3977,19.20589,18.01261,16.81797,15.62204,14.42493,13.32256,12.11465,10.90581,9.69615,8.546796,7.37937,6.281192,5.200025,4.03125,2.792385,1.457331,0,-1.483511,-2.949457,-4.397727,-5.793316,-7.197199,-8.583097,-9.950912,-11.23079,-12.55346,-13.85776,-15.14363,-16.41097,-17.6597,-18.88975,-20.23156,-21.43266,-22.61484,-23.6216,-24.92219,-26.22087,-27.33533,-28.81216,-30.10456,-31.81049,-33.11526,-34.64246,-36.18403,-37.73982,-39.05928,-40.63459,-42.22366,-43.82634,-45.44246,-47.07184,-48.71434,-50.36977
133.7526,134.9844,135.2296,135.4646,135.6892,135.9035,136.1074,136.301,136.4842,136.657,136.8194,136.9714,137.1129,138.2385,138.3601,138.4711,138.5715,138.6614,139.7389,140.8068,143.8629,148.9092,153.9472,160.9755,167.9936,172,170.9935,168.9743,167.9424,166.8983,164.843,163.7752,162.696,160.6078,159.5068,158.395,157.2726,156.1399,154.9972,154.8372,153.674,152.5013,151.3194,150.1286,148.9291,147.7212,147.4882,148.2257,148.9486,148.6784,149.3733,150.053,150.7173,151.3661,151.9992,151.6504,152.2536,152.8406,153.4112,153.9651,154.5021,155.0222
29.65223,28.69181,27.51277,26.33164,25.1485,23.96345,22.77657,21.58796,20.3977,19.20589,18.01261,16.81797,15.62204,14.52946,13.32256,12.11465,10.90581,9.69615,8.546796,7.37937,6.281192,5.200025,4.03125,2.809837,1.466058,0,-1.492238,-2.949457,-4.397727,-5.828216,-7.197199,-8.583097,-9.950912,-11.23079,-12.55346,-13.85776,-15.14363,-16.41097,-17.6597,-19.01162,-20.23156,-21.43266,-22.61484,-23.77804,-24.92219,-26.04723,-27.33533,-28.81216,-30.30393,-31.60258,-33.11526,-34.64246,-36.18403,-37.73982,-39.30966,-40.63459,-42.22366,-43.82634,-45.44246,-47.07184,-48.71434,-50.36977
133.7526,134.9844,135.2296,135.4646,135.6892,135.9035,136.1074,136.301,136.4842,136.657,136.8194,136.9714,137.1129,138.2385,138.3601,138.4711,138.5715,138.6614,139.7389,140.8068,143.8629,148.9092,152.9476,159.9756,167.9936,172,170.9935,168.9743,167.9424,165.8989,164.843,163.7752,162.696,160.6078,159.5068,158.395,157.2726,156.1399,154.9972,153.8447,152.6825,152.5013,151.3194,150.1286,148.9291,148.706,147.4882,148.2257,148.9486,148.6784,149.3733,150.053,150.7173,151.3661,151.9992,151.6504,152.2536,152.8406,153.4112,153.9651,154.5021,155.0222
29.65223,28.69181,27.51277,26.33164,25.1485,23.96345,22.77657,21.58796,20.3977,19.20589,18.01261,16.81797,15.62204,14.52946,13.32256,12.11465,10.90581,9.69615,8.546796,7.37937,6.281192,5.200025,4.005073,2.792385,1.466058,0,-1.492238,-2.949457,-4.397727,-5.793316,-7.197199,-8.583097,-9.950912,-11.23079,-12.55346,-13.85776,-15.14363,-16.41097,-17.6597,-18.88975,-20.10103,-21.43266,-22.61484,-23.77804,-24.92219,-26.22087,-27.33533,-28.81216,-30.30393,-31.60258,-33.11526,-34.64246,-36.18403,-37.73982,-39.30966,-40.63459,-42.22366,-43.82634,-45.44246,-47.07184,-48.71434,-50.36977
133.7526,134.9844,135.2296,135.4646,135.6892,135.9035,136.1074,136.301,136.4842,136.657,136.8194,136.9714,137.1129,138.2385,138.3601,138.4711,138.5715,138.6614,139.7389,140.8068,143.8629,148.9092,153.9472,159.9756,167.9936,172,169.9935,168.9743,167.9424,166.8983,164.843,163.7752,162.696,160.6078,159.5068,158.395,157.2726,156.1399,154.9972,153.8447,152.6825,151.511,151.3194,149.1409,148.9291,147.7212,148.4715,148.2257,148.9486,148.6784,149.3733,150.053,150.7173,151.3661,151.031,151.6504,152.2536,152.8406,154.37,153.9651,154.5021,154.0712
29.65223,28.69181,27.51277,26.33164,25.1485,23.96345,22.77657,21.58796,20.3977,19.20589,18.01261,16.81797,15.62204,14.52946,13.32256,12.11465,10.90581,9.69615,8.546796,7.37937,6.281192,5.200025,4.03125,2.792385,1.466058,0,-1.483511,-2.949457,-4.397727,-5.828216,-7.197199,-8.583097,-9.950912,-11.23079,-12.55346,-13.85776,-15.14363,-16.41097,-17.6597,-18.88975,-20.10103,-21.29348,-22.61484,-23.6216,-24.92219,-26.04723,-27.51756,-28.81216,-30.30393,-31.60258,-33.11526,-34.64246,-36.18403,-37.73982,-39.05928,-40.63459,-42.22366,-43.82634,-45.72647,-47.07184,-48.71434,-50.06075
134.7288,134.9844,135.2296,135.4646,135.6892,135.9035,136.1074,136.301,136.4842,136.657,136.8194,136.9714,137.1129,137.244,138.3601,138.4711,138.5715,138.6614,139.7389,140.8068,143.8629,147.9098,153.9472,160.9755,167.9936,172,170.9935,168.9743,167.9424,165.8989,164.843,163.7752,162.696,160.6078,159.5068,158.395,157.2726,156.1399,154.9972,153.8447,152.6825,152.5013,151.3194,150.1286,148.9291,148.706,147.4882,148.2257,147.9686,148.6784,149.3733,150.053,150.7173,151.3661,151.031,151.6504,152.2536,152.8406,153.4112,153.9651,154.5021,155.0222
29.86867,28.69181,27.51277,26.33164,25.1485,23.96345,22.77657,21.58796,20.3977,19.20589,18.01261,16.81797,15.62204,14.42493,13.32256,12.11465,10.90581,9.69615,8.546796,7.37937,6.281192,5.165126,4.03125,2.809837,1.466058,0,-1.492238,-2.949457,-4.397727,-5.793316,-7.197199,-8.583097,-9.950912,-11.23079,-12.55346,-13.85776,-15.14363,-16.41097,-17.6597,-18.88975,-20.10103,-21.43266,-22.61484,-23.77804,-24.92219,-26.22087,-27.33533,-28.81216,-30.10456,-31.60258,-33.11526,-34.64246,-36.18403,-37.73982,-39.05928,-40.63459,-42.22366,-43.82634,-45.44246,-47.07184,-48.71434,-50.36977
133.7526,134.9844,135.2296,135.4646,135.6892,135.9035,136.1074,136.301,136.4842,136.657,136.8194,136.9714,137.1129,137.244,138.3601,138.4711,138.5715,138.6614,139.7389,140.8068,143.8629,147.9098,153.9472,159.9756,166.9936,172,170.9935,168.9743,167.9424,165.8989,164.843,163.7752,162.696,160.6078,159.5068,158.395,157.2726,156.1399,154.9972,153.8447,152.6825,152.5013,150.3304,150.1286,148.9291,147.7212,148.4715,148.2257,148.9486,148.6784,149.3733,150.053,150.7173,151.3661,151.9992,151.6504,153.2172,152.8406,153.4112,153.9651,154.5021,155.0222
29.65223,28.69181,27.51277,26.33164,25.1485,23.96345,22.77657,21.58796,20.3977,19.20589,18.01261,16.81797,15.62204,14.42493,13.32256,12.11465,10.90581,9.69615,8.546796,7.37937,6.281192,5.165126,4.03125,2.792385,1.457331,0,-1.492238,-2.949457,-4.397727,-5.793316,-7.197199,-8.583097,-9.950912,-11.23079,-12.55346,-13.85776,-15.14363,-16.41097,-17.6597,-18.88975,-20.10103,-21.43266,-22.46703,-23.77804,-24.92219,-26.04723,-27.51756,-28.81216,-30.30393,-31.60258,-33.11526,-34.64246,-36.18403,-37.73982,-39.30966,-40.63459,-42.4909,-43.82634,-45.44246,-47.07184,-48.71434,-50.36977
133.7526,134.9844,135.2296,135.4646,135.6892,135.9035,135.1211,136.301,136.4842,136.657,136.8194,136.9714,137.1129,137.244,138.3601,138.4711,138.5715,138.6614,138.7407,140.8068,143.8629,148.9092,153.9472,160.9755,166.9936,172,170.9935,168.9743,167.9424,165.8989,164.843,163.7752,162.696,160.6078,159.5068,158.395,157.2726,156.1399,154.9972,153.8447,152.6825,152.5013,150.3304,150.1286,148.9291,147.7212,148.4715,148.2257,148.9486,148.6784,149.3733,150.053,150.7173,151.3661,151.031,152.6163,152.2536,152.8406,153.4112,153.9651,154.5021,154.0712
29.65223,28.69181,27.51277,26.33164,25.1485,23.96345,22.61152,21.58796,20.3977,19.20589,18.01261,16.81797,15.62204,14.42493,13.32256,12.11465,10.90581,9.69615,8.485747,7.37937,6.281192,5.200025,4.03125,2.809837,1.457331,0,-1.492238,-2.949457,-4.397727,-5.793316,-7.197199,-8.583097,-9.950912,-11.23079,-12.55346,-13.85776,-15.14363,-16.41097,-17.6597,-18.88975,-20.10103,-21.43266,-22.46703,-23.77804,-24.92219,-26.04723,-27.51756,-28.81216,-30.30393,-31.60258,-33.11526,-34.64246,-36.18403,-37.73982,-39.05928,-40.89341,-42.22366,-43.82634,-45.44246,-47.07184,-48.71434,-50.06075
133.7526,134.9844,135.2296,135.4646,135.6892,135.9035,136.1074,135.3133,136.4842,136.657,136.8194,136.9714,138.1065,138.2385,137.3647,138.4711,138.5715,138.6614,139.7389,140.8068,143.8629,147.9098,153.9472,160.9755,167.9936,172,170.9935,168.9743,167.9424,165.8989,164.843,163.7752,162.696,160.6078,158.5099,157.3988,157.2726,156.1399,154.9972,154.8372,152.6825,151.511,151.3194,150.1286,148.9291,147.7212,147.4882,148.2257,148.9486,148.6784,149.3733,150.053,150.7173,151.3661,151.031,151.6504,152.2536,152.8406,153.4112,153.9651,154.5021,155.0222
29.65223,28.69181,27.51277,26.33164,25.1485,23.96345,22.77657,21.43152,20.3977,19.20589,18.01261,16.81797,15.73525,14.52946,13.22671,12.11465,10.90581,9.69615,8.546796,7.37937,6.281192,5.165126,4.03125,2.809837,1.466058,0,-1.492238,-2.949457,-4.397727,-5.793316,-7.197199,-8.583097,-9.950912,-11.23079,-12.475,-13.77061,-15.14363,-16.41097,-17.6597,-19.01162,-20.10103,-21.29348,-22.61484,-23.77804,-24.92219,-26.04723,-27.33533,-28.81216,-30.30393,-31.60258,-33.11526,-34.64246,-36.18403,-37.73982,-39.05928,-40.63459,-42.22366,-43.82634,-45.44246,-47.07184,-48.71434,-50.36977
133.7526,134.9844,134.2497,135.4646,135.6892,135.9035,136.1074,136.301,136.4842,136.657,136.8194,136.9714,137.1129,137.244,138.3601,138.4711,138.5715,138.6614,139.7389,140.8068,143.8629,148.9092,153.9472,159.9756,166.9936,172,169.9935,168.9743,167.9424,166.8983,164.843,163.7752,162.696,160.6078,159.5068,158.395,156.2772,156.1399,154.9972,153.8447,152.6825,152.5013,150.3304,150.1286,148.9291,147.7212,147.4882,148.2257,147.9686,148.6784,149.3733,150.053,150.7173,150.3958,151.031,151.6504,152.2536,152.8406,153.4112,153.9651,154.5021,154.0712
29.65223,28.69181,27.31341,26.33164,25.1485,23.96345,22.77657,21.58796,20.3977,19.20589,18.01261,16.81797,15.62204,14.42493,13.32256,12.11465,10.90581,9.69615,8.546796,7.37937,6.281192,5.200025,4.03125,2.792385,1.457331,0,-1.483511,-2.949457,-4.397727,-5.828216,-7.197199,-8.583097,-9.950912,-11.23079,-12.55346,-13.85776,-15.04778,-16.41097,-17.6597,-18.88975,-20.10103,-21.43266,-22.46703,-23.77804,-24.92219,-26.04723,-27.33533,-28.81216,-30.10456,-31.60258,-33.11526,-34.64246,-36.18403,-37.49789,-39.05928,-40.63459,-42.22366,-43.82634,-45.44246,-47.07184,-48.71434,-50.06075
134.7288,134.9844,135.2296,135.4646,135.6892,135.9035,136.1074,136.301,136.4842,136.657,136.8194,136.9714,137.1129,137.244,138.3601,137.4749,138.5715,138.6614,139.7389,140.8068,143.8629,148.9092,153.9472,159.9756,166.9936,172,170.9935,168.9743,167.9424,165.8989,164.843,163.7752,162.696,160.6078,159.5068,158.395,157.2726,156.1399,155.9908,153.8447,153.674,152.5013,151.3194,150.1286,147.9428,148.706,147.4882,148.2257,148.9486,148.6784,149.3733,150.053,150.7173,151.3661,151.031,151.6504,153.2172,153.8019,153.4112,153.9651,154.5021,155.0222
29.86867,28.69181,27.51277,26.33164,25.1485,23.96345,22.77657,21.58796,20.3977,19.20589,18.01261,16.81797,15.62204,14.42493,13.32256,12.02749,10.90581,9.69615,8.546796,7.37937,6.281192,5.200025,4.03125,2.792385,1.457331,0,-1.492238,-2.949457,-4.397727,-5.793316,-7.197199,-8.583097,-9.950912,-11.23079,-12.55346,-13.85776,-15.14363,-16.41097,-17.7729,-18.88975,-20.23156,-21.43266,-22.61484,-23.77804,-24.75714,-26.22087,-27.33533,-28.81216,-30.30393,-31.60258,-33.11526,-34.64246,-36.18403,-37.73982,-39.05928,-40.63459,-42.4909,-44.10198,-45.44246,-47.07184,-48.71434,-50.36977
134.7288,134.9844,135.2296,135.4646,135.6892,135.9035,136.1074,136.301,136.4842,136.657,136.8194,136.9714,137.1129,137.244,137.3647,138.4711,138.5715,138.6614,139.7389,140.8068,143.8629,147.9098,153.9472,159.9756,167.9936,172,169.9935,168.9743,167.9424,166.8983,164.843,163.7752,162.696,160.6078,159.5068,158.395,157.2726,156.1399,154.9972,153.8447,152.6825,151.511,151.3194,149.1409,148.9291,148.706,147.4882,148.2257,148.9486,148.6784,149.3733,150.053,150.7173,151.3661,151.9992,151.6504,152.2536,152.8406,153.4112,153.9651,154.5021,153.1201
29.86867,28.69181,27.51277,26.33164,25.1485,23.96345,22.77657,21.58796,20.3977,19.20589,18.01261,16.81797,15.62204,14.42493,13.22671,12.11465,10.90581,9.69615,8.546796,7.37937,6.281192,5.165126,4.03125,2.792385,1.466058,0,-1.483511,-2.949457,-4.397727,-5.828216,-7.197199,-8.583097,-9.950912,-11.23079,-12.55346,-13.85776,-15.14363,-16.41097,-17.6597,-18.88975,-20.10103,-21.29348,-22.61484,-23.6216,-24.92219,-26.22087,-27.33533,-28.81216,-30.30393,-31.60258,-33.11526,-34.64246,-36.18403,-37.73982,-39.30966,-40.63459,-42.22366,-43.82634,-45.44246,-47.07184,-48.71434,-49.75174
133.7526,134.9844,134.2497,135.4646,135.6892,135.9035,136.1074,136.301,136.4842,136.657,136.8194,136.9714,137.1129,138.2385,138.3601,138.4711,138.5715,138.6614,139.7389,140.8068,143.8629,147.9098,153.9472,159.9756,167.9936,172,170.9935,168.9743,167.9424,166.8983,164.843,163.7752,162.696,160.6078,159.5068,158.395,157.2726,156.1399,154.9972,153.8447,152.6825,152.5013,151.3194,150.1286,148.9291,147.7212,147.4882,148.2257,147.9686,148.6784,149.3733,150.053,150.7173,151.3661,151.9992,151.6504,152.2536,152.8406,153.4112,153.9651,154.5021,154.0712
29.65223,28.69181,27.31341,26.33164,25.1485,23.96345,22.77657,21.58796,20.3977,19.20589,18.01261,16.81797,15.62204,14.52946,13.32256,12.11465,10.90581,9.69615,8.546796,7.37937,6.281192,5.165126,4.03125,2.792385,1.466058,0,-1.492238,-2.949457,-4.397727,-5.828216,-7.197199,-8.583097,-9.950912,-11.23079,-12.55346,-13.85776,-15.14363,-16.41097,-17.6597,-18.88975,-20.10103,-21.43266,-22.61484,-23.77804,-24.92219,-26.04723,-27.33533,-28.81216,-30.10456,-31.60258,-33.11526,-34.64246,-36.18403,-37.73982,-39.30966,-40.63459,-42.22366,-43.82634,-45.44246,-47.07184,-48.71434,-50.06075
133.7526,134.9844,135.2296,135.4646,135.6892,135.9035,136.1074,136.301,136.4842,136.657,136.8194,136.9714,137.1129,138.2385,138.3601,138.4711,138.5715,138.6614,139.7389,140.8068,143.8629,148.9092,153.9472,159.9756,167.9936,172,169.9935,168.9743,167.9424,165.8989,164.843,163.7752,162.696,160.6078,159.5068,158.395,157.2726,156.1399,154.9972,153.8447,152.6825,152.5013,150.3304,150.1286,148.9291,148.706,147.4882,148.2257,148.9486,148.6784,149.3733,150.053,150.7173,151.3661,151.031,151.6504,152.2536,152.8406,153.4112,153.9651,154.5021,154.0712
29.65223,28.69181,27.51277,26.33164,25.1485,23.96345,22.77657,21.58796,20.3977,19.20589,18.01261,16.81797,15.62204,14.52946,13.32256,12.11465,10.90581,9.69615,8.546796,7.37937,6.281192,5.200025,4.03125,2.792385,1.466058,0,-1.483511,-2.949457,-4.397727,-5.793316,-7.197199,-8.583097,-9.950912,-11.23079,-12.55346,-13.85776,-15.14363,-16.41097,-17.6597,-18.88975,-20.10103,-21.43266,-22.46703,-23.77804,-24.92219,-26.22087,-27.33533,-28.81216,-30.30393,-31.60258,-33.11526,-34.64246,-36.18403,-37.73982,-39.05928,-40.63459,-42.22366,-43.82634,-45.44246,-47.07184,-48.71434,-50.06075
134.7288,134.9844,135.2296,135.4646,135.6892,135.9035,136.1074,136.301,136.4842,136.657,136.8194,136.9714,137.1129,138.2385,138.3601,138.4711,138.5715,138.6614,139.7389,140.8068,143.8629,147.9098,153.9472,159.9756,166.9936,172,170.9935,168.9743,167.9424,165.8989,164.843,163.7752,162.696,160.6078,159.5068,158.395,157.2726,156.1399,154.9972,153.8447,152.6825,151.511,151.3194,150.1286,148.9291,147.7212,147.4882,148.2257,147.9686,148.6784,149.3733,150.053,150.7173,151.3661,151.031,151.6504,152.2536,152.8406,153.4112,153.9651,154.5021,155.0222
29.86867,28.69181,27.51277,26.33164,25.1485,23.96345,22.77657,21.58796,20.3977,19.20589,18.01261,16.81797,15.62204,14.52946,13.32256,12.11465,10.90581,9.69615,8.546796,7.37937,6.281192,5.165126,4.03125,2.792385,1.457331,0,-1.492238,-2.949457,-4.397727,-5.793316,-7.197199,-8.583097,-9.950912,-11.23079,-12.55346,-13.85776,-15.14363,-16.41097,-17.6597,-18.88975,-20.10103,-21.29348,-22.61484,-23.77804,-24.92219,-26.04723,-27.33533,-28.81216,-30.10456,-31.60258,-33.11526,-34.64246,-36.18403,-37.73982,-39.05928,-40.63459,-42.22366,-43.82634,-45.44246,-47.07184,-48.71434,-50.36977
