88.58655,82.03227,80.54773,81.66954,82.24049,83.34248,83.31974,84.39453,84.88931,85.36333,85.81665,86.2493,87.26318,87.66165,88.65525,89.01959,89.99282,90.95919,91.91863,93.52052,95.12856,96.74253,98.3622,99.98735,101.6178,103.2532,104.8934,106.5382,108.1873,109.8406,112.217,113.8838,116.2852,117.9644,119.6463,121.3308,118.4894,116.3421,114.1406,111.1139,108.8004,106.4347,105.5934,104.7226,106.2185,106.913,106.7902,107.4632,108.1281,108.7847,109.433,110.0729,110.7045,111.3277,112.7904,112.5485,113.1461,114.5967,114.3154,114.887,115.4498,116.0039,116.5491,117.9724
147.4328,133.8645,128.9033,128.1955,126.6393,125.9168,123.5266,122.7948,121.2345,119.675,118.1165,116.5592,115.8021,114.2429,113.4735,111.913,111.1319,110.3423,109.5444,109.4985,109.4329,109.3475,109.2423,109.117,108.9717,108.8062,108.6203,108.4141,108.1873,107.94,108.3667,108.0717,108.4377,108.0944,107.73,107.3444,103.0013,99.36555,95.77535,91.59526,88.10485,84.66199,82.49864,80.35651,80.0414,79.11143,77.58765,76.65279,75.71209,74.76562,73.81346,72.85568,71.89235,70.92355,70.47926,68.96981,67.98503,67.5026,66,64.99991,63.99487,62.98496,61.97025,61.41257
89.10159,82.03227,81.07765,81.66954,82.24049,82.79055,83.87894,84.39453,84.88931,85.94404,85.81665,86.84413,87.26318,88.27041,88.65525,89.01959,89.99282,90.95919,91.91863,93.52052,95.12856,96.74253,98.3622,99.98735,101.6178,103.2532,105.5881,106.5382,108.1873,110.5538,112.217,113.8838,116.2852,117.9644,119.6463,121.3308,118.4894,117.1025,113.3746,111.1139,109.5776,106.4347,105.5934,104.7226,106.2185,106.913,107.5993,108.2774,108.9472,108.7847,109.433,110.0729,110.7045,111.3277,111.9423,112.5485,114.0033,114.5967,114.3154,114.887,115.4498,116.8827,116.5491,116.1984
148.2899,133.8645,129.7514,128.1955,126.6393,125.0829,124.3556,122.7948,121.2345,120.4891,118.1165,117.3631,115.8021,115.0362,113.4735,111.913,111.1319,110.3423,109.5444,109.4985,109.4329,109.3475,109.2423,109.117,108.9717,108.8062,109.3396,108.4141,108.1873,108.6409,108.3667,108.0717,108.4377,108.0944,107.73,107.3444,103.0013,100.015,95.13257,91.59526,88.73418,84.66199,82.49864,80.35651,80.0414,79.11143,78.17544,77.23349,76.28567,74.76562,73.81346,72.85568,71.89235,70.92355,69.94934,68.96981,68.50006,67.5026,66,64.99991,63.99487,63.46212,61.97025,60.48907
89.10159,82.03227,81.07765,81.66954,82.78513,83.34248,83.87894,84.39453,84.88931,85.36333,85.81665,86.84413,87.26318,88.27041,88.65525,89.01959,89.99282,90.95919,92.56142,93.52052,95.12856,96.74253,98.3622,99.98735,101.6178,103.2532,105.5881,106.5382,108.1873,109.8406,112.217,113.8838,116.2852,117.9644,119.6463,121.3308,118.4894,117.1025,113.3746,111.1139,108.8004,106.4347,105.5934,104.7226,106.2185,106.913,107.5993,108.2774,108.1281,109.6088,110.262,110.0729,111.5432,111.3277,111.9423,112.5485,114.0033,113.735,114.3154,114.887,115.4498,116.0039,116.5491,117.0854
148.2899,133.8645,129.7514,128.1955,127.4779,125.9168,124.3556,122.7948,121.2345,119.675,118.1165,117.3631,115.8021,115.0362,113.4735,111.913,111.1319,110.3423,110.3104,109.4985,109.4329,109.3475,109.2423,109.117,108.9717,108.8062,109.3396,108.4141,108.1873,107.94,108.3667,108.0717,108.4377,108.0944,107.73,107.3444,103.0013,100.015,95.13257,91.59526,88.10485,84.66199,82.49864,80.35651,80.0414,79.11143,78.17544,77.23349,75.71209,75.33203,74.37266,72.85568,72.43699,70.92355,69.94934,68.96981,68.50006,66.99506,66,64.99991,63.99487,62.98496,61.97025,60.95082
88.07151,81.50978,81.07765,81.66954,82.78513,83.34248,83.87894,84.39453,84.88931,85.36333,85.81665,86.2493,87.26318,88.27041,88.65525,89.01959,89.99282,90.95919,91.91863,93.52052,95.12856,96.74253,98.3622,99.98735,101.6178,103.9415,105.5881,106.5382,108.1873,109.8406,112.217,113.8838,116.2852,117.9644,119.6463,121.3308,118.4894,117.1025,113.3746,111.1139,108.8004,106.4347,105.5934,104.7226,106.2185,106.913,107.5993,108.2774,108.9472,108.7847,110.262,110.0729,111.5432,111.3277,112.7904,112.5485,113.1461,114.5967,114.3154,115.7573,115.4498,116.8827,116.5491,118.8595
146.5756,133.0119,129.7514,128.1955,127.4779,125.9168,124.3556,122.7948,121.2345,119.675,118.1165,116.5592,115.8021,115.0362,113.4735,111.913,111.1319,110.3423,109.5444,109.4985,109.4329,109.3475,109.2423,109.117,108.9717,109.5315,109.3396,108.4141,108.1873,107.94,108.3667,108.0717,108.4377,108.0944,107.73,107.3444,103.0013,100.015,95.13257,91.59526,88.10485,84.66199,82.49864,80.35651,80.0414,79.11143,78.17544,77.23349,76.28567,74.76562,74.37266,72.85568,72.43699,70.92355,70.47926,68.96981,67.98503,67.5026,66,65.49233,63.99487,63.46212,61.97025,61.87431
88.07151,82.03227,80.54773,81.66954,82.78513,83.34248,83.87894,84.39453,84.88931,85.36333,85.81665,86.84413,87.26318,88.27041,88.65525,89.01959,89.99282,90.95919,91.91863,93.52052,95.12856,96.74253,98.3622,99.98735,101.6178,103.2532,105.5881,106.5382,108.1873,110.5538,112.217,113.8838,116.2852,117.9644,119.6463,121.3308,119.2441,116.3421,114.1406,111.1139,108.8004,107.2173,105.5934,104.7226,106.2185,106.913,107.5993,107.4632,108.9472,108.7847,109.433,110.9068,110.7045,111.3277,111.9423,112.5485,113.1461,113.735,114.3154,114.887,116.3244,116.8827,116.5491,117.9724
146.5756,133.8645,128.9033,128.1955,127.4779,125.9168,124.3556,122.7948,121.2345,119.675,118.1165,117.3631,115.8021,115.0362,113.4735,111.913,111.1319,110.3423,109.5444,109.4985,109.4329,109.3475,109.2423,109.117,108.9717,108.8062,109.3396,108.4141,108.1873,108.6409,108.3667,108.0717,108.4377,108.0944,107.73,107.3444,103.6573,99.36555,95.77535,91.59526,88.10485,85.28451,82.49864,80.35651,80.0414,79.11143,78.17544,76.65279,76.28567,74.76562,73.81346,73.40762,71.89235,70.92355,69.94934,68.96981,67.98503,66.99506,66,64.99991,64.47968,63.46212,61.97025,61.41257
88.07151,82.03227,81.07765,81.66954,82.78513,83.34248,83.31974,84.39453,84.88931,85.36333,85.81665,86.84413,87.26318,88.27041,88.65525,89.01959,89.99282,90.95919,91.91863,93.52052,95.12856,96.74253,98.3622,99.98735,101.6178,103.2532,105.5881,106.5382,108.8944,110.5538,112.217,113.8838,116.2852,117.9644,119.6463,121.3308,118.4894,116.3421,113.3746,111.1139,108.8004,106.4347,105.5934,104.7226,106.2185,106.913,107.5993,108.2774,108.1281,108.7847,109.433,110.0729,110.7045,111.3277,111.9423,113.4011,113.1461,113.735,114.3154,115.7573,116.3244,116.8827,116.5491,117.9724
146.5756,133.8645,129.7514,128.1955,127.4779,125.9168,123.5266,122.7948,121.2345,119.675,118.1165,117.3631,115.8021,115.0362,113.4735,111.913,111.1319,110.3423,109.5444,109.4985,109.4329,109.3475,109.2423,109.117,108.9717,108.8062,109.3396,108.4141,108.8944,108.6409,108.3667,108.0717,108.4377,108.0944,107.73,107.3444,103.0013,99.36555,95.13257,91.59526,88.10485,84.66199,82.49864,80.35651,80.0414,79.11143,78.17544,77.23349,75.71209,74.76562,73.81346,72.85568,71.89235,70.92355,69.94934,69.49231,67.98503,66.99506,66,65.49233,64.47968,63.46212,61.97025,61.41257
88.58655,81.50978,80.54773,81.66954,82.78513,83.34248,83.87894,84.39453,84.88931,85.36333,86.40443,86.84413,87.26318,88.27041,88.65525,89.01959,89.99282,90.95919,91.91863,93.52052,95.12856,96.74253,98.3622,99.98735,101.6178,103.2532,105.5881,106.5382,108.1873,110.5538,112.217,113.8838,116.2852,117.9644,119.6463,121.3308,118.4894,117.1025,113.3746,111.8856,109.5776,106.4347,105.5934,104.7226,106.2185,106.913,107.5993,107.4632,108.9472,108.7847,110.262,110.0729,110.7045,111.3277,111.9423,112.5485,113.1461,113.735,114.3154,114.887,116.3244,116.0039,116.5491,118.8595
147.4328,133.0119,128.9033,128.1955,127.4779,125.9168,124.3556,122.7948,121.2345,119.675,118.9255,117.3631,115.8021,115.0362,113.4735,111.913,111.1319,110.3423,109.5444,109.4985,109.4329,109.3475,109.2423,109.117,108.9717,108.8062,109.3396,108.4141,108.1873,108.6409,108.3667,108.0717,108.4377,108.0944,107.73,107.3444,103.0013,100.015,95.13257,92.23134,88.73418,84.66199,82.49864,80.35651,80.0414,79.11143,78.17544,76.65279,76.28567,74.76562,74.37266,72.85568,71.89235,70.92355,69.94934,68.96981,67.98503,66.99506,66,64.99991,64.47968,62.98496,61.97025,61.87431
88.07151,82.03227,80.54773,81.66954,82.78513,83.34248,83.87894,84.39453,84.88931,85.36333,85.81665,86.84413,87.26318,88.27041,88.65525,89.01959,89.99282,90.95919,91.91863,93.52052,95.12856,96.74253,98.3622,99.98735,101.6178,103.2532,105.5881,106.5382,108.1873,110.5538,112.217,113.8838,116.2852,117.9644,119.6463,121.3308,118.4894,117.1025,114.1406,111.1139,109.5776,106.4347,105.5934,104.7226,106.2185,106.913,107.5993,108.2774,108.9472,108.7847,109.433,110.0729,110.7045,111.3277,111.9423,113.4011,113.1461,113.735,114.3154,115.7573,116.3244,116.0039,116.5491,117.0854
146.5756,133.8645,128.9033,128.1955,127.4779,125.9168,124.3556,122.7948,121.2345,119.675,118.1165,117.3631,115.8021,115.0362,113.4735,111.913,111.1319,110.3423,109.5444,109.4985,109.4329,109.3475,109.2423,109.117,108.9717,108.8062,109.3396,108.4141,108.1873,108.6409,108.3667,108.0717,108.4377,108.0944,107.73,107.3444,103.0013,100.015,95.77535,91.59526,88.73418,84.66199,82.49864,80.35651,80.0414,79.11143,78.17544,77.23349,76.28567,74.76562,73.81346,72.85568,71.89235,70.92355,69.94934,69.49231,67.98503,66.99506,66,65.49233,64.47968,62.98496,61.97025,60.95082
88.07151,82.03227,81.07765,81.66954,82.24049,82.23861,83.87894,84.39453,84.88931,85.94404,85.81665,86.84413,87.26318,88.27041,88.65525,89.01959,89.99282,90.95919,91.91863,93.52052,95.12856,96.74253,98.3622,99.98735,101.6178,103.2532,105.5881,106.5382,108.1873,109.8406,112.217,113.8838,116.2852,117.9644,119.6463,121.3308,118.4894,117.1025,114.1406,111.1139,108.8004,106.4347,105.5934,104.7226,106.2185,106.913,107.5993,108.2774,108.1281,109.6088,109.433,110.0729,110.7045,112.1711,112.7904,112.5485,113.1461,114.5967,114.3154,114.887,116.3244,116.8827,116.5491,117.0854
146.5756,133.8645,129.7514,128.1955,126.6393,124.249,124.3556,122.7948,121.2345,120.4891,118.1165,117.3631,115.8021,115.0362,113.4735,111.913,111.1319,110.3423,109.5444,109.4985,109.4329,109.3475,109.2423,109.117,108.9717,108.8062,109.3396,108.4141,108.1873,107.94,108.3667,108.0717,108.4377,108.0944,107.73,107.3444,103.0013,100.015,95.77535,91.59526,88.10485,84.66199,82.49864,80.35651,80.0414,79.11143,78.17544,77.23349,75.71209,75.33203,73.81346,72.85568,71.89235,71.46085,70.47926,68.96981,67.98503,67.5026,66,64.99991,64.47968,63.46212,61.97025,60.95082
89.10159,81.50978,80.54773,81.66954,82.24049,83.34248,83.87894,84.39453,84.88931,85.36333,85.81665,86.2493,87.26318,88.27041,88.65525,89.01959,89.99282,90.95919,91.91863,93.52052,95.12856,96.74253,98.3622,99.98735,101.6178,103.2532,105.5881,106.5382,108.1873,110.5538,112.217,113.8838,116.2852,117.9644,119.6463,121.3308,118.4894,117.1025,113.3746,111.1139,108.8004,106.4347,105.5934,104.7226,106.2185,106.913,106.7902,107.4632,108.1281,109.6088,109.433,110.9068,110.7045,111.3277,111.9423,112.5485,114.0033,113.735,115.1814,114.887,115.4498,116.0039,116.5491,117.9724
148.2899,133.0119,128.9033,128.1955,126.6393,125.9168,124.3556,122.7948,121.2345,119.675,118.1165,116.5592,115.8021,115.0362,113.4735,111.913,111.1319,110.3423,109.5444,109.4985,109.4329,109.3475,109.2423,109.117,108.9717,108.8062,109.3396,108.4141,108.1873,108.6409,108.3667,108.0717,108.4377,108.0944,107.73,107.3444,103.0013,100.015,95.13257,91.59526,88.10485,84.66199,82.49864,80.35651,80.0414,79.11143,77.58765,76.65279,75.71209,75.33203,73.81346,73.40762,71.89235,70.92355,69.94934,68.96981,68.50006,66.99506,66.5,64.99991,63.99487,62.98496,61.97025,61.41257
89.61663,82.03227,81.07765,81.66954,82.78513,83.34248,83.87894,84.39453,84.88931,85.36333,85.81665,86.2493,87.26318,88.27041,88.65525,89.01959,89.99282,90.95919,91.91863,93.52052,95.12856,96.07991,98.3622,100.6629,101.6178,103.2532,104.8934,106.5382,108.1873,110.5538,112.217,113.8838,115.5539,117.9644,119.6463,121.3308,118.4894,117.1025,113.3746,111.1139,109.5776,106.4347,105.5934,104.7226,106.2185,106.913,107.5993,108.2774,108.1281,109.6088,110.262,110.0729,110.7045,112.1711,111.9423,113.4011,113.1461,113.735,115.1814,114.887,116.3244,116.8827,116.5491,117.9724
149.1471,133.8645,129.7514,128.1955,127.4779,125.9168,124.3556,122.7948,121.2345,119.675,118.1165,116.5592,115.8021,115.0362,113.4735,111.913,111.1319,110.3423,109.5444,109.4985,109.4329,108.5986,109.2423,109.8543,108.9717,108.8062,108.6203,108.4141,108.1873,108.6409,108.3667,108.0717,107.7557,108.0944,107.73,107.3444,103.0013,100.015,95.13257,91.59526,88.73418,84.66199,82.49864,80.35651,80.0414,79.11143,78.17544,77.23349,75.71209,75.33203,74.37266,72.85568,71.89235,71.46085,69.94934,69.49231,67.98503,66.99506,66.5,64.99991,64.47968,63.46212,61.97025,61.41257
89.10159,82.03227,81.07765,81.66954,82.78513,83.34248,83.87894,84.39453,84.88931,85.36333,86.40443,86.2493,87.26318,88.27041,88.65525,89.01959,89.99282,90.95919,91.91863,93.52052,95.12856,96.07991,98.3622,99.98735,101.6178,103.2532,105.5881,106.5382,108.1873,109.8406,112.217,113.8838,116.2852,117.9644,119.6463,121.3308,118.4894,117.1025,113.3746,111.8856,108.8004,106.4347,105.5934,104.7226,106.2185,106.913,107.5993,108.2774,108.9472,108.7847,109.433,110.0729,110.7045,111.3277,111.9423,112.5485,113.1461,113.735,114.3154,114.887,115.4498,116.8827,116.5491,117.9724
148.2899,133.8645,129.7514,128.1955,127.4779,125.9168,124.3556,122.7948,121.2345,119.675,118.9255,116.5592,115.8021,115.0362,113.4735,111.913,111.1319,110.3423,109.5444,109.4985,109.4329,108.5986,109.2423,109.117,108.9717,108.8062,109.3396,108.4141,108.1873,107.94,108.3667,108.0717,108.4377,108.0944,107.73,107.3444,103.0013,100.015,95.13257,92.23134,88.10485,84.66199,82.49864,80.35651,80.0414,79.11143,78.17544,77.23349,76.28567,74.76562,73.81346,72.85568,71.89235,70.92355,69.94934,68.96981,67.98503,66.99506,66,64.99991,63.99487,63.46212,61.97025,61.41257
88.07151,82.03227,80.54773,81.66954,82.24049,83.34248,83.87894,84.39453,84.88931,85.36333,85.81665,86.2493,87.26318,88.27041,88.65525,89.01959,89.99282,90.95919,91.91863,93.52052,95.12856,96.74253,98.3622,99.98735,101.6178,103.2532,105.5881,106.5382,108.1873,110.5538,112.217,113.8838,116.2852,117.9644,119.6463,121.3308,118.4894,116.3421,113.3746,111.1139,109.5776,106.4347,105.5934,104.7226,106.2185,106.913,107.5993,108.2774,108.9472,108.7847,110.262,110.0729,111.5432,111.3277,111.9423,112.5485,113.1461,113.735,115.1814,114.887,115.4498,116.8827,116.5491,117.9724
146.5756,133.8645,128.9033,128.1955,126.6393,125.9168,124.3556,122.7948,121.2345,119.675,118.1165,116.5592,115.8021,115.0362,113.4735,111.913,111.1319,110.3423,109.5444,109.4985,109.4329,109.3475,109.2423,109.117,108.9717,108.8062,109.3396,108.4141,108.1873,108.6409,108.3667,108.0717,108.4377,108.0944,107.73,107.3444,103.0013,99.36555,95.13257,91.59526,88.73418,84.66199,82.49864,80.35651,80.0414,79.11143,78.17544,77.23349,76.28567,74.76562,74.37266,72.85568,72.43699,70.92355,69.94934,68.96981,67.98503,66.99506,66.5,64.99991,63.99487,63.46212,61.97025,61.41257
89.10159,82.03227,80.54773,81.66954,82.24049,83.34248,83.87894,84.39453,84.88931,85.36333,85.81665,86.84413,87.26318,88.27041,88.65525,89.01959,89.99282,90.95919,91.91863,93.52052,95.12856,96.74253,98.3622,99.98735,101.6178,103.2532,105.5881,106.5382,108.1873,109.8406,112.217,113.8838,116.2852,117.9644,119.6463,121.3308,118.4894,116.3421,113.3746,111.1139,108.8004,106.4347,105.5934,104.7226,106.2185,106.913,107.5993,107.4632,108.9472,109.6088,109.433,110.0729,110.7045,111.3277,111.9423,112.5485,113.1461,113.735,114.3154,114.887,115.4498,116.8827,116.5491,117.9724
148.2899,133.8645,128.9033,128.1955,126.6393,125.9168,124.3556,122.7948,121.2345,119.675,118.1165,117.3631,115.8021,115.0362,113.4735,111.913,111.1319,110.3423,109.5444,109.4985,109.4329,109.3475,109.2423,109.117,108.9717,108.8062,109.3396,108.4141,108.1873,107.94,108.3667,108.0717,108.4377,108.0944,107.73,107.3444,103.0013,99.36555,95.13257,91.59526,88.10485,84.66199,82.49864,80.35651,80.0414,79.11143,78.17544,76.65279,76.28567,75.33203,73.81346,72.85568,71.89235,70.92355,69.94934,68.96981,67.98503,66.99506,66,64.99991,63.99487,63.46212,61.97025,61.41257
89.10159,81.50978,80.54773,81.66954,82.78513,83.34248,83.87894,84.39453,84.88931,85.36333,85.81665,86.84413,87.26318,88.27041,88.65525,89.01959,89.99282,90.95919,91.91863,94.16997,95.12856,96.74253,98.3622,99.98735,101.6178,103.2532,105.5881,106.5382,108.1873,109.8406,112.217,113.8838,116.2852,117.9644,119.6463,121.3308,118.4894,117.1025,114.1406,111.1139,109.5776,106.4347,105.5934,104.7226,106.2185,106.913,107.5993,107.4632,108.9472,109.6088,109.433,110.0729,110.7045,111.3277,112.7904,112.5485,113.1461,113.735,114.3154,115.7573,115.4498,116.8827,116.5491,117.9724
148.2899,133.0119,128.9033,128.1955,127.4779,125.9168,124.3556,122.7948,121.2345,119.675,118.1165,117.3631,115.8021,115.0362,113.4735,111.913,111.1319,110.3423,109.5444,110.2589,109.4329,109.3475,109.2423,109.117,108.9717,108.8062,109.3396,108.4141,108.1873,107.94,108.3667,108.0717,108.4377,108.0944,107.73,107.3444,103.0013,100.015,95.77535,91.59526,88.73418,84.66199,82.49864,80.35651,80.0414,79.11143,78.17544,76.65279,76.28567,75.33203,73.81346,72.85568,71.89235,70.92355,70.47926,68.96981,67.98503,66.99506,66,65.49233,63.99487,63.46212,61.97025,61.41257
88.07151,80.98728,80.54773,81.66954,82.78513,83.34248,83.87894,84.39453,84.88931,85.36333,86.40443,86.84413,87.26318,88.27041,88.65525,89.01959,89.99282,90.95919,91.91863,93.52052,95.12856,96.74253,98.3622,99.98735,101.6178,103.9415,105.5881,106.5382,108.1873,109.8406,112.217,113.8838,116.2852,117.9644,119.6463,121.3308,118.4894,116.3421,113.3746,111.8856,109.5776,106.4347,105.5934,104.7226,106.2185,106.913,107.5993,108.2774,108.1281,109.6088,110.262,110.0729,110.7045,112.1711,112.7904,113.4011,113.1461,113.735,114.3154,114.887,115.4498,116.0039,116.5491,117.9724
146.5756,132.1592,128.9033,128.1955,127.4779,125.9168,124.3556,122.7948,121.2345,119.675,118.9255,117.3631,115.8021,115.0362,113.4735,111.913,111.1319,110.3423,109.5444,109.4985,109.4329,109.3475,109.2423,109.117,108.9717,109.5315,109.3396,108.4141,108.1873,107.94,108.3667,108.0717,108.4377,108.0944,107.73,107.3444,103.0013,99.36555,95.13257,92.23134,88.73418,84.66199,82.49864,80.35651,80.0414,79.11143,78.17544,77.23349,75.71209,75.33203,74.37266,72.85568,71.89235,71.46085,70.47926,69.49231,67.98503,66.99506,66,64.99991,63.99487,62.98496,61.97025,61.41257
89.61663,82.03227,81.07765,81.66954,82.78513,83.34248,83.87894,84.39453,84.88931,85.36333,85.81665,86.2493,87.26318,88.27041,88.65525,89.01959,89.99282,90.95919,91.91863,93.52052,95.12856,96.74253,98.3622,99.98735,101.6178,103.2532,105.5881,106.5382,108.1873,109.8406,112.217,113.8838,116.2852,117.9644,119.6463,121.3308,118.4894,116.3421,113.3746,111.1139,108.8004,106.4347,105.5934,104.7226,106.2185,106.913,107.5993,108.2774,108.1281,109.6088,109.433,110.9068,111.5432,111.3277,111.9423,112.5485,113.1461,113.735,114.3154,114.887,115.4498,116.8827,116.5491,117.9724
149.1471,133.8645,129.7514,128.1955,127.4779,125.9168,124.3556,122.7948,121.2345,119.675,118.1165,116.5592,115.8021,115.0362,113.4735,111.913,111.1319,110.3423,109.5444,109.4985,109.4329,109.3475,109.2423,109.117,108.9717,108.8062,109.3396,108.4141,108.1873,107.94,108.3667,108.0717,108.4377,108.0944,107.73,107.3444,103.0013,99.36555,95.13257,91.59526,88.10485,84.66199,82.49864,80.35651,80.0414,79.11143,78.17544,77.23349,75.71209,75.33203,73.81346,73.40762,72.43699,70.92355,69.94934,68.96981,67.98503,66.99506,66,64.99991,63.99487,63.46212,61.97025,61.41257
89.10159,82.03227,81.07765,81.66954,82.78513,83.34248,83.87894,84.39453,84.88931,85.36333,85.81665,86.2493,87.26318,87.66165,88.65525,89.01959,89.99282,90.95919,92.56142,94.16997,95.12856,96.74253,98.3622,99.98735,101.6178,103.2532,105.5881,106.5382,108.1873,109.8406,112.217,113.8838,116.2852,117.9644,119.6463,121.3308,118.4894,116.3421,113.3746,111.1139,108.8004,106.4347,105.5934,104.7226,106.2185,106.913,107.5993,108.2774,108.9472,109.6088,109.433,110.0729,110.7045,111.3277,112.7904,112.5485,113.1461,113.735,114.3154,114.887,116.3244,116.8827,116.5491,117.0854
148.2899,133.8645,129.7514,128.1955,127.4779,125.9168,124.3556,122.7948,121.2345,119.675,118.1165,116.5592,115.8021,114.2429,113.4735,111.913,111.1319,110.3423,110.3104,110.2589,109.4329,109.3475,109.2423,109.117,108.9717,108.8062,109.3396,108.4141,108.1873,107.94,108.3667,108.0717,108.4377,108.0944,107.73,107.3444,103.0013,99.36555,95.13257,91.59526,88.10485,84.66199,82.49864,80.35651,80.0414,79.11143,78.17544,77.23349,76.28567,75.33203,73.81346,72.85568,71.89235,70.92355,70.47926,68.96981,67.98503,66.99506,66,64.99991,64.47968,63.46212,61.97025,60.95082
89.10159,82.03227,80.54773,81.66954,82.78513,83.34248,83.87894,84.39453,84.88931,85.36333,85.81665,86.84413,87.26318,88.27041,88.65525,89.64211,89.99282,90.95919,91.91863,94.16997,95.12856,96.74253,98.3622,99.98735,102.2998,103.2532,105.5881,106.5382,108.1873,109.8406,112.217,113.8838,116.2852,117.9644,119.6463,121.3308,118.4894,117.1025,113.3746,111.8856,108.8004,106.4347,105.5934,104.7226,106.2185,106.913,107.5993,108.2774,108.1281,108.7847,109.433,110.0729,110.7045,111.3277,111.9423,112.5485,113.1461,113.735,114.3154,114.887,116.3244,116.8827,116.5491,117.9724
148.2899,133.8645,128.9033,128.1955,127.4779,125.9168,124.3556,122.7948,121.2345,119.675,118.1165,117.3631,115.8021,115.0362,113.4735,112.6956,111.1319,110.3423,109.5444,110.2589,109.4329,109.3475,109.2423,109.117,109.7031,108.8062,109.3396,108.4141,108.1873,107.94,108.3667,108.0717,108.4377,108.0944,107.73,107.3444,103.0013,100.015,95.13257,92.23134,88.10485,84.66199,82.49864,80.35651,80.0414,79.11143,78.17544,77.23349,75.71209,74.76562,73.81346,72.85568,71.89235,70.92355,69.94934,68.96981,67.98503,66.99506,66,64.99991,64.47968,63.46212,61.97025,61.41257
89.10159,81.50978,81.07765,81.66954,82.78513,82.79055,83.87894,84.39453,84.88931,85.36333,86.40443,86.84413,87.26318,88.27041,88.65525,89.64211,89.99282,90.95919,91.91863,93.52052,95.12856,96.74253,98.3622,99.98735,101.6178,103.9415,105.5881,106.5382,108.1873,109.8406,112.217,114.6092,115.5539,117.9644,119.6463,121.3308,119.2441,117.1025,114.1406,111.1139,109.5776,106.4347,105.5934,104.7226,106.2185,106.913,107.5993,108.2774,108.1281,108.7847,110.262,110.0729,110.7045,111.3277,112.7904,113.4011,113.1461,114.5967,114.3154,114.887,115.4498,116.8827,116.5491,118.8595
148.2899,133.0119,129.7514,128.1955,127.4779,125.0829,124.3556,122.7948,121.2345,119.675,118.9255,117.3631,115.8021,115.0362,113.4735,112.6956,111.1319,110.3423,109.5444,109.4985,109.4329,109.3475,109.2423,109.117,108.9717,109.5315,109.3396,108.4141,108.1873,107.94,108.3667,108.76,107.7557,108.0944,107.73,107.3444,103.6573,100.015,95.77535,91.59526,88.73418,84.66199,82.49864,80.35651,80.0414,79.11143,78.17544,77.23349,75.71209,74.76562,74.37266,72.85568,71.89235,70.92355,70.47926,69.49231,67.98503,67.5026,66,64.99991,63.99487,63.46212,61.97025,61.87431
88.58655,81.50978,80.54773,81.66954,82.78513,83.34248,83.87894,84.39453,84.88931,85.36333,85.81665,86.2493,87.26318,88.27041,88.65525,89.01959,89.99282,90.95919,91.91863,93.52052,95.12856,96.74253,98.3622,99.98735,101.6178,103.9415,105.5881,106.5382,108.8944,110.5538,112.217,113.8838,116.2852,117.9644,119.6463,121.3308,118.4894,117.1025,113.3746,111.1139,109.5776,106.4347,105.5934,104.7226,106.2185,106.913,107.5993,108.2774,108.9472,109.6088,109.433,110.0729,110.7045,111.3277,111.9423,112.5485,113.1461,113.735,114.3154,114.887,116.3244,116.8827,116.5491,117.9724
147.4328,133.0119,128.9033,128.1955,127.4779,125.9168,124.3556,122.7948,121.2345,119.675,118.1165,116.5592,115.8021,115.0362,113.4735,111.913,111.1319,110.3423,109.5444,109.4985,109.4329,109.3475,109.2423,109.117,108.9717,109.5315,109.3396,108.4141,108.8944,108.6409,108.3667,108.0717,108.4377,108.0944,107.73,107.3444,103.0013,100.015,95.13257,91.59526,88.73418,84.66199,82.49864,80.35651,80.0414,79.11143,78.17544,77.23349,76.28567,75.33203,73.81346,72.85568,71.89235,70.92355,69.94934,68.96981,67.98503,66.99506,66,64.99991,64.47968,63.46212,61.97025,61.41257
89.61663,82.03227,81.07765,81.66954,82.78513,83.34248,83.87894,84.39453,84.88931,85.36333,85.81665,86.2493,87.26318,87.66165,88.65525,89.01959,89.99282,90.95919,91.91863,93.52052,95.12856,96.74253,98.3622,100.6629,101.6178,103.9415,105.5881,106.5382,108.1873,109.8406,112.217,113.8838,116.2852,117.9644,119.6463,121.3308,119.2441,117.1025,114.1406,111.1139,108.8004,106.4347,105.5934,104.7226,106.2185,106.913,107.5993,108.2774,108.9472,108.7847,109.433,110.0729,110.7045,111.3277,111.9423,112.5485,113.1461,113.735,114.3154,114.887,115.4498,116.0039,116.5491,117.9724
149.1471,133.8645,129.7514,128.1955,127.4779,125.9168,124.3556,122.7948,121.2345,119.675,118.1165,116.5592,115.8021,114.2429,113.4735,111.913,111.1319,110.3423,109.5444,109.4985,109.4329,109.3475,109.2423,109.8543,108.9717,109.5315,109.3396,108.4141,108.1873,107.94,108.3667,108.0717,108.4377,108.0944,107.73,107.3444,103.6573,100.015,95.77535,91.59526,88.10485,84.66199,82.49864,80.35651,80.0414,79.11143,78.17544,77.23349,76.28567,74.76562,73.81346,72.85568,71.89235,70.92355,69.94934,68.96981,67.98503,66.99506,66,64.99991,63.99487,62.98496,61.97025,61.41257
89.10159,81.50978,81.07765,81.66954,82.78513,83.34248,83.87894,84.39453,84.88931,85.36333,86.40443,86.84413,87.26318,87.66165,88.65525,89.01959,89.99282,90.95919,91.91863,93.52052,95.12856,96.74253,98.3622,99.98735,101.6178,103.9415,105.5881,106.5382,108.1873,109.8406,112.217,113.8838,116.2852,117.9644,119.6463,121.3308,118.4894,117.1025,114.1406,111.8856,109.5776,107.2173,105.5934,104.7226,106.2185,106.913,107.5993,108.2774,108.9472,109.6088,110.262,110.0729,110.7045,112.1711,111.9423,112.5485,113.1461,113.735,114.3154,114.887,116.3244,116.0039,116.5491,117.0854
148.2899,133.0119,129.7514,128.1955,127.4779,125.9168,124.3556,122.7948,121.2345,119.675,118.9255,117.3631,115.8021,114.2429,113.4735,111.913,111.1319,110.3423,109.5444,109.4985,109.4329,109.3475,109.2423,109.117,108.9717,109.5315,109.3396,108.4141,108.1873,107.94,108.3667,108.0717,108.4377,108.0944,107.73,107.3444,103.0013,100.015,95.77535,92.23134,88.73418,85.28451,82.49864,80.35651,80.0414,79.11143,78.17544,77.23349,76.28567,75.33203,74.37266,72.85568,71.89235,71.46085,69.94934,68.96981,67.98503,66.99506,66,64.99991,64.47968,62.98496,61.97025,60.95082
88.58655,82.03227,81.07765,81.66954,82.78513,83.34248,83.87894,84.39453,84.88931,85.36333,85.81665,86.2493,87.26318,88.27041,88.65525,89.01959,89.99282,90.95919,91.91863,93.52052,95.12856,96.07991,98.3622,99.98735,101.6178,103.2532,105.5881,106.5382,108.1873,109.8406,112.217,113.8838,116.2852,117.9644,119.6463,121.3308,118.4894,116.3421,114.1406,111.8856,108.8004,106.4347,105.5934,104.7226,106.2185,106.913,107.5993,108.2774,108.1281,109.6088,109.433,110.0729,110.7045,112.1711,112.7904,112.5485,114.0033,113.735,114.3154,114.887,115.4498,116.0039,116.5491,117.9724
147.4328,133.8645,129.7514,128.1955,127.4779,125.9168,124.3556,122.7948,121.2345,119.675,118.1165,116.5592,115.8021,115.0362,113.4735,111.913,111.1319,110.3423,109.5444,109.4985,109.4329,108.5986,109.2423,109.117,108.9717,108.8062,109.3396,108.4141,108.1873,107.94,108.3667,108.0717,108.4377,108.0944,107.73,107.3444,103.0013,99.36555,95.77535,92.23134,88.10485,84.66199,82.49864,80.35651,80.0414,79.11143,78.17544,77.23349,75.71209,75.33203,73.81346,72.85568,71.89235,71.46085,70.47926,68.96981,68.50006,66.99506,66,64.99991,63.99487,62.98496,61.97025,61.41257
88.58655,82.03227,81.07765,81.66954,82.78513,83.34248,83.87894,84.39453,84.88931,85.36333,85.81665,86.2493,87.26318,88.27041,88.65525,89.01959,89.99282,90.95919,91.91863,93.52052,95.12856,96.07991,98.3622,99.98735,101.6178,103.2532,105.5881,106.5382,108.1873,110.5538,112.217,113.8838,116.2852,117.9644,119.6463,121.3308,119.2441,116.3421,114.1406,111.1139,109.5776,106.4347,105.5934,104.7226,106.2185,106.913,107.5993,108.2774,108.9472,108.7847,109.433,110.9068,111.5432,112.1711,111.9423,112.5485,113.1461,113.735,114.3154,114.887,115.4498,116.8827,116.5491,117.9724
147.4328,133.8645,129.7514,128.1955,127.4779,125.9168,124.3556,122.7948,121.2345,119.675,118.1165,116.5592,115.8021,115.0362,113.4735,111.913,111.1319,110.3423,109.5444,109.4985,109.4329,108.5986,109.2423,109.117,108.9717,108.8062,109.3396,108.4141,108.1873,108.6409,108.3667,108.0717,108.4377,108.0944,107.73,107.3444,103.6573,99.36555,95.77535,91.59526,88.73418,84.66199,82.49864,80.35651,80.0414,79.11143,78.17544,77.23349,76.28567,74.76562,73.81346,73.40762,72.43699,71.46085,69.94934,68.96981,67.98503,66.99506,66,64.99991,63.99487,63.46212,61.97025,61.41257
89.10159,82.03227,81.07765,81.66954,82.78513,83.34248,83.87894,84.39453,84.88931,85.36333,85.81665,86.84413,87.26318,88.27041,88.03959,89.01959,89.3635,90.95919,91.91863,93.52052,95.12856,96.74253,98.3622,99.98735,101.6178,103.2532,105.5881,106.5382,108.1873,109.8406,112.217,113.8838,116.2852,117.9644,119.6463,121.3308,119.2441,116.3421,113.3746,111.8856,108.8004,106.4347,105.5934,104.7226,106.2185,106.913,106.7902,108.2774,108.9472,109.6088,109.433,110.0729,111.5432,111.3277,111.9423,112.5485,113.1461,113.735,114.3154,115.7573,115.4498,116.8827,116.5491,118.8595
148.2899,133.8645,129.7514,128.1955,127.4779,125.9168,124.3556,122.7948,121.2345,119.675,118.1165,117.3631,115.8021,115.0362,112.6855,111.913,110.3547,110.3423,109.5444,109.4985,109.4329,109.3475,109.2423,109.117,108.9717,108.8062,109.3396,108.4141,108.1873,107.94,108.3667,108.0717,108.4377,108.0944,107.73,107.3444,103.6573,99.36555,95.13257,92.23134,88.10485,84.66199,82.49864,80.35651,80.0414,79.11143,77.58765,77.23349,76.28567,75.33203,73.81346,72.85568,72.43699,70.92355,69.94934,68.96981,67.98503,66.99506,66,65.49233,63.99487,63.46212,61.97025,61.87431
88.07151,82.03227,80.54773,81.66954,82.78513,82.79055,83.87894,84.39453,84.88931,85.36333,85.81665,86.2493,87.26318,88.27041,88.65525,89.01959,89.99282,90.95919,91.91863,93.52052,95.12856,96.74253,98.3622,99.98735,101.6178,103.9415,105.5881,106.5382,108.1873,109.8406,112.217,113.8838,116.2852,117.9644,119.6463,121.3308,119.2441,117.1025,113.3746,111.8856,108.8004,106.4347,104.8054,104.7226,106.2185,106.913,107.5993,108.2774,108.9472,108.7847,109.433,110.9068,110.7045,111.3277,111.9423,112.5485,113.1461,113.735,114.3154,115.7573,116.3244,116.8827,116.5491,117.0854
146.5756,133.8645,128.9033,128.1955,127.4779,125.0829,124.3556,122.7948,121.2345,119.675,118.1165,116.5592,115.8021,115.0362,113.4735,111.913,111.1319,110.3423,109.5444,109.4985,109.4329,109.3475,109.2423,109.117,108.9717,109.5315,109.3396,108.4141,108.1873,107.94,108.3667,108.0717,108.4377,108.0944,107.73,107.3444,103.6573,100.015,95.13257,92.23134,88.10485,84.66199,81.88298,80.35651,80.0414,79.11143,78.17544,77.23349,76.28567,74.76562,73.81346,73.40762,71.89235,70.92355,69.94934,68.96981,67.98503,66.99506,66,65.49233,64.47968,63.46212,61.97025,60.95082
89.10159,82.03227,80.54773,81.66954,82.78513,83.34248,83.87894,84.39453,84.88931,85.36333,85.81665,86.2493,87.26318,88.27041,88.65525,89.01959,89.99282,90.95919,91.91863,93.52052,95.12856,96.74253,98.3622,99.98735,101.6178,103.2532,105.5881,106.5382,108.1873,110.5538,112.217,113.8838,116.2852,117.9644,119.6463,121.3308,118.4894,117.1025,113.3746,111.1139,108.8004,107.2173,105.5934,104.7226,106.2185,106.913,107.5993,108.2774,108.1281,108.7847,110.262,110.0729,110.7045,111.3277,111.9423,112.5485,113.1461,113.735,114.3154,114.887,116.3244,116.8827,116.5491,119.7465
148.2899,133.8645,128.9033,128.1955,127.4779,125.9168,124.3556,122.7948,121.2345,119.675,118.1165,116.5592,115.8021,115.0362,113.4735,111.913,111.1319,110.3423,109.5444,109.4985,109.4329,109.3475,109.2423,109.117,108.9717,108.8062,109.3396,108.4141,108.1873,108.6409,108.3667,108.0717,108.4377,108.0944,107.73,107.3444,103.0013,100.015,95.13257,91.59526,88.10485,85.28451,82.49864,80.35651,80.0414,79.11143,78.17544,77.23349,75.71209,74.76562,74.37266,72.85568,71.89235,70.92355,69.94934,68.96981,67.98503,66.99506,66,64.99991,64.47968,63.46212,61.97025,62.33606
88.07151,82.03227,81.07765,81.66954,82.78513,82.79055,83.31974,84.39453,84.88931,85.36333,85.81665,86.84413,87.26318,87.66165,88.65525,89.01959,89.99282,90.95919,91.91863,93.52052,95.12856,96.74253,97.69307,99.98735,101.6178,103.2532,105.5881,106.5382,108.1873,109.8406,112.217,113.8838,116.2852,117.9644,119.6463,121.3308,118.4894,117.1025,113.3746,111.1139,109.5776,106.4347,105.5934,104.7226,106.2185,106.913,107.5993,107.4632,108.9472,108.7847,109.433,110.0729,110.7045,111.3277,111.9423,112.5485,114.0033,113.735,114.3154,114.887,115.4498,116.8827,116.5491,118.8595
146.5756,133.8645,129.7514,128.1955,127.4779,125.0829,123.5266,122.7948,121.2345,119.675,118.1165,117.3631,115.8021,114.2429,113.4735,111.913,111.1319,110.3423,109.5444,109.4985,109.4329,109.3475,108.4991,109.117,108.9717,108.8062,109.3396,108.4141,108.1873,107.94,108.3667,108.0717,108.4377,108.0944,107.73,107.3444,103.0013,100.015,95.13257,91.59526,88.73418,84.66199,82.49864,80.35651,80.0414,79.11143,78.17544,76.65279,76.28567,74.76562,73.81346,72.85568,71.89235,70.92355,69.94934,68.96981,68.50006,66.99506,66,64.99991,63.99487,63.46212,61.97025,61.87431
89.10159,82.03227,81.07765,81.66954,82.24049,83.34248,83.87894,84.39453,84.88931,85.36333,85.81665,86.84413,87.26318,88.27041,88.65525,89.01959,89.99282,90.95919,91.91863,93.52052,95.12856,96.74253,98.3622,99.98735,101.6178,103.2532,105.5881,106.5382,108.1873,110.5538,112.217,113.8838,116.2852,117.9644,119.6463,121.3308,118.4894,117.1025,113.3746,111.1139,109.5776,105.6521,105.5934,104.7226,106.2185,106.913,107.5993,108.2774,108.1281,109.6088,110.262,110.0729,110.7045,111.3277,111.9423,112.5485,114.0033,113.735,114.3154,115.7573,116.3244,116.8827,116.5491,117.0854
148.2899,133.8645,129.7514,128.1955,126.6393,125.9168,124.3556,122.7948,121.2345,119.675,118.1165,117.3631,115.8021,115.0362,113.4735,111.913,111.1319,110.3423,109.5444,109.4985,109.4329,109.3475,109.2423,109.117,108.9717,108.8062,109.3396,108.4141,108.1873,108.6409,108.3667,108.0717,108.4377,108.0944,107.73,107.3444,103.0013,100.015,95.13257,91.59526,88.73418,84.03948,82.49864,80.35651,80.0414,79.11143,78.17544,77.23349,75.71209,75.33203,74.37266,72.85568,71.89235,70.92355,69.94934,68.96981,68.50006,66.99506,66,65.49233,64.47968,63.46212,61.97025,60.95082
