88.07151,82.03227,81.60757,82.20684,83.32977,83.34248,84.43813,84.96094,85.46289,85.94404,86.40443,87.43895,87.86499,88.27041,89.27091,89.64211,90.62214,91.59526,92.56142,94.16997,95.78462,97.40515,99.03133,100.6629,102.9818,103.9415,105.5881,106.5382,108.1873,110.5538,112.217,114.6092,116.2852,117.9644,120.3895,121.3308,119.9988,117.1025,113.3746,111.1139,110.3547,107.2173,105.5934,105.516,106.2185,106.913,107.5993,108.2774,108.9472,108.7847,109.433,110.0729,110.7045,111.3277,111.9423,112.5485,113.1461,113.735,114.3154,114.887,116.3244,116.0039,117.432,117.0854
146.5756,133.8645,130.5994,129.0389,128.3166,125.9168,125.1847,123.6189,122.0537,120.4891,118.9255,118.167,116.6008,115.0362,114.2616,112.6956,111.909,111.1139,110.3104,110.2589,110.1876,110.0965,109.9854,109.8543,110.4344,109.5315,109.3396,108.4141,108.1873,108.6409,108.3667,108.76,108.4377,108.0944,108.3992,107.3444,104.3134,100.015,95.13257,91.59526,89.3635,85.28451,82.49864,80.96527,80.0414,79.11143,78.17544,77.23349,76.28567,74.76562,73.81346,72.85568,71.89235,70.92355,69.94934,68.96981,67.98503,66.99506,66,64.99991,64.47968,62.98496,62.43972,60.95082
89.10159,82.03227,81.60757,82.20684,82.78513,83.89442,84.43813,84.96094,85.46289,85.94404,86.40443,87.43895,87.86499,88.87917,89.27091,89.64211,90.62214,91.59526,93.2042,94.16997,95.78462,97.40515,99.03133,100.6629,102.2998,104.6299,105.5881,106.5382,108.1873,109.8406,112.217,113.8838,116.2852,117.9644,119.6463,121.3308,119.9988,116.3421,113.3746,112.6572,109.5776,107.2173,105.5934,105.516,106.2185,106.913,107.5993,107.4632,108.9472,109.6088,109.433,110.9068,110.7045,112.1711,112.7904,112.5485,113.1461,113.735,115.1814,114.887,115.4498,116.0039,117.432,117.9724
148.2899,133.8645,130.5994,129.0389,127.4779,126.7506,125.1847,123.6189,122.0537,120.4891,118.9255,118.167,116.6008,115.8296,114.2616,112.6956,111.909,111.1139,111.0764,110.2589,110.1876,110.0965,109.9854,109.8543,109.7031,110.2569,109.3396,108.4141,108.1873,107.94,108.3667,108.0717,108.4377,108.0944,107.73,107.3444,104.3134,99.36555,95.13257,92.86742,88.73418,85.28451,82.49864,80.96527,80.0414,79.11143,78.17544,76.65279,76.28567,75.33203,73.81346,73.40762,71.89235,71.46085,70.47926,68.96981,67.98503,66.99506,66.5,64.99991,63.99487,62.98496,62.43972,61.41257
89.10159,82.03227,81.07765,82.20684,83.32977,83.89442,84.43813,84.96094,85.46289,85.94404,86.40443,86.84413,87.86499,88.87917,89.27091,89.64211,90.62214,91.59526,92.56142,94.16997,95.78462,97.40515,99.03133,100.6629,102.2998,103.9415,105.5881,106.5382,108.1873,110.5538,112.217,113.8838,116.2852,117.9644,119.6463,121.3308,119.9988,117.1025,113.3746,111.1139,109.5776,107.2173,105.5934,105.516,106.2185,106.913,107.5993,108.2774,108.9472,109.6088,109.433,110.0729,110.7045,112.1711,111.9423,112.5485,113.1461,114.5967,115.1814,115.7573,116.3244,116.0039,117.432,118.8595
148.2899,133.8645,129.7514,129.0389,128.3166,126.7506,125.1847,123.6189,122.0537,120.4891,118.9255,117.3631,116.6008,115.8296,114.2616,112.6956,111.909,111.1139,110.3104,110.2589,110.1876,110.0965,109.9854,109.8543,109.7031,109.5315,109.3396,108.4141,108.1873,108.6409,108.3667,108.0717,108.4377,108.0944,107.73,107.3444,104.3134,100.015,95.13257,91.59526,88.73418,85.28451,82.49864,80.96527,80.0414,79.11143,78.17544,77.23349,76.28567,75.33203,73.81346,72.85568,71.89235,71.46085,69.94934,68.96981,67.98503,67.5026,66.5,65.49233,64.47968,62.98496,62.43972,61.87431
88.58655,82.03227,81.60757,82.20684,83.32977,83.89442,84.43813,84.96094,85.46289,85.94404,86.40443,86.84413,87.86499,88.87917,89.27091,89.64211,90.62214,91.59526,93.2042,94.16997,95.78462,96.74253,99.03133,100.6629,102.2998,103.9415,105.5881,106.5382,108.1873,110.5538,112.217,113.8838,116.2852,117.9644,119.6463,121.3308,119.9988,116.3421,114.1406,111.8856,109.5776,107.2173,105.5934,105.516,106.2185,106.913,107.5993,108.2774,108.9472,109.6088,109.433,110.0729,111.5432,111.3277,111.9423,112.5485,113.1461,114.5967,114.3154,114.887,115.4498,116.8827,117.432,116.1984
147.4328,133.8645,130.5994,129.0389,128.3166,126.7506,125.1847,123.6189,122.0537,120.4891,118.9255,117.3631,116.6008,115.8296,114.2616,112.6956,111.909,111.1139,111.0764,110.2589,110.1876,109.3475,109.9854,109.8543,109.7031,109.5315,109.3396,108.4141,108.1873,108.6409,108.3667,108.0717,108.4377,108.0944,107.73,107.3444,104.3134,99.36555,95.77535,92.23134,88.73418,85.28451,82.49864,80.96527,80.0414,79.11143,78.17544,77.23349,76.28567,75.33203,73.81346,72.85568,72.43699,70.92355,69.94934,68.96981,67.98503,67.5026,66,64.99991,63.99487,63.46212,62.43972,60.48907
88.07151,82.03227,81.60757,82.20684,83.32977,83.89442,83.87894,84.96094,85.46289,85.94404,86.99222,87.43895,87.86499,88.87917,89.27091,89.64211,90.62214,91.59526,93.2042,94.16997,95.78462,97.40515,99.03133,100.6629,102.2998,103.9415,105.5881,106.5382,108.1873,110.5538,112.217,113.8838,116.2852,117.9644,119.6463,121.3308,119.9988,117.1025,113.3746,111.8856,109.5776,107.2173,105.5934,105.516,106.2185,106.913,107.5993,107.4632,108.1281,109.6088,110.262,110.0729,111.5432,112.1711,111.9423,113.4011,113.1461,113.735,114.3154,114.887,116.3244,116.8827,117.432,119.7465
146.5756,133.8645,130.5994,129.0389,128.3166,126.7506,124.3556,123.6189,122.0537,120.4891,119.7345,118.167,116.6008,115.8296,114.2616,112.6956,111.909,111.1139,111.0764,110.2589,110.1876,110.0965,109.9854,109.8543,109.7031,109.5315,109.3396,108.4141,108.1873,108.6409,108.3667,108.0717,108.4377,108.0944,107.73,107.3444,104.3134,100.015,95.13257,92.23134,88.73418,85.28451,82.49864,80.96527,80.0414,79.11143,78.17544,76.65279,75.71209,75.33203,74.37266,72.85568,72.43699,71.46085,69.94934,69.49231,67.98503,66.99506,66,64.99991,64.47968,63.46212,62.43972,62.33606
88.58655,82.03227,81.60757,82.20684,83.32977,83.89442,84.43813,84.96094,85.46289,85.94404,86.40443,87.43895,87.86499,88.87917,89.27091,89.64211,90.62214,91.59526,92.56142,94.16997,95.78462,97.40515,99.03133,100.6629,102.2998,103.9415,105.5881,106.5382,108.1873,109.8406,112.217,113.8838,116.2852,117.9644,119.6463,121.3308,119.9988,117.1025,113.3746,111.8856,109.5776,107.2173,105.5934,105.516,106.2185,106.913,107.5993,108.2774,108.9472,109.6088,109.433,110.0729,110.7045,111.3277,112.7904,112.5485,114.0033,113.735,114.3154,114.887,115.4498,116.8827,117.432,116.1984
147.4328,133.8645,130.5994,129.0389,128.3166,126.7506,125.1847,123.6189,122.0537,120.4891,118.9255,118.167,116.6008,115.8296,114.2616,112.6956,111.909,111.1139,110.3104,110.2589,110.1876,110.0965,109.9854,109.8543,109.7031,109.5315,109.3396,108.4141,108.1873,107.94,108.3667,108.0717,108.4377,108.0944,107.73,107.3444,104.3134,100.015,95.13257,92.23134,88.73418,85.28451,82.49864,80.96527,80.0414,79.11143,78.17544,77.23349,76.28567,75.33203,73.81346,72.85568,71.89235,70.92355,70.47926,68.96981,68.50006,66.99506,66,64.99991,63.99487,63.46212,62.43972,60.48907
89.10159,82.03227,81.07765,82.20684,83.32977,83.89442,84.43813,84.96094,85.46289,85.94404,86.40443,87.43895,87.86499,88.87917,89.27091,89.64211,90.62214,91.59526,92.56142,94.16997,95.78462,97.40515,99.03133,100.6629,102.2998,103.2532,105.5881,106.5382,108.1873,109.8406,112.217,113.8838,116.2852,117.9644,119.6463,121.3308,119.9988,117.1025,113.3746,111.8856,109.5776,107.2173,105.5934,105.516,106.2185,106.913,107.5993,108.2774,108.9472,109.6088,109.433,110.0729,111.5432,111.3277,111.9423,112.5485,113.1461,113.735,114.3154,115.7573,116.3244,116.0039,117.432,117.9724
148.2899,133.8645,129.7514,129.0389,128.3166,126.7506,125.1847,123.6189,122.0537,120.4891,118.9255,118.167,116.6008,115.8296,114.2616,112.6956,111.909,111.1139,110.3104,110.2589,110.1876,110.0965,109.9854,109.8543,109.7031,108.8062,109.3396,108.4141,108.1873,107.94,108.3667,108.0717,108.4377,108.0944,107.73,107.3444,104.3134,100.015,95.13257,92.23134,88.73418,85.28451,82.49864,80.96527,80.0414,79.11143,78.17544,77.23349,76.28567,75.33203,73.81346,72.85568,72.43699,70.92355,69.94934,68.96981,67.98503,66.99506,66,65.49233,64.47968,62.98496,62.43972,61.41257
89.10159,82.03227,81.07765,82.20684,83.32977,83.34248,84.43813,84.96094,85.46289,85.94404,86.40443,87.43895,87.86499,88.27041,89.27091,89.64211,91.25146,91.59526,92.56142,94.16997,95.78462,96.74253,99.03133,100.6629,102.2998,103.9415,105.5881,106.5382,108.1873,110.5538,112.217,113.8838,116.2852,117.9644,120.3895,121.3308,119.9988,117.1025,113.3746,111.1139,109.5776,107.2173,105.5934,105.516,106.2185,106.913,106.7902,108.2774,108.1281,109.6088,110.262,110.0729,110.7045,111.3277,111.9423,112.5485,113.1461,114.5967,114.3154,114.887,115.4498,116.0039,117.432,117.0854
148.2899,133.8645,129.7514,129.0389,128.3166,125.9168,125.1847,123.6189,122.0537,120.4891,118.9255,118.167,116.6008,115.0362,114.2616,112.6956,112.6862,111.1139,110.3104,110.2589,110.1876,109.3475,109.9854,109.8543,109.7031,109.5315,109.3396,108.4141,108.1873,108.6409,108.3667,108.0717,108.4377,108.0944,108.3992,107.3444,104.3134,100.015,95.13257,91.59526,88.73418,85.28451,82.49864,80.96527,80.0414,79.11143,77.58765,77.23349,75.71209,75.33203,74.37266,72.85568,71.89235,70.92355,69.94934,68.96981,67.98503,67.5026,66,64.99991,63.99487,62.98496,62.43972,60.95082
88.07151,82.03227,81.60757,82.20684,83.32977,83.89442,84.43813,84.96094,85.46289,85.94404,86.40443,86.84413,87.86499,88.87917,89.27091,89.64211,90.62214,91.59526,92.56142,94.81942,95.78462,97.40515,99.03133,100.6629,102.2998,103.9415,105.5881,106.5382,108.1873,109.8406,112.217,113.8838,116.2852,117.9644,120.3895,121.3308,119.9988,117.1025,114.1406,111.8856,109.5776,107.2173,105.5934,105.516,106.2185,106.913,107.5993,107.4632,108.9472,108.7847,109.433,110.0729,110.7045,112.1711,111.9423,112.5485,113.1461,113.735,114.3154,114.887,115.4498,116.0039,117.432,117.9724
146.5756,133.8645,130.5994,129.0389,128.3166,126.7506,125.1847,123.6189,122.0537,120.4891,118.9255,117.3631,116.6008,115.8296,114.2616,112.6956,111.909,111.1139,110.3104,111.0193,110.1876,110.0965,109.9854,109.8543,109.7031,109.5315,109.3396,108.4141,108.1873,107.94,108.3667,108.0717,108.4377,108.0944,108.3992,107.3444,104.3134,100.015,95.77535,92.23134,88.73418,85.28451,82.49864,80.96527,80.0414,79.11143,78.17544,76.65279,76.28567,74.76562,73.81346,72.85568,71.89235,71.46085,69.94934,68.96981,67.98503,66.99506,66,64.99991,63.99487,62.98496,62.43972,61.41257
89.10159,82.03227,81.60757,82.20684,83.32977,83.89442,84.43813,84.96094,85.46289,85.94404,86.40443,87.43895,87.86499,88.87917,89.27091,89.64211,90.62214,91.59526,92.56142,94.16997,95.78462,97.40515,99.03133,100.6629,102.2998,103.9415,105.5881,106.5382,108.1873,110.5538,112.217,114.6092,116.2852,117.9644,119.6463,121.3308,119.9988,116.3421,114.1406,111.8856,109.5776,107.2173,105.5934,105.516,106.2185,106.913,107.5993,108.2774,108.9472,108.7847,109.433,110.9068,110.7045,111.3277,112.7904,112.5485,113.1461,114.5967,114.3154,114.887,116.3244,116.8827,117.432,117.9724
148.2899,133.8645,130.5994,129.0389,128.3166,126.7506,125.1847,123.6189,122.0537,120.4891,118.9255,118.167,116.6008,115.8296,114.2616,112.6956,111.909,111.1139,110.3104,110.2589,110.1876,110.0965,109.9854,109.8543,109.7031,109.5315,109.3396,108.4141,108.1873,108.6409,108.3667,108.76,108.4377,108.0944,107.73,107.3444,104.3134,99.36555,95.77535,92.23134,88.73418,85.28451,82.49864,80.96527,80.0414,79.11143,78.17544,77.23349,76.28567,74.76562,73.81346,73.40762,71.89235,70.92355,70.47926,68.96981,67.98503,67.5026,66,64.99991,64.47968,63.46212,62.43972,61.41257
89.10159,82.03227,81.60757,82.20684,83.32977,83.89442,84.43813,84.96094,85.46289,85.94404,86.40443,87.43895,87.86499,88.87917,89.27091,90.26462,90.62214,91.59526,93.2042,94.81942,95.78462,97.40515,99.03133,100.6629,102.2998,103.2532,104.8934,106.5382,108.1873,110.5538,112.217,113.8838,116.2852,117.9644,120.3895,121.3308,119.9988,116.3421,113.3746,111.1139,109.5776,107.9999,105.5934,105.516,106.2185,106.913,107.5993,108.2774,108.1281,109.6088,109.433,110.0729,110.7045,111.3277,111.9423,112.5485,113.1461,113.735,114.3154,115.7573,115.4498,116.0039,117.432,118.8595
148.2899,133.8645,130.5994,129.0389,128.3166,126.7506,125.1847,123.6189,122.0537,120.4891,118.9255,118.167,116.6008,115.8296,114.2616,113.4782,111.909,111.1139,111.0764,111.0193,110.1876,110.0965,109.9854,109.8543,109.7031,108.8062,108.6203,108.4141,108.1873,108.6409,108.3667,108.0717,108.4377,108.0944,108.3992,107.3444,104.3134,99.36555,95.13257,91.59526,88.73418,85.90702,82.49864,80.96527,80.0414,79.11143,78.17544,77.23349,75.71209,75.33203,73.81346,72.85568,71.89235,70.92355,69.94934,68.96981,67.98503,66.99506,66,65.49233,63.99487,62.98496,62.43972,61.87431
88.07151,82.03227,81.60757,82.20684,83.32977,83.89442,84.43813,84.96094,85.46289,85.94404,86.99222,86.84413,87.86499,88.87917,89.27091,89.64211,90.62214,91.59526,92.56142,94.16997,95.78462,97.40515,99.03133,100.6629,102.2998,103.9415,105.5881,106.5382,108.1873,109.8406,112.217,113.8838,116.2852,117.9644,120.3895,121.3308,119.9988,117.1025,114.1406,111.1139,109.5776,107.2173,105.5934,105.516,106.2185,106.913,107.5993,107.4632,108.9472,108.7847,109.433,110.0729,110.7045,111.3277,111.9423,112.5485,114.0033,114.5967,115.1814,114.887,115.4498,116.8827,117.432,118.8595
146.5756,133.8645,130.5994,129.0389,128.3166,126.7506,125.1847,123.6189,122.0537,120.4891,119.7345,117.3631,116.6008,115.8296,114.2616,112.6956,111.909,111.1139,110.3104,110.2589,110.1876,110.0965,109.9854,109.8543,109.7031,109.5315,109.3396,108.4141,108.1873,107.94,108.3667,108.0717,108.4377,108.0944,108.3992,107.3444,104.3134,100.015,95.77535,91.59526,88.73418,85.28451,82.49864,80.96527,80.0414,79.11143,78.17544,76.65279,76.28567,74.76562,73.81346,72.85568,71.89235,70.92355,69.94934,68.96981,68.50006,67.5026,66.5,64.99991,63.99487,63.46212,62.43972,61.87431
88.58655,82.03227,81.07765,82.20684,83.32977,83.89442,84.43813,84.96094,85.46289,85.94404,86.40443,86.84413,87.86499,88.87917,89.27091,89.64211,90.62214,91.59526,92.56142,94.16997,95.78462,97.40515,99.03133,100.6629,102.2998,103.9415,105.5881,106.5382,108.1873,110.5538,112.217,113.8838,116.2852,117.9644,119.6463,121.3308,119.9988,117.1025,113.3746,111.1139,110.3547,107.2173,105.5934,105.516,106.2185,106.913,107.5993,108.2774,108.1281,109.6088,109.433,110.0729,110.7045,111.3277,111.9423,112.5485,113.1461,114.5967,114.3154,114.887,115.4498,116.8827,117.432,118.8595
147.4328,133.8645,129.7514,129.0389,128.3166,126.7506,125.1847,123.6189,122.0537,120.4891,118.9255,117.3631,116.6008,115.8296,114.2616,112.6956,111.909,111.1139,110.3104,110.2589,110.1876,110.0965,109.9854,109.8543,109.7031,109.5315,109.3396,108.4141,108.1873,108.6409,108.3667,108.0717,108.4377,108.0944,107.73,107.3444,104.3134,100.015,95.13257,91.59526,89.3635,85.28451,82.49864,80.96527,80.0414,79.11143,78.17544,77.23349,75.71209,75.33203,73.81346,72.85568,71.89235,70.92355,69.94934,68.96981,67.98503,67.5026,66,64.99991,63.99487,63.46212,62.43972,61.87431
88.07151,82.03227,81.07765,82.20684,83.32977,83.89442,84.43813,84.96094,85.46289,85.94404,86.40443,87.43895,87.86499,88.87917,89.27091,90.26462,90.62214,91.59526,92.56142,94.16997,95.78462,97.40515,99.03133,100.6629,102.2998,103.9415,105.5881,106.5382,108.1873,109.8406,112.217,113.8838,116.2852,117.9644,119.6463,121.3308,119.9988,117.1025,114.1406,111.8856,109.5776,107.2173,105.5934,105.516,106.2185,106.913,106.7902,107.4632,108.9472,109.6088,109.433,110.0729,110.7045,111.3277,112.7904,112.5485,113.1461,113.735,114.3154,114.887,115.4498,116.0039,117.432,117.9724
146.5756,133.8645,129.7514,129.0389,128.3166,126.7506,125.1847,123.6189,122.0537,120.4891,118.9255,118.167,116.6008,115.8296,114.2616,113.4782,111.909,111.1139,110.3104,110.2589,110.1876,110.0965,109.9854,109.8543,109.7031,109.5315,109.3396,108.4141,108.1873,107.94,108.3667,108.0717,108.4377,108.0944,107.73,107.3444,104.3134,100.015,95.77535,92.23134,88.73418,85.28451,82.49864,80.96527,80.0414,79.11143,77.58765,76.65279,76.28567,75.33203,73.81346,72.85568,71.89235,70.92355,70.47926,68.96981,67.98503,66.99506,66,64.99991,63.99487,62.98496,62.43972,61.41257
89.61663,82.03227,81.60757,82.20684,83.32977,83.89442,84.43813,84.96094,85.46289,85.94404,86.40443,86.84413,87.86499,88.87917,89.27091,89.64211,90.62214,91.59526,92.56142,94.16997,95.78462,97.40515,99.03133,100.6629,102.2998,104.6299,105.5881,106.5382,108.1873,110.5538,112.217,113.8838,116.2852,117.9644,119.6463,121.3308,119.9988,117.1025,113.3746,111.1139,110.3547,107.2173,105.5934,105.516,106.2185,106.913,107.5993,108.2774,108.9472,108.7847,110.262,110.0729,110.7045,111.3277,111.9423,113.4011,113.1461,114.5967,114.3154,115.7573,116.3244,116.0039,116.5491,117.0854
149.1471,133.8645,130.5994,129.0389,128.3166,126.7506,125.1847,123.6189,122.0537,120.4891,118.9255,117.3631,116.6008,115.8296,114.2616,112.6956,111.909,111.1139,110.3104,110.2589,110.1876,110.0965,109.9854,109.8543,109.7031,110.2569,109.3396,108.4141,108.1873,108.6409,108.3667,108.0717,108.4377,108.0944,107.73,107.3444,104.3134,100.015,95.13257,91.59526,89.3635,85.28451,82.49864,80.96527,80.0414,79.11143,78.17544,77.23349,76.28567,74.76562,74.37266,72.85568,71.89235,70.92355,69.94934,69.49231,67.98503,67.5026,66,65.49233,64.47968,62.98496,61.97025,60.95082
88.58655,82.03227,81.07765,82.20684,83.32977,83.89442,84.43813,84.96094,85.46289,85.94404,86.99222,86.84413,87.86499,88.87917,89.27091,89.64211,90.62214,91.59526,92.56142,94.16997,95.78462,97.40515,99.03133,100.6629,102.2998,103.9415,105.5881,106.5382,108.1873,109.8406,112.217,113.8838,116.2852,117.9644,119.6463,121.3308,119.9988,116.3421,113.3746,111.8856,110.3547,107.2173,105.5934,105.516,106.2185,106.913,107.5993,107.4632,108.9472,109.6088,109.433,110.9068,110.7045,111.3277,111.9423,112.5485,114.0033,114.5967,114.3154,115.7573,116.3244,116.0039,117.432,118.8595
147.4328,133.8645,129.7514,129.0389,128.3166,126.7506,125.1847,123.6189,122.0537,120.4891,119.7345,117.3631,116.6008,115.8296,114.2616,112.6956,111.909,111.1139,110.3104,110.2589,110.1876,110.0965,109.9854,109.8543,109.7031,109.5315,109.3396,108.4141,108.1873,107.94,108.3667,108.0717,108.4377,108.0944,107.73,107.3444,104.3134,99.36555,95.13257,92.23134,89.3635,85.28451,82.49864,80.96527,80.0414,79.11143,78.17544,76.65279,76.28567,75.33203,73.81346,73.40762,71.89235,70.92355,69.94934,68.96981,68.50006,67.5026,66,65.49233,64.47968,62.98496,62.43972,61.87431
88.07151,82.03227,81.60757,82.20684,83.32977,83.89442,84.43813,84.96094,85.46289,85.94404,86.40443,86.84413,87.86499,88.87917,89.27091,89.64211,90.62214,91.59526,93.2042,94.16997,95.78462,97.40515,99.03133,100.6629,102.2998,103.9415,104.8934,106.5382,108.1873,109.8406,112.217,113.8838,116.2852,117.9644,119.6463,121.3308,119.9988,116.3421,113.3746,111.1139,109.5776,107.2173,105.5934,105.516,106.2185,106.913,107.5993,108.2774,108.9472,108.7847,109.433,110.0729,110.7045,111.3277,112.7904,113.4011,113.1461,113.735,114.3154,114.887,115.4498,116.0039,117.432,118.8595
146.5756,133.8645,130.5994,129.0389,128.3166,126.7506,125.1847,123.6189,122.0537,120.4891,118.9255,117.3631,116.6008,115.8296,114.2616,112.6956,111.909,111.1139,111.0764,110.2589,110.1876,110.0965,109.9854,109.8543,109.7031,109.5315,108.6203,108.4141,108.1873,107.94,108.3667,108.0717,108.4377,108.0944,107.73,107.3444,104.3134,99.36555,95.13257,91.59526,88.73418,85.28451,82.49864,80.96527,80.0414,79.11143,78.17544,77.23349,76.28567,74.76562,73.81346,72.85568,71.89235,70.92355,70.47926,69.49231,67.98503,66.99506,66,64.99991,63.99487,62.98496,62.43972,61.87431
88.07151,82.03227,81.60757,82.20684,83.32977,83.89442,84.43813,84.96094,85.46289,85.94404,86.40443,87.43895,87.86499,88.87917,89.27091,89.64211,90.62214,91.59526,92.56142,94.16997,95.78462,97.40515,99.03133,100.6629,102.2998,103.9415,106.2827,106.5382,108.1873,109.8406,112.217,113.8838,116.2852,117.9644,119.6463,121.3308,119.9988,116.3421,113.3746,111.8856,110.3547,107.2173,105.5934,105.516,106.2185,106.913,107.5993,108.2774,108.9472,109.6088,109.433,110.0729,110.7045,111.3277,111.9423,112.5485,114.0033,113.735,114.3154,114.887,115.4498,116.8827,116.5491,117.9724
146.5756,133.8645,130.5994,129.0389,128.3166,126.7506,125.1847,123.6189,122.0537,120.4891,118.9255,118.167,116.6008,115.8296,114.2616,112.6956,111.909,111.1139,110.3104,110.2589,110.1876,110.0965,109.9854,109.8543,109.7031,109.5315,110.059,108.4141,108.1873,107.94,108.3667,108.0717,108.4377,108.0944,107.73,107.3444,104.3134,99.36555,95.13257,92.23134,89.3635,85.28451,82.49864,80.96527,80.0414,79.11143,78.17544,77.23349,76.28567,75.33203,73.81346,72.85568,71.89235,70.92355,69.94934,68.96981,68.50006,66.99506,66,64.99991,63.99487,63.46212,61.97025,61.41257
89.10159,82.03227,81.07765,82.20684,83.32977,83.89442,84.43813,84.96094,85.46289,85.94404,86.40443,87.43895,87.86499,88.27041,89.27091,89.64211,90.62214,91.59526,92.56142,94.16997,95.78462,97.40515,99.03133,100.6629,102.2998,103.9415,105.5881,106.5382,108.1873,109.8406,112.217,113.8838,116.2852,117.9644,120.3895,121.3308,119.9988,116.3421,114.1406,111.1139,109.5776,107.2173,105.5934,105.516,106.2185,106.913,107.5993,107.4632,108.9472,109.6088,110.262,110.0729,110.7045,112.1711,112.7904,113.4011,113.1461,114.5967,114.3154,114.887,115.4498,116.8827,117.432,117.9724
148.2899,133.8645,129.7514,129.0389,128.3166,126.7506,125.1847,123.6189,122.0537,120.4891,118.9255,118.167,116.6008,115.0362,114.2616,112.6956,111.909,111.1139,110.3104,110.2589,110.1876,110.0965,109.9854,109.8543,109.7031,109.5315,109.3396,108.4141,108.1873,107.94,108.3667,108.0717,108.4377,108.0944,108.3992,107.3444,104.3134,99.36555,95.77535,91.59526,88.73418,85.28451,82.49864,80.96527,80.0414,79.11143,78.17544,76.65279,76.28567,75.33203,74.37266,72.85568,71.89235,71.46085,70.47926,69.49231,67.98503,67.5026,66,64.99991,63.99487,63.46212,62.43972,61.41257
89.10159,82.03227,81.60757,82.20684,83.32977,83.89442,83.87894,84.96094,85.46289,85.94404,86.40443,86.84413,87.86499,88.87917,89.27091,89.64211,90.62214,91.59526,92.56142,94.16997,95.78462,97.40515,99.03133,100.6629,102.2998,104.6299,105.5881,106.5382,108.1873,110.5538,112.217,113.8838,116.2852,117.9644,119.6463,121.3308,119.9988,117.1025,113.3746,111.1139,109.5776,107.2173,105.5934,105.516,106.2185,106.913,107.5993,107.4632,108.1281,108.7847,109.433,110.0729,110.7045,111.3277,111.9423,112.5485,113.1461,113.735,115.1814,114.887,116.3244,116.0039,116.5491,117.0854
148.2899,133.8645,130.5994,129.0389,128.3166,126.7506,124.3556,123.6189,122.0537,120.4891,118.9255,117.3631,116.6008,115.8296,114.2616,112.6956,111.909,111.1139,110.3104,110.2589,110.1876,110.0965,109.9854,109.8543,109.7031,110.2569,109.3396,108.4141,108.1873,108.6409,108.3667,108.0717,108.4377,108.0944,107.73,107.3444,104.3134,100.015,95.13257,91.59526,88.73418,85.28451,82.49864,80.96527,80.0414,79.11143,78.17544,76.65279,75.71209,74.76562,73.81346,72.85568,71.89235,70.92355,69.94934,68.96981,67.98503,66.99506,66.5,64.99991,64.47968,62.98496,61.97025,60.95082
89.10159,82.03227,81.60757,82.20684,83.32977,83.89442,84.43813,84.96094,85.46289,85.94404,86.40443,87.43895,87.86499,88.87917,89.27091,89.64211,90.62214,91.59526,92.56142,94.16997,95.78462,96.74253,99.03133,100.6629,102.2998,104.6299,105.5881,106.5382,107.4802,109.8406,112.217,114.6092,116.2852,117.9644,119.6463,121.3308,119.9988,116.3421,113.3746,111.8856,109.5776,107.2173,105.5934,105.516,106.2185,106.913,107.5993,107.4632,108.1281,109.6088,109.433,110.0729,110.7045,111.3277,111.9423,112.5485,113.1461,114.5967,114.3154,114.887,115.4498,116.0039,117.432,117.0854
148.2899,133.8645,130.5994,129.0389,128.3166,126.7506,125.1847,123.6189,122.0537,120.4891,118.9255,118.167,116.6008,115.8296,114.2616,112.6956,111.909,111.1139,110.3104,110.2589,110.1876,109.3475,109.9854,109.8543,109.7031,110.2569,109.3396,108.4141,107.4802,107.94,108.3667,108.76,108.4377,108.0944,107.73,107.3444,104.3134,99.36555,95.13257,92.23134,88.73418,85.28451,82.49864,80.96527,80.0414,79.11143,78.17544,76.65279,75.71209,75.33203,73.81346,72.85568,71.89235,70.92355,69.94934,68.96981,67.98503,67.5026,66,64.99991,63.99487,62.98496,62.43972,60.95082
89.10159,82.03227,81.60757,82.20684,83.32977,83.89442,84.43813,84.96094,85.46289,85.94404,86.40443,87.43895,87.86499,88.27041,89.27091,89.64211,90.62214,91.59526,92.56142,94.16997,95.78462,97.40515,99.03133,100.6629,102.2998,103.9415,105.5881,106.5382,108.1873,110.5538,112.217,113.8838,116.2852,117.9644,120.3895,121.3308,119.9988,116.3421,113.3746,111.8856,109.5776,107.2173,105.5934,105.516,106.2185,106.913,106.7902,108.2774,108.9472,108.7847,109.433,110.0729,111.5432,111.3277,112.7904,112.5485,114.0033,113.735,114.3154,114.887,115.4498,116.8827,117.432,117.9724
148.2899,133.8645,130.5994,129.0389,128.3166,126.7506,125.1847,123.6189,122.0537,120.4891,118.9255,118.167,116.6008,115.0362,114.2616,112.6956,111.909,111.1139,110.3104,110.2589,110.1876,110.0965,109.9854,109.8543,109.7031,109.5315,109.3396,108.4141,108.1873,108.6409,108.3667,108.0717,108.4377,108.0944,108.3992,107.3444,104.3134,99.36555,95.13257,92.23134,88.73418,85.28451,82.49864,80.96527,80.0414,79.11143,77.58765,77.23349,76.28567,74.76562,73.81346,72.85568,72.43699,70.92355,70.47926,68.96981,68.50006,66.99506,66,64.99991,63.99487,63.46212,62.43972,61.41257
88.07151,82.03227,81.07765,82.20684,83.32977,83.89442,84.43813,84.96094,85.46289,85.94404,86.40443,86.84413,87.86499,88.87917,89.27091,89.64211,90.62214,91.59526,92.56142,94.16997,95.78462,97.40515,99.03133,100.6629,102.2998,103.9415,105.5881,106.5382,108.1873,109.8406,112.217,113.8838,116.2852,117.9644,119.6463,121.3308,119.9988,116.3421,113.3746,112.6572,109.5776,107.2173,105.5934,105.516,106.2185,106.913,107.5993,108.2774,108.1281,109.6088,109.433,110.0729,110.7045,111.3277,111.9423,112.5485,113.1461,113.735,114.3154,115.7573,116.3244,116.8827,117.432,117.0854
146.5756,133.8645,129.7514,129.0389,128.3166,126.7506,125.1847,123.6189,122.0537,120.4891,118.9255,117.3631,116.6008,115.8296,114.2616,112.6956,111.909,111.1139,110.3104,110.2589,110.1876,110.0965,109.9854,109.8543,109.7031,109.5315,109.3396,108.4141,108.1873,107.94,108.3667,108.0717,108.4377,108.0944,107.73,107.3444,104.3134,99.36555,95.13257,92.86742,88.73418,85.28451,82.49864,80.96527,80.0414,79.11143,78.17544,77.23349,75.71209,75.33203,73.81346,72.85568,71.89235,70.92355,69.94934,68.96981,67.98503,66.99506,66,65.49233,64.47968,63.46212,62.43972,60.95082
89.10159,82.03227,81.60757,82.20684,83.32977,83.89442,84.43813,84.96094,85.46289,85.94404,86.40443,87.43895,87.86499,88.87917,89.27091,89.64211,90.62214,91.59526,92.56142,94.16997,95.78462,97.40515,99.03133,100.6629,102.2998,103.9415,105.5881,106.5382,108.1873,109.8406,112.217,113.8838,116.2852,117.9644,119.6463,121.3308,119.9988,117.1025,114.1406,111.8856,110.3547,107.2173,105.5934,105.516,106.2185,106.913,107.5993,107.4632,108.9472,108.7847,109.433,110.0729,110.7045,112.1711,112.7904,112.5485,113.1461,113.735,114.3154,114.887,115.4498,116.0039,117.432,117.0854
148.2899,133.8645,130.5994,129.0389,128.3166,126.7506,125.1847,123.6189,122.0537,120.4891,118.9255,118.167,116.6008,115.8296,114.2616,112.6956,111.909,111.1139,110.3104,110.2589,110.1876,110.0965,109.9854,109.8543,109.7031,109.5315,109.3396,108.4141,108.1873,107.94,108.3667,108.0717,108.4377,108.0944,107.73,107.3444,104.3134,100.015,95.77535,92.23134,89.3635,85.28451,82.49864,80.96527,80.0414,79.11143,78.17544,76.65279,76.28567,74.76562,73.81346,72.85568,71.89235,71.46085,70.47926,68.96981,67.98503,66.99506,66,64.99991,63.99487,62.98496,62.43972,60.95082
89.10159,82.03227,81.60757,82.20684,83.32977,83.89442,84.43813,84.96094,85.46289,85.94404,86.40443,86.84413,87.86499,88.87917,89.27091,89.64211,90.62214,91.59526,93.2042,94.81942,95.78462,97.40515,99.03133,100.6629,102.2998,103.9415,105.5881,106.5382,108.1873,110.5538,112.217,113.8838,116.2852,117.9644,119.6463,121.3308,119.9988,117.1025,113.3746,111.8856,110.3547,107.2173,105.5934,105.516,106.2185,106.913,107.5993,108.2774,108.9472,108.7847,109.433,110.0729,110.7045,111.3277,111.9423,112.5485,113.1461,113.735,114.3154,115.7573,116.3244,116.8827,117.432,118.8595
148.2899,133.8645,130.5994,129.0389,128.3166,126.7506,125.1847,123.6189,122.0537,120.4891,118.9255,117.3631,116.6008,115.8296,114.2616,112.6956,111.909,111.1139,111.0764,111.0193,110.1876,110.0965,109.9854,109.8543,109.7031,109.5315,109.3396,108.4141,108.1873,108.6409,108.3667,108.0717,108.4377,108.0944,107.73,107.3444,104.3134,100.015,95.13257,92.23134,89.3635,85.28451,82.49864,80.96527,80.0414,79.11143,78.17544,77.23349,76.28567,74.76562,73.81346,72.85568,71.89235,70.92355,69.94934,68.96981,67.98503,66.99506,66,65.49233,64.47968,63.46212,62.43972,61.87431
89.10159,82.03227,81.60757,82.20684,83.32977,83.89442,83.87894,84.96094,85.46289,85.94404,86.40443,87.43895,87.86499,88.87917,89.27091,89.64211,90.62214,91.59526,92.56142,94.16997,95.78462,97.40515,99.03133,100.6629,102.2998,103.2532,105.5881,106.5382,108.1873,109.8406,112.217,113.8838,116.2852,117.9644,120.3895,121.3308,119.9988,116.3421,114.1406,111.8856,110.3547,107.2173,105.5934,105.516,106.2185,106.913,107.5993,107.4632,108.9472,109.6088,110.262,110.0729,110.7045,111.3277,111.9423,113.4011,113.1461,113.735,114.3154,114.887,116.3244,116.0039,116.5491,117.9724
148.2899,133.8645,130.5994,129.0389,128.3166,126.7506,124.3556,123.6189,122.0537,120.4891,118.9255,118.167,116.6008,115.8296,114.2616,112.6956,111.909,111.1139,110.3104,110.2589,110.1876,110.0965,109.9854,109.8543,109.7031,108.8062,109.3396,108.4141,108.1873,107.94,108.3667,108.0717,108.4377,108.0944,108.3992,107.3444,104.3134,99.36555,95.77535,92.23134,89.3635,85.28451,82.49864,80.96527,80.0414,79.11143,78.17544,76.65279,76.28567,75.33203,74.37266,72.85568,71.89235,70.92355,69.94934,69.49231,67.98503,66.99506,66,64.99991,64.47968,62.98496,61.97025,61.41257
88.07151,82.03227,81.07765,82.20684,83.32977,83.89442,84.43813,84.96094,85.46289,85.94404,86.40443,87.43895,87.86499,88.87917,89.27091,90.26462,90.62214,91.59526,92.56142,94.81942,95.78462,97.40515,99.03133,100.6629,102.2998,103.9415,105.5881,106.5382,108.1873,109.8406,112.217,113.8838,116.2852,117.9644,119.6463,121.3308,119.9988,117.1025,114.1406,112.6572,109.5776,107.2173,105.5934,105.516,106.2185,106.913,107.5993,107.4632,108.9472,109.6088,110.262,110.0729,110.7045,111.3277,111.9423,113.4011,114.0033,113.735,114.3154,115.7573,116.3244,116.0039,117.432,118.8595
146.5756,133.8645,129.7514,129.0389,128.3166,126.7506,125.1847,123.6189,122.0537,120.4891,118.9255,118.167,116.6008,115.8296,114.2616,113.4782,111.909,111.1139,110.3104,111.0193,110.1876,110.0965,109.9854,109.8543,109.7031,109.5315,109.3396,108.4141,108.1873,107.94,108.3667,108.0717,108.4377,108.0944,107.73,107.3444,104.3134,100.015,95.77535,92.86742,88.73418,85.28451,82.49864,80.96527,80.0414,79.11143,78.17544,76.65279,76.28567,75.33203,74.37266,72.85568,71.89235,70.92355,69.94934,69.49231,68.50006,66.99506,66,65.49233,64.47968,62.98496,62.43972,61.87431
88.07151,82.03227,81.07765,82.20684,83.32977,83.89442,84.43813,84.96094,85.46289,85.94404,86.99222,87.43895,87.86499,88.87917,89.27091,90.26462,90.62214,91.59526,92.56142,94.81942,95.78462,96.74253,99.03133,100.6629,102.2998,104.6299,105.5881,106.5382,108.1873,109.8406,112.217,113.8838,116.2852,117.9644,119.6463,121.3308,119.9988,117.1025,113.3746,111.1139,109.5776,107.2173,105.5934,105.516,106.2185,106.913,106.7902,108.2774,108.9472,109.6088,110.262,110.0729,110.7045,111.3277,111.9423,112.5485,113.1461,113.735,115.1814,114.887,115.4498,116.0039,116.5491,117.9724
146.5756,133.8645,129.7514,129.0389,128.3166,126.7506,125.1847,123.6189,122.0537,120.4891,119.7345,118.167,116.6008,115.8296,114.2616,113.4782,111.909,111.1139,110.3104,111.0193,110.1876,109.3475,109.9854,109.8543,109.7031,110.2569,109.3396,108.4141,108.1873,107.94,108.3667,108.0717,108.4377,108.0944,107.73,107.3444,104.3134,100.015,95.13257,91.59526,88.73418,85.28451,82.49864,80.96527,80.0414,79.11143,77.58765,77.23349,76.28567,75.33203,74.37266,72.85568,71.89235,70.92355,69.94934,68.96981,67.98503,66.99506,66.5,64.99991,63.99487,62.98496,61.97025,61.41257
89.10159,82.03227,81.60757,82.20684,83.32977,83.89442,84.43813,84.96094,85.46289,85.94404,86.40443,87.43895,87.86499,88.87917,89.27091,89.64211,90.62214,91.59526,92.56142,94.16997,95.78462,97.40515,99.03133,100.6629,102.2998,104.6299,105.5881,106.5382,108.1873,110.5538,112.217,113.8838,116.2852,117.9644,119.6463,121.3308,119.9988,117.1025,113.3746,111.8856,110.3547,107.2173,105.5934,105.516,106.2185,106.913,107.5993,108.2774,108.9472,108.7847,110.262,110.0729,111.5432,112.1711,112.7904,112.5485,113.1461,114.5967,114.3154,114.887,115.4498,116.0039,117.432,117.9724
148.2899,133.8645,130.5994,129.0389,128.3166,126.7506,125.1847,123.6189,122.0537,120.4891,118.9255,118.167,116.6008,115.8296,114.2616,112.6956,111.909,111.1139,110.3104,110.2589,110.1876,110.0965,109.9854,109.8543,109.7031,110.2569,109.3396,108.4141,108.1873,108.6409,108.3667,108.0717,108.4377,108.0944,107.73,107.3444,104.3134,100.015,95.13257,92.23134,89.3635,85.28451,82.49864,80.96527,80.0414,79.11143,78.17544,77.23349,76.28567,74.76562,74.37266,72.85568,72.43699,71.46085,70.47926,68.96981,67.98503,67.5026,66,64.99991,63.99487,62.98496,62.43972,61.41257
88.58655,82.03227,81.07765,82.20684,83.32977,83.89442,84.43813,84.96094,85.46289,85.94404,86.40443,86.84413,87.86499,88.87917,89.27091,89.64211,90.62214,91.59526,92.56142,94.81942,95.78462,97.40515,99.03133,100.6629,102.2998,103.2532,105.5881,106.5382,108.1873,110.5538,112.217,113.8838,116.2852,117.9644,120.3895,121.3308,119.9988,117.1025,114.1406,111.8856,109.5776,107.2173,105.5934,105.516,106.2185,106.913,106.7902,107.4632,108.1281,109.6088,109.433,110.0729,110.7045,111.3277,111.9423,112.5485,113.1461,113.735,114.3154,114.887,115.4498,116.0039,117.432,117.9724
147.4328,133.8645,129.7514,129.0389,128.3166,126.7506,125.1847,123.6189,122.0537,120.4891,118.9255,117.3631,116.6008,115.8296,114.2616,112.6956,111.909,111.1139,110.3104,111.0193,110.1876,110.0965,109.9854,109.8543,109.7031,108.8062,109.3396,108.4141,108.1873,108.6409,108.3667,108.0717,108.4377,108.0944,108.3992,107.3444,104.3134,100.015,95.77535,92.23134,88.73418,85.28451,82.49864,80.96527,80.0414,79.11143,77.58765,76.65279,75.71209,75.33203,73.81346,72.85568,71.89235,70.92355,69.94934,68.96981,67.98503,66.99506,66,64.99991,63.99487,62.98496,62.43972,61.41257
