150.7317,157.289,156.6135,155.9261,156.1139,155.3988,154.6718,153.9331,154.053,153.2865,152.5084,152.5758,151.7699,151.8006,150.9671,150.122,150.0994,154.201,159.0564,165.4687,166.0796,165.0395,162.3791,160.5257,157.8773,156.0261,154.1738,152.3206,150.4668,147.8466,145.9979,144.1495,142.3016,141.1975,140.82,140.4199,140.7226,140.2713,139.0838,139.3,138.78,138.237,137.6709,137.0817,135.7936
-71.89535,-76.71495,-78.08462,-79.44834,-81.26776,-82.627,-83.97994,-85.32649,-87.15897,-88.5,-89.83429,-91.67678,-93.00474,-94.85555,-96.17663,-97.49039,-99.34866,-104.0099,-109.3164,-115.8624,-118.4634,-119.9082,-120.1542,-120.9648,-121.1435,-121.901,-122.6354,-123.3468,-124.0353,-124.058,-124.694,-125.3073,-125.8978,-127.1348,-129.0377,-130.9437,-133.5408,-135.4584,-136.6773,-139.3,-141.2236,-143.1486,-145.0749,-147.0021,-148.1927
154.3421,158.1878,156.6135,155.9261,156.1139,155.3988,154.6718,154.8077,154.053,153.2865,153.37,152.5758,151.7699,151.8006,150.9671,150.122,150.0994,154.201,159.0564,165.4687,166.0796,164.2304,161.5752,160.5257,157.8773,156.0261,154.1738,152.3206,149.6952,147.8466,145.9979,143.3948,142.3016,141.9407,140.82,141.1513,140.7226,139.5519,139.7971,138.5929,138.0791,137.5424,137.6709,136.3997,135.7936
-73.6174,-77.15332,-78.08462,-79.44834,-81.26776,-82.627,-83.97994,-85.8113,-87.15897,-88.5,-90.34183,-91.67678,-93.00474,-94.85555,-96.17663,-97.49039,-99.34866,-104.0099,-109.3164,-115.8624,-118.4634,-119.3204,-119.5594,-120.9648,-121.1435,-121.901,-122.6354,-123.3468,-123.3992,-124.058,-124.694,-124.6512,-125.8978,-127.8039,-129.0377,-131.6257,-133.5408,-134.7637,-137.3782,-138.5929,-140.5103,-142.4293,-145.0749,-146.2707,-148.1927
153.4395,158.1878,156.6135,155.9261,156.1139,155.3988,154.6718,153.9331,154.053,153.2865,152.5084,152.5758,152.6226,150.9526,150.9671,150.122,149.2656,154.201,159.0564,164.6496,166.0796,164.2304,161.5752,160.5257,157.8773,156.0261,154.1738,152.3206,149.6952,147.8466,145.9979,144.1495,142.3016,141.9407,141.5572,141.1513,140.7226,140.2713,139.0838,139.3,138.78,137.5424,137.6709,136.3997,136.4692
-73.18689,-77.15332,-78.08462,-79.44834,-81.26776,-82.627,-83.97994,-85.32649,-87.15897,-88.5,-89.83429,-91.67678,-93.52724,-94.32563,-96.17663,-97.49039,-98.79672,-104.0099,-109.3164,-115.2889,-118.4634,-119.3204,-119.5594,-120.9648,-121.1435,-121.901,-122.6354,-123.3468,-123.3992,-124.058,-124.694,-125.3073,-125.8978,-127.8039,-129.7133,-131.6257,-133.5408,-135.4584,-136.6773,-139.3,-141.2236,-142.4293,-145.0749,-146.2707,-148.93
156.1473,157.289,156.6135,155.9261,156.1139,155.3988,154.6718,153.9331,154.053,153.2865,152.5084,152.5758,151.7699,151.8006,150.9671,150.122,150.0994,154.201,159.0564,165.4687,166.8937,164.2304,162.3791,160.5257,158.6707,156.0261,154.1738,151.5435,149.6952,147.8466,145.9979,143.3948,142.3016,141.9407,141.5572,140.4199,140.7226,140.2713,139.0838,138.5929,138.78,137.5424,137.6709,136.3997,135.7936
-74.47842,-76.71495,-78.08462,-79.44834,-81.26776,-82.627,-83.97994,-85.32649,-87.15897,-88.5,-89.83429,-91.67678,-93.00474,-94.85555,-96.17663,-97.49039,-99.34866,-104.0099,-109.3164,-115.8624,-119.0441,-119.3204,-120.1542,-120.9648,-121.7523,-121.901,-122.6354,-122.7175,-123.3992,-124.058,-124.694,-124.6512,-125.8978,-127.8039,-129.7133,-130.9437,-133.5408,-135.4584,-136.6773,-138.5929,-141.2236,-142.4293,-145.0749,-146.2707,-148.1927
154.3421,158.1878,156.6135,155.9261,156.1139,155.3988,154.6718,153.9331,154.053,153.2865,153.37,152.5758,151.7699,151.8006,150.9671,150.9607,150.0994,154.201,159.8805,164.6496,166.8937,165.0395,163.1829,160.5257,158.6707,156.0261,154.1738,152.3206,149.6952,147.8466,145.9979,143.3948,142.3016,141.1975,141.5572,141.1513,140.7226,139.5519,139.7971,138.5929,139.4809,138.237,137.6709,137.0817,135.7936
-73.6174,-77.15332,-78.08462,-79.44834,-81.26776,-82.627,-83.97994,-85.32649,-87.15897,-88.5,-90.34183,-91.67678,-93.00474,-94.85555,-96.17663,-98.03503,-99.34866,-104.0099,-109.8828,-115.2889,-119.0441,-119.9082,-120.749,-120.9648,-121.7523,-121.901,-122.6354,-123.3468,-123.3992,-124.058,-124.694,-124.6512,-125.8978,-127.1348,-129.7133,-131.6257,-133.5408,-134.7637,-137.3782,-138.5929,-141.9368,-143.1486,-145.0749,-147.0021,-148.1927
156.1473,158.1878,156.6135,155.9261,156.1139,155.3988,154.6718,153.9331,154.053,153.2865,152.5084,152.5758,151.7699,151.8006,150.9671,150.122,150.0994,154.201,159.8805,165.4687,166.8937,165.0395,163.1829,160.5257,158.6707,156.8141,154.1738,152.3206,149.6952,147.8466,145.9979,144.1495,142.3016,141.9407,141.5572,141.1513,140.7226,140.2713,139.0838,139.3,138.0791,138.237,137.6709,137.7637,136.4692
-74.47842,-77.15332,-78.08462,-79.44834,-81.26776,-82.627,-83.97994,-85.32649,-87.15897,-88.5,-89.83429,-91.67678,-93.00474,-94.85555,-96.17663,-97.49039,-99.34866,-104.0099,-109.8828,-115.8624,-119.0441,-119.9082,-120.749,-120.9648,-121.7523,-122.5166,-122.6354,-123.3468,-123.3992,-124.058,-124.694,-125.3073,-125.8978,-127.8039,-129.7133,-131.6257,-133.5408,-135.4584,-136.6773,-139.3,-140.5103,-143.1486,-145.0749,-147.7334,-148.93
156.1473,158.1878,156.6135,156.8171,155.2269,155.3988,154.6718,153.9331,154.053,153.2865,152.5084,152.5758,151.7699,151.8006,150.9671,150.122,150.0994,154.201,159.8805,164.6496,166.8937,165.0395,163.1829,160.5257,158.6707,156.0261,154.1738,151.5435,149.6952,147.8466,145.9979,144.1495,142.3016,141.9407,140.82,140.4199,139.9973,139.5519,139.7971,138.5929,138.78,138.237,137.6709,137.0817,135.7936
-74.47842,-77.15332,-78.08462,-79.90233,-80.80601,-82.627,-83.97994,-85.32649,-87.15897,-88.5,-89.83429,-91.67678,-93.00474,-94.85555,-96.17663,-97.49039,-99.34866,-104.0099,-109.8828,-115.2889,-119.0441,-119.9082,-120.749,-120.9648,-121.7523,-121.901,-122.6354,-122.7175,-123.3992,-124.058,-124.694,-125.3073,-125.8978,-127.8039,-129.0377,-130.9437,-132.8524,-134.7637,-137.3782,-138.5929,-141.2236,-143.1486,-145.0749,-147.0021,-148.1927
