155.8331,156.0548,155.2755,154.4818,154.6654,153.8447,153.0101,152.1618,152.2956,152.4178,151.5314,150.6322,150.7184,149.7944,149.8572,148.9092,148.9489,149.9772,150.9943,152,152.9942,153.9765,154.9469,156.9044,157.8496,159.7807,161.6978,162.6029,163.4944,165.3683,166.2312,168.0742,163.9394,159.7999,157.6397,153.4916,150.3304,146.1779,143.0114,141.8123,139.6222,139.3911,138.1694,138.897,138.634,138.3605,138.0765,137.782,137.477,137.1615,136.8355,136.4992,136.1524,136.7516,136.3815,136.0011,135.6103,135.2092,135.7404
26.07752,24.71665,23.20608,21.711,20.36209,18.88975,17.43329,15.99285,14.6644,13.33483,11.92578,10.53323,9.218329,7.850393,6.542908,5.200025,3.900365,2.617861,1.317707,0,-1.33516,-2.687671,-4.057427,-5.479221,-6.891863,-8.373753,-9.889863,-11.37031,-12.86729,-14.46785,-16.00624,-17.66531,-18.67853,-19.62096,-20.75366,-21.57183,-22.46703,-23.1523,-23.9319,-25.00534,-25.87744,-27.09488,-28.11088,-29.52346,-30.73443,-31.94305,-33.14924,-34.35291,-35.55396,-36.7523,-37.94785,-39.1405,-40.33018,-41.80915,-43.00093,-44.18943,-45.37457,-46.55625,-48.06819
155.8331,157.0424,155.2755,154.4818,153.674,153.8447,153.0101,152.1618,152.2956,152.4178,151.5314,151.6297,150.7184,150.7931,149.8572,148.9092,148.9489,149.9772,150.9943,152,152.9942,153.9765,154.9469,156.9044,158.8487,159.7807,161.6978,162.6029,163.4944,164.3721,166.2312,168.0742,163.9394,160.7925,157.6397,153.4916,149.3414,147.1656,143.0114,141.8123,139.6222,138.4094,139.1493,138.897,138.634,138.3605,138.0765,137.782,137.477,137.1615,136.8355,136.4992,137.1112,136.7516,136.3815,136.0011,135.6103,135.2092,135.7404
26.07752,24.87308,23.20608,21.711,20.23156,18.88975,17.43329,15.99285,14.6644,13.33483,11.92578,10.60298,9.218329,7.902729,6.542908,5.200025,3.900365,2.617861,1.317707,0,-1.33516,-2.687671,-4.057427,-5.479221,-6.935483,-8.373753,-9.889863,-11.37031,-12.86729,-14.3807,-16.00624,-17.66531,-18.67853,-19.74283,-20.75366,-21.57183,-22.31922,-23.30874,-23.9319,-25.00534,-25.87744,-26.90407,-28.31025,-29.52346,-30.73443,-31.94305,-33.14924,-34.35291,-35.55396,-36.7523,-37.94785,-39.1405,-40.61419,-41.80915,-43.00093,-44.18943,-45.37457,-46.55625,-48.06819
154.8468,156.0548,155.2755,154.4818,153.674,153.8447,153.0101,152.1618,152.2956,152.4178,151.5314,150.6322,150.7184,149.7944,149.8572,147.9098,148.9489,149.9772,150.9943,152,152.9942,153.9765,154.9469,156.9044,157.8496,159.7807,161.6978,162.6029,163.4944,165.3683,166.2312,168.0742,163.9394,160.7925,157.6397,153.4916,149.3414,147.1656,143.0114,141.8123,139.6222,139.3911,139.1493,138.897,137.6577,138.3605,138.0765,137.782,137.477,137.1615,136.8355,136.4992,137.1112,136.7516,136.3815,136.0011,135.6103,135.2092,135.7404
25.91247,24.71665,23.20608,21.711,20.23156,18.88975,17.43329,15.99285,14.6644,13.33483,11.92578,10.53323,9.218329,7.850393,6.542908,5.165126,3.900365,2.617861,1.317707,0,-1.33516,-2.687671,-4.057427,-5.479221,-6.891863,-8.373753,-9.889863,-11.37031,-12.86729,-14.46785,-16.00624,-17.66531,-18.67853,-19.74283,-20.75366,-21.57183,-22.31922,-23.30874,-23.9319,-25.00534,-25.87744,-27.09488,-28.31025,-29.52346,-30.51799,-31.94305,-33.14924,-34.35291,-35.55396,-36.7523,-37.94785,-39.1405,-40.61419,-41.80915,-43.00093,-44.18943,-45.37457,-46.55625,-48.06819
154.8468,157.0424,155.2755,154.4818,153.674,152.8521,153.0101,152.1618,152.2956,152.4178,151.5314,151.6297,150.7184,150.7931,149.8572,148.9092,148.9489,149.9772,150.9943,152,152.9942,153.9765,155.9465,156.9044,157.8496,159.7807,161.6978,162.6029,163.4944,165.3683,166.2312,168.0742,164.9329,159.7999,156.6483,153.4916,149.3414,147.1656,143.0114,141.8123,140.6055,139.3911,138.1694,138.897,138.634,138.3605,138.0765,137.782,137.477,137.1615,136.8355,136.4992,136.1524,136.7516,136.3815,136.0011,135.6103,135.2092,135.7404
25.91247,24.87308,23.20608,21.711,20.23156,18.76788,17.43329,15.99285,14.6644,13.33483,11.92578,10.60298,9.218329,7.902729,6.542908,5.200025,3.900365,2.617861,1.317707,0,-1.33516,-2.687671,-4.083604,-5.479221,-6.891863,-8.373753,-9.889863,-11.37031,-12.86729,-14.46785,-16.00624,-17.66531,-18.79173,-19.62096,-20.62314,-21.57183,-22.31922,-23.30874,-23.9319,-25.00534,-26.05968,-27.09488,-28.11088,-29.52346,-30.73443,-31.94305,-33.14924,-34.35291,-35.55396,-36.7523,-37.94785,-39.1405,-40.33018,-41.80915,-43.00093,-44.18943,-45.37457,-46.55625,-48.06819
155.8331,156.0548,155.2755,154.4818,154.6654,153.8447,153.0101,152.1618,152.2956,152.4178,151.5314,151.6297,150.7184,150.7931,149.8572,148.9092,148.9489,149.9772,150.9943,152,152.9942,153.9765,155.9465,156.9044,157.8496,159.7807,161.6978,162.6029,163.4944,165.3683,167.2266,168.0742,163.9394,159.7999,157.6397,153.4916,149.3414,147.1656,143.0114,141.8123,140.6055,139.3911,139.1493,138.897,138.634,137.3862,138.0765,137.782,137.477,137.1615,136.8355,136.4992,136.1524,136.7516,136.3815,136.0011,135.6103,135.2092,135.7404
26.07752,24.71665,23.20608,21.711,20.36209,18.88975,17.43329,15.99285,14.6644,13.33483,11.92578,10.60298,9.218329,7.902729,6.542908,5.200025,3.900365,2.617861,1.317707,0,-1.33516,-2.687671,-4.083604,-5.479221,-6.891863,-8.373753,-9.889863,-11.37031,-12.86729,-14.46785,-16.10209,-17.66531,-18.67853,-19.62096,-20.75366,-21.57183,-22.31922,-23.30874,-23.9319,-25.00534,-26.05968,-27.09488,-28.31025,-29.52346,-30.73443,-31.7181,-33.14924,-34.35291,-35.55396,-36.7523,-37.94785,-39.1405,-40.33018,-41.80915,-43.00093,-44.18943,-45.37457,-46.55625,-48.06819
156.8194,156.0548,155.2755,155.4721,153.674,153.8447,153.0101,152.1618,152.2956,152.4178,152.5284,150.6322,150.7184,150.7931,149.8572,149.9086,148.9489,149.9772,150.9943,152,152.9942,153.9765,154.9469,156.9044,157.8496,159.7807,161.6978,162.6029,163.4944,165.3683,166.2312,168.0742,163.9394,160.7925,157.6397,153.4916,149.3414,146.1779,143.0114,141.8123,139.6222,139.3911,139.1493,138.897,138.634,138.3605,138.0765,137.782,137.477,137.1615,136.8355,136.4992,137.1112,136.7516,136.3815,136.0011,135.6103,136.1547,135.7404
26.24257,24.71665,23.20608,21.85018,20.23156,18.88975,17.43329,15.99285,14.6644,13.33483,12.00424,10.53323,9.218329,7.902729,6.542908,5.234925,3.900365,2.617861,1.317707,0,-1.33516,-2.687671,-4.057427,-5.479221,-6.891863,-8.373753,-9.889863,-11.37031,-12.86729,-14.46785,-16.00624,-17.66531,-18.67853,-19.74283,-20.75366,-21.57183,-22.31922,-23.1523,-23.9319,-25.00534,-25.87744,-27.09488,-28.31025,-29.52346,-30.73443,-31.94305,-33.14924,-34.35291,-35.55396,-36.7523,-37.94785,-39.1405,-40.61419,-41.80915,-43.00093,-44.18943,-45.37457,-46.88181,-48.06819
155.8331,157.0424,155.2755,154.4818,154.6654,153.8447,153.0101,152.1618,152.2956,152.4178,151.5314,151.6297,150.7184,150.7931,149.8572,148.9092,148.9489,149.9772,150.9943,152,152.9942,153.9765,154.9469,156.9044,157.8496,159.7807,160.6997,162.6029,163.4944,165.3683,166.2312,168.0742,163.9394,159.7999,157.6397,153.4916,149.3414,146.1779,143.0114,141.8123,139.6222,139.3911,139.1493,138.897,138.634,138.3605,138.0765,137.782,137.477,137.1615,136.8355,137.4604,137.1112,136.7516,136.3815,136.0011,135.6103,136.1547,135.7404
26.07752,24.87308,23.20608,21.711,20.36209,18.88975,17.43329,15.99285,14.6644,13.33483,11.92578,10.60298,9.218329,7.902729,6.542908,5.200025,3.900365,2.617861,1.317707,0,-1.33516,-2.687671,-4.057427,-5.479221,-6.891863,-8.373753,-9.828815,-11.37031,-12.86729,-14.46785,-16.00624,-17.66531,-18.67853,-19.62096,-20.75366,-21.57183,-22.31922,-23.1523,-23.9319,-25.00534,-25.87744,-27.09488,-28.31025,-29.52346,-30.73443,-31.94305,-33.14924,-34.35291,-35.55396,-36.7523,-37.94785,-39.41614,-40.61419,-41.80915,-43.00093,-44.18943,-45.37457,-46.88181,-48.06819
155.8331,156.0548,155.2755,154.4818,154.6654,153.8447,153.0101,152.1618,152.2956,152.4178,151.5314,151.6297,150.7184,150.7931,149.8572,148.9092,148.9489,149.9772,150.9943,152,152.9942,153.9765,154.9469,156.9044,157.8496,159.7807,161.6978,162.6029,163.4944,165.3683,166.2312,168.0742,163.9394,159.7999,157.6397,153.4916,149.3414,147.1656,143.0114,141.8123,140.6055,139.3911,139.1493,138.897,138.634,138.3605,138.0765,137.782,137.477,137.1615,136.8355,136.4992,136.1524,135.7953,136.3815,136.0011,135.6103,135.2092,135.7404
26.07752,24.71665,23.20608,21.711,20.36209,18.88975,17.43329,15.99285,14.6644,13.33483,11.92578,10.60298,9.218329,7.902729,6.542908,5.200025,3.900365,2.617861,1.317707,0,-1.33516,-2.687671,-4.057427,-5.479221,-6.891863,-8.373753,-9.889863,-11.37031,-12.86729,-14.46785,-16.00624,-17.66531,-18.67853,-19.62096,-20.75366,-21.57183,-22.31922,-23.30874,-23.9319,-25.00534,-26.05968,-27.09488,-28.31025,-29.52346,-30.73443,-31.94305,-33.14924,-34.35291,-35.55396,-36.7523,-37.94785,-39.1405,-40.33018,-41.51678,-43.00093,-44.18943,-45.37457,-46.55625,-48.06819
155.8331,156.0548,155.2755,154.4818,153.674,153.8447,153.0101,152.1618,152.2956,152.4178,151.5314,151.6297,150.7184,149.7944,149.8572,148.9092,148.9489,148.9773,150.9943,153,152.9942,153.9765,154.9469,156.9044,157.8496,159.7807,160.6997,162.6029,163.4944,165.3683,167.2266,168.0742,163.9394,160.7925,156.6483,153.4916,149.3414,147.1656,143.0114,141.8123,139.6222,139.3911,139.1493,138.897,138.634,138.3605,138.0765,137.782,137.477,137.1615,136.8355,136.4992,136.1524,135.7953,136.3815,136.0011,135.6103,135.2092,135.7404
26.07752,24.71665,23.20608,21.711,20.23156,18.88975,17.43329,15.99285,14.6644,13.33483,11.92578,10.60298,9.218329,7.850393,6.542908,5.200025,3.900365,2.600409,1.317707,0,-1.33516,-2.687671,-4.057427,-5.479221,-6.891863,-8.373753,-9.828815,-11.37031,-12.86729,-14.46785,-16.10209,-17.66531,-18.67853,-19.74283,-20.62314,-21.57183,-22.31922,-23.30874,-23.9319,-25.00534,-25.87744,-27.09488,-28.31025,-29.52346,-30.73443,-31.94305,-33.14924,-34.35291,-35.55396,-36.7523,-37.94785,-39.1405,-40.33018,-41.51678,-43.00093,-44.18943,-45.37457,-46.55625,-48.06819
155.8331,156.0548,155.2755,154.4818,153.674,153.8447,153.0101,152.1618,152.2956,152.4178,151.5314,151.6297,150.7184,149.7944,149.8572,148.9092,148.9489,149.9772,150.9943,152,152.9942,153.9765,155.9465,156.9044,157.8496,159.7807,160.6997,162.6029,163.4944,165.3683,166.2312,168.0742,163.9394,159.7999,157.6397,153.4916,149.3414,147.1656,143.0114,141.8123,139.6222,139.3911,139.1493,138.897,137.6577,138.3605,138.0765,137.782,137.477,137.1615,136.8355,136.4992,137.1112,135.7953,136.3815,136.0011,135.6103,135.2092,135.7404
26.07752,24.71665,23.20608,21.711,20.23156,18.88975,17.43329,15.99285,14.6644,13.33483,11.92578,10.60298,9.218329,7.850393,6.542908,5.200025,3.900365,2.617861,1.317707,0,-1.33516,-2.687671,-4.083604,-5.479221,-6.891863,-8.373753,-9.828815,-11.37031,-12.86729,-14.46785,-16.00624,-17.66531,-18.67853,-19.62096,-20.75366,-21.57183,-22.31922,-23.30874,-23.9319,-25.00534,-25.87744,-27.09488,-28.31025,-29.52346,-30.51799,-31.94305,-33.14924,-34.35291,-35.55396,-36.7523,-37.94785,-39.1405,-40.61419,-41.51678,-43.00093,-44.18943,-45.37457,-46.55625,-48.06819
154.8468,157.0424,155.2755,154.4818,153.674,153.8447,153.0101,152.1618,152.2956,152.4178,151.5314,150.6322,150.7184,149.7944,149.8572,148.9092,148.9489,149.9772,150.9943,152,152.9942,153.9765,155.9465,156.9044,157.8496,159.7807,161.6978,162.6029,163.4944,165.3683,166.2312,168.0742,163.9394,159.7999,157.6397,152.5013,149.3414,147.1656,143.0114,142.7971,139.6222,139.3911,139.1493,138.897,138.634,138.3605,138.0765,137.782,137.477,137.1615,136.8355,136.4992,137.1112,136.7516,136.3815,136.0011,135.6103,135.2092,135.7404
25.91247,24.87308,23.20608,21.711,20.23156,18.88975,17.43329,15.99285,14.6644,13.33483,11.92578,10.53323,9.218329,7.850393,6.542908,5.200025,3.900365,2.617861,1.317707,0,-1.33516,-2.687671,-4.083604,-5.479221,-6.891863,-8.373753,-9.889863,-11.37031,-12.86729,-14.46785,-16.00624,-17.66531,-18.67853,-19.62096,-20.75366,-21.43266,-22.31922,-23.30874,-23.9319,-25.17899,-25.87744,-27.09488,-28.31025,-29.52346,-30.73443,-31.94305,-33.14924,-34.35291,-35.55396,-36.7523,-37.94785,-39.1405,-40.61419,-41.80915,-43.00093,-44.18943,-45.37457,-46.55625,-48.06819
155.8331,156.0548,155.2755,155.4721,153.674,153.8447,153.0101,152.1618,152.2956,152.4178,151.5314,150.6322,150.7184,149.7944,149.8572,149.9086,148.9489,149.9772,150.9943,152,152.9942,153.9765,154.9469,156.9044,157.8496,159.7807,161.6978,162.6029,163.4944,165.3683,166.2312,168.0742,163.9394,159.7999,157.6397,153.4916,149.3414,146.1779,143.0114,141.8123,140.6055,139.3911,139.1493,138.897,138.634,138.3605,138.0765,137.782,137.477,137.1615,136.8355,136.4992,136.1524,136.7516,136.3815,136.0011,135.6103,135.2092,135.7404
26.07752,24.71665,23.20608,21.85018,20.23156,18.88975,17.43329,15.99285,14.6644,13.33483,11.92578,10.53323,9.218329,7.850393,6.542908,5.234925,3.900365,2.617861,1.317707,0,-1.33516,-2.687671,-4.057427,-5.479221,-6.891863,-8.373753,-9.889863,-11.37031,-12.86729,-14.46785,-16.00624,-17.66531,-18.67853,-19.62096,-20.75366,-21.57183,-22.31922,-23.1523,-23.9319,-25.00534,-26.05968,-27.09488,-28.31025,-29.52346,-30.73443,-31.94305,-33.14924,-34.35291,-35.55396,-36.7523,-37.94785,-39.1405,-40.33018,-41.80915,-43.00093,-44.18943,-45.37457,-46.55625,-48.06819
155.8331,156.0548,155.2755,155.4721,154.6654,153.8447,153.0101,153.1564,152.2956,152.4178,151.5314,151.6297,150.7184,149.7944,149.8572,148.9092,148.9489,149.9772,150.9943,152,152.9942,153.9765,154.9469,156.9044,157.8496,159.7807,161.6978,162.6029,163.4944,165.3683,166.2312,168.0742,163.9394,159.7999,157.6397,153.4916,149.3414,146.1779,143.0114,141.8123,139.6222,139.3911,138.1694,138.897,137.6577,138.3605,138.0765,137.782,137.477,137.1615,137.7992,137.4604,137.1112,135.7953,136.3815,136.0011,135.6103,135.2092,135.7404
26.07752,24.71665,23.20608,21.85018,20.36209,18.88975,17.43329,16.09738,14.6644,13.33483,11.92578,10.60298,9.218329,7.850393,6.542908,5.200025,3.900365,2.617861,1.317707,0,-1.33516,-2.687671,-4.057427,-5.479221,-6.891863,-8.373753,-9.889863,-11.37031,-12.86729,-14.46785,-16.00624,-17.66531,-18.67853,-19.62096,-20.75366,-21.57183,-22.31922,-23.1523,-23.9319,-25.00534,-25.87744,-27.09488,-28.11088,-29.52346,-30.51799,-31.94305,-33.14924,-34.35291,-35.55396,-36.7523,-38.21509,-39.41614,-40.61419,-41.51678,-43.00093,-44.18943,-45.37457,-46.55625,-48.06819
155.8331,156.0548,156.2645,154.4818,154.6654,153.8447,153.0101,152.1618,152.2956,152.4178,151.5314,151.6297,150.7184,150.7931,149.8572,148.9092,148.9489,149.9772,150.9943,152,152.9942,153.9765,155.9465,156.9044,157.8496,159.7807,161.6978,162.6029,163.4944,165.3683,166.2312,168.0742,163.9394,160.7925,157.6397,152.5013,149.3414,146.1779,143.0114,141.8123,140.6055,139.3911,139.1493,138.897,138.634,137.3862,138.0765,137.782,137.477,137.1615,136.8355,136.4992,137.1112,136.7516,136.3815,136.0011,135.6103,135.2092,135.7404
26.07752,24.71665,23.35389,21.711,20.36209,18.88975,17.43329,15.99285,14.6644,13.33483,11.92578,10.60298,9.218329,7.902729,6.542908,5.200025,3.900365,2.617861,1.317707,0,-1.33516,-2.687671,-4.083604,-5.479221,-6.891863,-8.373753,-9.889863,-11.37031,-12.86729,-14.46785,-16.00624,-17.66531,-18.67853,-19.74283,-20.75366,-21.43266,-22.31922,-23.1523,-23.9319,-25.00534,-26.05968,-27.09488,-28.31025,-29.52346,-30.73443,-31.7181,-33.14924,-34.35291,-35.55396,-36.7523,-37.94785,-39.1405,-40.61419,-41.80915,-43.00093,-44.18943,-45.37457,-46.55625,-48.06819
155.8331,156.0548,155.2755,154.4818,153.674,153.8447,154.0036,152.1618,152.2956,152.4178,151.5314,151.6297,150.7184,150.7931,149.8572,148.9092,148.9489,148.9773,150.9943,152,152.9942,153.9765,154.9469,156.9044,157.8496,159.7807,161.6978,162.6029,163.4944,165.3683,166.2312,168.0742,163.9394,159.7999,157.6397,153.4916,150.3304,147.1656,143.0114,141.8123,139.6222,139.3911,139.1493,138.897,138.634,138.3605,138.0765,137.782,137.477,137.1615,136.8355,136.4992,137.1112,135.7953,136.3815,136.0011,135.6103,135.2092,135.7404
26.07752,24.71665,23.20608,21.711,20.23156,18.88975,17.5465,15.99285,14.6644,13.33483,11.92578,10.60298,9.218329,7.902729,6.542908,5.200025,3.900365,2.600409,1.317707,0,-1.33516,-2.687671,-4.057427,-5.479221,-6.891863,-8.373753,-9.889863,-11.37031,-12.86729,-14.46785,-16.00624,-17.66531,-18.67853,-19.62096,-20.75366,-21.57183,-22.46703,-23.30874,-23.9319,-25.00534,-25.87744,-27.09488,-28.31025,-29.52346,-30.73443,-31.94305,-33.14924,-34.35291,-35.55396,-36.7523,-37.94785,-39.1405,-40.61419,-41.51678,-43.00093,-44.18943,-45.37457,-46.55625,-48.06819
155.8331,156.0548,155.2755,154.4818,154.6654,153.8447,153.0101,152.1618,152.2956,152.4178,151.5314,151.6297,150.7184,150.7931,149.8572,148.9092,148.9489,149.9772,150.9943,152,152.9942,153.9765,154.9469,156.9044,157.8496,159.7807,161.6978,162.6029,163.4944,165.3683,166.2312,168.0742,163.9394,159.7999,157.6397,153.4916,150.3304,146.1779,143.0114,141.8123,139.6222,138.4094,138.1694,138.897,138.634,137.3862,138.0765,137.782,137.477,137.1615,136.8355,136.4992,136.1524,135.7953,136.3815,136.0011,135.6103,135.2092,135.7404
26.07752,24.71665,23.20608,21.711,20.36209,18.88975,17.43329,15.99285,14.6644,13.33483,11.92578,10.60298,9.218329,7.902729,6.542908,5.200025,3.900365,2.617861,1.317707,0,-1.33516,-2.687671,-4.057427,-5.479221,-6.891863,-8.373753,-9.889863,-11.37031,-12.86729,-14.46785,-16.00624,-17.66531,-18.67853,-19.62096,-20.75366,-21.57183,-22.46703,-23.1523,-23.9319,-25.00534,-25.87744,-26.90407,-28.11088,-29.52346,-30.73443,-31.7181,-33.14924,-34.35291,-35.55396,-36.7523,-37.94785,-39.1405,-40.33018,-41.51678,-43.00093,-44.18943,-45.37457,-46.55625,-48.06819
155.8331,156.0548,155.2755,154.4818,154.6654,152.8521,153.0101,152.1618,152.2956,152.4178,151.5314,150.6322,150.7184,149.7944,149.8572,148.9092,148.9489,149.9772,150.9943,152,152.9942,153.9765,154.9469,156.9044,157.8496,159.7807,160.6997,162.6029,163.4944,165.3683,166.2312,168.0742,164.9329,159.7999,156.6483,153.4916,149.3414,147.1656,143.0114,141.8123,140.6055,139.3911,139.1493,138.897,138.634,138.3605,138.0765,137.782,137.477,137.1615,136.8355,137.4604,136.1524,136.7516,136.3815,136.0011,135.6103,135.2092,135.7404
26.07752,24.71665,23.20608,21.711,20.36209,18.76788,17.43329,15.99285,14.6644,13.33483,11.92578,10.53323,9.218329,7.850393,6.542908,5.200025,3.900365,2.617861,1.317707,0,-1.33516,-2.687671,-4.057427,-5.479221,-6.891863,-8.373753,-9.828815,-11.37031,-12.86729,-14.46785,-16.00624,-17.66531,-18.79173,-19.62096,-20.62314,-21.57183,-22.31922,-23.30874,-23.9319,-25.00534,-26.05968,-27.09488,-28.31025,-29.52346,-30.73443,-31.94305,-33.14924,-34.35291,-35.55396,-36.7523,-37.94785,-39.41614,-40.33018,-41.80915,-43.00093,-44.18943,-45.37457,-46.55625,-48.06819
155.8331,156.0548,155.2755,154.4818,153.674,153.8447,153.0101,152.1618,152.2956,152.4178,151.5314,151.6297,151.7165,150.7931,149.8572,148.9092,149.9486,149.9772,149.9943,152,152.9942,153.9765,154.9469,156.9044,157.8496,159.7807,161.6978,162.6029,163.4944,165.3683,166.2312,168.0742,163.9394,160.7925,157.6397,153.4916,149.3414,147.1656,143.0114,141.8123,139.6222,139.3911,138.1694,138.897,138.634,138.3605,138.0765,137.782,137.477,137.1615,136.8355,137.4604,137.1112,135.7953,136.3815,136.0011,135.6103,135.2092,135.7404
26.07752,24.71665,23.20608,21.711,20.23156,18.88975,17.43329,15.99285,14.6644,13.33483,11.92578,10.60298,9.279378,7.902729,6.542908,5.200025,3.926542,2.617861,1.30898,0,-1.33516,-2.687671,-4.057427,-5.479221,-6.891863,-8.373753,-9.889863,-11.37031,-12.86729,-14.46785,-16.00624,-17.66531,-18.67853,-19.74283,-20.75366,-21.57183,-22.31922,-23.30874,-23.9319,-25.00534,-25.87744,-27.09488,-28.11088,-29.52346,-30.73443,-31.94305,-33.14924,-34.35291,-35.55396,-36.7523,-37.94785,-39.41614,-40.61419,-41.51678,-43.00093,-44.18943,-45.37457,-46.55625,-48.06819
155.8331,156.0548,155.2755,154.4818,153.674,153.8447,153.0101,152.1618,152.2956,152.4178,151.5314,151.6297,150.7184,150.7931,149.8572,148.9092,148.9489,148.9773,150.9943,152,152.9942,153.9765,155.9465,156.9044,157.8496,159.7807,161.6978,162.6029,163.4944,165.3683,166.2312,168.0742,163.9394,160.7925,157.6397,153.4916,149.3414,146.1779,143.0114,141.8123,139.6222,139.3911,139.1493,137.9188,138.634,138.3605,138.0765,137.782,137.477,137.1615,136.8355,136.4992,136.1524,136.7516,136.3815,136.0011,135.6103,135.2092,135.7404
26.07752,24.71665,23.20608,21.711,20.23156,18.88975,17.43329,15.99285,14.6644,13.33483,11.92578,10.60298,9.218329,7.902729,6.542908,5.200025,3.900365,2.600409,1.317707,0,-1.33516,-2.687671,-4.083604,-5.479221,-6.891863,-8.373753,-9.889863,-11.37031,-12.86729,-14.46785,-16.00624,-17.66531,-18.67853,-19.74283,-20.75366,-21.57183,-22.31922,-23.1523,-23.9319,-25.00534,-25.87744,-27.09488,-28.31025,-29.31555,-30.73443,-31.94305,-33.14924,-34.35291,-35.55396,-36.7523,-37.94785,-39.1405,-40.33018,-41.80915,-43.00093,-44.18943,-45.37457,-46.55625,-48.06819
155.8331,156.0548,155.2755,155.4721,154.6654,153.8447,153.0101,152.1618,152.2956,152.4178,151.5314,151.6297,150.7184,150.7931,149.8572,148.9092,148.9489,149.9772,150.9943,152,152.9942,153.9765,154.9469,156.9044,157.8496,159.7807,161.6978,162.6029,163.4944,165.3683,166.2312,168.0742,163.9394,159.7999,157.6397,153.4916,149.3414,147.1656,143.0114,142.7971,139.6222,139.3911,138.1694,138.897,137.6577,138.3605,138.0765,137.782,137.477,137.1615,136.8355,136.4992,137.1112,136.7516,136.3815,136.0011,135.6103,135.2092,135.7404
26.07752,24.71665,23.20608,21.85018,20.36209,18.88975,17.43329,15.99285,14.6644,13.33483,11.92578,10.60298,9.218329,7.902729,6.542908,5.200025,3.900365,2.617861,1.317707,0,-1.33516,-2.687671,-4.057427,-5.479221,-6.891863,-8.373753,-9.889863,-11.37031,-12.86729,-14.46785,-16.00624,-17.66531,-18.67853,-19.62096,-20.75366,-21.57183,-22.31922,-23.30874,-23.9319,-25.17899,-25.87744,-27.09488,-28.11088,-29.52346,-30.51799,-31.94305,-33.14924,-34.35291,-35.55396,-36.7523,-37.94785,-39.1405,-40.61419,-41.80915,-43.00093,-44.18943,-45.37457,-46.55625,-48.06819
155.8331,156.0548,155.2755,155.4721,154.6654,153.8447,153.0101,152.1618,152.2956,152.4178,151.5314,150.6322,150.7184,150.7931,149.8572,148.9092,149.9486,148.9773,150.9943,152,152.9942,153.9765,154.9469,156.9044,157.8496,159.7807,160.6997,162.6029,163.4944,165.3683,166.2312,168.0742,163.9394,159.7999,157.6397,153.4916,149.3414,147.1656,143.0114,141.8123,140.6055,139.3911,139.1493,138.897,138.634,138.3605,137.1042,137.782,137.477,137.1615,136.8355,136.4992,137.1112,136.7516,136.3815,135.05,135.6103,135.2092,135.7404
26.07752,24.71665,23.20608,21.85018,20.36209,18.88975,17.43329,15.99285,14.6644,13.33483,11.92578,10.53323,9.218329,7.902729,6.542908,5.200025,3.926542,2.600409,1.317707,0,-1.33516,-2.687671,-4.057427,-5.479221,-6.891863,-8.373753,-9.828815,-11.37031,-12.86729,-14.46785,-16.00624,-17.66531,-18.67853,-19.62096,-20.75366,-21.57183,-22.31922,-23.30874,-23.9319,-25.00534,-26.05968,-27.09488,-28.31025,-29.52346,-30.73443,-31.94305,-32.9158,-34.35291,-35.55396,-36.7523,-37.94785,-39.1405,-40.61419,-41.80915,-43.00093,-43.88041,-45.37457,-46.55625,-48.06819
155.8331,156.0548,155.2755,154.4818,153.674,153.8447,153.0101,152.1618,152.2956,152.4178,151.5314,151.6297,150.7184,149.7944,149.8572,148.9092,148.9489,149.9772,150.9943,152,152.9942,153.9765,154.9469,156.9044,157.8496,159.7807,161.6978,162.6029,163.4944,165.3683,166.2312,168.0742,163.9394,159.7999,157.6397,153.4916,149.3414,147.1656,143.0114,141.8123,139.6222,139.3911,139.1493,138.897,138.634,138.3605,137.1042,137.782,137.477,137.1615,136.8355,136.4992,137.1112,136.7516,136.3815,136.0011,135.6103,135.2092,135.7404
26.07752,24.71665,23.20608,21.711,20.23156,18.88975,17.43329,15.99285,14.6644,13.33483,11.92578,10.60298,9.218329,7.850393,6.542908,5.200025,3.900365,2.617861,1.317707,0,-1.33516,-2.687671,-4.057427,-5.479221,-6.891863,-8.373753,-9.889863,-11.37031,-12.86729,-14.46785,-16.00624,-17.66531,-18.67853,-19.62096,-20.75366,-21.57183,-22.31922,-23.30874,-23.9319,-25.00534,-25.87744,-27.09488,-28.31025,-29.52346,-30.73443,-31.94305,-32.9158,-34.35291,-35.55396,-36.7523,-37.94785,-39.1405,-40.61419,-41.80915,-43.00093,-44.18943,-45.37457,-46.55625,-48.06819
155.8331,156.0548,155.2755,154.4818,154.6654,153.8447,153.0101,152.1618,152.2956,152.4178,151.5314,151.6297,150.7184,149.7944,149.8572,148.9092,148.9489,149.9772,150.9943,152,152.9942,153.9765,154.9469,156.9044,157.8496,159.7807,160.6997,162.6029,163.4944,165.3683,166.2312,168.0742,163.9394,159.7999,157.6397,153.4916,149.3414,146.1779,143.0114,142.7971,139.6222,139.3911,139.1493,138.897,138.634,138.3605,138.0765,137.782,137.477,137.1615,136.8355,136.4992,137.1112,136.7516,136.3815,136.0011,135.6103,135.2092,135.7404
26.07752,24.71665,23.20608,21.711,20.36209,18.88975,17.43329,15.99285,14.6644,13.33483,11.92578,10.60298,9.218329,7.850393,6.542908,5.200025,3.900365,2.617861,1.317707,0,-1.33516,-2.687671,-4.057427,-5.479221,-6.891863,-8.373753,-9.828815,-11.37031,-12.86729,-14.46785,-16.00624,-17.66531,-18.67853,-19.62096,-20.75366,-21.57183,-22.31922,-23.1523,-23.9319,-25.17899,-25.87744,-27.09488,-28.31025,-29.52346,-30.73443,-31.94305,-33.14924,-34.35291,-35.55396,-36.7523,-37.94785,-39.1405,-40.61419,-41.80915,-43.00093,-44.18943,-45.37457,-46.55625,-48.06819
155.8331,157.0424,155.2755,155.4721,154.6654,153.8447,153.0101,152.1618,152.2956,152.4178,151.5314,151.6297,150.7184,149.7944,149.8572,148.9092,148.9489,149.9772,150.9943,152,152.9942,153.9765,154.9469,156.9044,157.8496,159.7807,161.6978,162.6029,163.4944,165.3683,166.2312,168.0742,163.9394,159.7999,157.6397,153.4916,149.3414,146.1779,143.0114,141.8123,139.6222,139.3911,139.1493,138.897,138.634,138.3605,138.0765,137.782,137.477,137.1615,136.8355,136.4992,137.1112,136.7516,136.3815,136.0011,135.6103,135.2092,135.7404
26.07752,24.87308,23.20608,21.85018,20.36209,18.88975,17.43329,15.99285,14.6644,13.33483,11.92578,10.60298,9.218329,7.850393,6.542908,5.200025,3.900365,2.617861,1.317707,0,-1.33516,-2.687671,-4.057427,-5.479221,-6.891863,-8.373753,-9.889863,-11.37031,-12.86729,-14.46785,-16.00624,-17.66531,-18.67853,-19.62096,-20.75366,-21.57183,-22.31922,-23.1523,-23.9319,-25.00534,-25.87744,-27.09488,-28.31025,-29.52346,-30.73443,-31.94305,-33.14924,-34.35291,-35.55396,-36.7523,-37.94785,-39.1405,-40.61419,-41.80915,-43.00093,-44.18943,-45.37457,-46.55625,-48.06819
154.8468,156.0548,155.2755,154.4818,154.6654,153.8447,153.0101,152.1618,152.2956,152.4178,151.5314,151.6297,150.7184,150.7931,149.8572,148.9092,148.9489,149.9772,150.9943,152,152.9942,153.9765,155.9465,156.9044,157.8496,159.7807,161.6978,162.6029,163.4944,165.3683,166.2312,168.0742,163.9394,159.7999,157.6397,153.4916,149.3414,147.1656,143.0114,141.8123,139.6222,139.3911,139.1493,138.897,138.634,138.3605,138.0765,137.782,137.477,137.1615,136.8355,136.4992,137.1112,136.7516,136.3815,136.0011,135.6103,135.2092,135.7404
25.91247,24.71665,23.20608,21.711,20.36209,18.88975,17.43329,15.99285,14.6644,13.33483,11.92578,10.60298,9.218329,7.902729,6.542908,5.200025,3.900365,2.617861,1.317707,0,-1.33516,-2.687671,-4.083604,-5.479221,-6.891863,-8.373753,-9.889863,-11.37031,-12.86729,-14.46785,-16.00624,-17.66531,-18.67853,-19.62096,-20.75366,-21.57183,-22.31922,-23.30874,-23.9319,-25.00534,-25.87744,-27.09488,-28.31025,-29.52346,-30.73443,-31.94305,-33.14924,-34.35291,-35.55396,-36.7523,-37.94785,-39.1405,-40.61419,-41.80915,-43.00093,-44.18943,-45.37457,-46.55625,-48.06819
155.8331,156.0548,155.2755,155.4721,154.6654,153.8447,153.0101,152.1618,152.2956,152.4178,151.5314,151.6297,150.7184,150.7931,149.8572,148.9092,148.9489,149.9772,150.9943,152,152.9942,153.9765,155.9465,156.9044,157.8496,159.7807,160.6997,162.6029,163.4944,165.3683,166.2312,168.0742,163.9394,159.7999,157.6397,153.4916,149.3414,147.1656,143.0114,141.8123,139.6222,139.3911,139.1493,138.897,138.634,138.3605,138.0765,137.782,137.477,137.1615,136.8355,136.4992,137.1112,136.7516,136.3815,136.0011,135.6103,135.2092,135.7404
26.07752,24.71665,23.20608,21.85018,20.36209,18.88975,17.43329,15.99285,14.6644,13.33483,11.92578,10.60298,9.218329,7.902729,6.542908,5.200025,3.900365,2.617861,1.317707,0,-1.33516,-2.687671,-4.083604,-5.479221,-6.891863,-8.373753,-9.828815,-11.37031,-12.86729,-14.46785,-16.00624,-17.66531,-18.67853,-19.62096,-20.75366,-21.57183,-22.31922,-23.30874,-23.9319,-25.00534,-25.87744,-27.09488,-28.31025,-29.52346,-30.73443,-31.94305,-33.14924,-34.35291,-35.55396,-36.7523,-37.94785,-39.1405,-40.61419,-41.80915,-43.00093,-44.18943,-45.37457,-46.55625,-48.06819
154.8468,156.0548,155.2755,154.4818,154.6654,153.8447,153.0101,152.1618,152.2956,152.4178,151.5314,151.6297,150.7184,150.7931,149.8572,148.9092,148.9489,149.9772,149.9943,152,152.9942,152.9767,154.9469,156.9044,157.8496,159.7807,161.6978,162.6029,163.4944,165.3683,166.2312,168.0742,163.9394,159.7999,157.6397,153.4916,149.3414,147.1656,143.0114,141.8123,140.6055,139.3911,139.1493,138.897,138.634,138.3605,138.0765,137.782,137.477,137.1615,136.8355,136.4992,137.1112,136.7516,136.3815,136.0011,135.6103,135.2092,135.7404
25.91247,24.71665,23.20608,21.711,20.36209,18.88975,17.43329,15.99285,14.6644,13.33483,11.92578,10.60298,9.218329,7.902729,6.542908,5.200025,3.900365,2.617861,1.30898,0,-1.33516,-2.670218,-4.057427,-5.479221,-6.891863,-8.373753,-9.889863,-11.37031,-12.86729,-14.46785,-16.00624,-17.66531,-18.67853,-19.62096,-20.75366,-21.57183,-22.31922,-23.30874,-23.9319,-25.00534,-26.05968,-27.09488,-28.31025,-29.52346,-30.73443,-31.94305,-33.14924,-34.35291,-35.55396,-36.7523,-37.94785,-39.1405,-40.61419,-41.80915,-43.00093,-44.18943,-45.37457,-46.55625,-48.06819
155.8331,156.0548,155.2755,155.4721,153.674,153.8447,153.0101,153.1564,152.2956,152.4178,151.5314,151.6297,150.7184,150.7931,149.8572,148.9092,148.9489,149.9772,150.9943,152,152.9942,153.9765,154.9469,156.9044,157.8496,159.7807,161.6978,162.6029,163.4944,165.3683,166.2312,168.0742,163.9394,160.7925,156.6483,153.4916,149.3414,146.1779,143.0114,141.8123,140.6055,139.3911,139.1493,137.9188,138.634,137.3862,137.1042,137.782,137.477,137.1615,136.8355,136.4992,137.1112,135.7953,136.3815,136.0011,135.6103,135.2092,135.7404
26.07752,24.71665,23.20608,21.85018,20.23156,18.88975,17.43329,16.09738,14.6644,13.33483,11.92578,10.60298,9.218329,7.902729,6.542908,5.200025,3.900365,2.617861,1.317707,0,-1.33516,-2.687671,-4.057427,-5.479221,-6.891863,-8.373753,-9.889863,-11.37031,-12.86729,-14.46785,-16.00624,-17.66531,-18.67853,-19.74283,-20.62314,-21.57183,-22.31922,-23.1523,-23.9319,-25.00534,-26.05968,-27.09488,-28.31025,-29.31555,-30.73443,-31.7181,-32.9158,-34.35291,-35.55396,-36.7523,-37.94785,-39.1405,-40.61419,-41.51678,-43.00093,-44.18943,-45.37457,-46.55625,-48.06819
154.8468,157.0424,155.2755,154.4818,154.6654,153.8447,153.0101,152.1618,152.2956,152.4178,151.5314,151.6297,150.7184,149.7944,149.8572,148.9092,148.9489,149.9772,150.9943,152,152.9942,153.9765,154.9469,156.9044,157.8496,159.7807,161.6978,162.6029,163.4944,165.3683,166.2312,168.0742,163.9394,159.7999,157.6397,153.4916,149.3414,147.1656,143.0114,142.7971,139.6222,138.4094,139.1493,138.897,138.634,138.3605,138.0765,137.782,137.477,137.1615,136.8355,136.4992,137.1112,136.7516,136.3815,136.0011,135.6103,135.2092,135.7404
25.91247,24.87308,23.20608,21.711,20.36209,18.88975,17.43329,15.99285,14.6644,13.33483,11.92578,10.60298,9.218329,7.850393,6.542908,5.200025,3.900365,2.617861,1.317707,0,-1.33516,-2.687671,-4.057427,-5.479221,-6.891863,-8.373753,-9.889863,-11.37031,-12.86729,-14.46785,-16.00624,-17.66531,-18.67853,-19.62096,-20.75366,-21.57183,-22.31922,-23.30874,-23.9319,-25.17899,-25.87744,-26.90407,-28.31025,-29.52346,-30.73443,-31.94305,-33.14924,-34.35291,-35.55396,-36.7523,-37.94785,-39.1405,-40.61419,-41.80915,-43.00093,-44.18943,-45.37457,-46.55625,-48.06819
155.8331,157.0424,155.2755,154.4818,154.6654,153.8447,153.0101,152.1618,152.2956,152.4178,151.5314,151.6297,149.7202,149.7944,149.8572,148.9092,148.9489,149.9772,150.9943,152,152.9942,153.9765,155.9465,156.9044,157.8496,159.7807,161.6978,162.6029,163.4944,165.3683,166.2312,168.0742,163.9394,159.7999,157.6397,153.4916,149.3414,147.1656,143.0114,141.8123,140.6055,139.3911,139.1493,138.897,138.634,138.3605,138.0765,137.782,137.477,137.1615,136.8355,136.4992,137.1112,136.7516,136.3815,136.0011,135.6103,135.2092,135.7404
26.07752,24.87308,23.20608,21.711,20.36209,18.88975,17.43329,15.99285,14.6644,13.33483,11.92578,10.60298,9.157281,7.850393,6.542908,5.200025,3.900365,2.617861,1.317707,0,-1.33516,-2.687671,-4.083604,-5.479221,-6.891863,-8.373753,-9.889863,-11.37031,-12.86729,-14.46785,-16.00624,-17.66531,-18.67853,-19.62096,-20.75366,-21.57183,-22.31922,-23.30874,-23.9319,-25.00534,-26.05968,-27.09488,-28.31025,-29.52346,-30.73443,-31.94305,-33.14924,-34.35291,-35.55396,-36.7523,-37.94785,-39.1405,-40.61419,-41.80915,-43.00093,-44.18943,-45.37457,-46.55625,-48.06819
