189.4143,191.5323,189.6456,189.7396,188.8201,187.8855,186.9359,186.9715,186.9929,186,183.993,184.9718,183.9369,183.8879,182.8258,183.7478,184.6549,186.5445,188.4174,189.277,191.1161,192.9372,193.7465,195.5316,198.289,200.0341,201.7592,197.5377,191.3394,188.0983,182.8854,179.6378,174.4266,173.1321,170.8518,170.5148,170.1647,169.8018,169.4258,169.037,168.6353,168.2208,167.7935,168.3096,167.8542,167.3859,166.905,166.4113,167.7902
14.90723,13.39324,11.59922,9.943832,8.244064,6.561105,4.895089,3.2636,1.631862,0,-1.605683,-3.228695,-4.816558,-6.421507,-7.982348,-9.629816,-11.29398,-13.04446,-14.82877,-16.55959,-18.40238,-20.27852,-22.07463,-24.00826,-26.10524,-28.11297,-30.15312,-31.28689,-32.01924,-33.1668,-33.89581,-34.91805,-35.48749,-36.80037,-37.87693,-39.36643,-40.85294,-42.33633,-43.8165,-45.29333,-46.76672,-48.23654,-49.70269,-51.45742,-52.92422,-54.38699,-55.84562,-57.3,-59.41762
189.4143,191.5323,189.6456,188.741,188.8201,187.8855,186.9359,185.9717,186.9929,185,183.993,183.972,183.9369,183.8879,182.8258,183.7478,184.6549,186.5445,188.4174,189.277,191.1161,192.9372,193.7465,196.5241,198.289,200.0341,201.7592,197.5377,191.3394,188.0983,183.8687,179.6378,174.4266,173.1321,170.8518,171.4891,171.1371,169.8018,169.4258,169.037,168.6353,168.2208,167.7935,168.3096,167.8542,167.3859,166.905,167.3568,167.7902
14.90723,13.39324,11.59922,9.891496,8.244064,6.561105,4.895089,3.246148,1.631862,0,-1.605683,-3.211243,-4.816558,-6.421507,-7.982348,-9.629816,-11.29398,-13.04446,-14.82877,-16.55959,-18.40238,-20.27852,-22.07463,-24.13013,-26.10524,-28.11297,-30.15312,-31.28689,-32.01924,-33.1668,-34.07804,-34.91805,-35.48749,-36.80037,-37.87693,-39.59139,-41.08638,-42.33633,-43.8165,-45.29333,-46.76672,-48.23654,-49.70269,-51.45742,-52.92422,-54.38699,-55.84562,-57.62556,-59.41762
190.4112,191.5323,189.6456,188.741,189.8192,187.8855,186.9359,186.9715,184.993,185,184.993,184.9718,183.9369,183.8879,182.8258,183.7478,184.6549,186.5445,188.4174,189.277,191.1161,192.9372,193.7465,195.5316,198.289,200.0341,201.7592,197.5377,191.3394,187.1135,183.8687,178.6561,175.4065,173.1321,170.8518,170.5148,170.1647,169.8018,169.4258,169.037,168.6353,168.2208,167.7935,168.3096,167.8542,167.3859,166.905,166.4113,167.7902
14.98569,13.39324,11.59922,9.891496,8.287684,6.561105,4.895089,3.2636,1.614409,0,-1.614409,-3.228695,-4.816558,-6.421507,-7.982348,-9.629816,-11.29398,-13.04446,-14.82877,-16.55959,-18.40238,-20.27852,-22.07463,-24.00826,-26.10524,-28.11297,-30.15312,-31.28689,-32.01924,-32.99315,-34.07804,-34.72724,-35.68686,-36.80037,-37.87693,-39.36643,-40.85294,-42.33633,-43.8165,-45.29333,-46.76672,-48.23654,-49.70269,-51.45742,-52.92422,-54.38699,-55.84562,-57.3,-59.41762
190.4112,191.5323,189.6456,189.7396,188.8201,187.8855,186.9359,187.9714,186.9929,186,184.993,184.9718,183.9369,183.8879,182.8258,183.7478,184.6549,186.5445,188.4174,189.277,191.1161,192.9372,193.7465,195.5316,198.289,199.0439,201.7592,197.5377,191.3394,188.0983,183.8687,178.6561,175.4065,173.1321,171.8281,170.5148,170.1647,170.772,169.4258,169.037,168.6353,169.1821,168.7523,168.3096,167.8542,167.3859,166.905,166.4113,167.7902
14.98569,13.39324,11.59922,9.943832,8.244064,6.561105,4.895089,3.281052,1.631862,0,-1.614409,-3.228695,-4.816558,-6.421507,-7.982348,-9.629816,-11.29398,-13.04446,-14.82877,-16.55959,-18.40238,-20.27852,-22.07463,-24.00826,-26.10524,-27.97379,-30.15312,-31.28689,-32.01924,-33.1668,-34.07804,-34.72724,-35.68686,-36.80037,-38.09337,-39.36643,-40.85294,-42.57825,-43.8165,-45.29333,-46.76672,-48.51217,-49.9867,-51.45742,-52.92422,-54.38699,-55.84562,-57.3,-59.41762
188.4174,191.5323,189.6456,188.741,188.8201,187.8855,186.9359,185.9717,185.9929,186,184.993,182.9721,183.9369,183.8879,182.8258,183.7478,184.6549,186.5445,188.4174,189.277,191.1161,192.9372,193.7465,195.5316,198.289,200.0341,201.7592,197.5377,191.3394,188.0983,183.8687,178.6561,175.4065,173.1321,170.8518,171.4891,170.1647,169.8018,169.4258,169.037,168.6353,168.2208,168.7523,168.3096,167.8542,167.3859,166.905,166.4113,167.7902
14.82877,13.39324,11.59922,9.891496,8.244064,6.561105,4.895089,3.246148,1.623136,0,-1.614409,-3.19379,-4.816558,-6.421507,-7.982348,-9.629816,-11.29398,-13.04446,-14.82877,-16.55959,-18.40238,-20.27852,-22.07463,-24.00826,-26.10524,-28.11297,-30.15312,-31.28689,-32.01924,-33.1668,-34.07804,-34.72724,-35.68686,-36.80037,-37.87693,-39.59139,-40.85294,-42.33633,-43.8165,-45.29333,-46.76672,-48.23654,-49.9867,-51.45742,-52.92422,-54.38699,-55.84562,-57.3,-59.41762
189.4143,191.5323,189.6456,189.7396,188.8201,186.8861,186.9359,185.9717,186.9929,186,183.993,183.972,182.9373,183.8879,182.8258,183.7478,184.6549,186.5445,188.4174,190.2732,192.1115,192.9372,193.7465,195.5316,198.289,199.0439,201.7592,197.5377,192.3257,188.0983,183.8687,179.6378,174.4266,173.1321,171.8281,170.5148,170.1647,170.772,169.4258,169.037,168.6353,168.2208,167.7935,168.3096,167.8542,167.3859,166.905,166.4113,167.7902
14.90723,13.39324,11.59922,9.943832,8.244064,6.526206,4.895089,3.246148,1.631862,0,-1.605683,-3.211243,-4.790382,-6.421507,-7.982348,-9.629816,-11.29398,-13.04446,-14.82877,-16.64675,-18.49823,-20.27852,-22.07463,-24.00826,-26.10524,-27.97379,-30.15312,-31.28689,-32.18428,-33.1668,-34.07804,-34.91805,-35.48749,-36.80037,-38.09337,-39.36643,-40.85294,-42.57825,-43.8165,-45.29333,-46.76672,-48.23654,-49.70269,-51.45742,-52.92422,-54.38699,-55.84562,-57.3,-59.41762
188.4174,191.5323,189.6456,189.7396,188.8201,187.8855,186.9359,186.9715,185.9929,185,184.993,183.972,182.9373,183.8879,182.8258,183.7478,184.6549,186.5445,188.4174,189.277,192.1115,192.9372,193.7465,195.5316,198.289,200.0341,201.7592,197.5377,191.3394,188.0983,183.8687,179.6378,175.4065,173.1321,170.8518,171.4891,170.1647,169.8018,169.4258,169.037,168.6353,169.1821,168.7523,167.3533,167.8542,167.3859,166.905,166.4113,167.7902
14.82877,13.39324,11.59922,9.943832,8.244064,6.561105,4.895089,3.2636,1.623136,0,-1.614409,-3.211243,-4.790382,-6.421507,-7.982348,-9.629816,-11.29398,-13.04446,-14.82877,-16.55959,-18.49823,-20.27852,-22.07463,-24.00826,-26.10524,-28.11297,-30.15312,-31.28689,-32.01924,-33.1668,-34.07804,-34.91805,-35.68686,-36.80037,-37.87693,-39.59139,-40.85294,-42.33633,-43.8165,-45.29333,-46.76672,-48.51217,-49.9867,-51.16505,-52.92422,-54.38699,-55.84562,-57.3,-59.41762
191.4081,191.5323,189.6456,188.741,187.8211,187.8855,186.9359,185.9717,185.9929,185,183.993,183.972,183.9369,183.8879,182.8258,182.7492,184.6549,186.5445,188.4174,190.2732,191.1161,192.9372,193.7465,195.5316,198.289,200.0341,201.7592,197.5377,191.3394,187.1135,183.8687,179.6378,175.4065,173.1321,170.8518,170.5148,170.1647,169.8018,169.4258,169.037,168.6353,168.2208,167.7935,167.3533,167.8542,167.3859,166.905,166.4113,167.7902
15.06415,13.39324,11.59922,9.891496,8.200445,6.561105,4.895089,3.246148,1.623136,0,-1.605683,-3.211243,-4.816558,-6.421507,-7.982348,-9.57748,-11.29398,-13.04446,-14.82877,-16.64675,-18.40238,-20.27852,-22.07463,-24.00826,-26.10524,-28.11297,-30.15312,-31.28689,-32.01924,-32.99315,-34.07804,-34.91805,-35.68686,-36.80037,-37.87693,-39.36643,-40.85294,-42.33633,-43.8165,-45.29333,-46.76672,-48.23654,-49.70269,-51.16505,-52.92422,-54.38699,-55.84562,-57.3,-59.41762
190.4112,192.5299,189.6456,188.741,188.8201,187.8855,186.9359,186.9715,185.9929,185,184.993,184.9718,183.9369,183.8879,182.8258,183.7478,184.6549,186.5445,188.4174,190.2732,192.1115,192.9372,193.7465,195.5316,198.289,199.0439,201.7592,197.5377,192.3257,187.1135,183.8687,179.6378,175.4065,173.1321,170.8518,170.5148,170.1647,169.8018,169.4258,169.037,168.6353,169.1821,168.7523,168.3096,167.8542,167.3859,166.905,166.4113,168.7328
14.98569,13.463,11.59922,9.891496,8.244064,6.561105,4.895089,3.2636,1.623136,0,-1.614409,-3.228695,-4.816558,-6.421507,-7.982348,-9.629816,-11.29398,-13.04446,-14.82877,-16.64675,-18.49823,-20.27852,-22.07463,-24.00826,-26.10524,-27.97379,-30.15312,-31.28689,-32.18428,-32.99315,-34.07804,-34.91805,-35.68686,-36.80037,-37.87693,-39.36643,-40.85294,-42.33633,-43.8165,-45.29333,-46.76672,-48.51217,-49.9867,-51.45742,-52.92422,-54.38699,-55.84562,-57.3,-59.75143
190.4112,191.5323,189.6456,188.741,188.8201,187.8855,186.9359,185.9717,186.9929,186,184.993,183.972,182.9373,183.8879,182.8258,183.7478,184.6549,186.5445,188.4174,189.277,191.1161,192.9372,193.7465,195.5316,198.289,200.0341,201.7592,197.5377,191.3394,188.0983,183.8687,179.6378,175.4065,173.1321,170.8518,170.5148,170.1647,169.8018,169.4258,169.037,168.6353,168.2208,168.7523,168.3096,167.8542,167.3859,166.905,167.3568,167.7902
14.98569,13.39324,11.59922,9.891496,8.244064,6.561105,4.895089,3.246148,1.631862,0,-1.614409,-3.211243,-4.790382,-6.421507,-7.982348,-9.629816,-11.29398,-13.04446,-14.82877,-16.55959,-18.40238,-20.27852,-22.07463,-24.00826,-26.10524,-28.11297,-30.15312,-31.28689,-32.01924,-33.1668,-34.07804,-34.91805,-35.68686,-36.80037,-37.87693,-39.36643,-40.85294,-42.33633,-43.8165,-45.29333,-46.76672,-48.23654,-49.9867,-51.45742,-52.92422,-54.38699,-55.84562,-57.62556,-59.41762
191.4081,191.5323,189.6456,189.7396,188.8201,187.8855,186.9359,185.9717,184.993,186,183.993,183.972,182.9373,183.8879,182.8258,183.7478,184.6549,186.5445,188.4174,190.2732,191.1161,192.9372,193.7465,195.5316,198.289,199.0439,201.7592,197.5377,191.3394,187.1135,183.8687,179.6378,175.4065,173.1321,170.8518,170.5148,170.1647,169.8018,169.4258,169.037,168.6353,168.2208,168.7523,168.3096,167.8542,167.3859,166.905,166.4113,167.7902
15.06415,13.39324,11.59922,9.943832,8.244064,6.561105,4.895089,3.246148,1.614409,0,-1.605683,-3.211243,-4.790382,-6.421507,-7.982348,-9.629816,-11.29398,-13.04446,-14.82877,-16.64675,-18.40238,-20.27852,-22.07463,-24.00826,-26.10524,-27.97379,-30.15312,-31.28689,-32.01924,-32.99315,-34.07804,-34.91805,-35.68686,-36.80037,-37.87693,-39.36643,-40.85294,-42.33633,-43.8165,-45.29333,-46.76672,-48.23654,-49.9867,-51.45742,-52.92422,-54.38699,-55.84562,-57.3,-59.41762
189.4143,191.5323,189.6456,188.741,188.8201,187.8855,187.9356,186.9715,186.9929,186,183.993,183.972,182.9373,183.8879,182.8258,183.7478,184.6549,186.5445,188.4174,189.277,192.1115,192.9372,193.7465,195.5316,198.289,200.0341,201.7592,197.5377,191.3394,187.1135,183.8687,179.6378,175.4065,173.1321,170.8518,170.5148,170.1647,169.8018,170.394,169.037,169.599,169.1821,168.7523,168.3096,167.8542,167.3859,166.905,166.4113,167.7902
14.90723,13.39324,11.59922,9.891496,8.244064,6.561105,4.921266,3.2636,1.631862,0,-1.605683,-3.211243,-4.790382,-6.421507,-7.982348,-9.629816,-11.29398,-13.04446,-14.82877,-16.55959,-18.49823,-20.27852,-22.07463,-24.00826,-26.10524,-28.11297,-30.15312,-31.28689,-32.01924,-32.99315,-34.07804,-34.91805,-35.68686,-36.80037,-37.87693,-39.36643,-40.85294,-42.33633,-44.06688,-45.29333,-47.03395,-48.51217,-49.9867,-51.45742,-52.92422,-54.38699,-55.84562,-57.3,-59.41762
189.4143,192.5299,189.6456,189.7396,187.8211,187.8855,186.9359,185.9717,186.9929,185,183.993,183.972,183.9369,183.8879,182.8258,183.7478,184.6549,186.5445,188.4174,190.2732,191.1161,192.9372,193.7465,195.5316,198.289,200.0341,201.7592,197.5377,192.3257,188.0983,183.8687,179.6378,174.4266,173.1321,170.8518,170.5148,170.1647,169.8018,170.394,169.037,168.6353,168.2208,167.7935,167.3533,167.8542,167.3859,165.9566,166.4113,168.7328
14.90723,13.463,11.59922,9.943832,8.200445,6.561105,4.895089,3.246148,1.631862,0,-1.605683,-3.211243,-4.816558,-6.421507,-7.982348,-9.629816,-11.29398,-13.04446,-14.82877,-16.64675,-18.40238,-20.27852,-22.07463,-24.00826,-26.10524,-28.11297,-30.15312,-31.28689,-32.18428,-33.1668,-34.07804,-34.91805,-35.48749,-36.80037,-37.87693,-39.36643,-40.85294,-42.33633,-44.06688,-45.29333,-46.76672,-48.23654,-49.70269,-51.16505,-52.92422,-54.38699,-55.52831,-57.3,-59.75143
190.4112,191.5323,189.6456,188.741,188.8201,187.8855,186.9359,186.9715,185.9929,186,183.993,184.9718,183.9369,183.8879,182.8258,183.7478,184.6549,186.5445,188.4174,189.277,192.1115,192.9372,193.7465,195.5316,198.289,200.0341,201.7592,197.5377,191.3394,188.0983,183.8687,179.6378,174.4266,173.1321,170.8518,170.5148,170.1647,169.8018,169.4258,170.0029,168.6353,169.1821,167.7935,168.3096,167.8542,167.3859,166.905,166.4113,167.7902
14.98569,13.39324,11.59922,9.891496,8.244064,6.561105,4.895089,3.2636,1.623136,0,-1.605683,-3.228695,-4.816558,-6.421507,-7.982348,-9.629816,-11.29398,-13.04446,-14.82877,-16.55959,-18.49823,-20.27852,-22.07463,-24.00826,-26.10524,-28.11297,-30.15312,-31.28689,-32.01924,-33.1668,-34.07804,-34.91805,-35.48749,-36.80037,-37.87693,-39.36643,-40.85294,-42.33633,-43.8165,-45.55215,-46.76672,-48.51217,-49.70269,-51.45742,-52.92422,-54.38699,-55.84562,-57.3,-59.41762
191.4081,191.5323,189.6456,188.741,188.8201,187.8855,186.9359,185.9717,185.9929,185,184.993,183.972,182.9373,183.8879,182.8258,183.7478,184.6549,186.5445,188.4174,189.277,192.1115,192.9372,193.7465,196.5241,198.289,200.0341,200.7702,197.5377,191.3394,188.0983,183.8687,178.6561,174.4266,173.1321,170.8518,170.5148,170.1647,169.8018,169.4258,169.037,168.6353,168.2208,168.7523,168.3096,167.8542,167.3859,166.905,166.4113,167.7902
15.06415,13.39324,11.59922,9.891496,8.244064,6.561105,4.895089,3.246148,1.623136,0,-1.614409,-3.211243,-4.790382,-6.421507,-7.982348,-9.629816,-11.29398,-13.04446,-14.82877,-16.55959,-18.49823,-20.27852,-22.07463,-24.13013,-26.10524,-28.11297,-30.00531,-31.28689,-32.01924,-33.1668,-34.07804,-34.72724,-35.48749,-36.80037,-37.87693,-39.36643,-40.85294,-42.33633,-43.8165,-45.29333,-46.76672,-48.23654,-49.9867,-51.45742,-52.92422,-54.38699,-55.84562,-57.3,-59.41762
188.4174,191.5323,189.6456,189.7396,188.8201,187.8855,186.9359,185.9717,186.9929,185,184.993,183.972,182.9373,183.8879,182.8258,183.7478,184.6549,186.5445,188.4174,189.277,192.1115,192.9372,193.7465,195.5316,198.289,200.0341,200.7702,197.5377,191.3394,188.0983,182.8854,178.6561,175.4065,173.1321,170.8518,170.5148,170.1647,169.8018,169.4258,169.037,168.6353,168.2208,167.7935,167.3533,166.9005,167.3859,166.905,166.4113,167.7902
14.82877,13.39324,11.59922,9.943832,8.244064,6.561105,4.895089,3.246148,1.631862,0,-1.614409,-3.211243,-4.790382,-6.421507,-7.982348,-9.629816,-11.29398,-13.04446,-14.82877,-16.55959,-18.49823,-20.27852,-22.07463,-24.00826,-26.10524,-28.11297,-30.00531,-31.28689,-32.01924,-33.1668,-33.89581,-34.72724,-35.68686,-36.80037,-37.87693,-39.36643,-40.85294,-42.33633,-43.8165,-45.29333,-46.76672,-48.23654,-49.70269,-51.16505,-52.62351,-54.38699,-55.84562,-57.3,-59.41762
192.405,191.5323,189.6456,188.741,188.8201,187.8855,186.9359,186.9715,185.9929,185,184.993,184.9718,182.9373,183.8879,182.8258,182.7492,184.6549,186.5445,188.4174,189.277,191.1161,192.9372,193.7465,196.5241,198.289,200.0341,200.7702,197.5377,192.3257,188.0983,183.8687,178.6561,175.4065,173.1321,170.8518,170.5148,170.1647,169.8018,170.394,169.037,169.599,168.2208,167.7935,168.3096,167.8542,167.3859,166.905,166.4113,167.7902
15.14261,13.39324,11.59922,9.891496,8.244064,6.561105,4.895089,3.2636,1.623136,0,-1.614409,-3.228695,-4.790382,-6.421507,-7.982348,-9.57748,-11.29398,-13.04446,-14.82877,-16.55959,-18.40238,-20.27852,-22.07463,-24.13013,-26.10524,-28.11297,-30.00531,-31.28689,-32.18428,-33.1668,-34.07804,-34.72724,-35.68686,-36.80037,-37.87693,-39.36643,-40.85294,-42.33633,-44.06688,-45.29333,-47.03395,-48.23654,-49.70269,-51.45742,-52.92422,-54.38699,-55.84562,-57.3,-59.41762
192.405,191.5323,189.6456,188.741,188.8201,187.8855,186.9359,186.9715,186.9929,186,183.993,183.972,182.9373,183.8879,182.8258,183.7478,184.6549,186.5445,188.4174,189.277,192.1115,192.9372,193.7465,195.5316,198.289,200.0341,200.7702,197.5377,191.3394,188.0983,183.8687,179.6378,175.4065,173.1321,170.8518,170.5148,170.1647,170.772,169.4258,169.037,168.6353,169.1821,168.7523,168.3096,167.8542,167.3859,166.905,166.4113,167.7902
15.14261,13.39324,11.59922,9.891496,8.244064,6.561105,4.895089,3.2636,1.631862,0,-1.605683,-3.211243,-4.790382,-6.421507,-7.982348,-9.629816,-11.29398,-13.04446,-14.82877,-16.55959,-18.49823,-20.27852,-22.07463,-24.00826,-26.10524,-28.11297,-30.00531,-31.28689,-32.01924,-33.1668,-34.07804,-34.91805,-35.68686,-36.80037,-37.87693,-39.36643,-40.85294,-42.57825,-43.8165,-45.29333,-46.76672,-48.51217,-49.9867,-51.45742,-52.92422,-54.38699,-55.84562,-57.3,-59.41762
190.4112,191.5323,189.6456,188.741,188.8201,187.8855,186.9359,185.9717,185.9929,185,184.993,183.972,183.9369,182.8885,182.8258,183.7478,185.6531,186.5445,188.4174,189.277,192.1115,192.9372,193.7465,195.5316,198.289,199.0439,201.7592,197.5377,191.3394,188.0983,182.8854,179.6378,174.4266,173.1321,170.8518,170.5148,171.1371,169.8018,169.4258,169.037,168.6353,168.2208,168.7523,168.3096,167.8542,167.3859,166.905,166.4113,167.7902
14.98569,13.39324,11.59922,9.891496,8.244064,6.561105,4.895089,3.246148,1.623136,0,-1.614409,-3.211243,-4.816558,-6.386608,-7.982348,-9.629816,-11.35503,-13.04446,-14.82877,-16.55959,-18.49823,-20.27852,-22.07463,-24.00826,-26.10524,-27.97379,-30.15312,-31.28689,-32.01924,-33.1668,-33.89581,-34.91805,-35.48749,-36.80037,-37.87693,-39.36643,-41.08638,-42.33633,-43.8165,-45.29333,-46.76672,-48.23654,-49.9867,-51.45742,-52.92422,-54.38699,-55.84562,-57.3,-59.41762
187.4205,191.5323,189.6456,188.741,188.8201,187.8855,186.9359,186.9715,184.993,186,184.993,184.9718,182.9373,183.8879,182.8258,183.7478,184.6549,186.5445,188.4174,189.277,192.1115,192.9372,193.7465,195.5316,198.289,200.0341,201.7592,197.5377,191.3394,188.0983,183.8687,179.6378,175.4065,173.1321,170.8518,170.5148,170.1647,169.8018,169.4258,169.037,169.599,169.1821,167.7935,167.3533,167.8542,167.3859,166.905,167.3568,168.7328
14.75031,13.39324,11.59922,9.891496,8.244064,6.561105,4.895089,3.2636,1.614409,0,-1.614409,-3.228695,-4.790382,-6.421507,-7.982348,-9.629816,-11.29398,-13.04446,-14.82877,-16.55959,-18.49823,-20.27852,-22.07463,-24.00826,-26.10524,-28.11297,-30.15312,-31.28689,-32.01924,-33.1668,-34.07804,-34.91805,-35.68686,-36.80037,-37.87693,-39.36643,-40.85294,-42.33633,-43.8165,-45.29333,-47.03395,-48.51217,-49.70269,-51.16505,-52.92422,-54.38699,-55.84562,-57.62556,-59.75143
189.4143,191.5323,189.6456,188.741,188.8201,187.8855,186.9359,185.9717,185.9929,185,183.993,183.972,183.9369,183.8879,182.8258,183.7478,185.6531,186.5445,188.4174,189.277,192.1115,192.9372,193.7465,195.5316,198.289,199.0439,201.7592,197.5377,191.3394,188.0983,182.8854,178.6561,175.4065,173.1321,171.8281,171.4891,171.1371,169.8018,169.4258,169.037,168.6353,169.1821,168.7523,167.3533,167.8542,167.3859,166.905,166.4113,167.7902
14.90723,13.39324,11.59922,9.891496,8.244064,6.561105,4.895089,3.246148,1.623136,0,-1.605683,-3.211243,-4.816558,-6.421507,-7.982348,-9.629816,-11.35503,-13.04446,-14.82877,-16.55959,-18.49823,-20.27852,-22.07463,-24.00826,-26.10524,-27.97379,-30.15312,-31.28689,-32.01924,-33.1668,-33.89581,-34.72724,-35.68686,-36.80037,-38.09337,-39.59139,-41.08638,-42.33633,-43.8165,-45.29333,-46.76672,-48.51217,-49.9867,-51.16505,-52.92422,-54.38699,-55.84562,-57.3,-59.41762
188.4174,191.5323,189.6456,188.741,188.8201,187.8855,186.9359,186.9715,185.9929,186,183.993,184.9718,183.9369,183.8879,182.8258,183.7478,184.6549,186.5445,188.4174,190.2732,192.1115,192.9372,193.7465,196.5241,198.289,200.0341,200.7702,197.5377,191.3394,188.0983,183.8687,178.6561,175.4065,172.154,170.8518,170.5148,170.1647,169.8018,169.4258,169.037,168.6353,168.2208,167.7935,168.3096,167.8542,167.3859,166.905,166.4113,167.7902
14.82877,13.39324,11.59922,9.891496,8.244064,6.561105,4.895089,3.2636,1.623136,0,-1.605683,-3.228695,-4.816558,-6.421507,-7.982348,-9.629816,-11.29398,-13.04446,-14.82877,-16.64675,-18.49823,-20.27852,-22.07463,-24.13013,-26.10524,-28.11297,-30.00531,-31.28689,-32.01924,-33.1668,-34.07804,-34.72724,-35.68686,-36.59246,-37.87693,-39.36643,-40.85294,-42.33633,-43.8165,-45.29333,-46.76672,-48.23654,-49.70269,-51.45742,-52.92422,-54.38699,-55.84562,-57.3,-59.41762
191.4081,191.5323,189.6456,188.741,188.8201,187.8855,186.9359,185.9717,185.9929,185,184.993,183.972,183.9369,183.8879,182.8258,183.7478,184.6549,186.5445,188.4174,190.2732,191.1161,192.9372,193.7465,196.5241,198.289,200.0341,201.7592,197.5377,191.3394,187.1135,183.8687,179.6378,175.4065,172.154,170.8518,170.5148,170.1647,169.8018,169.4258,169.037,169.599,168.2208,167.7935,168.3096,167.8542,167.3859,166.905,166.4113,167.7902
15.06415,13.39324,11.59922,9.891496,8.244064,6.561105,4.895089,3.246148,1.623136,0,-1.614409,-3.211243,-4.816558,-6.421507,-7.982348,-9.629816,-11.29398,-13.04446,-14.82877,-16.64675,-18.40238,-20.27852,-22.07463,-24.13013,-26.10524,-28.11297,-30.15312,-31.28689,-32.01924,-32.99315,-34.07804,-34.91805,-35.68686,-36.59246,-37.87693,-39.36643,-40.85294,-42.33633,-43.8165,-45.29333,-47.03395,-48.23654,-49.70269,-51.45742,-52.92422,-54.38699,-55.84562,-57.3,-59.41762
188.4174,191.5323,189.6456,188.741,188.8201,187.8855,186.9359,185.9717,185.9929,185,184.993,183.972,183.9369,183.8879,182.8258,183.7478,184.6549,186.5445,188.4174,189.277,191.1161,192.9372,193.7465,195.5316,198.289,200.0341,201.7592,197.5377,191.3394,187.1135,183.8687,178.6561,175.4065,173.1321,170.8518,171.4891,170.1647,169.8018,169.4258,169.037,168.6353,169.1821,167.7935,167.3533,167.8542,167.3859,166.905,167.3568,167.7902
14.82877,13.39324,11.59922,9.891496,8.244064,6.561105,4.895089,3.246148,1.623136,0,-1.614409,-3.211243,-4.816558,-6.421507,-7.982348,-9.629816,-11.29398,-13.04446,-14.82877,-16.55959,-18.40238,-20.27852,-22.07463,-24.00826,-26.10524,-28.11297,-30.15312,-31.28689,-32.01924,-32.99315,-34.07804,-34.72724,-35.68686,-36.80037,-37.87693,-39.59139,-40.85294,-42.33633,-43.8165,-45.29333,-46.76672,-48.51217,-49.70269,-51.16505,-52.92422,-54.38699,-55.84562,-57.62556,-59.41762
187.4205,191.5323,189.6456,188.741,188.8201,187.8855,186.9359,185.9717,185.9929,185,183.993,183.972,182.9373,183.8879,182.8258,183.7478,184.6549,186.5445,188.4174,190.2732,192.1115,192.9372,193.7465,195.5316,198.289,200.0341,201.7592,197.5377,191.3394,188.0983,183.8687,178.6561,175.4065,173.1321,170.8518,170.5148,170.1647,169.8018,169.4258,169.037,169.599,169.1821,168.7523,168.3096,167.8542,167.3859,166.905,167.3568,167.7902
14.75031,13.39324,11.59922,9.891496,8.244064,6.561105,4.895089,3.246148,1.623136,0,-1.605683,-3.211243,-4.790382,-6.421507,-7.982348,-9.629816,-11.29398,-13.04446,-14.82877,-16.64675,-18.49823,-20.27852,-22.07463,-24.00826,-26.10524,-28.11297,-30.15312,-31.28689,-32.01924,-33.1668,-34.07804,-34.72724,-35.68686,-36.80037,-37.87693,-39.36643,-40.85294,-42.33633,-43.8165,-45.29333,-47.03395,-48.51217,-49.9867,-51.45742,-52.92422,-54.38699,-55.84562,-57.62556,-59.41762
190.4112,191.5323,189.6456,189.7396,189.8192,187.8855,187.9356,185.9717,185.9929,186,184.993,184.9718,183.9369,183.8879,182.8258,183.7478,184.6549,186.5445,188.4174,190.2732,191.1161,192.9372,193.7465,196.5241,198.289,200.0341,201.7592,197.5377,191.3394,187.1135,183.8687,178.6561,175.4065,172.154,170.8518,170.5148,170.1647,169.8018,170.394,169.037,169.599,168.2208,167.7935,168.3096,167.8542,167.3859,166.905,166.4113,167.7902
14.98569,13.39324,11.59922,9.943832,8.287684,6.561105,4.921266,3.246148,1.623136,0,-1.614409,-3.228695,-4.816558,-6.421507,-7.982348,-9.629816,-11.29398,-13.04446,-14.82877,-16.64675,-18.40238,-20.27852,-22.07463,-24.13013,-26.10524,-28.11297,-30.15312,-31.28689,-32.01924,-32.99315,-34.07804,-34.72724,-35.68686,-36.59246,-37.87693,-39.36643,-40.85294,-42.33633,-44.06688,-45.29333,-47.03395,-48.23654,-49.70269,-51.45742,-52.92422,-54.38699,-55.84562,-57.3,-59.41762
191.4081,191.5323,189.6456,188.741,188.8201,187.8855,186.9359,185.9717,184.993,186,184.993,183.972,183.9369,183.8879,182.8258,183.7478,185.6531,186.5445,188.4174,190.2732,192.1115,192.9372,193.7465,195.5316,198.289,200.0341,201.7592,197.5377,191.3394,187.1135,183.8687,178.6561,174.4266,173.1321,171.8281,170.5148,170.1647,169.8018,170.394,169.037,168.6353,168.2208,167.7935,168.3096,167.8542,167.3859,166.905,166.4113,168.7328
15.06415,13.39324,11.59922,9.891496,8.244064,6.561105,4.895089,3.246148,1.614409,0,-1.614409,-3.211243,-4.816558,-6.421507,-7.982348,-9.629816,-11.35503,-13.04446,-14.82877,-16.64675,-18.49823,-20.27852,-22.07463,-24.00826,-26.10524,-28.11297,-30.15312,-31.28689,-32.01924,-32.99315,-34.07804,-34.72724,-35.48749,-36.80037,-38.09337,-39.36643,-40.85294,-42.33633,-44.06688,-45.29333,-46.76672,-48.23654,-49.70269,-51.45742,-52.92422,-54.38699,-55.84562,-57.3,-59.75143
189.4143,191.5323,189.6456,189.7396,188.8201,187.8855,186.9359,186.9715,186.9929,185,183.993,183.972,183.9369,183.8879,182.8258,183.7478,184.6549,186.5445,188.4174,189.277,191.1161,192.9372,193.7465,195.5316,198.289,200.0341,201.7592,197.5377,191.3394,188.0983,182.8854,178.6561,175.4065,173.1321,171.8281,170.5148,171.1371,170.772,169.4258,169.037,168.6353,168.2208,167.7935,167.3533,167.8542,167.3859,166.905,166.4113,167.7902
14.90723,13.39324,11.59922,9.943832,8.244064,6.561105,4.895089,3.2636,1.631862,0,-1.605683,-3.211243,-4.816558,-6.421507,-7.982348,-9.629816,-11.29398,-13.04446,-14.82877,-16.55959,-18.40238,-20.27852,-22.07463,-24.00826,-26.10524,-28.11297,-30.15312,-31.28689,-32.01924,-33.1668,-33.89581,-34.72724,-35.68686,-36.80037,-38.09337,-39.36643,-41.08638,-42.57825,-43.8165,-45.29333,-46.76672,-48.23654,-49.70269,-51.16505,-52.92422,-54.38699,-55.84562,-57.3,-59.41762
187.4205,191.5323,189.6456,188.741,188.8201,187.8855,186.9359,186.9715,185.9929,186,183.993,184.9718,183.9369,183.8879,182.8258,183.7478,184.6549,186.5445,188.4174,189.277,192.1115,192.9372,193.7465,195.5316,198.289,200.0341,201.7592,197.5377,191.3394,187.1135,183.8687,178.6561,175.4065,173.1321,170.8518,170.5148,170.1647,169.8018,169.4258,169.037,168.6353,168.2208,167.7935,168.3096,167.8542,167.3859,166.905,166.4113,167.7902
14.75031,13.39324,11.59922,9.891496,8.244064,6.561105,4.895089,3.2636,1.623136,0,-1.605683,-3.228695,-4.816558,-6.421507,-7.982348,-9.629816,-11.29398,-13.04446,-14.82877,-16.55959,-18.49823,-20.27852,-22.07463,-24.00826,-26.10524,-28.11297,-30.15312,-31.28689,-32.01924,-32.99315,-34.07804,-34.72724,-35.68686,-36.80037,-37.87693,-39.36643,-40.85294,-42.33633,-43.8165,-45.29333,-46.76672,-48.23654,-49.70269,-51.45742,-52.92422,-54.38699,-55.84562,-57.3,-59.41762
190.4112,191.5323,189.6456,188.741,188.8201,187.8855,186.9359,185.9717,184.993,185,183.993,183.972,182.9373,183.8879,182.8258,183.7478,184.6549,186.5445,188.4174,189.277,191.1161,192.9372,193.7465,195.5316,198.289,200.0341,201.7592,197.5377,191.3394,187.1135,182.8854,179.6378,175.4065,173.1321,170.8518,170.5148,170.1647,169.8018,169.4258,169.037,168.6353,168.2208,168.7523,168.3096,167.8542,167.3859,166.905,167.3568,167.7902
14.98569,13.39324,11.59922,9.891496,8.244064,6.561105,4.895089,3.246148,1.614409,0,-1.605683,-3.211243,-4.790382,-6.421507,-7.982348,-9.629816,-11.29398,-13.04446,-14.82877,-16.55959,-18.40238,-20.27852,-22.07463,-24.00826,-26.10524,-28.11297,-30.15312,-31.28689,-32.01924,-32.99315,-33.89581,-34.91805,-35.68686,-36.80037,-37.87693,-39.36643,-40.85294,-42.33633,-43.8165,-45.29333,-46.76672,-48.23654,-49.9867,-51.45742,-52.92422,-54.38699,-55.84562,-57.62556,-59.41762
