78.90681,74.51503,74.90843,75.72677,76.52386,77.29972,79.02397,79.77262,81,81.71368,82.40609,83.59977,84.25716,84.89334,85.50833,86.10217,87.79329,88.92578,91.19865,92.91247,94.63343,95.76647,98.09585,99.83687,101.5841,103.9599,105.7258,108.1333,109.9167,111.7051,113.4982,115.9585,117.767,114.8503,113.2117,110.8251,109.0614,107.2391,105.3589,106.2743,105.743,106.63,107.509,108.3798,109.2423,110.0965,110.9423,111.7797,112.6085,113.4288,114.2405,115.0434,115.8376,116.6229,117.3994,118.167,119.7345,119.675
161.7829,149.454,147.0161,145.4698,143.9205,142.3684,142.563,140.9976,140.2961,138.7223,137.1468,136.4224,134.8396,133.2558,131.6713,130.0862,130.1589,129.3878,130.2452,130.2585,130.2517,129.421,130.1776,130.1099,130.0218,130.6956,130.5605,131.1762,130.9936,130.7898,130.5648,131.0673,130.7935,125.3371,121.4047,116.7853,112.9363,109.1273,105.3589,104.4355,102.1148,101.1881,100.2538,99.31176,98.3622,97.40515,96.44068,95.46886,94.48978,93.5035,92.5101,91.50965,90.50224,89.48793,88.46681,87.43895,86.99222,85.36333
78.90681,74.51503,74.90843,75.72677,76.52386,78.25404,79.02397,79.77262,81,81.71368,82.40609,83.59977,84.25716,84.89334,86.05297,86.10217,87.79329,89.49219,90.62508,92.91247,94.63343,95.76647,98.09585,99.83687,101.5841,103.9599,105.7258,108.1333,109.9167,111.7051,114.1543,115.9585,117.767,114.8503,113.2117,110.8251,109.0614,107.94,106.066,106.2743,105.743,107.3554,107.509,108.3798,109.2423,109.3475,110.9423,111.7797,112.6085,114.2004,114.2405,115.0434,115.8376,116.6229,117.3994,118.167,118.9255,120.4891
161.7829,149.454,147.0161,145.4698,143.9205,144.126,142.563,140.9976,140.2961,138.7223,137.1468,136.4224,134.8396,133.2558,132.5099,130.0862,130.1589,130.2119,129.426,130.2585,130.2517,129.421,130.1776,130.1099,130.0218,130.6956,130.5605,131.1762,130.9936,130.7898,131.3195,131.0673,130.7935,125.3371,121.4047,116.7853,112.9363,109.8406,106.066,104.4355,102.1148,101.8765,100.2538,99.31176,98.3622,96.74253,96.44068,95.46886,94.48978,94.13958,92.5101,91.50965,90.50224,89.48793,88.46681,87.43895,86.40443,85.94404
78.90681,74.51503,74.90843,75.72677,76.52386,77.77688,79.02397,79.77262,81,81.71368,82.40609,83.59977,84.25716,84.89334,86.05297,86.10217,87.79329,89.49219,91.19865,92.91247,94.63343,95.76647,98.09585,99.83687,101.5841,103.9599,105.7258,107.4972,110.5595,111.7051,114.1543,116.6211,117.767,114.8503,113.2117,110.8251,109.0614,107.94,105.3589,105.5611,105.743,106.63,107.509,108.3798,109.2423,110.0965,110.9423,111.7797,112.6085,113.4288,114.2405,115.0434,115.8376,116.6229,117.3994,118.167,119.7345,120.4891
161.7829,149.454,147.0161,145.4698,143.9205,143.2472,142.563,140.9976,140.2961,138.7223,137.1468,136.4224,134.8396,133.2558,132.5099,130.0862,130.1589,130.2119,130.2452,130.2585,130.2517,129.421,130.1776,130.1099,130.0218,130.6956,130.5605,130.4046,131.7596,130.7898,131.3195,131.8162,130.7935,125.3371,121.4047,116.7853,112.9363,109.8406,105.3589,103.7346,102.1148,101.1881,100.2538,99.31176,98.3622,97.40515,96.44068,95.46886,94.48978,93.5035,92.5101,91.50965,90.50224,89.48793,88.46681,87.43895,86.99222,85.94404
78.90681,74.51503,74.90843,76.18852,76.99334,77.77688,79.02397,79.77262,81,81.71368,82.40609,83.59977,84.25716,84.89334,85.50833,86.10217,87.79329,89.49219,90.62508,92.91247,94.63343,95.76647,98.09585,99.83687,101.5841,103.3374,106.3551,108.1333,109.9167,111.7051,114.1543,115.9585,117.767,114.8503,113.2117,110.8251,109.0614,107.94,105.3589,106.2743,106.4623,106.63,107.509,108.3798,109.2423,110.0965,110.9423,111.7797,112.6085,113.4288,114.2405,115.0434,115.8376,116.6229,117.3994,118.9708,118.9255,121.3032
161.7829,149.454,147.0161,146.3568,144.8034,143.2472,142.563,140.9976,140.2961,138.7223,137.1468,136.4224,134.8396,133.2558,131.6713,130.0862,130.1589,130.2119,129.426,130.2585,130.2517,129.421,130.1776,130.1099,130.0218,129.913,131.3377,131.1762,130.9936,130.7898,131.3195,131.0673,130.7935,125.3371,121.4047,116.7853,112.9363,109.8406,105.3589,104.4355,102.8094,101.1881,100.2538,99.31176,98.3622,97.40515,96.44068,95.46886,94.48978,93.5035,92.5101,91.50965,90.50224,89.48793,88.46681,88.03377,86.40443,86.52474
78.90681,74.51503,74.90843,75.72677,77.46281,78.25404,79.02397,79.77262,81,81.71368,82.40609,83.59977,84.25716,84.89334,86.05297,86.10217,87.79329,89.49219,90.62508,92.91247,94.63343,95.76647,98.09585,99.83687,101.5841,103.9599,105.7258,108.1333,109.9167,111.7051,114.1543,115.9585,117.767,114.8503,113.2117,110.8251,109.0614,107.94,106.066,106.2743,105.743,106.63,107.509,108.3798,109.2423,110.0965,110.9423,111.7797,112.6085,113.4288,114.2405,115.0434,115.8376,116.6229,117.3994,118.167,118.9255,120.4891
161.7829,149.454,147.0161,145.4698,145.6864,144.126,142.563,140.9976,140.2961,138.7223,137.1468,136.4224,134.8396,133.2558,132.5099,130.0862,130.1589,130.2119,129.426,130.2585,130.2517,129.421,130.1776,130.1099,130.0218,130.6956,130.5605,131.1762,130.9936,130.7898,131.3195,131.0673,130.7935,125.3371,121.4047,116.7853,112.9363,109.8406,106.066,104.4355,102.1148,101.1881,100.2538,99.31176,98.3622,97.40515,96.44068,95.46886,94.48978,93.5035,92.5101,91.50965,90.50224,89.48793,88.46681,87.43895,86.40443,85.94404
78.90681,74.51503,74.90843,75.72677,76.99334,78.25404,79.02397,79.77262,81,81.71368,82.40609,83.59977,84.25716,84.89334,86.05297,87.20604,87.79329,88.92578,91.19865,92.91247,94.63343,95.76647,98.09585,99.83687,101.5841,103.9599,105.7258,108.1333,109.9167,111.7051,114.1543,115.9585,117.767,115.5259,113.2117,110.8251,109.0614,107.94,106.066,106.2743,105.743,107.3554,107.509,108.3798,109.2423,110.0965,110.9423,111.7797,112.6085,113.4288,114.2405,115.0434,115.8376,116.6229,117.3994,118.167,119.7345,119.675
161.7829,149.454,147.0161,145.4698,144.8034,144.126,142.563,140.9976,140.2961,138.7223,137.1468,136.4224,134.8396,133.2558,132.5099,131.754,130.1589,129.3878,130.2452,130.2585,130.2517,129.421,130.1776,130.1099,130.0218,130.6956,130.5605,131.1762,130.9936,130.7898,131.3195,131.0673,130.7935,126.0744,121.4047,116.7853,112.9363,109.8406,106.066,104.4355,102.1148,101.8765,100.2538,99.31176,98.3622,97.40515,96.44068,95.46886,94.48978,93.5035,92.5101,91.50965,90.50224,89.48793,88.46681,87.43895,86.99222,85.36333
78.90681,74.51503,74.90843,76.18852,76.99334,78.25404,79.02397,79.77262,81,81.71368,82.40609,83.59977,84.25716,84.89334,86.05297,86.65411,87.79329,88.92578,91.19865,92.33177,94.63343,95.76647,98.09585,99.83687,101.5841,103.9599,105.7258,108.1333,109.9167,111.7051,114.1543,115.9585,118.4361,114.8503,113.2117,110.8251,109.0614,107.2391,106.066,106.2743,105.743,106.63,107.509,108.3798,109.2423,110.0965,110.9423,111.7797,112.6085,113.4288,114.2405,115.0434,115.8376,116.6229,117.3994,118.167,118.9255,122.1173
161.7829,149.454,147.0161,146.3568,144.8034,144.126,142.563,140.9976,140.2961,138.7223,137.1468,136.4224,134.8396,133.2558,132.5099,130.9201,130.1589,129.3878,130.2452,129.4444,130.2517,129.421,130.1776,130.1099,130.0218,130.6956,130.5605,131.1762,130.9936,130.7898,131.3195,131.0673,131.5366,125.3371,121.4047,116.7853,112.9363,109.1273,106.066,104.4355,102.1148,101.1881,100.2538,99.31176,98.3622,97.40515,96.44068,95.46886,94.48978,93.5035,92.5101,91.50965,90.50224,89.48793,88.46681,87.43895,86.40443,87.10544
78.46844,74.51503,74.90843,75.26502,76.99334,77.77688,79.02397,79.77262,81,81.71368,82.40609,83.59977,84.25716,84.89334,86.05297,86.65411,87.79329,88.92578,91.19865,92.91247,94.63343,95.76647,98.09585,99.83687,101.5841,103.3374,105.7258,108.1333,109.9167,111.7051,113.4982,115.9585,118.4361,114.8503,113.2117,110.8251,109.0614,107.94,105.3589,106.2743,105.743,106.63,107.509,108.3798,109.2423,110.0965,110.9423,111.7797,112.6085,113.4288,114.2405,115.0434,115.8376,116.6229,117.3994,118.167,118.9255,120.4891
160.8841,149.454,147.0161,144.5828,144.8034,143.2472,142.563,140.9976,140.2961,138.7223,137.1468,136.4224,134.8396,133.2558,132.5099,130.9201,130.1589,129.3878,130.2452,130.2585,130.2517,129.421,130.1776,130.1099,130.0218,129.913,130.5605,131.1762,130.9936,130.7898,130.5648,131.0673,131.5366,125.3371,121.4047,116.7853,112.9363,109.8406,105.3589,104.4355,102.1148,101.1881,100.2538,99.31176,98.3622,97.40515,96.44068,95.46886,94.48978,93.5035,92.5101,91.50965,90.50224,89.48793,88.46681,87.43895,86.40443,85.94404
78.90681,74.51503,74.90843,75.72677,76.99334,78.25404,79.02397,79.77262,81,81.71368,82.40609,83.59977,84.25716,84.89334,86.05297,86.65411,87.79329,89.49219,91.19865,92.91247,94.63343,95.76647,98.09585,99.83687,101.5841,103.9599,105.7258,108.1333,109.9167,111.7051,113.4982,115.9585,117.767,114.8503,113.2117,110.8251,109.0614,107.2391,106.066,106.2743,105.743,106.63,107.509,108.3798,109.2423,110.0965,110.9423,111.7797,112.6085,113.4288,114.2405,115.0434,115.8376,116.6229,118.1981,118.167,119.7345,119.675
161.7829,149.454,147.0161,145.4698,144.8034,144.126,142.563,140.9976,140.2961,138.7223,137.1468,136.4224,134.8396,133.2558,132.5099,130.9201,130.1589,130.2119,130.2452,130.2585,130.2517,129.421,130.1776,130.1099,130.0218,130.6956,130.5605,131.1762,130.9936,130.7898,130.5648,131.0673,130.7935,125.3371,121.4047,116.7853,112.9363,109.1273,106.066,104.4355,102.1148,101.1881,100.2538,99.31176,98.3622,97.40515,96.44068,95.46886,94.48978,93.5035,92.5101,91.50965,90.50224,89.48793,89.06862,87.43895,86.99222,85.36333
78.90681,74.51503,74.90843,75.72677,76.99334,78.25404,79.02397,79.77262,81,81.71368,82.92113,83.59977,84.25716,84.89334,85.50833,86.65411,87.79329,88.92578,91.19865,92.91247,94.63343,95.76647,98.09585,99.83687,101.5841,103.9599,105.7258,108.1333,109.9167,111.7051,114.1543,115.9585,117.767,114.8503,112.5297,110.8251,109.0614,107.2391,106.066,106.2743,105.743,107.3554,107.509,108.3798,109.2423,110.0965,110.9423,111.7797,112.6085,113.4288,114.2405,115.0434,115.8376,116.6229,117.3994,118.167,118.9255,121.3032
161.7829,149.454,147.0161,145.4698,144.8034,144.126,142.563,140.9976,140.2961,138.7223,138.0039,136.4224,134.8396,133.2558,131.6713,130.9201,130.1589,129.3878,130.2452,130.2585,130.2517,129.421,130.1776,130.1099,130.0218,130.6956,130.5605,131.1762,130.9936,130.7898,131.3195,131.0673,130.7935,125.3371,120.6734,116.7853,112.9363,109.1273,106.066,104.4355,102.1148,101.8765,100.2538,99.31176,98.3622,97.40515,96.44068,95.46886,94.48978,93.5035,92.5101,91.50965,90.50224,89.48793,88.46681,87.43895,86.40443,86.52474
78.90681,74.51503,75.36242,75.72677,76.52386,77.77688,79.02397,79.77262,81,81.20614,82.40609,83.07727,84.25716,84.89334,86.05297,86.65411,87.79329,88.92578,91.19865,92.91247,94.63343,95.76647,98.09585,99.83687,101.5841,103.9599,105.7258,108.1333,109.9167,111.7051,114.1543,115.9585,117.767,114.8503,113.2117,110.8251,109.0614,107.94,106.066,106.2743,105.743,106.63,107.509,108.3798,109.2423,110.0965,110.9423,111.7797,112.6085,113.4288,114.2405,115.0434,115.8376,116.6229,117.3994,118.167,118.9255,121.3032
161.7829,149.454,147.9071,145.4698,143.9205,143.2472,142.563,140.9976,140.2961,137.8607,137.1468,135.5698,134.8396,133.2558,132.5099,130.9201,130.1589,129.3878,130.2452,130.2585,130.2517,129.421,130.1776,130.1099,130.0218,130.6956,130.5605,131.1762,130.9936,130.7898,131.3195,131.0673,130.7935,125.3371,121.4047,116.7853,112.9363,109.8406,106.066,104.4355,102.1148,101.1881,100.2538,99.31176,98.3622,97.40515,96.44068,95.46886,94.48978,93.5035,92.5101,91.50965,90.50224,89.48793,88.46681,87.43895,86.40443,86.52474
78.90681,74.96123,74.90843,75.72677,76.52386,77.77688,79.02397,79.77262,81,81.71368,82.40609,83.59977,84.25716,85.43064,86.05297,86.10217,87.79329,89.49219,91.19865,92.91247,94.63343,96.36129,98.09585,99.83687,101.5841,103.9599,105.7258,108.1333,109.9167,111.7051,114.1543,115.9585,117.767,114.8503,113.2117,110.8251,109.0614,107.2391,106.066,106.2743,105.743,106.63,108.2403,108.3798,109.2423,110.0965,110.9423,111.7797,112.6085,113.4288,114.2405,115.0434,115.8376,116.6229,117.3994,118.167,119.7345,120.4891
161.7829,150.349,147.0161,145.4698,143.9205,143.2472,142.563,140.9976,140.2961,138.7223,137.1468,136.4224,134.8396,134.0992,132.5099,130.0862,130.1589,130.2119,130.2452,130.2585,130.2517,130.2248,130.1776,130.1099,130.0218,130.6956,130.5605,131.1762,130.9936,130.7898,131.3195,131.0673,130.7935,125.3371,121.4047,116.7853,112.9363,109.1273,106.066,104.4355,102.1148,101.1881,100.9358,99.31176,98.3622,97.40515,96.44068,95.46886,94.48978,93.5035,92.5101,91.50965,90.50224,89.48793,88.46681,87.43895,86.99222,85.94404
78.90681,74.51503,74.90843,75.72677,76.52386,77.77688,79.02397,79.77262,81,81.71368,82.40609,83.59977,84.25716,85.43064,86.05297,86.65411,87.79329,88.92578,91.19865,92.33177,94.63343,95.76647,98.09585,99.83687,101.5841,103.9599,105.7258,108.1333,109.9167,111.7051,114.1543,115.9585,117.767,114.8503,113.2117,110.8251,109.0614,107.2391,106.066,106.2743,105.743,106.63,108.2403,108.3798,109.2423,110.0965,110.9423,111.7797,112.6085,113.4288,114.2405,115.0434,115.8376,116.6229,117.3994,118.167,118.9255,120.4891
161.7829,149.454,147.0161,145.4698,143.9205,143.2472,142.563,140.9976,140.2961,138.7223,137.1468,136.4224,134.8396,134.0992,132.5099,130.9201,130.1589,129.3878,130.2452,129.4444,130.2517,129.421,130.1776,130.1099,130.0218,130.6956,130.5605,131.1762,130.9936,130.7898,131.3195,131.0673,130.7935,125.3371,121.4047,116.7853,112.9363,109.1273,106.066,104.4355,102.1148,101.1881,100.9358,99.31176,98.3622,97.40515,96.44068,95.46886,94.48978,93.5035,92.5101,91.50965,90.50224,89.48793,88.46681,87.43895,86.40443,85.94404
78.90681,74.96123,74.90843,76.18852,76.99334,78.25404,79.02397,79.77262,81,81.71368,82.40609,83.59977,84.25716,84.89334,85.50833,86.10217,87.79329,88.92578,91.19865,92.33177,94.63343,95.76647,97.49403,99.83687,101.5841,103.9599,105.7258,108.1333,109.9167,111.7051,114.1543,115.9585,117.767,114.8503,113.2117,110.8251,109.0614,107.94,106.066,106.2743,105.743,106.63,107.509,108.3798,109.2423,110.0965,110.9423,111.7797,112.6085,113.4288,114.2405,115.0434,115.8376,116.6229,117.3994,118.167,118.9255,119.675
161.7829,150.349,147.0161,146.3568,144.8034,144.126,142.563,140.9976,140.2961,138.7223,137.1468,136.4224,134.8396,133.2558,131.6713,130.0862,130.1589,129.3878,130.2452,129.4444,130.2517,129.421,129.379,130.1099,130.0218,130.6956,130.5605,131.1762,130.9936,130.7898,131.3195,131.0673,130.7935,125.3371,121.4047,116.7853,112.9363,109.8406,106.066,104.4355,102.1148,101.1881,100.2538,99.31176,98.3622,97.40515,96.44068,95.46886,94.48978,93.5035,92.5101,91.50965,90.50224,89.48793,88.46681,87.43895,86.40443,85.36333
78.46844,74.51503,74.90843,76.18852,76.52386,77.77688,78.53916,79.77262,81,81.71368,82.40609,83.59977,84.25716,84.89334,86.05297,86.65411,87.79329,88.92578,91.19865,92.91247,94.63343,95.76647,98.09585,99.83687,101.5841,103.9599,105.7258,108.1333,109.9167,111.7051,114.1543,115.9585,117.767,114.8503,113.2117,110.8251,109.0614,107.94,106.066,105.5611,106.4623,106.63,107.509,108.3798,109.2423,110.0965,110.9423,111.7797,112.6085,113.4288,114.2405,115.0434,115.8376,117.4163,117.3994,118.9708,118.9255,119.675
160.8841,149.454,147.0161,146.3568,143.9205,143.2472,141.6884,140.9976,140.2961,138.7223,137.1468,136.4224,134.8396,133.2558,132.5099,130.9201,130.1589,129.3878,130.2452,130.2585,130.2517,129.421,130.1776,130.1099,130.0218,130.6956,130.5605,131.1762,130.9936,130.7898,131.3195,131.0673,130.7935,125.3371,121.4047,116.7853,112.9363,109.8406,106.066,103.7346,102.8094,101.1881,100.2538,99.31176,98.3622,97.40515,96.44068,95.46886,94.48978,93.5035,92.5101,91.50965,90.50224,90.09669,88.46681,88.03377,86.40443,85.36333
78.90681,74.51503,74.90843,75.72677,76.99334,77.77688,78.53916,79.77262,81,81.71368,82.40609,83.59977,85.317,84.89334,85.50833,86.10217,87.79329,88.92578,91.19865,92.91247,94.63343,95.76647,98.09585,99.83687,101.5841,103.9599,105.7258,108.1333,109.9167,111.7051,114.1543,115.9585,117.767,114.8503,113.2117,110.8251,109.0614,107.2391,106.066,106.2743,106.4623,106.63,107.509,108.3798,109.2423,110.0965,110.9423,111.7797,112.6085,113.4288,114.2405,115.0434,115.8376,116.6229,117.3994,118.167,118.9255,121.3032
161.7829,149.454,147.0161,145.4698,144.8034,143.2472,141.6884,140.9976,140.2961,138.7223,137.1468,136.4224,136.5357,133.2558,131.6713,130.0862,130.1589,129.3878,130.2452,130.2585,130.2517,129.421,130.1776,130.1099,130.0218,130.6956,130.5605,131.1762,130.9936,130.7898,131.3195,131.0673,130.7935,125.3371,121.4047,116.7853,112.9363,109.1273,106.066,104.4355,102.8094,101.1881,100.2538,99.31176,98.3622,97.40515,96.44068,95.46886,94.48978,93.5035,92.5101,91.50965,90.50224,89.48793,88.46681,87.43895,86.40443,86.52474
78.90681,74.51503,74.90843,75.72677,76.99334,77.77688,78.53916,79.77262,81,81.71368,82.40609,83.59977,84.25716,84.89334,85.50833,86.65411,87.79329,89.49219,91.19865,92.91247,94.63343,96.36129,98.09585,99.83687,101.5841,103.9599,105.7258,108.1333,109.9167,111.7051,113.4982,115.9585,117.767,114.8503,113.2117,110.8251,109.0614,107.94,106.066,106.2743,105.743,107.3554,107.509,108.3798,109.2423,110.0965,110.9423,111.7797,112.6085,113.4288,114.2405,115.0434,115.8376,116.6229,117.3994,118.167,119.7345,120.4891
161.7829,149.454,147.0161,145.4698,144.8034,143.2472,141.6884,140.9976,140.2961,138.7223,137.1468,136.4224,134.8396,133.2558,131.6713,130.9201,130.1589,130.2119,130.2452,130.2585,130.2517,130.2248,130.1776,130.1099,130.0218,130.6956,130.5605,131.1762,130.9936,130.7898,130.5648,131.0673,130.7935,125.3371,121.4047,116.7853,112.9363,109.8406,106.066,104.4355,102.1148,101.8765,100.2538,99.31176,98.3622,97.40515,96.44068,95.46886,94.48978,93.5035,92.5101,91.50965,90.50224,89.48793,88.46681,87.43895,86.99222,85.94404
78.90681,74.96123,74.90843,75.72677,76.52386,78.25404,79.02397,79.77262,81,81.71368,82.40609,83.59977,84.25716,85.43064,85.50833,87.20604,87.23409,89.49219,90.62508,92.91247,94.63343,95.76647,98.09585,99.83687,101.5841,103.3374,105.7258,108.1333,109.9167,111.7051,114.1543,115.9585,118.4361,114.8503,113.2117,110.8251,109.0614,107.2391,106.066,106.2743,105.743,106.63,107.509,108.3798,109.2423,110.0965,110.9423,111.7797,112.6085,113.4288,114.2405,115.0434,115.8376,116.6229,117.3994,118.167,119.7345,120.4891
161.7829,150.349,147.0161,145.4698,143.9205,144.126,142.563,140.9976,140.2961,138.7223,137.1468,136.4224,134.8396,134.0992,131.6713,131.754,129.3299,130.2119,129.426,130.2585,130.2517,129.421,130.1776,130.1099,130.0218,129.913,130.5605,131.1762,130.9936,130.7898,131.3195,131.0673,131.5366,125.3371,121.4047,116.7853,112.9363,109.1273,106.066,104.4355,102.1148,101.1881,100.2538,99.31176,98.3622,97.40515,96.44068,95.46886,94.48978,93.5035,92.5101,91.50965,90.50224,89.48793,88.46681,87.43895,86.99222,85.94404
78.90681,74.51503,74.90843,75.72677,76.52386,78.25404,79.02397,79.77262,81,81.71368,82.40609,83.07727,84.25716,84.89334,85.50833,86.10217,87.79329,88.92578,91.19865,92.91247,94.63343,95.76647,98.09585,99.83687,101.5841,103.9599,105.7258,108.1333,109.9167,111.7051,114.1543,115.9585,117.767,114.8503,113.2117,110.8251,109.0614,107.94,106.066,105.5611,105.743,107.3554,107.509,108.3798,109.2423,109.3475,110.9423,111.7797,112.6085,113.4288,114.2405,115.0434,115.8376,116.6229,117.3994,118.9708,119.7345,119.675
161.7829,149.454,147.0161,145.4698,143.9205,144.126,142.563,140.9976,140.2961,138.7223,137.1468,135.5698,134.8396,133.2558,131.6713,130.0862,130.1589,129.3878,130.2452,130.2585,130.2517,129.421,130.1776,130.1099,130.0218,130.6956,130.5605,131.1762,130.9936,130.7898,131.3195,131.0673,130.7935,125.3371,121.4047,116.7853,112.9363,109.8406,106.066,103.7346,102.1148,101.8765,100.2538,99.31176,98.3622,96.74253,96.44068,95.46886,94.48978,93.5035,92.5101,91.50965,90.50224,89.48793,88.46681,88.03377,86.99222,85.36333
78.90681,74.96123,74.90843,75.72677,76.52386,78.25404,79.02397,79.77262,81,81.71368,82.40609,83.59977,84.25716,84.89334,86.05297,86.10217,87.23409,89.49219,91.19865,92.91247,94.63343,95.76647,98.09585,99.83687,101.5841,103.9599,105.7258,108.1333,109.9167,111.7051,114.1543,115.9585,117.767,114.8503,113.2117,110.8251,109.0614,107.2391,105.3589,106.2743,106.4623,106.63,107.509,108.3798,109.2423,110.0965,110.9423,111.7797,112.6085,113.4288,114.2405,115.0434,115.8376,116.6229,117.3994,118.167,119.7345,120.4891
161.7829,150.349,147.0161,145.4698,143.9205,144.126,142.563,140.9976,140.2961,138.7223,137.1468,136.4224,134.8396,133.2558,132.5099,130.0862,129.3299,130.2119,130.2452,130.2585,130.2517,129.421,130.1776,130.1099,130.0218,130.6956,130.5605,131.1762,130.9936,130.7898,131.3195,131.0673,130.7935,125.3371,121.4047,116.7853,112.9363,109.1273,105.3589,104.4355,102.8094,101.1881,100.2538,99.31176,98.3622,97.40515,96.44068,95.46886,94.48978,93.5035,92.5101,91.50965,90.50224,89.48793,88.46681,87.43895,86.99222,85.94404
78.90681,74.96123,74.90843,76.18852,76.52386,77.77688,79.02397,79.77262,81,81.71368,82.40609,83.59977,84.25716,84.89334,86.05297,86.65411,87.79329,88.92578,91.19865,92.91247,94.63343,95.76647,97.49403,99.83687,101.5841,103.9599,105.7258,108.1333,109.9167,111.7051,113.4982,115.9585,117.767,114.8503,113.2117,110.8251,109.0614,107.2391,106.066,106.2743,106.4623,107.3554,107.509,108.3798,109.2423,110.0965,110.9423,111.7797,112.6085,113.4288,114.2405,115.0434,115.8376,116.6229,117.3994,118.9708,119.7345,120.4891
161.7829,150.349,147.0161,146.3568,143.9205,143.2472,142.563,140.9976,140.2961,138.7223,137.1468,136.4224,134.8396,133.2558,132.5099,130.9201,130.1589,129.3878,130.2452,130.2585,130.2517,129.421,129.379,130.1099,130.0218,130.6956,130.5605,131.1762,130.9936,130.7898,130.5648,131.0673,130.7935,125.3371,121.4047,116.7853,112.9363,109.1273,106.066,104.4355,102.8094,101.8765,100.2538,99.31176,98.3622,97.40515,96.44068,95.46886,94.48978,93.5035,92.5101,91.50965,90.50224,89.48793,88.46681,88.03377,86.99222,85.94404
78.90681,74.51503,74.90843,76.18852,76.99334,78.25404,79.02397,79.77262,81,81.71368,82.92113,83.59977,84.25716,84.89334,85.50833,86.65411,87.79329,89.49219,91.19865,92.91247,94.63343,95.76647,98.09585,99.83687,101.5841,103.9599,105.7258,108.1333,109.9167,111.7051,114.1543,115.9585,117.767,114.8503,113.2117,110.8251,109.0614,107.94,106.066,106.2743,105.743,106.63,107.509,108.3798,109.2423,110.0965,110.9423,111.7797,112.6085,113.4288,114.2405,115.0434,115.8376,116.6229,117.3994,118.167,119.7345,121.3032
161.7829,149.454,147.0161,146.3568,144.8034,144.126,142.563,140.9976,140.2961,138.7223,138.0039,136.4224,134.8396,133.2558,131.6713,130.9201,130.1589,130.2119,130.2452,130.2585,130.2517,129.421,130.1776,130.1099,130.0218,130.6956,130.5605,131.1762,130.9936,130.7898,131.3195,131.0673,130.7935,125.3371,121.4047,116.7853,112.9363,109.8406,106.066,104.4355,102.1148,101.1881,100.2538,99.31176,98.3622,97.40515,96.44068,95.46886,94.48978,93.5035,92.5101,91.50965,90.50224,89.48793,88.46681,87.43895,86.99222,86.52474
78.90681,74.51503,74.90843,76.18852,76.52386,77.77688,78.53916,79.77262,81,81.71368,82.40609,83.59977,84.25716,85.43064,86.05297,87.20604,87.79329,88.92578,90.62508,92.91247,94.63343,95.76647,98.09585,99.83687,101.5841,103.9599,105.7258,108.1333,109.9167,111.7051,113.4982,115.9585,117.767,114.8503,113.2117,110.8251,109.0614,106.5382,105.3589,106.2743,106.4623,107.3554,108.2403,109.117,108.4991,110.0965,110.9423,111.7797,112.6085,113.4288,114.2405,115.0434,115.8376,116.6229,117.3994,118.167,118.9255,120.4891
161.7829,149.454,147.0161,146.3568,143.9205,143.2472,141.6884,140.9976,140.2961,138.7223,137.1468,136.4224,134.8396,134.0992,132.5099,131.754,130.1589,129.3878,129.426,130.2585,130.2517,129.421,130.1776,130.1099,130.0218,130.6956,130.5605,131.1762,130.9936,130.7898,130.5648,131.0673,130.7935,125.3371,121.4047,116.7853,112.9363,108.4141,105.3589,104.4355,102.8094,101.8765,100.9358,99.98735,97.69307,97.40515,96.44068,95.46886,94.48978,93.5035,92.5101,91.50965,90.50224,89.48793,88.46681,87.43895,86.40443,85.94404
78.90681,74.51503,74.90843,75.72677,77.46281,78.25404,79.02397,79.77262,81,81.71368,82.92113,83.59977,84.25716,84.89334,86.05297,87.20604,87.79329,89.49219,91.19865,92.33177,94.63343,95.76647,98.09585,99.83687,101.5841,103.3374,105.7258,108.1333,110.5595,111.7051,113.4982,115.9585,117.767,114.8503,113.2117,110.8251,109.0614,107.94,106.066,106.2743,105.743,106.63,107.509,108.3798,109.2423,110.0965,110.9423,111.7797,112.6085,113.4288,114.2405,115.0434,115.8376,116.6229,117.3994,118.9708,118.9255,120.4891
161.7829,149.454,147.0161,145.4698,145.6864,144.126,142.563,140.9976,140.2961,138.7223,138.0039,136.4224,134.8396,133.2558,132.5099,131.754,130.1589,130.2119,130.2452,129.4444,130.2517,129.421,130.1776,130.1099,130.0218,129.913,130.5605,131.1762,131.7596,130.7898,130.5648,131.0673,130.7935,125.3371,121.4047,116.7853,112.9363,109.8406,106.066,104.4355,102.1148,101.1881,100.2538,99.31176,98.3622,97.40515,96.44068,95.46886,94.48978,93.5035,92.5101,91.50965,90.50224,89.48793,88.46681,88.03377,86.40443,85.94404
78.90681,74.51503,74.90843,75.72677,76.52386,77.77688,79.02397,79.77262,81,82.22121,82.92113,83.59977,84.25716,84.89334,86.05297,86.10217,87.79329,88.92578,91.19865,92.91247,94.63343,95.76647,97.49403,99.83687,101.5841,103.9599,105.7258,108.1333,109.9167,111.7051,114.1543,115.9585,117.767,114.8503,113.2117,110.8251,109.0614,107.94,106.066,105.5611,105.743,106.63,107.509,108.3798,109.2423,110.0965,110.9423,111.7797,112.6085,113.4288,114.2405,115.0434,115.8376,116.6229,117.3994,118.167,118.9255,119.675
161.7829,149.454,147.0161,145.4698,143.9205,143.2472,142.563,140.9976,140.2961,139.5839,138.0039,136.4224,134.8396,133.2558,132.5099,130.0862,130.1589,129.3878,130.2452,130.2585,130.2517,129.421,129.379,130.1099,130.0218,130.6956,130.5605,131.1762,130.9936,130.7898,131.3195,131.0673,130.7935,125.3371,121.4047,116.7853,112.9363,109.8406,106.066,103.7346,102.1148,101.1881,100.2538,99.31176,98.3622,97.40515,96.44068,95.46886,94.48978,93.5035,92.5101,91.50965,90.50224,89.48793,88.46681,87.43895,86.40443,85.36333
78.90681,74.51503,74.90843,75.72677,76.99334,78.25404,79.02397,79.77262,81,81.71368,82.40609,83.59977,84.25716,84.89334,85.50833,86.10217,87.79329,89.49219,91.19865,92.91247,94.63343,95.76647,98.09585,99.83687,101.5841,103.9599,105.7258,108.1333,109.9167,111.7051,114.1543,115.9585,117.767,114.8503,113.2117,110.8251,109.0614,107.94,106.066,106.2743,105.743,107.3554,107.509,108.3798,109.2423,110.0965,110.9423,111.7797,112.6085,113.4288,114.2405,115.0434,115.8376,116.6229,118.1981,118.167,119.7345,120.4891
161.7829,149.454,147.0161,145.4698,144.8034,144.126,142.563,140.9976,140.2961,138.7223,137.1468,136.4224,134.8396,133.2558,131.6713,130.0862,130.1589,130.2119,130.2452,130.2585,130.2517,129.421,130.1776,130.1099,130.0218,130.6956,130.5605,131.1762,130.9936,130.7898,131.3195,131.0673,130.7935,125.3371,121.4047,116.7853,112.9363,109.8406,106.066,104.4355,102.1148,101.8765,100.2538,99.31176,98.3622,97.40515,96.44068,95.46886,94.48978,93.5035,92.5101,91.50965,90.50224,89.48793,89.06862,87.43895,86.99222,85.94404
78.90681,74.51503,74.90843,75.72677,76.99334,78.25404,78.53916,79.77262,81,81.71368,82.40609,83.59977,84.25716,84.89334,86.05297,86.10217,87.79329,88.92578,91.19865,92.91247,94.63343,95.76647,98.09585,99.83687,101.5841,103.9599,105.7258,108.1333,109.9167,111.7051,113.4982,115.9585,118.4361,114.8503,113.2117,110.8251,109.0614,107.94,106.066,106.2743,106.4623,106.63,107.509,108.3798,109.2423,110.0965,110.9423,111.7797,112.6085,113.4288,114.2405,115.0434,115.8376,116.6229,117.3994,118.167,119.7345,121.3032
161.7829,149.454,147.0161,145.4698,144.8034,144.126,141.6884,140.9976,140.2961,138.7223,137.1468,136.4224,134.8396,133.2558,132.5099,130.0862,130.1589,129.3878,130.2452,130.2585,130.2517,129.421,130.1776,130.1099,130.0218,130.6956,130.5605,131.1762,130.9936,130.7898,130.5648,131.0673,131.5366,125.3371,121.4047,116.7853,112.9363,109.8406,106.066,104.4355,102.8094,101.1881,100.2538,99.31176,98.3622,97.40515,96.44068,95.46886,94.48978,93.5035,92.5101,91.50965,90.50224,89.48793,88.46681,87.43895,86.99222,86.52474
78.90681,74.51503,74.90843,75.72677,76.52386,78.25404,79.02397,79.77262,81,81.71368,82.40609,83.59977,84.25716,84.89334,86.05297,86.65411,87.79329,88.92578,90.62508,92.91247,94.63343,95.76647,98.09585,99.83687,101.5841,103.3374,105.7258,108.1333,109.9167,111.7051,114.1543,115.9585,118.4361,114.8503,113.2117,110.8251,109.0614,107.2391,106.066,106.2743,105.743,106.63,107.509,108.3798,109.2423,110.0965,110.9423,111.7797,112.6085,113.4288,114.2405,115.0434,115.8376,117.4163,117.3994,118.167,119.7345,121.3032
161.7829,149.454,147.0161,145.4698,143.9205,144.126,142.563,140.9976,140.2961,138.7223,137.1468,136.4224,134.8396,133.2558,132.5099,130.9201,130.1589,129.3878,129.426,130.2585,130.2517,129.421,130.1776,130.1099,130.0218,129.913,130.5605,131.1762,130.9936,130.7898,131.3195,131.0673,131.5366,125.3371,121.4047,116.7853,112.9363,109.1273,106.066,104.4355,102.1148,101.1881,100.2538,99.31176,98.3622,97.40515,96.44068,95.46886,94.48978,93.5035,92.5101,91.50965,90.50224,90.09669,88.46681,87.43895,86.99222,86.52474
78.90681,74.51503,74.90843,75.72677,76.99334,77.77688,79.02397,79.28019,81,81.20614,82.40609,83.07727,84.25716,84.89334,86.05297,86.10217,87.79329,89.49219,90.62508,92.91247,94.63343,96.36129,98.09585,99.83687,101.5841,103.3374,105.7258,108.1333,109.9167,111.7051,114.1543,115.9585,117.767,114.8503,113.2117,110.8251,109.0614,107.2391,106.066,106.2743,106.4623,106.63,107.509,108.3798,109.2423,110.0965,110.9423,111.7797,112.6085,113.4288,114.2405,115.0434,115.8376,116.6229,117.3994,118.167,118.9255,120.4891
161.7829,149.454,147.0161,145.4698,144.8034,143.2472,142.563,140.1273,140.2961,137.8607,137.1468,135.5698,134.8396,133.2558,132.5099,130.0862,130.1589,130.2119,129.426,130.2585,130.2517,130.2248,130.1776,130.1099,130.0218,129.913,130.5605,131.1762,130.9936,130.7898,131.3195,131.0673,130.7935,125.3371,121.4047,116.7853,112.9363,109.1273,106.066,104.4355,102.8094,101.1881,100.2538,99.31176,98.3622,97.40515,96.44068,95.46886,94.48978,93.5035,92.5101,91.50965,90.50224,89.48793,88.46681,87.43895,86.40443,85.94404
78.90681,74.51503,74.90843,75.72677,76.52386,77.29972,78.53916,79.28019,80.5,81.71368,82.40609,83.59977,83.72724,84.35604,86.05297,86.10217,87.79329,88.92578,91.19865,92.91247,94.63343,95.76647,98.09585,99.83687,101.5841,103.9599,105.7258,108.1333,109.9167,111.7051,114.1543,115.9585,117.767,114.8503,113.2117,110.8251,109.0614,107.2391,106.066,106.2743,105.743,106.63,107.509,108.3798,109.2423,110.0965,110.9423,111.7797,112.6085,113.4288,114.2405,115.0434,115.8376,116.6229,117.3994,118.167,119.7345,121.3032
161.7829,149.454,147.0161,145.4698,143.9205,142.3684,141.6884,140.1273,139.4301,138.7223,137.1468,136.4224,133.9916,132.4125,132.5099,130.0862,130.1589,129.3878,130.2452,130.2585,130.2517,129.421,130.1776,130.1099,130.0218,130.6956,130.5605,131.1762,130.9936,130.7898,131.3195,131.0673,130.7935,125.3371,121.4047,116.7853,112.9363,109.1273,106.066,104.4355,102.1148,101.1881,100.2538,99.31176,98.3622,97.40515,96.44068,95.46886,94.48978,93.5035,92.5101,91.50965,90.50224,89.48793,88.46681,87.43895,86.99222,86.52474
