144.3431,143.6958,143.0375,141.4896,141.6884,140.9976,140.2961,139.5839,138.8611,138.1277,137.3838,137.4728,136.7033,135.9234,135.1331,134.3326,134.3409,132.7008,134.2968,136.6557,139.7612,142.8036,144.994,148.6955,146.8806,143.5222,142.4843,139.1543,138.1119,135.561,133.7661,131.9726,129.4496,127.6659,125.8845,124.1056,123.0366,121.2573,120.1759,119.7737,119.3497,118.9039,118.4361,117.9464,117.4346,116.2512,115.7018,115.1302,114.5363,118.9003,113.8974
-73.54646,-74.80328,-76.05439,-76.82256,-78.53916,-79.77262,-81,-82.22121,-83.43617,-84.64477,-85.84692,-87.57984,-88.77616,-89.96573,-91.14844,-92.32422,-94.06654,-94.65458,-97.57235,-101.1199,-105.3176,-109.5771,-113.2817,-118.2778,-118.9416,-118.3105,-119.5585,-118.849,-120.0588,-119.9342,-120.4435,-120.9306,-120.7137,-121.1504,-121.5652,-121.9582,-123.0366,-123.3923,-124.4458,-126.2151,-127.9869,-129.7608,-131.5366,-133.3141,-135.093,-136.1127,-137.888,-139.664,-141.4406,-149.4782,-145.782
143.4521,143.6958,142.1546,142.3684,141.6884,140.9976,140.2961,139.5839,138.8611,138.1277,137.3838,136.6294,136.7033,135.9234,135.1331,134.3326,133.5218,132.7008,132.6788,136.6557,139.7612,142.8036,144.994,148.6955,146.8806,143.5222,141.7182,139.9147,138.1119,134.812,133.7661,131.9726,129.4496,127.6659,125.1651,123.3923,122.3295,121.2573,120.1759,119.7737,119.3497,118.9039,118.4361,117.9464,117.4346,116.2512,115.7018,115.1302,114.5363,118.9003,113.8974
-73.09247,-74.80328,-75.58492,-77.29972,-78.53916,-79.77262,-81,-82.22121,-83.43617,-84.64477,-85.84692,-87.04254,-88.77616,-89.96573,-91.14844,-92.32422,-93.49296,-94.65458,-96.39678,-101.1199,-105.3176,-109.5771,-113.2817,-118.2778,-118.9416,-118.3105,-118.9157,-119.4984,-120.0588,-119.2716,-120.4435,-120.9306,-120.7137,-121.1504,-120.8706,-121.2573,-122.3295,-123.3923,-124.4458,-126.2151,-127.9869,-129.7608,-131.5366,-133.3141,-135.093,-136.1127,-137.888,-139.664,-141.4406,-149.4782,-145.782
144.3431,143.6958,143.0375,142.3684,141.6884,140.9976,140.2961,139.5839,138.8611,138.1277,137.3838,137.4728,135.8646,135.9234,135.1331,134.3326,133.5218,132.7008,132.6788,136.6557,139.7612,142.8036,145.782,148.6955,146.8806,143.5222,141.7182,139.9147,138.1119,134.812,133.7661,131.9726,129.4496,127.6659,125.8845,124.1056,123.0366,121.2573,120.1759,119.7737,119.3497,118.9039,118.4361,117.9464,117.4346,116.2512,115.7018,115.1302,114.5363,118.9003,113.2817
-73.54646,-74.80328,-76.05439,-77.29972,-78.53916,-79.77262,-81,-82.22121,-83.43617,-84.64477,-85.84692,-87.57984,-88.23152,-89.96573,-91.14844,-92.32422,-93.49296,-94.65458,-96.39678,-101.1199,-105.3176,-109.5771,-113.8974,-118.2778,-118.9416,-118.3105,-118.9157,-119.4984,-120.0588,-119.2716,-120.4435,-120.9306,-120.7137,-121.1504,-121.5652,-121.9582,-123.0366,-123.3923,-124.4458,-126.2151,-127.9869,-129.7608,-131.5366,-133.3141,-135.093,-136.1127,-137.888,-139.664,-141.4406,-149.4782,-144.994
145.2341,143.6958,143.0375,142.3684,141.6884,140.9976,140.2961,139.5839,138.8611,138.1277,137.3838,136.6294,136.7033,135.9234,135.1331,135.1567,133.5218,132.7008,134.2968,136.6557,139.7612,142.0102,145.782,147.9129,146.1034,143.5222,141.7182,139.1543,138.1119,136.3099,133.7661,131.2354,129.4496,127.6659,125.8845,123.3923,123.0366,121.2573,120.1759,119.7737,119.3497,118.9039,118.4361,117.2837,117.4346,116.2512,116.3446,115.1302,114.5363,118.9003,113.2817
-74.00045,-74.80328,-76.05439,-77.29972,-78.53916,-79.77262,-81,-82.22121,-83.43617,-84.64477,-85.84692,-87.04254,-88.77616,-89.96573,-91.14844,-92.89062,-93.49296,-94.65458,-97.57235,-101.1199,-105.3176,-108.9683,-113.8974,-117.6553,-118.3122,-118.3105,-118.9157,-118.849,-120.0588,-120.5968,-120.4435,-120.2551,-120.7137,-121.1504,-121.5652,-121.2573,-123.0366,-123.3923,-124.4458,-126.2151,-127.9869,-129.7608,-131.5366,-132.5652,-135.093,-136.1127,-138.654,-139.664,-141.4406,-149.4782,-144.994
145.2341,143.6958,142.1546,142.3684,140.8138,140.9976,140.2961,139.5839,138.8611,138.1277,137.3838,136.6294,135.8646,135.9234,135.1331,134.3326,133.5218,133.5149,132.6788,136.6557,138.9626,142.8036,144.994,148.6955,146.8806,143.5222,141.7182,139.9147,138.1119,135.561,133.7661,131.9726,129.4496,127.6659,125.8845,123.3923,123.0366,121.2573,120.1759,119.7737,119.3497,118.2283,118.4361,117.9464,116.7785,116.9006,115.7018,115.1302,114.5363,118.9003,113.2817
-74.00045,-74.80328,-75.58492,-77.29972,-78.05435,-79.77262,-81,-82.22121,-83.43617,-84.64477,-85.84692,-87.04254,-88.23152,-89.96573,-91.14844,-92.32422,-93.49296,-95.23528,-96.39678,-101.1199,-104.7158,-109.5771,-113.2817,-118.2778,-118.9416,-118.3105,-118.9157,-119.4984,-120.0588,-119.9342,-120.4435,-120.9306,-120.7137,-121.1504,-121.5652,-121.2573,-123.0366,-123.3923,-124.4458,-126.2151,-127.9869,-129.0235,-131.5366,-133.3141,-134.3383,-136.8731,-137.888,-139.664,-141.4406,-149.4782,-144.994
144.3431,143.6958,143.0375,142.3684,141.6884,140.9976,139.4301,139.5839,138.8611,138.1277,137.3838,137.4728,135.8646,135.9234,135.1331,134.3326,134.3409,132.7008,134.2968,136.6557,139.7612,142.0102,145.782,148.6955,146.1034,143.5222,141.7182,139.9147,137.3571,136.3099,133.7661,131.9726,129.4496,127.6659,125.8845,123.3923,123.0366,121.2573,120.1759,119.7737,119.3497,118.9039,118.4361,117.9464,116.7785,116.2512,115.7018,115.7662,114.5363,118.9003,113.2817
-73.54646,-74.80328,-76.05439,-77.29972,-78.53916,-79.77262,-80.5,-82.22121,-83.43617,-84.64477,-85.84692,-87.57984,-88.23152,-89.96573,-91.14844,-92.32422,-94.06654,-94.65458,-97.57235,-101.1199,-105.3176,-108.9683,-113.8974,-118.2778,-118.3122,-118.3105,-118.9157,-119.4984,-119.4027,-120.5968,-120.4435,-120.9306,-120.7137,-121.1504,-121.5652,-121.2573,-123.0366,-123.3923,-124.4458,-126.2151,-127.9869,-129.7608,-131.5366,-133.3141,-134.3383,-136.1127,-137.888,-140.4357,-141.4406,-149.4782,-144.994
142.561,143.6958,143.0375,141.4896,141.6884,140.9976,140.2961,139.5839,138.8611,138.1277,137.3838,136.6294,136.7033,135.9234,135.1331,135.1567,133.5218,132.7008,132.6788,136.6557,139.7612,142.8036,145.782,147.9129,146.1034,143.5222,141.7182,139.1543,137.3571,135.561,133.7661,131.9726,129.4496,127.6659,125.1651,123.3923,122.3295,121.2573,120.1759,119.7737,119.3497,118.9039,118.4361,117.9464,116.7785,116.2512,116.3446,115.1302,114.5363,118.9003,113.2817
-72.63848,-74.80328,-76.05439,-76.82256,-78.53916,-79.77262,-81,-82.22121,-83.43617,-84.64477,-85.84692,-87.04254,-88.77616,-89.96573,-91.14844,-92.89062,-93.49296,-94.65458,-96.39678,-101.1199,-105.3176,-109.5771,-113.8974,-117.6553,-118.3122,-118.3105,-118.9157,-118.849,-119.4027,-119.9342,-120.4435,-120.9306,-120.7137,-121.1504,-120.8706,-121.2573,-122.3295,-123.3923,-124.4458,-126.2151,-127.9869,-129.7608,-131.5366,-133.3141,-134.3383,-136.1127,-138.654,-139.664,-141.4406,-149.4782,-144.994
143.4521,143.6958,143.0375,142.3684,141.6884,140.1273,140.2961,139.5839,138.8611,138.1277,137.3838,137.4728,135.8646,135.9234,135.1331,134.3326,133.5218,133.5149,132.6788,136.6557,139.7612,142.8036,145.782,148.6955,146.1034,143.5222,142.4843,139.9147,138.1119,135.561,133.7661,131.9726,129.4496,127.6659,125.8845,123.3923,123.0366,121.9582,120.1759,119.7737,119.3497,118.9039,118.4361,117.2837,117.4346,116.9006,115.7018,115.1302,114.5363,118.9003,113.8974
-73.09247,-74.80328,-76.05439,-77.29972,-78.53916,-79.28019,-81,-82.22121,-83.43617,-84.64477,-85.84692,-87.57984,-88.23152,-89.96573,-91.14844,-92.32422,-93.49296,-95.23528,-96.39678,-101.1199,-105.3176,-109.5771,-113.8974,-118.2778,-118.3122,-118.3105,-119.5585,-119.4984,-120.0588,-119.9342,-120.4435,-120.9306,-120.7137,-121.1504,-121.5652,-121.2573,-123.0366,-124.1056,-124.4458,-126.2151,-127.9869,-129.7608,-131.5366,-132.5652,-135.093,-136.8731,-137.888,-139.664,-141.4406,-149.4782,-145.782
144.3431,143.6958,143.0375,142.3684,141.6884,140.9976,140.2961,139.5839,138.8611,138.1277,137.3838,136.6294,136.7033,135.9234,135.1331,135.1567,134.3409,132.7008,132.6788,136.6557,139.7612,142.8036,145.782,148.6955,146.8806,143.5222,142.4843,139.9147,138.1119,135.561,133.7661,131.9726,130.181,127.6659,125.8845,123.3923,122.3295,121.2573,120.1759,119.7737,119.3497,118.9039,118.4361,117.2837,117.4346,116.2512,115.7018,115.1302,114.5363,118.9003,113.2817
-73.54646,-74.80328,-76.05439,-77.29972,-78.53916,-79.77262,-81,-82.22121,-83.43617,-84.64477,-85.84692,-87.04254,-88.77616,-89.96573,-91.14844,-92.89062,-94.06654,-94.65458,-96.39678,-101.1199,-105.3176,-109.5771,-113.8974,-118.2778,-118.9416,-118.3105,-119.5585,-119.4984,-120.0588,-119.9342,-120.4435,-120.9306,-121.3957,-121.1504,-121.5652,-121.2573,-122.3295,-123.3923,-124.4458,-126.2151,-127.9869,-129.7608,-131.5366,-132.5652,-135.093,-136.1127,-137.888,-139.664,-141.4406,-149.4782,-144.994
144.3431,143.6958,143.0375,142.3684,141.6884,140.9976,140.2961,139.5839,138.8611,138.1277,137.3838,136.6294,136.7033,135.9234,135.1331,134.3326,134.3409,132.7008,132.6788,136.6557,139.7612,142.0102,145.782,148.6955,146.1034,144.2938,141.7182,139.1543,138.1119,135.561,133.7661,131.9726,129.4496,127.6659,125.8845,123.3923,123.0366,121.2573,120.1759,119.7737,119.3497,118.9039,118.4361,117.9464,117.4346,116.2512,115.7018,115.1302,114.5363,118.9003,113.2817
-73.54646,-74.80328,-76.05439,-77.29972,-78.53916,-79.77262,-81,-82.22121,-83.43617,-84.64477,-85.84692,-87.04254,-88.77616,-89.96573,-91.14844,-92.32422,-94.06654,-94.65458,-96.39678,-101.1199,-105.3176,-108.9683,-113.8974,-118.2778,-118.3122,-118.9466,-118.9157,-118.849,-120.0588,-119.9342,-120.4435,-120.9306,-120.7137,-121.1504,-121.5652,-121.2573,-123.0366,-123.3923,-124.4458,-126.2151,-127.9869,-129.7608,-131.5366,-133.3141,-135.093,-136.1127,-137.888,-139.664,-141.4406,-149.4782,-144.994
144.3431,143.6958,143.0375,142.3684,141.6884,140.9976,140.2961,139.5839,138.8611,138.1277,138.2318,136.6294,136.7033,135.9234,135.1331,134.3326,134.3409,132.7008,132.6788,136.6557,138.9626,142.8036,144.994,148.6955,146.8806,143.5222,141.7182,139.9147,137.3571,135.561,133.7661,131.9726,129.4496,127.6659,125.8845,123.3923,123.0366,121.2573,120.1759,119.7737,119.3497,118.9039,118.4361,117.9464,117.4346,116.9006,115.7018,115.1302,114.5363,118.9003,113.8974
-73.54646,-74.80328,-76.05439,-77.29972,-78.53916,-79.77262,-81,-82.22121,-83.43617,-84.64477,-86.37684,-87.04254,-88.77616,-89.96573,-91.14844,-92.32422,-94.06654,-94.65458,-96.39678,-101.1199,-104.7158,-109.5771,-113.2817,-118.2778,-118.9416,-118.3105,-118.9157,-119.4984,-119.4027,-119.9342,-120.4435,-120.9306,-120.7137,-121.1504,-121.5652,-121.2573,-123.0366,-123.3923,-124.4458,-126.2151,-127.9869,-129.7608,-131.5366,-133.3141,-135.093,-136.8731,-137.888,-139.664,-141.4406,-149.4782,-145.782
139.888,143.6958,143.0375,142.3684,140.8138,140.9976,140.2961,139.5839,138.8611,138.1277,137.3838,137.4728,136.7033,135.9234,135.1331,134.3326,134.3409,132.7008,132.6788,136.6557,139.7612,142.8036,145.782,148.6955,146.1034,143.5222,141.7182,139.9147,138.1119,135.561,133.7661,131.9726,129.4496,127.6659,125.8845,123.3923,122.3295,121.2573,120.1759,119.7737,119.3497,118.9039,118.4361,117.9464,117.4346,116.2512,115.7018,115.1302,114.5363,118.9003,113.2817
-71.27651,-74.80328,-76.05439,-77.29972,-78.05435,-79.77262,-81,-82.22121,-83.43617,-84.64477,-85.84692,-87.57984,-88.77616,-89.96573,-91.14844,-92.32422,-94.06654,-94.65458,-96.39678,-101.1199,-105.3176,-109.5771,-113.8974,-118.2778,-118.3122,-118.3105,-118.9157,-119.4984,-120.0588,-119.9342,-120.4435,-120.9306,-120.7137,-121.1504,-121.5652,-121.2573,-122.3295,-123.3923,-124.4458,-126.2151,-127.9869,-129.7608,-131.5366,-133.3141,-135.093,-136.1127,-137.888,-139.664,-141.4406,-149.4782,-144.994
144.3431,143.6958,143.0375,142.3684,141.6884,140.9976,140.2961,139.5839,138.8611,138.1277,137.3838,137.4728,136.7033,135.9234,135.1331,134.3326,133.5218,133.5149,134.2968,136.6557,139.7612,142.8036,145.782,148.6955,146.8806,143.5222,140.9522,139.9147,138.1119,135.561,133.7661,131.9726,129.4496,127.6659,125.8845,123.3923,122.3295,121.2573,120.1759,119.7737,119.3497,118.9039,118.4361,117.9464,116.7785,116.2512,115.7018,115.1302,114.5363,118.9003,113.2817
-73.54646,-74.80328,-76.05439,-77.29972,-78.53916,-79.77262,-81,-82.22121,-83.43617,-84.64477,-85.84692,-87.57984,-88.77616,-89.96573,-91.14844,-92.32422,-93.49296,-95.23528,-97.57235,-101.1199,-105.3176,-109.5771,-113.8974,-118.2778,-118.9416,-118.3105,-118.2729,-119.4984,-120.0588,-119.9342,-120.4435,-120.9306,-120.7137,-121.1504,-121.5652,-121.2573,-122.3295,-123.3923,-124.4458,-126.2151,-127.9869,-129.7608,-131.5366,-133.3141,-134.3383,-136.1127,-137.888,-139.664,-141.4406,-149.4782,-144.994
144.3431,143.6958,142.1546,142.3684,140.8138,140.9976,140.2961,139.5839,138.8611,138.1277,137.3838,137.4728,135.8646,135.9234,135.1331,134.3326,134.3409,132.7008,132.6788,137.4595,139.7612,142.8036,145.782,148.6955,146.1034,143.5222,141.7182,139.1543,137.3571,135.561,133.7661,131.2354,129.4496,127.6659,125.8845,123.3923,123.0366,121.2573,120.1759,119.7737,119.3497,118.9039,117.767,117.9464,117.4346,116.2512,116.3446,115.1302,114.5363,118.9003,113.2817
-73.54646,-74.80328,-75.58492,-77.29972,-78.05435,-79.77262,-81,-82.22121,-83.43617,-84.64477,-85.84692,-87.57984,-88.23152,-89.96573,-91.14844,-92.32422,-94.06654,-94.65458,-96.39678,-101.7147,-105.3176,-109.5771,-113.8974,-118.2778,-118.3122,-118.3105,-118.9157,-118.849,-119.4027,-119.9342,-120.4435,-120.2551,-120.7137,-121.1504,-121.5652,-121.2573,-123.0366,-123.3923,-124.4458,-126.2151,-127.9869,-129.7608,-130.7935,-133.3141,-135.093,-136.1127,-138.654,-139.664,-141.4406,-149.4782,-144.994
143.4521,143.6958,142.1546,141.4896,141.6884,140.9976,139.4301,139.5839,138.8611,138.1277,137.3838,136.6294,135.8646,135.9234,135.1331,134.3326,133.5218,132.7008,132.6788,136.6557,138.9626,142.0102,145.782,148.6955,146.1034,143.5222,140.9522,139.9147,137.3571,135.561,133.7661,131.9726,129.4496,127.6659,125.8845,123.3923,122.3295,121.2573,120.1759,119.7737,119.3497,118.9039,118.4361,117.9464,116.7785,116.9006,116.3446,115.1302,114.5363,118.9003,113.2817
-73.09247,-74.80328,-75.58492,-76.82256,-78.53916,-79.77262,-80.5,-82.22121,-83.43617,-84.64477,-85.84692,-87.04254,-88.23152,-89.96573,-91.14844,-92.32422,-93.49296,-94.65458,-96.39678,-101.1199,-104.7158,-108.9683,-113.8974,-118.2778,-118.3122,-118.3105,-118.2729,-119.4984,-119.4027,-119.9342,-120.4435,-120.9306,-120.7137,-121.1504,-121.5652,-121.2573,-122.3295,-123.3923,-124.4458,-126.2151,-127.9869,-129.7608,-131.5366,-133.3141,-134.3383,-136.8731,-138.654,-139.664,-141.4406,-149.4782,-144.994
143.4521,143.6958,142.1546,142.3684,141.6884,140.9976,140.2961,139.5839,138.8611,138.1277,138.2318,136.6294,136.7033,135.9234,135.1331,134.3326,133.5218,132.7008,132.6788,136.6557,139.7612,142.8036,145.782,148.6955,146.8806,143.5222,140.9522,139.1543,138.1119,135.561,133.7661,131.9726,129.4496,127.6659,125.8845,123.3923,122.3295,121.2573,120.1759,119.7737,119.3497,118.9039,118.4361,117.9464,117.4346,116.2512,115.7018,115.1302,114.5363,118.9003,112.666
-73.09247,-74.80328,-75.58492,-77.29972,-78.53916,-79.77262,-81,-82.22121,-83.43617,-84.64477,-86.37684,-87.04254,-88.77616,-89.96573,-91.14844,-92.32422,-93.49296,-94.65458,-96.39678,-101.1199,-105.3176,-109.5771,-113.8974,-118.2778,-118.9416,-118.3105,-118.2729,-118.849,-120.0588,-119.9342,-120.4435,-120.9306,-120.7137,-121.1504,-121.5652,-121.2573,-122.3295,-123.3923,-124.4458,-126.2151,-127.9869,-129.7608,-131.5366,-133.3141,-135.093,-136.1127,-137.888,-139.664,-141.4406,-149.4782,-144.206
144.3431,143.6958,143.0375,142.3684,141.6884,140.9976,140.2961,139.5839,138.8611,138.1277,137.3838,136.6294,136.7033,135.9234,135.1331,134.3326,133.5218,132.7008,132.6788,136.6557,139.7612,142.0102,145.782,148.6955,146.1034,143.5222,141.7182,139.9147,137.3571,135.561,133.7661,131.9726,129.4496,127.6659,125.8845,123.3923,122.3295,121.2573,120.1759,119.7737,119.3497,118.9039,118.4361,117.9464,117.4346,116.2512,115.7018,115.1302,114.5363,118.9003,113.2817
-73.54646,-74.80328,-76.05439,-77.29972,-78.53916,-79.77262,-81,-82.22121,-83.43617,-84.64477,-85.84692,-87.04254,-88.77616,-89.96573,-91.14844,-92.32422,-93.49296,-94.65458,-96.39678,-101.1199,-105.3176,-108.9683,-113.8974,-118.2778,-118.3122,-118.3105,-118.9157,-119.4984,-119.4027,-119.9342,-120.4435,-120.9306,-120.7137,-121.1504,-121.5652,-121.2573,-122.3295,-123.3923,-124.4458,-126.2151,-127.9869,-129.7608,-131.5366,-133.3141,-135.093,-136.1127,-137.888,-139.664,-141.4406,-149.4782,-144.994
143.4521,143.6958,143.0375,141.4896,141.6884,140.9976,139.4301,139.5839,138.8611,138.1277,138.2318,137.4728,136.7033,135.9234,135.1331,134.3326,134.3409,132.7008,132.6788,136.6557,139.7612,142.8036,145.782,148.6955,146.1034,143.5222,142.4843,139.9147,138.1119,135.561,133.7661,131.9726,129.4496,127.6659,125.8845,123.3923,123.0366,121.2573,120.1759,119.7737,119.3497,118.9039,118.4361,117.9464,117.4346,116.2512,116.3446,115.1302,114.5363,118.9003,113.8974
-73.09247,-74.80328,-76.05439,-76.82256,-78.53916,-79.77262,-80.5,-82.22121,-83.43617,-84.64477,-86.37684,-87.57984,-88.77616,-89.96573,-91.14844,-92.32422,-94.06654,-94.65458,-96.39678,-101.1199,-105.3176,-109.5771,-113.8974,-118.2778,-118.3122,-118.3105,-119.5585,-119.4984,-120.0588,-119.9342,-120.4435,-120.9306,-120.7137,-121.1504,-121.5652,-121.2573,-123.0366,-123.3923,-124.4458,-126.2151,-127.9869,-129.7608,-131.5366,-133.3141,-135.093,-136.1127,-138.654,-139.664,-141.4406,-149.4782,-145.782
144.3431,143.6958,142.1546,141.4896,141.6884,140.9976,140.2961,139.5839,138.8611,138.1277,137.3838,136.6294,136.7033,135.9234,135.1331,134.3326,133.5218,132.7008,132.6788,136.6557,138.9626,142.0102,145.782,148.6955,146.8806,143.5222,142.4843,139.1543,138.1119,136.3099,133.7661,131.9726,129.4496,127.6659,125.8845,124.1056,123.0366,121.2573,120.1759,119.7737,119.3497,118.9039,118.4361,117.9464,116.7785,116.9006,115.7018,115.1302,114.5363,118.9003,113.2817
-73.54646,-74.80328,-75.58492,-76.82256,-78.53916,-79.77262,-81,-82.22121,-83.43617,-84.64477,-85.84692,-87.04254,-88.77616,-89.96573,-91.14844,-92.32422,-93.49296,-94.65458,-96.39678,-101.1199,-104.7158,-108.9683,-113.8974,-118.2778,-118.9416,-118.3105,-119.5585,-118.849,-120.0588,-120.5968,-120.4435,-120.9306,-120.7137,-121.1504,-121.5652,-121.9582,-123.0366,-123.3923,-124.4458,-126.2151,-127.9869,-129.7608,-131.5366,-133.3141,-134.3383,-136.8731,-137.888,-139.664,-141.4406,-149.4782,-144.994
144.3431,143.6958,142.1546,142.3684,141.6884,140.9976,140.2961,139.5839,138.8611,138.1277,137.3838,137.4728,136.7033,135.9234,135.1331,135.1567,133.5218,133.5149,132.6788,136.6557,139.7612,142.8036,145.782,148.6955,146.1034,143.5222,140.9522,139.9147,138.1119,135.561,133.7661,131.9726,129.4496,127.6659,125.8845,123.3923,123.0366,121.9582,120.1759,119.7737,119.3497,118.9039,118.4361,117.9464,117.4346,116.2512,115.7018,115.1302,114.5363,118.9003,113.2817
-73.54646,-74.80328,-75.58492,-77.29972,-78.53916,-79.77262,-81,-82.22121,-83.43617,-84.64477,-85.84692,-87.57984,-88.77616,-89.96573,-91.14844,-92.89062,-93.49296,-95.23528,-96.39678,-101.1199,-105.3176,-109.5771,-113.8974,-118.2778,-118.3122,-118.3105,-118.2729,-119.4984,-120.0588,-119.9342,-120.4435,-120.9306,-120.7137,-121.1504,-121.5652,-121.2573,-123.0366,-124.1056,-124.4458,-126.2151,-127.9869,-129.7608,-131.5366,-133.3141,-135.093,-136.1127,-137.888,-139.664,-141.4406,-149.4782,-144.994
140.779,143.6958,142.1546,142.3684,141.6884,140.9976,140.2961,139.5839,138.8611,138.1277,137.3838,137.4728,136.7033,135.9234,135.1331,134.3326,133.5218,132.7008,132.6788,136.6557,139.7612,142.8036,145.782,148.6955,146.8806,143.5222,141.7182,139.1543,138.1119,134.812,133.7661,131.9726,129.4496,127.6659,125.8845,123.3923,123.0366,120.5564,120.1759,119.7737,119.3497,118.9039,118.4361,117.9464,117.4346,116.2512,115.7018,115.7662,115.1656,118.9003,113.8974
-71.7305,-74.80328,-75.58492,-77.29972,-78.53916,-79.77262,-81,-82.22121,-83.43617,-84.64477,-85.84692,-87.57984,-88.77616,-89.96573,-91.14844,-92.32422,-93.49296,-94.65458,-96.39678,-101.1199,-105.3176,-109.5771,-113.8974,-118.2778,-118.9416,-118.3105,-118.9157,-118.849,-120.0588,-119.2716,-120.4435,-120.9306,-120.7137,-121.1504,-121.5652,-121.2573,-123.0366,-122.6791,-124.4458,-126.2151,-127.9869,-129.7608,-131.5366,-133.3141,-135.093,-136.1127,-137.888,-140.4357,-142.2177,-149.4782,-145.782
144.3431,143.6958,143.0375,142.3684,141.6884,140.1273,140.2961,139.5839,138.8611,138.1277,137.3838,136.6294,136.7033,135.9234,135.1331,135.1567,133.5218,133.5149,132.6788,136.6557,138.9626,142.8036,145.782,148.6955,146.8806,143.5222,141.7182,139.1543,138.1119,135.561,133.7661,131.9726,130.181,127.6659,125.8845,124.1056,122.3295,121.9582,120.1759,119.7737,119.3497,118.2283,117.767,117.9464,117.4346,116.9006,116.3446,115.7662,114.5363,118.9003,113.2817
-73.54646,-74.80328,-76.05439,-77.29972,-78.53916,-79.28019,-81,-82.22121,-83.43617,-84.64477,-85.84692,-87.04254,-88.77616,-89.96573,-91.14844,-92.89062,-93.49296,-95.23528,-96.39678,-101.1199,-104.7158,-109.5771,-113.8974,-118.2778,-118.9416,-118.3105,-118.9157,-118.849,-120.0588,-119.9342,-120.4435,-120.9306,-121.3957,-121.1504,-121.5652,-121.9582,-122.3295,-124.1056,-124.4458,-126.2151,-127.9869,-129.0235,-130.7935,-133.3141,-135.093,-136.8731,-138.654,-140.4357,-141.4406,-149.4782,-144.994
144.3431,143.6958,142.1546,141.4896,141.6884,140.9976,140.2961,139.5839,138.8611,138.1277,137.3838,137.4728,136.7033,135.9234,135.1331,134.3326,133.5218,133.5149,132.6788,136.6557,139.7612,142.8036,145.782,148.6955,146.1034,143.5222,140.9522,139.9147,138.1119,135.561,133.7661,131.9726,129.4496,127.6659,125.8845,123.3923,123.0366,121.2573,120.1759,119.7737,119.3497,118.9039,118.4361,117.9464,117.4346,116.2512,115.7018,115.1302,115.1656,118.9003,113.2817
-73.54646,-74.80328,-75.58492,-76.82256,-78.53916,-79.77262,-81,-82.22121,-83.43617,-84.64477,-85.84692,-87.57984,-88.77616,-89.96573,-91.14844,-92.32422,-93.49296,-95.23528,-96.39678,-101.1199,-105.3176,-109.5771,-113.8974,-118.2778,-118.3122,-118.3105,-118.2729,-119.4984,-120.0588,-119.9342,-120.4435,-120.9306,-120.7137,-121.1504,-121.5652,-121.2573,-123.0366,-123.3923,-124.4458,-126.2151,-127.9869,-129.7608,-131.5366,-133.3141,-135.093,-136.1127,-137.888,-139.664,-142.2177,-149.4782,-144.994
144.3431,143.6958,143.0375,142.3684,141.6884,140.9976,140.2961,139.5839,138.8611,138.1277,137.3838,137.4728,136.7033,135.9234,135.1331,134.3326,133.5218,133.5149,132.6788,136.6557,139.7612,142.8036,144.994,148.6955,146.1034,143.5222,140.9522,139.1543,138.1119,136.3099,133.7661,131.9726,129.4496,127.6659,125.8845,123.3923,123.0366,121.2573,120.1759,119.7737,119.3497,118.9039,118.4361,117.9464,117.4346,116.2512,116.3446,115.7662,114.5363,118.9003,113.2817
-73.54646,-74.80328,-76.05439,-77.29972,-78.53916,-79.77262,-81,-82.22121,-83.43617,-84.64477,-85.84692,-87.57984,-88.77616,-89.96573,-91.14844,-92.32422,-93.49296,-95.23528,-96.39678,-101.1199,-105.3176,-109.5771,-113.2817,-118.2778,-118.3122,-118.3105,-118.2729,-118.849,-120.0588,-120.5968,-120.4435,-120.9306,-120.7137,-121.1504,-121.5652,-121.2573,-123.0366,-123.3923,-124.4458,-126.2151,-127.9869,-129.7608,-131.5366,-133.3141,-135.093,-136.1127,-138.654,-140.4357,-141.4406,-149.4782,-144.994
144.3431,143.6958,142.1546,142.3684,141.6884,140.9976,140.2961,139.5839,138.8611,138.1277,137.3838,137.4728,136.7033,135.9234,135.1331,134.3326,134.3409,132.7008,132.6788,136.6557,138.9626,142.8036,145.782,148.6955,146.8806,143.5222,141.7182,139.1543,138.1119,135.561,133.7661,131.9726,129.4496,127.6659,125.8845,124.1056,122.3295,121.2573,120.1759,119.7737,119.3497,118.9039,118.4361,117.9464,117.4346,116.2512,116.3446,115.1302,114.5363,118.9003,113.2817
-73.54646,-74.80328,-75.58492,-77.29972,-78.53916,-79.77262,-81,-82.22121,-83.43617,-84.64477,-85.84692,-87.57984,-88.77616,-89.96573,-91.14844,-92.32422,-94.06654,-94.65458,-96.39678,-101.1199,-104.7158,-109.5771,-113.8974,-118.2778,-118.9416,-118.3105,-118.9157,-118.849,-120.0588,-119.9342,-120.4435,-120.9306,-120.7137,-121.1504,-121.5652,-121.9582,-122.3295,-123.3923,-124.4458,-126.2151,-127.9869,-129.7608,-131.5366,-133.3141,-135.093,-136.1127,-138.654,-139.664,-141.4406,-149.4782,-144.994
143.4521,143.6958,142.1546,142.3684,141.6884,140.9976,140.2961,139.5839,138.8611,138.1277,137.3838,137.4728,136.7033,135.9234,135.1331,134.3326,133.5218,132.7008,132.6788,136.6557,139.7612,142.8036,145.782,148.6955,146.1034,143.5222,141.7182,139.9147,138.1119,135.561,133.7661,131.9726,129.4496,127.6659,125.8845,123.3923,123.0366,121.2573,120.1759,119.7737,119.3497,118.9039,118.4361,117.9464,117.4346,116.2512,115.7018,115.7662,114.5363,118.9003,113.2817
-73.09247,-74.80328,-75.58492,-77.29972,-78.53916,-79.77262,-81,-82.22121,-83.43617,-84.64477,-85.84692,-87.57984,-88.77616,-89.96573,-91.14844,-92.32422,-93.49296,-94.65458,-96.39678,-101.1199,-105.3176,-109.5771,-113.8974,-118.2778,-118.3122,-118.3105,-118.9157,-119.4984,-120.0588,-119.9342,-120.4435,-120.9306,-120.7137,-121.1504,-121.5652,-121.2573,-123.0366,-123.3923,-124.4458,-126.2151,-127.9869,-129.7608,-131.5366,-133.3141,-135.093,-136.1127,-137.888,-140.4357,-141.4406,-149.4782,-144.994
143.4521,143.6958,143.0375,142.3684,141.6884,140.9976,140.2961,139.5839,138.8611,138.1277,137.3838,137.4728,136.7033,135.9234,135.1331,134.3326,134.3409,132.7008,132.6788,136.6557,139.7612,142.8036,144.994,148.6955,146.8806,144.2938,141.7182,139.9147,137.3571,135.561,133.7661,131.9726,129.4496,127.6659,125.8845,123.3923,123.0366,121.9582,120.1759,119.7737,119.3497,118.9039,118.4361,117.9464,117.4346,116.9006,115.7018,115.1302,114.5363,118.9003,113.8974
-73.09247,-74.80328,-76.05439,-77.29972,-78.53916,-79.77262,-81,-82.22121,-83.43617,-84.64477,-85.84692,-87.57984,-88.77616,-89.96573,-91.14844,-92.32422,-94.06654,-94.65458,-96.39678,-101.1199,-105.3176,-109.5771,-113.2817,-118.2778,-118.9416,-118.9466,-118.9157,-119.4984,-119.4027,-119.9342,-120.4435,-120.9306,-120.7137,-121.1504,-121.5652,-121.2573,-123.0366,-124.1056,-124.4458,-126.2151,-127.9869,-129.7608,-131.5366,-133.3141,-135.093,-136.8731,-137.888,-139.664,-141.4406,-149.4782,-145.782
144.3431,143.6958,143.0375,142.3684,141.6884,140.9976,140.2961,139.5839,138.8611,138.1277,137.3838,136.6294,136.7033,135.9234,135.1331,134.3326,133.5218,132.7008,132.6788,136.6557,139.7612,142.8036,145.782,148.6955,146.8806,143.5222,141.7182,139.9147,138.1119,135.561,133.7661,131.9726,129.4496,127.6659,125.8845,123.3923,123.0366,121.2573,120.1759,119.7737,119.3497,118.9039,118.4361,117.9464,117.4346,116.2512,115.7018,115.1302,114.5363,118.9003,113.2817
-73.54646,-74.80328,-76.05439,-77.29972,-78.53916,-79.77262,-81,-82.22121,-83.43617,-84.64477,-85.84692,-87.04254,-88.77616,-89.96573,-91.14844,-92.32422,-93.49296,-94.65458,-96.39678,-101.1199,-105.3176,-109.5771,-113.8974,-118.2778,-118.9416,-118.3105,-118.9157,-119.4984,-120.0588,-119.9342,-120.4435,-120.9306,-120.7137,-121.1504,-121.5652,-121.2573,-123.0366,-123.3923,-124.4458,-126.2151,-127.9869,-129.7608,-131.5366,-133.3141,-135.093,-136.1127,-137.888,-139.664,-141.4406,-149.4782,-144.994
144.3431,143.6958,143.0375,142.3684,141.6884,140.9976,140.2961,139.5839,138.8611,138.1277,137.3838,137.4728,136.7033,135.9234,135.1331,134.3326,134.3409,133.5149,132.6788,135.8518,138.9626,142.0102,145.782,148.6955,146.8806,144.2938,141.7182,139.1543,138.1119,135.561,133.7661,131.9726,129.4496,127.6659,125.8845,123.3923,123.0366,121.2573,120.1759,119.7737,119.3497,118.9039,118.4361,117.9464,117.4346,116.2512,116.3446,115.1302,114.5363,118.9003,113.2817
-73.54646,-74.80328,-76.05439,-77.29972,-78.53916,-79.77262,-81,-82.22121,-83.43617,-84.64477,-85.84692,-87.57984,-88.77616,-89.96573,-91.14844,-92.32422,-94.06654,-95.23528,-96.39678,-100.5251,-104.7158,-108.9683,-113.8974,-118.2778,-118.9416,-118.9466,-118.9157,-118.849,-120.0588,-119.9342,-120.4435,-120.9306,-120.7137,-121.1504,-121.5652,-121.2573,-123.0366,-123.3923,-124.4458,-126.2151,-127.9869,-129.7608,-131.5366,-133.3141,-135.093,-136.1127,-138.654,-139.664,-141.4406,-149.4782,-144.994
144.3431,143.6958,142.1546,142.3684,141.6884,140.9976,140.2961,139.5839,138.8611,138.1277,137.3838,137.4728,136.7033,135.9234,135.1331,134.3326,133.5218,132.7008,134.2968,136.6557,138.9626,142.8036,145.782,148.6955,146.1034,143.5222,142.4843,139.9147,138.1119,135.561,133.7661,131.2354,129.4496,127.6659,125.8845,123.3923,122.3295,121.2573,120.1759,119.7737,119.3497,118.9039,118.4361,117.9464,117.4346,116.2512,116.3446,115.1302,114.5363,118.9003,113.2817
-73.54646,-74.80328,-75.58492,-77.29972,-78.53916,-79.77262,-81,-82.22121,-83.43617,-84.64477,-85.84692,-87.57984,-88.77616,-89.96573,-91.14844,-92.32422,-93.49296,-94.65458,-97.57235,-101.1199,-104.7158,-109.5771,-113.8974,-118.2778,-118.3122,-118.3105,-119.5585,-119.4984,-120.0588,-119.9342,-120.4435,-120.2551,-120.7137,-121.1504,-121.5652,-121.2573,-122.3295,-123.3923,-124.4458,-126.2151,-127.9869,-129.7608,-131.5366,-133.3141,-135.093,-136.1127,-138.654,-139.664,-141.4406,-149.4782,-144.994
