161.5085,161.7508,161.9809,161.2096,160.4234,160.6141,158.8074,157.9779,157.1345,157.2726,155.4064,154.5222,154.6224,153.7128,153.7889,153.8534,152.9068,153.9472,153.9765,154.9941,157,157.994,158.9758,159.9452,160.9019,161.8458,163.7752,163.6941,164.5981,165.4883,167.3607,167.2266,168.0742,161.9522,155.8297,149.7082,144.5791,141.4293,139.2641,138.08,137.8731,137.6557,137.4278,137.1895,136.9407,136.6814,136.4118,136.1318,135.8414,135.5407,134.2637,134.9083,133.6154,134.2348,132.9264,132.5667,133.1479
28.4783,27.06781,25.65525,24.09293,22.54604,21.14524,19.49909,17.99931,16.5155,15.14363,13.5963,12.16116,10.81225,9.401475,8.059737,6.717386,5.339623,4.03125,2.687671,1.352613,0,-1.378793,-2.774933,-4.188312,-5.618819,-7.066341,-8.583097,-10.01196,-11.50982,-13.02421,-14.64216,-16.10209,-17.66531,-18.45212,-19.13349,-19.70946,-20.31927,-21.13675,-22.05726,-23.10666,-24.31074,-25.51297,-26.71326,-27.91151,-29.10764,-30.30155,-31.49315,-32.68235,-33.86907,-35.0532,-35.97585,-37.41337,-38.31359,-39.76215,-40.63967,-41.79811,-43.26238
160.5237,161.7508,161.9809,162.1986,160.4234,160.6141,158.8074,157.9779,157.1345,156.2772,155.4064,155.5191,153.6249,153.7128,153.7889,153.8534,152.9068,153.9472,153.9765,154.9941,157,156.994,158.9758,159.9452,160.9019,161.8458,163.7752,163.6941,164.5981,165.4883,166.3645,168.222,168.0742,162.9458,155.8297,149.7082,144.5791,141.4293,139.2641,139.0663,137.8731,137.6557,137.4278,137.1895,136.9407,136.6814,136.4118,136.1318,135.8414,135.5407,135.2296,134.9083,133.6154,134.2348,133.8827,132.5667,133.1479
28.30465,27.06781,25.65525,24.24074,22.54604,21.14524,19.49909,17.99931,16.5155,15.04778,13.5963,12.23962,10.7425,9.401475,8.059737,6.717386,5.339623,4.03125,2.687671,1.352613,0,-1.370066,-2.774933,-4.188312,-5.618819,-7.066341,-8.583097,-10.01196,-11.50982,-13.02421,-14.55501,-16.19793,-17.66531,-18.56533,-19.13349,-19.70946,-20.31927,-21.13675,-22.05726,-23.27171,-24.31074,-25.51297,-26.71326,-27.91151,-29.10764,-30.30155,-31.49315,-32.68235,-33.86907,-35.0532,-36.23467,-37.41337,-38.31359,-39.76215,-40.93204,-41.79811,-43.26238
160.5237,161.7508,161.9809,162.1986,161.4137,159.6226,158.8074,158.9715,158.129,156.2772,155.4064,154.5222,154.6224,153.7128,153.7889,152.8544,153.9062,153.9472,153.9765,154.9941,156,157.994,158.9758,159.9452,160.9019,161.8458,162.7766,163.6941,164.5981,165.4883,167.3607,168.222,168.0742,161.9522,155.8297,149.7082,144.5791,141.4293,139.2641,138.08,137.8731,137.6557,137.4278,137.1895,136.9407,136.6814,136.4118,136.1318,135.8414,135.5407,134.2637,134.9083,134.5766,134.2348,133.8827,132.5667,133.1479
28.30465,27.06781,25.65525,24.24074,22.68522,21.01472,19.49909,18.11251,16.62003,15.04778,13.5963,12.16116,10.81225,9.401475,8.059737,6.673766,5.374522,4.03125,2.687671,1.352613,0,-1.378793,-2.774933,-4.188312,-5.618819,-7.066341,-8.530761,-10.01196,-11.50982,-13.02421,-14.64216,-16.19793,-17.66531,-18.45212,-19.13349,-19.70946,-20.31927,-21.13675,-22.05726,-23.10666,-24.31074,-25.51297,-26.71326,-27.91151,-29.10764,-30.30155,-31.49315,-32.68235,-33.86907,-35.0532,-35.97585,-37.41337,-38.58923,-39.76215,-40.93204,-41.79811,-43.26238
160.5237,161.7508,161.9809,161.2096,160.4234,159.6226,158.8074,157.9779,157.1345,157.2726,156.4026,154.5222,153.6249,153.7128,153.7889,152.8544,152.9068,153.9472,153.9765,154.9941,156,157.994,158.9758,159.9452,160.9019,161.8458,162.7766,163.6941,164.5981,165.4883,167.3607,168.222,168.0742,162.9458,155.8297,149.7082,144.5791,141.4293,139.2641,139.0663,137.8731,137.6557,137.4278,137.1895,136.9407,136.6814,136.4118,136.1318,135.8414,135.5407,135.2296,134.9083,134.5766,134.2348,132.9264,133.5204,132.1969
28.30465,27.06781,25.65525,24.09293,22.54604,21.01472,19.49909,17.99931,16.5155,15.14363,13.68345,12.16116,10.7425,9.401475,8.059737,6.673766,5.339623,4.03125,2.687671,1.352613,0,-1.378793,-2.774933,-4.188312,-5.618819,-7.066341,-8.530761,-10.01196,-11.50982,-13.02421,-14.64216,-16.19793,-17.66531,-18.56533,-19.13349,-19.70946,-20.31927,-21.13675,-22.05726,-23.27171,-24.31074,-25.51297,-26.71326,-27.91151,-29.10764,-30.30155,-31.49315,-32.68235,-33.86907,-35.0532,-36.23467,-37.41337,-38.58923,-39.76215,-40.63967,-42.09881,-42.95336
161.5085,161.7508,161.9809,161.2096,160.4234,159.6226,158.8074,157.9779,157.1345,156.2772,155.4064,155.5191,153.6249,153.7128,152.7903,153.8534,152.9068,153.9472,153.9765,155.9941,157,157.994,158.9758,159.9452,160.9019,161.8458,162.7766,163.6941,164.5981,165.4883,166.3645,167.2266,168.0742,162.9458,155.8297,149.7082,144.5791,141.4293,139.2641,139.0663,137.8731,137.6557,137.4278,137.1895,136.9407,136.6814,136.4118,136.1318,135.8414,135.5407,135.2296,133.9446,134.5766,133.2759,132.9264,132.5667,133.1479
28.4783,27.06781,25.65525,24.09293,22.54604,21.01472,19.49909,17.99931,16.5155,15.04778,13.5963,12.23962,10.7425,9.401475,8.007401,6.717386,5.339623,4.03125,2.687671,1.36134,0,-1.378793,-2.774933,-4.188312,-5.618819,-7.066341,-8.530761,-10.01196,-11.50982,-13.02421,-14.55501,-16.10209,-17.66531,-18.56533,-19.13349,-19.70946,-20.31927,-21.13675,-22.05726,-23.27171,-24.31074,-25.51297,-26.71326,-27.91151,-29.10764,-30.30155,-31.49315,-32.68235,-33.86907,-35.0532,-36.23467,-37.14613,-38.58923,-39.47813,-40.63967,-41.79811,-43.26238
158.554,161.7508,161.9809,161.2096,161.4137,159.6226,158.8074,157.9779,157.1345,156.2772,156.4026,155.5191,153.6249,153.7128,153.7889,153.8534,153.9062,153.9472,153.9765,154.9941,157,157.994,158.9758,159.9452,160.9019,161.8458,163.7752,163.6941,164.5981,165.4883,167.3607,168.222,168.0742,161.9522,155.8297,149.7082,144.5791,141.4293,139.2641,138.08,137.8731,137.6557,137.4278,137.1895,136.9407,136.6814,136.4118,136.1318,135.8414,135.5407,135.2296,134.9083,133.6154,133.2759,132.9264,133.5204,133.1479
27.95736,27.06781,25.65525,24.09293,22.68522,21.01472,19.49909,17.99931,16.5155,15.04778,13.68345,12.23962,10.7425,9.401475,8.059737,6.717386,5.374522,4.03125,2.687671,1.352613,0,-1.378793,-2.774933,-4.188312,-5.618819,-7.066341,-8.583097,-10.01196,-11.50982,-13.02421,-14.64216,-16.19793,-17.66531,-18.45212,-19.13349,-19.70946,-20.31927,-21.13675,-22.05726,-23.10666,-24.31074,-25.51297,-26.71326,-27.91151,-29.10764,-30.30155,-31.49315,-32.68235,-33.86907,-35.0532,-36.23467,-37.41337,-38.31359,-39.47813,-40.63967,-42.09881,-43.26238
163.4781,161.7508,160.9932,161.2096,161.4137,159.6226,159.7999,157.9779,157.1345,157.2726,156.4026,155.5191,153.6249,153.7128,152.7903,152.8544,152.9068,152.9476,153.9765,154.9941,156,157.994,157.9759,159.9452,160.9019,161.8458,162.7766,162.696,164.5981,165.4883,167.3607,168.222,168.0742,161.9522,155.8297,148.7167,144.5791,141.4293,139.2641,139.0663,138.8579,137.6557,137.4278,137.1895,136.9407,136.6814,136.4118,136.1318,135.8414,135.5407,135.2296,133.9446,134.5766,133.2759,133.8827,133.5204,132.1969
28.8256,27.06781,25.49882,24.09293,22.68522,21.01472,19.62096,17.99931,16.5155,15.14363,13.68345,12.23962,10.7425,9.401475,8.007401,6.673766,5.339623,4.005073,2.687671,1.352613,0,-1.378793,-2.75748,-4.188312,-5.618819,-7.066341,-8.530761,-9.950912,-11.50982,-13.02421,-14.64216,-16.19793,-17.66531,-18.45212,-19.13349,-19.57893,-20.31927,-21.13675,-22.05726,-23.27171,-24.48439,-25.51297,-26.71326,-27.91151,-29.10764,-30.30155,-31.49315,-32.68235,-33.86907,-35.0532,-36.23467,-37.14613,-38.58923,-39.47813,-40.93204,-42.09881,-42.95336
160.5237,161.7508,161.9809,161.2096,160.4234,159.6226,159.7999,157.9779,157.1345,156.2772,155.4064,155.5191,153.6249,153.7128,152.7903,152.8544,152.9068,152.9476,153.9765,154.9941,157,156.994,158.9758,158.9455,160.9019,161.8458,162.7766,163.6941,164.5981,165.4883,166.3645,168.222,168.0742,161.9522,155.8297,149.7082,145.5694,141.4293,139.2641,138.08,137.8731,137.6557,137.4278,137.1895,136.9407,136.6814,136.4118,136.1318,135.8414,135.5407,135.2296,134.9083,134.5766,134.2348,133.8827,132.5667,133.1479
28.30465,27.06781,25.65525,24.09293,22.54604,21.01472,19.62096,17.99931,16.5155,15.04778,13.5963,12.23962,10.7425,9.401475,8.007401,6.673766,5.339623,4.005073,2.687671,1.352613,0,-1.370066,-2.774933,-4.162135,-5.618819,-7.066341,-8.530761,-10.01196,-11.50982,-13.02421,-14.55501,-16.19793,-17.66531,-18.45212,-19.13349,-19.70946,-20.45845,-21.13675,-22.05726,-23.10666,-24.31074,-25.51297,-26.71326,-27.91151,-29.10764,-30.30155,-31.49315,-32.68235,-33.86907,-35.0532,-36.23467,-37.41337,-38.58923,-39.76215,-40.93204,-41.79811,-43.26238
162.4933,161.7508,160.9932,161.2096,160.4234,159.6226,158.8074,157.9779,157.1345,156.2772,155.4064,155.5191,154.6224,153.7128,152.7903,152.8544,152.9068,153.9472,153.9765,154.9941,157,157.994,158.9758,159.9452,160.9019,161.8458,162.7766,163.6941,165.5956,165.4883,167.3607,168.222,168.0742,161.9522,155.8297,149.7082,144.5791,141.4293,139.2641,139.0663,137.8731,137.6557,137.4278,137.1895,136.9407,136.6814,136.4118,136.1318,135.8414,135.5407,135.2296,134.9083,134.5766,134.2348,133.8827,133.5204,133.1479
28.65195,27.06781,25.49882,24.09293,22.54604,21.01472,19.49909,17.99931,16.5155,15.04778,13.5963,12.23962,10.81225,9.401475,8.007401,6.673766,5.339623,4.03125,2.687671,1.352613,0,-1.378793,-2.774933,-4.188312,-5.618819,-7.066341,-8.530761,-10.01196,-11.57957,-13.02421,-14.64216,-16.19793,-17.66531,-18.45212,-19.13349,-19.70946,-20.31927,-21.13675,-22.05726,-23.27171,-24.31074,-25.51297,-26.71326,-27.91151,-29.10764,-30.30155,-31.49315,-32.68235,-33.86907,-35.0532,-36.23467,-37.41337,-38.58923,-39.76215,-40.93204,-42.09881,-43.26238
161.5085,161.7508,161.9809,161.2096,160.4234,159.6226,158.8074,157.9779,157.1345,157.2726,155.4064,154.5222,154.6224,153.7128,152.7903,152.8544,152.9068,152.9476,154.9764,154.9941,156,157.994,158.9758,159.9452,160.9019,161.8458,162.7766,163.6941,164.5981,165.4883,166.3645,168.222,168.0742,162.9458,155.8297,149.7082,144.5791,141.4293,139.2641,139.0663,137.8731,137.6557,137.4278,137.1895,136.9407,136.6814,136.4118,136.1318,135.8414,135.5407,135.2296,133.9446,133.6154,134.2348,133.8827,133.5204,132.1969
28.4783,27.06781,25.65525,24.09293,22.54604,21.01472,19.49909,17.99931,16.5155,15.14363,13.5963,12.16116,10.81225,9.401475,8.007401,6.673766,5.339623,4.005073,2.705123,1.352613,0,-1.378793,-2.774933,-4.188312,-5.618819,-7.066341,-8.530761,-10.01196,-11.50982,-13.02421,-14.55501,-16.19793,-17.66531,-18.56533,-19.13349,-19.70946,-20.31927,-21.13675,-22.05726,-23.27171,-24.31074,-25.51297,-26.71326,-27.91151,-29.10764,-30.30155,-31.49315,-32.68235,-33.86907,-35.0532,-36.23467,-37.14613,-38.31359,-39.76215,-40.93204,-42.09881,-42.95336
162.4933,161.7508,160.9932,161.2096,160.4234,160.6141,158.8074,157.9779,158.129,157.2726,155.4064,155.5191,154.6224,153.7128,152.7903,152.8544,152.9068,152.9476,153.9765,154.9941,157,157.994,158.9758,159.9452,160.9019,161.8458,162.7766,163.6941,164.5981,166.4852,166.3645,168.222,167.0797,161.9522,155.8297,149.7082,144.5791,141.4293,139.2641,139.0663,137.8731,137.6557,137.4278,137.1895,136.9407,136.6814,136.4118,136.1318,135.8414,135.5407,135.2296,134.9083,134.5766,134.2348,132.9264,132.5667,132.1969
28.65195,27.06781,25.49882,24.09293,22.54604,21.14524,19.49909,17.99931,16.62003,15.14363,13.5963,12.23962,10.81225,9.401475,8.007401,6.673766,5.339623,4.005073,2.687671,1.352613,0,-1.378793,-2.774933,-4.188312,-5.618819,-7.066341,-8.530761,-10.01196,-11.50982,-13.10267,-14.55501,-16.19793,-17.56078,-18.45212,-19.13349,-19.70946,-20.31927,-21.13675,-22.05726,-23.27171,-24.31074,-25.51297,-26.71326,-27.91151,-29.10764,-30.30155,-31.49315,-32.68235,-33.86907,-35.0532,-36.23467,-37.41337,-38.58923,-39.76215,-40.63967,-41.79811,-42.95336
160.5237,161.7508,160.9932,161.2096,160.4234,160.6141,159.7999,157.9779,157.1345,157.2726,156.4026,155.5191,153.6249,153.7128,152.7903,152.8544,152.9068,152.9476,153.9765,155.9941,156,157.994,158.9758,159.9452,160.9019,161.8458,162.7766,163.6941,164.5981,165.4883,167.3607,168.222,168.0742,162.9458,155.8297,149.7082,144.5791,141.4293,139.2641,138.08,137.8731,137.6557,137.4278,137.1895,136.9407,136.6814,136.4118,136.1318,135.8414,135.5407,135.2296,134.9083,134.5766,134.2348,133.8827,133.5204,133.1479
28.30465,27.06781,25.49882,24.09293,22.54604,21.14524,19.62096,17.99931,16.5155,15.14363,13.68345,12.23962,10.7425,9.401475,8.007401,6.673766,5.339623,4.005073,2.687671,1.36134,0,-1.378793,-2.774933,-4.188312,-5.618819,-7.066341,-8.530761,-10.01196,-11.50982,-13.02421,-14.64216,-16.19793,-17.66531,-18.56533,-19.13349,-19.70946,-20.31927,-21.13675,-22.05726,-23.10666,-24.31074,-25.51297,-26.71326,-27.91151,-29.10764,-30.30155,-31.49315,-32.68235,-33.86907,-35.0532,-36.23467,-37.41337,-38.58923,-39.76215,-40.93204,-42.09881,-43.26238
161.5085,161.7508,160.9932,161.2096,160.4234,159.6226,159.7999,157.9779,157.1345,157.2726,155.4064,155.5191,154.6224,153.7128,152.7903,152.8544,152.9068,152.9476,153.9765,154.9941,157,157.994,158.9758,159.9452,160.9019,161.8458,162.7766,163.6941,164.5981,165.4883,167.3607,168.222,168.0742,161.9522,155.8297,149.7082,144.5791,141.4293,139.2641,138.08,137.8731,137.6557,137.4278,137.1895,136.9407,136.6814,136.4118,136.1318,135.8414,135.5407,135.2296,134.9083,134.5766,134.2348,132.9264,133.5204,133.1479
28.4783,27.06781,25.49882,24.09293,22.54604,21.01472,19.62096,17.99931,16.5155,15.14363,13.5963,12.23962,10.81225,9.401475,8.007401,6.673766,5.339623,4.005073,2.687671,1.352613,0,-1.378793,-2.774933,-4.188312,-5.618819,-7.066341,-8.530761,-10.01196,-11.50982,-13.02421,-14.64216,-16.19793,-17.66531,-18.45212,-19.13349,-19.70946,-20.31927,-21.13675,-22.05726,-23.10666,-24.31074,-25.51297,-26.71326,-27.91151,-29.10764,-30.30155,-31.49315,-32.68235,-33.86907,-35.0532,-36.23467,-37.41337,-38.58923,-39.76215,-40.63967,-42.09881,-43.26238
159.5389,161.7508,160.9932,161.2096,161.4137,159.6226,158.8074,157.9779,158.129,156.2772,156.4026,155.5191,154.6224,153.7128,152.7903,152.8544,152.9068,152.9476,153.9765,155.9941,156,157.994,158.9758,159.9452,160.9019,161.8458,162.7766,163.6941,164.5981,165.4883,166.3645,168.222,168.0742,161.9522,155.8297,149.7082,144.5791,141.4293,139.2641,139.0663,137.8731,137.6557,137.4278,137.1895,136.9407,136.6814,136.4118,136.1318,135.8414,135.5407,135.2296,134.9083,134.5766,133.2759,133.8827,132.5667,133.1479
28.131,27.06781,25.49882,24.09293,22.68522,21.01472,19.49909,17.99931,16.62003,15.04778,13.68345,12.23962,10.81225,9.401475,8.007401,6.673766,5.339623,4.005073,2.687671,1.36134,0,-1.378793,-2.774933,-4.188312,-5.618819,-7.066341,-8.530761,-10.01196,-11.50982,-13.02421,-14.55501,-16.19793,-17.66531,-18.45212,-19.13349,-19.70946,-20.31927,-21.13675,-22.05726,-23.27171,-24.31074,-25.51297,-26.71326,-27.91151,-29.10764,-30.30155,-31.49315,-32.68235,-33.86907,-35.0532,-36.23467,-37.41337,-38.58923,-39.47813,-40.93204,-41.79811,-43.26238
160.5237,161.7508,160.9932,161.2096,160.4234,159.6226,158.8074,157.9779,157.1345,156.2772,155.4064,155.5191,154.6224,153.7128,152.7903,152.8544,152.9068,152.9476,153.9765,154.9941,157,157.994,158.9758,159.9452,160.9019,161.8458,162.7766,163.6941,164.5981,165.4883,166.3645,168.222,167.0797,161.9522,155.8297,149.7082,144.5791,141.4293,139.2641,138.08,137.8731,137.6557,137.4278,137.1895,136.9407,136.6814,136.4118,136.1318,134.8711,135.5407,135.2296,134.9083,134.5766,133.2759,132.9264,133.5204,133.1479
28.30465,27.06781,25.49882,24.09293,22.54604,21.01472,19.49909,17.99931,16.5155,15.04778,13.5963,12.23962,10.81225,9.401475,8.007401,6.673766,5.339623,4.005073,2.687671,1.352613,0,-1.378793,-2.774933,-4.188312,-5.618819,-7.066341,-8.530761,-10.01196,-11.50982,-13.02421,-14.55501,-16.19793,-17.56078,-18.45212,-19.13349,-19.70946,-20.31927,-21.13675,-22.05726,-23.10666,-24.31074,-25.51297,-26.71326,-27.91151,-29.10764,-30.30155,-31.49315,-32.68235,-33.62714,-35.0532,-36.23467,-37.41337,-38.58923,-39.47813,-40.63967,-42.09881,-43.26238
161.5085,161.7508,160.9932,161.2096,161.4137,160.6141,158.8074,157.9779,157.1345,156.2772,155.4064,155.5191,154.6224,153.7128,152.7903,152.8544,152.9068,152.9476,153.9765,154.9941,156,157.994,158.9758,159.9452,160.9019,161.8458,162.7766,163.6941,164.5981,165.4883,167.3607,168.222,168.0742,162.9458,155.8297,149.7082,144.5791,141.4293,139.2641,138.08,137.8731,137.6557,137.4278,137.1895,136.9407,136.6814,136.4118,136.1318,135.8414,135.5407,135.2296,133.9446,134.5766,134.2348,132.9264,133.5204,133.1479
28.4783,27.06781,25.49882,24.09293,22.68522,21.14524,19.49909,17.99931,16.5155,15.04778,13.5963,12.23962,10.81225,9.401475,8.007401,6.673766,5.339623,4.005073,2.687671,1.352613,0,-1.378793,-2.774933,-4.188312,-5.618819,-7.066341,-8.530761,-10.01196,-11.50982,-13.02421,-14.64216,-16.19793,-17.66531,-18.56533,-19.13349,-19.70946,-20.31927,-21.13675,-22.05726,-23.10666,-24.31074,-25.51297,-26.71326,-27.91151,-29.10764,-30.30155,-31.49315,-32.68235,-33.86907,-35.0532,-36.23467,-37.14613,-38.58923,-39.76215,-40.63967,-42.09881,-43.26238
160.5237,161.7508,161.9809,161.2096,160.4234,159.6226,158.8074,157.9779,158.129,157.2726,156.4026,154.5222,154.6224,153.7128,152.7903,152.8544,152.9068,152.9476,153.9765,155.9941,156,157.994,158.9758,159.9452,160.9019,161.8458,162.7766,162.696,164.5981,165.4883,167.3607,168.222,168.0742,162.9458,155.8297,149.7082,144.5791,141.4293,139.2641,139.0663,137.8731,137.6557,137.4278,137.1895,136.9407,136.6814,136.4118,136.1318,135.8414,135.5407,134.2637,134.9083,134.5766,134.2348,133.8827,133.5204,133.1479
28.30465,27.06781,25.65525,24.09293,22.54604,21.01472,19.49909,17.99931,16.62003,15.14363,13.68345,12.16116,10.81225,9.401475,8.007401,6.673766,5.339623,4.005073,2.687671,1.36134,0,-1.378793,-2.774933,-4.188312,-5.618819,-7.066341,-8.530761,-9.950912,-11.50982,-13.02421,-14.64216,-16.19793,-17.66531,-18.56533,-19.13349,-19.70946,-20.31927,-21.13675,-22.05726,-23.27171,-24.31074,-25.51297,-26.71326,-27.91151,-29.10764,-30.30155,-31.49315,-32.68235,-33.86907,-35.0532,-35.97585,-37.41337,-38.58923,-39.76215,-40.93204,-42.09881,-43.26238
160.5237,161.7508,161.9809,161.2096,160.4234,159.6226,158.8074,157.9779,157.1345,156.2772,155.4064,155.5191,153.6249,153.7128,152.7903,152.8544,152.9068,152.9476,153.9765,154.9941,156,156.994,158.9758,159.9452,160.9019,162.8449,162.7766,163.6941,164.5981,165.4883,167.3607,168.222,167.0797,161.9522,155.8297,149.7082,144.5791,141.4293,139.2641,139.0663,137.8731,137.6557,137.4278,137.1895,136.9407,136.6814,136.4118,136.1318,135.8414,135.5407,135.2296,134.9083,134.5766,134.2348,132.9264,132.5667,133.1479
28.30465,27.06781,25.65525,24.09293,22.54604,21.01472,19.49909,17.99931,16.5155,15.04778,13.5963,12.23962,10.7425,9.401475,8.007401,6.673766,5.339623,4.005073,2.687671,1.352613,0,-1.370066,-2.774933,-4.188312,-5.618819,-7.10996,-8.530761,-10.01196,-11.50982,-13.02421,-14.64216,-16.19793,-17.56078,-18.45212,-19.13349,-19.70946,-20.31927,-21.13675,-22.05726,-23.27171,-24.31074,-25.51297,-26.71326,-27.91151,-29.10764,-30.30155,-31.49315,-32.68235,-33.86907,-35.0532,-36.23467,-37.41337,-38.58923,-39.76215,-40.63967,-41.79811,-43.26238
159.5389,161.7508,160.9932,161.2096,160.4234,159.6226,158.8074,157.9779,157.1345,157.2726,156.4026,155.5191,154.6224,153.7128,152.7903,152.8544,152.9068,152.9476,153.9765,154.9941,156,157.994,158.9758,159.9452,160.9019,161.8458,162.7766,163.6941,164.5981,165.4883,167.3607,168.222,168.0742,162.9458,155.8297,149.7082,144.5791,141.4293,139.2641,138.08,137.8731,137.6557,137.4278,137.1895,136.9407,136.6814,136.4118,136.1318,135.8414,135.5407,134.2637,133.9446,133.6154,133.2759,132.9264,133.5204,133.1479
28.131,27.06781,25.49882,24.09293,22.54604,21.01472,19.49909,17.99931,16.5155,15.14363,13.68345,12.23962,10.81225,9.401475,8.007401,6.673766,5.339623,4.005073,2.687671,1.352613,0,-1.378793,-2.774933,-4.188312,-5.618819,-7.066341,-8.530761,-10.01196,-11.50982,-13.02421,-14.64216,-16.19793,-17.66531,-18.56533,-19.13349,-19.70946,-20.31927,-21.13675,-22.05726,-23.10666,-24.31074,-25.51297,-26.71326,-27.91151,-29.10764,-30.30155,-31.49315,-32.68235,-33.86907,-35.0532,-35.97585,-37.14613,-38.31359,-39.47813,-40.63967,-42.09881,-43.26238
164.4629,161.7508,160.9932,161.2096,160.4234,159.6226,158.8074,157.9779,157.1345,156.2772,156.4026,155.5191,154.6224,153.7128,152.7903,152.8544,152.9068,152.9476,153.9765,155.9941,156,157.994,158.9758,159.9452,160.9019,162.8449,162.7766,163.6941,164.5981,165.4883,166.3645,168.222,167.0797,161.9522,155.8297,149.7082,144.5791,141.4293,139.2641,139.0663,137.8731,137.6557,137.4278,137.1895,136.9407,136.6814,136.4118,136.1318,135.8414,135.5407,135.2296,134.9083,133.6154,133.2759,133.8827,133.5204,133.1479
28.99925,27.06781,25.49882,24.09293,22.54604,21.01472,19.49909,17.99931,16.5155,15.04778,13.68345,12.23962,10.81225,9.401475,8.007401,6.673766,5.339623,4.005073,2.687671,1.36134,0,-1.378793,-2.774933,-4.188312,-5.618819,-7.10996,-8.530761,-10.01196,-11.50982,-13.02421,-14.55501,-16.19793,-17.56078,-18.45212,-19.13349,-19.70946,-20.31927,-21.13675,-22.05726,-23.27171,-24.31074,-25.51297,-26.71326,-27.91151,-29.10764,-30.30155,-31.49315,-32.68235,-33.86907,-35.0532,-36.23467,-37.41337,-38.31359,-39.47813,-40.93204,-42.09881,-43.26238
160.5237,161.7508,160.9932,161.2096,160.4234,160.6141,158.8074,157.9779,157.1345,157.2726,155.4064,154.5222,154.6224,153.7128,152.7903,152.8544,152.9068,152.9476,153.9765,154.9941,157,157.994,158.9758,159.9452,160.9019,161.8458,162.7766,163.6941,164.5981,165.4883,166.3645,168.222,167.0797,162.9458,154.8372,148.7167,144.5791,141.4293,140.2517,138.08,137.8731,137.6557,137.4278,137.1895,136.9407,136.6814,136.4118,136.1318,135.8414,135.5407,135.2296,133.9446,134.5766,133.2759,132.9264,133.5204,133.1479
28.30465,27.06781,25.49882,24.09293,22.54604,21.14524,19.49909,17.99931,16.5155,15.14363,13.5963,12.16116,10.81225,9.401475,8.007401,6.673766,5.339623,4.005073,2.687671,1.352613,0,-1.378793,-2.774933,-4.188312,-5.618819,-7.066341,-8.530761,-10.01196,-11.50982,-13.02421,-14.55501,-16.19793,-17.56078,-18.56533,-19.01162,-19.57893,-20.31927,-21.13675,-22.21369,-23.10666,-24.31074,-25.51297,-26.71326,-27.91151,-29.10764,-30.30155,-31.49315,-32.68235,-33.86907,-35.0532,-36.23467,-37.14613,-38.58923,-39.47813,-40.63967,-42.09881,-43.26238
162.4933,161.7508,160.9932,161.2096,160.4234,160.6141,158.8074,157.9779,158.129,156.2772,156.4026,155.5191,153.6249,153.7128,152.7903,152.8544,152.9068,152.9476,153.9765,154.9941,156,157.994,158.9758,159.9452,160.9019,161.8458,162.7766,163.6941,164.5981,165.4883,166.3645,168.222,168.0742,161.9522,155.8297,149.7082,144.5791,141.4293,139.2641,138.08,137.8731,137.6557,137.4278,137.1895,136.9407,136.6814,136.4118,136.1318,135.8414,135.5407,135.2296,134.9083,134.5766,134.2348,132.9264,133.5204,132.1969
28.65195,27.06781,25.49882,24.09293,22.54604,21.14524,19.49909,17.99931,16.62003,15.04778,13.68345,12.23962,10.7425,9.401475,8.007401,6.673766,5.339623,4.005073,2.687671,1.352613,0,-1.378793,-2.774933,-4.188312,-5.618819,-7.066341,-8.530761,-10.01196,-11.50982,-13.02421,-14.55501,-16.19793,-17.66531,-18.45212,-19.13349,-19.70946,-20.31927,-21.13675,-22.05726,-23.10666,-24.31074,-25.51297,-26.71326,-27.91151,-29.10764,-30.30155,-31.49315,-32.68235,-33.86907,-35.0532,-36.23467,-37.41337,-38.58923,-39.76215,-40.63967,-42.09881,-42.95336
162.4933,161.7508,161.9809,161.2096,160.4234,159.6226,158.8074,157.9779,157.1345,157.2726,155.4064,154.5222,154.6224,153.7128,152.7903,152.8544,152.9068,152.9476,153.9765,154.9941,157,157.994,158.9758,159.9452,160.9019,161.8458,162.7766,163.6941,164.5981,165.4883,167.3607,167.2266,168.0742,161.9522,155.8297,149.7082,144.5791,141.4293,139.2641,139.0663,137.8731,137.6557,137.4278,137.1895,136.9407,136.6814,136.4118,136.1318,135.8414,135.5407,135.2296,134.9083,133.6154,134.2348,133.8827,132.5667,133.1479
28.65195,27.06781,25.65525,24.09293,22.54604,21.01472,19.49909,17.99931,16.5155,15.14363,13.5963,12.16116,10.81225,9.401475,8.007401,6.673766,5.339623,4.005073,2.687671,1.352613,0,-1.378793,-2.774933,-4.188312,-5.618819,-7.066341,-8.530761,-10.01196,-11.50982,-13.02421,-14.64216,-16.10209,-17.66531,-18.45212,-19.13349,-19.70946,-20.31927,-21.13675,-22.05726,-23.27171,-24.31074,-25.51297,-26.71326,-27.91151,-29.10764,-30.30155,-31.49315,-32.68235,-33.86907,-35.0532,-36.23467,-37.41337,-38.31359,-39.76215,-40.93204,-41.79811,-43.26238
161.5085,161.7508,160.9932,161.2096,160.4234,159.6226,158.8074,157.9779,157.1345,157.2726,156.4026,155.5191,154.6224,153.7128,152.7903,152.8544,152.9068,152.9476,153.9765,154.9941,156,157.994,158.9758,159.9452,160.9019,161.8458,162.7766,162.696,164.5981,165.4883,166.3645,168.222,168.0742,161.9522,155.8297,149.7082,144.5791,141.4293,139.2641,138.08,137.8731,137.6557,137.4278,137.1895,136.9407,136.6814,136.4118,136.1318,135.8414,135.5407,135.2296,134.9083,134.5766,133.2759,133.8827,133.5204,133.1479
28.4783,27.06781,25.49882,24.09293,22.54604,21.01472,19.49909,17.99931,16.5155,15.14363,13.68345,12.23962,10.81225,9.401475,8.007401,6.673766,5.339623,4.005073,2.687671,1.352613,0,-1.378793,-2.774933,-4.188312,-5.618819,-7.066341,-8.530761,-9.950912,-11.50982,-13.02421,-14.55501,-16.19793,-17.66531,-18.45212,-19.13349,-19.70946,-20.31927,-21.13675,-22.05726,-23.10666,-24.31074,-25.51297,-26.71326,-27.91151,-29.10764,-30.30155,-31.49315,-32.68235,-33.86907,-35.0532,-36.23467,-37.41337,-38.58923,-39.47813,-40.93204,-42.09881,-43.26238
161.5085,161.7508,161.9809,161.2096,160.4234,159.6226,158.8074,157.9779,157.1345,156.2772,155.4064,154.5222,153.6249,153.7128,152.7903,152.8544,152.9068,152.9476,153.9765,154.9941,156,157.994,158.9758,159.9452,160.9019,161.8458,162.7766,162.696,164.5981,165.4883,166.3645,167.2266,168.0742,162.9458,155.8297,149.7082,144.5791,141.4293,139.2641,138.08,137.8731,137.6557,137.4278,137.1895,136.9407,136.6814,136.4118,136.1318,135.8414,135.5407,135.2296,133.9446,133.6154,133.2759,133.8827,132.5667,133.1479
28.4783,27.06781,25.65525,24.09293,22.54604,21.01472,19.49909,17.99931,16.5155,15.04778,13.5963,12.16116,10.7425,9.401475,8.007401,6.673766,5.339623,4.005073,2.687671,1.352613,0,-1.378793,-2.774933,-4.188312,-5.618819,-7.066341,-8.530761,-9.950912,-11.50982,-13.02421,-14.55501,-16.10209,-17.66531,-18.56533,-19.13349,-19.70946,-20.31927,-21.13675,-22.05726,-23.10666,-24.31074,-25.51297,-26.71326,-27.91151,-29.10764,-30.30155,-31.49315,-32.68235,-33.86907,-35.0532,-36.23467,-37.14613,-38.31359,-39.47813,-40.93204,-41.79811,-43.26238
160.5237,161.7508,160.9932,161.2096,160.4234,159.6226,158.8074,157.9779,158.129,156.2772,156.4026,154.5222,153.6249,153.7128,152.7903,152.8544,152.9068,152.9476,153.9765,154.9941,157,157.994,158.9758,159.9452,160.9019,161.8458,162.7766,162.696,164.5981,165.4883,166.3645,168.222,168.0742,161.9522,155.8297,149.7082,144.5791,141.4293,139.2641,139.0663,137.8731,137.6557,137.4278,137.1895,136.9407,135.7051,136.4118,136.1318,135.8414,135.5407,135.2296,134.9083,134.5766,134.2348,133.8827,133.5204,132.1969
28.30465,27.06781,25.49882,24.09293,22.54604,21.01472,19.49909,17.99931,16.62003,15.04778,13.68345,12.16116,10.7425,9.401475,8.007401,6.673766,5.339623,4.005073,2.687671,1.352613,0,-1.378793,-2.774933,-4.188312,-5.618819,-7.066341,-8.530761,-9.950912,-11.50982,-13.02421,-14.55501,-16.19793,-17.66531,-18.45212,-19.13349,-19.70946,-20.31927,-21.13675,-22.05726,-23.27171,-24.31074,-25.51297,-26.71326,-27.91151,-29.10764,-30.08511,-31.49315,-32.68235,-33.86907,-35.0532,-36.23467,-37.41337,-38.58923,-39.76215,-40.93204,-42.09881,-42.95336
161.5085,161.7508,161.9809,161.2096,160.4234,160.6141,158.8074,157.9779,157.1345,157.2726,155.4064,155.5191,154.6224,153.7128,152.7903,152.8544,152.9068,152.9476,153.9765,155.9941,156,157.994,158.9758,159.9452,160.9019,161.8458,162.7766,163.6941,164.5981,165.4883,167.3607,168.222,168.0742,162.9458,155.8297,149.7082,145.5694,141.4293,139.2641,138.08,137.8731,137.6557,137.4278,137.1895,136.9407,136.6814,136.4118,136.1318,135.8414,135.5407,135.2296,134.9083,134.5766,134.2348,133.8827,132.5667,133.1479
28.4783,27.06781,25.65525,24.09293,22.54604,21.14524,19.49909,17.99931,16.5155,15.14363,13.5963,12.23962,10.81225,9.401475,8.007401,6.673766,5.339623,4.005073,2.687671,1.36134,0,-1.378793,-2.774933,-4.188312,-5.618819,-7.066341,-8.530761,-10.01196,-11.50982,-13.02421,-14.64216,-16.19793,-17.66531,-18.56533,-19.13349,-19.70946,-20.45845,-21.13675,-22.05726,-23.10666,-24.31074,-25.51297,-26.71326,-27.91151,-29.10764,-30.30155,-31.49315,-32.68235,-33.86907,-35.0532,-36.23467,-37.41337,-38.58923,-39.76215,-40.93204,-41.79811,-43.26238
160.5237,161.7508,160.9932,161.2096,161.4137,160.6141,158.8074,157.9779,158.129,157.2726,156.4026,155.5191,154.6224,153.7128,152.7903,152.8544,152.9068,152.9476,153.9765,154.9941,157,157.994,158.9758,159.9452,160.9019,161.8458,162.7766,163.6941,164.5981,165.4883,167.3607,168.222,168.0742,162.9458,155.8297,149.7082,145.5694,141.4293,139.2641,138.08,137.8731,137.6557,137.4278,137.1895,136.9407,136.6814,136.4118,136.1318,135.8414,135.5407,135.2296,134.9083,133.6154,133.2759,132.9264,133.5204,133.1479
28.30465,27.06781,25.49882,24.09293,22.68522,21.14524,19.49909,17.99931,16.62003,15.14363,13.68345,12.23962,10.81225,9.401475,8.007401,6.673766,5.339623,4.005073,2.687671,1.352613,0,-1.378793,-2.774933,-4.188312,-5.618819,-7.066341,-8.530761,-10.01196,-11.50982,-13.02421,-14.64216,-16.19793,-17.66531,-18.56533,-19.13349,-19.70946,-20.45845,-21.13675,-22.05726,-23.10666,-24.31074,-25.51297,-26.71326,-27.91151,-29.10764,-30.30155,-31.49315,-32.68235,-33.86907,-35.0532,-36.23467,-37.41337,-38.31359,-39.47813,-40.63967,-42.09881,-43.26238
162.4933,161.7508,160.9932,161.2096,160.4234,159.6226,159.7999,157.9779,158.129,156.2772,156.4026,154.5222,154.6224,153.7128,152.7903,152.8544,152.9068,152.9476,153.9765,154.9941,156,157.994,158.9758,159.9452,160.9019,161.8458,162.7766,163.6941,164.5981,165.4883,167.3607,168.222,168.0742,161.9522,155.8297,149.7082,144.5791,141.4293,139.2641,138.08,137.8731,137.6557,137.4278,137.1895,136.9407,136.6814,136.4118,136.1318,135.8414,134.5725,135.2296,134.9083,134.5766,134.2348,132.9264,133.5204,132.1969
28.65195,27.06781,25.49882,24.09293,22.54604,21.01472,19.62096,17.99931,16.62003,15.04778,13.68345,12.16116,10.81225,9.401475,8.007401,6.673766,5.339623,4.005073,2.687671,1.352613,0,-1.378793,-2.774933,-4.188312,-5.618819,-7.066341,-8.530761,-10.01196,-11.50982,-13.02421,-14.64216,-16.19793,-17.66531,-18.45212,-19.13349,-19.70946,-20.31927,-21.13675,-22.05726,-23.10666,-24.31074,-25.51297,-26.71326,-27.91151,-29.10764,-30.30155,-31.49315,-32.68235,-33.86907,-34.80282,-36.23467,-37.41337,-38.58923,-39.76215,-40.63967,-42.09881,-42.95336
160.5237,161.7508,161.9809,161.2096,160.4234,159.6226,158.8074,157.9779,158.129,157.2726,156.4026,155.5191,154.6224,153.7128,152.7903,152.8544,152.9068,152.9476,153.9765,154.9941,156,157.994,158.9758,159.9452,160.9019,161.8458,162.7766,162.696,164.5981,165.4883,166.3645,168.222,168.0742,162.9458,155.8297,149.7082,144.5791,141.4293,140.2517,138.08,137.8731,137.6557,137.4278,137.1895,136.9407,136.6814,136.4118,136.1318,135.8414,135.5407,135.2296,134.9083,134.5766,134.2348,132.9264,133.5204,133.1479
28.30465,27.06781,25.65525,24.09293,22.54604,21.01472,19.49909,17.99931,16.62003,15.14363,13.68345,12.23962,10.81225,9.401475,8.007401,6.673766,5.339623,4.005073,2.687671,1.352613,0,-1.378793,-2.774933,-4.188312,-5.618819,-7.066341,-8.530761,-9.950912,-11.50982,-13.02421,-14.55501,-16.19793,-17.66531,-18.56533,-19.13349,-19.70946,-20.31927,-21.13675,-22.21369,-23.10666,-24.31074,-25.51297,-26.71326,-27.91151,-29.10764,-30.30155,-31.49315,-32.68235,-33.86907,-35.0532,-36.23467,-37.41337,-38.58923,-39.76215,-40.63967,-42.09881,-43.26238
