124.5111,124.5597,123.7796,122.9901,122.1912,120.5897,120.5656,119.739,118.9033,118.0586,117.2048,117.8629,116.98,114.5902,115.1874,114.278,113.3598,112.433,111.4977,111.9803,113.8442,115.65,118.7866,121.1504,124.1237,122.9574,121.1126,118.609,116.7785,113.6534,111.845,109.4055,107.6138,105.8275,104.0468,102.2719,100.5031,98.74058,96.98457,95.23528,94.06654,92.89062,92.26683,91.62154,90.95472,89.72903,89.02644,88.30226,87.55647,86.78906,86,84.69685,84.84168,89.22869
-87.18362,-88.84755,-89.93114,-91.00789,-92.0777,-92.53174,-94.19621,-95.24474,-96.28602,-97.31997,-98.3465,-100.6644,-101.6891,-101.3809,-103.7152,-104.7165,-105.7097,-106.695,-107.672,-110.0428,-113.8442,-117.6863,-123.0071,-127.6659,-133.1064,-134.1845,-134.5092,-134.0631,-134.3383,-133.071,-133.2917,-132.7194,-132.892,-133.0434,-133.1738,-133.2834,-133.3721,-133.4402,-133.4878,-133.5149,-134.3409,-135.1567,-136.7912,-138.425,-140.058,-140.8464,-142.4721,-144.0962,-145.7184,-147.3386,-148.9564,-149.7012,-153.0584,-164.3388
126.1494,123.7456,123.7796,122.1862,122.1912,120.5897,120.5656,119.739,118.9033,118.0586,117.2048,116.3421,115.4706,116.0881,115.1874,114.278,113.3598,112.433,111.4977,111.9803,113.8442,115.65,118.7866,121.1504,124.1237,122.9574,120.4435,117.9464,116.1224,113.6534,112.4878,109.4055,107.6138,105.8275,104.0468,102.2719,100.5031,98.74058,96.98457,95.23528,94.06654,93.45703,92.26683,91.62154,90.95472,89.72903,89.02644,88.30226,87.55647,86.78906,86,85.18928,84.84168,89.70585
-88.33077,-88.26685,-89.93114,-90.41306,-92.0777,-92.53174,-94.19621,-95.24474,-96.28602,-97.31997,-98.3465,-99.36555,-100.377,-102.7061,-103.7152,-104.7165,-105.7097,-106.695,-107.672,-110.0428,-113.8442,-117.6863,-123.0071,-127.6659,-133.1064,-134.1845,-133.7661,-133.3141,-133.5836,-133.071,-134.0578,-132.7194,-132.892,-133.0434,-133.1738,-133.2834,-133.3721,-133.4402,-133.4878,-133.5149,-134.3409,-135.9808,-136.7912,-138.425,-140.058,-140.8464,-142.4721,-144.0962,-145.7184,-147.3386,-148.9564,-150.5715,-153.0584,-165.2176
125.3303,124.5597,122.9706,122.9901,121.3926,121.3831,120.5656,119.739,118.9033,118.0586,117.2048,116.3421,115.4706,116.0881,115.1874,114.278,113.3598,112.433,111.4977,111.9803,113.8442,116.3509,118.7866,121.1504,124.1237,122.9574,120.4435,117.9464,116.1224,114.3029,112.4878,109.4055,107.6138,105.8275,104.0468,102.2719,100.5031,98.74058,96.98457,95.23528,94.06654,93.45703,92.26683,91.62154,90.95472,90.26633,89.02644,88.30226,87.55647,86.78906,86,85.18928,84.84168,89.22869
-87.75719,-88.84755,-89.34336,-91.00789,-91.47588,-93.1405,-94.19621,-95.24474,-96.28602,-97.31997,-98.3465,-99.36555,-100.377,-102.7061,-103.7152,-104.7165,-105.7097,-106.695,-107.672,-110.0428,-113.8442,-118.3996,-123.0071,-127.6659,-133.1064,-134.1845,-133.7661,-133.3141,-133.5836,-133.8314,-134.0578,-132.7194,-132.892,-133.0434,-133.1738,-133.2834,-133.3721,-133.4402,-133.4878,-133.5149,-134.3409,-135.9808,-136.7912,-138.425,-140.058,-141.6898,-142.4721,-144.0962,-145.7184,-147.3386,-148.9564,-150.5715,-153.0584,-164.3388
125.3303,124.5597,123.7796,122.9901,122.1912,121.3831,120.5656,119.739,118.9033,118.0586,117.2048,116.3421,116.98,116.0881,115.1874,114.278,113.3598,112.433,111.4977,111.9803,113.8442,115.65,118.7866,121.1504,123.4417,122.9574,120.4435,117.9464,116.1224,114.3029,112.4878,109.4055,107.6138,105.8275,104.0468,102.2719,100.5031,98.74058,96.98457,95.23528,94.06654,92.89062,92.26683,91.62154,90.95472,89.72903,89.02644,88.30226,87.55647,86.78906,86,85.18928,84.35687,89.70585
-87.75719,-88.84755,-89.93114,-91.00789,-92.0777,-93.1405,-94.19621,-95.24474,-96.28602,-97.31997,-98.3465,-99.36555,-101.6891,-102.7061,-103.7152,-104.7165,-105.7097,-106.695,-107.672,-110.0428,-113.8442,-117.6863,-123.0071,-127.6659,-132.375,-134.1845,-133.7661,-133.3141,-133.5836,-133.8314,-134.0578,-132.7194,-132.892,-133.0434,-133.1738,-133.2834,-133.3721,-133.4402,-133.4878,-133.5149,-134.3409,-135.1567,-136.7912,-138.425,-140.058,-140.8464,-142.4721,-144.0962,-145.7184,-147.3386,-148.9564,-150.5715,-152.1838,-165.2176
125.3303,123.7456,123.7796,122.9901,122.1912,121.3831,120.5656,119.739,118.9033,118.0586,117.2048,116.3421,115.4706,116.0881,115.1874,114.278,113.3598,112.433,111.4977,111.9803,113.8442,115.65,118.7866,121.1504,124.1237,122.9574,120.4435,117.9464,116.1224,113.6534,111.845,110.0415,107.6138,105.8275,104.0468,102.2719,99.90129,98.74058,96.39678,95.23528,94.06654,93.45703,92.26683,91.62154,90.95472,90.26633,89.02644,88.30226,87.55647,86.78906,86,85.18928,84.35687,89.22869
-87.75719,-88.26685,-89.93114,-91.00789,-92.0777,-93.1405,-94.19621,-95.24474,-96.28602,-97.31997,-98.3465,-99.36555,-100.377,-102.7061,-103.7152,-104.7165,-105.7097,-106.695,-107.672,-110.0428,-113.8442,-117.6863,-123.0071,-127.6659,-133.1064,-134.1845,-133.7661,-133.3141,-133.5836,-133.071,-133.2917,-133.4911,-132.892,-133.0434,-133.1738,-133.2834,-132.5735,-133.4402,-132.6788,-133.5149,-134.3409,-135.9808,-136.7912,-138.425,-140.058,-141.6898,-142.4721,-144.0962,-145.7184,-147.3386,-148.9564,-150.5715,-152.1838,-164.3388
125.3303,124.5597,122.9706,122.1862,121.3926,120.5897,120.5656,119.739,118.9033,118.0586,117.2048,116.3421,116.98,114.5902,115.1874,114.278,113.3598,112.433,111.4977,111.9803,113.8442,116.3509,118.0919,121.1504,124.1237,122.9574,119.7744,117.9464,116.1224,113.004,111.845,109.4055,107.6138,105.8275,104.0468,102.2719,100.5031,98.74058,96.39678,95.23528,94.06654,92.89062,92.26683,91.62154,90.95472,89.72903,89.02644,88.30226,87.55647,86.78906,86,85.18928,83.87206,89.22869
-87.75719,-88.84755,-89.34336,-90.41306,-91.47588,-92.53174,-94.19621,-95.24474,-96.28602,-97.31997,-98.3465,-99.36555,-101.6891,-101.3809,-103.7152,-104.7165,-105.7097,-106.695,-107.672,-110.0428,-113.8442,-118.3996,-122.2878,-127.6659,-133.1064,-134.1845,-133.0229,-133.3141,-133.5836,-132.3106,-133.2917,-132.7194,-132.892,-133.0434,-133.1738,-133.2834,-133.3721,-133.4402,-132.6788,-133.5149,-134.3409,-135.1567,-136.7912,-138.425,-140.058,-140.8464,-142.4721,-144.0962,-145.7184,-147.3386,-148.9564,-150.5715,-151.3092,-164.3388
125.3303,124.5597,123.7796,122.1862,122.1912,121.3831,120.5656,119.739,118.9033,118.0586,117.2048,116.3421,115.4706,116.0881,115.1874,114.278,113.3598,112.433,111.4977,112.6936,114.5513,116.3509,118.0919,121.1504,124.1237,122.9574,120.4435,118.609,116.1224,113.6534,111.845,110.0415,107.6138,105.8275,104.0468,102.2719,100.5031,98.74058,96.39678,95.23528,94.06654,93.45703,92.26683,91.62154,90.95472,90.26633,89.02644,88.30226,87.55647,86.78906,86,85.18928,83.87206,89.70585
-87.75719,-88.84755,-89.93114,-90.41306,-92.0777,-93.1405,-94.19621,-95.24474,-96.28602,-97.31997,-98.3465,-99.36555,-100.377,-102.7061,-103.7152,-104.7165,-105.7097,-106.695,-107.672,-110.7437,-114.5513,-118.3996,-122.2878,-127.6659,-133.1064,-134.1845,-133.7661,-134.0631,-133.5836,-133.071,-133.2917,-133.4911,-132.892,-133.0434,-133.1738,-133.2834,-133.3721,-133.4402,-132.6788,-133.5149,-134.3409,-135.9808,-136.7912,-138.425,-140.058,-141.6898,-142.4721,-144.0962,-145.7184,-147.3386,-148.9564,-150.5715,-151.3092,-165.2176
124.5111,123.7456,123.7796,122.1862,122.1912,121.3831,119.7776,119.739,118.9033,118.0586,117.2048,116.3421,115.4706,114.5902,115.1874,114.278,113.3598,112.433,110.7783,111.9803,113.8442,115.65,118.0919,121.1504,124.1237,122.9574,120.4435,117.9464,116.1224,113.004,111.845,109.4055,107.6138,105.8275,104.0468,102.2719,99.90129,98.14576,96.39678,95.23528,94.06654,92.89062,92.26683,91.62154,90.95472,89.72903,89.02644,88.30226,87.55647,86.78906,86,85.18928,84.35687,89.22869
-87.18362,-88.26685,-89.93114,-90.41306,-92.0777,-93.1405,-93.58054,-95.24474,-96.28602,-97.31997,-98.3465,-99.36555,-100.377,-101.3809,-103.7152,-104.7165,-105.7097,-106.695,-106.9774,-110.0428,-113.8442,-117.6863,-122.2878,-127.6659,-133.1064,-134.1845,-133.7661,-133.3141,-133.5836,-132.3106,-133.2917,-132.7194,-132.892,-133.0434,-133.1738,-133.2834,-132.5735,-132.6364,-132.6788,-133.5149,-134.3409,-135.1567,-136.7912,-138.425,-140.058,-140.8464,-142.4721,-144.0962,-145.7184,-147.3386,-148.9564,-150.5715,-152.1838,-164.3388
125.3303,123.7456,123.7796,122.9901,121.3926,121.3831,120.5656,119.739,118.9033,118.0586,117.2048,116.3421,115.4706,116.0881,115.1874,114.278,113.3598,112.433,111.4977,111.9803,113.8442,116.3509,118.0919,121.1504,124.1237,122.9574,120.4435,117.9464,116.7785,113.6534,111.845,109.4055,107.6138,105.8275,104.0468,102.2719,100.5031,98.14576,96.98457,95.23528,94.06654,93.45703,92.26683,91.62154,90.95472,90.26633,89.02644,88.30226,87.55647,86.78906,86,85.18928,83.87206,89.70585
-87.75719,-88.26685,-89.93114,-91.00789,-91.47588,-93.1405,-94.19621,-95.24474,-96.28602,-97.31997,-98.3465,-99.36555,-100.377,-102.7061,-103.7152,-104.7165,-105.7097,-106.695,-107.672,-110.0428,-113.8442,-118.3996,-122.2878,-127.6659,-133.1064,-134.1845,-133.7661,-133.3141,-134.3383,-133.071,-133.2917,-132.7194,-132.892,-133.0434,-133.1738,-133.2834,-133.3721,-132.6364,-133.4878,-133.5149,-134.3409,-135.9808,-136.7912,-138.425,-140.058,-141.6898,-142.4721,-144.0962,-145.7184,-147.3386,-148.9564,-150.5715,-151.3092,-165.2176
125.3303,123.7456,122.9706,122.1862,122.1912,121.3831,120.5656,119.739,118.9033,118.0586,117.2048,116.3421,115.4706,116.0881,115.1874,114.278,113.3598,112.433,110.7783,111.9803,113.8442,116.3509,118.7866,121.1504,123.4417,122.9574,120.4435,117.9464,116.1224,113.6534,112.4878,109.4055,107.6138,105.8275,104.0468,101.6632,100.5031,98.74058,96.98457,95.23528,94.06654,92.89062,92.26683,91.62154,90.95472,89.72903,89.02644,88.30226,87.55647,86.78906,86,85.18928,84.35687,89.22869
-87.75719,-88.26685,-89.34336,-90.41306,-92.0777,-93.1405,-94.19621,-95.24474,-96.28602,-97.31997,-98.3465,-99.36555,-100.377,-102.7061,-103.7152,-104.7165,-105.7097,-106.695,-106.9774,-110.0428,-113.8442,-118.3996,-123.0071,-127.6659,-132.375,-134.1845,-133.7661,-133.3141,-133.5836,-133.071,-134.0578,-132.7194,-132.892,-133.0434,-133.1738,-132.49,-133.3721,-133.4402,-133.4878,-133.5149,-134.3409,-135.1567,-136.7912,-138.425,-140.058,-140.8464,-142.4721,-144.0962,-145.7184,-147.3386,-148.9564,-150.5715,-152.1838,-164.3388
125.3303,124.5597,123.7796,122.9901,122.1912,121.3831,120.5656,119.739,118.9033,118.0586,117.2048,116.3421,115.4706,116.0881,115.1874,114.278,113.3598,112.433,111.4977,111.9803,114.5513,115.65,118.7866,121.1504,124.1237,122.9574,120.4435,117.9464,116.1224,113.6534,112.4878,109.4055,107.6138,105.205,104.0468,102.2719,100.5031,98.74058,96.98457,95.23528,94.06654,92.89062,92.26683,91.62154,90.95472,89.72903,89.02644,88.30226,87.55647,86.78906,86,85.18928,84.35687,89.22869
-87.75719,-88.84755,-89.93114,-91.00789,-92.0777,-93.1405,-94.19621,-95.24474,-96.28602,-97.31997,-98.3465,-99.36555,-100.377,-102.7061,-103.7152,-104.7165,-105.7097,-106.695,-107.672,-110.0428,-114.5513,-117.6863,-123.0071,-127.6659,-133.1064,-134.1845,-133.7661,-133.3141,-133.5836,-133.071,-134.0578,-132.7194,-132.892,-132.2608,-133.1738,-133.2834,-133.3721,-133.4402,-133.4878,-133.5149,-134.3409,-135.1567,-136.7912,-138.425,-140.058,-140.8464,-142.4721,-144.0962,-145.7184,-147.3386,-148.9564,-150.5715,-152.1838,-164.3388
125.3303,124.5597,123.7796,122.9901,122.1912,121.3831,120.5656,119.739,118.9033,118.0586,117.2048,116.3421,115.4706,116.0881,115.1874,114.278,113.3598,112.433,111.4977,111.9803,113.8442,115.65,118.7866,121.1504,124.1237,122.9574,120.4435,117.9464,116.1224,113.6534,111.845,109.4055,107.6138,105.8275,104.0468,101.6632,100.5031,98.14576,96.39678,95.23528,94.06654,93.45703,92.26683,91.62154,90.95472,89.72903,89.02644,88.30226,87.55647,86.78906,86,85.18928,84.84168,89.22869
-87.75719,-88.84755,-89.93114,-91.00789,-92.0777,-93.1405,-94.19621,-95.24474,-96.28602,-97.31997,-98.3465,-99.36555,-100.377,-102.7061,-103.7152,-104.7165,-105.7097,-106.695,-107.672,-110.0428,-113.8442,-117.6863,-123.0071,-127.6659,-133.1064,-134.1845,-133.7661,-133.3141,-133.5836,-133.071,-133.2917,-132.7194,-132.892,-133.0434,-133.1738,-132.49,-133.3721,-132.6364,-132.6788,-133.5149,-134.3409,-135.9808,-136.7912,-138.425,-140.058,-140.8464,-142.4721,-144.0962,-145.7184,-147.3386,-148.9564,-150.5715,-153.0584,-164.3388
125.3303,124.5597,123.7796,122.9901,121.3926,121.3831,120.5656,119.739,118.9033,118.0586,117.2048,116.3421,116.98,114.5902,115.1874,114.278,113.3598,112.433,111.4977,111.9803,113.8442,115.65,118.7866,121.1504,123.4417,122.9574,120.4435,118.609,116.7785,113.6534,112.4878,109.4055,107.6138,105.8275,104.0468,102.2719,100.5031,98.74058,96.98457,95.23528,94.06654,93.45703,92.26683,91.62154,90.95472,89.72903,89.02644,88.82476,87.55647,86.78906,86,85.18928,84.84168,89.22869
-87.75719,-88.84755,-89.93114,-91.00789,-91.47588,-93.1405,-94.19621,-95.24474,-96.28602,-97.31997,-98.3465,-99.36555,-101.6891,-101.3809,-103.7152,-104.7165,-105.7097,-106.695,-107.672,-110.0428,-113.8442,-117.6863,-123.0071,-127.6659,-132.375,-134.1845,-133.7661,-134.0631,-134.3383,-133.071,-134.0578,-132.7194,-132.892,-133.0434,-133.1738,-133.2834,-133.3721,-133.4402,-133.4878,-133.5149,-134.3409,-135.9808,-136.7912,-138.425,-140.058,-140.8464,-142.4721,-144.9488,-145.7184,-147.3386,-148.9564,-150.5715,-153.0584,-164.3388
125.3303,123.7456,123.7796,122.1862,122.1912,121.3831,120.5656,119.739,118.9033,118.0586,117.2048,116.3421,116.98,116.0881,115.1874,114.278,113.3598,112.433,111.4977,111.9803,113.8442,115.65,118.7866,121.1504,123.4417,122.9574,120.4435,117.9464,116.1224,114.3029,112.4878,110.0415,107.6138,105.8275,104.0468,101.6632,100.5031,98.14576,96.98457,95.23528,94.06654,93.45703,92.26683,91.62154,90.41008,89.72903,89.02644,88.30226,87.55647,86.78906,85.5,85.18928,83.38725,89.22869
-87.75719,-88.26685,-89.93114,-90.41306,-92.0777,-93.1405,-94.19621,-95.24474,-96.28602,-97.31997,-98.3465,-99.36555,-101.6891,-102.7061,-103.7152,-104.7165,-105.7097,-106.695,-107.672,-110.0428,-113.8442,-117.6863,-123.0071,-127.6659,-132.375,-134.1845,-133.7661,-133.3141,-133.5836,-133.8314,-134.0578,-133.4911,-132.892,-133.0434,-133.1738,-132.49,-133.3721,-132.6364,-133.4878,-133.5149,-134.3409,-135.9808,-136.7912,-138.425,-139.2193,-140.8464,-142.4721,-144.0962,-145.7184,-147.3386,-148.0903,-150.5715,-150.4346,-164.3388
125.3303,123.7456,123.7796,122.9901,121.3926,121.3831,120.5656,119.739,118.9033,118.0586,117.2048,116.3421,116.98,114.5902,115.1874,114.278,113.3598,112.433,111.4977,111.9803,114.5513,115.65,118.7866,121.1504,124.1237,122.9574,119.7744,117.9464,116.7785,113.6534,112.4878,109.4055,107.6138,105.8275,104.0468,102.2719,100.5031,98.74058,96.98457,95.23528,94.06654,92.89062,92.26683,91.62154,90.95472,89.72903,89.02644,88.30226,87.55647,86.78906,85.5,85.18928,84.35687,89.22869
-87.75719,-88.26685,-89.93114,-91.00789,-91.47588,-93.1405,-94.19621,-95.24474,-96.28602,-97.31997,-98.3465,-99.36555,-101.6891,-101.3809,-103.7152,-104.7165,-105.7097,-106.695,-107.672,-110.0428,-114.5513,-117.6863,-123.0071,-127.6659,-133.1064,-134.1845,-133.0229,-133.3141,-134.3383,-133.071,-134.0578,-132.7194,-132.892,-133.0434,-133.1738,-133.2834,-133.3721,-133.4402,-133.4878,-133.5149,-134.3409,-135.1567,-136.7912,-138.425,-140.058,-140.8464,-142.4721,-144.0962,-145.7184,-147.3386,-148.0903,-150.5715,-152.1838,-164.3388
125.3303,123.7456,122.9706,122.1862,122.1912,121.3831,120.5656,119.739,118.9033,118.0586,117.2048,117.8629,115.4706,116.0881,115.1874,114.278,113.3598,112.433,110.7783,111.9803,113.8442,115.65,118.7866,121.1504,124.1237,122.9574,120.4435,118.609,116.7785,114.3029,112.4878,109.4055,107.6138,105.8275,104.0468,102.2719,100.5031,98.74058,96.39678,95.23528,94.06654,93.45703,92.26683,91.62154,90.95472,89.72903,89.55636,88.30226,87.55647,86.78906,86,85.18928,84.35687,89.22869
-87.75719,-88.26685,-89.34336,-90.41306,-92.0777,-93.1405,-94.19621,-95.24474,-96.28602,-97.31997,-98.3465,-100.6644,-100.377,-102.7061,-103.7152,-104.7165,-105.7097,-106.695,-106.9774,-110.0428,-113.8442,-117.6863,-123.0071,-127.6659,-133.1064,-134.1845,-133.7661,-134.0631,-134.3383,-133.8314,-134.0578,-132.7194,-132.892,-133.0434,-133.1738,-133.2834,-133.3721,-133.4402,-132.6788,-133.5149,-134.3409,-135.9808,-136.7912,-138.425,-140.058,-140.8464,-143.3201,-144.0962,-145.7184,-147.3386,-148.9564,-150.5715,-152.1838,-164.3388
125.3303,123.7456,122.9706,122.9901,122.1912,121.3831,120.5656,119.739,118.9033,118.0586,117.2048,116.3421,115.4706,116.0881,115.1874,114.278,113.3598,112.433,111.4977,111.9803,113.8442,115.65,118.7866,121.1504,123.4417,122.9574,120.4435,117.9464,116.1224,114.3029,111.845,109.4055,107.6138,105.8275,104.0468,102.2719,100.5031,98.74058,96.98457,95.23528,94.06654,92.89062,92.26683,91.62154,90.95472,89.72903,89.02644,88.30226,87.55647,86.78906,86,85.18928,84.35687,89.22869
-87.75719,-88.26685,-89.34336,-91.00789,-92.0777,-93.1405,-94.19621,-95.24474,-96.28602,-97.31997,-98.3465,-99.36555,-100.377,-102.7061,-103.7152,-104.7165,-105.7097,-106.695,-107.672,-110.0428,-113.8442,-117.6863,-123.0071,-127.6659,-132.375,-134.1845,-133.7661,-133.3141,-133.5836,-133.8314,-133.2917,-132.7194,-132.892,-133.0434,-133.1738,-133.2834,-133.3721,-133.4402,-133.4878,-133.5149,-134.3409,-135.1567,-136.7912,-138.425,-140.058,-140.8464,-142.4721,-144.0962,-145.7184,-147.3386,-148.9564,-150.5715,-152.1838,-164.3388
125.3303,123.7456,122.9706,122.1862,122.1912,121.3831,120.5656,119.739,118.9033,118.0586,117.2048,116.3421,115.4706,114.5902,115.1874,114.278,113.3598,112.433,111.4977,111.9803,113.8442,116.3509,118.7866,121.1504,124.1237,122.9574,120.4435,117.9464,116.1224,113.6534,112.4878,109.4055,107.6138,105.8275,104.0468,102.2719,100.5031,98.74058,96.98457,95.23528,94.06654,92.89062,92.26683,91.62154,90.95472,90.26633,89.02644,88.30226,87.55647,86.78906,86,85.18928,84.35687,89.22869
-87.75719,-88.26685,-89.34336,-90.41306,-92.0777,-93.1405,-94.19621,-95.24474,-96.28602,-97.31997,-98.3465,-99.36555,-100.377,-101.3809,-103.7152,-104.7165,-105.7097,-106.695,-107.672,-110.0428,-113.8442,-118.3996,-123.0071,-127.6659,-133.1064,-134.1845,-133.7661,-133.3141,-133.5836,-133.071,-134.0578,-132.7194,-132.892,-133.0434,-133.1738,-133.2834,-133.3721,-133.4402,-133.4878,-133.5149,-134.3409,-135.1567,-136.7912,-138.425,-140.058,-141.6898,-142.4721,-144.0962,-145.7184,-147.3386,-148.9564,-150.5715,-152.1838,-164.3388
126.1494,123.7456,123.7796,122.1862,121.3926,121.3831,120.5656,119.739,118.9033,118.0586,117.2048,116.3421,115.4706,116.0881,115.1874,114.278,113.3598,112.433,111.4977,111.9803,113.8442,116.3509,118.7866,121.1504,124.1237,122.9574,120.4435,117.9464,116.1224,113.6534,111.845,109.4055,107.6138,105.8275,104.0468,102.2719,100.5031,98.74058,96.98457,95.81599,94.06654,92.89062,92.26683,91.62154,90.95472,90.26633,89.02644,88.30226,87.55647,86.78906,86,85.18928,84.84168,89.22869
-88.33077,-88.26685,-89.93114,-90.41306,-91.47588,-93.1405,-94.19621,-95.24474,-96.28602,-97.31997,-98.3465,-99.36555,-100.377,-102.7061,-103.7152,-104.7165,-105.7097,-106.695,-107.672,-110.0428,-113.8442,-118.3996,-123.0071,-127.6659,-133.1064,-134.1845,-133.7661,-133.3141,-133.5836,-133.071,-133.2917,-132.7194,-132.892,-133.0434,-133.1738,-133.2834,-133.3721,-133.4402,-133.4878,-134.3291,-134.3409,-135.1567,-136.7912,-138.425,-140.058,-141.6898,-142.4721,-144.0962,-145.7184,-147.3386,-148.9564,-150.5715,-153.0584,-164.3388
125.3303,124.5597,122.9706,122.1862,122.1912,121.3831,120.5656,119.739,118.9033,118.0586,117.2048,116.3421,115.4706,116.0881,115.1874,114.278,113.3598,112.433,111.4977,112.6936,113.8442,116.3509,118.7866,121.1504,124.1237,122.9574,120.4435,117.9464,116.1224,114.3029,111.845,109.4055,107.6138,105.8275,104.0468,102.2719,100.5031,98.74058,96.98457,95.23528,94.06654,92.89062,92.26683,91.62154,90.95472,90.26633,89.02644,88.30226,87.55647,86.78906,86,85.18928,84.84168,89.22869
-87.75719,-88.84755,-89.34336,-90.41306,-92.0777,-93.1405,-94.19621,-95.24474,-96.28602,-97.31997,-98.3465,-99.36555,-100.377,-102.7061,-103.7152,-104.7165,-105.7097,-106.695,-107.672,-110.7437,-113.8442,-118.3996,-123.0071,-127.6659,-133.1064,-134.1845,-133.7661,-133.3141,-133.5836,-133.8314,-133.2917,-132.7194,-132.892,-133.0434,-133.1738,-133.2834,-133.3721,-133.4402,-133.4878,-133.5149,-134.3409,-135.1567,-136.7912,-138.425,-140.058,-141.6898,-142.4721,-144.0962,-145.7184,-147.3386,-148.9564,-150.5715,-153.0584,-164.3388
125.3303,124.5597,123.7796,122.9901,122.1912,121.3831,120.5656,119.739,118.9033,118.0586,117.2048,116.3421,116.98,116.0881,113.7012,114.278,113.3598,112.433,111.4977,111.9803,113.8442,115.65,119.4812,121.1504,123.4417,122.9574,120.4435,117.9464,116.1224,113.6534,112.4878,109.4055,107.6138,105.8275,104.0468,102.2719,100.5031,98.14576,96.98457,95.23528,94.06654,92.89062,92.26683,91.62154,90.95472,89.72903,89.02644,88.30226,87.55647,86.78906,86,85.18928,84.84168,89.22869
-87.75719,-88.84755,-89.93114,-91.00789,-92.0777,-93.1405,-94.19621,-95.24474,-96.28602,-97.31997,-98.3465,-99.36555,-101.6891,-102.7061,-102.377,-104.7165,-105.7097,-106.695,-107.672,-110.0428,-113.8442,-117.6863,-123.7264,-127.6659,-132.375,-134.1845,-133.7661,-133.3141,-133.5836,-133.071,-134.0578,-132.7194,-132.892,-133.0434,-133.1738,-133.2834,-133.3721,-132.6364,-133.4878,-133.5149,-134.3409,-135.1567,-136.7912,-138.425,-140.058,-140.8464,-142.4721,-144.0962,-145.7184,-147.3386,-148.9564,-150.5715,-153.0584,-164.3388
126.1494,123.7456,122.9706,122.1862,122.1912,121.3831,120.5656,119.739,118.9033,118.0586,117.2048,116.3421,115.4706,116.0881,115.1874,114.278,113.3598,112.433,111.4977,111.9803,113.8442,116.3509,118.7866,121.1504,123.4417,122.9574,120.4435,117.9464,116.1224,113.6534,111.845,109.4055,107.6138,105.8275,104.0468,102.2719,100.5031,98.74058,96.39678,95.23528,94.06654,93.45703,92.26683,92.17348,90.95472,89.72903,89.02644,88.30226,87.55647,86.78906,86,85.18928,84.84168,89.22869
-88.33077,-88.26685,-89.34336,-90.41306,-92.0777,-93.1405,-94.19621,-95.24474,-96.28602,-97.31997,-98.3465,-99.36555,-100.377,-102.7061,-103.7152,-104.7165,-105.7097,-106.695,-107.672,-110.0428,-113.8442,-118.3996,-123.0071,-127.6659,-132.375,-134.1845,-133.7661,-133.3141,-133.5836,-133.071,-133.2917,-132.7194,-132.892,-133.0434,-133.1738,-133.2834,-133.3721,-133.4402,-132.6788,-133.5149,-134.3409,-135.9808,-136.7912,-139.2589,-140.058,-140.8464,-142.4721,-144.0962,-145.7184,-147.3386,-148.9564,-150.5715,-153.0584,-164.3388
124.5111,123.7456,123.7796,122.9901,122.1912,121.3831,120.5656,119.739,118.9033,118.0586,118.7369,116.3421,116.98,114.5902,115.1874,114.278,113.3598,112.433,110.7783,111.9803,113.8442,115.65,118.7866,121.1504,124.1237,122.9574,120.4435,117.9464,116.1224,113.6534,112.4878,108.7694,106.9845,105.8275,104.0468,101.6632,100.5031,98.74058,96.39678,95.23528,94.06654,92.89062,92.26683,91.62154,90.95472,89.72903,89.02644,88.30226,87.55647,86.78906,86,85.18928,84.84168,89.22869
-87.18362,-88.26685,-89.93114,-91.00789,-92.0777,-93.1405,-94.19621,-95.24474,-96.28602,-97.31997,-99.63208,-99.36555,-101.6891,-101.3809,-103.7152,-104.7165,-105.7097,-106.695,-106.9774,-110.0428,-113.8442,-117.6863,-123.0071,-127.6659,-133.1064,-134.1845,-133.7661,-133.3141,-133.5836,-133.071,-134.0578,-131.9478,-132.1148,-133.0434,-133.1738,-132.49,-133.3721,-133.4402,-132.6788,-133.5149,-134.3409,-135.1567,-136.7912,-138.425,-140.058,-140.8464,-142.4721,-144.0962,-145.7184,-147.3386,-148.9564,-150.5715,-153.0584,-164.3388
125.3303,123.7456,122.9706,122.9901,122.1912,121.3831,120.5656,119.739,118.9033,118.0586,117.2048,116.3421,116.98,116.0881,115.1874,114.278,113.3598,112.433,111.4977,111.9803,113.8442,116.3509,118.7866,121.1504,124.1237,122.9574,120.4435,117.9464,116.7785,114.3029,112.4878,110.0415,107.6138,105.8275,104.0468,102.2719,100.5031,98.74058,96.98457,95.23528,94.06654,93.45703,92.26683,91.62154,90.95472,90.26633,89.02644,88.30226,87.55647,86.78906,86,84.69685,84.35687,89.22869
-87.75719,-88.26685,-89.34336,-91.00789,-92.0777,-93.1405,-94.19621,-95.24474,-96.28602,-97.31997,-98.3465,-99.36555,-101.6891,-102.7061,-103.7152,-104.7165,-105.7097,-106.695,-107.672,-110.0428,-113.8442,-118.3996,-123.0071,-127.6659,-133.1064,-134.1845,-133.7661,-133.3141,-134.3383,-133.8314,-134.0578,-133.4911,-132.892,-133.0434,-133.1738,-133.2834,-133.3721,-133.4402,-133.4878,-133.5149,-134.3409,-135.9808,-136.7912,-138.425,-140.058,-141.6898,-142.4721,-144.0962,-145.7184,-147.3386,-148.9564,-149.7012,-152.1838,-164.3388
125.3303,123.7456,122.9706,122.9901,122.1912,121.3831,120.5656,119.739,118.9033,118.0586,117.2048,116.3421,115.4706,116.0881,113.7012,114.278,113.3598,112.433,111.4977,111.9803,113.8442,116.3509,118.7866,121.1504,123.4417,122.9574,121.1126,117.9464,116.1224,113.6534,112.4878,109.4055,107.6138,105.8275,104.0468,102.2719,100.5031,98.74058,96.98457,95.23528,94.06654,92.89062,92.26683,91.62154,90.95472,89.72903,89.02644,88.30226,87.55647,86.78906,86,84.69685,84.84168,89.22869
-87.75719,-88.26685,-89.34336,-91.00789,-92.0777,-93.1405,-94.19621,-95.24474,-96.28602,-97.31997,-98.3465,-99.36555,-100.377,-102.7061,-102.377,-104.7165,-105.7097,-106.695,-107.672,-110.0428,-113.8442,-118.3996,-123.0071,-127.6659,-132.375,-134.1845,-134.5092,-133.3141,-133.5836,-133.071,-134.0578,-132.7194,-132.892,-133.0434,-133.1738,-133.2834,-133.3721,-133.4402,-133.4878,-133.5149,-134.3409,-135.1567,-136.7912,-138.425,-140.058,-140.8464,-142.4721,-144.0962,-145.7184,-147.3386,-148.9564,-149.7012,-153.0584,-164.3388
125.3303,124.5597,123.7796,122.1862,122.1912,121.3831,120.5656,119.739,118.9033,118.0586,117.2048,116.3421,115.4706,116.0881,115.1874,114.278,113.3598,112.433,111.4977,111.9803,113.8442,116.3509,118.7866,121.1504,124.1237,122.9574,120.4435,117.9464,116.1224,113.6534,111.845,109.4055,107.6138,105.8275,104.0468,102.2719,100.5031,98.74058,96.98457,95.23528,94.06654,92.89062,92.26683,91.62154,90.95472,89.72903,89.02644,88.30226,87.55647,86.78906,86,85.18928,84.35687,89.22869
-87.75719,-88.84755,-89.93114,-90.41306,-92.0777,-93.1405,-94.19621,-95.24474,-96.28602,-97.31997,-98.3465,-99.36555,-100.377,-102.7061,-103.7152,-104.7165,-105.7097,-106.695,-107.672,-110.0428,-113.8442,-118.3996,-123.0071,-127.6659,-133.1064,-134.1845,-133.7661,-133.3141,-133.5836,-133.071,-133.2917,-132.7194,-132.892,-133.0434,-133.1738,-133.2834,-133.3721,-133.4402,-133.4878,-133.5149,-134.3409,-135.1567,-136.7912,-138.425,-140.058,-140.8464,-142.4721,-144.0962,-145.7184,-147.3386,-148.9564,-150.5715,-152.1838,-164.3388
125.3303,124.5597,123.7796,122.1862,122.1912,121.3831,120.5656,119.739,118.9033,118.0586,117.2048,116.3421,115.4706,116.0881,115.1874,114.278,113.3598,112.433,111.4977,111.9803,113.8442,115.65,118.0919,121.1504,124.1237,122.9574,120.4435,117.9464,116.1224,113.6534,111.2023,109.4055,107.6138,105.8275,104.0468,101.6632,100.5031,98.74058,96.98457,95.23528,94.06654,93.45703,92.26683,91.62154,90.95472,89.72903,89.02644,88.30226,87.55647,86.78906,86,84.69685,83.87206,89.22869
-87.75719,-88.84755,-89.93114,-90.41306,-92.0777,-93.1405,-94.19621,-95.24474,-96.28602,-97.31997,-98.3465,-99.36555,-100.377,-102.7061,-103.7152,-104.7165,-105.7097,-106.695,-107.672,-110.0428,-113.8442,-117.6863,-122.2878,-127.6659,-133.1064,-134.1845,-133.7661,-133.3141,-133.5836,-133.071,-132.5257,-132.7194,-132.892,-133.0434,-133.1738,-132.49,-133.3721,-133.4402,-133.4878,-133.5149,-134.3409,-135.9808,-136.7912,-138.425,-140.058,-140.8464,-142.4721,-144.0962,-145.7184,-147.3386,-148.9564,-149.7012,-151.3092,-164.3388
125.3303,124.5597,122.9706,122.1862,122.1912,121.3831,120.5656,119.739,118.9033,118.0586,117.2048,116.3421,115.4706,114.5902,115.1874,114.278,113.3598,112.433,110.7783,111.9803,113.8442,115.65,118.0919,121.1504,124.1237,122.9574,120.4435,117.9464,116.1224,113.6534,111.845,109.4055,107.6138,105.8275,104.0468,102.2719,100.5031,98.14576,96.98457,95.23528,94.06654,92.89062,92.26683,91.62154,90.95472,89.72903,89.02644,88.30226,87.55647,86.78906,86,85.18928,83.87206,89.22869
-87.75719,-88.84755,-89.34336,-90.41306,-92.0777,-93.1405,-94.19621,-95.24474,-96.28602,-97.31997,-98.3465,-99.36555,-100.377,-101.3809,-103.7152,-104.7165,-105.7097,-106.695,-106.9774,-110.0428,-113.8442,-117.6863,-122.2878,-127.6659,-133.1064,-134.1845,-133.7661,-133.3141,-133.5836,-133.071,-133.2917,-132.7194,-132.892,-133.0434,-133.1738,-133.2834,-133.3721,-132.6364,-133.4878,-133.5149,-134.3409,-135.1567,-136.7912,-138.425,-140.058,-140.8464,-142.4721,-144.0962,-145.7184,-147.3386,-148.9564,-150.5715,-151.3092,-164.3388
125.3303,123.7456,123.7796,122.9901,121.3926,121.3831,120.5656,119.739,118.9033,118.0586,117.2048,116.3421,116.98,116.0881,115.1874,114.278,113.3598,112.433,111.4977,111.9803,113.8442,116.3509,117.3973,121.1504,123.4417,122.9574,120.4435,117.9464,116.1224,113.004,111.845,109.4055,108.2431,105.8275,104.0468,101.6632,100.5031,98.14576,96.98457,95.23528,94.06654,92.89062,92.26683,91.62154,90.95472,89.72903,89.02644,88.30226,87.55647,86.78906,86,85.18928,84.35687,89.22869
-87.75719,-88.26685,-89.93114,-91.00789,-91.47588,-93.1405,-94.19621,-95.24474,-96.28602,-97.31997,-98.3465,-99.36555,-101.6891,-102.7061,-103.7152,-104.7165,-105.7097,-106.695,-107.672,-110.0428,-113.8442,-118.3996,-121.5684,-127.6659,-132.375,-134.1845,-133.7661,-133.3141,-133.5836,-132.3106,-133.2917,-132.7194,-133.6691,-133.0434,-133.1738,-132.49,-133.3721,-132.6364,-133.4878,-133.5149,-134.3409,-135.1567,-136.7912,-138.425,-140.058,-140.8464,-142.4721,-144.0962,-145.7184,-147.3386,-148.9564,-150.5715,-152.1838,-164.3388
124.5111,124.5597,122.9706,122.9901,121.3926,121.3831,120.5656,119.739,118.9033,118.0586,117.2048,116.3421,115.4706,114.5902,115.1874,114.278,113.3598,112.433,111.4977,111.9803,114.5513,116.3509,118.0919,121.1504,124.1237,122.9574,120.4435,118.609,116.1224,114.3029,111.845,109.4055,107.6138,105.8275,104.0468,102.2719,100.5031,98.14576,96.39678,95.23528,94.06654,93.45703,92.26683,91.62154,90.95472,90.26633,89.02644,88.30226,87.55647,86.78906,86,85.18928,84.35687,89.70585
-87.18362,-88.84755,-89.34336,-91.00789,-91.47588,-93.1405,-94.19621,-95.24474,-96.28602,-97.31997,-98.3465,-99.36555,-100.377,-101.3809,-103.7152,-104.7165,-105.7097,-106.695,-107.672,-110.0428,-114.5513,-118.3996,-122.2878,-127.6659,-133.1064,-134.1845,-133.7661,-134.0631,-133.5836,-133.8314,-133.2917,-132.7194,-132.892,-133.0434,-133.1738,-133.2834,-133.3721,-132.6364,-132.6788,-133.5149,-134.3409,-135.9808,-136.7912,-138.425,-140.058,-141.6898,-142.4721,-144.0962,-145.7184,-147.3386,-148.9564,-150.5715,-152.1838,-165.2176
