84.46624,83.07727,83.72724,84.35604,84.41905,84.9983,86.11571,86.66015,87.18362,87.68615,88.16779,88.6286,89.06862,89.48793,90.50224,90.88714,92.5101,93.5035,95.13257,96.11831,98.40885,99.39301,101.0387,103.3653,105.0277,106.0066,106.9774,109.3418,110.3087,112.6936,114.375,116.0599,118.4793,120.1762,121.1326,119.084,113.2064,109.4985,105.7141,103.3977,104.1376,104.0869,104.0174,104.7226,105.4199,105.3052,105.9812,106.6491,107.3089,107.9605,108.6039,108.4052,109.0272,109.6409,110.2463,110.8432,111.4317,112.0118,112.5833,114.0166,116.3244
140.5754,135.5698,133.9916,132.4125,129.9939,128.4184,127.6718,126.0913,124.5111,122.9314,121.3525,119.7747,118.1981,116.6229,115.8376,114.2608,114.2405,113.4288,113.3746,112.5401,113.2064,112.3434,112.2149,112.8034,112.6285,111.7077,110.7783,111.2671,110.3087,110.7437,110.4507,110.1367,110.4837,110.1212,109.0683,105.3566,98.40885,93.52052,88.70469,85.23448,84.32893,82.79445,81.26731,80.35651,79.43958,77.92179,76.99987,76.07209,75.13851,74.19922,73.25427,71.75181,70.80307,69.84895,68.8895,67.92481,66.95495,65.97999,65,64.50749,64.47968
84.46624,83.07727,83.19732,83.81874,84.41905,84.9983,86.11571,86.66015,87.18362,87.68615,88.16779,88.6286,89.06862,89.48793,90.50224,91.50965,92.5101,93.5035,95.13257,96.76776,98.40885,99.39301,101.7079,103.3653,105.0277,106.0066,107.672,109.3418,111.0158,112.6936,115.0944,116.7853,118.4793,120.1762,121.1326,119.084,113.2064,109.4985,106.4802,104.1693,104.1376,104.0869,104.0174,104.7226,105.4199,105.3052,105.9812,106.6491,107.3089,107.9605,108.6039,109.239,109.0272,110.4843,110.2463,110.8432,111.4317,112.0118,112.5833,114.0166,113.7006
140.5754,135.5698,133.1436,131.5691,129.9939,128.4184,127.6718,126.0913,124.5111,122.9314,121.3525,119.7747,118.1981,116.6229,115.8376,115.0434,114.2405,113.4288,113.3746,113.3005,113.2064,112.3434,112.958,112.8034,112.6285,111.7077,111.4977,111.2671,111.0158,110.7437,111.1453,110.8251,110.4837,110.1212,109.0683,105.3566,98.40885,93.52052,89.34748,85.87056,84.32893,82.79445,81.26731,80.35651,79.43958,77.92179,76.99987,76.07209,75.13851,74.19922,73.25427,72.30375,70.80307,70.38625,68.8895,67.92481,66.95495,65.97999,65,64.50749,63.02525
84.46624,82.55477,83.19732,83.81874,84.41905,84.9983,86.11571,86.66015,87.18362,87.68615,88.16779,88.6286,89.06862,89.48793,90.50224,91.50965,92.5101,93.5035,95.13257,96.76776,98.40885,99.39301,101.0387,103.3653,105.0277,106.0066,107.672,109.3418,111.0158,112.6936,115.0944,116.7853,117.7479,120.1762,121.1326,119.084,113.2064,109.4985,105.7141,103.3977,104.1376,104.0869,104.0174,104.7226,105.4199,105.3052,105.9812,106.6491,107.3089,107.9605,108.6039,109.239,109.0272,109.6409,110.2463,110.8432,111.4317,112.0118,112.5833,114.0166,114.5752
140.5754,134.7171,133.1436,131.5691,129.9939,128.4184,127.6718,126.0913,124.5111,122.9314,121.3525,119.7747,118.1981,116.6229,115.8376,115.0434,114.2405,113.4288,113.3746,113.3005,113.2064,112.3434,112.2149,112.8034,112.6285,111.7077,111.4977,111.2671,111.0158,110.7437,111.1453,110.8251,109.8017,110.1212,109.0683,105.3566,98.40885,93.52052,88.70469,85.23448,84.32893,82.79445,81.26731,80.35651,79.43958,77.92179,76.99987,76.07209,75.13851,74.19922,73.25427,72.30375,70.80307,69.84895,68.8895,67.92481,66.95495,65.97999,65,64.50749,63.51006
84.46624,83.07727,83.19732,83.81874,84.41905,84.9983,86.11571,86.66015,87.18362,87.68615,88.16779,88.6286,89.06862,89.48793,90.50224,91.50965,92.5101,93.5035,95.13257,96.76776,97.7528,99.39301,101.7079,103.3653,105.0277,106.0066,107.672,109.3418,111.0158,112.6936,114.375,116.0599,118.4793,120.1762,121.1326,119.084,113.2064,109.4985,106.4802,103.3977,104.1376,104.0869,104.0174,104.7226,104.6213,105.3052,105.9812,106.6491,107.3089,107.9605,108.6039,108.4052,109.0272,109.6409,110.2463,110.8432,111.4317,112.0118,112.5833,114.0166,114.5752
140.5754,135.5698,133.1436,131.5691,129.9939,128.4184,127.6718,126.0913,124.5111,122.9314,121.3525,119.7747,118.1981,116.6229,115.8376,115.0434,114.2405,113.4288,113.3746,113.3005,112.4517,112.3434,112.958,112.8034,112.6285,111.7077,111.4977,111.2671,111.0158,110.7437,110.4507,110.1367,110.4837,110.1212,109.0683,105.3566,98.40885,93.52052,89.34748,85.23448,84.32893,82.79445,81.26731,80.35651,78.83777,77.92179,76.99987,76.07209,75.13851,74.19922,73.25427,71.75181,70.80307,69.84895,68.8895,67.92481,66.95495,65.97999,65,64.50749,63.51006
84.46624,83.07727,83.72724,83.81874,84.41905,84.9983,86.11571,86.66015,87.18362,87.68615,88.16779,88.03377,89.06862,89.48793,90.50224,90.88714,92.5101,93.5035,94.48978,96.76776,97.7528,99.39301,101.7079,102.6897,104.3457,106.0066,107.672,109.3418,111.0158,112.6936,115.0944,116.0599,118.4793,120.1762,121.1326,119.084,113.2064,109.4985,106.4802,104.1693,104.1376,104.0869,104.0174,104.7226,105.4199,106.1091,105.9812,106.6491,107.3089,107.9605,108.6039,109.239,109.8658,109.6409,110.2463,110.8432,111.4317,112.0118,112.5833,114.0166,115.4498
140.5754,135.5698,133.9916,131.5691,129.9939,128.4184,127.6718,126.0913,124.5111,122.9314,121.3525,118.9708,118.1981,116.6229,115.8376,114.2608,114.2405,113.4288,112.6085,113.3005,112.4517,112.3434,112.958,112.0662,111.8971,111.7077,111.4977,111.2671,111.0158,110.7437,111.1453,110.1367,110.4837,110.1212,109.0683,105.3566,98.40885,93.52052,89.34748,85.87056,84.32893,82.79445,81.26731,80.35651,79.43958,78.51661,76.99987,76.07209,75.13851,74.19922,73.25427,72.30375,71.34771,69.84895,68.8895,67.92481,66.95495,65.97999,65,64.50749,63.99487
84.98128,83.07727,83.19732,83.81874,84.41905,84.9983,86.11571,86.66015,87.18362,87.68615,88.16779,88.6286,89.06862,89.48793,90.50224,91.50965,92.5101,93.5035,95.13257,96.76776,98.40885,100.0556,101.7079,103.3653,105.0277,106.0066,106.9774,109.3418,111.0158,112.6936,114.375,116.7853,118.4793,120.1762,121.1326,119.084,113.2064,109.4985,106.4802,104.1693,104.1376,104.0869,104.0174,104.7226,104.6213,105.3052,105.9812,106.6491,107.3089,107.9605,108.6039,109.239,109.8658,109.6409,110.2463,110.8432,111.4317,112.0118,112.5833,114.0166,114.5752
141.4326,135.5698,133.1436,131.5691,129.9939,128.4184,127.6718,126.0913,124.5111,122.9314,121.3525,119.7747,118.1981,116.6229,115.8376,115.0434,114.2405,113.4288,113.3746,113.3005,113.2064,113.0923,112.958,112.8034,112.6285,111.7077,110.7783,111.2671,111.0158,110.7437,110.4507,110.8251,110.4837,110.1212,109.0683,105.3566,98.40885,93.52052,89.34748,85.87056,84.32893,82.79445,81.26731,80.35651,78.83777,77.92179,76.99987,76.07209,75.13851,74.19922,73.25427,72.30375,71.34771,69.84895,68.8895,67.92481,66.95495,65.97999,65,64.50749,63.51006
84.46624,83.07727,83.19732,83.81874,84.41905,84.9983,86.11571,86.66015,87.18362,87.68615,88.16779,88.6286,89.06862,89.48793,90.50224,91.50965,92.5101,93.5035,94.48978,96.76776,98.40885,99.39301,101.7079,102.6897,105.0277,106.0066,107.672,109.3418,111.0158,112.6936,115.0944,116.0599,118.4793,120.1762,121.8758,119.084,113.2064,109.4985,106.4802,104.1693,104.1376,103.3043,104.8054,104.7226,105.4199,106.1091,105.9812,106.6491,107.3089,107.9605,108.6039,109.239,109.0272,109.6409,110.2463,110.8432,111.4317,112.0118,112.5833,114.0166,114.5752
140.5754,135.5698,133.1436,131.5691,129.9939,128.4184,127.6718,126.0913,124.5111,122.9314,121.3525,119.7747,118.1981,116.6229,115.8376,115.0434,114.2405,113.4288,112.6085,113.3005,113.2064,112.3434,112.958,112.0662,112.6285,111.7077,111.4977,111.2671,111.0158,110.7437,111.1453,110.1367,110.4837,110.1212,109.7374,105.3566,98.40885,93.52052,89.34748,85.87056,84.32893,82.17193,81.88298,80.35651,79.43958,78.51661,76.99987,76.07209,75.13851,74.19922,73.25427,72.30375,70.80307,69.84895,68.8895,67.92481,66.95495,65.97999,65,64.50749,63.51006
84.46624,83.07727,83.19732,83.81874,84.41905,84.9983,86.11571,86.66015,87.18362,87.68615,88.16779,88.6286,89.06862,89.48793,90.50224,91.50965,92.5101,93.5035,95.13257,96.76776,98.40885,99.39301,101.0387,103.3653,105.0277,106.0066,107.672,109.3418,111.0158,112.6936,115.0944,116.7853,118.4793,120.1762,121.1326,119.084,113.2064,108.7381,106.4802,103.3977,104.1376,104.0869,104.0174,104.7226,105.4199,105.3052,105.9812,106.6491,107.3089,107.9605,108.6039,109.239,109.8658,109.6409,110.2463,110.8432,111.4317,112.0118,112.5833,114.0166,114.5752
140.5754,135.5698,133.1436,131.5691,129.9939,128.4184,127.6718,126.0913,124.5111,122.9314,121.3525,119.7747,118.1981,116.6229,115.8376,115.0434,114.2405,113.4288,113.3746,113.3005,113.2064,112.3434,112.2149,112.8034,112.6285,111.7077,111.4977,111.2671,111.0158,110.7437,111.1453,110.8251,110.4837,110.1212,109.0683,105.3566,98.40885,92.87107,89.34748,85.23448,84.32893,82.79445,81.26731,80.35651,79.43958,77.92179,76.99987,76.07209,75.13851,74.19922,73.25427,72.30375,71.34771,69.84895,68.8895,67.92481,66.95495,65.97999,65,64.50749,63.51006
84.46624,83.07727,83.19732,83.81874,84.41905,84.9983,86.11571,86.66015,87.18362,87.10544,88.16779,88.6286,89.06862,89.48793,90.50224,91.50965,92.5101,93.5035,94.48978,96.76776,98.40885,99.39301,101.7079,103.3653,105.0277,106.0066,106.9774,109.3418,111.0158,112.6936,114.375,116.0599,118.4793,120.1762,121.8758,118.335,113.2064,109.4985,106.4802,103.3977,104.1376,104.0869,104.0174,104.7226,105.4199,105.3052,105.9812,106.6491,107.3089,107.9605,108.6039,109.239,109.0272,109.6409,110.2463,110.8432,111.4317,112.0118,112.5833,113.1462,113.7006
140.5754,135.5698,133.1436,131.5691,129.9939,128.4184,127.6718,126.0913,124.5111,122.1173,121.3525,119.7747,118.1981,116.6229,115.8376,115.0434,114.2405,113.4288,112.6085,113.3005,113.2064,112.3434,112.958,112.8034,112.6285,111.7077,110.7783,111.2671,111.0158,110.7437,110.4507,110.1367,110.4837,110.1212,109.7374,104.694,98.40885,93.52052,89.34748,85.23448,84.32893,82.79445,81.26731,80.35651,79.43958,77.92179,76.99987,76.07209,75.13851,74.19922,73.25427,72.30375,70.80307,69.84895,68.8895,67.92481,66.95495,65.97999,65,64.01506,63.02525
84.46624,83.07727,83.19732,83.81874,84.41905,84.9983,86.11571,86.66015,87.18362,87.68615,88.16779,88.6286,89.06862,89.48793,90.50224,91.50965,92.5101,93.5035,95.13257,96.76776,98.40885,99.39301,101.7079,103.3653,104.3457,106.0066,107.672,109.3418,111.0158,112.6936,115.0944,116.0599,118.4793,120.1762,121.1326,119.084,113.2064,109.4985,105.7141,103.3977,104.1376,104.0869,104.0174,104.7226,105.4199,106.1091,105.9812,106.6491,107.3089,107.9605,108.6039,108.4052,109.8658,109.6409,111.0943,110.8432,111.4317,112.0118,112.5833,113.1462,114.5752
140.5754,135.5698,133.1436,131.5691,129.9939,128.4184,127.6718,126.0913,124.5111,122.9314,121.3525,119.7747,118.1981,116.6229,115.8376,115.0434,114.2405,113.4288,113.3746,113.3005,113.2064,112.3434,112.958,112.8034,111.8971,111.7077,111.4977,111.2671,111.0158,110.7437,111.1453,110.1367,110.4837,110.1212,109.0683,105.3566,98.40885,93.52052,88.70469,85.23448,84.32893,82.79445,81.26731,80.35651,79.43958,78.51661,76.99987,76.07209,75.13851,74.19922,73.25427,71.75181,71.34771,69.84895,69.41942,67.92481,66.95495,65.97999,65,64.01506,63.51006
84.46624,82.55477,83.19732,83.81874,84.41905,84.9983,86.11571,86.66015,87.18362,87.68615,88.16779,88.6286,89.06862,89.48793,90.50224,91.50965,92.5101,93.5035,95.13257,96.76776,97.7528,99.39301,101.0387,103.3653,105.0277,106.0066,106.9774,109.3418,111.0158,112.6936,114.375,116.0599,118.4793,119.4389,121.1326,119.084,113.2064,108.7381,106.4802,103.3977,103.3604,103.3043,104.0174,104.7226,104.6213,105.3052,105.9812,106.6491,107.3089,107.9605,107.7749,109.239,109.0272,109.6409,110.2463,110.8432,111.4317,112.0118,112.5833,114.0166,114.5752
140.5754,134.7171,133.1436,131.5691,129.9939,128.4184,127.6718,126.0913,124.5111,122.9314,121.3525,119.7747,118.1981,116.6229,115.8376,115.0434,114.2405,113.4288,113.3746,113.3005,112.4517,112.3434,112.2149,112.8034,112.6285,111.7077,110.7783,111.2671,111.0158,110.7437,110.4507,110.1367,110.4837,109.4456,109.0683,105.3566,98.40885,92.87107,89.34748,85.23448,83.69961,82.17193,81.26731,80.35651,78.83777,77.92179,76.99987,76.07209,75.13851,74.19922,72.69508,72.30375,70.80307,69.84895,68.8895,67.92481,66.95495,65.97999,65,64.50749,63.51006
84.46624,83.07727,83.19732,83.81874,84.41905,84.9983,86.11571,86.66015,87.18362,87.68615,88.16779,88.6286,89.06862,89.48793,90.50224,91.50965,92.5101,93.5035,95.13257,96.11831,98.40885,99.39301,101.0387,103.3653,104.3457,106.0066,107.672,109.3418,111.0158,112.6936,114.375,116.0599,118.4793,120.1762,121.1326,119.084,113.2064,109.4985,106.4802,103.3977,104.1376,104.0869,104.0174,104.7226,105.4199,105.3052,105.9812,106.6491,107.3089,107.9605,108.6039,109.239,109.0272,109.6409,110.2463,110.8432,111.4317,112.0118,112.5833,114.0166,114.5752
140.5754,135.5698,133.1436,131.5691,129.9939,128.4184,127.6718,126.0913,124.5111,122.9314,121.3525,119.7747,118.1981,116.6229,115.8376,115.0434,114.2405,113.4288,113.3746,112.5401,113.2064,112.3434,112.2149,112.8034,111.8971,111.7077,111.4977,111.2671,111.0158,110.7437,110.4507,110.1367,110.4837,110.1212,109.0683,105.3566,98.40885,93.52052,89.34748,85.23448,84.32893,82.79445,81.26731,80.35651,79.43958,77.92179,76.99987,76.07209,75.13851,74.19922,73.25427,72.30375,70.80307,69.84895,68.8895,67.92481,66.95495,65.97999,65,64.50749,63.51006
84.46624,82.55477,83.19732,83.81874,84.41905,84.9983,86.11571,86.66015,87.18362,87.68615,88.16779,88.6286,89.06862,89.48793,90.50224,91.50965,92.5101,93.5035,95.13257,96.76776,98.40885,100.0556,101.0387,103.3653,105.0277,106.0066,107.672,109.3418,111.0158,112.6936,114.375,116.0599,118.4793,120.1762,121.1326,119.084,113.2064,109.4985,105.7141,103.3977,104.1376,104.0869,104.0174,104.7226,104.6213,105.3052,105.9812,106.6491,107.3089,107.9605,108.6039,109.239,109.0272,109.6409,110.2463,110.8432,111.4317,112.0118,112.5833,113.1462,115.4498
140.5754,134.7171,133.1436,131.5691,129.9939,128.4184,127.6718,126.0913,124.5111,122.9314,121.3525,119.7747,118.1981,116.6229,115.8376,115.0434,114.2405,113.4288,113.3746,113.3005,113.2064,113.0923,112.2149,112.8034,112.6285,111.7077,111.4977,111.2671,111.0158,110.7437,110.4507,110.1367,110.4837,110.1212,109.0683,105.3566,98.40885,93.52052,88.70469,85.23448,84.32893,82.79445,81.26731,80.35651,78.83777,77.92179,76.99987,76.07209,75.13851,74.19922,73.25427,72.30375,70.80307,69.84895,68.8895,67.92481,66.95495,65.97999,65,64.01506,63.99487
84.46624,82.55477,83.19732,83.81874,84.41905,84.9983,86.11571,86.66015,87.18362,87.68615,88.16779,88.6286,89.06862,89.48793,90.50224,91.50965,92.5101,93.5035,95.13257,96.11831,98.40885,99.39301,101.0387,102.6897,105.0277,106.0066,107.672,109.3418,111.0158,112.6936,114.375,116.0599,118.4793,120.1762,121.1326,119.084,113.2064,109.4985,106.4802,104.1693,104.1376,104.0869,104.0174,104.7226,104.6213,105.3052,106.7902,106.6491,107.3089,107.9605,107.7749,109.239,109.0272,109.6409,110.2463,110.8432,111.4317,112.0118,112.5833,114.0166,114.5752
140.5754,134.7171,133.1436,131.5691,129.9939,128.4184,127.6718,126.0913,124.5111,122.9314,121.3525,119.7747,118.1981,116.6229,115.8376,115.0434,114.2405,113.4288,113.3746,112.5401,113.2064,112.3434,112.2149,112.0662,112.6285,111.7077,111.4977,111.2671,111.0158,110.7437,110.4507,110.1367,110.4837,110.1212,109.0683,105.3566,98.40885,93.52052,89.34748,85.87056,84.32893,82.79445,81.26731,80.35651,78.83777,77.92179,77.58765,76.07209,75.13851,74.19922,72.69508,72.30375,70.80307,69.84895,68.8895,67.92481,66.95495,65.97999,65,64.50749,63.51006
84.46624,83.07727,83.19732,83.81874,84.41905,84.9983,86.11571,86.66015,87.18362,87.10544,88.16779,88.6286,89.06862,89.48793,90.50224,91.50965,92.5101,93.5035,95.13257,96.76776,98.40885,99.39301,101.7079,103.3653,105.0277,106.0066,107.672,109.3418,111.0158,112.6936,115.0944,116.0599,118.4793,120.1762,121.1326,119.084,113.2064,109.4985,106.4802,104.1693,104.1376,104.0869,104.0174,104.7226,105.4199,106.1091,105.9812,106.6491,107.3089,107.9605,108.6039,108.4052,109.0272,109.6409,110.2463,110.8432,111.4317,112.0118,112.5833,114.0166,114.5752
140.5754,135.5698,133.1436,131.5691,129.9939,128.4184,127.6718,126.0913,124.5111,122.1173,121.3525,119.7747,118.1981,116.6229,115.8376,115.0434,114.2405,113.4288,113.3746,113.3005,113.2064,112.3434,112.958,112.8034,112.6285,111.7077,111.4977,111.2671,111.0158,110.7437,111.1453,110.1367,110.4837,110.1212,109.0683,105.3566,98.40885,93.52052,89.34748,85.87056,84.32893,82.79445,81.26731,80.35651,79.43958,78.51661,76.99987,76.07209,75.13851,74.19922,73.25427,71.75181,70.80307,69.84895,68.8895,67.92481,66.95495,65.97999,65,64.50749,63.51006
84.46624,83.07727,83.19732,83.81874,84.41905,84.9983,86.11571,86.66015,87.18362,87.68615,88.16779,88.6286,89.06862,89.48793,90.50224,91.50965,92.5101,93.5035,95.13257,96.76776,98.40885,99.39301,101.7079,103.3653,105.0277,106.0066,107.672,109.3418,111.0158,112.6936,114.375,116.0599,118.4793,120.1762,121.1326,119.084,113.2064,109.4985,106.4802,103.3977,104.1376,104.0869,104.0174,104.7226,105.4199,105.3052,105.9812,106.6491,107.3089,107.9605,108.6039,109.239,109.0272,110.4843,110.2463,110.8432,111.4317,112.0118,112.5833,113.1462,114.5752
140.5754,135.5698,133.1436,131.5691,129.9939,128.4184,127.6718,126.0913,124.5111,122.9314,121.3525,119.7747,118.1981,116.6229,115.8376,115.0434,114.2405,113.4288,113.3746,113.3005,113.2064,112.3434,112.958,112.8034,112.6285,111.7077,111.4977,111.2671,111.0158,110.7437,110.4507,110.1367,110.4837,110.1212,109.0683,105.3566,98.40885,93.52052,89.34748,85.23448,84.32893,82.79445,81.26731,80.35651,79.43958,77.92179,76.99987,76.07209,75.13851,74.19922,73.25427,72.30375,70.80307,70.38625,68.8895,67.92481,66.95495,65.97999,65,64.01506,63.51006
84.46624,82.55477,83.19732,83.81874,84.41905,84.9983,86.11571,86.66015,86.61004,87.68615,88.16779,88.6286,89.06862,89.48793,90.50224,91.50965,92.5101,93.5035,95.13257,96.76776,97.7528,100.0556,101.7079,103.3653,105.0277,106.0066,107.672,109.3418,111.0158,112.6936,114.375,116.7853,118.4793,120.1762,121.1326,119.084,113.2064,108.7381,106.4802,103.3977,104.1376,103.3043,104.0174,104.7226,104.6213,105.3052,105.9812,106.6491,107.3089,107.9605,107.7749,109.239,109.8658,110.4843,110.2463,110.8432,111.4317,112.0118,112.5833,114.0166,114.5752
140.5754,134.7171,133.1436,131.5691,129.9939,128.4184,127.6718,126.0913,123.692,122.9314,121.3525,119.7747,118.1981,116.6229,115.8376,115.0434,114.2405,113.4288,113.3746,113.3005,112.4517,113.0923,112.958,112.8034,112.6285,111.7077,111.4977,111.2671,111.0158,110.7437,110.4507,110.8251,110.4837,110.1212,109.0683,105.3566,98.40885,92.87107,89.34748,85.23448,84.32893,82.17193,81.26731,80.35651,78.83777,77.92179,76.99987,76.07209,75.13851,74.19922,72.69508,72.30375,71.34771,70.38625,68.8895,67.92481,66.95495,65.97999,65,64.50749,63.51006
84.46624,82.55477,83.72724,83.81874,84.41905,84.9983,86.11571,86.66015,87.18362,87.68615,88.16779,88.6286,89.06862,89.48793,90.50224,91.50965,92.5101,93.5035,95.13257,96.76776,98.40885,99.39301,101.7079,103.3653,105.0277,106.0066,107.672,109.3418,111.0158,112.6936,114.375,116.7853,118.4793,120.1762,121.1326,119.084,113.2064,108.7381,105.7141,103.3977,104.1376,103.3043,104.0174,104.7226,105.4199,105.3052,106.7902,106.6491,107.3089,107.9605,108.6039,109.239,109.0272,109.6409,110.2463,110.8432,111.4317,112.0118,112.5833,114.0166,113.7006
140.5754,134.7171,133.9916,131.5691,129.9939,128.4184,127.6718,126.0913,124.5111,122.9314,121.3525,119.7747,118.1981,116.6229,115.8376,115.0434,114.2405,113.4288,113.3746,113.3005,113.2064,112.3434,112.958,112.8034,112.6285,111.7077,111.4977,111.2671,111.0158,110.7437,110.4507,110.8251,110.4837,110.1212,109.0683,105.3566,98.40885,92.87107,88.70469,85.23448,84.32893,82.17193,81.26731,80.35651,79.43958,77.92179,77.58765,76.07209,75.13851,74.19922,73.25427,72.30375,70.80307,69.84895,68.8895,67.92481,66.95495,65.97999,65,64.50749,63.02525
84.46624,82.55477,83.19732,83.81874,84.41905,84.9983,86.11571,86.66015,87.18362,87.68615,88.16779,88.6286,89.06862,89.48793,90.50224,91.50965,92.5101,93.5035,95.13257,96.76776,98.40885,99.39301,101.7079,102.6897,105.0277,106.0066,106.9774,109.3418,111.0158,112.6936,114.375,116.0599,118.4793,120.1762,121.1326,119.084,113.2064,108.7381,105.7141,103.3977,104.1376,104.0869,104.0174,104.7226,105.4199,105.3052,105.9812,106.6491,107.3089,107.9605,108.6039,108.4052,109.0272,110.4843,110.2463,110.8432,111.4317,112.0118,112.5833,114.0166,114.5752
140.5754,134.7171,133.1436,131.5691,129.9939,128.4184,127.6718,126.0913,124.5111,122.9314,121.3525,119.7747,118.1981,116.6229,115.8376,115.0434,114.2405,113.4288,113.3746,113.3005,113.2064,112.3434,112.958,112.0662,112.6285,111.7077,110.7783,111.2671,111.0158,110.7437,110.4507,110.1367,110.4837,110.1212,109.0683,105.3566,98.40885,92.87107,88.70469,85.23448,84.32893,82.79445,81.26731,80.35651,79.43958,77.92179,76.99987,76.07209,75.13851,74.19922,73.25427,71.75181,70.80307,70.38625,68.8895,67.92481,66.95495,65.97999,65,64.50749,63.51006
84.46624,82.55477,83.19732,83.81874,84.41905,84.9983,86.11571,86.66015,87.18362,87.10544,88.16779,88.6286,89.06862,89.48793,90.50224,91.50965,92.5101,93.5035,94.48978,96.76776,98.40885,99.39301,101.0387,102.6897,105.0277,106.0066,107.672,109.3418,111.0158,112.6936,114.375,116.0599,118.4793,120.1762,121.1326,119.084,113.2064,109.4985,106.4802,104.1693,104.1376,104.0869,104.0174,104.7226,104.6213,105.3052,105.9812,106.6491,107.3089,107.9605,108.6039,108.4052,109.8658,109.6409,110.2463,110.8432,111.4317,112.0118,112.5833,114.0166,114.5752
140.5754,134.7171,133.1436,131.5691,129.9939,128.4184,127.6718,126.0913,124.5111,122.1173,121.3525,119.7747,118.1981,116.6229,115.8376,115.0434,114.2405,113.4288,112.6085,113.3005,113.2064,112.3434,112.2149,112.0662,112.6285,111.7077,111.4977,111.2671,111.0158,110.7437,110.4507,110.1367,110.4837,110.1212,109.0683,105.3566,98.40885,93.52052,89.34748,85.87056,84.32893,82.79445,81.26731,80.35651,78.83777,77.92179,76.99987,76.07209,75.13851,74.19922,73.25427,71.75181,71.34771,69.84895,68.8895,67.92481,66.95495,65.97999,65,64.50749,63.51006
84.46624,83.07727,83.72724,83.81874,84.41905,84.9983,86.11571,86.66015,87.18362,87.68615,88.16779,88.6286,89.06862,89.48793,90.50224,90.88714,92.5101,93.5035,95.13257,96.76776,98.40885,100.0556,101.7079,103.3653,104.3457,106.0066,107.672,109.3418,111.0158,113.4068,115.0944,116.0599,118.4793,120.1762,121.1326,119.084,113.2064,109.4985,106.4802,103.3977,104.1376,104.0869,104.0174,104.7226,104.6213,105.3052,105.9812,106.6491,107.3089,107.9605,107.7749,108.4052,109.0272,109.6409,110.2463,110.8432,111.4317,112.0118,112.5833,114.0166,114.5752
140.5754,135.5698,133.9916,131.5691,129.9939,128.4184,127.6718,126.0913,124.5111,122.9314,121.3525,119.7747,118.1981,116.6229,115.8376,114.2608,114.2405,113.4288,113.3746,113.3005,113.2064,113.0923,112.958,112.8034,111.8971,111.7077,111.4977,111.2671,111.0158,111.4446,111.1453,110.1367,110.4837,110.1212,109.0683,105.3566,98.40885,93.52052,89.34748,85.23448,84.32893,82.79445,81.26731,80.35651,78.83777,77.92179,76.99987,76.07209,75.13851,74.19922,72.69508,71.75181,70.80307,69.84895,68.8895,67.92481,66.95495,65.97999,65,64.50749,63.51006
84.46624,83.07727,83.19732,83.81874,84.41905,84.9983,86.11571,86.66015,87.18362,87.68615,88.16779,88.6286,89.06862,89.48793,90.50224,91.50965,92.5101,93.5035,95.13257,96.76776,98.40885,99.39301,101.7079,103.3653,105.0277,106.0066,106.9774,108.6409,111.0158,111.9803,114.375,116.7853,118.4793,120.1762,121.1326,119.084,113.2064,108.7381,106.4802,104.1693,104.1376,104.0869,104.0174,104.7226,105.4199,105.3052,105.9812,106.6491,107.3089,107.9605,108.6039,108.4052,109.0272,109.6409,110.2463,110.8432,111.4317,112.0118,112.5833,113.1462,114.5752
140.5754,135.5698,133.1436,131.5691,129.9939,128.4184,127.6718,126.0913,124.5111,122.9314,121.3525,119.7747,118.1981,116.6229,115.8376,115.0434,114.2405,113.4288,113.3746,113.3005,113.2064,112.3434,112.958,112.8034,112.6285,111.7077,110.7783,110.5538,111.0158,110.0428,110.4507,110.8251,110.4837,110.1212,109.0683,105.3566,98.40885,92.87107,89.34748,85.87056,84.32893,82.79445,81.26731,80.35651,79.43958,77.92179,76.99987,76.07209,75.13851,74.19922,73.25427,71.75181,70.80307,69.84895,68.8895,67.92481,66.95495,65.97999,65,64.01506,63.51006
84.46624,82.55477,83.19732,83.81874,84.41905,84.9983,86.11571,86.66015,87.18362,87.68615,88.16779,88.6286,89.06862,89.48793,90.50224,91.50965,92.5101,93.5035,95.13257,96.76776,98.40885,100.0556,101.0387,103.3653,105.0277,106.0066,107.672,109.3418,111.0158,112.6936,114.375,116.0599,118.4793,120.1762,121.1326,119.084,113.2064,109.4985,105.7141,104.1693,104.1376,103.3043,104.0174,104.7226,105.4199,105.3052,105.9812,106.6491,107.3089,107.9605,108.6039,108.4052,109.0272,109.6409,110.2463,110.8432,111.4317,112.0118,112.5833,114.0166,114.5752
140.5754,134.7171,133.1436,131.5691,129.9939,128.4184,127.6718,126.0913,124.5111,122.9314,121.3525,119.7747,118.1981,116.6229,115.8376,115.0434,114.2405,113.4288,113.3746,113.3005,113.2064,113.0923,112.2149,112.8034,112.6285,111.7077,111.4977,111.2671,111.0158,110.7437,110.4507,110.1367,110.4837,110.1212,109.0683,105.3566,98.40885,93.52052,88.70469,85.87056,84.32893,82.17193,81.26731,80.35651,79.43958,77.92179,76.99987,76.07209,75.13851,74.19922,73.25427,71.75181,70.80307,69.84895,68.8895,67.92481,66.95495,65.97999,65,64.50749,63.51006
84.46624,83.07727,83.19732,83.81874,84.41905,84.9983,86.11571,86.66015,87.18362,87.10544,88.16779,88.6286,89.06862,89.48793,90.50224,91.50965,92.5101,93.5035,95.13257,96.76776,98.40885,99.39301,101.7079,103.3653,105.0277,106.0066,106.9774,109.3418,111.0158,112.6936,114.375,116.0599,117.7479,120.1762,121.8758,119.084,113.2064,108.7381,106.4802,103.3977,104.1376,104.0869,104.0174,104.7226,104.6213,106.1091,105.9812,106.6491,107.3089,107.9605,108.6039,108.4052,109.0272,109.6409,110.2463,111.6959,111.4317,112.0118,112.5833,113.1462,111.9513
140.5754,135.5698,133.1436,131.5691,129.9939,128.4184,127.6718,126.0913,124.5111,122.1173,121.3525,119.7747,118.1981,116.6229,115.8376,115.0434,114.2405,113.4288,113.3746,113.3005,113.2064,112.3434,112.958,112.8034,112.6285,111.7077,110.7783,111.2671,111.0158,110.7437,110.4507,110.1367,109.8017,110.1212,109.7374,105.3566,98.40885,92.87107,89.34748,85.23448,84.32893,82.79445,81.26731,80.35651,78.83777,78.51661,76.99987,76.07209,75.13851,74.19922,73.25427,71.75181,70.80307,69.84895,68.8895,68.44731,66.95495,65.97999,65,64.01506,62.05563
84.46624,82.55477,83.19732,83.81874,84.41905,84.9983,86.11571,86.66015,87.18362,87.68615,88.16779,88.6286,89.06862,89.48793,90.50224,91.50965,92.5101,93.5035,95.13257,96.11831,98.40885,99.39301,101.7079,103.3653,105.0277,106.0066,107.672,109.3418,111.0158,112.6936,114.375,116.7853,118.4793,120.1762,121.1326,118.335,113.2064,108.7381,106.4802,104.1693,104.1376,104.0869,104.0174,104.7226,104.6213,105.3052,105.9812,106.6491,107.3089,107.9605,108.6039,109.239,109.0272,109.6409,110.2463,110.8432,111.4317,112.0118,112.5833,114.0166,113.7006
140.5754,134.7171,133.1436,131.5691,129.9939,128.4184,127.6718,126.0913,124.5111,122.9314,121.3525,119.7747,118.1981,116.6229,115.8376,115.0434,114.2405,113.4288,113.3746,112.5401,113.2064,112.3434,112.958,112.8034,112.6285,111.7077,111.4977,111.2671,111.0158,110.7437,110.4507,110.8251,110.4837,110.1212,109.0683,104.694,98.40885,92.87107,89.34748,85.87056,84.32893,82.79445,81.26731,80.35651,78.83777,77.92179,76.99987,76.07209,75.13851,74.19922,73.25427,72.30375,70.80307,69.84895,68.8895,67.92481,66.95495,65.97999,65,64.50749,63.02525
84.46624,83.07727,83.19732,83.81874,84.41905,84.9983,86.11571,86.66015,87.18362,87.68615,88.16779,88.6286,89.06862,89.48793,90.50224,91.50965,92.5101,93.5035,95.13257,96.76776,98.40885,100.0556,101.0387,102.6897,105.0277,106.0066,107.672,109.3418,111.0158,112.6936,114.375,116.0599,118.4793,120.1762,121.1326,119.084,113.2064,108.7381,106.4802,103.3977,104.1376,104.0869,104.0174,104.7226,105.4199,106.1091,105.9812,106.6491,107.3089,107.9605,108.6039,109.239,109.0272,109.6409,110.2463,110.8432,111.4317,112.0118,112.5833,113.1462,114.5752
140.5754,135.5698,133.1436,131.5691,129.9939,128.4184,127.6718,126.0913,124.5111,122.9314,121.3525,119.7747,118.1981,116.6229,115.8376,115.0434,114.2405,113.4288,113.3746,113.3005,113.2064,113.0923,112.2149,112.0662,112.6285,111.7077,111.4977,111.2671,111.0158,110.7437,110.4507,110.1367,110.4837,110.1212,109.0683,105.3566,98.40885,92.87107,89.34748,85.23448,84.32893,82.79445,81.26731,80.35651,79.43958,78.51661,76.99987,76.07209,75.13851,74.19922,73.25427,72.30375,70.80307,69.84895,68.8895,67.92481,66.95495,65.97999,65,64.01506,63.51006
84.46624,83.07727,83.19732,84.35604,84.41905,84.9983,86.11571,86.66015,87.18362,87.68615,88.16779,88.6286,89.06862,89.48793,90.50224,91.50965,92.5101,93.5035,94.48978,96.76776,98.40885,100.0556,101.7079,102.6897,105.0277,106.0066,107.672,109.3418,111.0158,112.6936,114.375,116.0599,118.4793,120.1762,121.1326,119.084,113.2064,109.4985,106.4802,103.3977,103.3604,104.0869,104.0174,104.7226,104.6213,105.3052,105.9812,106.6491,107.3089,107.9605,108.6039,108.4052,109.0272,109.6409,110.2463,110.8432,111.4317,112.0118,112.5833,114.0166,114.5752
140.5754,135.5698,133.1436,132.4125,129.9939,128.4184,127.6718,126.0913,124.5111,122.9314,121.3525,119.7747,118.1981,116.6229,115.8376,115.0434,114.2405,113.4288,112.6085,113.3005,113.2064,113.0923,112.958,112.0662,112.6285,111.7077,111.4977,111.2671,111.0158,110.7437,110.4507,110.1367,110.4837,110.1212,109.0683,105.3566,98.40885,93.52052,89.34748,85.23448,83.69961,82.79445,81.26731,80.35651,78.83777,77.92179,76.99987,76.07209,75.13851,74.19922,73.25427,71.75181,70.80307,69.84895,68.8895,67.92481,66.95495,65.97999,65,64.50749,63.51006
84.46624,83.07727,83.19732,83.81874,84.41905,84.9983,86.11571,86.66015,87.18362,87.68615,88.16779,88.6286,89.06862,89.48793,90.50224,91.50965,92.5101,93.5035,95.13257,96.76776,98.40885,100.0556,101.7079,103.3653,104.3457,106.0066,106.9774,109.3418,111.0158,112.6936,114.375,116.0599,118.4793,120.1762,121.1326,119.084,113.2064,109.4985,106.4802,104.1693,104.1376,103.3043,104.8054,104.7226,104.6213,105.3052,105.9812,106.6491,107.3089,107.1364,108.6039,109.239,109.8658,109.6409,110.2463,110.8432,111.4317,112.0118,112.5833,114.0166,114.5752
140.5754,135.5698,133.1436,131.5691,129.9939,128.4184,127.6718,126.0913,124.5111,122.9314,121.3525,119.7747,118.1981,116.6229,115.8376,115.0434,114.2405,113.4288,113.3746,113.3005,113.2064,113.0923,112.958,112.8034,111.8971,111.7077,110.7783,111.2671,111.0158,110.7437,110.4507,110.1367,110.4837,110.1212,109.0683,105.3566,98.40885,93.52052,89.34748,85.87056,84.32893,82.17193,81.88298,80.35651,78.83777,77.92179,76.99987,76.07209,75.13851,73.63281,73.25427,72.30375,71.34771,69.84895,68.8895,67.92481,66.95495,65.97999,65,64.50749,63.51006
84.46624,82.55477,83.19732,83.81874,84.41905,84.9983,86.11571,86.66015,87.18362,87.68615,88.16779,88.6286,89.06862,89.48793,90.50224,91.50965,92.5101,93.5035,95.13257,96.76776,98.40885,99.39301,101.7079,103.3653,105.0277,106.0066,107.672,109.3418,111.0158,112.6936,114.375,116.0599,118.4793,120.1762,121.1326,119.084,113.9611,108.7381,106.4802,103.3977,103.3604,103.3043,104.0174,104.7226,105.4199,105.3052,105.9812,106.6491,107.3089,107.9605,108.6039,109.239,109.0272,109.6409,110.2463,110.8432,111.4317,112.0118,112.5833,113.1462,114.5752
140.5754,134.7171,133.1436,131.5691,129.9939,128.4184,127.6718,126.0913,124.5111,122.9314,121.3525,119.7747,118.1981,116.6229,115.8376,115.0434,114.2405,113.4288,113.3746,113.3005,113.2064,112.3434,112.958,112.8034,112.6285,111.7077,111.4977,111.2671,111.0158,110.7437,110.4507,110.1367,110.4837,110.1212,109.0683,105.3566,99.06491,92.87107,89.34748,85.23448,83.69961,82.17193,81.26731,80.35651,79.43958,77.92179,76.99987,76.07209,75.13851,74.19922,73.25427,72.30375,70.80307,69.84895,68.8895,67.92481,66.95495,65.97999,65,64.01506,63.51006
84.46624,83.07727,83.19732,83.81874,84.41905,84.9983,86.11571,86.66015,87.18362,87.10544,88.16779,88.6286,89.06862,89.48793,90.50224,90.88714,92.5101,93.5035,95.13257,96.76776,98.40885,99.39301,101.0387,103.3653,105.0277,106.0066,107.672,109.3418,111.0158,112.6936,114.375,116.0599,118.4793,120.1762,121.1326,119.084,113.2064,109.4985,105.7141,103.3977,103.3604,103.3043,104.0174,104.7226,104.6213,105.3052,105.9812,106.6491,107.3089,107.9605,108.6039,109.239,109.0272,109.6409,110.2463,110.8432,111.4317,112.0118,112.5833,114.0166,114.5752
140.5754,135.5698,133.1436,131.5691,129.9939,128.4184,127.6718,126.0913,124.5111,122.1173,121.3525,119.7747,118.1981,116.6229,115.8376,114.2608,114.2405,113.4288,113.3746,113.3005,113.2064,112.3434,112.2149,112.8034,112.6285,111.7077,111.4977,111.2671,111.0158,110.7437,110.4507,110.1367,110.4837,110.1212,109.0683,105.3566,98.40885,93.52052,88.70469,85.23448,83.69961,82.17193,81.26731,80.35651,78.83777,77.92179,76.99987,76.07209,75.13851,74.19922,73.25427,72.30375,70.80307,69.84895,68.8895,67.92481,66.95495,65.97999,65,64.50749,63.51006
