154.8525,154.9056,154.9469,154.9764,154.9941,155,154.9941,154.9764,154.9469,154.9056,154.8525,154.7876,154.7109,154.6224,154.5222,155.4064,155.2818,155.1454,154.0036,155.8297,159.6226,162.404,166.1547,170.8701,174.5726,178.2502,175.0194,173.748,171.4868,169.2195,167.9229,165.6429,164.3305,162.0394,160.7125,158.4118,157.0718,154.7631,155.3288,154.9214,155.4559,155.9733,155.5251,156.0106,157.4211,156.9287,157.3609,157.7751,158.171,157.6213,157.9834,158.3268,156.8173
6.761005,5.409422,4.057427,2.705123,1.352613,0,-1.352613,-2.705123,-4.057427,-5.409422,-6.761005,-8.112073,-9.462524,-10.81225,-12.16116,-13.5963,-14.95194,-16.30644,-17.5465,-19.13349,-21.01472,-22.82439,-24.83198,-27.06316,-29.21343,-31.43032,-32.43792,-33.77319,-34.88939,-35.96872,-37.22761,-38.24168,-39.45227,-40.40096,-41.56308,-42.44632,-43.55986,-44.37761,-46.01049,-47.36422,-49.01505,-50.67879,-52.03796,-53.71875,-55.74575,-57.11736,-58.83484,-60.56418,-62.30521,-63.68312,-65.43887,-67.20575,-68.18609
154.8525,154.9056,154.9469,154.9764,154.9941,155,154.9941,154.9764,154.9469,154.9056,154.8525,154.7876,154.7109,154.6224,154.5222,154.4102,154.2864,155.1454,154.0036,155.8297,159.6226,163.3942,166.1547,169.8824,173.5863,178.2502,175.0194,173.748,171.4868,170.1977,166.9466,165.6429,164.3305,162.0394,160.7125,158.4118,157.0718,155.7244,155.3288,154.9214,155.4559,155.9733,155.5251,156.0106,157.4211,157.8684,157.3609,157.7751,158.171,158.5484,157.9834,158.3268,157.7343
6.761005,5.409422,4.057427,2.705123,1.352613,0,-1.352613,-2.705123,-4.057427,-5.409422,-6.761005,-8.112073,-9.462524,-10.81225,-12.16116,-13.50914,-14.85609,-16.30644,-17.5465,-19.13349,-21.01472,-22.96356,-24.83198,-26.90673,-29.04838,-31.43032,-32.43792,-33.77319,-34.88939,-36.17663,-37.01117,-38.24168,-39.45227,-40.40096,-41.56308,-42.44632,-43.55986,-44.65325,-46.01049,-47.36422,-49.01505,-50.67879,-52.03796,-53.71875,-55.74575,-57.45938,-58.83484,-60.56418,-62.30521,-64.05773,-65.43887,-67.20575,-68.58484
154.8525,154.9056,154.9469,154.9764,154.9941,155,154.9941,154.9764,154.9469,154.9056,154.8525,154.7876,154.7109,154.6224,154.5222,154.4102,155.2818,155.1454,154.0036,155.8297,159.6226,163.3942,166.1547,169.8824,173.5863,178.2502,176.0026,173.748,171.4868,169.2195,167.9229,165.6429,164.3305,162.0394,160.7125,158.4118,157.0718,155.7244,155.3288,154.9214,155.4559,155.9733,155.5251,156.0106,157.4211,157.8684,157.3609,156.8415,158.171,157.6213,157.9834,158.3268,156.8173
6.761005,5.409422,4.057427,2.705123,1.352613,0,-1.352613,-2.705123,-4.057427,-5.409422,-6.761005,-8.112073,-9.462524,-10.81225,-12.16116,-13.50914,-14.95194,-16.30644,-17.5465,-19.13349,-21.01472,-22.96356,-24.83198,-26.90673,-29.04838,-31.43032,-32.62016,-33.77319,-34.88939,-35.96872,-37.22761,-38.24168,-39.45227,-40.40096,-41.56308,-42.44632,-43.55986,-44.65325,-46.01049,-47.36422,-49.01505,-50.67879,-52.03796,-53.71875,-55.74575,-57.45938,-58.83484,-60.20582,-62.30521,-63.68312,-65.43887,-67.20575,-68.18609
153.8534,154.9056,154.9469,154.9764,154.9941,155,154.9941,154.9764,154.9469,154.9056,154.8525,154.7876,154.7109,154.6224,155.5191,155.4064,154.2864,155.1454,155.9908,155.8297,159.6226,162.404,165.1656,169.8824,174.5726,178.2502,176.0026,173.748,171.4868,169.2195,167.9229,165.6429,165.3029,162.0394,160.7125,158.4118,157.0718,154.7631,155.3288,154.9214,155.4559,155.0222,155.5251,156.0106,157.4211,157.8684,157.3609,157.7751,157.2406,157.6213,157.9834,158.3268,157.7343
6.717386,5.409422,4.057427,2.705123,1.352613,0,-1.352613,-2.705123,-4.057427,-5.409422,-6.761005,-8.112073,-9.462524,-10.81225,-12.23962,-13.5963,-14.85609,-16.30644,-17.7729,-19.13349,-21.01472,-22.82439,-24.68417,-26.90673,-29.21343,-31.43032,-32.62016,-33.77319,-34.88939,-35.96872,-37.22761,-38.24168,-39.68571,-40.40096,-41.56308,-42.44632,-43.55986,-44.37761,-46.01049,-47.36422,-49.01505,-50.36977,-52.03796,-53.71875,-55.74575,-57.45938,-58.83484,-60.56418,-61.93871,-63.68312,-65.43887,-67.20575,-68.58484
152.8544,154.9056,154.9469,154.9764,154.9941,155,154.9941,154.9764,154.9469,154.9056,154.8525,154.7876,154.7109,154.6224,154.5222,154.4102,154.2864,155.1454,154.0036,155.8297,159.6226,163.3942,166.1547,169.8824,172.6,178.2502,176.0026,173.748,171.4868,169.2195,166.9466,165.6429,164.3305,162.0394,160.7125,158.4118,157.0718,155.7244,155.3288,154.9214,155.4559,155.9733,155.5251,156.0106,157.4211,156.9287,157.3609,157.7751,157.2406,157.6213,157.9834,158.3268,156.8173
6.673766,5.409422,4.057427,2.705123,1.352613,0,-1.352613,-2.705123,-4.057427,-5.409422,-6.761005,-8.112073,-9.462524,-10.81225,-12.16116,-13.50914,-14.85609,-16.30644,-17.5465,-19.13349,-21.01472,-22.96356,-24.83198,-26.90673,-28.88333,-31.43032,-32.62016,-33.77319,-34.88939,-35.96872,-37.01117,-38.24168,-39.45227,-40.40096,-41.56308,-42.44632,-43.55986,-44.65325,-46.01049,-47.36422,-49.01505,-50.67879,-52.03796,-53.71875,-55.74575,-57.11736,-58.83484,-60.56418,-61.93871,-63.68312,-65.43887,-67.20575,-68.18609
154.8525,154.9056,154.9469,154.9764,154.9941,155,154.9941,154.9764,154.9469,154.9056,154.8525,154.7876,154.7109,154.6224,154.5222,154.4102,155.2818,155.1454,155.9908,155.8297,159.6226,163.3942,166.1547,170.8701,174.5726,178.2502,175.0194,173.748,171.4868,169.2195,167.9229,165.6429,164.3305,162.0394,160.7125,158.4118,157.0718,154.7631,155.3288,154.9214,155.4559,155.0222,156.4734,156.0106,155.5358,156.9287,157.3609,157.7751,158.171,158.5484,157.9834,158.3268,157.7343
6.761005,5.409422,4.057427,2.705123,1.352613,0,-1.352613,-2.705123,-4.057427,-5.409422,-6.761005,-8.112073,-9.462524,-10.81225,-12.16116,-13.50914,-14.95194,-16.30644,-17.7729,-19.13349,-21.01472,-22.96356,-24.83198,-27.06316,-29.21343,-31.43032,-32.43792,-33.77319,-34.88939,-35.96872,-37.22761,-38.24168,-39.45227,-40.40096,-41.56308,-42.44632,-43.55986,-44.37761,-46.01049,-47.36422,-49.01505,-50.36977,-52.35527,-53.71875,-55.07813,-57.11736,-58.83484,-60.56418,-62.30521,-64.05773,-65.43887,-67.20575,-68.58484
153.8534,154.9056,154.9469,154.9764,154.9941,155,154.9941,154.9764,154.9469,154.9056,154.8525,154.7876,154.7109,154.6224,154.5222,154.4102,154.2864,155.1454,154.9972,155.8297,159.6226,162.404,166.1547,169.8824,173.5863,177.2654,175.0194,173.748,171.4868,170.1977,167.9229,165.6429,164.3305,163.0097,160.7125,158.4118,156.1081,155.7244,155.3288,154.9214,155.4559,155.9733,155.5251,156.0106,157.4211,157.8684,157.3609,157.7751,158.171,157.6213,157.9834,158.3268,157.7343
6.717386,5.409422,4.057427,2.705123,1.352613,0,-1.352613,-2.705123,-4.057427,-5.409422,-6.761005,-8.112073,-9.462524,-10.81225,-12.16116,-13.50914,-14.85609,-16.30644,-17.6597,-19.13349,-21.01472,-22.82439,-24.83198,-26.90673,-29.04838,-31.25667,-32.43792,-33.77319,-34.88939,-36.17663,-37.22761,-38.24168,-39.45227,-40.64288,-41.56308,-42.44632,-43.29262,-44.65325,-46.01049,-47.36422,-49.01505,-50.67879,-52.03796,-53.71875,-55.74575,-57.45938,-58.83484,-60.56418,-62.30521,-63.68312,-65.43887,-67.20575,-68.58484
153.8534,154.9056,154.9469,154.9764,154.9941,155,154.9941,154.9764,154.9469,154.9056,154.8525,154.7876,154.7109,154.6224,154.5222,154.4102,154.2864,155.1454,155.9908,155.8297,159.6226,163.3942,166.1547,169.8824,174.5726,178.2502,176.0026,173.748,170.5069,169.2195,167.9229,165.6429,164.3305,162.0394,160.7125,158.4118,157.0718,155.7244,155.3288,154.9214,155.4559,155.0222,155.5251,156.0106,157.4211,157.8684,157.3609,157.7751,158.171,157.6213,157.9834,158.3268,157.7343
6.717386,5.409422,4.057427,2.705123,1.352613,0,-1.352613,-2.705123,-4.057427,-5.409422,-6.761005,-8.112073,-9.462524,-10.81225,-12.16116,-13.50914,-14.85609,-16.30644,-17.7729,-19.13349,-21.01472,-22.96356,-24.83198,-26.90673,-29.21343,-31.43032,-32.62016,-33.77319,-34.69002,-35.96872,-37.22761,-38.24168,-39.45227,-40.40096,-41.56308,-42.44632,-43.55986,-44.65325,-46.01049,-47.36422,-49.01505,-50.36977,-52.03796,-53.71875,-55.74575,-57.45938,-58.83484,-60.56418,-62.30521,-63.68312,-65.43887,-67.20575,-68.58484
154.8525,154.9056,154.9469,154.9764,154.9941,155,154.9941,154.9764,154.9469,154.9056,154.8525,154.7876,154.7109,154.6224,154.5222,154.4102,154.2864,155.1454,154.9972,155.8297,159.6226,162.404,166.1547,170.8701,173.5863,177.2654,176.0026,173.748,170.5069,169.2195,167.9229,165.6429,164.3305,162.0394,160.7125,158.4118,157.0718,154.7631,155.3288,154.9214,155.4559,155.0222,155.5251,156.0106,157.4211,156.9287,157.3609,157.7751,158.171,157.6213,157.9834,158.3268,157.7343
6.761005,5.409422,4.057427,2.705123,1.352613,0,-1.352613,-2.705123,-4.057427,-5.409422,-6.761005,-8.112073,-9.462524,-10.81225,-12.16116,-13.50914,-14.85609,-16.30644,-17.6597,-19.13349,-21.01472,-22.82439,-24.83198,-27.06316,-29.04838,-31.25667,-32.62016,-33.77319,-34.69002,-35.96872,-37.22761,-38.24168,-39.45227,-40.40096,-41.56308,-42.44632,-43.55986,-44.37761,-46.01049,-47.36422,-49.01505,-50.36977,-52.03796,-53.71875,-55.74575,-57.11736,-58.83484,-60.56418,-62.30521,-63.68312,-65.43887,-67.20575,-68.58484
154.8525,154.9056,154.9469,154.9764,154.9941,155,154.9941,154.9764,154.9469,154.9056,154.8525,154.7876,154.7109,154.6224,154.5222,154.4102,155.2818,155.1454,154.0036,155.8297,159.6226,162.404,166.1547,170.8701,173.5863,178.2502,175.0194,173.748,170.5069,169.2195,167.9229,165.6429,164.3305,162.0394,160.7125,158.4118,157.0718,154.7631,155.3288,154.9214,155.4559,155.0222,155.5251,156.0106,157.4211,156.9287,157.3609,157.7751,158.171,157.6213,157.9834,158.3268,156.8173
6.761005,5.409422,4.057427,2.705123,1.352613,0,-1.352613,-2.705123,-4.057427,-5.409422,-6.761005,-8.112073,-9.462524,-10.81225,-12.16116,-13.50914,-14.95194,-16.30644,-17.5465,-19.13349,-21.01472,-22.82439,-24.83198,-27.06316,-29.04838,-31.43032,-32.43792,-33.77319,-34.69002,-35.96872,-37.22761,-38.24168,-39.45227,-40.40096,-41.56308,-42.44632,-43.55986,-44.37761,-46.01049,-47.36422,-49.01505,-50.36977,-52.03796,-53.71875,-55.74575,-57.11736,-58.83484,-60.56418,-62.30521,-63.68312,-65.43887,-67.20575,-68.18609
153.8534,154.9056,154.9469,154.9764,154.9941,155,154.9941,154.9764,154.9469,154.9056,154.8525,154.7876,154.7109,154.6224,154.5222,154.4102,155.2818,155.1454,154.9972,155.8297,160.6141,162.404,166.1547,169.8824,173.5863,178.2502,175.0194,173.748,171.4868,169.2195,167.9229,165.6429,164.3305,162.0394,160.7125,158.4118,157.0718,155.7244,155.3288,154.9214,155.4559,155.0222,155.5251,156.0106,157.4211,157.8684,157.3609,157.7751,158.171,157.6213,157.9834,158.3268,157.7343
6.717386,5.409422,4.057427,2.705123,1.352613,0,-1.352613,-2.705123,-4.057427,-5.409422,-6.761005,-8.112073,-9.462524,-10.81225,-12.16116,-13.50914,-14.95194,-16.30644,-17.6597,-19.13349,-21.14524,-22.82439,-24.83198,-26.90673,-29.04838,-31.43032,-32.43792,-33.77319,-34.88939,-35.96872,-37.22761,-38.24168,-39.45227,-40.40096,-41.56308,-42.44632,-43.55986,-44.65325,-46.01049,-47.36422,-49.01505,-50.36977,-52.03796,-53.71875,-55.74575,-57.45938,-58.83484,-60.56418,-62.30521,-63.68312,-65.43887,-67.20575,-68.58484
153.8534,154.9056,154.9469,154.9764,154.9941,155,154.9941,154.9764,154.9469,154.9056,154.8525,154.7876,154.7109,154.6224,154.5222,154.4102,155.2818,155.1454,154.0036,155.8297,159.6226,163.3942,166.1547,170.8701,174.5726,178.2502,176.0026,173.748,171.4868,169.2195,167.9229,165.6429,164.3305,162.0394,160.7125,158.4118,157.0718,155.7244,155.3288,154.9214,155.4559,155.9733,155.5251,156.0106,157.4211,156.9287,157.3609,157.7751,158.171,157.6213,157.9834,158.3268,156.8173
6.717386,5.409422,4.057427,2.705123,1.352613,0,-1.352613,-2.705123,-4.057427,-5.409422,-6.761005,-8.112073,-9.462524,-10.81225,-12.16116,-13.50914,-14.95194,-16.30644,-17.5465,-19.13349,-21.01472,-22.96356,-24.83198,-27.06316,-29.21343,-31.43032,-32.62016,-33.77319,-34.88939,-35.96872,-37.22761,-38.24168,-39.45227,-40.40096,-41.56308,-42.44632,-43.55986,-44.65325,-46.01049,-47.36422,-49.01505,-50.67879,-52.03796,-53.71875,-55.74575,-57.11736,-58.83484,-60.56418,-62.30521,-63.68312,-65.43887,-67.20575,-68.18609
154.8525,154.9056,154.9469,154.9764,154.9941,155,154.9941,154.9764,154.9469,154.9056,154.8525,154.7876,154.7109,154.6224,154.5222,154.4102,155.2818,155.1454,154.9972,155.8297,159.6226,162.404,166.1547,169.8824,174.5726,177.2654,176.0026,173.748,172.4667,169.2195,167.9229,165.6429,164.3305,163.0097,160.7125,158.4118,157.0718,155.7244,155.3288,154.9214,155.4559,155.9733,155.5251,156.0106,157.4211,157.8684,157.3609,157.7751,157.2406,158.5484,157.9834,158.3268,157.7343
6.761005,5.409422,4.057427,2.705123,1.352613,0,-1.352613,-2.705123,-4.057427,-5.409422,-6.761005,-8.112073,-9.462524,-10.81225,-12.16116,-13.50914,-14.95194,-16.30644,-17.6597,-19.13349,-21.01472,-22.82439,-24.83198,-26.90673,-29.21343,-31.25667,-32.62016,-33.77319,-35.08876,-35.96872,-37.22761,-38.24168,-39.45227,-40.64288,-41.56308,-42.44632,-43.55986,-44.65325,-46.01049,-47.36422,-49.01505,-50.67879,-52.03796,-53.71875,-55.74575,-57.45938,-58.83484,-60.56418,-61.93871,-64.05773,-65.43887,-67.20575,-68.58484
153.8534,154.9056,154.9469,154.9764,154.9941,155,154.9941,154.9764,154.9469,154.9056,154.8525,154.7876,154.7109,154.6224,154.5222,154.4102,154.2864,155.1454,154.9972,155.8297,160.6141,162.404,166.1547,169.8824,173.5863,178.2502,176.0026,173.748,170.5069,169.2195,167.9229,165.6429,164.3305,163.0097,160.7125,158.4118,157.0718,155.7244,155.3288,154.9214,155.4559,155.9733,155.5251,156.0106,157.4211,156.9287,157.3609,157.7751,157.2406,157.6213,157.9834,157.4063,157.7343
6.717386,5.409422,4.057427,2.705123,1.352613,0,-1.352613,-2.705123,-4.057427,-5.409422,-6.761005,-8.112073,-9.462524,-10.81225,-12.16116,-13.50914,-14.85609,-16.30644,-17.6597,-19.13349,-21.14524,-22.82439,-24.83198,-26.90673,-29.04838,-31.43032,-32.62016,-33.77319,-34.69002,-35.96872,-37.22761,-38.24168,-39.45227,-40.64288,-41.56308,-42.44632,-43.55986,-44.65325,-46.01049,-47.36422,-49.01505,-50.67879,-52.03796,-53.71875,-55.74575,-57.11736,-58.83484,-60.56418,-61.93871,-63.68312,-65.43887,-66.81502,-68.58484
153.8534,154.9056,154.9469,154.9764,154.9941,155,154.9941,154.9764,154.9469,154.9056,154.8525,154.7876,154.7109,155.62,155.5191,155.4064,154.2864,155.1454,154.9972,155.8297,159.6226,162.404,166.1547,170.8701,173.5863,178.2502,175.0194,173.748,170.5069,169.2195,167.9229,165.6429,164.3305,162.0394,160.7125,158.4118,156.1081,155.7244,155.3288,154.9214,155.4559,155.0222,155.5251,156.0106,157.4211,157.8684,157.3609,157.7751,157.2406,157.6213,157.9834,158.3268,156.8173
6.717386,5.409422,4.057427,2.705123,1.352613,0,-1.352613,-2.705123,-4.057427,-5.409422,-6.761005,-8.112073,-9.462524,-10.88201,-12.23962,-13.5963,-14.85609,-16.30644,-17.6597,-19.13349,-21.01472,-22.82439,-24.83198,-27.06316,-29.04838,-31.43032,-32.43792,-33.77319,-34.69002,-35.96872,-37.22761,-38.24168,-39.45227,-40.40096,-41.56308,-42.44632,-43.29262,-44.65325,-46.01049,-47.36422,-49.01505,-50.36977,-52.03796,-53.71875,-55.74575,-57.45938,-58.83484,-60.56418,-61.93871,-63.68312,-65.43887,-67.20575,-68.18609
154.8525,154.9056,154.9469,154.9764,154.9941,155,154.9941,154.9764,154.9469,154.9056,154.8525,154.7876,154.7109,154.6224,154.5222,155.4064,155.2818,155.1454,154.9972,155.8297,159.6226,162.404,166.1547,169.8824,173.5863,178.2502,176.0026,173.748,171.4868,170.1977,167.9229,165.6429,164.3305,163.0097,160.7125,158.4118,157.0718,154.7631,155.3288,155.8777,154.5021,155.0222,155.5251,156.0106,157.4211,156.9287,157.3609,157.7751,158.171,157.6213,157.9834,158.3268,156.8173
6.761005,5.409422,4.057427,2.705123,1.352613,0,-1.352613,-2.705123,-4.057427,-5.409422,-6.761005,-8.112073,-9.462524,-10.81225,-12.16116,-13.5963,-14.95194,-16.30644,-17.6597,-19.13349,-21.01472,-22.82439,-24.83198,-26.90673,-29.04838,-31.43032,-32.62016,-33.77319,-34.88939,-36.17663,-37.22761,-38.24168,-39.45227,-40.64288,-41.56308,-42.44632,-43.55986,-44.37761,-46.01049,-47.65659,-48.71434,-50.36977,-52.03796,-53.71875,-55.74575,-57.11736,-58.83484,-60.56418,-62.30521,-63.68312,-65.43887,-67.20575,-68.18609
154.8525,154.9056,154.9469,154.9764,154.9941,155,154.9941,154.9764,154.9469,154.9056,154.8525,154.7876,154.7109,154.6224,154.5222,154.4102,154.2864,155.1454,154.9972,155.8297,160.6141,163.3942,166.1547,169.8824,174.5726,178.2502,175.0194,173.748,171.4868,169.2195,167.9229,165.6429,164.3305,162.0394,160.7125,158.4118,157.0718,154.7631,155.3288,154.9214,155.4559,155.9733,155.5251,156.0106,157.4211,157.8684,157.3609,157.7751,158.171,157.6213,157.9834,158.3268,157.7343
6.761005,5.409422,4.057427,2.705123,1.352613,0,-1.352613,-2.705123,-4.057427,-5.409422,-6.761005,-8.112073,-9.462524,-10.81225,-12.16116,-13.50914,-14.85609,-16.30644,-17.6597,-19.13349,-21.14524,-22.96356,-24.83198,-26.90673,-29.21343,-31.43032,-32.43792,-33.77319,-34.88939,-35.96872,-37.22761,-38.24168,-39.45227,-40.40096,-41.56308,-42.44632,-43.55986,-44.37761,-46.01049,-47.36422,-49.01505,-50.67879,-52.03796,-53.71875,-55.74575,-57.45938,-58.83484,-60.56418,-62.30521,-63.68312,-65.43887,-67.20575,-68.58484
154.8525,154.9056,154.9469,153.9765,154.9941,155,154.9941,154.9764,154.9469,154.9056,154.8525,154.7876,154.7109,154.6224,154.5222,154.4102,154.2864,155.1454,154.0036,155.8297,160.6141,162.404,166.1547,169.8824,173.5863,178.2502,176.0026,173.748,171.4868,170.1977,167.9229,165.6429,164.3305,162.0394,160.7125,158.4118,157.0718,155.7244,155.3288,154.9214,155.4559,155.9733,155.5251,156.0106,157.4211,156.9287,157.3609,157.7751,158.171,157.6213,157.9834,158.3268,157.7343
6.761005,5.409422,4.057427,2.687671,1.352613,0,-1.352613,-2.705123,-4.057427,-5.409422,-6.761005,-8.112073,-9.462524,-10.81225,-12.16116,-13.50914,-14.85609,-16.30644,-17.5465,-19.13349,-21.14524,-22.82439,-24.83198,-26.90673,-29.04838,-31.43032,-32.62016,-33.77319,-34.88939,-36.17663,-37.22761,-38.24168,-39.45227,-40.40096,-41.56308,-42.44632,-43.55986,-44.65325,-46.01049,-47.36422,-49.01505,-50.67879,-52.03796,-53.71875,-55.74575,-57.11736,-58.83484,-60.56418,-62.30521,-63.68312,-65.43887,-67.20575,-68.58484
152.8544,154.9056,154.9469,154.9764,154.9941,155,154.9941,154.9764,154.9469,154.9056,154.8525,154.7876,154.7109,154.6224,154.5222,154.4102,154.2864,155.1454,154.0036,155.8297,159.6226,163.3942,166.1547,168.8947,174.5726,178.2502,175.0194,173.748,171.4868,169.2195,167.9229,165.6429,164.3305,162.0394,160.7125,158.4118,157.0718,155.7244,155.3288,154.9214,155.4559,155.0222,155.5251,156.0106,157.4211,156.9287,157.3609,157.7751,158.171,157.6213,157.9834,158.3268,156.8173
6.673766,5.409422,4.057427,2.705123,1.352613,0,-1.352613,-2.705123,-4.057427,-5.409422,-6.761005,-8.112073,-9.462524,-10.81225,-12.16116,-13.50914,-14.85609,-16.30644,-17.5465,-19.13349,-21.01472,-22.96356,-24.83198,-26.75029,-29.21343,-31.43032,-32.43792,-33.77319,-34.88939,-35.96872,-37.22761,-38.24168,-39.45227,-40.40096,-41.56308,-42.44632,-43.55986,-44.65325,-46.01049,-47.36422,-49.01505,-50.36977,-52.03796,-53.71875,-55.74575,-57.11736,-58.83484,-60.56418,-62.30521,-63.68312,-65.43887,-67.20575,-68.18609
153.8534,154.9056,154.9469,154.9764,154.9941,155,154.9941,154.9764,154.9469,154.9056,154.8525,154.7876,154.7109,154.6224,154.5222,154.4102,154.2864,155.1454,154.0036,155.8297,159.6226,162.404,166.1547,169.8824,173.5863,178.2502,176.0026,173.748,171.4868,169.2195,167.9229,165.6429,164.3305,162.0394,160.7125,158.4118,157.0718,155.7244,155.3288,154.9214,155.4559,155.9733,155.5251,156.0106,157.4211,156.9287,157.3609,157.7751,158.171,157.6213,157.9834,158.3268,157.7343
6.717386,5.409422,4.057427,2.705123,1.352613,0,-1.352613,-2.705123,-4.057427,-5.409422,-6.761005,-8.112073,-9.462524,-10.81225,-12.16116,-13.50914,-14.85609,-16.30644,-17.5465,-19.13349,-21.01472,-22.82439,-24.83198,-26.90673,-29.04838,-31.43032,-32.62016,-33.77319,-34.88939,-35.96872,-37.22761,-38.24168,-39.45227,-40.40096,-41.56308,-42.44632,-43.55986,-44.65325,-46.01049,-47.36422,-49.01505,-50.67879,-52.03796,-53.71875,-55.74575,-57.11736,-58.83484,-60.56418,-62.30521,-63.68312,-65.43887,-67.20575,-68.58484
154.8525,154.9056,154.9469,154.9764,154.9941,155,154.9941,154.9764,154.9469,154.9056,154.8525,154.7876,154.7109,154.6224,154.5222,155.4064,155.2818,155.1454,154.9972,155.8297,159.6226,163.3942,166.1547,169.8824,174.5726,177.2654,176.0026,173.748,171.4868,169.2195,167.9229,165.6429,164.3305,162.0394,160.7125,158.4118,157.0718,155.7244,155.3288,154.9214,155.4559,155.9733,155.5251,156.0106,157.4211,157.8684,157.3609,157.7751,158.171,158.5484,157.9834,158.3268,157.7343
6.761005,5.409422,4.057427,2.705123,1.352613,0,-1.352613,-2.705123,-4.057427,-5.409422,-6.761005,-8.112073,-9.462524,-10.81225,-12.16116,-13.5963,-14.95194,-16.30644,-17.6597,-19.13349,-21.01472,-22.96356,-24.83198,-26.90673,-29.21343,-31.25667,-32.62016,-33.77319,-34.88939,-35.96872,-37.22761,-38.24168,-39.45227,-40.40096,-41.56308,-42.44632,-43.55986,-44.65325,-46.01049,-47.36422,-49.01505,-50.67879,-52.03796,-53.71875,-55.74575,-57.45938,-58.83484,-60.56418,-62.30521,-64.05773,-65.43887,-67.20575,-68.58484
154.8525,154.9056,154.9469,154.9764,154.9941,155,154.9941,154.9764,154.9469,154.9056,154.8525,154.7876,154.7109,155.62,154.5222,154.4102,155.2818,155.1454,154.0036,155.8297,160.6141,163.3942,166.1547,169.8824,174.5726,178.2502,175.0194,173.748,171.4868,169.2195,167.9229,165.6429,164.3305,162.0394,160.7125,158.4118,157.0718,154.7631,155.3288,154.9214,155.4559,155.0222,155.5251,156.0106,157.4211,157.8684,157.3609,157.7751,158.171,157.6213,157.9834,158.3268,156.8173
6.761005,5.409422,4.057427,2.705123,1.352613,0,-1.352613,-2.705123,-4.057427,-5.409422,-6.761005,-8.112073,-9.462524,-10.88201,-12.16116,-13.50914,-14.95194,-16.30644,-17.5465,-19.13349,-21.14524,-22.96356,-24.83198,-26.90673,-29.21343,-31.43032,-32.43792,-33.77319,-34.88939,-35.96872,-37.22761,-38.24168,-39.45227,-40.40096,-41.56308,-42.44632,-43.55986,-44.37761,-46.01049,-47.36422,-49.01505,-50.36977,-52.03796,-53.71875,-55.74575,-57.45938,-58.83484,-60.56418,-62.30521,-63.68312,-65.43887,-67.20575,-68.18609
154.8525,154.9056,154.9469,154.9764,154.9941,155,154.9941,154.9764,154.9469,154.9056,154.8525,154.7876,154.7109,154.6224,154.5222,154.4102,155.2818,155.1454,154.0036,154.8372,159.6226,162.404,166.1547,169.8824,173.5863,177.2654,176.0026,173.748,171.4868,169.2195,167.9229,165.6429,164.3305,163.0097,160.7125,158.4118,157.0718,155.7244,155.3288,154.9214,155.4559,155.9733,155.5251,156.0106,157.4211,157.8684,157.3609,157.7751,158.171,157.6213,157.9834,157.4063,155.9002
6.761005,5.409422,4.057427,2.705123,1.352613,0,-1.352613,-2.705123,-4.057427,-5.409422,-6.761005,-8.112073,-9.462524,-10.81225,-12.16116,-13.50914,-14.95194,-16.30644,-17.5465,-19.01162,-21.01472,-22.82439,-24.83198,-26.90673,-29.04838,-31.25667,-32.62016,-33.77319,-34.88939,-35.96872,-37.22761,-38.24168,-39.45227,-40.64288,-41.56308,-42.44632,-43.55986,-44.65325,-46.01049,-47.36422,-49.01505,-50.67879,-52.03796,-53.71875,-55.74575,-57.45938,-58.83484,-60.56418,-62.30521,-63.68312,-65.43887,-66.81502,-67.78734
154.8525,154.9056,154.9469,154.9764,154.9941,155,154.9941,154.9764,154.9469,154.9056,154.8525,154.7876,154.7109,155.62,154.5222,155.4064,154.2864,155.1454,154.0036,155.8297,159.6226,162.404,166.1547,169.8824,173.5863,178.2502,175.0194,173.748,171.4868,169.2195,167.9229,165.6429,164.3305,162.0394,160.7125,158.4118,157.0718,155.7244,155.3288,154.9214,155.4559,155.9733,155.5251,156.0106,155.5358,157.8684,157.3609,157.7751,158.171,157.6213,157.9834,158.3268,156.8173
6.761005,5.409422,4.057427,2.705123,1.352613,0,-1.352613,-2.705123,-4.057427,-5.409422,-6.761005,-8.112073,-9.462524,-10.88201,-12.16116,-13.5963,-14.85609,-16.30644,-17.5465,-19.13349,-21.01472,-22.82439,-24.83198,-26.90673,-29.04838,-31.43032,-32.43792,-33.77319,-34.88939,-35.96872,-37.22761,-38.24168,-39.45227,-40.40096,-41.56308,-42.44632,-43.55986,-44.65325,-46.01049,-47.36422,-49.01505,-50.67879,-52.03796,-53.71875,-55.07813,-57.45938,-58.83484,-60.56418,-62.30521,-63.68312,-65.43887,-67.20575,-68.18609
153.8534,153.9062,154.9469,154.9764,154.9941,155,154.9941,154.9764,154.9469,154.9056,154.8525,154.7876,154.7109,154.6224,154.5222,155.4064,155.2818,155.1454,154.9972,155.8297,159.6226,163.3942,166.1547,170.8701,173.5863,178.2502,176.0026,173.748,171.4868,169.2195,167.9229,165.6429,164.3305,163.0097,160.7125,158.4118,157.0718,155.7244,155.3288,154.9214,155.4559,155.0222,155.5251,156.0106,157.4211,156.9287,157.3609,157.7751,158.171,157.6213,157.9834,158.3268,157.7343
6.717386,5.374522,4.057427,2.705123,1.352613,0,-1.352613,-2.705123,-4.057427,-5.409422,-6.761005,-8.112073,-9.462524,-10.81225,-12.16116,-13.5963,-14.95194,-16.30644,-17.6597,-19.13349,-21.01472,-22.96356,-24.83198,-27.06316,-29.04838,-31.43032,-32.62016,-33.77319,-34.88939,-35.96872,-37.22761,-38.24168,-39.45227,-40.64288,-41.56308,-42.44632,-43.55986,-44.65325,-46.01049,-47.36422,-49.01505,-50.36977,-52.03796,-53.71875,-55.74575,-57.11736,-58.83484,-60.56418,-62.30521,-63.68312,-65.43887,-67.20575,-68.58484
153.8534,154.9056,154.9469,154.9764,154.9941,155,154.9941,154.9764,154.9469,154.9056,154.8525,154.7876,154.7109,154.6224,154.5222,154.4102,154.2864,155.1454,155.9908,155.8297,159.6226,163.3942,166.1547,169.8824,173.5863,178.2502,176.0026,173.748,171.4868,169.2195,167.9229,165.6429,164.3305,163.0097,160.7125,158.4118,157.0718,155.7244,155.3288,154.9214,155.4559,155.9733,155.5251,156.0106,157.4211,157.8684,157.3609,157.7751,158.171,157.6213,157.9834,158.3268,157.7343
6.717386,5.409422,4.057427,2.705123,1.352613,0,-1.352613,-2.705123,-4.057427,-5.409422,-6.761005,-8.112073,-9.462524,-10.81225,-12.16116,-13.50914,-14.85609,-16.30644,-17.7729,-19.13349,-21.01472,-22.96356,-24.83198,-26.90673,-29.04838,-31.43032,-32.62016,-33.77319,-34.88939,-35.96872,-37.22761,-38.24168,-39.45227,-40.64288,-41.56308,-42.44632,-43.55986,-44.65325,-46.01049,-47.36422,-49.01505,-50.67879,-52.03796,-53.71875,-55.74575,-57.45938,-58.83484,-60.56418,-62.30521,-63.68312,-65.43887,-67.20575,-68.58484
153.8534,154.9056,154.9469,154.9764,154.9941,155,154.9941,154.9764,154.9469,154.9056,154.8525,154.7876,154.7109,154.6224,154.5222,154.4102,154.2864,155.1454,154.9972,155.8297,160.6141,162.404,166.1547,169.8824,174.5726,178.2502,176.0026,173.748,171.4868,169.2195,167.9229,165.6429,164.3305,162.0394,160.7125,158.4118,157.0718,155.7244,155.3288,154.9214,155.4559,155.0222,155.5251,156.0106,157.4211,156.9287,157.3609,157.7751,158.171,157.6213,157.9834,158.3268,157.7343
6.717386,5.409422,4.057427,2.705123,1.352613,0,-1.352613,-2.705123,-4.057427,-5.409422,-6.761005,-8.112073,-9.462524,-10.81225,-12.16116,-13.50914,-14.85609,-16.30644,-17.6597,-19.13349,-21.14524,-22.82439,-24.83198,-26.90673,-29.21343,-31.43032,-32.62016,-33.77319,-34.88939,-35.96872,-37.22761,-38.24168,-39.45227,-40.40096,-41.56308,-42.44632,-43.55986,-44.65325,-46.01049,-47.36422,-49.01505,-50.36977,-52.03796,-53.71875,-55.74575,-57.11736,-58.83484,-60.56418,-62.30521,-63.68312,-65.43887,-67.20575,-68.58484
153.8534,154.9056,154.9469,154.9764,154.9941,155,154.9941,154.9764,154.9469,154.9056,154.8525,154.7876,154.7109,154.6224,155.5191,154.4102,155.2818,155.1454,154.0036,155.8297,160.6141,162.404,166.1547,169.8824,174.5726,178.2502,175.0194,173.748,171.4868,169.2195,167.9229,165.6429,164.3305,162.0394,160.7125,158.4118,157.0718,155.7244,155.3288,154.9214,155.4559,155.9733,155.5251,156.0106,157.4211,157.8684,157.3609,157.7751,158.171,157.6213,157.9834,158.3268,157.7343
6.717386,5.409422,4.057427,2.705123,1.352613,0,-1.352613,-2.705123,-4.057427,-5.409422,-6.761005,-8.112073,-9.462524,-10.81225,-12.23962,-13.50914,-14.95194,-16.30644,-17.5465,-19.13349,-21.14524,-22.82439,-24.83198,-26.90673,-29.21343,-31.43032,-32.43792,-33.77319,-34.88939,-35.96872,-37.22761,-38.24168,-39.45227,-40.40096,-41.56308,-42.44632,-43.55986,-44.65325,-46.01049,-47.36422,-49.01505,-50.67879,-52.03796,-53.71875,-55.74575,-57.45938,-58.83484,-60.56418,-62.30521,-63.68312,-65.43887,-67.20575,-68.58484
154.8525,154.9056,154.9469,154.9764,154.9941,155,154.9941,154.9764,154.9469,154.9056,154.8525,154.7876,154.7109,154.6224,154.5222,155.4064,155.2818,155.1454,155.9908,155.8297,159.6226,163.3942,166.1547,170.8701,174.5726,178.2502,176.0026,173.748,170.5069,169.2195,167.9229,165.6429,164.3305,163.0097,160.7125,158.4118,157.0718,155.7244,155.3288,154.9214,155.4559,155.0222,155.5251,156.0106,157.4211,157.8684,157.3609,157.7751,158.171,157.6213,157.9834,158.3268,157.7343
6.761005,5.409422,4.057427,2.705123,1.352613,0,-1.352613,-2.705123,-4.057427,-5.409422,-6.761005,-8.112073,-9.462524,-10.81225,-12.16116,-13.5963,-14.95194,-16.30644,-17.7729,-19.13349,-21.01472,-22.96356,-24.83198,-27.06316,-29.21343,-31.43032,-32.62016,-33.77319,-34.69002,-35.96872,-37.22761,-38.24168,-39.45227,-40.64288,-41.56308,-42.44632,-43.55986,-44.65325,-46.01049,-47.36422,-49.01505,-50.36977,-52.03796,-53.71875,-55.74575,-57.45938,-58.83484,-60.56418,-62.30521,-63.68312,-65.43887,-67.20575,-68.58484
154.8525,154.9056,154.9469,154.9764,154.9941,155,154.9941,154.9764,154.9469,154.9056,154.8525,154.7876,154.7109,154.6224,154.5222,154.4102,155.2818,155.1454,154.0036,155.8297,160.6141,163.3942,166.1547,169.8824,174.5726,178.2502,176.0026,173.748,171.4868,169.2195,167.9229,165.6429,164.3305,163.0097,160.7125,158.4118,157.0718,155.7244,155.3288,154.9214,155.4559,155.9733,155.5251,156.0106,157.4211,156.9287,157.3609,157.7751,158.171,157.6213,157.9834,158.3268,157.7343
6.761005,5.409422,4.057427,2.705123,1.352613,0,-1.352613,-2.705123,-4.057427,-5.409422,-6.761005,-8.112073,-9.462524,-10.81225,-12.16116,-13.50914,-14.95194,-16.30644,-17.5465,-19.13349,-21.14524,-22.96356,-24.83198,-26.90673,-29.21343,-31.43032,-32.62016,-33.77319,-34.88939,-35.96872,-37.22761,-38.24168,-39.45227,-40.64288,-41.56308,-42.44632,-43.55986,-44.65325,-46.01049,-47.36422,-49.01505,-50.67879,-52.03796,-53.71875,-55.74575,-57.11736,-58.83484,-60.56418,-62.30521,-63.68312,-65.43887,-67.20575,-68.58484
