154.8525,154.9056,154.9469,154.9764,154.9941,156,154.9941,154.9764,154.9469,154.9056,154.8525,154.7876,154.7109,154.6224,154.5222,154.4102,154.2864,155.1454,154.0036,155.8297,158.6312,162.404,166.1547,169.8824,174.5726,177.2654,175.0194,172.7664,170.5069,169.2195,166.9466,164.6685,163.3581,162.0394,159.7444,158.4118,157.0718,155.7244,155.3288,155.8777,155.4559,155.0222,154.5768,156.0106,156.4785,157.8684,156.4243,157.7751,157.2406,156.6941,157.0595,158.3268,156.8173
6.761005,5.409422,4.057427,2.705123,1.352613,0,-1.352613,-2.705123,-4.057427,-5.409422,-6.761005,-8.112073,-9.462524,-10.81225,-12.16116,-13.50914,-14.85609,-16.30644,-17.5465,-19.13349,-20.88419,-22.82439,-24.83198,-26.90673,-29.21343,-31.25667,-32.43792,-33.58238,-34.69002,-35.96872,-37.01117,-38.01673,-39.21882,-40.40096,-41.3127,-42.44632,-43.55986,-44.65325,-46.01049,-47.65659,-49.01505,-50.36977,-51.72066,-53.71875,-55.41194,-57.45938,-58.48463,-60.56418,-61.93871,-63.30851,-65.05618,-67.20575,-68.18609
154.8525,154.9056,154.9469,154.9764,154.9941,155,154.9941,154.9764,154.9469,154.9056,154.8525,154.7876,154.7109,154.6224,154.5222,154.4102,154.2864,155.1454,154.9972,155.8297,160.6141,162.404,166.1547,169.8824,174.5726,177.2654,174.0361,172.7664,170.5069,168.2414,166.9466,164.6685,163.3581,161.0691,159.7444,158.4118,157.0718,155.7244,155.3288,154.9214,155.4559,155.9733,155.5251,156.0106,156.4785,157.8684,157.3609,157.7751,158.171,158.5484,157.9834,158.3268,157.7343
6.761005,5.409422,4.057427,2.705123,1.352613,0,-1.352613,-2.705123,-4.057427,-5.409422,-6.761005,-8.112073,-9.462524,-10.81225,-12.16116,-13.50914,-14.85609,-16.30644,-17.6597,-19.13349,-21.14524,-22.82439,-24.83198,-26.90673,-29.21343,-31.25667,-32.25569,-33.58238,-34.69002,-35.76081,-37.01117,-38.01673,-39.21882,-40.15903,-41.3127,-42.44632,-43.55986,-44.65325,-46.01049,-47.36422,-49.01505,-50.67879,-52.03796,-53.71875,-55.41194,-57.45938,-58.83484,-60.56418,-62.30521,-64.05773,-65.43887,-67.20575,-68.58484
154.8525,154.9056,154.9469,154.9764,154.9941,155,154.9941,154.9764,154.9469,154.9056,154.8525,154.7876,154.7109,154.6224,154.5222,155.4064,155.2818,155.1454,154.0036,155.8297,158.6312,163.3942,166.1547,169.8824,174.5726,177.2654,175.0194,172.7664,170.5069,168.2414,166.9466,164.6685,163.3581,162.0394,159.7444,158.4118,156.1081,155.7244,155.3288,154.9214,155.4559,155.9733,155.5251,156.0106,155.5358,156.9287,157.3609,157.7751,158.171,156.6941,157.9834,157.4063,157.7343
6.761005,5.409422,4.057427,2.705123,1.352613,0,-1.352613,-2.705123,-4.057427,-5.409422,-6.761005,-8.112073,-9.462524,-10.81225,-12.16116,-13.5963,-14.95194,-16.30644,-17.5465,-19.13349,-20.88419,-22.96356,-24.83198,-26.90673,-29.21343,-31.25667,-32.43792,-33.58238,-34.69002,-35.76081,-37.01117,-38.01673,-39.21882,-40.40096,-41.3127,-42.44632,-43.29262,-44.65325,-46.01049,-47.36422,-49.01505,-50.67879,-52.03796,-53.71875,-55.07813,-57.11736,-58.83484,-60.56418,-62.30521,-63.30851,-65.43887,-66.81502,-68.58484
154.8525,154.9056,154.9469,154.9764,154.9941,155,154.9941,154.9764,154.9469,154.9056,154.8525,154.7876,154.7109,154.6224,154.5222,154.4102,155.2818,155.1454,154.0036,155.8297,158.6312,162.404,167.1437,170.8701,174.5726,177.2654,174.0361,172.7664,170.5069,169.2195,166.9466,164.6685,163.3581,162.0394,159.7444,158.4118,157.0718,155.7244,155.3288,154.9214,155.4559,155.9733,154.5768,155.065,155.5358,155.989,156.4243,157.7751,158.171,157.6213,157.9834,157.4063,157.7343
6.761005,5.409422,4.057427,2.705123,1.352613,0,-1.352613,-2.705123,-4.057427,-5.409422,-6.761005,-8.112073,-9.462524,-10.81225,-12.16116,-13.50914,-14.95194,-16.30644,-17.5465,-19.13349,-20.88419,-22.82439,-24.97979,-27.06316,-29.21343,-31.25667,-32.25569,-33.58238,-34.69002,-35.96872,-37.01117,-38.01673,-39.21882,-40.40096,-41.3127,-42.44632,-43.55986,-44.65325,-46.01049,-47.36422,-49.01505,-50.67879,-51.72066,-53.39318,-55.07813,-56.77534,-58.48463,-60.56418,-62.30521,-63.68312,-65.43887,-66.81502,-68.58484
154.8525,154.9056,154.9469,154.9764,154.9941,155,154.9941,154.9764,154.9469,154.9056,154.8525,154.7876,154.7109,154.6224,154.5222,154.4102,155.2818,155.1454,154.9972,155.8297,158.6312,163.3942,166.1547,170.8701,174.5726,177.2654,176.0026,172.7664,170.5069,168.2414,166.9466,164.6685,163.3581,161.0691,159.7444,158.4118,157.0718,155.7244,154.37,154.9214,155.4559,155.9733,155.5251,156.0106,156.4785,157.8684,156.4243,156.8415,158.171,157.6213,157.9834,158.3268,157.7343
6.761005,5.409422,4.057427,2.705123,1.352613,0,-1.352613,-2.705123,-4.057427,-5.409422,-6.761005,-8.112073,-9.462524,-10.81225,-12.16116,-13.50914,-14.95194,-16.30644,-17.6597,-19.13349,-20.88419,-22.96356,-24.83198,-27.06316,-29.21343,-31.25667,-32.62016,-33.58238,-34.69002,-35.76081,-37.01117,-38.01673,-39.21882,-40.15903,-41.3127,-42.44632,-43.55986,-44.65325,-45.72647,-47.36422,-49.01505,-50.67879,-52.03796,-53.71875,-55.41194,-57.45938,-58.48463,-60.20582,-62.30521,-63.68312,-65.43887,-67.20575,-68.58484
154.8525,154.9056,154.9469,154.9764,154.9941,155,154.9941,154.9764,154.9469,154.9056,154.8525,154.7876,154.7109,154.6224,154.5222,154.4102,154.2864,155.1454,154.0036,155.8297,160.6141,163.3942,166.1547,169.8824,174.5726,177.2654,175.0194,172.7664,170.5069,168.2414,166.9466,164.6685,163.3581,161.0691,159.7444,158.4118,157.0718,155.7244,155.3288,154.9214,155.4559,155.0222,154.5768,155.065,156.4785,155.989,156.4243,157.7751,158.171,156.6941,157.9834,158.3268,156.8173
6.761005,5.409422,4.057427,2.705123,1.352613,0,-1.352613,-2.705123,-4.057427,-5.409422,-6.761005,-8.112073,-9.462524,-10.81225,-12.16116,-13.50914,-14.85609,-16.30644,-17.5465,-19.13349,-21.14524,-22.96356,-24.83198,-26.90673,-29.21343,-31.25667,-32.43792,-33.58238,-34.69002,-35.76081,-37.01117,-38.01673,-39.21882,-40.15903,-41.3127,-42.44632,-43.55986,-44.65325,-46.01049,-47.36422,-49.01505,-50.36977,-51.72066,-53.39318,-55.41194,-56.77534,-58.48463,-60.56418,-62.30521,-63.30851,-65.43887,-67.20575,-68.18609
154.8525,154.9056,154.9469,154.9764,154.9941,155,154.9941,154.9764,154.9469,154.9056,154.8525,155.7862,155.709,154.6224,154.5222,155.4064,154.2864,155.1454,154.9972,155.8297,160.6141,162.404,167.1437,170.8701,174.5726,177.2654,175.0194,172.7664,170.5069,168.2414,166.9466,164.6685,163.3581,162.0394,159.7444,158.4118,157.0718,155.7244,155.3288,154.9214,155.4559,155.9733,155.5251,156.0106,156.4785,155.989,157.3609,157.7751,158.171,157.6213,158.9073,158.3268,157.7343
6.761005,5.409422,4.057427,2.705123,1.352613,0,-1.352613,-2.705123,-4.057427,-5.409422,-6.761005,-8.164409,-9.523572,-10.81225,-12.16116,-13.5963,-14.85609,-16.30644,-17.6597,-19.13349,-21.14524,-22.82439,-24.97979,-27.06316,-29.21343,-31.25667,-32.43792,-33.58238,-34.69002,-35.76081,-37.01117,-38.01673,-39.21882,-40.40096,-41.3127,-42.44632,-43.55986,-44.65325,-46.01049,-47.36422,-49.01505,-50.67879,-52.03796,-53.71875,-55.41194,-56.77534,-58.83484,-60.56418,-62.30521,-63.68312,-65.82155,-67.20575,-68.58484
154.8525,154.9056,154.9469,154.9764,154.9941,155,154.9941,154.9764,154.9469,154.9056,154.8525,154.7876,154.7109,154.6224,154.5222,154.4102,154.2864,155.1454,154.0036,155.8297,158.6312,162.404,166.1547,169.8824,174.5726,177.2654,176.0026,171.7848,170.5069,168.2414,166.9466,164.6685,162.3858,161.0691,159.7444,158.4118,156.1081,155.7244,155.3288,154.9214,155.4559,155.9733,155.5251,155.065,156.4785,155.989,157.3609,157.7751,158.171,157.6213,157.9834,157.4063,157.7343
6.761005,5.409422,4.057427,2.705123,1.352613,0,-1.352613,-2.705123,-4.057427,-5.409422,-6.761005,-8.112073,-9.462524,-10.81225,-12.16116,-13.50914,-14.85609,-16.30644,-17.5465,-19.13349,-20.88419,-22.82439,-24.83198,-26.90673,-29.21343,-31.25667,-32.62016,-33.39157,-34.69002,-35.76081,-37.01117,-38.01673,-38.98538,-40.15903,-41.3127,-42.44632,-43.29262,-44.65325,-46.01049,-47.36422,-49.01505,-50.67879,-52.03796,-53.39318,-55.41194,-56.77534,-58.83484,-60.56418,-62.30521,-63.68312,-65.43887,-66.81502,-68.58484
154.8525,154.9056,154.9469,154.9764,154.9941,155,154.9941,154.9764,154.9469,154.9056,154.8525,154.7876,154.7109,154.6224,154.5222,154.4102,154.2864,155.1454,154.0036,155.8297,160.6141,162.404,167.1437,170.8701,174.5726,177.2654,175.0194,172.7664,170.5069,168.2414,166.9466,164.6685,163.3581,162.0394,159.7444,158.4118,157.0718,154.7631,154.37,154.9214,155.4559,155.9733,155.5251,156.0106,154.5932,155.989,157.3609,157.7751,158.171,158.5484,157.9834,158.3268,157.7343
6.761005,5.409422,4.057427,2.705123,1.352613,0,-1.352613,-2.705123,-4.057427,-5.409422,-6.761005,-8.112073,-9.462524,-10.81225,-12.16116,-13.50914,-14.85609,-16.30644,-17.5465,-19.13349,-21.14524,-22.82439,-24.97979,-27.06316,-29.21343,-31.25667,-32.43792,-33.58238,-34.69002,-35.76081,-37.01117,-38.01673,-39.21882,-40.40096,-41.3127,-42.44632,-43.55986,-44.37761,-45.72647,-47.36422,-49.01505,-50.67879,-52.03796,-53.71875,-54.74432,-56.77534,-58.83484,-60.56418,-62.30521,-64.05773,-65.43887,-67.20575,-68.58484
154.8525,154.9056,154.9469,154.9764,154.9941,155,154.9941,154.9764,154.9469,154.9056,154.8525,154.7876,154.7109,155.62,154.5222,154.4102,154.2864,154.1509,154.0036,154.8372,158.6312,163.3942,166.1547,170.8701,174.5726,177.2654,175.0194,172.7664,170.5069,168.2414,166.9466,164.6685,163.3581,161.0691,159.7444,158.4118,156.1081,154.7631,155.3288,154.9214,155.4559,155.9733,155.5251,156.0106,156.4785,155.0493,157.3609,156.8415,157.2406,157.6213,157.9834,157.4063,157.7343
6.761005,5.409422,4.057427,2.705123,1.352613,0,-1.352613,-2.705123,-4.057427,-5.409422,-6.761005,-8.112073,-9.462524,-10.88201,-12.16116,-13.50914,-14.85609,-16.20191,-17.5465,-19.01162,-20.88419,-22.96356,-24.83198,-27.06316,-29.21343,-31.25667,-32.43792,-33.58238,-34.69002,-35.76081,-37.01117,-38.01673,-39.21882,-40.15903,-41.3127,-42.44632,-43.29262,-44.37761,-46.01049,-47.36422,-49.01505,-50.67879,-52.03796,-53.71875,-55.41194,-56.43332,-58.83484,-60.20582,-61.93871,-63.68312,-65.43887,-66.81502,-68.58484
154.8525,154.9056,154.9469,154.9764,154.9941,155,154.9941,154.9764,154.9469,154.9056,154.8525,154.7876,154.7109,154.6224,155.5191,154.4102,155.2818,155.1454,154.0036,155.8297,158.6312,163.3942,167.1437,169.8824,174.5726,177.2654,175.0194,172.7664,170.5069,168.2414,166.9466,164.6685,163.3581,161.0691,159.7444,158.4118,157.0718,155.7244,154.37,154.9214,155.4559,155.0222,155.5251,156.0106,156.4785,155.0493,157.3609,157.7751,158.171,157.6213,157.9834,157.4063,156.8173
6.761005,5.409422,4.057427,2.705123,1.352613,0,-1.352613,-2.705123,-4.057427,-5.409422,-6.761005,-8.112073,-9.462524,-10.81225,-12.23962,-13.50914,-14.95194,-16.30644,-17.5465,-19.13349,-20.88419,-22.96356,-24.97979,-26.90673,-29.21343,-31.25667,-32.43792,-33.58238,-34.69002,-35.76081,-37.01117,-38.01673,-39.21882,-40.15903,-41.3127,-42.44632,-43.55986,-44.65325,-45.72647,-47.36422,-49.01505,-50.36977,-52.03796,-53.71875,-55.41194,-56.43332,-58.83484,-60.56418,-62.30521,-63.68312,-65.43887,-66.81502,-68.18609
154.8525,154.9056,154.9469,154.9764,154.9941,155,154.9941,154.9764,154.9469,154.9056,154.8525,154.7876,154.7109,154.6224,154.5222,155.4064,154.2864,155.1454,154.0036,155.8297,158.6312,162.404,166.1547,169.8824,174.5726,177.2654,175.0194,172.7664,170.5069,168.2414,166.9466,164.6685,163.3581,162.0394,159.7444,158.4118,157.0718,155.7244,155.3288,154.9214,155.4559,155.9733,154.5768,156.0106,156.4785,155.989,157.3609,157.7751,158.171,158.5484,157.9834,157.4063,157.7343
6.761005,5.409422,4.057427,2.705123,1.352613,0,-1.352613,-2.705123,-4.057427,-5.409422,-6.761005,-8.112073,-9.462524,-10.81225,-12.16116,-13.5963,-14.85609,-16.30644,-17.5465,-19.13349,-20.88419,-22.82439,-24.83198,-26.90673,-29.21343,-31.25667,-32.43792,-33.58238,-34.69002,-35.76081,-37.01117,-38.01673,-39.21882,-40.40096,-41.3127,-42.44632,-43.55986,-44.65325,-46.01049,-47.36422,-49.01505,-50.67879,-51.72066,-53.71875,-55.41194,-56.77534,-58.83484,-60.56418,-62.30521,-64.05773,-65.43887,-66.81502,-68.58484
154.8525,154.9056,154.9469,154.9764,154.9941,155,154.9941,154.9764,154.9469,154.9056,154.8525,154.7876,154.7109,154.6224,154.5222,155.4064,154.2864,155.1454,154.0036,155.8297,159.6226,162.404,166.1547,169.8824,174.5726,177.2654,175.0194,172.7664,170.5069,168.2414,166.9466,164.6685,163.3581,161.0691,160.7125,158.4118,157.0718,155.7244,154.37,154.9214,155.4559,155.9733,154.5768,156.0106,157.4211,156.9287,156.4243,157.7751,158.171,157.6213,157.0595,157.4063,157.7343
6.761005,5.409422,4.057427,2.705123,1.352613,0,-1.352613,-2.705123,-4.057427,-5.409422,-6.761005,-8.112073,-9.462524,-10.81225,-12.16116,-13.5963,-14.85609,-16.30644,-17.5465,-19.13349,-21.01472,-22.82439,-24.83198,-26.90673,-29.21343,-31.25667,-32.43792,-33.58238,-34.69002,-35.76081,-37.01117,-38.01673,-39.21882,-40.15903,-41.56308,-42.44632,-43.55986,-44.65325,-45.72647,-47.36422,-49.01505,-50.67879,-51.72066,-53.71875,-55.74575,-57.11736,-58.48463,-60.56418,-62.30521,-63.68312,-65.05618,-66.81502,-68.58484
152.8544,154.9056,154.9469,154.9764,154.9941,155,154.9941,154.9764,154.9469,154.9056,154.8525,154.7876,154.7109,154.6224,154.5222,154.4102,155.2818,155.1454,154.0036,155.8297,159.6226,163.3942,166.1547,170.8701,174.5726,177.2654,175.0194,172.7664,170.5069,169.2195,166.9466,164.6685,163.3581,161.0691,160.7125,158.4118,157.0718,154.7631,155.3288,154.9214,155.4559,155.9733,155.5251,156.0106,157.4211,156.9287,157.3609,157.7751,158.171,157.6213,157.9834,158.3268,156.8173
6.673766,5.409422,4.057427,2.705123,1.352613,0,-1.352613,-2.705123,-4.057427,-5.409422,-6.761005,-8.112073,-9.462524,-10.81225,-12.16116,-13.50914,-14.95194,-16.30644,-17.5465,-19.13349,-21.01472,-22.96356,-24.83198,-27.06316,-29.21343,-31.25667,-32.43792,-33.58238,-34.69002,-35.96872,-37.01117,-38.01673,-39.21882,-40.15903,-41.56308,-42.44632,-43.55986,-44.37761,-46.01049,-47.36422,-49.01505,-50.67879,-52.03796,-53.71875,-55.74575,-57.11736,-58.83484,-60.56418,-62.30521,-63.68312,-65.43887,-67.20575,-68.18609
154.8525,154.9056,154.9469,154.9764,154.9941,155,154.9941,154.9764,154.9469,154.9056,154.8525,154.7876,154.7109,154.6224,154.5222,155.4064,155.2818,155.1454,154.0036,155.8297,159.6226,162.404,166.1547,169.8824,174.5726,177.2654,174.0361,172.7664,170.5069,168.2414,166.9466,164.6685,163.3581,161.0691,160.7125,158.4118,157.0718,155.7244,154.37,154.9214,155.4559,155.9733,154.5768,156.0106,157.4211,157.8684,157.3609,156.8415,158.171,157.6213,157.0595,158.3268,156.8173
6.761005,5.409422,4.057427,2.705123,1.352613,0,-1.352613,-2.705123,-4.057427,-5.409422,-6.761005,-8.112073,-9.462524,-10.81225,-12.16116,-13.5963,-14.95194,-16.30644,-17.5465,-19.13349,-21.01472,-22.82439,-24.83198,-26.90673,-29.21343,-31.25667,-32.25569,-33.58238,-34.69002,-35.76081,-37.01117,-38.01673,-39.21882,-40.15903,-41.56308,-42.44632,-43.55986,-44.65325,-45.72647,-47.36422,-49.01505,-50.67879,-51.72066,-53.71875,-55.74575,-57.45938,-58.83484,-60.20582,-62.30521,-63.68312,-65.05618,-67.20575,-68.18609
154.8525,154.9056,154.9469,154.9764,154.9941,155,153.9941,154.9764,154.9469,154.9056,154.8525,154.7876,154.7109,155.62,154.5222,155.4064,155.2818,155.1454,154.0036,155.8297,159.6226,162.404,166.1547,169.8824,174.5726,177.2654,176.0026,172.7664,170.5069,168.2414,166.9466,164.6685,163.3581,162.0394,160.7125,158.4118,157.0718,155.7244,155.3288,154.9214,155.4559,155.9733,155.5251,156.0106,157.4211,157.8684,156.4243,157.7751,157.2406,157.6213,157.9834,157.4063,156.8173
6.761005,5.409422,4.057427,2.705123,1.352613,0,-1.343886,-2.705123,-4.057427,-5.409422,-6.761005,-8.112073,-9.462524,-10.88201,-12.16116,-13.5963,-14.95194,-16.30644,-17.5465,-19.13349,-21.01472,-22.82439,-24.83198,-26.90673,-29.21343,-31.25667,-32.62016,-33.58238,-34.69002,-35.76081,-37.01117,-38.01673,-39.21882,-40.40096,-41.56308,-42.44632,-43.55986,-44.65325,-46.01049,-47.36422,-49.01505,-50.67879,-52.03796,-53.71875,-55.74575,-57.45938,-58.48463,-60.56418,-61.93871,-63.68312,-65.43887,-66.81502,-68.18609
153.8534,154.9056,154.9469,154.9764,154.9941,155,154.9941,154.9764,154.9469,154.9056,154.8525,154.7876,154.7109,154.6224,154.5222,155.4064,154.2864,155.1454,154.0036,155.8297,160.6141,162.404,166.1547,169.8824,174.5726,177.2654,175.0194,172.7664,171.4868,168.2414,166.9466,164.6685,163.3581,161.0691,160.7125,158.4118,157.0718,155.7244,155.3288,154.9214,155.4559,155.9733,155.5251,156.0106,157.4211,155.989,157.3609,157.7751,158.171,157.6213,157.9834,158.3268,156.8173
6.717386,5.409422,4.057427,2.705123,1.352613,0,-1.352613,-2.705123,-4.057427,-5.409422,-6.761005,-8.112073,-9.462524,-10.81225,-12.16116,-13.5963,-14.85609,-16.30644,-17.5465,-19.13349,-21.14524,-22.82439,-24.83198,-26.90673,-29.21343,-31.25667,-32.43792,-33.58238,-34.88939,-35.76081,-37.01117,-38.01673,-39.21882,-40.15903,-41.56308,-42.44632,-43.55986,-44.65325,-46.01049,-47.36422,-49.01505,-50.67879,-52.03796,-53.71875,-55.74575,-56.77534,-58.83484,-60.56418,-62.30521,-63.68312,-65.43887,-67.20575,-68.18609
154.8525,154.9056,154.9469,154.9764,154.9941,155,154.9941,154.9764,154.9469,154.9056,154.8525,154.7876,154.7109,154.6224,155.5191,154.4102,155.2818,155.1454,154.0036,155.8297,159.6226,163.3942,166.1547,169.8824,174.5726,177.2654,174.0361,171.7848,170.5069,169.2195,165.9703,164.6685,163.3581,162.0394,161.6807,158.4118,157.0718,155.7244,155.3288,154.9214,155.4559,155.9733,155.5251,156.0106,157.4211,157.8684,156.4243,157.7751,158.171,157.6213,157.9834,157.4063,156.8173
6.761005,5.409422,4.057427,2.705123,1.352613,0,-1.352613,-2.705123,-4.057427,-5.409422,-6.761005,-8.112073,-9.462524,-10.81225,-12.23962,-13.50914,-14.95194,-16.30644,-17.5465,-19.13349,-21.01472,-22.96356,-24.83198,-26.90673,-29.21343,-31.25667,-32.25569,-33.39157,-34.69002,-35.96872,-36.79473,-38.01673,-39.21882,-40.40096,-41.81346,-42.44632,-43.55986,-44.65325,-46.01049,-47.36422,-49.01505,-50.67879,-52.03796,-53.71875,-55.74575,-57.45938,-58.48463,-60.56418,-62.30521,-63.68312,-65.43887,-66.81502,-68.18609
153.8534,154.9056,154.9469,154.9764,154.9941,155,154.9941,154.9764,154.9469,154.9056,154.8525,154.7876,154.7109,154.6224,154.5222,154.4102,155.2818,155.1454,154.0036,155.8297,160.6141,162.404,166.1547,169.8824,174.5726,177.2654,176.0026,172.7664,170.5069,168.2414,166.9466,164.6685,164.3305,162.0394,160.7125,158.4118,157.0718,155.7244,155.3288,154.9214,155.4559,155.9733,156.4734,156.0106,156.4785,156.9287,157.3609,157.7751,157.2406,157.6213,157.9834,158.3268,157.7343
6.717386,5.409422,4.057427,2.705123,1.352613,0,-1.352613,-2.705123,-4.057427,-5.409422,-6.761005,-8.112073,-9.462524,-10.81225,-12.16116,-13.50914,-14.95194,-16.30644,-17.5465,-19.13349,-21.14524,-22.82439,-24.83198,-26.90673,-29.21343,-31.25667,-32.62016,-33.58238,-34.69002,-35.76081,-37.01117,-38.01673,-39.45227,-40.40096,-41.56308,-42.44632,-43.55986,-44.65325,-46.01049,-47.36422,-49.01505,-50.67879,-52.35527,-53.71875,-55.41194,-57.11736,-58.83484,-60.56418,-61.93871,-63.68312,-65.43887,-67.20575,-68.58484
154.8525,154.9056,154.9469,154.9764,154.9941,155,154.9941,154.9764,154.9469,154.9056,154.8525,154.7876,154.7109,154.6224,154.5222,154.4102,155.2818,155.1454,154.0036,155.8297,160.6141,163.3942,166.1547,170.8701,174.5726,177.2654,175.0194,172.7664,170.5069,168.2414,166.9466,164.6685,163.3581,161.0691,159.7444,158.4118,157.0718,155.7244,155.3288,154.9214,155.4559,155.9733,154.5768,156.0106,157.4211,156.9287,156.4243,157.7751,157.2406,158.5484,157.9834,157.4063,157.7343
6.761005,5.409422,4.057427,2.705123,1.352613,0,-1.352613,-2.705123,-4.057427,-5.409422,-6.761005,-8.112073,-9.462524,-10.81225,-12.16116,-13.50914,-14.95194,-16.30644,-17.5465,-19.13349,-21.14524,-22.96356,-24.83198,-27.06316,-29.21343,-31.25667,-32.43792,-33.58238,-34.69002,-35.76081,-37.01117,-38.01673,-39.21882,-40.15903,-41.3127,-42.44632,-43.55986,-44.65325,-46.01049,-47.36422,-49.01505,-50.67879,-51.72066,-53.71875,-55.74575,-57.11736,-58.48463,-60.56418,-61.93871,-64.05773,-65.43887,-66.81502,-68.58484
154.8525,154.9056,154.9469,154.9764,154.9941,155,154.9941,154.9764,154.9469,154.9056,154.8525,154.7876,154.7109,154.6224,154.5222,154.4102,154.2864,155.1454,154.9972,155.8297,159.6226,163.3942,166.1547,170.8701,174.5726,177.2654,176.0026,172.7664,170.5069,168.2414,166.9466,164.6685,163.3581,162.0394,160.7125,158.4118,157.0718,155.7244,154.37,154.9214,155.4559,155.9733,155.5251,155.065,157.4211,157.8684,157.3609,157.7751,158.171,157.6213,157.9834,157.4063,157.7343
6.761005,5.409422,4.057427,2.705123,1.352613,0,-1.352613,-2.705123,-4.057427,-5.409422,-6.761005,-8.112073,-9.462524,-10.81225,-12.16116,-13.50914,-14.85609,-16.30644,-17.6597,-19.13349,-21.01472,-22.96356,-24.83198,-27.06316,-29.21343,-31.25667,-32.62016,-33.58238,-34.69002,-35.76081,-37.01117,-38.01673,-39.21882,-40.40096,-41.56308,-42.44632,-43.55986,-44.65325,-45.72647,-47.36422,-49.01505,-50.67879,-52.03796,-53.39318,-55.74575,-57.45938,-58.83484,-60.56418,-62.30521,-63.68312,-65.43887,-66.81502,-68.58484
154.8525,154.9056,154.9469,154.9764,154.9941,155,154.9941,154.9764,154.9469,154.9056,154.8525,154.7876,154.7109,154.6224,154.5222,154.4102,154.2864,155.1454,154.0036,155.8297,159.6226,162.404,166.1547,169.8824,174.5726,176.2806,174.0361,172.7664,170.5069,168.2414,166.9466,164.6685,163.3581,161.0691,160.7125,158.4118,157.0718,155.7244,155.3288,154.9214,155.4559,155.9733,155.5251,156.0106,157.4211,155.989,157.3609,157.7751,158.171,157.6213,157.9834,158.3268,157.7343
6.761005,5.409422,4.057427,2.705123,1.352613,0,-1.352613,-2.705123,-4.057427,-5.409422,-6.761005,-8.112073,-9.462524,-10.81225,-12.16116,-13.50914,-14.85609,-16.30644,-17.5465,-19.13349,-21.01472,-22.82439,-24.83198,-26.90673,-29.21343,-31.08302,-32.25569,-33.58238,-34.69002,-35.76081,-37.01117,-38.01673,-39.21882,-40.15903,-41.56308,-42.44632,-43.55986,-44.65325,-46.01049,-47.36422,-49.01505,-50.67879,-52.03796,-53.71875,-55.74575,-56.77534,-58.83484,-60.56418,-62.30521,-63.68312,-65.43887,-67.20575,-68.58484
153.8534,154.9056,154.9469,154.9764,154.9941,155,154.9941,154.9764,154.9469,154.9056,154.8525,154.7876,154.7109,154.6224,154.5222,154.4102,155.2818,155.1454,154.0036,155.8297,159.6226,162.404,166.1547,169.8824,174.5726,177.2654,175.0194,172.7664,170.5069,168.2414,166.9466,164.6685,163.3581,161.0691,160.7125,158.4118,157.0718,155.7244,154.37,155.8777,155.4559,155.0222,155.5251,156.0106,157.4211,157.8684,156.4243,157.7751,157.2406,157.6213,157.9834,158.3268,156.8173
6.717386,5.409422,4.057427,2.705123,1.352613,0,-1.352613,-2.705123,-4.057427,-5.409422,-6.761005,-8.112073,-9.462524,-10.81225,-12.16116,-13.50914,-14.95194,-16.30644,-17.5465,-19.13349,-21.01472,-22.82439,-24.83198,-26.90673,-29.21343,-31.25667,-32.43792,-33.58238,-34.69002,-35.76081,-37.01117,-38.01673,-39.21882,-40.15903,-41.56308,-42.44632,-43.55986,-44.65325,-45.72647,-47.65659,-49.01505,-50.36977,-52.03796,-53.71875,-55.74575,-57.45938,-58.48463,-60.56418,-61.93871,-63.68312,-65.43887,-67.20575,-68.18609
154.8525,154.9056,154.9469,154.9764,154.9941,155,154.9941,154.9764,154.9469,154.9056,154.8525,154.7876,154.7109,154.6224,154.5222,155.4064,155.2818,155.1454,154.9972,155.8297,159.6226,162.404,166.1547,170.8701,174.5726,177.2654,176.0026,172.7664,170.5069,168.2414,166.9466,164.6685,163.3581,161.0691,160.7125,158.4118,157.0718,155.7244,155.3288,154.9214,155.4559,155.9733,154.5768,156.0106,156.4785,156.9287,157.3609,157.7751,157.2406,157.6213,157.9834,158.3268,157.7343
6.761005,5.409422,4.057427,2.705123,1.352613,0,-1.352613,-2.705123,-4.057427,-5.409422,-6.761005,-8.112073,-9.462524,-10.81225,-12.16116,-13.5963,-14.95194,-16.30644,-17.6597,-19.13349,-21.01472,-22.82439,-24.83198,-27.06316,-29.21343,-31.25667,-32.62016,-33.58238,-34.69002,-35.76081,-37.01117,-38.01673,-39.21882,-40.15903,-41.56308,-42.44632,-43.55986,-44.65325,-46.01049,-47.36422,-49.01505,-50.67879,-51.72066,-53.71875,-55.41194,-57.11736,-58.83484,-60.56418,-61.93871,-63.68312,-65.43887,-67.20575,-68.58484
154.8525,154.9056,154.9469,154.9764,154.9941,155,154.9941,154.9764,154.9469,154.9056,154.8525,154.7876,154.7109,154.6224,154.5222,154.4102,155.2818,155.1454,154.0036,155.8297,158.6312,163.3942,166.1547,169.8824,174.5726,176.2806,175.0194,172.7664,170.5069,168.2414,166.9466,164.6685,163.3581,162.0394,159.7444,158.4118,157.0718,154.7631,155.3288,154.9214,155.4559,155.9733,155.5251,156.0106,156.4785,155.989,157.3609,157.7751,158.171,157.6213,157.9834,157.4063,157.7343
6.761005,5.409422,4.057427,2.705123,1.352613,0,-1.352613,-2.705123,-4.057427,-5.409422,-6.761005,-8.112073,-9.462524,-10.81225,-12.16116,-13.50914,-14.95194,-16.30644,-17.5465,-19.13349,-20.88419,-22.96356,-24.83198,-26.90673,-29.21343,-31.08302,-32.43792,-33.58238,-34.69002,-35.76081,-37.01117,-38.01673,-39.21882,-40.40096,-41.3127,-42.44632,-43.55986,-44.37761,-46.01049,-47.36422,-49.01505,-50.67879,-52.03796,-53.71875,-55.41194,-56.77534,-58.83484,-60.56418,-62.30521,-63.68312,-65.43887,-66.81502,-68.58484
154.8525,154.9056,154.9469,154.9764,154.9941,155,154.9941,154.9764,154.9469,154.9056,154.8525,154.7876,154.7109,154.6224,154.5222,154.4102,154.2864,155.1454,154.9972,155.8297,158.6312,163.3942,166.1547,170.8701,174.5726,177.2654,175.0194,172.7664,170.5069,168.2414,166.9466,164.6685,163.3581,162.0394,159.7444,158.4118,157.0718,155.7244,155.3288,154.9214,155.4559,155.0222,154.5768,156.0106,156.4785,155.989,157.3609,157.7751,158.171,157.6213,157.0595,157.4063,157.7343
6.761005,5.409422,4.057427,2.705123,1.352613,0,-1.352613,-2.705123,-4.057427,-5.409422,-6.761005,-8.112073,-9.462524,-10.81225,-12.16116,-13.50914,-14.85609,-16.30644,-17.6597,-19.13349,-20.88419,-22.96356,-24.83198,-27.06316,-29.21343,-31.25667,-32.43792,-33.58238,-34.69002,-35.76081,-37.01117,-38.01673,-39.21882,-40.40096,-41.3127,-42.44632,-43.55986,-44.65325,-46.01049,-47.36422,-49.01505,-50.36977,-51.72066,-53.71875,-55.41194,-56.77534,-58.83484,-60.56418,-62.30521,-63.68312,-65.05618,-66.81502,-68.58484
154.8525,154.9056,154.9469,154.9764,154.9941,155,154.9941,154.9764,154.9469,154.9056,154.8525,154.7876,154.7109,155.62,154.5222,155.4064,155.2818,155.1454,154.9972,155.8297,160.6141,163.3942,166.1547,169.8824,174.5726,177.2654,176.0026,172.7664,170.5069,169.2195,166.9466,165.6429,163.3581,161.0691,161.6807,158.4118,157.0718,154.7631,155.3288,154.9214,155.4559,155.9733,155.5251,156.0106,156.4785,155.989,157.3609,156.8415,157.2406,158.5484,157.9834,158.3268,157.7343
6.761005,5.409422,4.057427,2.705123,1.352613,0,-1.352613,-2.705123,-4.057427,-5.409422,-6.761005,-8.112073,-9.462524,-10.88201,-12.16116,-13.5963,-14.95194,-16.30644,-17.6597,-19.13349,-21.14524,-22.96356,-24.83198,-26.90673,-29.21343,-31.25667,-32.62016,-33.58238,-34.69002,-35.96872,-37.01117,-38.24168,-39.21882,-40.15903,-41.81346,-42.44632,-43.55986,-44.37761,-46.01049,-47.36422,-49.01505,-50.67879,-52.03796,-53.71875,-55.41194,-56.77534,-58.83484,-60.20582,-61.93871,-64.05773,-65.43887,-67.20575,-68.58484
154.8525,154.9056,154.9469,154.9764,154.9941,155,154.9941,154.9764,154.9469,154.9056,154.8525,154.7876,154.7109,154.6224,154.5222,154.4102,154.2864,155.1454,154.9972,155.8297,158.6312,163.3942,167.1437,169.8824,174.5726,176.2806,174.0361,172.7664,170.5069,168.2414,166.9466,164.6685,163.3581,161.0691,159.7444,158.4118,157.0718,154.7631,154.37,154.9214,155.4559,155.9733,155.5251,155.065,156.4785,157.8684,157.3609,157.7751,158.171,157.6213,157.9834,158.3268,157.7343
6.761005,5.409422,4.057427,2.705123,1.352613,0,-1.352613,-2.705123,-4.057427,-5.409422,-6.761005,-8.112073,-9.462524,-10.81225,-12.16116,-13.50914,-14.85609,-16.30644,-17.6597,-19.13349,-20.88419,-22.96356,-24.97979,-26.90673,-29.21343,-31.08302,-32.25569,-33.58238,-34.69002,-35.76081,-37.01117,-38.01673,-39.21882,-40.15903,-41.3127,-42.44632,-43.55986,-44.37761,-45.72647,-47.36422,-49.01505,-50.67879,-52.03796,-53.39318,-55.41194,-57.45938,-58.83484,-60.56418,-62.30521,-63.68312,-65.43887,-67.20575,-68.58484
154.8525,154.9056,154.9469,154.9764,154.9941,155,154.9941,154.9764,154.9469,154.9056,154.8525,154.7876,154.7109,154.6224,154.5222,154.4102,154.2864,155.1454,154.0036,155.8297,158.6312,163.3942,166.1547,170.8701,174.5726,177.2654,174.0361,172.7664,170.5069,168.2414,166.9466,164.6685,163.3581,161.0691,159.7444,158.4118,157.0718,155.7244,155.3288,154.9214,155.4559,155.9733,156.4734,156.0106,156.4785,155.989,156.4243,156.8415,157.2406,158.5484,157.9834,158.3268,157.7343
6.761005,5.409422,4.057427,2.705123,1.352613,0,-1.352613,-2.705123,-4.057427,-5.409422,-6.761005,-8.112073,-9.462524,-10.81225,-12.16116,-13.50914,-14.85609,-16.30644,-17.5465,-19.13349,-20.88419,-22.96356,-24.83198,-27.06316,-29.21343,-31.25667,-32.25569,-33.58238,-34.69002,-35.76081,-37.01117,-38.01673,-39.21882,-40.15903,-41.3127,-42.44632,-43.55986,-44.65325,-46.01049,-47.36422,-49.01505,-50.67879,-52.35527,-53.71875,-55.41194,-56.77534,-58.48463,-60.20582,-61.93871,-64.05773,-65.43887,-67.20575,-68.58484
154.8525,154.9056,154.9469,154.9764,154.9941,155,154.9941,154.9764,154.9469,154.9056,154.8525,154.7876,154.7109,154.6224,154.5222,154.4102,155.2818,155.1454,154.9972,155.8297,158.6312,163.3942,166.1547,169.8824,174.5726,177.2654,174.0361,172.7664,170.5069,168.2414,166.9466,164.6685,163.3581,162.0394,159.7444,158.4118,157.0718,155.7244,154.37,154.9214,155.4559,155.9733,155.5251,155.065,156.4785,155.989,156.4243,156.8415,158.171,157.6213,157.9834,157.4063,156.8173
6.761005,5.409422,4.057427,2.705123,1.352613,0,-1.352613,-2.705123,-4.057427,-5.409422,-6.761005,-8.112073,-9.462524,-10.81225,-12.16116,-13.50914,-14.95194,-16.30644,-17.6597,-19.13349,-20.88419,-22.96356,-24.83198,-26.90673,-29.21343,-31.25667,-32.25569,-33.58238,-34.69002,-35.76081,-37.01117,-38.01673,-39.21882,-40.40096,-41.3127,-42.44632,-43.55986,-44.65325,-45.72647,-47.36422,-49.01505,-50.67879,-52.03796,-53.39318,-55.41194,-56.77534,-58.48463,-60.20582,-62.30521,-63.68312,-65.43887,-66.81502,-68.18609
