153.1814,153.2875,153.372,153.435,153.4767,152.6539,153.4967,153.4752,153.4329,153.37,153.2865,153.1826,152.1838,152.9142,153.6329,156.1139,157.7082,159.2983,160.8841,162.4654,164.0417,165.613,167.1788,169.6561,171.2139,172.7655,174.3106,176.7793,173.646,162.981,157.8684,154.5932,155.065,154.5768,155.0222,155.4559,154.9214,155.3288,155.7244,155.1445,155.5141,155.8718,156.2176,156.5516,155.8992,156.2074,156.5036,156.788,155.0971
107.2588,105.3516,103.4507,101.5564,99.66894,97.25123,95.91539,94.04974,92.19182,90.34183,88.5,86.66655,84.35687,83.02562,81.68805,81.26776,80.35632,79.42321,78.46844,77.492,76.49391,75.47417,74.43281,73.76858,72.67599,71.5618,70.42604,69.63523,66.65644,60.93608,57.45938,54.74432,53.39318,51.72066,50.36977,49.01505,47.36422,46.01049,44.65325,43.02538,41.66987,40.31118,38.94943,37.5847,35.99217,34.63034,33.26587,31.89887,30.14782
153.1814,154.1116,153.372,153.435,152.638,152.6539,153.4967,154.3279,153.4329,153.37,153.2865,153.1826,153.0584,153.793,154.5158,156.1139,157.7082,159.2983,160.8841,162.4654,164.0417,165.613,167.1788,168.7391,171.2139,172.7655,174.3106,176.7793,173.646,162.981,157.8684,154.5932,154.1195,154.5768,155.0222,155.4559,154.9214,155.3288,155.7244,155.1445,155.5141,155.8718,156.2176,156.5516,156.8736,156.2074,156.5036,156.788,160.0052
107.2588,105.918,103.4507,101.5564,99.1243,97.25123,95.91539,94.57224,92.19182,90.34183,88.5,86.66655,84.84168,83.50278,82.15752,81.26776,80.35632,79.42321,78.46844,77.492,76.49391,75.47417,74.43281,73.36983,72.67599,71.5618,70.42604,69.63523,66.65644,60.93608,57.45938,54.74432,53.06761,51.72066,50.36977,49.01505,47.36422,46.01049,44.65325,43.02538,41.66987,40.31118,38.94943,37.5847,36.21712,34.63034,33.26587,31.89887,31.10187
152.3623,154.1116,153.372,152.6011,152.638,153.4972,153.4967,154.3279,153.4329,153.37,153.2865,153.1826,153.0584,152.9142,153.6329,155.2269,156.8171,159.2983,160.8841,162.4654,164.0417,165.613,167.1788,169.6561,171.2139,172.7655,175.2377,176.7793,173.646,162.981,157.8684,154.5932,155.065,154.5768,155.0222,155.4559,154.9214,155.3288,155.7244,155.1445,155.5141,155.8718,156.2176,156.5516,156.8736,156.2074,156.5036,156.788,160.0052
106.6852,105.918,103.4507,101.0045,99.1243,97.78853,95.91539,94.57224,92.19182,90.34183,88.5,86.66655,84.84168,83.02562,81.68805,80.80601,79.90233,79.42321,78.46844,77.492,76.49391,75.47417,74.43281,73.76858,72.67599,71.5618,70.80065,69.63523,66.65644,60.93608,57.45938,54.74432,53.39318,51.72066,50.36977,49.01505,47.36422,46.01049,44.65325,43.02538,41.66987,40.31118,38.94943,37.5847,36.21712,34.63034,33.26587,31.89887,31.10187
152.3623,154.1116,153.372,153.435,153.4767,153.4972,153.4967,153.4752,153.4329,153.37,153.2865,153.1826,153.0584,152.9142,153.6329,156.1139,157.7082,159.2983,160.8841,162.4654,164.0417,165.613,167.1788,168.7391,171.2139,172.7655,175.2377,176.7793,172.7124,163.9176,157.8684,154.5932,155.065,154.5768,155.0222,155.4559,155.8777,155.3288,155.7244,156.1081,155.5141,155.8718,156.2176,155.5792,156.8736,156.2074,156.5036,156.788,159.0236
106.6852,105.918,103.4507,101.5564,99.66894,97.78853,95.91539,94.04974,92.19182,90.34183,88.5,86.66655,84.84168,83.02562,81.68805,81.26776,80.35632,79.42321,78.46844,77.492,76.49391,75.47417,74.43281,73.36983,72.67599,71.5618,70.80065,69.63523,66.29807,61.28629,57.45938,54.74432,53.39318,51.72066,50.36977,49.01505,47.65659,46.01049,44.65325,43.29262,41.66987,40.31118,38.94943,37.35126,36.21712,34.63034,33.26587,31.89887,30.91106
152.3623,154.1116,153.372,153.435,152.638,153.4972,153.4967,153.4752,153.4329,153.37,153.2865,153.1826,153.0584,152.9142,153.6329,156.1139,157.7082,159.2983,160.8841,162.4654,164.0417,165.613,167.1788,169.6561,171.2139,172.7655,174.3106,176.7793,172.7124,163.9176,157.8684,154.5932,155.065,154.5768,155.0222,155.4559,154.9214,155.3288,154.7631,155.1445,155.5141,155.8718,156.2176,155.5792,156.8736,156.2074,156.5036,156.788,152.1522
106.6852,105.918,103.4507,101.5564,99.1243,97.78853,95.91539,94.04974,92.19182,90.34183,88.5,86.66655,84.84168,83.02562,81.68805,81.26776,80.35632,79.42321,78.46844,77.492,76.49391,75.47417,74.43281,73.76858,72.67599,71.5618,70.42604,69.63523,66.29807,61.28629,57.45938,54.74432,53.39318,51.72066,50.36977,49.01505,47.36422,46.01049,44.37761,43.02538,41.66987,40.31118,38.94943,37.35126,36.21712,34.63034,33.26587,31.89887,29.57539
153.1814,154.1116,153.372,153.435,152.638,152.6539,153.4967,153.4752,153.4329,153.37,153.2865,153.1826,153.0584,152.9142,154.5158,156.1139,157.7082,159.2983,160.8841,163.3679,164.0417,165.613,167.1788,168.7391,171.2139,172.7655,175.2377,176.7793,173.646,163.9176,157.8684,154.5932,154.1195,154.5768,155.0222,155.4559,154.9214,155.3288,155.7244,155.1445,155.5141,155.8718,156.2176,155.5792,155.8992,156.2074,156.5036,156.788,159.0236
107.2588,105.918,103.4507,101.5564,99.1243,97.25123,95.91539,94.04974,92.19182,90.34183,88.5,86.66655,84.84168,83.02562,82.15752,81.26776,80.35632,79.42321,78.46844,77.92251,76.49391,75.47417,74.43281,73.36983,72.67599,71.5618,70.80065,69.63523,66.65644,61.28629,57.45938,54.74432,53.06761,51.72066,50.36977,49.01505,47.36422,46.01049,44.65325,43.02538,41.66987,40.31118,38.94943,37.35126,35.99217,34.63034,33.26587,31.89887,30.91106
152.3623,154.1116,153.372,153.435,153.4767,153.4972,153.4967,153.4752,153.4329,153.37,153.2865,153.1826,153.0584,152.9142,153.6329,156.1139,157.7082,159.2983,160.8841,162.4654,164.0417,165.613,167.1788,169.6561,171.2139,172.7655,174.3106,176.7793,172.7124,162.981,157.8684,154.5932,155.065,154.5768,155.0222,155.4559,154.9214,155.3288,154.7631,156.1081,155.5141,155.8718,156.2176,156.5516,155.8992,156.2074,156.5036,156.788,156.0787
106.6852,105.918,103.4507,101.5564,99.66894,97.78853,95.91539,94.04974,92.19182,90.34183,88.5,86.66655,84.84168,83.02562,81.68805,81.26776,80.35632,79.42321,78.46844,77.492,76.49391,75.47417,74.43281,73.76858,72.67599,71.5618,70.42604,69.63523,66.29807,60.93608,57.45938,54.74432,53.39318,51.72066,50.36977,49.01505,47.36422,46.01049,44.37761,43.29262,41.66987,40.31118,38.94943,37.5847,35.99217,34.63034,33.26587,31.89887,30.33863
152.3623,154.1116,153.372,153.435,153.4767,153.4972,153.4967,153.4752,153.4329,153.37,153.2865,153.1826,153.0584,152.9142,154.5158,156.1139,157.7082,159.2983,160.8841,162.4654,164.0417,165.613,167.1788,168.7391,171.2139,172.7655,174.3106,176.7793,172.7124,162.981,157.8684,154.5932,155.065,154.5768,155.0222,154.5021,154.9214,155.3288,155.7244,155.1445,155.5141,155.8718,156.2176,156.5516,156.8736,157.1837,156.5036,156.788,157.0603
106.6852,105.918,103.4507,101.5564,99.66894,97.78853,95.91539,94.04974,92.19182,90.34183,88.5,86.66655,84.84168,83.02562,82.15752,81.26776,80.35632,79.42321,78.46844,77.492,76.49391,75.47417,74.43281,73.36983,72.67599,71.5618,70.42604,69.63523,66.29807,60.93608,57.45938,54.74432,53.39318,51.72066,50.36977,48.71434,47.36422,46.01049,44.65325,43.02538,41.66987,40.31118,38.94943,37.5847,36.21712,34.84678,33.26587,31.89887,30.52944
153.1814,154.1116,153.372,153.435,153.4767,152.6539,153.4967,154.3279,153.4329,153.37,153.2865,153.1826,153.0584,152.9142,154.5158,156.1139,157.7082,159.2983,160.8841,163.3679,164.0417,165.613,167.1788,168.7391,171.2139,172.7655,175.2377,176.7793,173.646,162.981,157.8684,154.5932,155.065,154.5768,155.0222,155.4559,154.9214,155.3288,155.7244,155.1445,155.5141,155.8718,156.2176,156.5516,156.8736,156.2074,156.5036,156.788,158.042
107.2588,105.918,103.4507,101.5564,99.66894,97.25123,95.91539,94.57224,92.19182,90.34183,88.5,86.66655,84.84168,83.02562,82.15752,81.26776,80.35632,79.42321,78.46844,77.92251,76.49391,75.47417,74.43281,73.36983,72.67599,71.5618,70.80065,69.63523,66.65644,60.93608,57.45938,54.74432,53.39318,51.72066,50.36977,49.01505,47.36422,46.01049,44.65325,43.02538,41.66987,40.31118,38.94943,37.5847,36.21712,34.63034,33.26587,31.89887,30.72025
153.1814,154.1116,153.372,153.435,153.4767,153.4972,153.4967,153.4752,153.4329,153.37,153.2865,153.1826,153.0584,153.793,154.5158,155.2269,157.7082,159.2983,160.8841,162.4654,164.0417,165.613,167.1788,168.7391,171.2139,172.7655,175.2377,176.7793,173.646,162.981,157.8684,154.5932,155.065,154.5768,155.0222,155.4559,154.9214,155.3288,155.7244,155.1445,155.5141,155.8718,156.2176,156.5516,155.8992,156.2074,156.5036,156.788,161.9685
107.2588,105.918,103.4507,101.5564,99.66894,97.78853,95.91539,94.04974,92.19182,90.34183,88.5,86.66655,84.84168,83.50278,82.15752,80.80601,80.35632,79.42321,78.46844,77.492,76.49391,75.47417,74.43281,73.36983,72.67599,71.5618,70.80065,69.63523,66.65644,60.93608,57.45938,54.74432,53.39318,51.72066,50.36977,49.01505,47.36422,46.01049,44.65325,43.02538,41.66987,40.31118,38.94943,37.5847,35.99217,34.63034,33.26587,31.89887,31.48348
152.3623,154.1116,153.372,153.435,153.4767,153.4972,153.4967,154.3279,153.4329,153.37,153.2865,153.1826,153.0584,152.9142,153.6329,155.2269,157.7082,159.2983,160.8841,163.3679,164.0417,165.613,167.1788,168.7391,171.2139,173.6894,174.3106,176.7793,173.646,162.981,157.8684,154.5932,155.065,154.5768,155.0222,155.4559,154.9214,155.3288,155.7244,155.1445,155.5141,155.8718,156.2176,156.5516,156.8736,156.2074,156.5036,156.788,160.0052
106.6852,105.918,103.4507,101.5564,99.66894,97.78853,95.91539,94.57224,92.19182,90.34183,88.5,86.66655,84.84168,83.02562,81.68805,80.80601,80.35632,79.42321,78.46844,77.92251,76.49391,75.47417,74.43281,73.36983,72.67599,71.94449,70.42604,69.63523,66.65644,60.93608,57.45938,54.74432,53.39318,51.72066,50.36977,49.01505,47.36422,46.01049,44.65325,43.02538,41.66987,40.31118,38.94943,37.5847,36.21712,34.63034,33.26587,31.89887,31.10187
152.3623,154.1116,153.372,153.435,153.4767,153.4972,153.4967,153.4752,153.4329,153.37,153.2865,153.1826,153.0584,152.9142,153.6329,156.1139,157.7082,159.2983,160.8841,162.4654,164.0417,165.613,167.1788,169.6561,171.2139,172.7655,174.3106,176.7793,173.646,163.9176,157.8684,154.5932,154.1195,154.5768,155.0222,155.4559,154.9214,155.3288,155.7244,155.1445,155.5141,155.8718,156.2176,156.5516,155.8992,156.2074,156.5036,156.788,159.0236
106.6852,105.918,103.4507,101.5564,99.66894,97.78853,95.91539,94.04974,92.19182,90.34183,88.5,86.66655,84.84168,83.02562,81.68805,81.26776,80.35632,79.42321,78.46844,77.492,76.49391,75.47417,74.43281,73.76858,72.67599,71.5618,70.42604,69.63523,66.65644,61.28629,57.45938,54.74432,53.06761,51.72066,50.36977,49.01505,47.36422,46.01049,44.65325,43.02538,41.66987,40.31118,38.94943,37.5847,35.99217,34.63034,33.26587,31.89887,30.91106
153.1814,154.1116,153.372,153.435,153.4767,153.4972,153.4967,153.4752,153.4329,153.37,153.2865,153.1826,153.0584,152.9142,154.5158,156.1139,157.7082,159.2983,160.8841,162.4654,164.0417,165.613,167.1788,169.6561,171.2139,173.6894,174.3106,176.7793,173.646,162.981,157.8684,154.5932,155.065,154.5768,155.0222,155.4559,154.9214,155.3288,155.7244,155.1445,155.5141,155.8718,156.2176,156.5516,156.8736,156.2074,156.5036,156.788,159.0236
107.2588,105.918,103.4507,101.5564,99.66894,97.78853,95.91539,94.04974,92.19182,90.34183,88.5,86.66655,84.84168,83.02562,82.15752,81.26776,80.35632,79.42321,78.46844,77.492,76.49391,75.47417,74.43281,73.76858,72.67599,71.94449,70.42604,69.63523,66.65644,60.93608,57.45938,54.74432,53.39318,51.72066,50.36977,49.01505,47.36422,46.01049,44.65325,43.02538,41.66987,40.31118,38.94943,37.5847,36.21712,34.63034,33.26587,31.89887,30.91106
152.3623,154.1116,153.372,153.435,152.638,153.4972,153.4967,154.3279,153.4329,153.37,153.2865,153.1826,153.0584,152.9142,153.6329,156.1139,157.7082,159.2983,160.8841,162.4654,164.0417,165.613,167.1788,168.7391,171.2139,172.7655,175.2377,176.7793,172.7124,162.981,157.8684,154.5932,155.065,154.5768,155.0222,155.4559,154.9214,155.3288,155.7244,156.1081,155.5141,155.8718,156.2176,156.5516,155.8992,156.2074,156.5036,156.788,159.0236
106.6852,105.918,103.4507,101.5564,99.1243,97.78853,95.91539,94.57224,92.19182,90.34183,88.5,86.66655,84.84168,83.02562,81.68805,81.26776,80.35632,79.42321,78.46844,77.492,76.49391,75.47417,74.43281,73.36983,72.67599,71.5618,70.80065,69.63523,66.29807,60.93608,57.45938,54.74432,53.39318,51.72066,50.36977,49.01505,47.36422,46.01049,44.65325,43.29262,41.66987,40.31118,38.94943,37.5847,35.99217,34.63034,33.26587,31.89887,30.91106
152.3623,154.1116,153.372,153.435,153.4767,153.4972,153.4967,153.4752,153.4329,153.37,153.2865,153.1826,153.0584,152.9142,154.5158,156.1139,157.7082,159.2983,160.8841,163.3679,164.0417,165.613,167.1788,168.7391,171.2139,173.6894,175.2377,176.7793,173.646,162.981,157.8684,154.5932,155.065,154.5768,155.0222,155.4559,154.9214,155.3288,155.7244,156.1081,155.5141,155.8718,156.2176,156.5516,155.8992,156.2074,156.5036,156.788,159.0236
106.6852,105.918,103.4507,101.5564,99.66894,97.78853,95.91539,94.04974,92.19182,90.34183,88.5,86.66655,84.84168,83.02562,82.15752,81.26776,80.35632,79.42321,78.46844,77.92251,76.49391,75.47417,74.43281,73.36983,72.67599,71.94449,70.80065,69.63523,66.65644,60.93608,57.45938,54.74432,53.39318,51.72066,50.36977,49.01505,47.36422,46.01049,44.65325,43.29262,41.66987,40.31118,38.94943,37.5847,35.99217,34.63034,33.26587,31.89887,30.91106
152.3623,154.1116,153.372,153.435,152.638,152.6539,153.4967,153.4752,154.2901,153.37,153.2865,153.1826,153.0584,152.9142,153.6329,156.1139,157.7082,159.2983,160.8841,163.3679,164.0417,165.613,167.1788,168.7391,171.2139,172.7655,174.3106,176.7793,172.7124,163.9176,157.8684,154.5932,155.065,154.5768,155.0222,154.5021,154.9214,155.3288,155.7244,155.1445,155.5141,155.8718,156.2176,155.5792,155.8992,156.2074,156.5036,155.808,158.042
106.6852,105.918,103.4507,101.5564,99.1243,97.25123,95.91539,94.04974,92.70685,90.34183,88.5,86.66655,84.84168,83.02562,81.68805,81.26776,80.35632,79.42321,78.46844,77.92251,76.49391,75.47417,74.43281,73.36983,72.67599,71.5618,70.42604,69.63523,66.29807,61.28629,57.45938,54.74432,53.39318,51.72066,50.36977,48.71434,47.36422,46.01049,44.65325,43.02538,41.66987,40.31118,38.94943,37.35126,35.99217,34.63034,33.26587,31.6995,30.72025
152.3623,154.1116,153.372,153.435,153.4767,153.4972,153.4967,153.4752,153.4329,153.37,153.2865,153.1826,153.0584,152.9142,153.6329,156.1139,157.7082,159.2983,160.8841,162.4654,164.0417,165.613,167.1788,168.7391,171.2139,172.7655,174.3106,176.7793,173.646,162.981,157.8684,154.5932,155.065,154.5768,155.0222,155.4559,154.9214,155.3288,155.7244,155.1445,155.5141,155.8718,156.2176,156.5516,156.8736,156.2074,156.5036,156.788,155.0971
106.6852,105.918,103.4507,101.5564,99.66894,97.78853,95.91539,94.04974,92.19182,90.34183,88.5,86.66655,84.84168,83.02562,81.68805,81.26776,80.35632,79.42321,78.46844,77.492,76.49391,75.47417,74.43281,73.36983,72.67599,71.5618,70.42604,69.63523,66.65644,60.93608,57.45938,54.74432,53.39318,51.72066,50.36977,49.01505,47.36422,46.01049,44.65325,43.02538,41.66987,40.31118,38.94943,37.5847,36.21712,34.63034,33.26587,31.89887,30.14782
152.3623,154.1116,153.372,153.435,153.4767,153.4972,153.4967,153.4752,153.4329,153.37,153.2865,153.1826,153.0584,152.9142,154.5158,156.1139,157.7082,159.2983,160.8841,162.4654,164.0417,165.613,167.1788,168.7391,171.2139,172.7655,174.3106,176.7793,173.646,162.981,157.8684,154.5932,155.065,154.5768,155.0222,155.4559,154.9214,155.3288,155.7244,156.1081,155.5141,155.8718,156.2176,156.5516,156.8736,156.2074,156.5036,156.788,159.0236
106.6852,105.918,103.4507,101.5564,99.66894,97.78853,95.91539,94.04974,92.19182,90.34183,88.5,86.66655,84.84168,83.02562,82.15752,81.26776,80.35632,79.42321,78.46844,77.492,76.49391,75.47417,74.43281,73.36983,72.67599,71.5618,70.42604,69.63523,66.65644,60.93608,57.45938,54.74432,53.39318,51.72066,50.36977,49.01505,47.36422,46.01049,44.65325,43.29262,41.66987,40.31118,38.94943,37.5847,36.21712,34.63034,33.26587,31.89887,30.91106
152.3623,154.1116,153.372,153.435,152.638,153.4972,153.4967,154.3279,153.4329,153.37,153.2865,153.1826,153.0584,152.9142,154.5158,156.1139,157.7082,159.2983,160.8841,163.3679,164.0417,165.613,167.1788,168.7391,171.2139,172.7655,174.3106,176.7793,172.7124,162.981,157.8684,154.5932,155.065,154.5768,155.0222,155.4559,154.9214,155.3288,155.7244,155.1445,155.5141,155.8718,156.2176,156.5516,155.8992,156.2074,156.5036,156.788,160.9869
106.6852,105.918,103.4507,101.5564,99.1243,97.78853,95.91539,94.57224,92.19182,90.34183,88.5,86.66655,84.84168,83.02562,82.15752,81.26776,80.35632,79.42321,78.46844,77.92251,76.49391,75.47417,74.43281,73.36983,72.67599,71.5618,70.42604,69.63523,66.29807,60.93608,57.45938,54.74432,53.39318,51.72066,50.36977,49.01505,47.36422,46.01049,44.65325,43.02538,41.66987,40.31118,38.94943,37.5847,35.99217,34.63034,33.26587,31.89887,31.29268
153.1814,154.1116,153.372,153.435,153.4767,153.4972,153.4967,153.4752,153.4329,153.37,153.2865,153.1826,153.0584,152.9142,154.5158,155.2269,157.7082,159.2983,160.8841,162.4654,164.0417,165.613,167.1788,169.6561,171.2139,173.6894,174.3106,177.7098,173.646,162.981,157.8684,154.5932,155.065,154.5768,155.0222,155.4559,154.9214,155.3288,155.7244,156.1081,156.48,155.8718,156.2176,156.5516,156.8736,156.2074,156.5036,156.788,158.042
107.2588,105.918,103.4507,101.5564,99.66894,97.78853,95.91539,94.04974,92.19182,90.34183,88.5,86.66655,84.84168,83.02562,82.15752,80.80601,80.35632,79.42321,78.46844,77.492,76.49391,75.47417,74.43281,73.76858,72.67599,71.94449,70.42604,70.00173,66.65644,60.93608,57.45938,54.74432,53.39318,51.72066,50.36977,49.01505,47.36422,46.01049,44.65325,43.29262,41.92869,40.31118,38.94943,37.5847,36.21712,34.63034,33.26587,31.89887,30.72025
152.3623,154.1116,153.372,153.435,153.4767,153.4972,153.4967,153.4752,154.2901,153.37,153.2865,153.1826,153.0584,152.9142,153.6329,155.2269,157.7082,159.2983,160.8841,163.3679,164.0417,165.613,167.1788,169.6561,171.2139,172.7655,174.3106,176.7793,172.7124,162.981,157.8684,154.5932,155.065,154.5768,155.0222,155.4559,155.8777,155.3288,155.7244,155.1445,155.5141,155.8718,156.2176,156.5516,155.8992,156.2074,156.5036,156.788,160.9869
106.6852,105.918,103.4507,101.5564,99.66894,97.78853,95.91539,94.04974,92.70685,90.34183,88.5,86.66655,84.84168,83.02562,81.68805,80.80601,80.35632,79.42321,78.46844,77.92251,76.49391,75.47417,74.43281,73.76858,72.67599,71.5618,70.42604,69.63523,66.29807,60.93608,57.45938,54.74432,53.39318,51.72066,50.36977,49.01505,47.65659,46.01049,44.65325,43.02538,41.66987,40.31118,38.94943,37.5847,35.99217,34.63034,33.26587,31.89887,31.29268
152.3623,154.1116,153.372,153.435,153.4767,153.4972,153.4967,153.4752,154.2901,153.37,153.2865,153.1826,153.0584,152.9142,153.6329,156.1139,157.7082,159.2983,160.8841,163.3679,164.0417,165.613,167.1788,169.6561,171.2139,172.7655,174.3106,176.7793,172.7124,162.981,157.8684,154.5932,155.065,154.5768,155.0222,155.4559,154.9214,155.3288,155.7244,155.1445,155.5141,155.8718,156.2176,156.5516,156.8736,157.1837,156.5036,156.788,158.042
106.6852,105.918,103.4507,101.5564,99.66894,97.78853,95.91539,94.04974,92.70685,90.34183,88.5,86.66655,84.84168,83.02562,81.68805,81.26776,80.35632,79.42321,78.46844,77.92251,76.49391,75.47417,74.43281,73.76858,72.67599,71.5618,70.42604,69.63523,66.29807,60.93608,57.45938,54.74432,53.39318,51.72066,50.36977,49.01505,47.36422,46.01049,44.65325,43.02538,41.66987,40.31118,38.94943,37.5847,36.21712,34.84678,33.26587,31.89887,30.72025
153.1814,154.1116,153.372,153.435,153.4767,153.4972,153.4967,154.3279,153.4329,153.37,153.2865,153.1826,153.0584,152.9142,154.5158,156.1139,157.7082,159.2983,160.8841,163.3679,164.0417,165.613,167.1788,169.6561,171.2139,172.7655,174.3106,176.7793,172.7124,163.9176,157.8684,154.5932,155.065,154.5768,155.0222,155.4559,154.9214,155.3288,155.7244,155.1445,156.48,155.8718,156.2176,156.5516,155.8992,156.2074,156.5036,156.788,160.9869
107.2588,105.918,103.4507,101.5564,99.66894,97.78853,95.91539,94.57224,92.19182,90.34183,88.5,86.66655,84.84168,83.02562,82.15752,81.26776,80.35632,79.42321,78.46844,77.92251,76.49391,75.47417,74.43281,73.76858,72.67599,71.5618,70.42604,69.63523,66.29807,61.28629,57.45938,54.74432,53.39318,51.72066,50.36977,49.01505,47.36422,46.01049,44.65325,43.02538,41.92869,40.31118,38.94943,37.5847,35.99217,34.63034,33.26587,31.89887,31.29268
153.1814,154.1116,153.372,153.435,152.638,153.4972,153.4967,153.4752,153.4329,153.37,153.2865,153.1826,153.0584,152.9142,154.5158,156.1139,157.7082,159.2983,160.8841,162.4654,164.0417,165.613,167.1788,169.6561,171.2139,173.6894,174.3106,176.7793,173.646,162.981,157.8684,154.5932,155.065,154.5768,155.0222,155.4559,154.9214,155.3288,155.7244,156.1081,155.5141,155.8718,156.2176,156.5516,155.8992,156.2074,156.5036,156.788,159.0236
107.2588,105.918,103.4507,101.5564,99.1243,97.78853,95.91539,94.04974,92.19182,90.34183,88.5,86.66655,84.84168,83.02562,82.15752,81.26776,80.35632,79.42321,78.46844,77.492,76.49391,75.47417,74.43281,73.76858,72.67599,71.94449,70.42604,69.63523,66.65644,60.93608,57.45938,54.74432,53.39318,51.72066,50.36977,49.01505,47.36422,46.01049,44.65325,43.29262,41.66987,40.31118,38.94943,37.5847,35.99217,34.63034,33.26587,31.89887,30.91106
152.3623,154.1116,153.372,153.435,153.4767,153.4972,153.4967,154.3279,153.4329,153.37,153.2865,153.1826,153.0584,152.9142,154.5158,156.1139,157.7082,159.2983,160.8841,162.4654,164.0417,165.613,167.1788,168.7391,171.2139,172.7655,174.3106,176.7793,173.646,162.981,157.8684,154.5932,155.065,154.5768,155.0222,155.4559,154.9214,155.3288,155.7244,156.1081,155.5141,155.8718,156.2176,156.5516,156.8736,156.2074,156.5036,156.788,158.042
106.6852,105.918,103.4507,101.5564,99.66894,97.78853,95.91539,94.57224,92.19182,90.34183,88.5,86.66655,84.84168,83.02562,82.15752,81.26776,80.35632,79.42321,78.46844,77.492,76.49391,75.47417,74.43281,73.36983,72.67599,71.5618,70.42604,69.63523,66.65644,60.93608,57.45938,54.74432,53.39318,51.72066,50.36977,49.01505,47.36422,46.01049,44.65325,43.29262,41.66987,40.31118,38.94943,37.5847,36.21712,34.63034,33.26587,31.89887,30.72025
152.3623,154.1116,153.372,153.435,153.4767,152.6539,153.4967,153.4752,153.4329,153.37,153.2865,153.1826,153.0584,152.9142,154.5158,155.2269,157.7082,159.2983,160.8841,162.4654,164.0417,165.613,167.1788,168.7391,171.2139,173.6894,175.2377,176.7793,172.7124,163.9176,157.8684,154.5932,155.065,155.5251,155.0222,155.4559,154.9214,155.3288,155.7244,156.1081,155.5141,155.8718,156.2176,156.5516,156.8736,156.2074,156.5036,156.788,160.9869
106.6852,105.918,103.4507,101.5564,99.66894,97.25123,95.91539,94.04974,92.19182,90.34183,88.5,86.66655,84.84168,83.02562,82.15752,80.80601,80.35632,79.42321,78.46844,77.492,76.49391,75.47417,74.43281,73.36983,72.67599,71.94449,70.80065,69.63523,66.29807,61.28629,57.45938,54.74432,53.39318,52.03796,50.36977,49.01505,47.36422,46.01049,44.65325,43.29262,41.66987,40.31118,38.94943,37.5847,36.21712,34.63034,33.26587,31.89887,31.29268
