152.3623,154.1116,154.201,154.2689,153.4767,154.3406,154.3448,154.3279,154.2901,154.2316,154.1525,154.053,153.9331,154.6718,154.5158,157.0009,158.5992,160.1933,161.7829,163.3679,164.948,166.5229,168.0924,169.6561,171.2139,172.7655,174.3106,177.7098,173.646,162.981,157.8684,154.5932,155.065,154.5768,155.0222,155.4559,154.9214,155.3288,155.7244,155.1445,155.5141,155.8718,156.2176,156.5516,156.8736,156.2074,155.5255,156.788,162.9501
106.6852,105.918,104.0099,102.1083,99.66894,98.32583,96.44531,94.57224,92.70685,90.84937,89,87.15897,85.32649,83.97994,82.15752,81.7295,80.81031,79.86941,78.90681,77.92251,76.91652,75.88886,74.83954,73.76858,72.67599,71.5618,70.42604,70.00173,66.65644,60.93608,57.45938,54.74432,53.39318,51.72066,50.36977,49.01505,47.36422,46.01049,44.65325,43.02538,41.66987,40.31118,38.94943,37.5847,36.21712,34.63034,33.05796,31.89887,31.67429
152.3623,154.1116,154.201,154.2689,154.3154,153.4972,154.3448,154.3279,154.2901,154.2316,154.1525,154.053,153.9331,153.793,154.5158,157.0009,158.5992,160.1933,161.7829,164.2705,164.948,166.5229,168.0924,169.6561,171.2139,173.6894,175.2377,177.7098,173.646,162.981,157.8684,154.5932,155.065,154.5768,155.0222,155.4559,154.9214,155.3288,155.7244,155.1445,155.5141,155.8718,156.2176,156.5516,155.8992,156.2074,156.5036,156.788,156.0787
106.6852,105.918,104.0099,102.1083,100.2136,97.78853,96.44531,94.57224,92.70685,90.84937,89,87.15897,85.32649,83.50278,82.15752,81.7295,80.81031,79.86941,78.90681,78.35302,76.91652,75.88886,74.83954,73.76858,72.67599,71.94449,70.80065,70.00173,66.65644,60.93608,57.45938,54.74432,53.39318,51.72066,50.36977,49.01505,47.36422,46.01049,44.65325,43.02538,41.66987,40.31118,38.94943,37.5847,35.99217,34.63034,33.26587,31.89887,30.33863
152.3623,154.1116,154.201,154.2689,154.3154,153.4972,154.3448,154.3279,154.2901,154.2316,154.1525,154.053,153.9331,153.793,155.3988,157.0009,158.5992,160.1933,162.6817,164.2705,164.948,166.5229,167.1788,169.6561,171.2139,172.7655,175.2377,177.7098,172.7124,162.981,157.8684,154.5932,155.065,154.5768,155.0222,155.4559,154.9214,155.3288,155.7244,155.1445,155.5141,155.8718,156.2176,155.5792,156.8736,156.2074,156.5036,156.788,158.042
106.6852,105.918,104.0099,102.1083,100.2136,97.78853,96.44531,94.57224,92.70685,90.84937,89,87.15897,85.32649,83.50278,82.627,81.7295,80.81031,79.86941,79.34518,78.35302,76.91652,75.88886,74.43281,73.76858,72.67599,71.5618,70.80065,70.00173,66.29807,60.93608,57.45938,54.74432,53.39318,51.72066,50.36977,49.01505,47.36422,46.01049,44.65325,43.02538,41.66987,40.31118,38.94943,37.35126,36.21712,34.63034,33.26587,31.89887,30.72025
152.3623,154.1116,154.201,154.2689,154.3154,153.4972,154.3448,154.3279,154.2901,154.2316,154.1525,154.053,153.9331,153.793,154.5158,157.0009,158.5992,160.1933,161.7829,163.3679,164.948,166.5229,167.1788,169.6561,171.2139,172.7655,176.1649,176.7793,173.646,162.981,157.8684,154.5932,155.065,154.5768,155.0222,155.4559,154.9214,155.3288,155.7244,156.1081,155.5141,155.8718,156.2176,155.5792,156.8736,156.2074,156.5036,156.788,155.0971
106.6852,105.918,104.0099,102.1083,100.2136,97.78853,96.44531,94.57224,92.70685,90.84937,89,87.15897,85.32649,83.50278,82.15752,81.7295,80.81031,79.86941,78.90681,77.92251,76.91652,75.88886,74.43281,73.76858,72.67599,71.5618,71.17525,69.63523,66.65644,60.93608,57.45938,54.74432,53.39318,51.72066,50.36977,49.01505,47.36422,46.01049,44.65325,43.29262,41.66987,40.31118,38.94943,37.35126,36.21712,34.63034,33.26587,31.89887,30.14782
153.1814,154.1116,154.201,154.2689,154.3154,154.3406,154.3448,155.1805,154.2901,154.2316,154.1525,154.053,153.9331,154.6718,155.3988,157.0009,158.5992,160.1933,161.7829,163.3679,164.948,166.5229,167.1788,168.7391,171.2139,172.7655,174.3106,177.7098,172.7124,162.981,157.8684,154.5932,155.065,154.5768,155.0222,155.4559,154.9214,155.3288,155.7244,155.1445,155.5141,155.8718,156.2176,156.5516,155.8992,156.2074,156.5036,156.788,159.0236
107.2588,105.918,104.0099,102.1083,100.2136,98.32583,96.44531,95.09474,92.70685,90.84937,89,87.15897,85.32649,83.97994,82.627,81.7295,80.81031,79.86941,78.90681,77.92251,76.91652,75.88886,74.43281,73.36983,72.67599,71.5618,70.42604,70.00173,66.29807,60.93608,57.45938,54.74432,53.39318,51.72066,50.36977,49.01505,47.36422,46.01049,44.65325,43.02538,41.66987,40.31118,38.94943,37.5847,35.99217,34.63034,33.26587,31.89887,30.91106
152.3623,154.1116,154.201,154.2689,153.4767,154.3406,154.3448,155.1805,154.2901,154.2316,154.1525,154.053,153.9331,153.793,154.5158,156.1139,158.5992,160.1933,161.7829,164.2705,164.948,166.5229,167.1788,169.6561,171.2139,172.7655,175.2377,177.7098,172.7124,162.981,157.8684,154.5932,155.065,154.5768,155.0222,155.4559,154.9214,155.3288,155.7244,155.1445,155.5141,155.8718,156.2176,156.5516,155.8992,156.2074,156.5036,156.788,158.042
106.6852,105.918,104.0099,102.1083,99.66894,98.32583,96.44531,95.09474,92.70685,90.84937,89,87.15897,85.32649,83.50278,82.15752,81.26776,80.81031,79.86941,78.90681,78.35302,76.91652,75.88886,74.43281,73.76858,72.67599,71.5618,70.80065,70.00173,66.29807,60.93608,57.45938,54.74432,53.39318,51.72066,50.36977,49.01505,47.36422,46.01049,44.65325,43.02538,41.66987,40.31118,38.94943,37.5847,35.99217,34.63034,33.26587,31.89887,30.72025
152.3623,154.1116,154.201,154.2689,154.3154,154.3406,154.3448,154.3279,154.2901,154.2316,154.1525,154.053,153.9331,153.793,154.5158,157.0009,158.5992,160.1933,161.7829,163.3679,164.948,166.5229,167.1788,169.6561,171.2139,172.7655,174.3106,177.7098,173.646,162.981,157.8684,154.5932,154.1195,154.5768,155.0222,155.4559,154.9214,155.3288,155.7244,155.1445,155.5141,155.8718,156.2176,156.5516,155.8992,156.2074,156.5036,156.788,160.0052
106.6852,105.918,104.0099,102.1083,100.2136,98.32583,96.44531,94.57224,92.70685,90.84937,89,87.15897,85.32649,83.50278,82.15752,81.7295,80.81031,79.86941,78.90681,77.92251,76.91652,75.88886,74.43281,73.76858,72.67599,71.5618,70.42604,70.00173,66.65644,60.93608,57.45938,54.74432,53.06761,51.72066,50.36977,49.01505,47.36422,46.01049,44.65325,43.02538,41.66987,40.31118,38.94943,37.5847,35.99217,34.63034,33.26587,31.89887,31.10187
152.3623,154.1116,154.201,154.2689,153.4767,153.4972,154.3448,155.1805,154.2901,154.2316,154.1525,154.053,153.9331,153.793,154.5158,156.1139,158.5992,160.1933,161.7829,164.2705,164.948,166.5229,167.1788,168.7391,171.2139,172.7655,175.2377,177.7098,173.646,162.981,156.9287,154.5932,155.065,154.5768,155.0222,155.4559,154.9214,155.3288,155.7244,155.1445,155.5141,155.8718,156.2176,156.5516,156.8736,156.2074,156.5036,156.788,159.0236
106.6852,105.918,104.0099,102.1083,99.66894,97.78853,96.44531,95.09474,92.70685,90.84937,89,87.15897,85.32649,83.50278,82.15752,81.26776,80.81031,79.86941,78.90681,78.35302,76.91652,75.88886,74.43281,73.36983,72.67599,71.5618,70.80065,70.00173,66.65644,60.93608,57.11736,54.74432,53.39318,51.72066,50.36977,49.01505,47.36422,46.01049,44.65325,43.02538,41.66987,40.31118,38.94943,37.5847,36.21712,34.63034,33.26587,31.89887,30.91106
152.3623,154.1116,154.201,154.2689,154.3154,153.4972,154.3448,155.1805,154.2901,154.2316,154.1525,154.053,153.9331,153.793,154.5158,156.1139,158.5992,160.1933,161.7829,164.2705,164.948,165.613,168.0924,170.5732,171.2139,172.7655,176.1649,177.7098,172.7124,162.981,157.8684,154.5932,155.065,154.5768,155.0222,155.4559,154.9214,155.3288,155.7244,155.1445,155.5141,155.8718,156.2176,156.5516,155.8992,156.2074,156.5036,156.788,160.9869
106.6852,105.918,104.0099,102.1083,100.2136,97.78853,96.44531,95.09474,92.70685,90.84937,89,87.15897,85.32649,83.50278,82.15752,81.26776,80.81031,79.86941,78.90681,78.35302,76.91652,75.47417,74.83954,74.16733,72.67599,71.5618,71.17525,70.00173,66.29807,60.93608,57.45938,54.74432,53.39318,51.72066,50.36977,49.01505,47.36422,46.01049,44.65325,43.02538,41.66987,40.31118,38.94943,37.5847,35.99217,34.63034,33.26587,31.89887,31.29268
152.3623,154.1116,154.201,154.2689,154.3154,154.3406,154.3448,155.1805,154.2901,154.2316,154.1525,154.053,153.9331,153.793,155.3988,156.1139,158.5992,160.1933,161.7829,163.3679,164.948,166.5229,168.0924,168.7391,171.2139,173.6894,176.1649,177.7098,173.646,162.981,157.8684,154.5932,155.065,154.5768,155.0222,155.4559,154.9214,155.3288,155.7244,155.1445,155.5141,155.8718,156.2176,156.5516,155.8992,157.1837,156.5036,156.788,160.0052
106.6852,105.918,104.0099,102.1083,100.2136,98.32583,96.44531,95.09474,92.70685,90.84937,89,87.15897,85.32649,83.50278,82.627,81.26776,80.81031,79.86941,78.90681,77.92251,76.91652,75.88886,74.83954,73.36983,72.67599,71.94449,71.17525,70.00173,66.65644,60.93608,57.45938,54.74432,53.39318,51.72066,50.36977,49.01505,47.36422,46.01049,44.65325,43.02538,41.66987,40.31118,38.94943,37.5847,35.99217,34.84678,33.26587,31.89887,31.10187
152.3623,154.1116,154.201,154.2689,153.4767,153.4972,154.3448,154.3279,154.2901,154.2316,154.1525,154.053,153.9331,154.6718,155.3988,157.0009,158.5992,160.1933,162.6817,163.3679,164.948,166.5229,168.0924,168.7391,171.2139,172.7655,175.2377,177.7098,173.646,163.9176,157.8684,154.5932,154.1195,154.5768,155.0222,155.4559,155.8777,155.3288,155.7244,155.1445,155.5141,155.8718,156.2176,156.5516,156.8736,156.2074,156.5036,156.788,159.0236
106.6852,105.918,104.0099,102.1083,99.66894,97.78853,96.44531,94.57224,92.70685,90.84937,89,87.15897,85.32649,83.97994,82.627,81.7295,80.81031,79.86941,79.34518,77.92251,76.91652,75.88886,74.83954,73.36983,72.67599,71.5618,70.80065,70.00173,66.65644,61.28629,57.45938,54.74432,53.06761,51.72066,50.36977,49.01505,47.65659,46.01049,44.65325,43.02538,41.66987,40.31118,38.94943,37.5847,36.21712,34.63034,33.26587,31.89887,30.91106
153.1814,154.1116,154.201,154.2689,153.4767,154.3406,154.3448,155.1805,155.1473,154.2316,154.1525,154.053,153.9331,153.793,155.3988,157.0009,158.5992,160.1933,161.7829,163.3679,164.948,166.5229,168.0924,169.6561,171.2139,172.7655,175.2377,177.7098,173.646,162.981,157.8684,154.5932,155.065,154.5768,155.0222,154.5021,154.9214,155.3288,155.7244,156.1081,155.5141,155.8718,156.2176,155.5792,155.8992,156.2074,156.5036,156.788,159.0236
107.2588,105.918,104.0099,102.1083,99.66894,98.32583,96.44531,95.09474,93.22189,90.84937,89,87.15897,85.32649,83.50278,82.627,81.7295,80.81031,79.86941,78.90681,77.92251,76.91652,75.88886,74.83954,73.76858,72.67599,71.5618,70.80065,70.00173,66.65644,60.93608,57.45938,54.74432,53.39318,51.72066,50.36977,48.71434,47.36422,46.01049,44.65325,43.29262,41.66987,40.31118,38.94943,37.35126,35.99217,34.63034,33.26587,31.89887,30.91106
152.3623,154.1116,154.201,154.2689,154.3154,153.4972,154.3448,154.3279,154.2901,154.2316,154.1525,154.053,153.9331,153.793,155.3988,157.0009,158.5992,160.1933,161.7829,163.3679,164.948,166.5229,168.0924,168.7391,171.2139,172.7655,174.3106,177.7098,172.7124,162.981,157.8684,154.5932,155.065,154.5768,155.0222,154.5021,154.9214,155.3288,155.7244,156.1081,155.5141,155.8718,156.2176,156.5516,155.8992,156.2074,156.5036,156.788,157.0603
106.6852,105.918,104.0099,102.1083,100.2136,97.78853,96.44531,94.57224,92.70685,90.84937,89,87.15897,85.32649,83.50278,82.627,81.7295,80.81031,79.86941,78.90681,77.92251,76.91652,75.88886,74.83954,73.36983,72.67599,71.5618,70.42604,70.00173,66.29807,60.93608,57.45938,54.74432,53.39318,51.72066,50.36977,48.71434,47.36422,46.01049,44.65325,43.29262,41.66987,40.31118,38.94943,37.5847,35.99217,34.63034,33.26587,31.89887,30.52944
153.1814,154.1116,153.372,154.2689,154.3154,153.4972,154.3448,154.3279,154.2901,154.2316,154.1525,154.053,153.9331,153.793,154.5158,157.0009,157.7082,160.1933,161.7829,163.3679,164.948,166.5229,168.0924,169.6561,171.2139,172.7655,174.3106,177.7098,173.646,162.981,157.8684,154.5932,155.065,154.5768,155.0222,155.4559,154.9214,155.3288,155.7244,155.1445,155.5141,155.8718,156.2176,156.5516,156.8736,156.2074,156.5036,156.788,157.0603
107.2588,105.918,103.4507,102.1083,100.2136,97.78853,96.44531,94.57224,92.70685,90.84937,89,87.15897,85.32649,83.50278,82.15752,81.7295,80.35632,79.86941,78.90681,77.92251,76.91652,75.88886,74.83954,73.76858,72.67599,71.5618,70.42604,70.00173,66.65644,60.93608,57.45938,54.74432,53.39318,51.72066,50.36977,49.01505,47.36422,46.01049,44.65325,43.02538,41.66987,40.31118,38.94943,37.5847,36.21712,34.63034,33.26587,31.89887,30.52944
153.1814,154.1116,154.201,153.435,154.3154,154.3406,154.3448,155.1805,154.2901,154.2316,154.1525,154.053,153.9331,153.793,155.3988,157.0009,158.5992,160.1933,161.7829,163.3679,164.948,166.5229,167.1788,169.6561,171.2139,172.7655,174.3106,177.7098,172.7124,162.981,157.8684,154.5932,155.065,154.5768,155.0222,155.4559,155.8777,155.3288,154.7631,155.1445,155.5141,155.8718,156.2176,156.5516,155.8992,156.2074,156.5036,157.7679,158.042
107.2588,105.918,104.0099,101.5564,100.2136,98.32583,96.44531,95.09474,92.70685,90.84937,89,87.15897,85.32649,83.50278,82.627,81.7295,80.81031,79.86941,78.90681,77.92251,76.91652,75.88886,74.43281,73.76858,72.67599,71.5618,70.42604,70.00173,66.29807,60.93608,57.45938,54.74432,53.39318,51.72066,50.36977,49.01505,47.65659,46.01049,44.37761,43.02538,41.66987,40.31118,38.94943,37.5847,35.99217,34.63034,33.26587,32.09824,30.72025
152.3623,154.1116,154.201,154.2689,154.3154,154.3406,154.3448,154.3279,154.2901,154.2316,154.1525,154.9233,153.9331,154.6718,154.5158,156.1139,157.7082,160.1933,161.7829,163.3679,164.948,166.5229,168.0924,168.7391,171.2139,172.7655,174.3106,177.7098,173.646,162.981,157.8684,154.5932,155.065,154.5768,155.0222,155.4559,154.9214,155.3288,155.7244,155.1445,155.5141,155.8718,156.2176,156.5516,155.8992,156.2074,156.5036,157.7679,157.0603
106.6852,105.918,104.0099,102.1083,100.2136,98.32583,96.44531,94.57224,92.70685,90.84937,89,87.65139,85.32649,83.97994,82.15752,81.26776,80.35632,79.86941,78.90681,77.92251,76.91652,75.88886,74.83954,73.36983,72.67599,71.5618,70.42604,70.00173,66.65644,60.93608,57.45938,54.74432,53.39318,51.72066,50.36977,49.01505,47.36422,46.01049,44.65325,43.02538,41.66987,40.31118,38.94943,37.5847,35.99217,34.63034,33.26587,32.09824,30.52944
153.1814,154.1116,154.201,154.2689,154.3154,154.3406,154.3448,154.3279,155.1473,154.2316,154.1525,154.9233,153.9331,154.6718,155.3988,157.0009,158.5992,160.1933,161.7829,164.2705,164.0417,166.5229,168.0924,168.7391,171.2139,172.7655,175.2377,177.7098,173.646,162.981,157.8684,154.5932,155.065,154.5768,155.0222,155.4559,154.9214,155.3288,155.7244,156.1081,155.5141,155.8718,156.2176,156.5516,155.8992,157.1837,156.5036,156.788,155.0971
107.2588,105.918,104.0099,102.1083,100.2136,98.32583,96.44531,94.57224,93.22189,90.84937,89,87.65139,85.32649,83.97994,82.627,81.7295,80.81031,79.86941,78.90681,78.35302,76.49391,75.88886,74.83954,73.36983,72.67599,71.5618,70.80065,70.00173,66.65644,60.93608,57.45938,54.74432,53.39318,51.72066,50.36977,49.01505,47.36422,46.01049,44.65325,43.29262,41.66987,40.31118,38.94943,37.5847,35.99217,34.84678,33.26587,31.89887,30.14782
152.3623,154.1116,154.201,154.2689,154.3154,154.3406,154.3448,154.3279,155.1473,154.2316,154.1525,154.053,153.9331,153.793,154.5158,156.1139,158.5992,160.1933,161.7829,163.3679,164.948,166.5229,167.1788,169.6561,171.2139,172.7655,175.2377,177.7098,173.646,162.981,157.8684,154.5932,155.065,154.5768,155.0222,154.5021,154.9214,155.3288,155.7244,156.1081,155.5141,155.8718,156.2176,156.5516,155.8992,156.2074,156.5036,156.788,155.0971
106.6852,105.918,104.0099,102.1083,100.2136,98.32583,96.44531,94.57224,93.22189,90.84937,89,87.15897,85.32649,83.50278,82.15752,81.26776,80.81031,79.86941,78.90681,77.92251,76.91652,75.88886,74.43281,73.76858,72.67599,71.5618,70.80065,70.00173,66.65644,60.93608,57.45938,54.74432,53.39318,51.72066,50.36977,48.71434,47.36422,46.01049,44.65325,43.29262,41.66987,40.31118,38.94943,37.5847,35.99217,34.63034,33.26587,31.89887,30.14782
152.3623,154.1116,154.201,154.2689,154.3154,154.3406,154.3448,154.3279,154.2901,154.2316,154.1525,154.9233,153.9331,154.6718,154.5158,157.0009,158.5992,160.1933,161.7829,163.3679,164.948,166.5229,167.1788,169.6561,171.2139,172.7655,175.2377,177.7098,173.646,162.981,157.8684,154.5932,155.065,154.5768,155.0222,155.4559,154.9214,155.3288,155.7244,155.1445,155.5141,155.8718,156.2176,156.5516,155.8992,156.2074,156.5036,156.788,154.1155
106.6852,105.918,104.0099,102.1083,100.2136,98.32583,96.44531,94.57224,92.70685,90.84937,89,87.65139,85.32649,83.97994,82.15752,81.7295,80.81031,79.86941,78.90681,77.92251,76.91652,75.88886,74.43281,73.76858,72.67599,71.5618,70.80065,70.00173,66.65644,60.93608,57.45938,54.74432,53.39318,51.72066,50.36977,49.01505,47.36422,46.01049,44.65325,43.02538,41.66987,40.31118,38.94943,37.5847,35.99217,34.63034,33.26587,31.89887,29.95701
152.3623,154.1116,154.201,154.2689,154.3154,153.4972,154.3448,154.3279,154.2901,154.2316,154.1525,154.053,153.9331,153.793,154.5158,157.0009,158.5992,160.1933,161.7829,164.2705,164.948,166.5229,168.0924,169.6561,171.2139,172.7655,175.2377,177.7098,173.646,162.981,157.8684,154.5932,155.065,154.5768,155.0222,155.4559,154.9214,155.3288,155.7244,156.1081,155.5141,155.8718,156.2176,156.5516,155.8992,156.2074,156.5036,156.788,158.042
106.6852,105.918,104.0099,102.1083,100.2136,97.78853,96.44531,94.57224,92.70685,90.84937,89,87.15897,85.32649,83.50278,82.15752,81.7295,80.81031,79.86941,78.90681,78.35302,76.91652,75.88886,74.83954,73.76858,72.67599,71.5618,70.80065,70.00173,66.65644,60.93608,57.45938,54.74432,53.39318,51.72066,50.36977,49.01505,47.36422,46.01049,44.65325,43.29262,41.66987,40.31118,38.94943,37.5847,35.99217,34.63034,33.26587,31.89887,30.72025
