132.68,132.3209,131.9444,131.5505,130.2225,129.7912,128.4193,128.8786,127.4672,126.9669,126.4507,125.9188,125.3713,124.8085,124.2304,124.5884,124.9369,125.2759,125.6054,126.8865,127.1992,128.4681,128.7636,129.0493,130.2976,131.54,131.8,133.0281,134.2497,135.4646,135.6892,136.8883,138.08,138.2764,139.4512,140.6181,141.7766,142.9266,143.0743,144.2057,132.3877,122.5319,114.6455,112.7247,111.7911,111.8465,111.8934,111.9318,110.962,110.9831,110.9958,110,109.9958,109.9832,108.9626,108.9336,108.8963,108.8506,107.7986,107.7369,107.6671,107.589,107.5028,107.4084,106.3122,107.195,109.0589
63.28513,61.70227,60.13052,58.57008,56.62237,55.09309,53.193,52.07032,50.21067,48.73804,47.278,45.8307,44.39631,42.975,41.56691,40.48123,39.39246,38.30069,37.20601,36.38413,35.27547,34.42293,33.30054,32.17561,31.28168,30.36839,29.21935,28.27599,27.31341,26.33164,25.1485,24.1371,23.10666,21.90083,20.84113,19.76258,18.66525,17.54919,16.30126,15.15663,12.74749,10.72016,9.022796,7.882482,6.837436,5.861627,4.885371,3.908744,2.905641,1.937217,0.9686454,0,-0.9599189,-1.919765,-2.853287,-3.804045,-4.754513,-5.704619,-6.593242,-7.533699,-8.473582,-9.41282,-10.35134,-11.28907,-12.11274,-13.16189,-14.35788
133.5826,132.3209,131.9444,131.5505,130.2225,129.7912,128.4193,128.8786,128.3976,126.9669,126.4507,125.9188,124.4287,124.8085,125.1787,124.5884,123.9832,125.2759,125.6054,126.8865,127.1992,128.4681,128.7636,129.0493,130.2976,131.54,131.8,132.0499,134.2497,134.4829,136.6724,136.8883,138.08,138.2764,139.4512,140.6181,141.7766,142.9266,143.0743,144.2057,132.3877,120.5396,114.6455,112.7247,111.7911,111.8465,111.8934,110.9324,110.962,110.9831,110.9958,110,109.9958,109.9832,109.9623,108.9336,108.8963,108.8506,108.7967,107.7369,107.6671,107.589,107.5028,107.4084,106.3122,107.195,107.076
63.71564,61.70227,60.13052,58.57008,56.62237,55.09309,53.193,52.07032,50.57717,48.73804,47.278,45.8307,44.06251,42.975,41.88421,40.48123,39.09175,38.30069,37.20601,36.38413,35.27547,34.42293,33.30054,32.17561,31.28168,30.36839,29.21935,28.06808,27.31341,26.14083,25.33074,24.1371,23.10666,21.90083,20.84113,19.76258,18.66525,17.54919,16.30126,15.15663,12.74749,10.54584,9.022796,7.882482,6.837436,5.861627,4.885371,3.873844,2.905641,1.937217,0.9686454,0,-0.9599189,-1.919765,-2.879464,-3.804045,-4.754513,-5.704619,-6.654291,-7.533699,-8.473582,-9.41282,-10.35134,-11.28907,-12.11274,-13.16189,-14.09683
132.68,132.3209,131.9444,131.5505,131.1396,129.7912,128.4193,128.8786,127.4672,126.9669,126.4507,125.9188,125.3713,124.8085,124.2304,124.5884,124.9369,125.2759,125.6054,126.8865,127.1992,128.4681,128.7636,129.0493,130.2976,131.54,131.8,133.0281,134.2497,135.4646,136.6724,136.8883,138.08,138.2764,139.4512,140.6181,141.7766,142.9266,143.0743,144.2057,133.3831,119.5434,114.6455,112.7247,111.7911,111.8465,111.8934,110.9324,110.962,110.9831,110.9958,110,109.9958,109.9832,109.9623,108.9336,108.8963,107.852,107.7986,108.7345,107.6671,107.589,107.5028,106.4138,107.3058,106.2024,110.0504
63.28513,61.70227,60.13052,58.57008,57.02112,55.09309,53.193,52.07032,50.21067,48.73804,47.278,45.8307,44.39631,42.975,41.56691,40.48123,39.39246,38.30069,37.20601,36.38413,35.27547,34.42293,33.30054,32.17561,31.28168,30.36839,29.21935,28.27599,27.31341,26.33164,25.33074,24.1371,23.10666,21.90083,20.84113,19.76258,18.66525,17.54919,16.30126,15.15663,12.84333,10.45869,9.022796,7.882482,6.837436,5.861627,4.885371,3.873844,2.905641,1.937217,0.9686454,0,-0.9599189,-1.919765,-2.879464,-3.804045,-4.754513,-5.652283,-6.593242,-7.603456,-8.473582,-9.41282,-10.35134,-11.18455,-12.22595,-13.04002,-14.48841
130.8749,132.3209,131.9444,131.5505,130.2225,129.7912,128.4193,128.8786,128.3976,127.9005,126.4507,125.9188,124.4287,124.8085,124.2304,124.5884,124.9369,125.2759,125.6054,126.8865,127.1992,128.4681,128.7636,129.0493,130.2976,131.54,131.8,133.0281,134.2497,135.4646,136.6724,137.8731,138.08,138.2764,139.4512,140.6181,141.7766,141.9341,143.0743,144.2057,132.3877,121.5358,114.6455,112.7247,111.7911,111.8465,110.8944,111.9318,110.962,110.9831,109.9958,110,109.9958,109.9832,109.9623,108.9336,108.8963,108.8506,107.7986,107.7369,107.6671,107.589,107.5028,107.4084,106.3122,106.2024,110.0504
62.42411,61.70227,60.13052,58.57008,56.62237,55.09309,53.193,52.07032,50.57717,49.09641,47.278,45.8307,44.06251,42.975,41.56691,40.48123,39.39246,38.30069,37.20601,36.38413,35.27547,34.42293,33.30054,32.17561,31.28168,30.36839,29.21935,28.27599,27.31341,26.33164,25.33074,24.31074,23.10666,21.90083,20.84113,19.76258,18.66525,17.42732,16.30126,15.15663,12.74749,10.633,9.022796,7.882482,6.837436,5.861627,4.841752,3.908744,2.905641,1.937217,0.9599189,0,-0.9599189,-1.919765,-2.879464,-3.804045,-4.754513,-5.704619,-6.593242,-7.533699,-8.473582,-9.41282,-10.35134,-11.28907,-12.11274,-13.04002,-14.48841
134.4852,132.3209,131.9444,131.5505,130.2225,129.7912,128.4193,128.8786,127.4672,126.9669,126.4507,125.9188,125.3713,124.8085,125.1787,124.5884,124.9369,125.2759,125.6054,126.8865,127.1992,128.4681,128.7636,129.0493,130.2976,131.54,131.8,133.0281,134.2497,135.4646,135.6892,136.8883,138.08,138.2764,139.4512,140.6181,141.7766,141.9341,143.0743,144.2057,132.3877,120.5396,114.6455,112.7247,111.7911,111.8465,111.8934,110.9324,110.962,110.9831,109.9958,110,109.9958,109.9832,108.9626,108.9336,108.8963,108.8506,107.7986,108.7345,107.6671,107.589,107.5028,107.4084,106.3122,107.195,108.0675
64.14615,61.70227,60.13052,58.57008,56.62237,55.09309,53.193,52.07032,50.21067,48.73804,47.278,45.8307,44.39631,42.975,41.88421,40.48123,39.39246,38.30069,37.20601,36.38413,35.27547,34.42293,33.30054,32.17561,31.28168,30.36839,29.21935,28.27599,27.31341,26.33164,25.1485,24.1371,23.10666,21.90083,20.84113,19.76258,18.66525,17.42732,16.30126,15.15663,12.74749,10.54584,9.022796,7.882482,6.837436,5.861627,4.885371,3.873844,2.905641,1.937217,0.9599189,0,-0.9599189,-1.919765,-2.853287,-3.804045,-4.754513,-5.704619,-6.593242,-7.603456,-8.473582,-9.41282,-10.35134,-11.28907,-12.11274,-13.16189,-14.22735
131.7775,132.3209,131.9444,131.5505,130.2225,129.7912,129.3431,128.8786,128.3976,126.9669,126.4507,125.9188,124.4287,124.8085,124.2304,124.5884,124.9369,125.2759,125.6054,126.8865,127.1992,128.4681,128.7636,129.0493,130.2976,131.54,131.8,133.0281,134.2497,135.4646,135.6892,136.8883,138.08,138.2764,139.4512,140.6181,141.7766,142.9266,143.0743,144.2057,132.3877,120.5396,113.6486,112.7247,112.7892,111.8465,111.8934,110.9324,110.962,110.9831,110.9958,110,109.9958,109.9832,109.9623,108.9336,108.8963,108.8506,108.7967,107.7369,107.6671,107.589,106.5074,106.4138,107.3058,106.2024,107.076
62.85462,61.70227,60.13052,58.57008,56.62237,55.09309,53.57568,52.07032,50.57717,48.73804,47.278,45.8307,44.06251,42.975,41.56691,40.48123,39.39246,38.30069,37.20601,36.38413,35.27547,34.42293,33.30054,32.17561,31.28168,30.36839,29.21935,28.27599,27.31341,26.33164,25.1485,24.1371,23.10666,21.90083,20.84113,19.76258,18.66525,17.54919,16.30126,15.15663,12.74749,10.54584,8.944337,7.882482,6.898485,5.861627,4.885371,3.873844,2.905641,1.937217,0.9686454,0,-0.9599189,-1.919765,-2.879464,-3.804045,-4.754513,-5.704619,-6.654291,-7.533699,-8.473582,-9.41282,-10.2555,-11.18455,-12.22595,-13.04002,-14.09683
131.7775,132.3209,131.9444,130.637,131.1396,129.7912,128.4193,128.8786,128.3976,126.9669,126.4507,125.9188,125.3713,124.8085,124.2304,123.6373,123.9832,125.2759,124.6466,126.8865,127.1992,128.4681,127.7955,129.0493,129.3252,131.54,130.8237,133.0281,133.2698,135.4646,135.6892,136.8883,137.0937,138.2764,138.4622,140.6181,140.7852,142.9266,143.0743,144.2057,133.3831,120.5396,113.6486,112.7247,110.793,111.8465,110.8944,110.9324,109.9623,110.9831,108.9958,110,108.9958,108.9834,109.9623,108.9336,108.8963,108.8506,108.7967,107.7369,107.6671,107.589,107.5028,107.4084,106.3122,107.195,107.076
62.85462,61.70227,60.13052,58.16334,57.02112,55.09309,53.193,52.07032,50.57717,48.73804,47.278,45.8307,44.39631,42.975,41.56691,40.17221,39.09175,38.30069,36.92199,36.38413,35.27547,34.42293,33.05016,32.17561,31.04823,30.36839,29.00291,28.27599,27.11404,26.33164,25.1485,24.1371,22.94162,21.90083,20.69332,19.76258,18.53472,17.54919,16.30126,15.15663,12.84333,10.54584,8.944337,7.882482,6.776388,5.861627,4.841752,3.873844,2.879464,1.937217,0.9511924,0,-0.9511924,-1.902312,-2.879464,-3.804045,-4.754513,-5.704619,-6.654291,-7.533699,-8.473582,-9.41282,-10.35134,-11.28907,-12.11274,-13.16189,-14.09683
132.68,132.3209,131.9444,131.5505,130.2225,129.7912,128.4193,128.8786,127.4672,126.9669,126.4507,125.9188,125.3713,124.8085,125.1787,123.6373,123.9832,124.3196,124.6466,125.9253,127.1992,127.5022,127.7955,129.0493,129.3252,130.5656,130.8237,132.0499,132.2898,134.4829,134.7059,135.9035,137.0937,137.2887,138.4622,139.6278,140.7852,141.9341,143.0743,144.2057,132.3877,120.5396,113.6486,111.7272,111.7911,110.8479,110.8944,109.933,109.9623,109.9832,109.9958,109,109.9958,108.9834,109.9623,107.9342,108.8963,108.8506,108.7967,106.7394,107.6671,107.589,107.5028,107.4084,107.3058,107.195,108.0675
63.28513,61.70227,60.13052,58.57008,56.62237,55.09309,53.193,52.07032,50.21067,48.73804,47.278,45.8307,44.39631,42.975,41.88421,40.17221,39.09175,38.00832,36.92199,36.10849,35.27547,34.16411,33.05016,32.17561,31.04823,30.14344,29.00291,28.06808,26.91467,26.14083,24.96627,23.96345,22.94162,21.74439,20.69332,19.62341,18.53472,17.42732,16.30126,15.15663,12.74749,10.54584,8.944337,7.812725,6.837436,5.809291,4.841752,3.838945,2.879464,1.919765,0.9599189,0,-0.9599189,-1.902312,-2.879464,-3.769146,-4.754513,-5.704619,-6.654291,-7.463943,-8.473582,-9.41282,-10.35134,-11.28907,-12.22595,-13.16189,-14.22735
131.7775,132.3209,131.9444,131.5505,130.2225,129.7912,128.4193,128.8786,128.3976,126.9669,126.4507,125.9188,124.4287,124.8085,124.2304,123.6373,123.9832,124.3196,124.6466,125.9253,126.2356,127.5022,127.7955,129.0493,129.3252,129.5912,130.8237,132.0499,133.2698,134.4829,134.7059,135.9035,137.0937,137.2887,138.4622,139.6278,140.7852,140.9416,143.0743,143.2112,133.3831,120.5396,113.6486,111.7272,110.793,110.8479,110.8944,109.933,109.9623,109.9832,108.9958,109,108.9958,108.9834,108.9626,107.9342,108.8963,108.8506,108.7967,107.7369,107.6671,107.589,107.5028,106.4138,106.3122,107.195,108.0675
62.85462,61.70227,60.13052,58.57008,56.62237,55.09309,53.193,52.07032,50.57717,48.73804,47.278,45.8307,44.06251,42.975,41.56691,40.17221,39.09175,38.00832,36.92199,36.10849,35.00823,34.16411,33.05016,32.17561,31.04823,29.91849,29.00291,28.06808,27.11404,26.14083,24.96627,23.96345,22.94162,21.74439,20.69332,19.62341,18.53472,17.30545,16.30126,15.0521,12.84333,10.54584,8.944337,7.812725,6.776388,5.809291,4.841752,3.838945,2.879464,1.919765,0.9511924,0,-0.9511924,-1.902312,-2.853287,-3.769146,-4.754513,-5.704619,-6.654291,-7.533699,-8.473582,-9.41282,-10.35134,-11.18455,-12.11274,-13.16189,-14.22735
132.68,132.3209,131.9444,131.5505,130.2225,128.8707,128.4193,128.8786,127.4672,126.9669,126.4507,125.9188,124.4287,124.8085,124.2304,123.6373,123.0295,124.3196,124.6466,124.964,126.2356,127.5022,127.7955,128.079,129.3252,130.5656,130.8237,132.0499,133.2698,133.5013,134.7059,136.8883,137.0937,137.2887,138.4622,139.6278,140.7852,141.9341,143.0743,144.2057,132.3877,120.5396,113.6486,111.7272,111.7911,110.8479,110.8944,109.933,109.9623,109.9832,109.9958,109,108.9958,108.9834,109.9623,108.9336,108.8963,108.8506,108.7967,108.7345,107.6671,107.589,107.5028,107.4084,107.3058,107.195,107.076
63.28513,61.70227,60.13052,58.57008,56.62237,54.70236,53.193,52.07032,50.21067,48.73804,47.278,45.8307,44.06251,42.975,41.56691,40.17221,38.79105,38.00832,36.92199,35.83286,35.00823,34.16411,33.05016,31.93369,31.04823,30.14344,29.00291,28.06808,27.11404,25.95002,24.96627,24.1371,22.94162,21.74439,20.69332,19.62341,18.53472,17.42732,16.30126,15.15663,12.74749,10.54584,8.944337,7.812725,6.837436,5.809291,4.841752,3.838945,2.879464,1.919765,0.9599189,0,-0.9511924,-1.902312,-2.879464,-3.804045,-4.754513,-5.704619,-6.654291,-7.603456,-8.473582,-9.41282,-10.35134,-11.28907,-12.22595,-13.16189,-14.09683
133.5826,132.3209,131.9444,131.5505,130.2225,129.7912,128.4193,128.8786,127.4672,126.9669,126.4507,125.9188,125.3713,124.8085,124.2304,123.6373,123.9832,124.3196,124.6466,125.9253,126.2356,127.5022,127.7955,128.079,129.3252,130.5656,130.8237,132.0499,133.2698,134.4829,135.6892,135.9035,137.0937,137.2887,138.4622,139.6278,140.7852,141.9341,143.0743,144.2057,132.3877,120.5396,114.6455,112.7247,110.793,110.8479,110.8944,110.9324,109.9623,109.9832,109.9958,109,108.9958,108.9834,108.9626,108.9336,108.8963,108.8506,107.7986,108.7345,107.6671,107.589,107.5028,106.4138,106.3122,107.195,108.0675
63.71564,61.70227,60.13052,58.57008,56.62237,55.09309,53.193,52.07032,50.21067,48.73804,47.278,45.8307,44.39631,42.975,41.56691,40.17221,39.09175,38.00832,36.92199,36.10849,35.00823,34.16411,33.05016,31.93369,31.04823,30.14344,29.00291,28.06808,27.11404,26.14083,25.1485,23.96345,22.94162,21.74439,20.69332,19.62341,18.53472,17.42732,16.30126,15.15663,12.74749,10.54584,9.022796,7.882482,6.776388,5.809291,4.841752,3.873844,2.879464,1.919765,0.9599189,0,-0.9511924,-1.902312,-2.853287,-3.804045,-4.754513,-5.704619,-6.593242,-7.603456,-8.473582,-9.41282,-10.35134,-11.18455,-12.11274,-13.16189,-14.22735
131.7775,132.3209,131.9444,131.5505,130.2225,129.7912,128.4193,128.8786,127.4672,126.9669,126.4507,125.9188,124.4287,124.8085,124.2304,123.6373,123.9832,124.3196,124.6466,124.964,127.1992,127.5022,127.7955,128.079,129.3252,130.5656,130.8237,132.0499,133.2698,134.4829,135.6892,135.9035,137.0937,137.2887,138.4622,139.6278,140.7852,141.9341,143.0743,144.2057,132.3877,120.5396,114.6455,111.7272,111.7911,110.8479,110.8944,109.933,109.9623,109.9832,109.9958,109,108.9958,108.9834,108.9626,107.9342,108.8963,107.852,108.7967,107.7369,107.6671,107.589,107.5028,107.4084,106.3122,106.2024,109.0589
62.85462,61.70227,60.13052,58.57008,56.62237,55.09309,53.193,52.07032,50.21067,48.73804,47.278,45.8307,44.06251,42.975,41.56691,40.17221,39.09175,38.00832,36.92199,35.83286,35.27547,34.16411,33.05016,31.93369,31.04823,30.14344,29.00291,28.06808,27.11404,26.14083,25.1485,23.96345,22.94162,21.74439,20.69332,19.62341,18.53472,17.42732,16.30126,15.15663,12.74749,10.54584,9.022796,7.812725,6.837436,5.809291,4.841752,3.838945,2.879464,1.919765,0.9599189,0,-0.9511924,-1.902312,-2.853287,-3.769146,-4.754513,-5.652283,-6.654291,-7.533699,-8.473582,-9.41282,-10.35134,-11.28907,-12.11274,-13.04002,-14.35788
131.7775,132.3209,131.9444,131.5505,130.2225,129.7912,128.4193,128.8786,127.4672,126.9669,126.4507,125.9188,125.3713,124.8085,125.1787,123.6373,123.9832,124.3196,124.6466,125.9253,127.1992,127.5022,127.7955,129.0493,129.3252,130.5656,130.8237,132.0499,133.2698,134.4829,135.6892,135.9035,137.0937,137.2887,138.4622,139.6278,140.7852,141.9341,143.0743,144.2057,133.3831,120.5396,113.6486,111.7272,110.793,110.8479,110.8944,109.933,109.9623,109.9832,109.9958,109,108.9958,108.9834,109.9623,108.9336,108.8963,108.8506,107.7986,107.7369,108.664,107.589,107.5028,107.4084,107.3058,106.2024,109.0589
62.85462,61.70227,60.13052,58.57008,56.62237,55.09309,53.193,52.07032,50.21067,48.73804,47.278,45.8307,44.39631,42.975,41.88421,40.17221,39.09175,38.00832,36.92199,36.10849,35.27547,34.16411,33.05016,32.17561,31.04823,30.14344,29.00291,28.06808,27.11404,26.14083,25.1485,23.96345,22.94162,21.74439,20.69332,19.62341,18.53472,17.42732,16.30126,15.15663,12.84333,10.54584,8.944337,7.812725,6.776388,5.809291,4.841752,3.838945,2.879464,1.919765,0.9599189,0,-0.9511924,-1.902312,-2.879464,-3.804045,-4.754513,-5.704619,-6.593242,-7.533699,-8.552041,-9.41282,-10.35134,-11.28907,-12.22595,-13.04002,-14.35788
132.68,132.3209,131.9444,131.5505,131.1396,129.7912,128.4193,128.8786,127.4672,126.9669,126.4507,125.9188,125.3713,124.8085,124.2304,123.6373,123.9832,124.3196,124.6466,125.9253,126.2356,127.5022,127.7955,128.079,129.3252,129.5912,130.8237,132.0499,133.2698,134.4829,135.6892,135.9035,137.0937,137.2887,138.4622,139.6278,140.7852,141.9341,143.0743,144.2057,133.3831,120.5396,114.6455,111.7272,111.7911,110.8479,110.8944,109.933,109.9623,109.9832,109.9958,109,108.9958,108.9834,109.9623,108.9336,107.8972,107.852,107.7986,107.7369,107.6671,107.589,107.5028,107.4084,107.3058,107.195,107.076
63.28513,61.70227,60.13052,58.57008,57.02112,55.09309,53.193,52.07032,50.21067,48.73804,47.278,45.8307,44.39631,42.975,41.56691,40.17221,39.09175,38.00832,36.92199,36.10849,35.00823,34.16411,33.05016,31.93369,31.04823,29.91849,29.00291,28.06808,27.11404,26.14083,25.1485,23.96345,22.94162,21.74439,20.69332,19.62341,18.53472,17.42732,16.30126,15.15663,12.84333,10.54584,9.022796,7.812725,6.837436,5.809291,4.841752,3.838945,2.879464,1.919765,0.9599189,0,-0.9511924,-1.902312,-2.879464,-3.804045,-4.710894,-5.652283,-6.593242,-7.533699,-8.473582,-9.41282,-10.35134,-11.28907,-12.22595,-13.16189,-14.09683
132.68,132.3209,131.9444,131.5505,130.2225,129.7912,128.4193,128.8786,128.3976,126.9669,126.4507,125.9188,124.4287,124.8085,125.1787,123.6373,123.9832,124.3196,124.6466,125.9253,127.1992,127.5022,127.7955,128.079,129.3252,130.5656,130.8237,132.0499,133.2698,134.4829,134.7059,135.9035,137.0937,137.2887,138.4622,139.6278,140.7852,141.9341,143.0743,143.2112,132.3877,120.5396,113.6486,111.7272,110.793,111.8465,110.8944,109.933,109.9623,110.9831,109.9958,110,108.9958,108.9834,108.9626,108.9336,107.8972,108.8506,107.7986,107.7369,107.6671,107.589,107.5028,106.4138,106.3122,107.195,108.0675
63.28513,61.70227,60.13052,58.57008,56.62237,55.09309,53.193,52.07032,50.57717,48.73804,47.278,45.8307,44.06251,42.975,41.88421,40.17221,39.09175,38.00832,36.92199,36.10849,35.27547,34.16411,33.05016,31.93369,31.04823,30.14344,29.00291,28.06808,27.11404,26.14083,24.96627,23.96345,22.94162,21.74439,20.69332,19.62341,18.53472,17.42732,16.30126,15.0521,12.74749,10.54584,8.944337,7.812725,6.776388,5.861627,4.841752,3.838945,2.879464,1.937217,0.9599189,0,-0.9511924,-1.902312,-2.853287,-3.804045,-4.710894,-5.704619,-6.593242,-7.533699,-8.473582,-9.41282,-10.35134,-11.18455,-12.11274,-13.16189,-14.22735
132.68,132.3209,131.9444,131.5505,130.2225,129.7912,128.4193,128.8786,127.4672,126.9669,126.4507,125.9188,124.4287,124.8085,125.1787,123.6373,123.0295,124.3196,125.6054,125.9253,127.1992,127.5022,127.7955,128.079,129.3252,130.5656,130.8237,132.0499,133.2698,134.4829,134.7059,135.9035,137.0937,137.2887,138.4622,139.6278,140.7852,141.9341,143.0743,144.2057,132.3877,120.5396,113.6486,111.7272,111.7911,110.8479,110.8944,110.9324,109.9623,109.9832,109.9958,109,108.9958,107.9836,109.9623,108.9336,108.8963,107.852,108.7967,108.7345,107.6671,107.589,106.5074,106.4138,106.3122,106.2024,108.0675
63.28513,61.70227,60.13052,58.57008,56.62237,55.09309,53.193,52.07032,50.21067,48.73804,47.278,45.8307,44.06251,42.975,41.88421,40.17221,38.79105,38.00832,37.20601,36.10849,35.27547,34.16411,33.05016,31.93369,31.04823,30.14344,29.00291,28.06808,27.11404,26.14083,24.96627,23.96345,22.94162,21.74439,20.69332,19.62341,18.53472,17.42732,16.30126,15.15663,12.74749,10.54584,8.944337,7.812725,6.837436,5.809291,4.841752,3.873844,2.879464,1.919765,0.9599189,0,-0.9511924,-1.88486,-2.879464,-3.804045,-4.754513,-5.652283,-6.654291,-7.603456,-8.473582,-9.41282,-10.2555,-11.18455,-12.11274,-13.04002,-14.22735
130.8749,132.3209,131.9444,131.5505,131.1396,129.7912,129.3431,128.8786,127.4672,127.9005,126.4507,125.9188,124.4287,124.8085,124.2304,123.6373,123.0295,124.3196,124.6466,125.9253,127.1992,127.5022,127.7955,128.079,129.3252,130.5656,130.8237,132.0499,133.2698,134.4829,135.6892,136.8883,137.0937,137.2887,138.4622,139.6278,140.7852,141.9341,143.0743,143.2112,132.3877,120.5396,114.6455,111.7272,110.793,110.8479,110.8944,109.933,109.9623,109.9832,108.9958,109,108.9958,108.9834,108.9626,108.9336,108.8963,108.8506,107.7986,107.7369,107.6671,107.589,107.5028,106.4138,106.3122,107.195,109.0589
62.42411,61.70227,60.13052,58.57008,57.02112,55.09309,53.57568,52.07032,50.21067,49.09641,47.278,45.8307,44.06251,42.975,41.56691,40.17221,38.79105,38.00832,36.92199,36.10849,35.27547,34.16411,33.05016,31.93369,31.04823,30.14344,29.00291,28.06808,27.11404,26.14083,25.1485,24.1371,22.94162,21.74439,20.69332,19.62341,18.53472,17.42732,16.30126,15.0521,12.74749,10.54584,9.022796,7.812725,6.776388,5.809291,4.841752,3.838945,2.879464,1.919765,0.9511924,0,-0.9511924,-1.902312,-2.853287,-3.804045,-4.754513,-5.704619,-6.593242,-7.533699,-8.473582,-9.41282,-10.35134,-11.18455,-12.11274,-13.16189,-14.35788
131.7775,132.3209,131.9444,131.5505,130.2225,129.7912,128.4193,128.8786,128.3976,126.9669,126.4507,125.9188,125.3713,124.8085,124.2304,123.6373,123.9832,124.3196,124.6466,125.9253,126.2356,127.5022,127.7955,128.079,129.3252,130.5656,130.8237,132.0499,133.2698,133.5013,135.6892,135.9035,137.0937,137.2887,138.4622,139.6278,140.7852,141.9341,143.0743,144.2057,133.3831,120.5396,113.6486,111.7272,110.793,110.8479,110.8944,110.9324,109.9623,109.9832,109.9958,109,108.9958,108.9834,109.9623,107.9342,108.8963,108.8506,108.7967,107.7369,107.6671,107.589,107.5028,107.4084,106.3122,107.195,110.0504
62.85462,61.70227,60.13052,58.57008,56.62237,55.09309,53.193,52.07032,50.57717,48.73804,47.278,45.8307,44.39631,42.975,41.56691,40.17221,39.09175,38.00832,36.92199,36.10849,35.00823,34.16411,33.05016,31.93369,31.04823,30.14344,29.00291,28.06808,27.11404,25.95002,25.1485,23.96345,22.94162,21.74439,20.69332,19.62341,18.53472,17.42732,16.30126,15.15663,12.84333,10.54584,8.944337,7.812725,6.776388,5.809291,4.841752,3.873844,2.879464,1.919765,0.9599189,0,-0.9511924,-1.902312,-2.879464,-3.769146,-4.754513,-5.704619,-6.654291,-7.533699,-8.473582,-9.41282,-10.35134,-11.28907,-12.11274,-13.16189,-14.48841
132.68,132.3209,131.9444,131.5505,130.2225,129.7912,128.4193,128.8786,128.3976,126.9669,126.4507,125.9188,125.3713,124.8085,124.2304,123.6373,123.0295,124.3196,124.6466,125.9253,126.2356,127.5022,127.7955,128.079,129.3252,130.5656,131.8,132.0499,133.2698,134.4829,134.7059,136.8883,137.0937,137.2887,138.4622,139.6278,140.7852,141.9341,143.0743,144.2057,132.3877,120.5396,113.6486,111.7272,111.7911,110.8479,109.8953,109.933,109.9623,109.9832,108.9958,110,108.9958,108.9834,107.963,107.9342,108.8963,107.852,108.7967,108.7345,107.6671,107.589,107.5028,107.4084,107.3058,107.195,109.0589
63.28513,61.70227,60.13052,58.57008,56.62237,55.09309,53.193,52.07032,50.57717,48.73804,47.278,45.8307,44.39631,42.975,41.56691,40.17221,38.79105,38.00832,36.92199,36.10849,35.00823,34.16411,33.05016,31.93369,31.04823,30.14344,29.21935,28.06808,27.11404,26.14083,24.96627,24.1371,22.94162,21.74439,20.69332,19.62341,18.53472,17.42732,16.30126,15.15663,12.74749,10.54584,8.944337,7.812725,6.837436,5.809291,4.798133,3.838945,2.879464,1.919765,0.9511924,0,-0.9511924,-1.902312,-2.82711,-3.769146,-4.754513,-5.652283,-6.654291,-7.603456,-8.473582,-9.41282,-10.35134,-11.28907,-12.22595,-13.16189,-14.35788
131.7775,132.3209,131.9444,131.5505,130.2225,129.7912,128.4193,128.8786,128.3976,126.9669,126.4507,125.9188,125.3713,124.8085,124.2304,123.6373,123.9832,124.3196,124.6466,125.9253,127.1992,127.5022,127.7955,128.079,129.3252,130.5656,130.8237,132.0499,133.2698,134.4829,135.6892,135.9035,137.0937,137.2887,138.4622,139.6278,140.7852,141.9341,143.0743,144.2057,133.3831,120.5396,113.6486,111.7272,111.7911,110.8479,109.8953,110.9324,109.9623,109.9832,109.9958,109,108.9958,108.9834,109.9623,107.9342,108.8963,107.852,108.7967,108.7345,107.6671,107.589,107.5028,107.4084,106.3122,107.195,107.076
62.85462,61.70227,60.13052,58.57008,56.62237,55.09309,53.193,52.07032,50.57717,48.73804,47.278,45.8307,44.39631,42.975,41.56691,40.17221,39.09175,38.00832,36.92199,36.10849,35.27547,34.16411,33.05016,31.93369,31.04823,30.14344,29.00291,28.06808,27.11404,26.14083,25.1485,23.96345,22.94162,21.74439,20.69332,19.62341,18.53472,17.42732,16.30126,15.15663,12.84333,10.54584,8.944337,7.812725,6.837436,5.809291,4.798133,3.873844,2.879464,1.919765,0.9599189,0,-0.9511924,-1.902312,-2.879464,-3.769146,-4.754513,-5.652283,-6.654291,-7.603456,-8.473582,-9.41282,-10.35134,-11.28907,-12.11274,-13.16189,-14.09683
133.5826,132.3209,131.9444,131.5505,130.2225,129.7912,128.4193,128.8786,128.3976,126.9669,126.4507,125.9188,124.4287,124.8085,124.2304,123.6373,123.9832,124.3196,124.6466,125.9253,127.1992,127.5022,127.7955,129.0493,129.3252,130.5656,130.8237,132.0499,133.2698,134.4829,135.6892,135.9035,137.0937,137.2887,138.4622,139.6278,140.7852,141.9341,143.0743,144.2057,132.3877,120.5396,114.6455,111.7272,110.793,110.8479,109.8953,109.933,109.9623,109.9832,109.9958,109,108.9958,108.9834,109.9623,108.9336,108.8963,108.8506,107.7986,107.7369,107.6671,107.589,107.5028,107.4084,107.3058,106.2024,110.0504
63.71564,61.70227,60.13052,58.57008,56.62237,55.09309,53.193,52.07032,50.57717,48.73804,47.278,45.8307,44.06251,42.975,41.56691,40.17221,39.09175,38.00832,36.92199,36.10849,35.27547,34.16411,33.05016,32.17561,31.04823,30.14344,29.00291,28.06808,27.11404,26.14083,25.1485,23.96345,22.94162,21.74439,20.69332,19.62341,18.53472,17.42732,16.30126,15.15663,12.74749,10.54584,9.022796,7.812725,6.776388,5.809291,4.798133,3.838945,2.879464,1.919765,0.9599189,0,-0.9511924,-1.902312,-2.879464,-3.804045,-4.754513,-5.704619,-6.593242,-7.533699,-8.473582,-9.41282,-10.35134,-11.28907,-12.22595,-13.04002,-14.48841
131.7775,132.3209,131.9444,131.5505,130.2225,129.7912,128.4193,128.8786,128.3976,126.9669,126.4507,125.9188,124.4287,124.8085,124.2304,123.6373,123.9832,124.3196,124.6466,125.9253,127.1992,127.5022,127.7955,128.079,129.3252,130.5656,131.8,132.0499,133.2698,134.4829,134.7059,135.9035,137.0937,137.2887,138.4622,139.6278,141.7766,141.9341,143.0743,144.2057,133.3831,120.5396,113.6486,112.7247,111.7911,110.8479,110.8944,109.933,109.9623,109.9832,110.9958,109,108.9958,108.9834,108.9626,107.9342,108.8963,108.8506,107.7986,108.7345,107.6671,107.589,107.5028,107.4084,106.3122,107.195,106.0846
62.85462,61.70227,60.13052,58.57008,56.62237,55.09309,53.193,52.07032,50.57717,48.73804,47.278,45.8307,44.06251,42.975,41.56691,40.17221,39.09175,38.00832,36.92199,36.10849,35.27547,34.16411,33.05016,31.93369,31.04823,30.14344,29.21935,28.06808,27.11404,26.14083,24.96627,23.96345,22.94162,21.74439,20.69332,19.62341,18.66525,17.42732,16.30126,15.15663,12.84333,10.54584,8.944337,7.882482,6.837436,5.809291,4.841752,3.838945,2.879464,1.919765,0.9686454,0,-0.9511924,-1.902312,-2.853287,-3.769146,-4.754513,-5.704619,-6.593242,-7.603456,-8.473582,-9.41282,-10.35134,-11.28907,-12.11274,-13.16189,-13.9663
132.68,132.3209,131.9444,131.5505,130.2225,129.7912,128.4193,128.8786,128.3976,126.9669,126.4507,125.9188,125.3713,124.8085,124.2304,123.6373,123.9832,124.3196,124.6466,124.964,127.1992,127.5022,127.7955,128.079,129.3252,129.5912,130.8237,132.0499,133.2698,134.4829,135.6892,135.9035,137.0937,137.2887,138.4622,139.6278,140.7852,141.9341,143.0743,144.2057,133.3831,120.5396,113.6486,111.7272,110.793,110.8479,109.8953,109.933,109.9623,109.9832,109.9958,110,108.9958,108.9834,108.9626,108.9336,108.8963,108.8506,107.7986,107.7369,107.6671,107.589,107.5028,107.4084,106.3122,107.195,107.076
63.28513,61.70227,60.13052,58.57008,56.62237,55.09309,53.193,52.07032,50.57717,48.73804,47.278,45.8307,44.39631,42.975,41.56691,40.17221,39.09175,38.00832,36.92199,35.83286,35.27547,34.16411,33.05016,31.93369,31.04823,29.91849,29.00291,28.06808,27.11404,26.14083,25.1485,23.96345,22.94162,21.74439,20.69332,19.62341,18.53472,17.42732,16.30126,15.15663,12.84333,10.54584,8.944337,7.812725,6.776388,5.809291,4.798133,3.838945,2.879464,1.919765,0.9599189,0,-0.9511924,-1.902312,-2.853287,-3.804045,-4.754513,-5.704619,-6.593242,-7.533699,-8.473582,-9.41282,-10.35134,-11.28907,-12.11274,-13.16189,-14.09683
132.68,132.3209,131.9444,131.5505,130.2225,129.7912,128.4193,128.8786,127.4672,126.9669,126.4507,125.9188,125.3713,124.8085,124.2304,123.6373,123.9832,124.3196,124.6466,125.9253,126.2356,127.5022,127.7955,128.079,129.3252,130.5656,130.8237,132.0499,133.2698,134.4829,134.7059,136.8883,137.0937,137.2887,138.4622,139.6278,140.7852,141.9341,143.0743,144.2057,132.3877,120.5396,114.6455,111.7272,110.793,110.8479,109.8953,109.933,109.9623,109.9832,109.9958,109,108.9958,108.9834,109.9623,108.9336,108.8963,108.8506,108.7967,108.7345,107.6671,107.589,107.5028,106.4138,106.3122,106.2024,108.0675
63.28513,61.70227,60.13052,58.57008,56.62237,55.09309,53.193,52.07032,50.21067,48.73804,47.278,45.8307,44.39631,42.975,41.56691,40.17221,39.09175,38.00832,36.92199,36.10849,35.00823,34.16411,33.05016,31.93369,31.04823,30.14344,29.00291,28.06808,27.11404,26.14083,24.96627,24.1371,22.94162,21.74439,20.69332,19.62341,18.53472,17.42732,16.30126,15.15663,12.74749,10.54584,9.022796,7.812725,6.776388,5.809291,4.798133,3.838945,2.879464,1.919765,0.9599189,0,-0.9511924,-1.902312,-2.879464,-3.804045,-4.754513,-5.704619,-6.654291,-7.603456,-8.473582,-9.41282,-10.35134,-11.18455,-12.11274,-13.04002,-14.22735
131.7775,132.3209,131.9444,131.5505,130.2225,129.7912,128.4193,128.8786,128.3976,126.9669,126.4507,125.9188,125.3713,124.8085,124.2304,123.6373,123.9832,124.3196,124.6466,125.9253,127.1992,127.5022,127.7955,128.079,129.3252,130.5656,130.8237,132.0499,133.2698,134.4829,134.7059,135.9035,137.0937,137.2887,138.4622,139.6278,140.7852,141.9341,143.0743,144.2057,133.3831,121.5358,113.6486,111.7272,110.793,110.8479,109.8953,109.933,109.9623,109.9832,109.9958,110,109.9958,108.9834,109.9623,108.9336,108.8963,108.8506,108.7967,107.7369,107.6671,107.589,107.5028,107.4084,107.3058,107.195,109.0589
62.85462,61.70227,60.13052,58.57008,56.62237,55.09309,53.193,52.07032,50.57717,48.73804,47.278,45.8307,44.39631,42.975,41.56691,40.17221,39.09175,38.00832,36.92199,36.10849,35.27547,34.16411,33.05016,31.93369,31.04823,30.14344,29.00291,28.06808,27.11404,26.14083,24.96627,23.96345,22.94162,21.74439,20.69332,19.62341,18.53472,17.42732,16.30126,15.15663,12.84333,10.633,8.944337,7.812725,6.776388,5.809291,4.798133,3.838945,2.879464,1.919765,0.9599189,0,-0.9599189,-1.902312,-2.879464,-3.804045,-4.754513,-5.704619,-6.654291,-7.533699,-8.473582,-9.41282,-10.35134,-11.28907,-12.22595,-13.16189,-14.35788
131.7775,132.3209,131.9444,131.5505,130.2225,129.7912,128.4193,128.8786,127.4672,126.9669,126.4507,125.9188,125.3713,124.8085,125.1787,123.6373,123.9832,124.3196,124.6466,125.9253,126.2356,127.5022,127.7955,128.079,129.3252,130.5656,130.8237,132.0499,133.2698,134.4829,135.6892,135.9035,137.0937,137.2887,138.4622,139.6278,140.7852,141.9341,143.0743,144.2057,133.3831,120.5396,113.6486,111.7272,111.7911,111.8465,110.8944,109.933,110.962,110.9831,109.9958,109,109.9958,108.9834,108.9626,108.9336,108.8963,108.8506,107.7986,107.7369,107.6671,107.589,107.5028,107.4084,106.3122,106.2024,108.0675
62.85462,61.70227,60.13052,58.57008,56.62237,55.09309,53.193,52.07032,50.21067,48.73804,47.278,45.8307,44.39631,42.975,41.88421,40.17221,39.09175,38.00832,36.92199,36.10849,35.00823,34.16411,33.05016,31.93369,31.04823,30.14344,29.00291,28.06808,27.11404,26.14083,25.1485,23.96345,22.94162,21.74439,20.69332,19.62341,18.53472,17.42732,16.30126,15.15663,12.84333,10.54584,8.944337,7.812725,6.837436,5.861627,4.841752,3.838945,2.905641,1.937217,0.9599189,0,-0.9599189,-1.902312,-2.853287,-3.804045,-4.754513,-5.704619,-6.593242,-7.533699,-8.473582,-9.41282,-10.35134,-11.28907,-12.11274,-13.04002,-14.22735
130.8749,132.3209,131.9444,130.637,131.1396,129.7912,128.4193,128.8786,128.3976,126.9669,126.4507,125.9188,125.3713,124.8085,124.2304,124.5884,123.9832,124.3196,124.6466,125.9253,126.2356,127.5022,127.7955,128.079,129.3252,130.5656,130.8237,132.0499,133.2698,134.4829,135.6892,135.9035,137.0937,137.2887,138.4622,139.6278,140.7852,141.9341,143.0743,144.2057,132.3877,120.5396,113.6486,111.7272,110.793,110.8479,109.8953,109.933,109.9623,110.9831,108.9958,109,108.9958,108.9834,108.9626,108.9336,108.8963,108.8506,107.7986,107.7369,107.6671,107.589,107.5028,107.4084,106.3122,107.195,107.076
62.42411,61.70227,60.13052,58.16334,57.02112,55.09309,53.193,52.07032,50.57717,48.73804,47.278,45.8307,44.39631,42.975,41.56691,40.48123,39.09175,38.00832,36.92199,36.10849,35.00823,34.16411,33.05016,31.93369,31.04823,30.14344,29.00291,28.06808,27.11404,26.14083,25.1485,23.96345,22.94162,21.74439,20.69332,19.62341,18.53472,17.42732,16.30126,15.15663,12.74749,10.54584,8.944337,7.812725,6.776388,5.809291,4.798133,3.838945,2.879464,1.937217,0.9511924,0,-0.9511924,-1.902312,-2.853287,-3.804045,-4.754513,-5.704619,-6.593242,-7.533699,-8.473582,-9.41282,-10.35134,-11.28907,-12.11274,-13.16189,-14.09683
130.8749,132.3209,131.9444,130.637,130.2225,129.7912,128.4193,128.8786,127.4672,126.9669,126.4507,125.9188,125.3713,124.8085,124.2304,123.6373,123.9832,124.3196,124.6466,125.9253,127.1992,127.5022,127.7955,128.079,129.3252,130.5656,130.8237,132.0499,133.2698,134.4829,134.7059,135.9035,137.0937,137.2887,138.4622,139.6278,140.7852,140.9416,143.0743,144.2057,133.3831,121.5358,113.6486,111.7272,110.793,110.8479,109.8953,109.933,109.9623,110.9831,108.9958,110,108.9958,108.9834,109.9623,108.9336,108.8963,108.8506,107.7986,107.7369,107.6671,107.589,107.5028,106.4138,106.3122,107.195,108.0675
62.42411,61.70227,60.13052,58.16334,56.62237,55.09309,53.193,52.07032,50.21067,48.73804,47.278,45.8307,44.39631,42.975,41.56691,40.17221,39.09175,38.00832,36.92199,36.10849,35.27547,34.16411,33.05016,31.93369,31.04823,30.14344,29.00291,28.06808,27.11404,26.14083,24.96627,23.96345,22.94162,21.74439,20.69332,19.62341,18.53472,17.30545,16.30126,15.15663,12.84333,10.633,8.944337,7.812725,6.776388,5.809291,4.798133,3.838945,2.879464,1.937217,0.9511924,0,-0.9511924,-1.902312,-2.879464,-3.804045,-4.754513,-5.704619,-6.593242,-7.533699,-8.473582,-9.41282,-10.35134,-11.18455,-12.11274,-13.16189,-14.22735
130.8749,132.3209,131.9444,131.5505,130.2225,129.7912,128.4193,128.8786,127.4672,126.9669,126.4507,125.9188,124.4287,124.8085,124.2304,123.6373,123.9832,124.3196,124.6466,125.9253,127.1992,127.5022,127.7955,128.079,129.3252,130.5656,130.8237,132.0499,132.2898,134.4829,134.7059,135.9035,137.0937,137.2887,138.4622,139.6278,140.7852,141.9341,143.0743,144.2057,133.3831,120.5396,113.6486,111.7272,111.7911,110.8479,110.8944,109.933,109.9623,109.9832,108.9958,109,108.9958,109.9832,109.9623,108.9336,108.8963,108.8506,107.7986,107.7369,107.6671,107.589,106.5074,106.4138,106.3122,106.2024,107.076
62.42411,61.70227,60.13052,58.57008,56.62237,55.09309,53.193,52.07032,50.21067,48.73804,47.278,45.8307,44.06251,42.975,41.56691,40.17221,39.09175,38.00832,36.92199,36.10849,35.27547,34.16411,33.05016,31.93369,31.04823,30.14344,29.00291,28.06808,26.91467,26.14083,24.96627,23.96345,22.94162,21.74439,20.69332,19.62341,18.53472,17.42732,16.30126,15.15663,12.84333,10.54584,8.944337,7.812725,6.837436,5.809291,4.841752,3.838945,2.879464,1.919765,0.9511924,0,-0.9511924,-1.919765,-2.879464,-3.804045,-4.754513,-5.704619,-6.593242,-7.533699,-8.473582,-9.41282,-10.2555,-11.18455,-12.11274,-13.04002,-14.09683
130.8749,132.3209,131.9444,131.5505,130.2225,129.7912,128.4193,128.8786,127.4672,126.9669,126.4507,125.9188,125.3713,124.8085,124.2304,123.6373,123.9832,123.3633,124.6466,124.964,126.2356,127.5022,127.7955,128.079,129.3252,130.5656,130.8237,132.0499,133.2698,134.4829,134.7059,135.9035,137.0937,137.2887,138.4622,139.6278,140.7852,141.9341,143.0743,144.2057,132.3877,120.5396,113.6486,111.7272,111.7911,111.8465,110.8944,109.933,109.9623,109.9832,109.9958,109,109.9958,109.9832,107.963,108.9336,108.8963,108.8506,108.7967,107.7369,107.6671,107.589,107.5028,107.4084,106.3122,106.2024,111.0418
62.42411,61.70227,60.13052,58.57008,56.62237,55.09309,53.193,52.07032,50.21067,48.73804,47.278,45.8307,44.39631,42.975,41.56691,40.17221,39.09175,37.71595,36.92199,35.83286,35.00823,34.16411,33.05016,31.93369,31.04823,30.14344,29.00291,28.06808,27.11404,26.14083,24.96627,23.96345,22.94162,21.74439,20.69332,19.62341,18.53472,17.42732,16.30126,15.15663,12.74749,10.54584,8.944337,7.812725,6.837436,5.861627,4.841752,3.838945,2.879464,1.919765,0.9599189,0,-0.9599189,-1.919765,-2.82711,-3.804045,-4.754513,-5.704619,-6.654291,-7.533699,-8.473582,-9.41282,-10.35134,-11.28907,-12.11274,-13.04002,-14.61893
