143.0614,142.6783,143.2013,143.7135,144.2147,144.705,145.1842,145.6524,146.1094,146.5554,146.9902,147.4138,147.8261,148.2272,148.6171,148.0343,150.3264,151.6504,152.9673,156.2176,160.441,163.6942,167.9229,172.154,177.3664,176.6929,175.0194,174.311,172.6,170.8701,170.1107,168.3456,166.5627,165.7552,164.9329,163.1016,162.2496,161.3835,160.5037,158.6127,159.7016,160.7794,160.8468,160.9019,161.9445,163.975,163.9938,165,164.9937,165.9747,165.9431,166.8983,167.8401,168.7684,168.6848,167.5908
62.20485,60.56332,59.31593,58.06402,56.80769,55.54703,54.28214,53.01312,51.74006,50.46306,49.18222,47.89763,46.6094,45.31761,44.02238,42.44815,41.68919,40.63459,39.56004,38.94943,38.51849,37.79178,37.22761,36.59246,36.0856,34.34562,32.43792,30.73573,28.88333,27.06316,25.42322,23.65943,21.9284,20.35218,18.79173,17.14267,15.62286,14.11923,12.63191,11.09128,9.767766,8.426089,7.022721,5.618819,4.240666,2.862195,1.431152,0,-1.439878,-2.897099,-4.345373,-5.828216,-7.328057,-8.844777,-10.3172,-11.71909
143.0614,143.5988,143.2013,143.7135,144.2147,144.705,145.1842,145.6524,146.1094,146.5554,146.9902,147.4138,147.8261,148.2272,148.6171,148.9956,150.3264,151.6504,153.9355,157.1879,159.4687,163.6942,167.9229,172.154,177.3664,176.6929,175.0194,174.311,172.6,170.8701,169.1217,168.3456,166.5627,165.7552,164.9329,163.1016,162.2496,161.3835,160.5037,159.6102,159.7016,160.7794,160.8468,160.9019,161.9445,161.9753,163.9938,165,164.9937,165.9747,166.9428,166.8983,167.8401,168.7684,168.6848,167.5908
62.20485,60.95406,59.31593,58.06402,56.80769,55.54703,54.28214,53.01312,51.74006,50.46306,49.18222,47.89763,46.6094,45.31761,44.02238,42.72379,41.68919,40.63459,39.81042,39.19135,38.28504,37.79178,37.22761,36.59246,36.0856,34.34562,32.43792,30.73573,28.88333,27.06316,25.27541,23.65943,21.9284,20.35218,18.79173,17.14267,15.62286,14.11923,12.63191,11.16104,9.767766,8.426089,7.022721,5.618819,4.240666,2.82729,1.431152,0,-1.439878,-2.897099,-4.37155,-5.828216,-7.328057,-8.844777,-10.3172,-11.71909
142.1443,142.6783,143.2013,143.7135,144.2147,144.705,145.1842,145.6524,146.1094,146.5554,146.9902,147.4138,147.8261,148.2272,148.6171,148.9956,150.3264,151.6504,152.9673,157.1879,160.441,163.6942,167.9229,172.154,177.3664,177.6745,175.0194,173.3262,172.6,170.8701,169.1217,168.3456,166.5627,165.7552,164.9329,163.1016,162.2496,161.3835,160.5037,159.6102,159.7016,160.7794,160.8468,160.9019,161.9445,163.975,163.9938,165,164.9937,165.9747,166.9428,166.8983,167.8401,167.7698,168.6848,166.5932
61.80611,60.56332,59.31593,58.06402,56.80769,55.54703,54.28214,53.01312,51.74006,50.46306,49.18222,47.89763,46.6094,45.31761,44.02238,42.72379,41.68919,40.63459,39.56004,39.19135,38.51849,37.79178,37.22761,36.59246,36.0856,34.53643,32.43792,30.56208,28.88333,27.06316,25.27541,23.65943,21.9284,20.35218,18.79173,17.14267,15.62286,14.11923,12.63191,11.16104,9.767766,8.426089,7.022721,5.618819,4.240666,2.862195,1.431152,0,-1.439878,-2.897099,-4.37155,-5.828216,-7.328057,-8.792441,-10.3172,-11.64933
143.0614,143.5988,144.1252,144.6407,144.2147,144.705,145.1842,145.6524,146.1094,146.5554,146.9902,147.4138,147.8261,148.2272,148.6171,148.9956,150.3264,151.6504,152.9673,156.2176,160.441,163.6942,168.8992,172.154,177.3664,176.6929,175.0194,174.311,172.6,170.8701,169.1217,168.3456,167.5542,165.7552,164.9329,164.0961,162.2496,161.3835,159.5068,159.6102,160.6997,160.7794,160.8468,160.9019,161.9445,163.975,163.9938,165,164.9937,165.9747,166.9428,166.8983,167.8401,168.7684,168.6848,168.5883
62.20485,60.95406,59.69862,58.43863,56.80769,55.54703,54.28214,53.01312,51.74006,50.46306,49.18222,47.89763,46.6094,45.31761,44.02238,42.72379,41.68919,40.63459,39.56004,38.94943,38.51849,37.79178,37.44405,36.59246,36.0856,34.34562,32.43792,30.73573,28.88333,27.06316,25.27541,23.65943,22.05893,20.35218,18.79173,17.2472,15.62286,14.11923,12.55346,11.16104,9.828815,8.426089,7.022721,5.618819,4.240666,2.862195,1.431152,0,-1.439878,-2.897099,-4.37155,-5.828216,-7.328057,-8.844777,-10.3172,-11.78884
142.1443,142.6783,143.2013,144.6407,144.2147,145.6385,145.1842,145.6524,146.1094,146.5554,146.9902,147.4138,147.8261,148.2272,147.6582,148.9956,150.3264,151.6504,153.9355,156.2176,160.441,163.6942,168.8992,172.154,177.3664,177.6745,176.0026,174.311,172.6,170.8701,169.1217,168.3456,166.5627,165.7552,163.9394,164.0961,162.2496,161.3835,160.5037,159.6102,159.7016,160.7794,160.8468,161.9013,161.9445,163.975,163.9938,165,165.9937,165.9747,165.9431,166.8983,167.8401,167.7698,168.6848,168.5883
61.80611,60.56332,59.31593,58.43863,56.80769,55.9054,54.28214,53.01312,51.74006,50.46306,49.18222,47.89763,46.6094,45.31761,43.73836,42.72379,41.68919,40.63459,39.81042,38.94943,38.51849,37.79178,37.44405,36.59246,36.0856,34.53643,32.62016,30.73573,28.88333,27.06316,25.27541,23.65943,21.9284,20.35218,18.67853,17.2472,15.62286,14.11923,12.63191,11.16104,9.767766,8.426089,7.022721,5.653718,4.240666,2.862195,1.431152,0,-1.448605,-2.897099,-4.345373,-5.828216,-7.328057,-8.792441,-10.3172,-11.78884
143.0614,143.5988,143.2013,143.7135,144.2147,144.705,145.1842,145.6524,146.1094,146.5554,146.9902,147.4138,147.8261,148.2272,148.6171,148.9956,149.3627,150.6844,152.9673,157.1879,160.441,163.6942,167.9229,172.154,177.3664,176.6929,176.0026,174.311,172.6,170.8701,169.1217,168.3456,166.5627,165.7552,163.9394,163.1016,162.2496,161.3835,159.5068,159.6102,159.7016,160.7794,159.8477,160.9019,161.9445,163.975,163.9938,165,165.9937,165.9747,165.9431,166.8983,167.8401,168.7684,168.6848,166.5932
62.20485,60.95406,59.31593,58.06402,56.80769,55.54703,54.28214,53.01312,51.74006,50.46306,49.18222,47.89763,46.6094,45.31761,44.02238,42.72379,41.42195,40.37577,39.56004,39.19135,38.51849,37.79178,37.22761,36.59246,36.0856,34.34562,32.62016,30.73573,28.88333,27.06316,25.27541,23.65943,21.9284,20.35218,18.67853,17.14267,15.62286,14.11923,12.55346,11.16104,9.767766,8.426089,6.979102,5.618819,4.240666,2.862195,1.431152,0,-1.448605,-2.897099,-4.345373,-5.828216,-7.328057,-8.844777,-10.3172,-11.64933
142.1443,143.5988,144.1252,143.7135,144.2147,144.705,145.1842,145.6524,146.1094,146.5554,146.9902,147.4138,147.8261,148.2272,148.6171,148.9956,150.3264,150.6844,152.9673,156.2176,160.441,163.6942,167.9229,172.154,177.3664,176.6929,175.0194,174.311,172.6,171.8578,170.1107,168.3456,166.5627,165.7552,164.9329,163.1016,162.2496,161.3835,160.5037,159.6102,159.7016,160.7794,160.8468,161.9013,161.9445,163.975,163.9938,165,164.9937,165.9747,166.9428,167.8977,167.8401,168.7684,168.6848,167.5908
61.80611,60.95406,59.69862,58.06402,56.80769,55.54703,54.28214,53.01312,51.74006,50.46306,49.18222,47.89763,46.6094,45.31761,44.02238,42.72379,41.68919,40.37577,39.56004,38.94943,38.51849,37.79178,37.22761,36.59246,36.0856,34.34562,32.43792,30.73573,28.88333,27.2196,25.42322,23.65943,21.9284,20.35218,18.79173,17.14267,15.62286,14.11923,12.63191,11.16104,9.767766,8.426089,7.022721,5.653718,4.240666,2.862195,1.431152,0,-1.439878,-2.897099,-4.37155,-5.863115,-7.328057,-8.844777,-10.3172,-11.71909
142.1443,143.5988,143.2013,143.7135,144.2147,144.705,145.1842,145.6524,146.1094,146.5554,146.9902,147.4138,147.8261,148.2272,148.6171,148.9956,150.3264,151.6504,153.9355,156.2176,160.441,163.6942,167.9229,172.154,177.3664,176.6929,175.0194,174.311,172.6,170.8701,169.1217,168.3456,166.5627,165.7552,163.9394,163.1016,162.2496,161.3835,159.5068,159.6102,159.7016,160.7794,160.8468,161.9013,161.9445,163.975,163.9938,165,164.9937,165.9747,166.9428,166.8983,167.8401,168.7684,168.6848,167.5908
61.80611,60.95406,59.31593,58.06402,56.80769,55.54703,54.28214,53.01312,51.74006,50.46306,49.18222,47.89763,46.6094,45.31761,44.02238,42.72379,41.68919,40.63459,39.81042,38.94943,38.51849,37.79178,37.22761,36.59246,36.0856,34.34562,32.43792,30.73573,28.88333,27.06316,25.27541,23.65943,21.9284,20.35218,18.67853,17.14267,15.62286,14.11923,12.55346,11.16104,9.767766,8.426089,7.022721,5.653718,4.240666,2.862195,1.431152,0,-1.439878,-2.897099,-4.37155,-5.828216,-7.328057,-8.844777,-10.3172,-11.71909
142.1443,143.5988,143.2013,143.7135,144.2147,144.705,145.1842,145.6524,146.1094,146.5554,146.9902,147.4138,147.8261,148.2272,148.6171,148.9956,150.3264,151.6504,152.9673,156.2176,160.441,163.6942,167.9229,172.154,177.3664,176.6929,175.0194,174.311,172.6,170.8701,169.1217,168.3456,166.5627,165.7552,164.9329,164.0961,162.2496,161.3835,159.5068,159.6102,159.7016,160.7794,160.8468,160.9019,161.9445,161.9753,163.9938,165,164.9937,165.9747,166.9428,166.8983,167.8401,168.7684,168.6848,166.5932
61.80611,60.95406,59.31593,58.06402,56.80769,55.54703,54.28214,53.01312,51.74006,50.46306,49.18222,47.89763,46.6094,45.31761,44.02238,42.72379,41.68919,40.63459,39.56004,38.94943,38.51849,37.79178,37.22761,36.59246,36.0856,34.34562,32.43792,30.73573,28.88333,27.06316,25.27541,23.65943,21.9284,20.35218,18.79173,17.2472,15.62286,14.11923,12.55346,11.16104,9.767766,8.426089,7.022721,5.618819,4.240666,2.82729,1.431152,0,-1.439878,-2.897099,-4.37155,-5.828216,-7.328057,-8.844777,-10.3172,-11.64933
142.1443,142.6783,143.2013,143.7135,144.2147,144.705,145.1842,145.6524,146.1094,146.5554,146.9902,147.4138,147.8261,148.2272,148.6171,148.9956,150.3264,151.6504,152.9673,156.2176,159.4687,163.6942,168.8992,172.154,177.3664,176.6929,176.0026,173.3262,172.6,170.8701,170.1107,168.3456,166.5627,165.7552,164.9329,163.1016,162.2496,161.3835,159.5068,159.6102,159.7016,160.7794,160.8468,160.9019,161.9445,163.975,163.9938,165,164.9937,165.9747,166.9428,166.8983,167.8401,168.7684,168.6848,167.5908
61.80611,60.56332,59.31593,58.06402,56.80769,55.54703,54.28214,53.01312,51.74006,50.46306,49.18222,47.89763,46.6094,45.31761,44.02238,42.72379,41.68919,40.63459,39.56004,38.94943,38.28504,37.79178,37.44405,36.59246,36.0856,34.34562,32.62016,30.56208,28.88333,27.06316,25.42322,23.65943,21.9284,20.35218,18.79173,17.14267,15.62286,14.11923,12.55346,11.16104,9.767766,8.426089,7.022721,5.618819,4.240666,2.862195,1.431152,0,-1.439878,-2.897099,-4.37155,-5.828216,-7.328057,-8.844777,-10.3172,-11.71909
143.0614,142.6783,144.1252,143.7135,144.2147,144.705,145.1842,145.6524,146.1094,146.5554,146.9902,147.4138,147.8261,148.2272,148.6171,148.9956,150.3264,151.6504,152.9673,157.1879,160.441,163.6942,167.9229,172.154,177.3664,176.6929,176.0026,173.3262,172.6,170.8701,169.1217,168.3456,166.5627,165.7552,164.9329,163.1016,162.2496,161.3835,160.5037,159.6102,159.7016,160.7794,160.8468,161.9013,161.9445,163.975,163.9938,165,165.9937,165.9747,166.9428,166.8983,167.8401,167.7698,168.6848,167.5908
62.20485,60.56332,59.69862,58.06402,56.80769,55.54703,54.28214,53.01312,51.74006,50.46306,49.18222,47.89763,46.6094,45.31761,44.02238,42.72379,41.68919,40.63459,39.56004,39.19135,38.51849,37.79178,37.22761,36.59246,36.0856,34.34562,32.62016,30.56208,28.88333,27.06316,25.27541,23.65943,21.9284,20.35218,18.79173,17.14267,15.62286,14.11923,12.63191,11.16104,9.767766,8.426089,7.022721,5.653718,4.240666,2.862195,1.431152,0,-1.448605,-2.897099,-4.37155,-5.828216,-7.328057,-8.792441,-10.3172,-11.71909
142.1443,143.5988,143.2013,143.7135,144.2147,144.705,145.1842,145.6524,146.1094,146.5554,146.9902,147.4138,147.8261,148.2272,148.6171,148.9956,150.3264,151.6504,152.9673,157.1879,160.441,163.6942,167.9229,172.154,177.3664,176.6929,175.0194,174.311,172.6,170.8701,170.1107,168.3456,166.5627,165.7552,164.9329,163.1016,162.2496,161.3835,159.5068,159.6102,159.7016,160.7794,160.8468,160.9019,161.9445,163.975,163.9938,165,164.9937,165.9747,165.9431,166.8983,167.8401,168.7684,168.6848,167.5908
61.80611,60.95406,59.31593,58.06402,56.80769,55.54703,54.28214,53.01312,51.74006,50.46306,49.18222,47.89763,46.6094,45.31761,44.02238,42.72379,41.68919,40.63459,39.56004,39.19135,38.51849,37.79178,37.22761,36.59246,36.0856,34.34562,32.43792,30.73573,28.88333,27.06316,25.42322,23.65943,21.9284,20.35218,18.79173,17.14267,15.62286,14.11923,12.55346,11.16104,9.767766,8.426089,7.022721,5.618819,4.240666,2.862195,1.431152,0,-1.439878,-2.897099,-4.345373,-5.828216,-7.328057,-8.844777,-10.3172,-11.71909
143.0614,142.6783,143.2013,143.7135,144.2147,144.705,145.1842,145.6524,146.1094,146.5554,146.9902,147.4138,147.8261,147.2709,148.6171,148.9956,150.3264,151.6504,153.9355,156.2176,160.441,163.6942,168.8992,172.154,177.3664,177.6745,176.0026,174.311,172.6,170.8701,170.1107,168.3456,166.5627,165.7552,164.9329,163.1016,162.2496,159.3912,160.5037,159.6102,160.6997,160.7794,160.8468,161.9013,161.9445,163.975,163.9938,165,164.9937,165.9747,166.9428,166.8983,167.8401,168.7684,168.6848,167.5908
62.20485,60.56332,59.31593,58.06402,56.80769,55.54703,54.28214,53.01312,51.74006,50.46306,49.18222,47.89763,46.6094,45.02524,44.02238,42.72379,41.68919,40.63459,39.81042,38.94943,38.51849,37.79178,37.44405,36.59246,36.0856,34.53643,32.62016,30.73573,28.88333,27.06316,25.42322,23.65943,21.9284,20.35218,18.79173,17.14267,15.62286,13.94492,12.63191,11.16104,9.828815,8.426089,7.022721,5.653718,4.240666,2.862195,1.431152,0,-1.439878,-2.897099,-4.37155,-5.828216,-7.328057,-8.844777,-10.3172,-11.71909
143.0614,142.6783,143.2013,143.7135,144.2147,144.705,145.1842,145.6524,146.1094,146.5554,146.9902,147.4138,147.8261,148.2272,148.6171,148.0343,150.3264,151.6504,152.9673,156.2176,160.441,163.6942,168.8992,172.154,177.3664,176.6929,175.0194,174.311,172.6,170.8701,169.1217,168.3456,166.5627,165.7552,163.9394,163.1016,162.2496,161.3835,159.5068,159.6102,160.6997,160.7794,160.8468,160.9019,161.9445,161.9753,163.9938,165,165.9937,165.9747,166.9428,166.8983,167.8401,167.7698,168.6848,167.5908
62.20485,60.56332,59.31593,58.06402,56.80769,55.54703,54.28214,53.01312,51.74006,50.46306,49.18222,47.89763,46.6094,45.31761,44.02238,42.44815,41.68919,40.63459,39.56004,38.94943,38.51849,37.79178,37.44405,36.59246,36.0856,34.34562,32.43792,30.73573,28.88333,27.06316,25.27541,23.65943,21.9284,20.35218,18.67853,17.14267,15.62286,14.11923,12.55346,11.16104,9.828815,8.426089,7.022721,5.618819,4.240666,2.82729,1.431152,0,-1.448605,-2.897099,-4.37155,-5.828216,-7.328057,-8.792441,-10.3172,-11.71909
143.0614,143.5988,143.2013,143.7135,144.2147,144.705,145.1842,145.6524,146.1094,146.5554,146.9902,147.4138,147.8261,148.2272,148.6171,148.9956,150.3264,151.6504,152.9673,156.2176,160.441,163.6942,167.9229,172.154,177.3664,176.6929,175.0194,173.3262,172.6,170.8701,169.1217,168.3456,166.5627,165.7552,164.9329,163.1016,162.2496,161.3835,159.5068,159.6102,159.7016,159.7807,160.8468,161.9013,161.9445,163.975,163.9938,165,164.9937,165.9747,166.9428,166.8983,167.8401,168.7684,168.6848,167.5908
62.20485,60.95406,59.31593,58.06402,56.80769,55.54703,54.28214,53.01312,51.74006,50.46306,49.18222,47.89763,46.6094,45.31761,44.02238,42.72379,41.68919,40.63459,39.56004,38.94943,38.51849,37.79178,37.22761,36.59246,36.0856,34.34562,32.43792,30.56208,28.88333,27.06316,25.27541,23.65943,21.9284,20.35218,18.79173,17.14267,15.62286,14.11923,12.55346,11.16104,9.767766,8.373753,7.022721,5.653718,4.240666,2.862195,1.431152,0,-1.439878,-2.897099,-4.37155,-5.828216,-7.328057,-8.844777,-10.3172,-11.71909
143.0614,142.6783,143.2013,143.7135,144.2147,144.705,145.1842,145.6524,146.1094,146.5554,146.9902,147.4138,147.8261,148.2272,148.6171,148.9956,150.3264,150.6844,153.9355,156.2176,160.441,163.6942,167.9229,172.154,177.3664,176.6929,175.0194,174.311,172.6,170.8701,169.1217,168.3456,166.5627,165.7552,163.9394,163.1016,162.2496,161.3835,159.5068,159.6102,159.7016,160.7794,160.8468,161.9013,161.9445,163.975,163.9938,165,164.9937,165.9747,166.9428,166.8983,167.8401,168.7684,168.6848,166.5932
62.20485,60.56332,59.31593,58.06402,56.80769,55.54703,54.28214,53.01312,51.74006,50.46306,49.18222,47.89763,46.6094,45.31761,44.02238,42.72379,41.68919,40.37577,39.81042,38.94943,38.51849,37.79178,37.22761,36.59246,36.0856,34.34562,32.43792,30.73573,28.88333,27.06316,25.27541,23.65943,21.9284,20.35218,18.67853,17.14267,15.62286,14.11923,12.55346,11.16104,9.767766,8.426089,7.022721,5.653718,4.240666,2.862195,1.431152,0,-1.439878,-2.897099,-4.37155,-5.828216,-7.328057,-8.844777,-10.3172,-11.64933
143.0614,143.5988,143.2013,143.7135,144.2147,144.705,145.1842,145.6524,146.1094,146.5554,146.9902,147.4138,147.8261,148.2272,148.6171,148.9956,150.3264,151.6504,153.9355,156.2176,160.441,163.6942,167.9229,172.154,177.3664,176.6929,175.0194,174.311,172.6,170.8701,170.1107,168.3456,166.5627,165.7552,163.9394,163.1016,162.2496,161.3835,159.5068,159.6102,159.7016,160.7794,160.8468,160.9019,161.9445,163.975,163.9938,165,164.9937,165.9747,165.9431,166.8983,167.8401,168.7684,168.6848,167.5908
62.20485,60.95406,59.31593,58.06402,56.80769,55.54703,54.28214,53.01312,51.74006,50.46306,49.18222,47.89763,46.6094,45.31761,44.02238,42.72379,41.68919,40.63459,39.81042,38.94943,38.51849,37.79178,37.22761,36.59246,36.0856,34.34562,32.43792,30.73573,28.88333,27.06316,25.42322,23.65943,21.9284,20.35218,18.67853,17.14267,15.62286,14.11923,12.55346,11.16104,9.767766,8.426089,7.022721,5.618819,4.240666,2.862195,1.431152,0,-1.439878,-2.897099,-4.345373,-5.828216,-7.328057,-8.844777,-10.3172,-11.71909
143.0614,142.6783,144.1252,143.7135,144.2147,144.705,145.1842,145.6524,146.1094,146.5554,146.9902,147.4138,147.8261,148.2272,148.6171,148.0343,150.3264,151.6504,152.9673,156.2176,160.441,163.6942,168.8992,172.154,177.3664,176.6929,175.0194,174.311,172.6,170.8701,170.1107,168.3456,167.5542,165.7552,164.9329,163.1016,162.2496,161.3835,160.5037,159.6102,159.7016,159.7807,160.8468,160.9019,161.9445,163.975,163.9938,165,164.9937,165.9747,165.9431,166.8983,167.8401,168.7684,168.6848,167.5908
62.20485,60.56332,59.69862,58.06402,56.80769,55.54703,54.28214,53.01312,51.74006,50.46306,49.18222,47.89763,46.6094,45.31761,44.02238,42.44815,41.68919,40.63459,39.56004,38.94943,38.51849,37.79178,37.44405,36.59246,36.0856,34.34562,32.43792,30.73573,28.88333,27.06316,25.42322,23.65943,22.05893,20.35218,18.79173,17.14267,15.62286,14.11923,12.63191,11.16104,9.767766,8.373753,7.022721,5.618819,4.240666,2.862195,1.431152,0,-1.439878,-2.897099,-4.345373,-5.828216,-7.328057,-8.844777,-10.3172,-11.71909
143.0614,143.5988,143.2013,143.7135,144.2147,144.705,145.1842,145.6524,146.1094,146.5554,146.9902,147.4138,147.8261,148.2272,148.6171,148.9956,150.3264,151.6504,152.9673,157.1879,160.441,163.6942,168.8992,172.154,177.3664,177.6745,176.0026,174.311,172.6,170.8701,169.1217,168.3456,166.5627,165.7552,164.9329,163.1016,161.2542,160.3873,160.5037,159.6102,159.7016,160.7794,160.8468,161.9013,161.9445,162.9752,162.9938,164,165.9937,165.9747,166.9428,166.8983,167.8401,168.7684,168.6848,167.5908
62.20485,60.95406,59.31593,58.06402,56.80769,55.54703,54.28214,53.01312,51.74006,50.46306,49.18222,47.89763,46.6094,45.31761,44.02238,42.72379,41.68919,40.63459,39.56004,39.19135,38.51849,37.79178,37.44405,36.59246,36.0856,34.53643,32.62016,30.73573,28.88333,27.06316,25.27541,23.65943,21.9284,20.35218,18.79173,17.14267,15.52701,14.03207,12.63191,11.16104,9.767766,8.426089,7.022721,5.653718,4.240666,2.844742,1.422425,0,-1.448605,-2.897099,-4.37155,-5.828216,-7.328057,-8.844777,-10.3172,-11.71909
143.0614,142.6783,143.2013,143.7135,144.2147,144.705,145.1842,145.6524,146.1094,146.5554,146.9902,147.4138,147.8261,148.2272,147.6582,148.9956,150.3264,151.6504,152.9673,157.1879,160.441,164.6685,167.9229,172.154,177.3664,176.6929,175.0194,174.311,172.6,170.8701,170.1107,168.3456,166.5627,165.7552,163.9394,163.1016,161.2542,160.3873,159.5068,159.6102,159.7016,160.7794,160.8468,160.9019,161.9445,162.9752,162.9938,164,165.9937,165.9747,165.9431,166.8983,167.8401,168.7684,168.6848,166.5932
62.20485,60.56332,59.31593,58.06402,56.80769,55.54703,54.28214,53.01312,51.74006,50.46306,49.18222,47.89763,46.6094,45.31761,43.73836,42.72379,41.68919,40.63459,39.56004,39.19135,38.51849,38.01673,37.22761,36.59246,36.0856,34.34562,32.43792,30.73573,28.88333,27.06316,25.42322,23.65943,21.9284,20.35218,18.67853,17.14267,15.52701,14.03207,12.55346,11.16104,9.767766,8.426089,7.022721,5.618819,4.240666,2.844742,1.422425,0,-1.448605,-2.897099,-4.345373,-5.828216,-7.328057,-8.844777,-10.3172,-11.64933
143.0614,143.5988,143.2013,143.7135,144.2147,144.705,145.1842,145.6524,146.1094,146.5554,146.9902,147.4138,147.8261,148.2272,148.6171,148.9956,150.3264,151.6504,151.9992,156.2176,160.441,163.6942,167.9229,172.154,177.3664,177.6745,176.0026,173.3262,172.6,170.8701,169.1217,167.3553,166.5627,165.7552,164.9329,164.0961,161.2542,160.3873,160.5037,159.6102,159.7016,160.7794,160.8468,161.9013,161.9445,162.9752,162.9938,164,163.9938,165.9747,165.9431,166.8983,167.8401,167.7698,168.6848,166.5932
62.20485,60.95406,59.31593,58.06402,56.80769,55.54703,54.28214,53.01312,51.74006,50.46306,49.18222,47.89763,46.6094,45.31761,44.02238,42.72379,41.68919,40.63459,39.30966,38.94943,38.51849,37.79178,37.22761,36.59246,36.0856,34.53643,32.62016,30.56208,28.88333,27.06316,25.27541,23.52025,21.9284,20.35218,18.79173,17.2472,15.52701,14.03207,12.63191,11.16104,9.767766,8.426089,7.022721,5.653718,4.240666,2.844742,1.422425,0,-1.431152,-2.897099,-4.345373,-5.828216,-7.328057,-8.792441,-10.3172,-11.64933
143.0614,143.5988,143.2013,143.7135,144.2147,144.705,145.1842,145.6524,146.1094,146.5554,146.9902,147.4138,147.8261,148.2272,148.6171,148.9956,150.3264,151.6504,151.9992,156.2176,160.441,163.6942,167.9229,172.154,177.3664,176.6929,175.0194,174.311,172.6,170.8701,169.1217,168.3456,166.5627,165.7552,163.9394,163.1016,161.2542,160.3873,160.5037,159.6102,159.7016,159.7807,160.8468,160.9019,161.9445,162.9752,163.9938,164,163.9938,165.9747,165.9431,166.8983,167.8401,168.7684,168.6848,167.5908
62.20485,60.95406,59.31593,58.06402,56.80769,55.54703,54.28214,53.01312,51.74006,50.46306,49.18222,47.89763,46.6094,45.31761,44.02238,42.72379,41.68919,40.63459,39.30966,38.94943,38.51849,37.79178,37.22761,36.59246,36.0856,34.34562,32.43792,30.73573,28.88333,27.06316,25.27541,23.65943,21.9284,20.35218,18.67853,17.14267,15.52701,14.03207,12.63191,11.16104,9.767766,8.373753,7.022721,5.618819,4.240666,2.844742,1.431152,0,-1.431152,-2.897099,-4.345373,-5.828216,-7.328057,-8.844777,-10.3172,-11.71909
143.0614,143.5988,143.2013,143.7135,144.2147,144.705,145.1842,145.6524,146.1094,146.5554,146.9902,147.4138,147.8261,148.2272,148.6171,148.9956,150.3264,152.6163,152.9673,157.1879,160.441,163.6942,167.9229,172.154,177.3664,176.6929,175.0194,174.311,172.6,170.8701,169.1217,168.3456,166.5627,165.7552,164.9329,163.1016,161.2542,160.3873,159.5068,159.6102,159.7016,159.7807,160.8468,160.9019,161.9445,162.9752,162.9938,164,163.9938,165.9747,166.9428,166.8983,167.8401,168.7684,168.6848,167.5908
62.20485,60.95406,59.31593,58.06402,56.80769,55.54703,54.28214,53.01312,51.74006,50.46306,49.18222,47.89763,46.6094,45.31761,44.02238,42.72379,41.68919,40.89341,39.56004,39.19135,38.51849,37.79178,37.22761,36.59246,36.0856,34.34562,32.43792,30.73573,28.88333,27.06316,25.27541,23.65943,21.9284,20.35218,18.79173,17.14267,15.52701,14.03207,12.55346,11.16104,9.767766,8.373753,7.022721,5.618819,4.240666,2.844742,1.422425,0,-1.431152,-2.897099,-4.37155,-5.828216,-7.328057,-8.844777,-10.3172,-11.71909
143.0614,143.5988,143.2013,143.7135,144.2147,144.705,145.1842,145.6524,146.1094,146.5554,146.9902,147.4138,147.8261,148.2272,148.6171,148.9956,150.3264,151.6504,151.9992,157.1879,160.441,163.6942,167.9229,172.154,177.3664,176.6929,176.0026,174.311,172.6,170.8701,169.1217,168.3456,166.5627,165.7552,164.9329,164.0961,161.2542,160.3873,160.5037,159.6102,159.7016,160.7794,160.8468,161.9013,161.9445,162.9752,162.9938,164,163.9938,165.9747,166.9428,166.8983,167.8401,168.7684,168.6848,167.5908
62.20485,60.95406,59.31593,58.06402,56.80769,55.54703,54.28214,53.01312,51.74006,50.46306,49.18222,47.89763,46.6094,45.31761,44.02238,42.72379,41.68919,40.63459,39.30966,39.19135,38.51849,37.79178,37.22761,36.59246,36.0856,34.34562,32.62016,30.73573,28.88333,27.06316,25.27541,23.65943,21.9284,20.35218,18.79173,17.2472,15.52701,14.03207,12.63191,11.16104,9.767766,8.426089,7.022721,5.653718,4.240666,2.844742,1.422425,0,-1.431152,-2.897099,-4.37155,-5.828216,-7.328057,-8.844777,-10.3172,-11.71909
143.0614,143.5988,143.2013,143.7135,144.2147,144.705,145.1842,145.6524,146.1094,146.5554,146.9902,147.4138,147.8261,148.2272,148.6171,148.9956,150.3264,151.6504,151.9992,157.1879,160.441,163.6942,167.9229,172.154,177.3664,176.6929,175.0194,173.3262,172.6,170.8701,170.1107,168.3456,167.5542,165.7552,164.9329,163.1016,161.2542,160.3873,159.5068,159.6102,159.7016,160.7794,160.8468,161.9013,161.9445,162.9752,162.9938,164,163.9938,165.9747,166.9428,166.8983,167.8401,168.7684,168.6848,167.5908
62.20485,60.95406,59.31593,58.06402,56.80769,55.54703,54.28214,53.01312,51.74006,50.46306,49.18222,47.89763,46.6094,45.31761,44.02238,42.72379,41.68919,40.63459,39.30966,39.19135,38.51849,37.79178,37.22761,36.59246,36.0856,34.34562,32.43792,30.56208,28.88333,27.06316,25.42322,23.65943,22.05893,20.35218,18.79173,17.14267,15.52701,14.03207,12.55346,11.16104,9.767766,8.426089,7.022721,5.653718,4.240666,2.844742,1.422425,0,-1.431152,-2.897099,-4.37155,-5.828216,-7.328057,-8.844777,-10.3172,-11.71909
143.0614,143.5988,143.2013,143.7135,144.2147,144.705,145.1842,145.6524,146.1094,146.5554,146.9902,147.4138,147.8261,148.2272,148.6171,148.9956,150.3264,151.6504,152.9673,157.1879,160.441,164.6685,167.9229,172.154,177.3664,176.6929,175.0194,174.311,172.6,170.8701,169.1217,168.3456,166.5627,165.7552,164.9329,163.1016,161.2542,160.3873,159.5068,159.6102,159.7016,160.7794,160.8468,160.9019,161.9445,161.9753,162.9938,164,163.9938,165.9747,165.9431,166.8983,167.8401,167.7698,168.6848,166.5932
62.20485,60.95406,59.31593,58.06402,56.80769,55.54703,54.28214,53.01312,51.74006,50.46306,49.18222,47.89763,46.6094,45.31761,44.02238,42.72379,41.68919,40.63459,39.56004,39.19135,38.51849,38.01673,37.22761,36.59246,36.0856,34.34562,32.43792,30.73573,28.88333,27.06316,25.27541,23.65943,21.9284,20.35218,18.79173,17.14267,15.52701,14.03207,12.55346,11.16104,9.767766,8.426089,7.022721,5.618819,4.240666,2.82729,1.422425,0,-1.431152,-2.897099,-4.345373,-5.828216,-7.328057,-8.792441,-10.3172,-11.64933
143.0614,143.5988,143.2013,143.7135,144.2147,144.705,145.1842,145.6524,146.1094,146.5554,146.9902,147.4138,147.8261,148.2272,148.6171,148.9956,150.3264,151.6504,152.9673,157.1879,160.441,163.6942,167.9229,172.154,177.3664,177.6745,175.0194,174.311,172.6,170.8701,169.1217,168.3456,166.5627,165.7552,163.9394,163.1016,162.2496,161.3835,159.5068,159.6102,159.7016,160.7794,160.8468,160.9019,161.9445,163.975,163.9938,165,164.9937,165.9747,166.9428,166.8983,167.8401,168.7684,168.6848,167.5908
62.20485,60.95406,59.31593,58.06402,56.80769,55.54703,54.28214,53.01312,51.74006,50.46306,49.18222,47.89763,46.6094,45.31761,44.02238,42.72379,41.68919,40.63459,39.56004,39.19135,38.51849,37.79178,37.22761,36.59246,36.0856,34.53643,32.43792,30.73573,28.88333,27.06316,25.27541,23.65943,21.9284,20.35218,18.67853,17.14267,15.62286,14.11923,12.55346,11.16104,9.767766,8.426089,7.022721,5.618819,4.240666,2.862195,1.431152,0,-1.439878,-2.897099,-4.37155,-5.828216,-7.328057,-8.844777,-10.3172,-11.71909
143.0614,143.5988,144.1252,143.7135,144.2147,144.705,145.1842,145.6524,146.1094,146.5554,146.0418,147.4138,146.8724,147.2709,148.6171,148.9956,150.3264,151.6504,153.9355,157.1879,160.441,163.6942,167.9229,172.154,177.3664,176.6929,175.0194,174.311,172.6,170.8701,169.1217,168.3456,166.5627,165.7552,164.9329,163.1016,162.2496,161.3835,159.5068,159.6102,159.7016,160.7794,160.8468,161.9013,163.9438,163.975,163.9938,165,164.9937,165.9747,165.9431,166.8983,167.8401,168.7684,168.6848,167.5908
62.20485,60.95406,59.69862,58.06402,56.80769,55.54703,54.28214,53.01312,51.74006,50.46306,48.86492,47.89763,46.30869,45.02524,44.02238,42.72379,41.68919,40.63459,39.81042,39.19135,38.51849,37.79178,37.22761,36.59246,36.0856,34.34562,32.43792,30.73573,28.88333,27.06316,25.27541,23.65943,21.9284,20.35218,18.79173,17.14267,15.62286,14.11923,12.55346,11.16104,9.767766,8.426089,7.022721,5.653718,4.29302,2.862195,1.431152,0,-1.439878,-2.897099,-4.345373,-5.828216,-7.328057,-8.844777,-10.3172,-11.71909
143.0614,143.5988,143.2013,143.7135,144.2147,144.705,145.1842,145.6524,146.1094,146.5554,146.9902,147.4138,147.8261,148.2272,148.6171,148.9956,150.3264,151.6504,152.9673,156.2176,160.441,163.6942,167.9229,172.154,177.3664,177.6745,175.0194,174.311,172.6,170.8701,169.1217,168.3456,166.5627,165.7552,163.9394,163.1016,162.2496,161.3835,159.5068,159.6102,159.7016,160.7794,160.8468,161.9013,161.9445,163.975,163.9938,165,164.9937,165.9747,166.9428,167.8977,167.8401,167.7698,168.6848,167.5908
62.20485,60.95406,59.31593,58.06402,56.80769,55.54703,54.28214,53.01312,51.74006,50.46306,49.18222,47.89763,46.6094,45.31761,44.02238,42.72379,41.68919,40.63459,39.56004,38.94943,38.51849,37.79178,37.22761,36.59246,36.0856,34.53643,32.43792,30.73573,28.88333,27.06316,25.27541,23.65943,21.9284,20.35218,18.67853,17.14267,15.62286,14.11923,12.55346,11.16104,9.767766,8.426089,7.022721,5.653718,4.240666,2.862195,1.431152,0,-1.439878,-2.897099,-4.37155,-5.863115,-7.328057,-8.792441,-10.3172,-11.71909
143.0614,142.6783,143.2013,143.7135,144.2147,144.705,145.1842,145.6524,146.1094,146.5554,146.9902,147.4138,147.8261,148.2272,148.6171,148.9956,150.3264,151.6504,152.9673,156.2176,160.441,163.6942,167.9229,172.154,177.3664,176.6929,176.0026,174.311,172.6,170.8701,169.1217,168.3456,166.5627,165.7552,164.9329,163.1016,163.245,161.3835,160.5037,159.6102,159.7016,160.7794,160.8468,160.9019,161.9445,161.9753,163.9938,164,164.9937,164.9749,166.9428,166.8983,167.8401,168.7684,168.6848,166.5932
62.20485,60.56332,59.31593,58.06402,56.80769,55.54703,54.28214,53.01312,51.74006,50.46306,49.18222,47.89763,46.6094,45.31761,44.02238,42.72379,41.68919,40.63459,39.56004,38.94943,38.51849,37.79178,37.22761,36.59246,36.0856,34.34562,32.62016,30.73573,28.88333,27.06316,25.27541,23.65943,21.9284,20.35218,18.79173,17.14267,15.7187,14.11923,12.63191,11.16104,9.767766,8.426089,7.022721,5.618819,4.240666,2.82729,1.431152,0,-1.439878,-2.879647,-4.37155,-5.828216,-7.328057,-8.844777,-10.3172,-11.64933
