162.9686,162.7371,162.4933,162.2371,161.9685,162.6675,162.3725,162.0651,161.7454,162.3858,162.0394,161.6807,161.3096,161.8899,161.492,161.0817,162.5718,164.993,171.1902,173.5432,171.1389,169.6755,168.205,166.7276,165.2437,162.8231,161.33,161.6789,162.0089,162.3196,162.6111,161.9731,163.1354,162.4654,162.6817,162.8781,163.0542,163.21,163.3453,164.3388
-25.81169,-27.23285,-28.65195,-30.06886,-31.48348,-33.09508,-34.51334,-35.92898,-37.34188,-38.98538,-40.40096,-41.81346,-43.22278,-44.89605,-46.30708,-47.71458,-49.70319,-52.0221,-55.62306,-58.06675,-58.92784,-60.08523,-61.22161,-62.33691,-63.43113,-64.13771,-65.18155,-66.9696,-68.76868,-70.57859,-72.39912,-73.8154,-76.07129,-77.492,-79.34518,-81.208,-83.08026,-84.96174,-86.85224,-89.22869
162.9686,162.7371,162.4933,162.2371,161.9685,161.6876,162.3725,162.0651,161.7454,162.3858,162.0394,161.6807,161.3096,161.8899,161.492,162.0405,162.5718,165.9467,171.1902,173.5432,172.0844,169.6755,168.205,166.7276,165.2437,162.8231,161.33,161.6789,162.0089,162.3196,162.6111,162.8831,163.1354,162.4654,162.6817,162.8781,163.0542,163.21,163.3453,163.46
-25.81169,-27.23285,-28.65195,-30.06886,-31.48348,-32.89571,-34.51334,-35.92898,-37.34188,-38.98538,-40.40096,-41.81346,-43.22278,-44.89605,-46.30708,-47.99859,-49.70319,-52.32281,-55.62306,-58.06675,-59.2534,-60.08523,-61.22161,-62.33691,-63.43113,-64.13771,-65.18155,-66.9696,-68.76868,-70.57859,-72.39912,-74.23009,-76.07129,-77.492,-79.34518,-81.208,-83.08026,-84.96174,-86.85224,-88.75153
162.9686,162.7371,162.4933,162.2371,161.9685,161.6876,161.3944,162.0651,161.7454,162.3858,162.0394,161.6807,161.3096,160.9263,161.492,162.0405,162.5718,164.993,171.1902,173.5432,172.0844,169.6755,168.205,166.7276,165.2437,162.8231,162.2572,161.6789,162.0089,162.3196,162.6111,162.8831,163.1354,162.4654,162.6817,163.773,163.0542,163.21,163.3453,163.46
-25.81169,-27.23285,-28.65195,-30.06886,-31.48348,-32.89571,-34.30543,-35.92898,-37.34188,-38.98538,-40.40096,-41.81346,-43.22278,-44.62881,-46.30708,-47.99859,-49.70319,-52.0221,-55.62306,-58.06675,-59.2534,-60.08523,-61.22161,-62.33691,-63.43113,-64.13771,-65.55615,-66.9696,-68.76868,-70.57859,-72.39912,-74.23009,-76.07129,-77.492,-79.34518,-81.6542,-83.08026,-84.96174,-86.85224,-88.75153
162.9686,162.7371,162.4933,162.2371,161.9685,161.6876,162.3725,162.0651,161.7454,161.4134,162.0394,161.6807,161.3096,161.8899,161.492,161.0817,161.6155,164.993,171.1902,172.5949,172.0844,169.6755,168.205,166.7276,165.2437,163.7535,162.2572,161.6789,162.0089,162.3196,162.6111,162.8831,162.2291,163.3679,162.6817,162.8781,163.0542,163.21,163.3453,163.46
-25.81169,-27.23285,-28.65195,-30.06886,-31.48348,-32.89571,-34.51334,-35.92898,-37.34188,-38.75193,-40.40096,-41.81346,-43.22278,-44.89605,-46.30708,-47.71458,-49.41082,-52.0221,-55.62306,-57.74945,-59.2534,-60.08523,-61.22161,-62.33691,-63.43113,-64.50422,-65.55615,-66.9696,-68.76868,-70.57859,-72.39912,-74.23009,-75.64867,-77.92251,-79.34518,-81.208,-83.08026,-84.96174,-86.85224,-88.75153
162.9686,162.7371,162.4933,162.2371,161.9685,162.6675,162.3725,162.0651,161.7454,161.4134,162.0394,160.7125,161.3096,160.9263,161.492,162.0405,162.5718,165.9467,172.1412,173.5432,172.0844,169.6755,168.205,166.7276,165.2437,162.8231,162.2572,161.6789,162.0089,162.3196,161.6975,161.9731,162.2291,162.4654,162.6817,162.8781,163.0542,163.21,163.3453,163.46
-25.81169,-27.23285,-28.65195,-30.06886,-31.48348,-33.09508,-34.51334,-35.92898,-37.34188,-38.75193,-40.40096,-41.56308,-43.22278,-44.62881,-46.30708,-47.99859,-49.70319,-52.32281,-55.93208,-58.06675,-59.2534,-60.08523,-61.22161,-62.33691,-63.43113,-64.13771,-65.55615,-66.9696,-68.76868,-70.57859,-71.99239,-73.8154,-75.64867,-77.492,-79.34518,-81.208,-83.08026,-84.96174,-86.85224,-88.75153
162.9686,162.7371,162.4933,162.2371,161.9685,162.6675,162.3725,162.0651,161.7454,162.3858,162.0394,161.6807,162.2755,161.8899,162.4532,161.0817,162.5718,165.9467,171.1902,173.5432,172.0844,170.6181,168.205,166.7276,165.2437,163.7535,162.2572,162.6028,162.0089,162.3196,161.6975,161.9731,162.2291,162.4654,162.6817,162.8781,163.0542,163.21,163.3453,163.46
-25.81169,-27.23285,-28.65195,-30.06886,-31.48348,-33.09508,-34.51334,-35.92898,-37.34188,-38.98538,-40.40096,-41.81346,-43.4816,-44.89605,-46.58271,-47.71458,-49.70319,-52.32281,-55.62306,-58.06675,-59.2534,-60.41904,-61.22161,-62.33691,-63.43113,-64.50422,-65.55615,-67.35228,-68.76868,-70.57859,-71.99239,-73.8154,-75.64867,-77.492,-79.34518,-81.208,-83.08026,-84.96174,-86.85224,-88.75153
162.9686,162.7371,162.4933,162.2371,161.9685,161.6876,162.3725,162.0651,161.7454,161.4134,162.0394,161.6807,161.3096,161.8899,161.492,162.0405,161.6155,164.993,171.1902,172.5949,172.0844,169.6755,168.205,166.7276,165.2437,162.8231,162.2572,161.6789,162.0089,161.4026,162.6111,161.9731,162.2291,162.4654,162.6817,162.8781,163.0542,163.21,163.3453,163.46
-25.81169,-27.23285,-28.65195,-30.06886,-31.48348,-32.89571,-34.51334,-35.92898,-37.34188,-38.75193,-40.40096,-41.81346,-43.22278,-44.89605,-46.30708,-47.99859,-49.41082,-52.0221,-55.62306,-57.74945,-59.2534,-60.08523,-61.22161,-62.33691,-63.43113,-64.13771,-65.55615,-66.9696,-68.76868,-70.17984,-72.39912,-73.8154,-75.64867,-77.492,-79.34518,-81.208,-83.08026,-84.96174,-86.85224,-88.75153
162.9686,162.7371,162.4933,162.2371,161.9685,162.6675,162.3725,162.0651,161.7454,161.4134,162.0394,161.6807,161.3096,161.8899,161.492,161.0817,162.5718,164.993,171.1902,172.5949,172.0844,169.6755,168.205,166.7276,165.2437,162.8231,162.2572,161.6789,162.0089,162.3196,162.6111,161.9731,162.2291,162.4654,162.6817,162.8781,163.0542,163.21,163.3453,163.46
-25.81169,-27.23285,-28.65195,-30.06886,-31.48348,-33.09508,-34.51334,-35.92898,-37.34188,-38.75193,-40.40096,-41.81346,-43.22278,-44.89605,-46.30708,-47.71458,-49.70319,-52.0221,-55.62306,-57.74945,-59.2534,-60.08523,-61.22161,-62.33691,-63.43113,-64.13771,-65.55615,-66.9696,-68.76868,-70.57859,-72.39912,-73.8154,-75.64867,-77.492,-79.34518,-81.208,-83.08026,-84.96174,-86.85224,-88.75153
162.9686,162.7371,162.4933,162.2371,161.9685,161.6876,162.3725,162.0651,161.7454,161.4134,162.0394,161.6807,161.3096,161.8899,161.492,161.0817,162.5718,164.993,171.1902,173.5432,172.0844,169.6755,168.205,166.7276,165.2437,162.8231,162.2572,161.6789,162.0089,162.3196,161.6975,161.9731,162.2291,162.4654,162.6817,162.8781,163.0542,163.21,163.3453,163.46
-25.81169,-27.23285,-28.65195,-30.06886,-31.48348,-32.89571,-34.51334,-35.92898,-37.34188,-38.75193,-40.40096,-41.81346,-43.22278,-44.89605,-46.30708,-47.71458,-49.70319,-52.0221,-55.62306,-58.06675,-59.2534,-60.08523,-61.22161,-62.33691,-63.43113,-64.13771,-65.55615,-66.9696,-68.76868,-70.57859,-71.99239,-73.8154,-75.64867,-77.492,-79.34518,-81.208,-83.08026,-84.96174,-86.85224,-88.75153
162.9686,162.7371,162.4933,162.2371,161.9685,162.6675,162.3725,162.0651,161.7454,161.4134,162.0394,161.6807,162.2755,161.8899,161.492,161.0817,162.5718,164.993,171.1902,173.5432,171.1389,169.6755,169.1447,166.7276,165.2437,162.8231,161.33,161.6789,162.0089,162.3196,162.6111,161.9731,162.2291,162.4654,162.6817,162.8781,163.0542,163.21,163.3453,164.3388
-25.81169,-27.23285,-28.65195,-30.06886,-31.48348,-33.09508,-34.51334,-35.92898,-37.34188,-38.75193,-40.40096,-41.81346,-43.4816,-44.89605,-46.30708,-47.71458,-49.70319,-52.0221,-55.62306,-58.06675,-58.92784,-60.08523,-61.56363,-62.33691,-63.43113,-64.13771,-65.18155,-66.9696,-68.76868,-70.57859,-72.39912,-73.8154,-75.64867,-77.492,-79.34518,-81.208,-83.08026,-84.96174,-86.85224,-89.22869
162.9686,162.7371,162.4933,162.2371,161.9685,162.6675,162.3725,162.0651,161.7454,161.4134,162.0394,161.6807,161.3096,160.9263,161.492,161.0817,161.6155,165.9467,171.1902,172.5949,172.0844,169.6755,168.205,166.7276,165.2437,162.8231,161.33,161.6789,162.0089,162.3196,162.6111,161.9731,162.2291,162.4654,162.6817,163.773,163.0542,163.21,163.3453,163.46
-25.81169,-27.23285,-28.65195,-30.06886,-31.48348,-33.09508,-34.51334,-35.92898,-37.34188,-38.75193,-40.40096,-41.81346,-43.22278,-44.62881,-46.30708,-47.71458,-49.41082,-52.32281,-55.62306,-57.74945,-59.2534,-60.08523,-61.22161,-62.33691,-63.43113,-64.13771,-65.18155,-66.9696,-68.76868,-70.57859,-72.39912,-73.8154,-75.64867,-77.492,-79.34518,-81.6542,-83.08026,-84.96174,-86.85224,-88.75153
162.9686,162.7371,162.4933,162.2371,161.9685,161.6876,162.3725,162.0651,161.7454,162.3858,162.0394,161.6807,161.3096,161.8899,161.492,161.0817,162.5718,165.9467,172.1412,173.5432,171.1389,169.6755,168.205,166.7276,165.2437,162.8231,162.2572,161.6789,162.0089,162.3196,162.6111,161.9731,162.2291,162.4654,162.6817,162.8781,163.0542,163.21,163.3453,163.46
-25.81169,-27.23285,-28.65195,-30.06886,-31.48348,-32.89571,-34.51334,-35.92898,-37.34188,-38.98538,-40.40096,-41.81346,-43.22278,-44.89605,-46.30708,-47.71458,-49.70319,-52.32281,-55.93208,-58.06675,-58.92784,-60.08523,-61.22161,-62.33691,-63.43113,-64.13771,-65.55615,-66.9696,-68.76868,-70.57859,-72.39912,-73.8154,-75.64867,-77.492,-79.34518,-81.208,-83.08026,-84.96174,-86.85224,-88.75153
162.9686,162.7371,162.4933,162.2371,161.9685,162.6675,162.3725,162.0651,161.7454,161.4134,162.0394,161.6807,161.3096,161.8899,161.492,161.0817,162.5718,165.9467,171.1902,173.5432,172.0844,169.6755,168.205,166.7276,164.3102,162.8231,162.2572,161.6789,162.0089,162.3196,161.6975,161.9731,163.1354,162.4654,162.6817,162.8781,163.0542,163.21,163.3453,163.46
-25.81169,-27.23285,-28.65195,-30.06886,-31.48348,-33.09508,-34.51334,-35.92898,-37.34188,-38.75193,-40.40096,-41.81346,-43.22278,-44.89605,-46.30708,-47.71458,-49.70319,-52.32281,-55.62306,-58.06675,-59.2534,-60.08523,-61.22161,-62.33691,-63.07276,-64.13771,-65.55615,-66.9696,-68.76868,-70.57859,-71.99239,-73.8154,-76.07129,-77.492,-79.34518,-81.208,-83.08026,-84.96174,-86.85224,-88.75153
162.9686,162.7371,162.4933,162.2371,161.9685,162.6675,162.3725,162.0651,161.7454,161.4134,162.0394,161.6807,161.3096,161.8899,161.492,162.0405,162.5718,164.993,172.1412,173.5432,171.1389,169.6755,168.205,166.7276,164.3102,162.8231,162.2572,161.6789,162.0089,161.4026,162.6111,161.9731,162.2291,162.4654,162.6817,162.8781,163.0542,163.21,163.3453,163.46
-25.81169,-27.23285,-28.65195,-30.06886,-31.48348,-33.09508,-34.51334,-35.92898,-37.34188,-38.75193,-40.40096,-41.81346,-43.22278,-44.89605,-46.30708,-47.99859,-49.70319,-52.0221,-55.93208,-58.06675,-58.92784,-60.08523,-61.22161,-62.33691,-63.07276,-64.13771,-65.55615,-66.9696,-68.76868,-70.17984,-72.39912,-73.8154,-75.64867,-77.492,-79.34518,-81.208,-83.08026,-84.96174,-86.85224,-88.75153
162.9686,162.7371,162.4933,162.2371,161.9685,161.6876,162.3725,162.0651,161.7454,161.4134,162.0394,161.6807,161.3096,161.8899,161.492,162.0405,162.5718,164.993,172.1412,172.5949,171.1389,169.6755,168.205,166.7276,165.2437,162.8231,161.33,161.6789,162.0089,161.4026,161.6975,162.8831,162.2291,162.4654,163.5805,162.8781,163.0542,163.21,163.3453,164.3388
-25.81169,-27.23285,-28.65195,-30.06886,-31.48348,-32.89571,-34.51334,-35.92898,-37.34188,-38.75193,-40.40096,-41.81346,-43.22278,-44.89605,-46.30708,-47.99859,-49.70319,-52.0221,-55.93208,-57.74945,-58.92784,-60.08523,-61.22161,-62.33691,-63.43113,-64.13771,-65.18155,-66.9696,-68.76868,-70.17984,-71.99239,-74.23009,-75.64867,-77.492,-79.78355,-81.208,-83.08026,-84.96174,-86.85224,-89.22869
162.9686,162.7371,163.4781,162.2371,162.9501,161.6876,162.3725,162.0651,161.7454,162.3858,162.0394,162.6488,161.3096,160.9263,161.492,161.0817,161.6155,164.993,171.1902,172.5949,172.0844,169.6755,168.205,166.7276,164.3102,162.8231,162.2572,161.6789,162.0089,162.3196,162.6111,162.8831,162.2291,162.4654,163.5805,162.8781,163.0542,164.097,163.3453,163.46
-25.81169,-27.23285,-28.8256,-30.06886,-31.67429,-32.89571,-34.51334,-35.92898,-37.34188,-38.98538,-40.40096,-42.06384,-43.22278,-44.62881,-46.30708,-47.71458,-49.41082,-52.0221,-55.62306,-57.74945,-59.2534,-60.08523,-61.22161,-62.33691,-63.07276,-64.13771,-65.55615,-66.9696,-68.76868,-70.57859,-72.39912,-74.23009,-75.64867,-77.492,-79.78355,-81.208,-83.08026,-85.42349,-86.85224,-88.75153
162.9686,162.7371,162.4933,162.2371,161.9685,161.6876,162.3725,162.0651,161.7454,161.4134,162.0394,161.6807,161.3096,161.8899,161.492,161.0817,162.5718,164.993,172.1412,173.5432,171.1389,169.6755,168.205,166.7276,165.2437,162.8231,162.2572,161.6789,162.0089,161.4026,162.6111,161.9731,162.2291,162.4654,162.6817,162.8781,163.0542,163.21,163.3453,163.46
-25.81169,-27.23285,-28.65195,-30.06886,-31.48348,-32.89571,-34.51334,-35.92898,-37.34188,-38.75193,-40.40096,-41.81346,-43.22278,-44.89605,-46.30708,-47.71458,-49.70319,-52.0221,-55.93208,-58.06675,-58.92784,-60.08523,-61.22161,-62.33691,-63.43113,-64.13771,-65.55615,-66.9696,-68.76868,-70.17984,-72.39912,-73.8154,-75.64867,-77.492,-79.34518,-81.208,-83.08026,-84.96174,-86.85224,-88.75153
162.9686,162.7371,162.4933,162.2371,161.9685,162.6675,161.3944,162.0651,161.7454,162.3858,162.0394,161.6807,161.3096,161.8899,161.492,161.0817,161.6155,164.993,171.1902,172.5949,171.1389,170.6181,168.205,166.7276,165.2437,162.8231,162.2572,161.6789,161.0883,162.3196,161.6975,161.9731,162.2291,162.4654,162.6817,162.8781,163.0542,163.21,163.3453,163.46
-25.81169,-27.23285,-28.65195,-30.06886,-31.48348,-33.09508,-34.30543,-35.92898,-37.34188,-38.98538,-40.40096,-41.81346,-43.22278,-44.89605,-46.30708,-47.71458,-49.41082,-52.0221,-55.62306,-57.74945,-58.92784,-60.41904,-61.22161,-62.33691,-63.43113,-64.13771,-65.55615,-66.9696,-68.37795,-70.57859,-71.99239,-73.8154,-75.64867,-77.492,-79.34518,-81.208,-83.08026,-84.96174,-86.85224,-88.75153
162.9686,162.7371,162.4933,162.2371,161.9685,161.6876,162.3725,162.0651,161.7454,161.4134,162.0394,161.6807,161.3096,161.8899,161.492,161.0817,162.5718,165.9467,171.1902,173.5432,171.1389,169.6755,168.205,166.7276,165.2437,162.8231,161.33,161.6789,162.0089,161.4026,162.6111,161.9731,162.2291,162.4654,162.6817,162.8781,163.0542,163.21,163.3453,163.46
-25.81169,-27.23285,-28.65195,-30.06886,-31.48348,-32.89571,-34.51334,-35.92898,-37.34188,-38.75193,-40.40096,-41.81346,-43.22278,-44.89605,-46.30708,-47.71458,-49.70319,-52.32281,-55.62306,-58.06675,-58.92784,-60.08523,-61.22161,-62.33691,-63.43113,-64.13771,-65.18155,-66.9696,-68.76868,-70.17984,-72.39912,-73.8154,-75.64867,-77.492,-79.34518,-81.208,-83.08026,-84.96174,-86.85224,-88.75153
162.9686,162.7371,162.4933,162.2371,161.9685,161.6876,162.3725,162.0651,161.7454,161.4134,162.0394,161.6807,161.3096,161.8899,161.492,161.0817,162.5718,164.993,172.1412,172.5949,171.1389,169.6755,168.205,166.7276,165.2437,162.8231,162.2572,161.6789,162.0089,161.4026,161.6975,162.8831,162.2291,162.4654,162.6817,162.8781,163.0542,163.21,163.3453,164.3388
-25.81169,-27.23285,-28.65195,-30.06886,-31.48348,-32.89571,-34.51334,-35.92898,-37.34188,-38.75193,-40.40096,-41.81346,-43.22278,-44.89605,-46.30708,-47.71458,-49.70319,-52.0221,-55.93208,-57.74945,-58.92784,-60.08523,-61.22161,-62.33691,-63.43113,-64.13771,-65.55615,-66.9696,-68.76868,-70.17984,-71.99239,-74.23009,-75.64867,-77.492,-79.34518,-81.208,-83.08026,-84.96174,-86.85224,-89.22869
162.9686,162.7371,162.4933,162.2371,161.9685,161.6876,162.3725,162.0651,161.7454,162.3858,162.0394,161.6807,162.2755,161.8899,161.492,161.0817,162.5718,164.993,171.1902,173.5432,172.0844,169.6755,168.205,166.7276,165.2437,162.8231,162.2572,161.6789,162.0089,162.3196,161.6975,161.9731,163.1354,162.4654,162.6817,162.8781,163.0542,163.21,163.3453,163.46
-25.81169,-27.23285,-28.65195,-30.06886,-31.48348,-32.89571,-34.51334,-35.92898,-37.34188,-38.98538,-40.40096,-41.81346,-43.4816,-44.89605,-46.30708,-47.71458,-49.70319,-52.0221,-55.62306,-58.06675,-59.2534,-60.08523,-61.22161,-62.33691,-63.43113,-64.13771,-65.55615,-66.9696,-68.76868,-70.57859,-71.99239,-73.8154,-76.07129,-77.492,-79.34518,-81.208,-83.08026,-84.96174,-86.85224,-88.75153
162.9686,162.7371,162.4933,163.2203,161.9685,161.6876,162.3725,162.0651,161.7454,161.4134,162.0394,161.6807,161.3096,161.8899,161.492,162.0405,161.6155,165.9467,171.1902,173.5432,172.0844,169.6755,168.205,166.7276,165.2437,162.8231,162.2572,161.6789,161.0883,162.3196,161.6975,161.9731,162.2291,162.4654,162.6817,162.8781,163.0542,163.21,163.3453,164.3388
-25.81169,-27.23285,-28.65195,-30.2511,-31.48348,-32.89571,-34.51334,-35.92898,-37.34188,-38.75193,-40.40096,-41.81346,-43.22278,-44.89605,-46.30708,-47.99859,-49.41082,-52.32281,-55.62306,-58.06675,-59.2534,-60.08523,-61.22161,-62.33691,-63.43113,-64.13771,-65.55615,-66.9696,-68.37795,-70.57859,-71.99239,-73.8154,-75.64867,-77.492,-79.34518,-81.208,-83.08026,-84.96174,-86.85224,-89.22869
162.9686,162.7371,162.4933,162.2371,161.9685,162.6675,162.3725,162.0651,161.7454,161.4134,162.0394,161.6807,161.3096,161.8899,161.492,162.0405,162.5718,165.9467,171.1902,172.5949,172.0844,170.6181,168.205,166.7276,165.2437,162.8231,162.2572,161.6789,162.0089,161.4026,162.6111,162.8831,162.2291,163.3679,162.6817,162.8781,163.0542,163.21,163.3453,163.46
-25.81169,-27.23285,-28.65195,-30.06886,-31.48348,-33.09508,-34.51334,-35.92898,-37.34188,-38.75193,-40.40096,-41.81346,-43.22278,-44.89605,-46.30708,-47.99859,-49.70319,-52.32281,-55.62306,-57.74945,-59.2534,-60.41904,-61.22161,-62.33691,-63.43113,-64.13771,-65.55615,-66.9696,-68.76868,-70.17984,-72.39912,-74.23009,-75.64867,-77.92251,-79.34518,-81.208,-83.08026,-84.96174,-86.85224,-88.75153
162.9686,162.7371,162.4933,162.2371,161.9685,161.6876,162.3725,162.0651,161.7454,161.4134,162.0394,161.6807,161.3096,161.8899,161.492,161.0817,162.5718,165.9467,171.1902,172.5949,172.0844,169.6755,168.205,166.7276,165.2437,162.8231,162.2572,161.6789,162.0089,161.4026,162.6111,162.8831,163.1354,162.4654,162.6817,162.8781,163.0542,163.21,163.3453,164.3388
-25.81169,-27.23285,-28.65195,-30.06886,-31.48348,-32.89571,-34.51334,-35.92898,-37.34188,-38.75193,-40.40096,-41.81346,-43.22278,-44.89605,-46.30708,-47.71458,-49.70319,-52.32281,-55.62306,-57.74945,-59.2534,-60.08523,-61.22161,-62.33691,-63.43113,-64.13771,-65.55615,-66.9696,-68.76868,-70.17984,-72.39912,-74.23009,-76.07129,-77.492,-79.34518,-81.208,-83.08026,-84.96174,-86.85224,-89.22869
162.9686,162.7371,162.4933,162.2371,161.9685,161.6876,161.3944,162.0651,161.7454,161.4134,162.0394,161.6807,161.3096,161.8899,161.492,161.0817,162.5718,165.9467,171.1902,173.5432,172.0844,169.6755,168.205,166.7276,165.2437,162.8231,161.33,161.6789,162.0089,162.3196,161.6975,162.8831,163.1354,162.4654,162.6817,162.8781,163.0542,163.21,163.3453,164.3388
-25.81169,-27.23285,-28.65195,-30.06886,-31.48348,-32.89571,-34.30543,-35.92898,-37.34188,-38.75193,-40.40096,-41.81346,-43.22278,-44.89605,-46.30708,-47.71458,-49.70319,-52.32281,-55.62306,-58.06675,-59.2534,-60.08523,-61.22161,-62.33691,-63.43113,-64.13771,-65.18155,-66.9696,-68.76868,-70.57859,-71.99239,-74.23009,-76.07129,-77.492,-79.34518,-81.208,-83.08026,-84.96174,-86.85224,-89.22869
162.9686,162.7371,162.4933,162.2371,161.9685,162.6675,162.3725,162.0651,161.7454,161.4134,162.0394,161.6807,161.3096,161.8899,161.492,162.0405,162.5718,164.993,171.1902,172.5949,171.1389,169.6755,168.205,166.7276,165.2437,162.8231,162.2572,161.6789,162.0089,162.3196,161.6975,162.8831,162.2291,162.4654,162.6817,162.8781,163.0542,163.21,163.3453,163.46
-25.81169,-27.23285,-28.65195,-30.06886,-31.48348,-33.09508,-34.51334,-35.92898,-37.34188,-38.75193,-40.40096,-41.81346,-43.22278,-44.89605,-46.30708,-47.99859,-49.70319,-52.0221,-55.62306,-57.74945,-58.92784,-60.08523,-61.22161,-62.33691,-63.43113,-64.13771,-65.55615,-66.9696,-68.76868,-70.57859,-71.99239,-74.23009,-75.64867,-77.492,-79.34518,-81.208,-83.08026,-84.96174,-86.85224,-88.75153
162.9686,162.7371,162.4933,163.2203,161.9685,162.6675,162.3725,162.0651,161.7454,161.4134,162.0394,161.6807,161.3096,161.8899,161.492,162.0405,162.5718,164.993,171.1902,173.5432,172.0844,170.6181,169.1447,166.7276,165.2437,162.8231,162.2572,161.6789,162.0089,162.3196,161.6975,161.9731,162.2291,162.4654,163.5805,162.8781,163.0542,163.21,163.3453,163.46
-25.81169,-27.23285,-28.65195,-30.2511,-31.48348,-33.09508,-34.51334,-35.92898,-37.34188,-38.75193,-40.40096,-41.81346,-43.22278,-44.89605,-46.30708,-47.99859,-49.70319,-52.0221,-55.62306,-58.06675,-59.2534,-60.41904,-61.56363,-62.33691,-63.43113,-64.13771,-65.55615,-66.9696,-68.76868,-70.57859,-71.99239,-73.8154,-75.64867,-77.492,-79.78355,-81.208,-83.08026,-84.96174,-86.85224,-88.75153
162.9686,162.7371,162.4933,162.2371,161.9685,162.6675,162.3725,162.0651,161.7454,161.4134,162.0394,161.6807,161.3096,161.8899,161.492,162.0405,162.5718,164.993,171.1902,173.5432,171.1389,170.6181,168.205,166.7276,164.3102,162.8231,161.33,161.6789,161.0883,161.4026,161.6975,161.9731,162.2291,162.4654,162.6817,162.8781,163.0542,163.21,163.3453,164.3388
-25.81169,-27.23285,-28.65195,-30.06886,-31.48348,-33.09508,-34.51334,-35.92898,-37.34188,-38.75193,-40.40096,-41.81346,-43.22278,-44.89605,-46.30708,-47.99859,-49.70319,-52.0221,-55.62306,-58.06675,-58.92784,-60.41904,-61.22161,-62.33691,-63.07276,-64.13771,-65.18155,-66.9696,-68.37795,-70.17984,-71.99239,-73.8154,-75.64867,-77.492,-79.34518,-81.208,-83.08026,-84.96174,-86.85224,-89.22869
162.9686,162.7371,162.4933,162.2371,162.9501,161.6876,162.3725,162.0651,161.7454,161.4134,162.0394,161.6807,161.3096,160.9263,161.492,162.0405,162.5718,165.9467,171.1902,173.5432,172.0844,169.6755,168.205,166.7276,164.3102,162.8231,162.2572,161.6789,162.0089,161.4026,161.6975,162.8831,162.2291,162.4654,162.6817,162.8781,163.0542,163.21,163.3453,163.46
-25.81169,-27.23285,-28.65195,-30.06886,-31.67429,-32.89571,-34.51334,-35.92898,-37.34188,-38.75193,-40.40096,-41.81346,-43.22278,-44.62881,-46.30708,-47.99859,-49.70319,-52.32281,-55.62306,-58.06675,-59.2534,-60.08523,-61.22161,-62.33691,-63.07276,-64.13771,-65.55615,-66.9696,-68.76868,-70.17984,-71.99239,-74.23009,-75.64867,-77.492,-79.34518,-81.208,-83.08026,-84.96174,-86.85224,-88.75153
162.9686,162.7371,162.4933,162.2371,161.9685,162.6675,162.3725,162.0651,161.7454,162.3858,161.0691,161.6807,161.3096,161.8899,160.5307,161.0817,161.6155,164.993,171.1902,173.5432,171.1389,169.6755,168.205,166.7276,164.3102,162.8231,161.33,161.6789,162.0089,162.3196,162.6111,161.9731,162.2291,162.4654,162.6817,162.8781,163.0542,163.21,163.3453,163.46
-25.81169,-27.23285,-28.65195,-30.06886,-31.48348,-33.09508,-34.51334,-35.92898,-37.34188,-38.98538,-40.15903,-41.81346,-43.22278,-44.89605,-46.03144,-47.71458,-49.41082,-52.0221,-55.62306,-58.06675,-58.92784,-60.08523,-61.22161,-62.33691,-63.07276,-64.13771,-65.18155,-66.9696,-68.76868,-70.57859,-72.39912,-73.8154,-75.64867,-77.492,-79.34518,-81.208,-83.08026,-84.96174,-86.85224,-88.75153
