162.9686,164.7097,163.4781,163.2203,163.9317,163.6474,163.3506,163.0414,162.7198,163.3581,163.0097,162.6488,163.2415,161.8899,162.4532,162.9994,162.5718,165.9467,171.1902,172.5949,171.1389,170.6181,168.205,166.7276,165.2437,162.8231,162.2572,161.6789,162.0089,162.3196,162.6111,161.9731,163.1354,162.4654,162.6817,163.773,163.0542,163.21,163.3453,163.46
-25.81169,-27.56295,-28.8256,-30.2511,-31.8651,-33.29445,-34.72125,-36.14542,-37.56683,-39.21882,-40.64288,-42.06384,-43.74042,-44.89605,-46.58271,-48.28261,-49.70319,-52.32281,-55.62306,-57.74945,-58.92784,-60.41904,-61.22161,-62.33691,-63.43113,-64.13771,-65.55615,-66.9696,-68.76868,-70.57859,-72.39912,-73.8154,-76.07129,-77.492,-79.34518,-81.6542,-83.08026,-84.96174,-86.85224,-88.75153
162.9686,163.7234,163.4781,163.2203,162.9501,163.6474,163.3506,163.0414,162.7198,162.3858,163.0097,162.6488,162.2755,162.8535,162.4532,162.0405,162.5718,164.0393,172.1412,173.5432,171.1389,169.6755,169.1447,166.7276,165.2437,163.7535,162.2572,161.6789,162.0089,161.4026,161.6975,161.9731,162.2291,162.4654,162.6817,162.8781,163.9452,163.21,163.3453,163.46
-25.81169,-27.3979,-28.8256,-30.2511,-31.67429,-33.29445,-34.72125,-36.14542,-37.56683,-38.98538,-40.64288,-42.06384,-43.4816,-45.16329,-46.58271,-47.99859,-49.70319,-51.7214,-55.93208,-58.06675,-58.92784,-60.08523,-61.56363,-62.33691,-63.43113,-64.50422,-65.55615,-66.9696,-68.76868,-70.17984,-71.99239,-73.8154,-75.64867,-77.492,-79.34518,-81.208,-83.53425,-84.96174,-86.85224,-88.75153
161.9809,163.7234,163.4781,163.2203,162.9501,162.6675,163.3506,163.0414,162.7198,162.3858,163.0097,162.6488,162.2755,161.8899,162.4532,162.0405,162.5718,165.9467,170.2391,173.5432,171.1389,169.6755,168.205,166.7276,165.2437,163.7535,162.2572,161.6789,162.0089,162.3196,162.6111,161.9731,162.2291,162.4654,162.6817,162.8781,163.0542,163.21,163.3453,163.46
-25.65525,-27.3979,-28.8256,-30.2511,-31.67429,-33.09508,-34.72125,-36.14542,-37.56683,-38.98538,-40.64288,-42.06384,-43.4816,-44.89605,-46.58271,-47.99859,-49.70319,-52.32281,-55.31404,-58.06675,-58.92784,-60.08523,-61.22161,-62.33691,-63.43113,-64.50422,-65.55615,-66.9696,-68.76868,-70.57859,-72.39912,-73.8154,-75.64867,-77.492,-79.34518,-81.208,-83.08026,-84.96174,-86.85224,-88.75153
162.9686,163.7234,163.4781,163.2203,162.9501,163.6474,163.3506,163.0414,162.7198,162.3858,163.0097,162.6488,162.2755,162.8535,162.4532,162.9994,162.5718,164.0393,171.1902,173.5432,172.0844,169.6755,168.205,166.7276,164.3102,162.8231,162.2572,161.6789,162.0089,162.3196,162.6111,161.9731,163.1354,162.4654,162.6817,162.8781,163.0542,163.21,163.3453,164.3388
-25.81169,-27.3979,-28.8256,-30.2511,-31.67429,-33.29445,-34.72125,-36.14542,-37.56683,-38.98538,-40.64288,-42.06384,-43.4816,-45.16329,-46.58271,-48.28261,-49.70319,-51.7214,-55.62306,-58.06675,-59.2534,-60.08523,-61.22161,-62.33691,-63.07276,-64.13771,-65.55615,-66.9696,-68.76868,-70.57859,-72.39912,-73.8154,-76.07129,-77.492,-79.34518,-81.208,-83.08026,-84.96174,-86.85224,-89.22869
162.9686,163.7234,163.4781,163.2203,162.9501,162.6675,163.3506,163.0414,162.7198,162.3858,163.0097,162.6488,162.2755,162.8535,162.4532,162.0405,162.5718,165.9467,171.1902,173.5432,172.0844,169.6755,169.1447,166.7276,164.3102,162.8231,162.2572,161.6789,162.0089,162.3196,162.6111,162.8831,162.2291,162.4654,162.6817,162.8781,163.0542,163.21,163.3453,163.46
-25.81169,-27.3979,-28.8256,-30.2511,-31.67429,-33.09508,-34.72125,-36.14542,-37.56683,-38.98538,-40.64288,-42.06384,-43.4816,-45.16329,-46.58271,-47.99859,-49.70319,-52.32281,-55.62306,-58.06675,-59.2534,-60.08523,-61.56363,-62.33691,-63.07276,-64.13771,-65.55615,-66.9696,-68.76868,-70.57859,-72.39912,-74.23009,-75.64867,-77.492,-79.34518,-81.208,-83.08026,-84.96174,-86.85224,-88.75153
162.9686,163.7234,163.4781,163.2203,162.9501,163.6474,163.3506,163.0414,162.7198,163.3581,163.0097,162.6488,162.2755,162.8535,162.4532,162.0405,162.5718,165.9467,172.1412,173.5432,172.0844,169.6755,168.205,166.7276,165.2437,162.8231,162.2572,161.6789,162.0089,162.3196,161.6975,162.8831,163.1354,162.4654,162.6817,162.8781,163.0542,163.21,163.3453,163.46
-25.81169,-27.3979,-28.8256,-30.2511,-31.67429,-33.29445,-34.72125,-36.14542,-37.56683,-39.21882,-40.64288,-42.06384,-43.4816,-45.16329,-46.58271,-47.99859,-49.70319,-52.32281,-55.93208,-58.06675,-59.2534,-60.08523,-61.22161,-62.33691,-63.43113,-64.13771,-65.55615,-66.9696,-68.76868,-70.57859,-71.99239,-74.23009,-76.07129,-77.492,-79.34518,-81.208,-83.08026,-84.96174,-86.85224,-88.75153
162.9686,163.7234,163.4781,163.2203,162.9501,162.6675,163.3506,163.0414,162.7198,162.3858,163.0097,162.6488,163.2415,162.8535,162.4532,162.0405,162.5718,164.993,171.1902,173.5432,172.0844,170.6181,168.205,166.7276,165.2437,162.8231,162.2572,161.6789,161.0883,161.4026,162.6111,162.8831,162.2291,162.4654,162.6817,162.8781,163.0542,163.21,163.3453,163.46
-25.81169,-27.3979,-28.8256,-30.2511,-31.67429,-33.09508,-34.72125,-36.14542,-37.56683,-38.98538,-40.64288,-42.06384,-43.74042,-45.16329,-46.58271,-47.99859,-49.70319,-52.0221,-55.62306,-58.06675,-59.2534,-60.41904,-61.22161,-62.33691,-63.43113,-64.13771,-65.55615,-66.9696,-68.37795,-70.17984,-72.39912,-74.23009,-75.64867,-77.492,-79.34518,-81.208,-83.08026,-84.96174,-86.85224,-88.75153
162.9686,163.7234,163.4781,163.2203,162.9501,162.6675,163.3506,163.0414,162.7198,162.3858,163.0097,162.6488,162.2755,162.8535,162.4532,162.0405,162.5718,164.993,171.1902,173.5432,172.0844,169.6755,168.205,166.7276,165.2437,162.8231,161.33,161.6789,162.0089,161.4026,162.6111,162.8831,162.2291,162.4654,162.6817,162.8781,163.0542,163.21,163.3453,164.3388
-25.81169,-27.3979,-28.8256,-30.2511,-31.67429,-33.09508,-34.72125,-36.14542,-37.56683,-38.98538,-40.64288,-42.06384,-43.4816,-45.16329,-46.58271,-47.99859,-49.70319,-52.0221,-55.62306,-58.06675,-59.2534,-60.08523,-61.22161,-62.33691,-63.43113,-64.13771,-65.18155,-66.9696,-68.76868,-70.17984,-72.39912,-74.23009,-75.64867,-77.492,-79.34518,-81.208,-83.08026,-84.96174,-86.85224,-89.22869
162.9686,163.7234,163.4781,163.2203,162.9501,163.6474,163.3506,163.0414,162.7198,162.3858,163.0097,162.6488,162.2755,162.8535,162.4532,162.0405,162.5718,164.993,171.1902,173.5432,171.1389,169.6755,168.205,166.7276,165.2437,162.8231,162.2572,161.6789,162.0089,162.3196,162.6111,161.9731,162.2291,162.4654,162.6817,162.8781,163.0542,163.21,163.3453,163.46
-25.81169,-27.3979,-28.8256,-30.2511,-31.67429,-33.29445,-34.72125,-36.14542,-37.56683,-38.98538,-40.64288,-42.06384,-43.4816,-45.16329,-46.58271,-47.99859,-49.70319,-52.0221,-55.62306,-58.06675,-58.92784,-60.08523,-61.22161,-62.33691,-63.43113,-64.13771,-65.55615,-66.9696,-68.76868,-70.57859,-72.39912,-73.8154,-75.64867,-77.492,-79.34518,-81.208,-83.08026,-84.96174,-86.85224,-88.75153
162.9686,163.7234,163.4781,163.2203,162.9501,162.6675,163.3506,163.0414,162.7198,162.3858,163.0097,162.6488,162.2755,162.8535,162.4532,162.9994,162.5718,164.993,171.1902,173.5432,171.1389,169.6755,168.205,166.7276,165.2437,162.8231,162.2572,161.6789,161.0883,162.3196,162.6111,161.9731,162.2291,162.4654,162.6817,162.8781,163.0542,163.21,163.3453,163.46
-25.81169,-27.3979,-28.8256,-30.2511,-31.67429,-33.09508,-34.72125,-36.14542,-37.56683,-38.98538,-40.64288,-42.06384,-43.4816,-45.16329,-46.58271,-48.28261,-49.70319,-52.0221,-55.62306,-58.06675,-58.92784,-60.08523,-61.22161,-62.33691,-63.43113,-64.13771,-65.55615,-66.9696,-68.37795,-70.57859,-72.39912,-73.8154,-75.64867,-77.492,-79.34518,-81.208,-83.08026,-84.96174,-86.85224,-88.75153
162.9686,163.7234,163.4781,163.2203,162.9501,163.6474,163.3506,163.0414,162.7198,163.3581,163.0097,162.6488,163.2415,162.8535,162.4532,162.0405,162.5718,164.993,171.1902,173.5432,171.1389,169.6755,168.205,166.7276,165.2437,162.8231,162.2572,161.6789,162.0089,162.3196,161.6975,161.9731,163.1354,162.4654,162.6817,162.8781,163.0542,163.21,163.3453,164.3388
-25.81169,-27.3979,-28.8256,-30.2511,-31.67429,-33.29445,-34.72125,-36.14542,-37.56683,-39.21882,-40.64288,-42.06384,-43.74042,-45.16329,-46.58271,-47.99859,-49.70319,-52.0221,-55.62306,-58.06675,-58.92784,-60.08523,-61.22161,-62.33691,-63.43113,-64.13771,-65.55615,-66.9696,-68.76868,-70.57859,-71.99239,-73.8154,-76.07129,-77.492,-79.34518,-81.208,-83.08026,-84.96174,-86.85224,-89.22869
162.9686,163.7234,163.4781,163.2203,162.9501,162.6675,163.3506,163.0414,162.7198,162.3858,163.0097,162.6488,162.2755,162.8535,162.4532,162.0405,162.5718,164.993,171.1902,173.5432,172.0844,169.6755,168.205,166.7276,165.2437,162.8231,162.2572,161.6789,162.0089,162.3196,162.6111,161.9731,162.2291,162.4654,162.6817,162.8781,163.0542,163.21,163.3453,163.46
-25.81169,-27.3979,-28.8256,-30.2511,-31.67429,-33.09508,-34.72125,-36.14542,-37.56683,-38.98538,-40.64288,-42.06384,-43.4816,-45.16329,-46.58271,-47.99859,-49.70319,-52.0221,-55.62306,-58.06675,-59.2534,-60.08523,-61.22161,-62.33691,-63.43113,-64.13771,-65.55615,-66.9696,-68.76868,-70.57859,-72.39912,-73.8154,-75.64867,-77.492,-79.34518,-81.208,-83.08026,-84.96174,-86.85224,-88.75153
162.9686,163.7234,163.4781,163.2203,162.9501,163.6474,163.3506,163.0414,162.7198,162.3858,163.0097,162.6488,162.2755,162.8535,162.4532,162.0405,162.5718,164.993,171.1902,173.5432,171.1389,169.6755,168.205,166.7276,165.2437,162.8231,162.2572,161.6789,162.0089,162.3196,162.6111,161.9731,162.2291,162.4654,162.6817,162.8781,163.0542,163.21,163.3453,163.46
-25.81169,-27.3979,-28.8256,-30.2511,-31.67429,-33.29445,-34.72125,-36.14542,-37.56683,-38.98538,-40.64288,-42.06384,-43.4816,-45.16329,-46.58271,-47.99859,-49.70319,-52.0221,-55.62306,-58.06675,-58.92784,-60.08523,-61.22161,-62.33691,-63.43113,-64.13771,-65.55615,-66.9696,-68.76868,-70.57859,-72.39912,-73.8154,-75.64867,-77.492,-79.34518,-81.208,-83.08026,-84.96174,-86.85224,-88.75153
163.9563,163.7234,163.4781,163.2203,162.9501,163.6474,162.3725,162.0651,162.7198,163.3581,163.0097,162.6488,163.2415,162.8535,162.4532,162.0405,161.6155,165.9467,171.1902,172.5949,171.1389,169.6755,168.205,166.7276,165.2437,162.8231,162.2572,161.6789,162.0089,161.4026,162.6111,161.9731,162.2291,162.4654,162.6817,163.773,163.0542,163.21,163.3453,163.46
-25.96812,-27.3979,-28.8256,-30.2511,-31.67429,-33.29445,-34.51334,-35.92898,-37.56683,-39.21882,-40.64288,-42.06384,-43.74042,-45.16329,-46.58271,-47.99859,-49.41082,-52.32281,-55.62306,-57.74945,-58.92784,-60.08523,-61.22161,-62.33691,-63.43113,-64.13771,-65.55615,-66.9696,-68.76868,-70.17984,-72.39912,-73.8154,-75.64867,-77.492,-79.34518,-81.6542,-83.08026,-84.96174,-86.85224,-88.75153
162.9686,163.7234,164.4629,163.2203,162.9501,163.6474,163.3506,163.0414,162.7198,163.3581,163.0097,162.6488,162.2755,162.8535,162.4532,162.9994,162.5718,164.993,171.1902,173.5432,172.0844,169.6755,168.205,166.7276,165.2437,162.8231,162.2572,161.6789,161.0883,162.3196,161.6975,161.9731,163.1354,162.4654,162.6817,163.773,163.9452,163.21,163.3453,163.46
-25.81169,-27.3979,-28.99925,-30.2511,-31.67429,-33.29445,-34.72125,-36.14542,-37.56683,-39.21882,-40.64288,-42.06384,-43.4816,-45.16329,-46.58271,-48.28261,-49.70319,-52.0221,-55.62306,-58.06675,-59.2534,-60.08523,-61.22161,-62.33691,-63.43113,-64.13771,-65.55615,-66.9696,-68.37795,-70.57859,-71.99239,-73.8154,-76.07129,-77.492,-79.34518,-81.6542,-83.53425,-84.96174,-86.85224,-88.75153
162.9686,163.7234,163.4781,163.2203,162.9501,163.6474,163.3506,163.0414,162.7198,162.3858,163.0097,162.6488,162.2755,162.8535,162.4532,162.0405,162.5718,165.9467,171.1902,173.5432,171.1389,170.6181,168.205,165.791,164.3102,162.8231,162.2572,161.6789,162.0089,161.4026,162.6111,162.8831,163.1354,162.4654,162.6817,162.8781,163.9452,163.21,163.3453,164.3388
-25.81169,-27.3979,-28.8256,-30.2511,-31.67429,-33.29445,-34.72125,-36.14542,-37.56683,-38.98538,-40.64288,-42.06384,-43.4816,-45.16329,-46.58271,-47.99859,-49.70319,-52.32281,-55.62306,-58.06675,-58.92784,-60.41904,-61.22161,-61.98671,-63.07276,-64.13771,-65.55615,-66.9696,-68.76868,-70.17984,-72.39912,-74.23009,-76.07129,-77.492,-79.34518,-81.208,-83.53425,-84.96174,-86.85224,-89.22869
162.9686,163.7234,163.4781,163.2203,162.9501,163.6474,162.3725,163.0414,162.7198,163.3581,163.0097,162.6488,163.2415,162.8535,162.4532,162.9994,162.5718,164.993,171.1902,173.5432,172.0844,170.6181,168.205,166.7276,165.2437,162.8231,162.2572,161.6789,162.0089,162.3196,161.6975,162.8831,162.2291,162.4654,162.6817,162.8781,163.0542,164.097,163.3453,163.46
-25.81169,-27.3979,-28.8256,-30.2511,-31.67429,-33.29445,-34.51334,-36.14542,-37.56683,-39.21882,-40.64288,-42.06384,-43.74042,-45.16329,-46.58271,-48.28261,-49.70319,-52.0221,-55.62306,-58.06675,-59.2534,-60.41904,-61.22161,-62.33691,-63.43113,-64.13771,-65.55615,-66.9696,-68.76868,-70.57859,-71.99239,-74.23009,-75.64867,-77.492,-79.34518,-81.208,-83.08026,-85.42349,-86.85224,-88.75153
162.9686,163.7234,163.4781,163.2203,163.9317,162.6675,163.3506,163.0414,162.7198,162.3858,163.0097,162.6488,162.2755,162.8535,162.4532,162.9994,162.5718,165.9467,171.1902,173.5432,172.0844,169.6755,168.205,166.7276,165.2437,162.8231,162.2572,161.6789,162.0089,162.3196,161.6975,162.8831,162.2291,162.4654,162.6817,162.8781,163.9452,163.21,163.3453,163.46
-25.81169,-27.3979,-28.8256,-30.2511,-31.8651,-33.09508,-34.72125,-36.14542,-37.56683,-38.98538,-40.64288,-42.06384,-43.4816,-45.16329,-46.58271,-48.28261,-49.70319,-52.32281,-55.62306,-58.06675,-59.2534,-60.08523,-61.22161,-62.33691,-63.43113,-64.13771,-65.55615,-66.9696,-68.76868,-70.57859,-71.99239,-74.23009,-75.64867,-77.492,-79.34518,-81.208,-83.53425,-84.96174,-86.85224,-88.75153
162.9686,163.7234,163.4781,163.2203,162.9501,163.6474,163.3506,163.0414,162.7198,162.3858,163.0097,162.6488,162.2755,162.8535,162.4532,162.9994,162.5718,164.993,172.1412,172.5949,172.0844,169.6755,168.205,166.7276,164.3102,162.8231,162.2572,161.6789,162.0089,162.3196,162.6111,162.8831,163.1354,162.4654,163.5805,162.8781,163.0542,163.21,163.3453,163.46
-25.81169,-27.3979,-28.8256,-30.2511,-31.67429,-33.29445,-34.72125,-36.14542,-37.56683,-38.98538,-40.64288,-42.06384,-43.4816,-45.16329,-46.58271,-48.28261,-49.70319,-52.0221,-55.93208,-57.74945,-59.2534,-60.08523,-61.22161,-62.33691,-63.07276,-64.13771,-65.55615,-66.9696,-68.76868,-70.57859,-72.39912,-74.23009,-76.07129,-77.492,-79.78355,-81.208,-83.08026,-84.96174,-86.85224,-88.75153
162.9686,163.7234,163.4781,163.2203,163.9317,162.6675,163.3506,163.0414,162.7198,163.3581,163.0097,162.6488,162.2755,162.8535,162.4532,162.9994,162.5718,165.9467,171.1902,173.5432,171.1389,169.6755,168.205,166.7276,165.2437,162.8231,162.2572,161.6789,162.0089,162.3196,162.6111,161.9731,162.2291,162.4654,162.6817,162.8781,163.0542,163.21,163.3453,163.46
-25.81169,-27.3979,-28.8256,-30.2511,-31.8651,-33.09508,-34.72125,-36.14542,-37.56683,-39.21882,-40.64288,-42.06384,-43.4816,-45.16329,-46.58271,-48.28261,-49.70319,-52.32281,-55.62306,-58.06675,-58.92784,-60.08523,-61.22161,-62.33691,-63.43113,-64.13771,-65.55615,-66.9696,-68.76868,-70.57859,-72.39912,-73.8154,-75.64867,-77.492,-79.34518,-81.208,-83.08026,-84.96174,-86.85224,-88.75153
162.9686,163.7234,163.4781,163.2203,162.9501,163.6474,163.3506,163.0414,162.7198,163.3581,163.0097,162.6488,162.2755,161.8899,162.4532,162.0405,162.5718,164.993,171.1902,173.5432,172.0844,169.6755,168.205,166.7276,164.3102,162.8231,162.2572,161.6789,162.0089,162.3196,161.6975,161.9731,162.2291,162.4654,162.6817,162.8781,163.0542,163.21,163.3453,163.46
-25.81169,-27.3979,-28.8256,-30.2511,-31.67429,-33.29445,-34.72125,-36.14542,-37.56683,-39.21882,-40.64288,-42.06384,-43.4816,-44.89605,-46.58271,-47.99859,-49.70319,-52.0221,-55.62306,-58.06675,-59.2534,-60.08523,-61.22161,-62.33691,-63.07276,-64.13771,-65.55615,-66.9696,-68.76868,-70.57859,-71.99239,-73.8154,-75.64867,-77.492,-79.34518,-81.208,-83.08026,-84.96174,-86.85224,-88.75153
162.9686,163.7234,163.4781,163.2203,162.9501,163.6474,163.3506,163.0414,162.7198,162.3858,163.0097,162.6488,162.2755,162.8535,162.4532,162.0405,162.5718,164.0393,171.1902,172.5949,172.0844,169.6755,168.205,166.7276,165.2437,162.8231,162.2572,161.6789,161.0883,162.3196,161.6975,162.8831,163.1354,162.4654,162.6817,162.8781,163.0542,163.21,163.3453,164.3388
-25.81169,-27.3979,-28.8256,-30.2511,-31.67429,-33.29445,-34.72125,-36.14542,-37.56683,-38.98538,-40.64288,-42.06384,-43.4816,-45.16329,-46.58271,-47.99859,-49.70319,-51.7214,-55.62306,-57.74945,-59.2534,-60.08523,-61.22161,-62.33691,-63.43113,-64.13771,-65.55615,-66.9696,-68.37795,-70.57859,-71.99239,-74.23009,-76.07129,-77.492,-79.34518,-81.208,-83.08026,-84.96174,-86.85224,-89.22869
161.9809,163.7234,163.4781,163.2203,162.9501,162.6675,163.3506,163.0414,162.7198,162.3858,163.0097,162.6488,162.2755,162.8535,162.4532,162.9994,162.5718,165.9467,171.1902,173.5432,171.1389,169.6755,168.205,166.7276,165.2437,162.8231,161.33,161.6789,161.0883,162.3196,161.6975,161.9731,162.2291,162.4654,162.6817,162.8781,163.0542,163.21,163.3453,163.46
-25.65525,-27.3979,-28.8256,-30.2511,-31.67429,-33.09508,-34.72125,-36.14542,-37.56683,-38.98538,-40.64288,-42.06384,-43.4816,-45.16329,-46.58271,-48.28261,-49.70319,-52.32281,-55.62306,-58.06675,-58.92784,-60.08523,-61.22161,-62.33691,-63.43113,-64.13771,-65.18155,-66.9696,-68.37795,-70.57859,-71.99239,-73.8154,-75.64867,-77.492,-79.34518,-81.208,-83.08026,-84.96174,-86.85224,-88.75153
162.9686,163.7234,163.4781,163.2203,162.9501,162.6675,163.3506,163.0414,162.7198,162.3858,163.0097,162.6488,162.2755,162.8535,162.4532,162.9994,162.5718,165.9467,171.1902,173.5432,172.0844,169.6755,168.205,166.7276,165.2437,162.8231,162.2572,161.6789,162.0089,162.3196,161.6975,161.9731,162.2291,162.4654,162.6817,162.8781,163.0542,163.21,163.3453,163.46
-25.81169,-27.3979,-28.8256,-30.2511,-31.67429,-33.09508,-34.72125,-36.14542,-37.56683,-38.98538,-40.64288,-42.06384,-43.4816,-45.16329,-46.58271,-48.28261,-49.70319,-52.32281,-55.62306,-58.06675,-59.2534,-60.08523,-61.22161,-62.33691,-63.43113,-64.13771,-65.55615,-66.9696,-68.76868,-70.57859,-71.99239,-73.8154,-75.64867,-77.492,-79.34518,-81.208,-83.08026,-84.96174,-86.85224,-88.75153
162.9686,163.7234,163.4781,163.2203,162.9501,163.6474,163.3506,163.0414,162.7198,162.3858,163.0097,162.6488,162.2755,162.8535,162.4532,162.9994,162.5718,165.9467,171.1902,173.5432,172.0844,169.6755,168.205,166.7276,165.2437,162.8231,163.1844,161.6789,162.0089,161.4026,162.6111,162.8831,162.2291,162.4654,162.6817,162.8781,163.0542,163.21,163.3453,163.46
-25.81169,-27.3979,-28.8256,-30.2511,-31.67429,-33.29445,-34.72125,-36.14542,-37.56683,-38.98538,-40.64288,-42.06384,-43.4816,-45.16329,-46.58271,-48.28261,-49.70319,-52.32281,-55.62306,-58.06675,-59.2534,-60.08523,-61.22161,-62.33691,-63.43113,-64.13771,-65.93076,-66.9696,-68.76868,-70.17984,-72.39912,-74.23009,-75.64867,-77.492,-79.34518,-81.208,-83.08026,-84.96174,-86.85224,-88.75153
161.9809,163.7234,163.4781,163.2203,162.9501,162.6675,163.3506,163.0414,162.7198,162.3858,163.0097,162.6488,162.2755,162.8535,162.4532,162.0405,162.5718,165.9467,171.1902,173.5432,171.1389,169.6755,168.205,166.7276,164.3102,162.8231,161.33,161.6789,162.0089,162.3196,162.6111,161.9731,163.1354,162.4654,162.6817,162.8781,163.0542,163.21,163.3453,163.46
-25.65525,-27.3979,-28.8256,-30.2511,-31.67429,-33.09508,-34.72125,-36.14542,-37.56683,-38.98538,-40.64288,-42.06384,-43.4816,-45.16329,-46.58271,-47.99859,-49.70319,-52.32281,-55.62306,-58.06675,-58.92784,-60.08523,-61.22161,-62.33691,-63.07276,-64.13771,-65.18155,-66.9696,-68.76868,-70.57859,-72.39912,-73.8154,-76.07129,-77.492,-79.34518,-81.208,-83.08026,-84.96174,-86.85224,-88.75153
161.9809,163.7234,163.4781,163.2203,162.9501,163.6474,163.3506,163.0414,162.7198,162.3858,163.0097,162.6488,162.2755,162.8535,162.4532,162.0405,162.5718,165.9467,171.1902,172.5949,171.1389,170.6181,169.1447,166.7276,165.2437,162.8231,162.2572,161.6789,162.0089,162.3196,161.6975,162.8831,163.1354,162.4654,162.6817,162.8781,163.0542,163.21,163.3453,163.46
-25.65525,-27.3979,-28.8256,-30.2511,-31.67429,-33.29445,-34.72125,-36.14542,-37.56683,-38.98538,-40.64288,-42.06384,-43.4816,-45.16329,-46.58271,-47.99859,-49.70319,-52.32281,-55.62306,-57.74945,-58.92784,-60.41904,-61.56363,-62.33691,-63.43113,-64.13771,-65.55615,-66.9696,-68.76868,-70.57859,-71.99239,-74.23009,-76.07129,-77.492,-79.34518,-81.208,-83.08026,-84.96174,-86.85224,-88.75153
162.9686,163.7234,163.4781,163.2203,163.9317,162.6675,163.3506,163.0414,162.7198,162.3858,163.0097,162.6488,162.2755,162.8535,162.4532,162.0405,162.5718,165.9467,171.1902,173.5432,172.0844,169.6755,169.1447,166.7276,165.2437,162.8231,162.2572,161.6789,161.0883,162.3196,161.6975,161.9731,163.1354,162.4654,162.6817,162.8781,163.0542,163.21,163.3453,163.46
-25.81169,-27.3979,-28.8256,-30.2511,-31.8651,-33.09508,-34.72125,-36.14542,-37.56683,-38.98538,-40.64288,-42.06384,-43.4816,-45.16329,-46.58271,-47.99859,-49.70319,-52.32281,-55.62306,-58.06675,-59.2534,-60.08523,-61.56363,-62.33691,-63.43113,-64.13771,-65.55615,-66.9696,-68.37795,-70.57859,-71.99239,-73.8154,-76.07129,-77.492,-79.34518,-81.208,-83.08026,-84.96174,-86.85224,-88.75153
162.9686,163.7234,163.4781,163.2203,162.9501,162.6675,163.3506,163.0414,162.7198,163.3581,163.0097,162.6488,162.2755,162.8535,162.4532,162.0405,161.6155,165.9467,171.1902,173.5432,172.0844,169.6755,168.205,165.791,165.2437,162.8231,162.2572,160.755,162.0089,161.4026,161.6975,161.9731,162.2291,162.4654,162.6817,162.8781,163.0542,163.21,163.3453,163.46
-25.81169,-27.3979,-28.8256,-30.2511,-31.67429,-33.09508,-34.72125,-36.14542,-37.56683,-39.21882,-40.64288,-42.06384,-43.4816,-45.16329,-46.58271,-47.99859,-49.41082,-52.32281,-55.62306,-58.06675,-59.2534,-60.08523,-61.22161,-61.98671,-63.43113,-64.13771,-65.55615,-66.58692,-68.76868,-70.17984,-71.99239,-73.8154,-75.64867,-77.492,-79.34518,-81.208,-83.08026,-84.96174,-86.85224,-88.75153
162.9686,163.7234,163.4781,163.2203,162.9501,162.6675,163.3506,163.0414,162.7198,162.3858,163.0097,162.6488,162.2755,162.8535,162.4532,162.0405,162.5718,164.993,171.1902,172.5949,171.1389,169.6755,168.205,166.7276,164.3102,162.8231,162.2572,161.6789,162.0089,162.3196,161.6975,161.9731,162.2291,162.4654,162.6817,163.773,163.9452,164.097,163.3453,163.46
-25.81169,-27.3979,-28.8256,-30.2511,-31.67429,-33.09508,-34.72125,-36.14542,-37.56683,-38.98538,-40.64288,-42.06384,-43.4816,-45.16329,-46.58271,-47.99859,-49.70319,-52.0221,-55.62306,-57.74945,-58.92784,-60.08523,-61.22161,-62.33691,-63.07276,-64.13771,-65.55615,-66.9696,-68.76868,-70.57859,-71.99239,-73.8154,-75.64867,-77.492,-79.34518,-81.6542,-83.53425,-85.42349,-86.85224,-88.75153
