160.5237,159.7783,160.0055,159.2316,157.4526,157.6397,156.8223,155.9908,155.1454,154.2864,153.414,152.5284,152.6273,152.7146,151.7917,151.8553,151.9074,151.9479,152.9767,152.9942,155,155.9941,156.9761,157.9459,158.9031,160.8468,161.778,162.696,163.6005,164.4914,166.3645,167.2266,168.0742,166.9201,159.7999,155.6568,151.511,147.3634,143.2148,141.0388,137.8731,137.6557,137.4278,137.1895,136.9407,136.6814,136.4118,136.1318,135.8414,135.5407,135.2296,134.9083,134.5766,134.2348,133.8827,133.5204,133.1479,132.7653,133.3181
28.30465,26.73771,25.34238,23.79732,22.12852,20.75366,19.25536,17.7729,16.30644,14.85609,13.42198,12.00424,10.67274,9.340427,7.955065,6.630147,5.304723,3.978896,2.670218,1.33516,0,-1.36134,-2.740028,-4.135958,-5.54902,-7.022721,-8.478425,-9.950912,-11.44006,-12.94575,-14.55501,-16.10209,-17.66531,-19.01814,-19.62096,-20.49261,-21.29348,-22.0236,-22.683,-23.60181,-24.31074,-25.51297,-26.71326,-27.91151,-29.10764,-30.30155,-31.49315,-32.68235,-33.86907,-35.0532,-36.23467,-37.41337,-38.58923,-39.76215,-40.93204,-42.09881,-43.26238,-44.42265,-45.90511
159.5389,160.7646,160.0055,159.2316,158.4429,157.6397,156.8223,155.9908,155.1454,154.2864,153.414,152.5284,152.6273,152.7146,151.7917,151.8553,151.9074,151.9479,152.9767,152.9942,154,155.9941,156.9761,157.9459,158.9031,160.8468,161.778,162.696,163.6005,164.4914,166.3645,167.2266,168.0742,167.9136,159.7999,155.6568,151.511,147.3634,143.2148,141.0388,137.8731,137.6557,137.4278,137.1895,136.9407,136.6814,136.4118,136.1318,135.8414,135.5407,135.2296,134.9083,134.5766,134.2348,133.8827,133.5204,133.1479,132.7653,133.3181
28.131,26.90276,25.34238,23.79732,22.2677,20.75366,19.25536,17.7729,16.30644,14.85609,13.42198,12.00424,10.67274,9.340427,7.955065,6.630147,5.304723,3.978896,2.670218,1.33516,0,-1.36134,-2.740028,-4.135958,-5.54902,-7.022721,-8.478425,-9.950912,-11.44006,-12.94575,-14.55501,-16.10209,-17.66531,-19.13134,-19.62096,-20.49261,-21.29348,-22.0236,-22.683,-23.60181,-24.31074,-25.51297,-26.71326,-27.91151,-29.10764,-30.30155,-31.49315,-32.68235,-33.86907,-35.0532,-36.23467,-37.41337,-38.58923,-39.76215,-40.93204,-42.09881,-43.26238,-44.42265,-45.90511
159.5389,159.7783,160.0055,159.2316,158.4429,157.6397,156.8223,155.9908,155.1454,154.2864,153.414,152.5284,152.6273,152.7146,151.7917,150.8563,151.9074,151.9479,152.9767,152.9942,154,155.9941,156.9761,157.9459,159.9025,160.8468,161.778,162.696,163.6005,164.4914,166.3645,167.2266,169.0687,166.9201,159.7999,155.6568,151.511,147.3634,143.2148,141.0388,137.8731,137.6557,137.4278,137.1895,136.9407,136.6814,136.4118,136.1318,135.8414,135.5407,135.2296,134.9083,134.5766,134.2348,133.8827,133.5204,133.1479,132.7653,133.3181
28.131,26.73771,25.34238,23.79732,22.2677,20.75366,19.25536,17.7729,16.30644,14.85609,13.42198,12.00424,10.67274,9.340427,7.955065,6.586527,5.304723,3.978896,2.670218,1.33516,0,-1.36134,-2.740028,-4.135958,-5.583919,-7.022721,-8.478425,-9.950912,-11.44006,-12.94575,-14.55501,-16.10209,-17.76984,-19.01814,-19.62096,-20.49261,-21.29348,-22.0236,-22.683,-23.60181,-24.31074,-25.51297,-26.71326,-27.91151,-29.10764,-30.30155,-31.49315,-32.68235,-33.86907,-35.0532,-36.23467,-37.41337,-38.58923,-39.76215,-40.93204,-42.09881,-43.26238,-44.42265,-45.90511
162.4933,159.7783,160.0055,159.2316,158.4429,157.6397,156.8223,155.9908,155.1454,154.2864,153.414,152.5284,152.6273,152.7146,151.7917,151.8553,151.9074,151.9479,152.9767,153.9941,154,155.9941,156.9761,158.9455,158.9031,160.8468,161.778,162.696,163.6005,164.4914,166.3645,167.2266,169.0687,167.9136,159.7999,155.6568,151.511,147.3634,143.2148,140.0526,137.8731,137.6557,137.4278,137.1895,136.9407,136.6814,136.4118,136.1318,135.8414,135.5407,135.2296,134.9083,134.5766,134.2348,133.8827,133.5204,133.1479,132.7653,133.3181
28.65195,26.73771,25.34238,23.79732,22.2677,20.75366,19.25536,17.7729,16.30644,14.85609,13.42198,12.00424,10.67274,9.340427,7.955065,6.630147,5.304723,3.978896,2.670218,1.343886,0,-1.36134,-2.740028,-4.162135,-5.54902,-7.022721,-8.478425,-9.950912,-11.44006,-12.94575,-14.55501,-16.10209,-17.76984,-19.13134,-19.62096,-20.49261,-21.29348,-22.0236,-22.683,-23.43676,-24.31074,-25.51297,-26.71326,-27.91151,-29.10764,-30.30155,-31.49315,-32.68235,-33.86907,-35.0532,-36.23467,-37.41337,-38.58923,-39.76215,-40.93204,-42.09881,-43.26238,-44.42265,-45.90511
159.5389,159.7783,160.0055,159.2316,158.4429,157.6397,156.8223,155.9908,155.1454,154.2864,153.414,152.5284,152.6273,152.7146,151.7917,151.8553,151.9074,151.9479,152.9767,152.9942,155,155.9941,156.9761,157.9459,159.9025,160.8468,161.778,162.696,163.6005,164.4914,166.3645,167.2266,169.0687,166.9201,159.7999,156.6483,151.511,147.3634,143.2148,141.0388,137.8731,138.6389,137.4278,137.1895,136.9407,136.6814,136.4118,136.1318,135.8414,135.5407,135.2296,134.9083,134.5766,134.2348,133.8827,133.5204,133.1479,132.7653,132.3726
28.131,26.73771,25.34238,23.79732,22.2677,20.75366,19.25536,17.7729,16.30644,14.85609,13.42198,12.00424,10.67274,9.340427,7.955065,6.630147,5.304723,3.978896,2.670218,1.33516,0,-1.36134,-2.740028,-4.135958,-5.583919,-7.022721,-8.478425,-9.950912,-11.44006,-12.94575,-14.55501,-16.10209,-17.76984,-19.01814,-19.62096,-20.62314,-21.29348,-22.0236,-22.683,-23.60181,-24.31074,-25.69521,-26.71326,-27.91151,-29.10764,-30.30155,-31.49315,-32.68235,-33.86907,-35.0532,-36.23467,-37.41337,-38.58923,-39.76215,-40.93204,-42.09881,-43.26238,-44.42265,-45.57954
161.5085,159.7783,160.0055,159.2316,158.4429,157.6397,156.8223,155.9908,155.1454,154.2864,153.414,152.5284,152.6273,152.7146,151.7917,151.8553,151.9074,151.9479,152.9767,153.9941,155,155.9941,156.9761,157.9459,158.9031,160.8468,161.778,162.696,163.6005,164.4914,165.3683,167.2266,169.0687,166.9201,159.7999,156.6483,151.511,147.3634,143.2148,141.0388,137.8731,137.6557,137.4278,137.1895,136.9407,136.6814,136.4118,136.1318,135.8414,135.5407,135.2296,134.9083,134.5766,134.2348,133.8827,133.5204,133.1479,132.7653,133.3181
28.4783,26.73771,25.34238,23.79732,22.2677,20.75366,19.25536,17.7729,16.30644,14.85609,13.42198,12.00424,10.67274,9.340427,7.955065,6.630147,5.304723,3.978896,2.670218,1.343886,0,-1.36134,-2.740028,-4.135958,-5.54902,-7.022721,-8.478425,-9.950912,-11.44006,-12.94575,-14.46785,-16.10209,-17.76984,-19.01814,-19.62096,-20.62314,-21.29348,-22.0236,-22.683,-23.60181,-24.31074,-25.51297,-26.71326,-27.91151,-29.10764,-30.30155,-31.49315,-32.68235,-33.86907,-35.0532,-36.23467,-37.41337,-38.58923,-39.76215,-40.93204,-42.09881,-43.26238,-44.42265,-45.90511
159.5389,159.7783,160.0055,159.2316,158.4429,157.6397,156.8223,155.9908,155.1454,154.2864,154.4102,152.5284,152.6273,152.7146,150.7931,151.8553,151.9074,151.9479,152.9767,152.9942,155,155.9941,156.9761,157.9459,158.9031,160.8468,161.778,162.696,163.6005,164.4914,165.3683,167.2266,169.0687,166.9201,159.7999,156.6483,151.511,147.3634,143.2148,141.0388,137.8731,137.6557,137.4278,137.1895,136.9407,136.6814,136.4118,136.1318,135.8414,135.5407,135.2296,134.9083,134.5766,134.2348,133.8827,133.5204,133.1479,132.7653,132.3726
28.131,26.73771,25.34238,23.79732,22.2677,20.75366,19.25536,17.7729,16.30644,14.85609,13.50914,12.00424,10.67274,9.340427,7.902729,6.630147,5.304723,3.978896,2.670218,1.33516,0,-1.36134,-2.740028,-4.135958,-5.54902,-7.022721,-8.478425,-9.950912,-11.44006,-12.94575,-14.46785,-16.10209,-17.76984,-19.01814,-19.62096,-20.62314,-21.29348,-22.0236,-22.683,-23.60181,-24.31074,-25.51297,-26.71326,-27.91151,-29.10764,-30.30155,-31.49315,-32.68235,-33.86907,-35.0532,-36.23467,-37.41337,-38.58923,-39.76215,-40.93204,-42.09881,-43.26238,-44.42265,-45.57954
159.5389,159.7783,160.0055,159.2316,158.4429,157.6397,156.8223,155.9908,155.1454,154.2864,153.414,152.5284,152.6273,152.7146,151.7917,151.8553,150.908,151.9479,152.9767,152.9942,154,155.9941,156.9761,157.9459,158.9031,160.8468,161.778,162.696,163.6005,164.4914,166.3645,167.2266,169.0687,166.9201,160.7925,156.6483,151.511,147.3634,143.2148,141.0388,137.8731,137.6557,137.4278,137.1895,136.9407,136.6814,136.4118,136.1318,135.8414,135.5407,135.2296,134.9083,134.5766,134.2348,133.8827,133.5204,133.1479,132.7653,133.3181
28.131,26.73771,25.34238,23.79732,22.2677,20.75366,19.25536,17.7729,16.30644,14.85609,13.42198,12.00424,10.67274,9.340427,7.955065,6.630147,5.269824,3.978896,2.670218,1.33516,0,-1.36134,-2.740028,-4.135958,-5.54902,-7.022721,-8.478425,-9.950912,-11.44006,-12.94575,-14.55501,-16.10209,-17.76984,-19.01814,-19.74283,-20.62314,-21.29348,-22.0236,-22.683,-23.60181,-24.31074,-25.51297,-26.71326,-27.91151,-29.10764,-30.30155,-31.49315,-32.68235,-33.86907,-35.0532,-36.23467,-37.41337,-38.58923,-39.76215,-40.93204,-42.09881,-43.26238,-44.42265,-45.90511
160.5237,159.7783,160.0055,158.2425,158.4429,157.6397,156.8223,155.9908,155.1454,154.2864,153.414,152.5284,152.6273,151.7165,151.7917,151.8553,151.9074,151.9479,152.9767,153.9941,155,155.9941,156.9761,157.9459,158.9031,160.8468,161.778,162.696,163.6005,164.4914,166.3645,168.222,168.0742,166.9201,160.7925,156.6483,150.5207,147.3634,143.2148,141.0388,137.8731,138.6389,137.4278,137.1895,136.9407,136.6814,136.4118,136.1318,135.8414,135.5407,135.2296,134.9083,134.5766,134.2348,133.8827,133.5204,133.1479,132.7653,133.3181
28.30465,26.73771,25.34238,23.64951,22.2677,20.75366,19.25536,17.7729,16.30644,14.85609,13.42198,12.00424,10.67274,9.279378,7.955065,6.630147,5.304723,3.978896,2.670218,1.343886,0,-1.36134,-2.740028,-4.135958,-5.54902,-7.022721,-8.478425,-9.950912,-11.44006,-12.94575,-14.55501,-16.19793,-17.66531,-19.01814,-19.74283,-20.62314,-21.15431,-22.0236,-22.683,-23.60181,-24.31074,-25.69521,-26.71326,-27.91151,-29.10764,-30.30155,-31.49315,-32.68235,-33.86907,-35.0532,-36.23467,-37.41337,-38.58923,-39.76215,-40.93204,-42.09881,-43.26238,-44.42265,-45.90511
160.5237,159.7783,160.0055,159.2316,158.4429,157.6397,156.8223,155.9908,155.1454,154.2864,153.414,153.5253,152.6273,152.7146,151.7917,151.8553,151.9074,151.9479,152.9767,152.9942,155,155.9941,156.9761,157.9459,158.9031,160.8468,161.778,162.696,163.6005,164.4914,166.3645,167.2266,169.0687,166.9201,159.7999,156.6483,151.511,147.3634,143.2148,141.0388,137.8731,137.6557,137.4278,137.1895,136.9407,136.6814,136.4118,136.1318,135.8414,135.5407,135.2296,134.9083,134.5766,134.2348,133.8827,133.5204,133.1479,132.7653,133.3181
28.30465,26.73771,25.34238,23.79732,22.2677,20.75366,19.25536,17.7729,16.30644,14.85609,13.42198,12.0827,10.67274,9.340427,7.955065,6.630147,5.304723,3.978896,2.670218,1.33516,0,-1.36134,-2.740028,-4.135958,-5.54902,-7.022721,-8.478425,-9.950912,-11.44006,-12.94575,-14.55501,-16.10209,-17.76984,-19.01814,-19.62096,-20.62314,-21.29348,-22.0236,-22.683,-23.60181,-24.31074,-25.51297,-26.71326,-27.91151,-29.10764,-30.30155,-31.49315,-32.68235,-33.86907,-35.0532,-36.23467,-37.41337,-38.58923,-39.76215,-40.93204,-42.09881,-43.26238,-44.42265,-45.90511
160.5237,160.7646,160.0055,159.2316,158.4429,157.6397,156.8223,155.9908,155.1454,155.2818,154.4102,152.5284,152.6273,152.7146,151.7917,151.8553,151.9074,151.9479,152.9767,152.9942,154,155.9941,156.9761,157.9459,159.9025,160.8468,161.778,162.696,163.6005,164.4914,166.3645,167.2266,169.0687,166.9201,159.7999,156.6483,151.511,147.3634,143.2148,141.0388,137.8731,137.6557,138.4094,137.1895,136.9407,136.6814,136.4118,136.1318,135.8414,135.5407,135.2296,134.9083,134.5766,134.2348,133.8827,133.5204,133.1479,131.817,133.3181
28.30465,26.90276,25.34238,23.79732,22.2677,20.75366,19.25536,17.7729,16.30644,14.95194,13.50914,12.00424,10.67274,9.340427,7.955065,6.630147,5.304723,3.978896,2.670218,1.33516,0,-1.36134,-2.740028,-4.135958,-5.583919,-7.022721,-8.478425,-9.950912,-11.44006,-12.94575,-14.55501,-16.10209,-17.76984,-19.01814,-19.62096,-20.62314,-21.29348,-22.0236,-22.683,-23.60181,-24.31074,-25.51297,-26.90407,-27.91151,-29.10764,-30.30155,-31.49315,-32.68235,-33.86907,-35.0532,-36.23467,-37.41337,-38.58923,-39.76215,-40.93204,-42.09881,-43.26238,-44.10535,-45.90511
161.5085,159.7783,160.0055,159.2316,158.4429,157.6397,156.8223,155.9908,155.1454,154.2864,153.414,153.5253,152.6273,152.7146,151.7917,151.8553,151.9074,151.9479,152.9767,152.9942,155,155.9941,156.9761,157.9459,158.9031,160.8468,161.778,162.696,163.6005,164.4914,166.3645,167.2266,169.0687,166.9201,161.785,156.6483,151.511,147.3634,143.2148,141.0388,137.8731,137.6557,137.4278,137.1895,136.9407,136.6814,136.4118,136.1318,135.8414,135.5407,135.2296,134.9083,134.5766,134.2348,133.8827,133.5204,133.1479,131.817,133.3181
28.4783,26.73771,25.34238,23.79732,22.2677,20.75366,19.25536,17.7729,16.30644,14.85609,13.42198,12.0827,10.67274,9.340427,7.955065,6.630147,5.304723,3.978896,2.670218,1.33516,0,-1.36134,-2.740028,-4.135958,-5.54902,-7.022721,-8.478425,-9.950912,-11.44006,-12.94575,-14.55501,-16.10209,-17.76984,-19.01814,-19.8647,-20.62314,-21.29348,-22.0236,-22.683,-23.60181,-24.31074,-25.51297,-26.71326,-27.91151,-29.10764,-30.30155,-31.49315,-32.68235,-33.86907,-35.0532,-36.23467,-37.41337,-38.58923,-39.76215,-40.93204,-42.09881,-43.26238,-44.10535,-45.90511
159.5389,160.7646,160.0055,159.2316,158.4429,157.6397,156.8223,155.9908,155.1454,154.2864,153.414,152.5284,152.6273,152.7146,151.7917,151.8553,151.9074,151.9479,152.9767,152.9942,154,155.9941,156.9761,157.9459,158.9031,159.8477,161.778,162.696,163.6005,164.4914,165.3683,167.2266,169.0687,167.9136,161.785,156.6483,151.511,147.3634,143.2148,141.0388,137.8731,137.6557,137.4278,137.1895,136.9407,136.6814,136.4118,136.1318,135.8414,135.5407,135.2296,134.9083,134.5766,134.2348,133.8827,133.5204,133.1479,131.817,133.3181
28.131,26.90276,25.34238,23.79732,22.2677,20.75366,19.25536,17.7729,16.30644,14.85609,13.42198,12.00424,10.67274,9.340427,7.955065,6.630147,5.304723,3.978896,2.670218,1.33516,0,-1.36134,-2.740028,-4.135958,-5.54902,-6.979102,-8.478425,-9.950912,-11.44006,-12.94575,-14.46785,-16.10209,-17.76984,-19.13134,-19.8647,-20.62314,-21.29348,-22.0236,-22.683,-23.60181,-24.31074,-25.51297,-26.71326,-27.91151,-29.10764,-30.30155,-31.49315,-32.68235,-33.86907,-35.0532,-36.23467,-37.41337,-38.58923,-39.76215,-40.93204,-42.09881,-43.26238,-44.10535,-45.90511
158.554,159.7783,160.0055,159.2316,158.4429,157.6397,156.8223,154.9972,155.1454,154.2864,154.4102,152.5284,152.6273,152.7146,151.7917,151.8553,151.9074,151.9479,152.9767,152.9942,154,155.9941,156.9761,157.9459,159.9025,160.8468,161.778,162.696,163.6005,164.4914,166.3645,167.2266,169.0687,166.9201,160.7925,156.6483,151.511,147.3634,142.2271,141.0388,137.8731,137.6557,137.4278,137.1895,136.9407,136.6814,136.4118,136.1318,135.8414,135.5407,135.2296,134.9083,134.5766,134.2348,133.8827,133.5204,133.1479,132.7653,133.3181
27.95736,26.73771,25.34238,23.79732,22.2677,20.75366,19.25536,17.6597,16.30644,14.85609,13.50914,12.00424,10.67274,9.340427,7.955065,6.630147,5.304723,3.978896,2.670218,1.33516,0,-1.36134,-2.740028,-4.135958,-5.583919,-7.022721,-8.478425,-9.950912,-11.44006,-12.94575,-14.55501,-16.10209,-17.76984,-19.01814,-19.74283,-20.62314,-21.29348,-22.0236,-22.52656,-23.60181,-24.31074,-25.51297,-26.71326,-27.91151,-29.10764,-30.30155,-31.49315,-32.68235,-33.86907,-35.0532,-36.23467,-37.41337,-38.58923,-39.76215,-40.93204,-42.09881,-43.26238,-44.42265,-45.90511
160.5237,159.7783,160.0055,159.2316,158.4429,157.6397,156.8223,155.9908,155.1454,154.2864,153.414,153.5253,152.6273,152.7146,151.7917,151.8553,151.9074,151.9479,152.9767,152.9942,154,155.9941,156.9761,157.9459,158.9031,160.8468,161.778,162.696,163.6005,164.4914,165.3683,167.2266,168.0742,166.9201,160.7925,156.6483,151.511,147.3634,142.2271,141.0388,137.8731,136.6724,137.4278,136.2095,136.9407,135.7051,136.4118,135.1594,135.8414,134.5725,135.2296,133.9446,134.5766,133.2759,133.8827,132.5667,133.1479,131.817,133.3181
28.30465,26.73771,25.34238,23.79732,22.2677,20.75366,19.25536,17.7729,16.30644,14.85609,13.42198,12.0827,10.67274,9.340427,7.955065,6.630147,5.304723,3.978896,2.670218,1.33516,0,-1.36134,-2.740028,-4.135958,-5.54902,-7.022721,-8.478425,-9.950912,-11.44006,-12.94575,-14.46785,-16.10209,-17.66531,-19.01814,-19.74283,-20.62314,-21.29348,-22.0236,-22.52656,-23.60181,-24.31074,-25.33074,-26.71326,-27.71214,-29.10764,-30.08511,-31.49315,-32.44891,-33.86907,-34.80282,-36.23467,-37.14613,-38.58923,-39.47813,-40.93204,-41.79811,-43.26238,-44.10535,-45.90511
159.5389,159.7783,160.0055,159.2316,158.4429,157.6397,156.8223,155.9908,155.1454,154.2864,153.414,152.5284,152.6273,152.7146,151.7917,151.8553,151.9074,151.9479,152.9767,152.9942,155,155.9941,156.9761,157.9459,159.9025,160.8468,161.778,162.696,163.6005,164.4914,166.3645,167.2266,168.0742,167.9136,160.7925,156.6483,151.511,147.3634,141.2394,141.0388,137.8731,136.6724,136.4462,136.2095,135.9625,135.7051,135.4374,135.1594,134.8711,134.5725,134.2637,133.9446,133.6154,133.2759,132.9264,132.5667,132.1969,131.817,132.3726
28.131,26.73771,25.34238,23.79732,22.2677,20.75366,19.25536,17.7729,16.30644,14.85609,13.42198,12.00424,10.67274,9.340427,7.955065,6.630147,5.304723,3.978896,2.670218,1.33516,0,-1.36134,-2.740028,-4.135958,-5.583919,-7.022721,-8.478425,-9.950912,-11.44006,-12.94575,-14.55501,-16.10209,-17.66531,-19.13134,-19.74283,-20.62314,-21.29348,-22.0236,-22.37013,-23.60181,-24.31074,-25.33074,-26.52245,-27.71214,-28.89973,-30.08511,-31.2682,-32.44891,-33.62714,-34.80282,-35.97585,-37.14613,-38.31359,-39.47813,-40.63967,-41.79811,-42.95336,-44.10535,-45.57954
160.5237,159.7783,160.0055,159.2316,158.4429,157.6397,156.8223,155.9908,155.1454,154.2864,153.414,152.5284,152.6273,152.7146,151.7917,151.8553,151.9074,151.9479,152.9767,152.9942,154,155.9941,156.9761,158.9455,158.9031,160.8468,162.7766,162.696,163.6005,164.4914,166.3645,167.2266,168.0742,166.9201,160.7925,156.6483,152.5013,147.3634,142.2271,141.0388,137.8731,136.6724,136.4462,136.2095,135.9625,135.7051,135.4374,135.1594,134.8711,134.5725,134.2637,133.9446,133.6154,133.2759,132.9264,132.5667,132.1969,131.817,133.3181
28.30465,26.73771,25.34238,23.79732,22.2677,20.75366,19.25536,17.7729,16.30644,14.85609,13.42198,12.00424,10.67274,9.340427,7.955065,6.630147,5.304723,3.978896,2.670218,1.33516,0,-1.36134,-2.740028,-4.162135,-5.54902,-7.022721,-8.530761,-9.950912,-11.44006,-12.94575,-14.55501,-16.10209,-17.66531,-19.01814,-19.74283,-20.62314,-21.43266,-22.0236,-22.52656,-23.60181,-24.31074,-25.33074,-26.52245,-27.71214,-28.89973,-30.08511,-31.2682,-32.44891,-33.62714,-34.80282,-35.97585,-37.14613,-38.31359,-39.47813,-40.63967,-41.79811,-42.95336,-44.10535,-45.90511
159.5389,159.7783,160.0055,159.2316,158.4429,157.6397,156.8223,155.9908,155.1454,154.2864,154.4102,152.5284,152.6273,152.7146,151.7917,151.8553,151.9074,151.9479,152.9767,152.9942,154,155.9941,156.9761,157.9459,158.9031,160.8468,161.778,162.696,163.6005,164.4914,166.3645,167.2266,168.0742,167.9136,160.7925,156.6483,151.511,147.3634,143.2148,141.0388,137.8731,136.6724,136.4462,136.2095,135.9625,135.7051,135.4374,135.1594,134.8711,134.5725,134.2637,133.9446,133.6154,133.2759,132.9264,132.5667,132.1969,131.817,133.3181
28.131,26.73771,25.34238,23.79732,22.2677,20.75366,19.25536,17.7729,16.30644,14.85609,13.50914,12.00424,10.67274,9.340427,7.955065,6.630147,5.304723,3.978896,2.670218,1.33516,0,-1.36134,-2.740028,-4.135958,-5.54902,-7.022721,-8.478425,-9.950912,-11.44006,-12.94575,-14.55501,-16.10209,-17.66531,-19.13134,-19.74283,-20.62314,-21.29348,-22.0236,-22.683,-23.60181,-24.31074,-25.33074,-26.52245,-27.71214,-28.89973,-30.08511,-31.2682,-32.44891,-33.62714,-34.80282,-35.97585,-37.14613,-38.31359,-39.47813,-40.63967,-41.79811,-42.95336,-44.10535,-45.90511
160.5237,159.7783,160.0055,159.2316,158.4429,157.6397,156.8223,155.9908,155.1454,154.2864,153.414,152.5284,152.6273,152.7146,151.7917,151.8553,151.9074,151.9479,152.9767,152.9942,155,155.9941,156.9761,157.9459,159.9025,160.8468,161.778,162.696,163.6005,164.4914,166.3645,167.2266,168.0742,167.9136,160.7925,156.6483,151.511,147.3634,142.2271,140.0526,137.8731,136.6724,136.4462,137.1895,135.9625,135.7051,135.4374,135.1594,134.8711,134.5725,134.2637,133.9446,133.6154,133.2759,132.9264,132.5667,132.1969,131.817,133.3181
28.30465,26.73771,25.34238,23.79732,22.2677,20.75366,19.25536,17.7729,16.30644,14.85609,13.42198,12.00424,10.67274,9.340427,7.955065,6.630147,5.304723,3.978896,2.670218,1.33516,0,-1.36134,-2.740028,-4.135958,-5.583919,-7.022721,-8.478425,-9.950912,-11.44006,-12.94575,-14.55501,-16.10209,-17.66531,-19.13134,-19.74283,-20.62314,-21.29348,-22.0236,-22.52656,-23.43676,-24.31074,-25.33074,-26.52245,-27.91151,-28.89973,-30.08511,-31.2682,-32.44891,-33.62714,-34.80282,-35.97585,-37.14613,-38.31359,-39.47813,-40.63967,-41.79811,-42.95336,-44.10535,-45.90511
160.5237,159.7783,160.0055,159.2316,158.4429,157.6397,156.8223,155.9908,155.1454,154.2864,153.414,152.5284,152.6273,152.7146,151.7917,151.8553,151.9074,151.9479,152.9767,152.9942,155,155.9941,156.9761,158.9455,158.9031,159.8477,161.778,162.696,163.6005,164.4914,166.3645,167.2266,168.0742,166.9201,160.7925,156.6483,151.511,147.3634,142.2271,141.0388,137.8731,136.6724,136.4462,136.2095,135.9625,135.7051,135.4374,135.1594,134.8711,134.5725,134.2637,133.9446,133.6154,133.2759,132.9264,132.5667,132.1969,131.817,133.3181
28.30465,26.73771,25.34238,23.79732,22.2677,20.75366,19.25536,17.7729,16.30644,14.85609,13.42198,12.00424,10.67274,9.340427,7.955065,6.630147,5.304723,3.978896,2.670218,1.33516,0,-1.36134,-2.740028,-4.162135,-5.54902,-6.979102,-8.478425,-9.950912,-11.44006,-12.94575,-14.55501,-16.10209,-17.66531,-19.01814,-19.74283,-20.62314,-21.29348,-22.0236,-22.52656,-23.60181,-24.31074,-25.33074,-26.52245,-27.71214,-28.89973,-30.08511,-31.2682,-32.44891,-33.62714,-34.80282,-35.97585,-37.14613,-38.31359,-39.47813,-40.63967,-41.79811,-42.95336,-44.10535,-45.90511
160.5237,159.7783,160.0055,159.2316,158.4429,157.6397,156.8223,155.9908,155.1454,153.291,153.414,152.5284,152.6273,152.7146,151.7917,151.8553,151.9074,151.9479,152.9767,153.9941,154,155.9941,156.9761,157.9459,158.9031,160.8468,161.778,162.696,163.6005,164.4914,166.3645,167.2266,168.0742,166.9201,160.7925,156.6483,151.511,147.3634,142.2271,141.0388,137.8731,136.6724,136.4462,136.2095,135.9625,135.7051,135.4374,135.1594,134.8711,134.5725,134.2637,133.9446,133.6154,133.2759,132.9264,132.5667,132.1969,131.817,133.3181
28.30465,26.73771,25.34238,23.79732,22.2677,20.75366,19.25536,17.7729,16.30644,14.76025,13.42198,12.00424,10.67274,9.340427,7.955065,6.630147,5.304723,3.978896,2.670218,1.343886,0,-1.36134,-2.740028,-4.135958,-5.54902,-7.022721,-8.478425,-9.950912,-11.44006,-12.94575,-14.55501,-16.10209,-17.66531,-19.01814,-19.74283,-20.62314,-21.29348,-22.0236,-22.52656,-23.60181,-24.31074,-25.33074,-26.52245,-27.71214,-28.89973,-30.08511,-31.2682,-32.44891,-33.62714,-34.80282,-35.97585,-37.14613,-38.31359,-39.47813,-40.63967,-41.79811,-42.95336,-44.10535,-45.90511
162.4933,159.7783,159.0178,159.2316,158.4429,157.6397,156.8223,155.9908,155.1454,154.2864,153.414,152.5284,152.6273,152.7146,151.7917,151.8553,151.9074,151.9479,152.9767,152.9942,155,155.9941,156.9761,157.9459,158.9031,160.8468,161.778,162.696,163.6005,164.4914,165.3683,167.2266,168.0742,166.9201,160.7925,156.6483,151.511,147.3634,143.2148,141.0388,137.8731,136.6724,136.4462,136.2095,135.9625,135.7051,135.4374,135.1594,134.8711,134.5725,134.2637,133.9446,133.6154,133.2759,132.9264,132.5667,132.1969,131.817,133.3181
28.65195,26.73771,25.18595,23.79732,22.2677,20.75366,19.25536,17.7729,16.30644,14.85609,13.42198,12.00424,10.67274,9.340427,7.955065,6.630147,5.304723,3.978896,2.670218,1.33516,0,-1.36134,-2.740028,-4.135958,-5.54902,-7.022721,-8.478425,-9.950912,-11.44006,-12.94575,-14.46785,-16.10209,-17.66531,-19.01814,-19.74283,-20.62314,-21.29348,-22.0236,-22.683,-23.60181,-24.31074,-25.33074,-26.52245,-27.71214,-28.89973,-30.08511,-31.2682,-32.44891,-33.62714,-34.80282,-35.97585,-37.14613,-38.31359,-39.47813,-40.63967,-41.79811,-42.95336,-44.10535,-45.90511
159.5389,159.7783,160.0055,159.2316,158.4429,157.6397,156.8223,155.9908,155.1454,154.2864,153.414,152.5284,152.6273,152.7146,151.7917,151.8553,151.9074,151.9479,152.9767,152.9942,155,155.9941,156.9761,158.9455,158.9031,160.8468,161.778,162.696,163.6005,164.4914,166.3645,167.2266,168.0742,166.9201,160.7925,155.6568,151.511,147.3634,142.2271,141.0388,137.8731,136.6724,137.4278,136.2095,135.9625,135.7051,135.4374,135.1594,134.8711,134.5725,134.2637,133.9446,133.6154,133.2759,132.9264,132.5667,132.1969,131.817,133.3181
28.131,26.73771,25.34238,23.79732,22.2677,20.75366,19.25536,17.7729,16.30644,14.85609,13.42198,12.00424,10.67274,9.340427,7.955065,6.630147,5.304723,3.978896,2.670218,1.33516,0,-1.36134,-2.740028,-4.162135,-5.54902,-7.022721,-8.478425,-9.950912,-11.44006,-12.94575,-14.55501,-16.10209,-17.66531,-19.01814,-19.74283,-20.49261,-21.29348,-22.0236,-22.52656,-23.60181,-24.31074,-25.33074,-26.71326,-27.71214,-28.89973,-30.08511,-31.2682,-32.44891,-33.62714,-34.80282,-35.97585,-37.14613,-38.31359,-39.47813,-40.63967,-41.79811,-42.95336,-44.10535,-45.90511
159.5389,159.7783,160.0055,159.2316,158.4429,157.6397,156.8223,155.9908,155.1454,154.2864,153.414,152.5284,152.6273,152.7146,151.7917,151.8553,151.9074,151.9479,152.9767,152.9942,154,155.9941,156.9761,157.9459,159.9025,160.8468,161.778,162.696,163.6005,164.4914,166.3645,167.2266,168.0742,166.9201,160.7925,156.6483,151.511,147.3634,143.2148,141.0388,137.8731,136.6724,136.4462,136.2095,135.9625,135.7051,135.4374,135.1594,134.8711,134.5725,134.2637,133.9446,133.6154,133.2759,132.9264,132.5667,132.1969,131.817,133.3181
28.131,26.73771,25.34238,23.79732,22.2677,20.75366,19.25536,17.7729,16.30644,14.85609,13.42198,12.00424,10.67274,9.340427,7.955065,6.630147,5.304723,3.978896,2.670218,1.33516,0,-1.36134,-2.740028,-4.135958,-5.583919,-7.022721,-8.478425,-9.950912,-11.44006,-12.94575,-14.55501,-16.10209,-17.66531,-19.01814,-19.74283,-20.62314,-21.29348,-22.0236,-22.683,-23.60181,-24.31074,-25.33074,-26.52245,-27.71214,-28.89973,-30.08511,-31.2682,-32.44891,-33.62714,-34.80282,-35.97585,-37.14613,-38.31359,-39.47813,-40.63967,-41.79811,-42.95336,-44.10535,-45.90511
159.5389,159.7783,160.0055,158.2425,158.4429,157.6397,156.8223,155.9908,155.1454,154.2864,153.414,152.5284,152.6273,152.7146,151.7917,151.8553,151.9074,151.9479,152.9767,153.9941,154,155.9941,156.9761,157.9459,159.9025,160.8468,161.778,162.696,163.6005,164.4914,166.3645,167.2266,168.0742,166.9201,160.7925,156.6483,151.511,147.3634,143.2148,141.0388,137.8731,136.6724,136.4462,136.2095,135.9625,135.7051,135.4374,135.1594,134.8711,134.5725,134.2637,133.9446,133.6154,133.2759,132.9264,132.5667,132.1969,131.817,133.3181
28.131,26.73771,25.34238,23.64951,22.2677,20.75366,19.25536,17.7729,16.30644,14.85609,13.42198,12.00424,10.67274,9.340427,7.955065,6.630147,5.304723,3.978896,2.670218,1.343886,0,-1.36134,-2.740028,-4.135958,-5.583919,-7.022721,-8.478425,-9.950912,-11.44006,-12.94575,-14.55501,-16.10209,-17.66531,-19.01814,-19.74283,-20.62314,-21.29348,-22.0236,-22.683,-23.60181,-24.31074,-25.33074,-26.52245,-27.71214,-28.89973,-30.08511,-31.2682,-32.44891,-33.62714,-34.80282,-35.97585,-37.14613,-38.31359,-39.47813,-40.63967,-41.79811,-42.95336,-44.10535,-45.90511
160.5237,159.7783,160.0055,159.2316,158.4429,157.6397,156.8223,155.9908,155.1454,154.2864,153.414,152.5284,152.6273,152.7146,151.7917,151.8553,151.9074,151.9479,152.9767,153.9941,155,155.9941,156.9761,157.9459,158.9031,160.8468,161.778,162.696,163.6005,164.4914,166.3645,167.2266,168.0742,166.9201,161.785,156.6483,151.511,147.3634,143.2148,141.0388,137.8731,136.6724,136.4462,136.2095,135.9625,135.7051,135.4374,135.1594,134.8711,134.5725,134.2637,133.9446,133.6154,133.2759,132.9264,132.5667,132.1969,131.817,133.3181
28.30465,26.73771,25.34238,23.79732,22.2677,20.75366,19.25536,17.7729,16.30644,14.85609,13.42198,12.00424,10.67274,9.340427,7.955065,6.630147,5.304723,3.978896,2.670218,1.343886,0,-1.36134,-2.740028,-4.135958,-5.54902,-7.022721,-8.478425,-9.950912,-11.44006,-12.94575,-14.55501,-16.10209,-17.66531,-19.01814,-19.8647,-20.62314,-21.29348,-22.0236,-22.683,-23.60181,-24.31074,-25.33074,-26.52245,-27.71214,-28.89973,-30.08511,-31.2682,-32.44891,-33.62714,-34.80282,-35.97585,-37.14613,-38.31359,-39.47813,-40.63967,-41.79811,-42.95336,-44.10535,-45.90511
160.5237,159.7783,160.0055,159.2316,158.4429,157.6397,156.8223,155.9908,155.1454,154.2864,153.414,152.5284,152.6273,152.7146,151.7917,151.8553,151.9074,151.9479,152.9767,152.9942,154,155.9941,156.9761,157.9459,159.9025,160.8468,161.778,162.696,163.6005,165.4883,166.3645,167.2266,168.0742,166.9201,160.7925,156.6483,151.511,147.3634,142.2271,141.0388,137.8731,136.6724,136.4462,136.2095,135.9625,135.7051,135.4374,135.1594,134.8711,134.5725,134.2637,133.9446,133.6154,133.2759,132.9264,132.5667,132.1969,131.817,133.3181
28.30465,26.73771,25.34238,23.79732,22.2677,20.75366,19.25536,17.7729,16.30644,14.85609,13.42198,12.00424,10.67274,9.340427,7.955065,6.630147,5.304723,3.978896,2.670218,1.33516,0,-1.36134,-2.740028,-4.135958,-5.583919,-7.022721,-8.478425,-9.950912,-11.44006,-13.02421,-14.55501,-16.10209,-17.66531,-19.01814,-19.74283,-20.62314,-21.29348,-22.0236,-22.52656,-23.60181,-24.31074,-25.33074,-26.52245,-27.71214,-28.89973,-30.08511,-31.2682,-32.44891,-33.62714,-34.80282,-35.97585,-37.14613,-38.31359,-39.47813,-40.63967,-41.79811,-42.95336,-44.10535,-45.90511
161.5085,159.7783,160.0055,159.2316,158.4429,157.6397,156.8223,155.9908,155.1454,153.291,153.414,152.5284,152.6273,152.7146,151.7917,151.8553,151.9074,151.9479,152.9767,152.9942,155,155.9941,157.9759,157.9459,158.9031,160.8468,161.778,162.696,163.6005,164.4914,166.3645,167.2266,168.0742,166.9201,160.7925,156.6483,151.511,147.3634,142.2271,141.0388,137.8731,136.6724,136.4462,136.2095,135.9625,135.7051,135.4374,135.1594,134.8711,134.5725,134.2637,133.9446,133.6154,133.2759,132.9264,132.5667,132.1969,131.817,133.3181
28.4783,26.73771,25.34238,23.79732,22.2677,20.75366,19.25536,17.7729,16.30644,14.76025,13.42198,12.00424,10.67274,9.340427,7.955065,6.630147,5.304723,3.978896,2.670218,1.33516,0,-1.36134,-2.75748,-4.135958,-5.54902,-7.022721,-8.478425,-9.950912,-11.44006,-12.94575,-14.55501,-16.10209,-17.66531,-19.01814,-19.74283,-20.62314,-21.29348,-22.0236,-22.52656,-23.60181,-24.31074,-25.33074,-26.52245,-27.71214,-28.89973,-30.08511,-31.2682,-32.44891,-33.62714,-34.80282,-35.97585,-37.14613,-38.31359,-39.47813,-40.63967,-41.79811,-42.95336,-44.10535,-45.90511
160.5237,159.7783,160.0055,159.2316,157.4526,157.6397,156.8223,155.9908,155.1454,155.2818,153.414,152.5284,152.6273,152.7146,151.7917,151.8553,151.9074,151.9479,152.9767,152.9942,154,155.9941,156.9761,157.9459,159.9025,160.8468,161.778,162.696,163.6005,164.4914,166.3645,167.2266,168.0742,166.9201,161.785,156.6483,151.511,147.3634,142.2271,141.0388,137.8731,136.6724,136.4462,136.2095,135.9625,135.7051,135.4374,135.1594,134.8711,134.5725,134.2637,133.9446,133.6154,133.2759,132.9264,132.5667,132.1969,131.817,133.3181
28.30465,26.73771,25.34238,23.79732,22.12852,20.75366,19.25536,17.7729,16.30644,14.95194,13.42198,12.00424,10.67274,9.340427,7.955065,6.630147,5.304723,3.978896,2.670218,1.33516,0,-1.36134,-2.740028,-4.135958,-5.583919,-7.022721,-8.478425,-9.950912,-11.44006,-12.94575,-14.55501,-16.10209,-17.66531,-19.01814,-19.8647,-20.62314,-21.29348,-22.0236,-22.52656,-23.60181,-24.31074,-25.33074,-26.52245,-27.71214,-28.89973,-30.08511,-31.2682,-32.44891,-33.62714,-34.80282,-35.97585,-37.14613,-38.31359,-39.47813,-40.63967,-41.79811,-42.95336,-44.10535,-45.90511
158.554,159.7783,160.0055,159.2316,158.4429,157.6397,156.8223,155.9908,155.1454,154.2864,153.414,153.5253,152.6273,152.7146,151.7917,151.8553,151.9074,151.9479,152.9767,152.9942,155,155.9941,156.9761,157.9459,158.9031,160.8468,161.778,162.696,163.6005,164.4914,165.3683,168.222,168.0742,166.9201,160.7925,156.6483,151.511,147.3634,142.2271,141.0388,137.8731,136.6724,136.4462,136.2095,135.9625,135.7051,135.4374,135.1594,134.8711,134.5725,134.2637,133.9446,133.6154,133.2759,132.9264,132.5667,132.1969,131.817,132.3726
27.95736,26.73771,25.34238,23.79732,22.2677,20.75366,19.25536,17.7729,16.30644,14.85609,13.42198,12.0827,10.67274,9.340427,7.955065,6.630147,5.304723,3.978896,2.670218,1.33516,0,-1.36134,-2.740028,-4.135958,-5.54902,-7.022721,-8.478425,-9.950912,-11.44006,-12.94575,-14.46785,-16.19793,-17.66531,-19.01814,-19.74283,-20.62314,-21.29348,-22.0236,-22.52656,-23.60181,-24.31074,-25.33074,-26.52245,-27.71214,-28.89973,-30.08511,-31.2682,-32.44891,-33.62714,-34.80282,-35.97585,-37.14613,-38.31359,-39.47813,-40.63967,-41.79811,-42.95336,-44.10535,-45.57954
