157.5692,160.7646,160.9932,160.2206,159.4332,158.6312,157.8148,156.9844,156.1399,155.2818,154.4102,153.5253,153.6249,153.7128,152.7903,152.8544,151.9074,152.9476,153.9765,153.9941,156,156.994,157.9759,158.9455,159.9025,161.8458,162.7766,163.6941,164.5981,165.4883,167.3607,168.222,169.0687,166.9201,161.785,156.6483,151.511,147.3634,142.2271,141.0388,138.8579,137.6557,137.4278,137.1895,136.9407,136.6814,136.4118,136.1318,135.8414,135.5407,135.2296,134.9083,134.5766,134.2348,133.8827,133.5204,133.1479,132.7653,131.4271
27.78371,26.90276,25.49882,23.94512,22.40687,20.88419,19.37723,17.88611,16.41097,14.95194,13.50914,12.0827,10.7425,9.401475,8.007401,6.673766,5.304723,4.005073,2.687671,1.343886,0,-1.370066,-2.75748,-4.162135,-5.583919,-7.066341,-8.530761,-10.01196,-11.50982,-13.02421,-14.64216,-16.19793,-17.76984,-19.01814,-19.8647,-20.62314,-21.29348,-22.0236,-22.52656,-23.60181,-24.48439,-25.51297,-26.71326,-27.91151,-29.10764,-30.30155,-31.49315,-32.68235,-33.86907,-35.0532,-36.23467,-37.41337,-38.58923,-39.76215,-40.93204,-42.09881,-43.26238,-44.42265,-45.25397
157.5692,160.7646,160.9932,160.2206,159.4332,158.6312,157.8148,156.9844,156.1399,155.2818,154.4102,153.5253,153.6249,153.7128,152.7903,152.8544,152.9068,152.9476,153.9765,153.9941,156,156.994,157.9759,158.9455,159.9025,161.8458,162.7766,163.6941,164.5981,165.4883,167.3607,168.222,169.0687,166.9201,160.7925,156.6483,151.511,147.3634,143.2148,141.0388,138.8579,137.6557,137.4278,137.1895,136.9407,136.6814,136.4118,136.1318,135.8414,135.5407,135.2296,134.9083,134.5766,134.2348,133.8827,133.5204,133.1479,132.7653,132.3726
27.78371,26.90276,25.49882,23.94512,22.40687,20.88419,19.37723,17.88611,16.41097,14.95194,13.50914,12.0827,10.7425,9.401475,8.007401,6.673766,5.339623,4.005073,2.687671,1.343886,0,-1.370066,-2.75748,-4.162135,-5.583919,-7.066341,-8.530761,-10.01196,-11.50982,-13.02421,-14.64216,-16.19793,-17.76984,-19.01814,-19.74283,-20.62314,-21.29348,-22.0236,-22.683,-23.60181,-24.48439,-25.51297,-26.71326,-27.91151,-29.10764,-30.30155,-31.49315,-32.68235,-33.86907,-35.0532,-36.23467,-37.41337,-38.58923,-39.76215,-40.93204,-42.09881,-43.26238,-44.42265,-45.57954
159.5389,160.7646,160.9932,160.2206,159.4332,158.6312,157.8148,156.9844,156.1399,155.2818,154.4102,153.5253,153.6249,153.7128,152.7903,152.8544,152.9068,152.9476,153.9765,153.9941,156,156.994,157.9759,158.9455,159.9025,161.8458,162.7766,163.6941,164.5981,165.4883,167.3607,168.222,169.0687,166.9201,160.7925,156.6483,151.511,147.3634,142.2271,141.0388,138.8579,137.6557,137.4278,137.1895,136.9407,136.6814,136.4118,136.1318,135.8414,135.5407,135.2296,134.9083,134.5766,134.2348,133.8827,133.5204,133.1479,132.7653,132.3726
28.131,26.90276,25.49882,23.94512,22.40687,20.88419,19.37723,17.88611,16.41097,14.95194,13.50914,12.0827,10.7425,9.401475,8.007401,6.673766,5.339623,4.005073,2.687671,1.343886,0,-1.370066,-2.75748,-4.162135,-5.583919,-7.066341,-8.530761,-10.01196,-11.50982,-13.02421,-14.64216,-16.19793,-17.76984,-19.01814,-19.74283,-20.62314,-21.29348,-22.0236,-22.52656,-23.60181,-24.48439,-25.51297,-26.71326,-27.91151,-29.10764,-30.30155,-31.49315,-32.68235,-33.86907,-35.0532,-36.23467,-37.41337,-38.58923,-39.76215,-40.93204,-42.09881,-43.26238,-44.42265,-45.57954
160.5237,160.7646,160.9932,160.2206,159.4332,158.6312,157.8148,156.9844,156.1399,155.2818,154.4102,154.5222,153.6249,153.7128,151.7917,152.8544,152.9068,152.9476,153.9765,153.9941,156,156.994,157.9759,158.9455,159.9025,161.8458,162.7766,163.6941,164.5981,165.4883,167.3607,169.2174,169.0687,166.9201,160.7925,156.6483,151.511,147.3634,143.2148,141.0388,138.8579,137.6557,137.4278,137.1895,136.9407,136.6814,136.4118,136.1318,135.8414,135.5407,135.2296,134.9083,134.5766,134.2348,133.8827,133.5204,133.1479,132.7653,133.3181
28.30465,26.90276,25.49882,23.94512,22.40687,20.88419,19.37723,17.88611,16.41097,14.95194,13.50914,12.16116,10.7425,9.401475,7.955065,6.673766,5.339623,4.005073,2.687671,1.343886,0,-1.370066,-2.75748,-4.162135,-5.583919,-7.066341,-8.530761,-10.01196,-11.50982,-13.02421,-14.64216,-16.29378,-17.76984,-19.01814,-19.74283,-20.62314,-21.29348,-22.0236,-22.683,-23.60181,-24.48439,-25.51297,-26.71326,-27.91151,-29.10764,-30.30155,-31.49315,-32.68235,-33.86907,-35.0532,-36.23467,-37.41337,-38.58923,-39.76215,-40.93204,-42.09881,-43.26238,-44.42265,-45.90511
159.5389,160.7646,160.9932,160.2206,159.4332,158.6312,157.8148,156.9844,156.1399,155.2818,154.4102,153.5253,153.6249,153.7128,152.7903,152.8544,152.9068,152.9476,153.9765,153.9941,155,156.994,157.9759,159.9452,159.9025,161.8458,162.7766,163.6941,164.5981,165.4883,167.3607,169.2174,169.0687,166.9201,160.7925,156.6483,151.511,147.3634,142.2271,141.0388,138.8579,137.6557,137.4278,137.1895,136.9407,136.6814,136.4118,136.1318,135.8414,135.5407,135.2296,134.9083,134.5766,134.2348,133.8827,133.5204,133.1479,132.7653,133.3181
28.131,26.90276,25.49882,23.94512,22.40687,20.88419,19.37723,17.88611,16.41097,14.95194,13.50914,12.0827,10.7425,9.401475,8.007401,6.673766,5.339623,4.005073,2.687671,1.343886,0,-1.370066,-2.75748,-4.188312,-5.583919,-7.066341,-8.530761,-10.01196,-11.50982,-13.02421,-14.64216,-16.29378,-17.76984,-19.01814,-19.74283,-20.62314,-21.29348,-22.0236,-22.52656,-23.60181,-24.48439,-25.51297,-26.71326,-27.91151,-29.10764,-30.30155,-31.49315,-32.68235,-33.86907,-35.0532,-36.23467,-37.41337,-38.58923,-39.76215,-40.93204,-42.09881,-43.26238,-44.42265,-45.90511
158.554,160.7646,160.9932,160.2206,159.4332,158.6312,157.8148,156.9844,156.1399,155.2818,154.4102,153.5253,153.6249,153.7128,152.7903,152.8544,151.9074,152.9476,153.9765,153.9941,156,156.994,157.9759,158.9455,160.9019,161.8458,162.7766,163.6941,164.5981,165.4883,167.3607,168.222,169.0687,167.9136,160.7925,156.6483,150.5207,147.3634,142.2271,141.0388,138.8579,137.6557,137.4278,137.1895,136.9407,136.6814,136.4118,136.1318,135.8414,135.5407,135.2296,134.9083,134.5766,134.2348,133.8827,133.5204,133.1479,132.7653,133.3181
27.95736,26.90276,25.49882,23.94512,22.40687,20.88419,19.37723,17.88611,16.41097,14.95194,13.50914,12.0827,10.7425,9.401475,8.007401,6.673766,5.304723,4.005073,2.687671,1.343886,0,-1.370066,-2.75748,-4.162135,-5.618819,-7.066341,-8.530761,-10.01196,-11.50982,-13.02421,-14.64216,-16.19793,-17.76984,-19.13134,-19.74283,-20.62314,-21.15431,-22.0236,-22.52656,-23.60181,-24.48439,-25.51297,-26.71326,-27.91151,-29.10764,-30.30155,-31.49315,-32.68235,-33.86907,-35.0532,-36.23467,-37.41337,-38.58923,-39.76215,-40.93204,-42.09881,-43.26238,-44.42265,-45.90511
161.5085,159.7783,160.9932,160.2206,159.4332,158.6312,157.8148,156.9844,156.1399,155.2818,154.4102,154.5222,153.6249,153.7128,152.7903,151.8553,152.9068,152.9476,153.9765,153.9941,155,156.994,157.9759,159.9452,160.9019,161.8458,163.7752,163.6941,164.5981,165.4883,167.3607,168.222,169.0687,166.9201,160.7925,156.6483,151.511,147.3634,143.2148,141.0388,138.8579,137.6557,137.4278,137.1895,136.9407,136.6814,136.4118,136.1318,135.8414,135.5407,135.2296,134.9083,134.5766,134.2348,133.8827,133.5204,133.1479,132.7653,133.3181
28.4783,26.73771,25.49882,23.94512,22.40687,20.88419,19.37723,17.88611,16.41097,14.95194,13.50914,12.16116,10.7425,9.401475,8.007401,6.630147,5.339623,4.005073,2.687671,1.343886,0,-1.370066,-2.75748,-4.188312,-5.618819,-7.066341,-8.583097,-10.01196,-11.50982,-13.02421,-14.64216,-16.19793,-17.76984,-19.01814,-19.74283,-20.62314,-21.29348,-22.0236,-22.683,-23.60181,-24.48439,-25.51297,-26.71326,-27.91151,-29.10764,-30.30155,-31.49315,-32.68235,-33.86907,-35.0532,-36.23467,-37.41337,-38.58923,-39.76215,-40.93204,-42.09881,-43.26238,-44.42265,-45.90511
159.5389,161.7508,160.9932,160.2206,159.4332,158.6312,157.8148,156.9844,157.1345,155.2818,155.4064,153.5253,153.6249,153.7128,152.7903,152.8544,152.9068,152.9476,153.9765,153.9941,156,156.994,157.9759,158.9455,159.9025,161.8458,162.7766,163.6941,164.5981,165.4883,167.3607,168.222,169.0687,166.9201,160.7925,156.6483,151.511,147.3634,142.2271,141.0388,138.8579,137.6557,137.4278,137.1895,136.9407,136.6814,136.4118,136.1318,135.8414,135.5407,135.2296,134.9083,134.5766,134.2348,133.8827,133.5204,133.1479,132.7653,132.3726
28.131,27.06781,25.49882,23.94512,22.40687,20.88419,19.37723,17.88611,16.5155,14.95194,13.5963,12.0827,10.7425,9.401475,8.007401,6.673766,5.339623,4.005073,2.687671,1.343886,0,-1.370066,-2.75748,-4.162135,-5.583919,-7.066341,-8.530761,-10.01196,-11.50982,-13.02421,-14.64216,-16.19793,-17.76984,-19.01814,-19.74283,-20.62314,-21.29348,-22.0236,-22.52656,-23.60181,-24.48439,-25.51297,-26.71326,-27.91151,-29.10764,-30.30155,-31.49315,-32.68235,-33.86907,-35.0532,-36.23467,-37.41337,-38.58923,-39.76215,-40.93204,-42.09881,-43.26238,-44.42265,-45.57954
159.5389,160.7646,160.9932,160.2206,159.4332,158.6312,157.8148,156.9844,156.1399,155.2818,154.4102,153.5253,153.6249,153.7128,152.7903,152.8544,152.9068,152.9476,153.9765,153.9941,156,156.994,157.9759,158.9455,159.9025,161.8458,162.7766,163.6941,164.5981,165.4883,167.3607,168.222,170.0632,167.9136,160.7925,156.6483,151.511,147.3634,142.2271,141.0388,138.8579,137.6557,137.4278,137.1895,136.9407,136.6814,136.4118,136.1318,135.8414,135.5407,135.2296,134.9083,134.5766,134.2348,133.8827,133.5204,133.1479,132.7653,133.3181
28.131,26.90276,25.49882,23.94512,22.40687,20.88419,19.37723,17.88611,16.41097,14.95194,13.50914,12.0827,10.7425,9.401475,8.007401,6.673766,5.339623,4.005073,2.687671,1.343886,0,-1.370066,-2.75748,-4.162135,-5.583919,-7.066341,-8.530761,-10.01196,-11.50982,-13.02421,-14.64216,-16.19793,-17.87437,-19.13134,-19.74283,-20.62314,-21.29348,-22.0236,-22.52656,-23.60181,-24.48439,-25.51297,-26.71326,-27.91151,-29.10764,-30.30155,-31.49315,-32.68235,-33.86907,-35.0532,-36.23467,-37.41337,-38.58923,-39.76215,-40.93204,-42.09881,-43.26238,-44.42265,-45.90511
160.5237,160.7646,160.9932,160.2206,159.4332,158.6312,157.8148,156.9844,156.1399,155.2818,154.4102,153.5253,153.6249,153.7128,152.7903,152.8544,152.9068,152.9476,153.9765,153.9941,156,156.994,157.9759,158.9455,159.9025,161.8458,162.7766,163.6941,164.5981,165.4883,166.3645,168.222,170.0632,166.9201,161.785,156.6483,151.511,147.3634,142.2271,141.0388,138.8579,137.6557,137.4278,137.1895,136.9407,136.6814,136.4118,136.1318,135.8414,135.5407,135.2296,134.9083,134.5766,134.2348,133.8827,133.5204,133.1479,132.7653,133.3181
28.30465,26.90276,25.49882,23.94512,22.40687,20.88419,19.37723,17.88611,16.41097,14.95194,13.50914,12.0827,10.7425,9.401475,8.007401,6.673766,5.339623,4.005073,2.687671,1.343886,0,-1.370066,-2.75748,-4.162135,-5.583919,-7.066341,-8.530761,-10.01196,-11.50982,-13.02421,-14.55501,-16.19793,-17.87437,-19.01814,-19.8647,-20.62314,-21.29348,-22.0236,-22.52656,-23.60181,-24.48439,-25.51297,-26.71326,-27.91151,-29.10764,-30.30155,-31.49315,-32.68235,-33.86907,-35.0532,-36.23467,-37.41337,-38.58923,-39.76215,-40.93204,-42.09881,-43.26238,-44.42265,-45.90511
157.5692,159.7783,160.9932,160.2206,159.4332,158.6312,157.8148,155.9908,156.1399,156.2772,154.4102,154.5222,153.6249,153.7128,152.7903,152.8544,152.9068,152.9476,153.9765,153.9941,155,156.994,157.9759,158.9455,159.9025,161.8458,162.7766,163.6941,164.5981,165.4883,167.3607,168.222,169.0687,166.9201,160.7925,156.6483,151.511,147.3634,142.2271,141.0388,138.8579,137.6557,137.4278,137.1895,136.9407,136.6814,136.4118,136.1318,135.8414,135.5407,135.2296,134.9083,134.5766,134.2348,133.8827,133.5204,133.1479,132.7653,133.3181
27.78371,26.73771,25.49882,23.94512,22.40687,20.88419,19.37723,17.7729,16.41097,15.04778,13.50914,12.16116,10.7425,9.401475,8.007401,6.673766,5.339623,4.005073,2.687671,1.343886,0,-1.370066,-2.75748,-4.162135,-5.583919,-7.066341,-8.530761,-10.01196,-11.50982,-13.02421,-14.64216,-16.19793,-17.76984,-19.01814,-19.74283,-20.62314,-21.29348,-22.0236,-22.52656,-23.60181,-24.48439,-25.51297,-26.71326,-27.91151,-29.10764,-30.30155,-31.49315,-32.68235,-33.86907,-35.0532,-36.23467,-37.41337,-38.58923,-39.76215,-40.93204,-42.09881,-43.26238,-44.42265,-45.90511
161.5085,160.7646,160.9932,160.2206,159.4332,158.6312,157.8148,156.9844,156.1399,155.2818,154.4102,153.5253,153.6249,153.7128,152.7903,152.8544,151.9074,152.9476,153.9765,154.9941,155,156.994,157.9759,158.9455,159.9025,160.8468,162.7766,163.6941,164.5981,165.4883,167.3607,168.222,169.0687,166.9201,161.785,156.6483,151.511,147.3634,142.2271,141.0388,138.8579,137.6557,137.4278,138.1694,136.9407,136.6814,136.4118,136.1318,135.8414,135.5407,135.2296,134.9083,134.5766,134.2348,133.8827,133.5204,133.1479,132.7653,133.3181
28.4783,26.90276,25.49882,23.94512,22.40687,20.88419,19.37723,17.88611,16.41097,14.95194,13.50914,12.0827,10.7425,9.401475,8.007401,6.673766,5.304723,4.005073,2.687671,1.352613,0,-1.370066,-2.75748,-4.162135,-5.583919,-7.022721,-8.530761,-10.01196,-11.50982,-13.02421,-14.64216,-16.19793,-17.76984,-19.01814,-19.8647,-20.62314,-21.29348,-22.0236,-22.52656,-23.60181,-24.48439,-25.51297,-26.71326,-28.11088,-29.10764,-30.30155,-31.49315,-32.68235,-33.86907,-35.0532,-36.23467,-37.41337,-38.58923,-39.76215,-40.93204,-42.09881,-43.26238,-44.42265,-45.90511
162.4933,160.7646,160.9932,160.2206,159.4332,158.6312,157.8148,156.9844,156.1399,155.2818,154.4102,153.5253,153.6249,153.7128,152.7903,152.8544,152.9068,152.9476,153.9765,154.9941,155,156.994,157.9759,158.9455,160.9019,161.8458,162.7766,163.6941,164.5981,165.4883,167.3607,168.222,169.0687,167.9136,161.785,156.6483,151.511,147.3634,143.2148,141.0388,138.8579,137.6557,137.4278,137.1895,136.9407,136.6814,136.4118,136.1318,135.8414,135.5407,135.2296,134.9083,134.5766,134.2348,133.8827,133.5204,133.1479,132.7653,133.3181
28.65195,26.90276,25.49882,23.94512,22.40687,20.88419,19.37723,17.88611,16.41097,14.95194,13.50914,12.0827,10.7425,9.401475,8.007401,6.673766,5.339623,4.005073,2.687671,1.352613,0,-1.370066,-2.75748,-4.162135,-5.618819,-7.066341,-8.530761,-10.01196,-11.50982,-13.02421,-14.64216,-16.19793,-17.76984,-19.13134,-19.8647,-20.62314,-21.29348,-22.0236,-22.683,-23.60181,-24.48439,-25.51297,-26.71326,-27.91151,-29.10764,-30.30155,-31.49315,-32.68235,-33.86907,-35.0532,-36.23467,-37.41337,-38.58923,-39.76215,-40.93204,-42.09881,-43.26238,-44.42265,-45.90511
160.5237,160.7646,160.9932,160.2206,159.4332,158.6312,157.8148,156.9844,156.1399,155.2818,155.4064,153.5253,153.6249,153.7128,152.7903,151.8553,152.9068,152.9476,153.9765,154.9941,156,156.994,158.9758,158.9455,159.9025,161.8458,162.7766,163.6941,164.5981,165.4883,167.3607,168.222,169.0687,167.9136,159.7999,156.6483,151.511,147.3634,142.2271,141.0388,138.8579,137.6557,137.4278,137.1895,136.9407,136.6814,136.4118,136.1318,135.8414,135.5407,135.2296,134.9083,134.5766,134.2348,133.8827,133.5204,133.1479,132.7653,133.3181
28.30465,26.90276,25.49882,23.94512,22.40687,20.88419,19.37723,17.88611,16.41097,14.95194,13.5963,12.0827,10.7425,9.401475,8.007401,6.630147,5.339623,4.005073,2.687671,1.352613,0,-1.370066,-2.774933,-4.162135,-5.583919,-7.066341,-8.530761,-10.01196,-11.50982,-13.02421,-14.64216,-16.19793,-17.76984,-19.13134,-19.62096,-20.62314,-21.29348,-22.0236,-22.52656,-23.60181,-24.48439,-25.51297,-26.71326,-27.91151,-29.10764,-30.30155,-31.49315,-32.68235,-33.86907,-35.0532,-36.23467,-37.41337,-38.58923,-39.76215,-40.93204,-42.09881,-43.26238,-44.42265,-45.90511
160.5237,160.7646,160.9932,160.2206,159.4332,158.6312,157.8148,156.9844,157.1345,156.2772,155.4064,153.5253,153.6249,153.7128,152.7903,152.8544,152.9068,152.9476,153.9765,153.9941,155,156.994,157.9759,158.9455,159.9025,161.8458,162.7766,163.6941,164.5981,165.4883,167.3607,168.222,169.0687,166.9201,160.7925,156.6483,151.511,147.3634,142.2271,141.0388,138.8579,137.6557,137.4278,137.1895,136.9407,136.6814,136.4118,136.1318,135.8414,135.5407,135.2296,134.9083,134.5766,134.2348,133.8827,133.5204,133.1479,132.7653,133.3181
28.30465,26.90276,25.49882,23.94512,22.40687,20.88419,19.37723,17.88611,16.5155,15.04778,13.5963,12.0827,10.7425,9.401475,8.007401,6.673766,5.339623,4.005073,2.687671,1.343886,0,-1.370066,-2.75748,-4.162135,-5.583919,-7.066341,-8.530761,-10.01196,-11.50982,-13.02421,-14.64216,-16.19793,-17.76984,-19.01814,-19.74283,-20.62314,-21.29348,-22.0236,-22.52656,-23.60181,-24.48439,-25.51297,-26.71326,-27.91151,-29.10764,-30.30155,-31.49315,-32.68235,-33.86907,-35.0532,-36.23467,-37.41337,-38.58923,-39.76215,-40.93204,-42.09881,-43.26238,-44.42265,-45.90511
159.5389,160.7646,160.9932,160.2206,159.4332,158.6312,157.8148,156.9844,156.1399,155.2818,154.4102,153.5253,153.6249,153.7128,152.7903,152.8544,152.9068,152.9476,153.9765,153.9941,155,156.994,157.9759,159.9452,160.9019,161.8458,162.7766,163.6941,164.5981,165.4883,167.3607,168.222,169.0687,166.9201,160.7925,156.6483,151.511,147.3634,142.2271,140.0526,138.8579,137.6557,138.4094,137.1895,136.9407,136.6814,136.4118,136.1318,135.8414,135.5407,135.2296,134.9083,134.5766,134.2348,133.8827,133.5204,133.1479,132.7653,133.3181
28.131,26.90276,25.49882,23.94512,22.40687,20.88419,19.37723,17.88611,16.41097,14.95194,13.50914,12.0827,10.7425,9.401475,8.007401,6.673766,5.339623,4.005073,2.687671,1.343886,0,-1.370066,-2.75748,-4.188312,-5.618819,-7.066341,-8.530761,-10.01196,-11.50982,-13.02421,-14.64216,-16.19793,-17.76984,-19.01814,-19.74283,-20.62314,-21.29348,-22.0236,-22.52656,-23.43676,-24.48439,-25.51297,-26.90407,-27.91151,-29.10764,-30.30155,-31.49315,-32.68235,-33.86907,-35.0532,-36.23467,-37.41337,-38.58923,-39.76215,-40.93204,-42.09881,-43.26238,-44.42265,-45.90511
161.5085,160.7646,160.9932,160.2206,159.4332,158.6312,157.8148,156.9844,156.1399,155.2818,154.4102,153.5253,153.6249,153.7128,152.7903,152.8544,152.9068,152.9476,153.9765,153.9941,156,156.994,157.9759,159.9452,159.9025,161.8458,162.7766,163.6941,164.5981,165.4883,167.3607,168.222,169.0687,166.9201,160.7925,156.6483,151.511,147.3634,142.2271,141.0388,138.8579,137.6557,137.4278,137.1895,136.9407,136.6814,136.4118,136.1318,135.8414,135.5407,135.2296,134.9083,134.5766,134.2348,133.8827,133.5204,133.1479,132.7653,133.3181
28.4783,26.90276,25.49882,23.94512,22.40687,20.88419,19.37723,17.88611,16.41097,14.95194,13.50914,12.0827,10.7425,9.401475,8.007401,6.673766,5.339623,4.005073,2.687671,1.343886,0,-1.370066,-2.75748,-4.188312,-5.583919,-7.066341,-8.530761,-10.01196,-11.50982,-13.02421,-14.64216,-16.19793,-17.76984,-19.01814,-19.74283,-20.62314,-21.29348,-22.0236,-22.52656,-23.60181,-24.48439,-25.51297,-26.71326,-27.91151,-29.10764,-30.30155,-31.49315,-32.68235,-33.86907,-35.0532,-36.23467,-37.41337,-38.58923,-39.76215,-40.93204,-42.09881,-43.26238,-44.42265,-45.90511
161.5085,160.7646,160.9932,160.2206,159.4332,158.6312,157.8148,157.9779,156.1399,155.2818,154.4102,153.5253,153.6249,153.7128,151.7917,152.8544,151.9074,152.9476,153.9765,153.9941,156,156.994,157.9759,159.9452,159.9025,161.8458,162.7766,163.6941,164.5981,165.4883,167.3607,168.222,169.0687,167.9136,160.7925,156.6483,151.511,147.3634,143.2148,141.0388,138.8579,137.6557,137.4278,137.1895,136.9407,136.6814,136.4118,136.1318,135.8414,135.5407,135.2296,134.9083,134.5766,134.2348,133.8827,133.5204,133.1479,132.7653,133.3181
28.4783,26.90276,25.49882,23.94512,22.40687,20.88419,19.37723,17.99931,16.41097,14.95194,13.50914,12.0827,10.7425,9.401475,7.955065,6.673766,5.304723,4.005073,2.687671,1.343886,0,-1.370066,-2.75748,-4.188312,-5.583919,-7.066341,-8.530761,-10.01196,-11.50982,-13.02421,-14.64216,-16.19793,-17.76984,-19.13134,-19.74283,-20.62314,-21.29348,-22.0236,-22.683,-23.60181,-24.48439,-25.51297,-26.71326,-27.91151,-29.10764,-30.30155,-31.49315,-32.68235,-33.86907,-35.0532,-36.23467,-37.41337,-38.58923,-39.76215,-40.93204,-42.09881,-43.26238,-44.42265,-45.90511
159.5389,160.7646,160.9932,160.2206,159.4332,158.6312,157.8148,156.9844,156.1399,155.2818,154.4102,153.5253,153.6249,153.7128,152.7903,152.8544,152.9068,152.9476,153.9765,153.9941,156,156.994,157.9759,158.9455,159.9025,161.8458,162.7766,163.6941,164.5981,165.4883,167.3607,168.222,169.0687,166.9201,160.7925,156.6483,151.511,147.3634,142.2271,141.0388,138.8579,138.6389,137.4278,137.1895,136.9407,136.6814,136.4118,136.1318,135.8414,135.5407,135.2296,134.9083,134.5766,134.2348,133.8827,133.5204,133.1479,132.7653,133.3181
28.131,26.90276,25.49882,23.94512,22.40687,20.88419,19.37723,17.88611,16.41097,14.95194,13.50914,12.0827,10.7425,9.401475,8.007401,6.673766,5.339623,4.005073,2.687671,1.343886,0,-1.370066,-2.75748,-4.162135,-5.583919,-7.066341,-8.530761,-10.01196,-11.50982,-13.02421,-14.64216,-16.19793,-17.76984,-19.01814,-19.74283,-20.62314,-21.29348,-22.0236,-22.52656,-23.60181,-24.48439,-25.69521,-26.71326,-27.91151,-29.10764,-30.30155,-31.49315,-32.68235,-33.86907,-35.0532,-36.23467,-37.41337,-38.58923,-39.76215,-40.93204,-42.09881,-43.26238,-44.42265,-45.90511
160.5237,160.7646,160.9932,160.2206,159.4332,158.6312,157.8148,156.9844,156.1399,155.2818,154.4102,153.5253,153.6249,153.7128,152.7903,152.8544,152.9068,152.9476,153.9765,153.9941,156,156.994,157.9759,159.9452,159.9025,161.8458,162.7766,163.6941,164.5981,165.4883,167.3607,168.222,169.0687,166.9201,160.7925,156.6483,151.511,147.3634,142.2271,141.0388,138.8579,137.6557,137.4278,137.1895,136.9407,136.6814,136.4118,136.1318,135.8414,135.5407,135.2296,134.9083,134.5766,134.2348,133.8827,133.5204,133.1479,132.7653,132.3726
28.30465,26.90276,25.49882,23.94512,22.40687,20.88419,19.37723,17.88611,16.41097,14.95194,13.50914,12.0827,10.7425,9.401475,8.007401,6.673766,5.339623,4.005073,2.687671,1.343886,0,-1.370066,-2.75748,-4.188312,-5.583919,-7.066341,-8.530761,-10.01196,-11.50982,-13.02421,-14.64216,-16.19793,-17.76984,-19.01814,-19.74283,-20.62314,-21.29348,-22.0236,-22.52656,-23.60181,-24.48439,-25.51297,-26.71326,-27.91151,-29.10764,-30.30155,-31.49315,-32.68235,-33.86907,-35.0532,-36.23467,-37.41337,-38.58923,-39.76215,-40.93204,-42.09881,-43.26238,-44.42265,-45.57954
158.554,160.7646,160.9932,160.2206,159.4332,158.6312,157.8148,156.9844,156.1399,155.2818,154.4102,153.5253,153.6249,153.7128,152.7903,151.8553,152.9068,152.9476,153.9765,153.9941,156,156.994,157.9759,158.9455,159.9025,161.8458,162.7766,163.6941,164.5981,165.4883,167.3607,168.222,169.0687,166.9201,160.7925,156.6483,151.511,147.3634,142.2271,141.0388,138.8579,137.6557,137.4278,137.1895,136.9407,136.6814,136.4118,136.1318,135.8414,135.5407,135.2296,134.9083,134.5766,134.2348,133.8827,133.5204,133.1479,132.7653,133.3181
27.95736,26.90276,25.49882,23.94512,22.40687,20.88419,19.37723,17.88611,16.41097,14.95194,13.50914,12.0827,10.7425,9.401475,8.007401,6.630147,5.339623,4.005073,2.687671,1.343886,0,-1.370066,-2.75748,-4.162135,-5.583919,-7.066341,-8.530761,-10.01196,-11.50982,-13.02421,-14.64216,-16.19793,-17.76984,-19.01814,-19.74283,-20.62314,-21.29348,-22.0236,-22.52656,-23.60181,-24.48439,-25.51297,-26.71326,-27.91151,-29.10764,-30.30155,-31.49315,-32.68235,-33.86907,-35.0532,-36.23467,-37.41337,-38.58923,-39.76215,-40.93204,-42.09881,-43.26238,-44.42265,-45.90511
158.554,160.7646,160.9932,160.2206,158.4429,158.6312,157.8148,156.9844,156.1399,156.2772,154.4102,153.5253,153.6249,153.7128,152.7903,152.8544,152.9068,152.9476,153.9765,153.9941,156,156.994,157.9759,158.9455,160.9019,161.8458,162.7766,163.6941,164.5981,165.4883,167.3607,168.222,170.0632,166.9201,159.7999,156.6483,151.511,147.3634,142.2271,141.0388,138.8579,137.6557,137.4278,137.1895,136.9407,136.6814,136.4118,136.1318,135.8414,135.5407,135.2296,134.9083,134.5766,134.2348,133.8827,133.5204,133.1479,132.7653,132.3726
27.95736,26.90276,25.49882,23.94512,22.2677,20.88419,19.37723,17.88611,16.41097,15.04778,13.50914,12.0827,10.7425,9.401475,8.007401,6.673766,5.339623,4.005073,2.687671,1.343886,0,-1.370066,-2.75748,-4.162135,-5.618819,-7.066341,-8.530761,-10.01196,-11.50982,-13.02421,-14.64216,-16.19793,-17.87437,-19.01814,-19.62096,-20.62314,-21.29348,-22.0236,-22.52656,-23.60181,-24.48439,-25.51297,-26.71326,-27.91151,-29.10764,-30.30155,-31.49315,-32.68235,-33.86907,-35.0532,-36.23467,-37.41337,-38.58923,-39.76215,-40.93204,-42.09881,-43.26238,-44.42265,-45.57954
159.5389,160.7646,160.9932,160.2206,159.4332,158.6312,157.8148,156.9844,156.1399,155.2818,154.4102,153.5253,153.6249,153.7128,152.7903,152.8544,152.9068,152.9476,153.9765,153.9941,155,156.994,157.9759,158.9455,159.9025,161.8458,162.7766,163.6941,164.5981,165.4883,167.3607,168.222,169.0687,166.9201,159.7999,156.6483,151.511,147.3634,142.2271,141.0388,138.8579,137.6557,137.4278,138.1694,136.9407,136.6814,136.4118,136.1318,135.8414,135.5407,135.2296,134.9083,134.5766,134.2348,133.8827,133.5204,133.1479,132.7653,133.3181
28.131,26.90276,25.49882,23.94512,22.40687,20.88419,19.37723,17.88611,16.41097,14.95194,13.50914,12.0827,10.7425,9.401475,8.007401,6.673766,5.339623,4.005073,2.687671,1.343886,0,-1.370066,-2.75748,-4.162135,-5.583919,-7.066341,-8.530761,-10.01196,-11.50982,-13.02421,-14.64216,-16.19793,-17.76984,-19.01814,-19.62096,-20.62314,-21.29348,-22.0236,-22.52656,-23.60181,-24.48439,-25.51297,-26.71326,-28.11088,-29.10764,-30.30155,-31.49315,-32.68235,-33.86907,-35.0532,-36.23467,-37.41337,-38.58923,-39.76215,-40.93204,-42.09881,-43.26238,-44.42265,-45.90511
160.5237,160.7646,160.9932,160.2206,159.4332,158.6312,157.8148,156.9844,156.1399,155.2818,154.4102,153.5253,153.6249,153.7128,152.7903,152.8544,152.9068,152.9476,153.9765,153.9941,155,156.994,157.9759,159.9452,160.9019,160.8468,162.7766,163.6941,164.5981,165.4883,167.3607,169.2174,169.0687,166.9201,160.7925,156.6483,151.511,147.3634,143.2148,141.0388,138.8579,137.6557,137.4278,137.1895,136.9407,136.6814,136.4118,136.1318,135.8414,135.5407,135.2296,134.9083,134.5766,134.2348,133.8827,133.5204,133.1479,132.7653,133.3181
28.30465,26.90276,25.49882,23.94512,22.40687,20.88419,19.37723,17.88611,16.41097,14.95194,13.50914,12.0827,10.7425,9.401475,8.007401,6.673766,5.339623,4.005073,2.687671,1.343886,0,-1.370066,-2.75748,-4.188312,-5.618819,-7.022721,-8.530761,-10.01196,-11.50982,-13.02421,-14.64216,-16.29378,-17.76984,-19.01814,-19.74283,-20.62314,-21.29348,-22.0236,-22.683,-23.60181,-24.48439,-25.51297,-26.71326,-27.91151,-29.10764,-30.30155,-31.49315,-32.68235,-33.86907,-35.0532,-36.23467,-37.41337,-38.58923,-39.76215,-40.93204,-42.09881,-43.26238,-44.42265,-45.90511
158.554,160.7646,160.9932,160.2206,159.4332,158.6312,157.8148,156.9844,156.1399,154.2864,154.4102,153.5253,153.6249,153.7128,153.7889,152.8544,151.9074,152.9476,153.9765,153.9941,155,156.994,157.9759,158.9455,160.9019,161.8458,162.7766,163.6941,164.5981,165.4883,167.3607,168.222,169.0687,166.9201,160.7925,156.6483,151.511,147.3634,142.2271,141.0388,138.8579,138.6389,137.4278,137.1895,136.9407,136.6814,136.4118,136.1318,135.8414,135.5407,135.2296,134.9083,134.5766,134.2348,133.8827,133.5204,133.1479,132.7653,132.3726
27.95736,26.90276,25.49882,23.94512,22.40687,20.88419,19.37723,17.88611,16.41097,14.85609,13.50914,12.0827,10.7425,9.401475,8.059737,6.673766,5.304723,4.005073,2.687671,1.343886,0,-1.370066,-2.75748,-4.162135,-5.618819,-7.066341,-8.530761,-10.01196,-11.50982,-13.02421,-14.64216,-16.19793,-17.76984,-19.01814,-19.74283,-20.62314,-21.29348,-22.0236,-22.52656,-23.60181,-24.48439,-25.69521,-26.71326,-27.91151,-29.10764,-30.30155,-31.49315,-32.68235,-33.86907,-35.0532,-36.23467,-37.41337,-38.58923,-39.76215,-40.93204,-42.09881,-43.26238,-44.42265,-45.57954
160.5237,160.7646,160.9932,160.2206,158.4429,158.6312,157.8148,156.9844,156.1399,155.2818,154.4102,153.5253,153.6249,153.7128,152.7903,152.8544,152.9068,152.9476,153.9765,153.9941,156,156.994,157.9759,158.9455,159.9025,161.8458,162.7766,163.6941,164.5981,165.4883,167.3607,168.222,169.0687,166.9201,160.7925,156.6483,151.511,147.3634,142.2271,141.0388,138.8579,137.6557,137.4278,137.1895,136.9407,136.6814,136.4118,136.1318,135.8414,135.5407,135.2296,134.9083,134.5766,134.2348,133.8827,133.5204,133.1479,132.7653,132.3726
28.30465,26.90276,25.49882,23.94512,22.2677,20.88419,19.37723,17.88611,16.41097,14.95194,13.50914,12.0827,10.7425,9.401475,8.007401,6.673766,5.339623,4.005073,2.687671,1.343886,0,-1.370066,-2.75748,-4.162135,-5.583919,-7.066341,-8.530761,-10.01196,-11.50982,-13.02421,-14.64216,-16.19793,-17.76984,-19.01814,-19.74283,-20.62314,-21.29348,-22.0236,-22.52656,-23.60181,-24.48439,-25.51297,-26.71326,-27.91151,-29.10764,-30.30155,-31.49315,-32.68235,-33.86907,-35.0532,-36.23467,-37.41337,-38.58923,-39.76215,-40.93204,-42.09881,-43.26238,-44.42265,-45.57954
159.5389,160.7646,160.9932,160.2206,159.4332,158.6312,157.8148,156.9844,156.1399,155.2818,154.4102,153.5253,153.6249,153.7128,152.7903,152.8544,152.9068,152.9476,153.9765,153.9941,156,156.994,157.9759,159.9452,159.9025,161.8458,162.7766,163.6941,164.5981,165.4883,167.3607,168.222,169.0687,167.9136,160.7925,156.6483,151.511,147.3634,142.2271,141.0388,138.8579,137.6557,137.4278,137.1895,136.9407,136.6814,136.4118,136.1318,135.8414,135.5407,135.2296,134.9083,134.5766,134.2348,133.8827,133.5204,133.1479,132.7653,133.3181
28.131,26.90276,25.49882,23.94512,22.40687,20.88419,19.37723,17.88611,16.41097,14.95194,13.50914,12.0827,10.7425,9.401475,8.007401,6.673766,5.339623,4.005073,2.687671,1.343886,0,-1.370066,-2.75748,-4.188312,-5.583919,-7.066341,-8.530761,-10.01196,-11.50982,-13.02421,-14.64216,-16.19793,-17.76984,-19.13134,-19.74283,-20.62314,-21.29348,-22.0236,-22.52656,-23.60181,-24.48439,-25.51297,-26.71326,-27.91151,-29.10764,-30.30155,-31.49315,-32.68235,-33.86907,-35.0532,-36.23467,-37.41337,-38.58923,-39.76215,-40.93204,-42.09881,-43.26238,-44.42265,-45.90511
160.5237,160.7646,160.9932,160.2206,159.4332,158.6312,157.8148,156.9844,156.1399,155.2818,154.4102,153.5253,153.6249,153.7128,152.7903,152.8544,152.9068,152.9476,153.9765,153.9941,155,156.994,157.9759,158.9455,159.9025,161.8458,162.7766,163.6941,164.5981,165.4883,167.3607,168.222,169.0687,166.9201,161.785,156.6483,151.511,147.3634,142.2271,141.0388,138.8579,137.6557,137.4278,137.1895,136.9407,136.6814,136.4118,136.1318,135.8414,135.5407,135.2296,134.9083,134.5766,134.2348,133.8827,133.5204,133.1479,132.7653,132.3726
28.30465,26.90276,25.49882,23.94512,22.40687,20.88419,19.37723,17.88611,16.41097,14.95194,13.50914,12.0827,10.7425,9.401475,8.007401,6.673766,5.339623,4.005073,2.687671,1.343886,0,-1.370066,-2.75748,-4.162135,-5.583919,-7.066341,-8.530761,-10.01196,-11.50982,-13.02421,-14.64216,-16.19793,-17.76984,-19.01814,-19.8647,-20.62314,-21.29348,-22.0236,-22.52656,-23.60181,-24.48439,-25.51297,-26.71326,-27.91151,-29.10764,-30.30155,-31.49315,-32.68235,-33.86907,-35.0532,-36.23467,-37.41337,-38.58923,-39.76215,-40.93204,-42.09881,-43.26238,-44.42265,-45.57954
160.5237,160.7646,160.9932,159.2316,159.4332,158.6312,157.8148,156.9844,157.1345,155.2818,155.4064,153.5253,153.6249,153.7128,152.7903,152.8544,152.9068,152.9476,153.9765,154.9941,155,156.994,157.9759,158.9455,159.9025,161.8458,162.7766,163.6941,164.5981,165.4883,167.3607,168.222,169.0687,166.9201,161.785,156.6483,151.511,147.3634,142.2271,141.0388,138.8579,137.6557,137.4278,137.1895,136.9407,136.6814,136.4118,136.1318,135.8414,135.5407,135.2296,134.9083,134.5766,134.2348,133.8827,133.5204,133.1479,132.7653,132.3726
28.30465,26.90276,25.49882,23.79732,22.40687,20.88419,19.37723,17.88611,16.5155,14.95194,13.5963,12.0827,10.7425,9.401475,8.007401,6.673766,5.339623,4.005073,2.687671,1.352613,0,-1.370066,-2.75748,-4.162135,-5.583919,-7.066341,-8.530761,-10.01196,-11.50982,-13.02421,-14.64216,-16.19793,-17.76984,-19.01814,-19.8647,-20.62314,-21.29348,-22.0236,-22.52656,-23.60181,-24.48439,-25.51297,-26.71326,-27.91151,-29.10764,-30.30155,-31.49315,-32.68235,-33.86907,-35.0532,-36.23467,-37.41337,-38.58923,-39.76215,-40.93204,-42.09881,-43.26238,-44.42265,-45.57954
160.5237,160.7646,160.9932,160.2206,159.4332,158.6312,157.8148,156.9844,156.1399,155.2818,154.4102,153.5253,153.6249,153.7128,152.7903,152.8544,152.9068,152.9476,153.9765,153.9941,155,156.994,157.9759,158.9455,160.9019,161.8458,162.7766,163.6941,164.5981,165.4883,167.3607,168.222,169.0687,166.9201,160.7925,156.6483,151.511,147.3634,142.2271,141.0388,138.8579,137.6557,137.4278,137.1895,136.9407,136.6814,136.4118,136.1318,135.8414,135.5407,135.2296,134.9083,134.5766,134.2348,133.8827,133.5204,133.1479,132.7653,133.3181
28.30465,26.90276,25.49882,23.94512,22.40687,20.88419,19.37723,17.88611,16.41097,14.95194,13.50914,12.0827,10.7425,9.401475,8.007401,6.673766,5.339623,4.005073,2.687671,1.343886,0,-1.370066,-2.75748,-4.162135,-5.618819,-7.066341,-8.530761,-10.01196,-11.50982,-13.02421,-14.64216,-16.19793,-17.76984,-19.01814,-19.74283,-20.62314,-21.29348,-22.0236,-22.52656,-23.60181,-24.48439,-25.51297,-26.71326,-27.91151,-29.10764,-30.30155,-31.49315,-32.68235,-33.86907,-35.0532,-36.23467,-37.41337,-38.58923,-39.76215,-40.93204,-42.09881,-43.26238,-44.42265,-45.90511
