161.1125,160.9586,160.7925,160.6141,160.4234,160.2206,160.0055,159.7783,159.5389,159.2873,159.0236,158.7478,158.4599,158.16,157.848,157.5239,158.1582,158.7762,160.3437,162.8535,167.2595,170.6699,175.0038,178.3451,176.8965,175.4399,173.0299,171.5608,170.0844,167.6643,166.1773,163.7535,162.2572,160.755,158.3268,157.7343,157.1298,157.4233,156.7912,157.0498,157.289,157.5084,156.8171,157.8879,157.1647,157.3083,157.4315,157.5344,165.4109
-16.93361,-18.33892,-19.74283,-21.14524,-22.54604,-23.94512,-25.34238,-26.73771,-28.131,-29.52216,-30.91106,-32.29761,-33.68169,-35.06322,-36.44207,-37.81815,-39.43327,-41.06232,-42.96396,-45.16329,-47.9609,-50.55473,-53.50402,-56.23198,-57.47716,-58.70136,-59.57897,-60.75285,-61.90565,-62.68712,-63.7895,-64.50422,-65.55615,-66.58692,-67.20575,-68.58484,-69.9587,-71.74193,-73.11296,-74.90893,-76.71495,-78.53082,-79.90233,-82.19125,-83.56594,-85.41142,-87.26573,-89.12866,-95.5
161.1125,160.9586,160.7925,160.6141,160.4234,160.2206,160.0055,159.7783,159.5389,159.2873,159.0236,158.7478,158.4599,158.16,158.8223,157.5239,158.1582,158.7762,160.3437,162.8535,167.2595,170.6699,175.0038,178.3451,176.8965,175.4399,173.0299,171.5608,169.1447,167.6643,166.1773,163.7535,162.2572,160.755,158.3268,157.7343,157.1298,156.5133,156.7912,157.0498,157.289,157.5084,157.7082,157.8879,157.1647,157.3083,157.4315,157.5344,165.4109
-16.93361,-18.33892,-19.74283,-21.14524,-22.54604,-23.94512,-25.34238,-26.73771,-28.131,-29.52216,-30.91106,-32.29761,-33.68169,-35.06322,-36.66702,-37.81815,-39.43327,-41.06232,-42.96396,-45.16329,-47.9609,-50.55473,-53.50402,-56.23198,-57.47716,-58.70136,-59.57897,-60.75285,-61.56363,-62.68712,-63.7895,-64.50422,-65.55615,-66.58692,-67.20575,-68.58484,-69.9587,-71.32724,-73.11296,-74.90893,-76.71495,-78.53082,-80.35632,-82.19125,-83.56594,-85.41142,-87.26573,-89.12866,-95.5
161.1125,160.9586,160.7925,160.6141,160.4234,160.2206,160.0055,159.7783,159.5389,159.2873,159.0236,158.7478,158.4599,158.16,157.848,158.4963,158.1582,158.7762,161.3096,162.8535,167.2595,170.6699,175.9601,179.2988,176.8965,175.4399,173.0299,171.5608,170.0844,168.601,166.1773,163.7535,162.2572,159.8312,158.3268,157.7343,157.1298,157.4233,156.7912,157.0498,157.289,157.5084,157.7082,157.8879,157.1647,157.3083,157.4315,157.5344,165.4109
-16.93361,-18.33892,-19.74283,-21.14524,-22.54604,-23.94512,-25.34238,-26.73771,-28.131,-29.52216,-30.91106,-32.29761,-33.68169,-35.06322,-36.44207,-38.05159,-39.43327,-41.06232,-43.22278,-45.16329,-47.9609,-50.55473,-53.79639,-56.53269,-57.47716,-58.70136,-59.57897,-60.75285,-61.90565,-63.03733,-63.7895,-64.50422,-65.55615,-66.20423,-67.20575,-68.58484,-69.9587,-71.74193,-73.11296,-74.90893,-76.71495,-78.53082,-80.35632,-82.19125,-83.56594,-85.41142,-87.26573,-89.12866,-95.5
161.1125,160.9586,160.7925,160.6141,160.4234,160.2206,160.0055,159.7783,159.5389,159.2873,159.0236,158.7478,158.4599,158.16,157.848,157.5239,158.1582,159.7444,160.3437,163.8172,167.2595,170.6699,175.0038,178.3451,176.8965,175.4399,173.0299,171.5608,170.0844,167.6643,165.2437,163.7535,162.2572,160.755,158.3268,156.8173,157.1298,156.5133,156.7912,157.0498,157.289,157.5084,157.7082,157.8879,157.1647,157.3083,157.4315,157.5344,164.5448
-16.93361,-18.33892,-19.74283,-21.14524,-22.54604,-23.94512,-25.34238,-26.73771,-28.131,-29.52216,-30.91106,-32.29761,-33.68169,-35.06322,-36.44207,-37.81815,-39.43327,-41.3127,-42.96396,-45.43052,-47.9609,-50.55473,-53.50402,-56.23198,-57.47716,-58.70136,-59.57897,-60.75285,-61.90565,-62.68712,-63.43113,-64.50422,-65.55615,-66.58692,-67.20575,-68.18609,-69.9587,-71.32724,-73.11296,-74.90893,-76.71495,-78.53082,-80.35632,-82.19125,-83.56594,-85.41142,-87.26573,-89.12866,-95
161.1125,160.9586,160.7925,160.6141,160.4234,160.2206,160.0055,159.7783,159.5389,159.2873,159.0236,158.7478,158.4599,158.16,157.848,157.5239,158.1582,158.7762,161.3096,162.8535,166.2983,170.6699,175.0038,178.3451,177.8476,175.4399,173.9754,171.5608,170.0844,167.6643,166.1773,163.7535,162.2572,159.8312,158.3268,157.7343,157.1298,156.5133,156.7912,157.0498,157.289,157.5084,157.7082,157.8879,157.1647,157.3083,157.4315,157.5344,164.5448
-16.93361,-18.33892,-19.74283,-21.14524,-22.54604,-23.94512,-25.34238,-26.73771,-28.131,-29.52216,-30.91106,-32.29761,-33.68169,-35.06322,-36.44207,-37.81815,-39.43327,-41.06232,-43.22278,-45.16329,-47.68526,-50.55473,-53.50402,-56.23198,-57.78618,-58.70136,-59.90454,-60.75285,-61.90565,-62.68712,-63.7895,-64.50422,-65.55615,-66.20423,-67.20575,-68.58484,-69.9587,-71.32724,-73.11296,-74.90893,-76.71495,-78.53082,-80.35632,-82.19125,-83.56594,-85.41142,-87.26573,-89.12866,-95
161.1125,160.9586,160.7925,160.6141,160.4234,160.2206,160.0055,159.7783,159.5389,159.2873,159.0236,158.7478,158.4599,158.16,158.8223,157.5239,158.1582,158.7762,160.3437,162.8535,166.2983,170.6699,175.0038,178.3451,176.8965,175.4399,173.9754,171.5608,170.0844,167.6643,166.1773,163.7535,162.2572,160.755,158.3268,157.7343,157.1298,157.4233,156.7912,157.0498,157.289,157.5084,156.8171,157.0009,157.1647,157.3083,157.4315,157.5344,164.5448
-16.93361,-18.33892,-19.74283,-21.14524,-22.54604,-23.94512,-25.34238,-26.73771,-28.131,-29.52216,-30.91106,-32.29761,-33.68169,-35.06322,-36.66702,-37.81815,-39.43327,-41.06232,-42.96396,-45.16329,-47.68526,-50.55473,-53.50402,-56.23198,-57.47716,-58.70136,-59.90454,-60.75285,-61.90565,-62.68712,-63.7895,-64.50422,-65.55615,-66.58692,-67.20575,-68.58484,-69.9587,-71.74193,-73.11296,-74.90893,-76.71495,-78.53082,-79.90233,-81.7295,-83.56594,-85.41142,-87.26573,-89.12866,-95
161.1125,160.9586,160.7925,160.6141,160.4234,160.2206,160.0055,159.7783,159.5389,159.2873,159.0236,158.7478,158.4599,158.16,157.848,157.5239,157.1879,159.7444,160.3437,162.8535,167.2595,170.6699,175.0038,179.2988,176.8965,175.4399,173.9754,171.5608,169.1447,167.6643,166.1773,163.7535,162.2572,159.8312,158.3268,157.7343,157.1298,156.5133,156.7912,157.0498,157.289,157.5084,157.7082,157.0009,157.1647,157.3083,157.4315,157.5344,164.5448
-16.93361,-18.33892,-19.74283,-21.14524,-22.54604,-23.94512,-25.34238,-26.73771,-28.131,-29.52216,-30.91106,-32.29761,-33.68169,-35.06322,-36.44207,-37.81815,-39.19135,-41.3127,-42.96396,-45.16329,-47.9609,-50.55473,-53.50402,-56.53269,-57.47716,-58.70136,-59.90454,-60.75285,-61.56363,-62.68712,-63.7895,-64.50422,-65.55615,-66.20423,-67.20575,-68.58484,-69.9587,-71.32724,-73.11296,-74.90893,-76.71495,-78.53082,-80.35632,-81.7295,-83.56594,-85.41142,-87.26573,-89.12866,-95
161.1125,160.9586,160.7925,160.6141,160.4234,161.2096,160.0055,159.7783,159.5389,159.2873,159.0236,158.7478,158.4599,158.16,157.848,157.5239,158.1582,158.7762,161.3096,163.8172,167.2595,170.6699,175.0038,178.3451,176.8965,175.4399,173.0299,171.5608,169.1447,168.601,166.1773,163.7535,162.2572,159.8312,158.3268,157.7343,157.1298,157.4233,156.7912,157.0498,157.289,157.5084,156.8171,157.0009,157.1647,157.3083,157.4315,157.5344,164.5448
-16.93361,-18.33892,-19.74283,-21.14524,-22.54604,-24.09293,-25.34238,-26.73771,-28.131,-29.52216,-30.91106,-32.29761,-33.68169,-35.06322,-36.44207,-37.81815,-39.43327,-41.06232,-43.22278,-45.43052,-47.9609,-50.55473,-53.50402,-56.23198,-57.47716,-58.70136,-59.57897,-60.75285,-61.56363,-63.03733,-63.7895,-64.50422,-65.55615,-66.20423,-67.20575,-68.58484,-69.9587,-71.74193,-73.11296,-74.90893,-76.71495,-78.53082,-79.90233,-81.7295,-83.56594,-85.41142,-87.26573,-89.12866,-95
161.1125,160.9586,160.7925,160.6141,160.4234,160.2206,160.0055,159.7783,159.5389,159.2873,159.0236,158.7478,158.4599,158.16,158.8223,158.4963,158.1582,158.7762,159.3778,162.8535,166.2983,170.6699,175.0038,178.3451,175.9455,175.4399,173.0299,171.5608,169.1447,168.601,166.1773,163.7535,162.2572,159.8312,158.3268,156.8173,157.1298,156.5133,156.7912,157.0498,157.289,157.5084,157.7082,157.0009,157.1647,157.3083,157.4315,157.5344,164.5448
-16.93361,-18.33892,-19.74283,-21.14524,-22.54604,-23.94512,-25.34238,-26.73771,-28.131,-29.52216,-30.91106,-32.29761,-33.68169,-35.06322,-36.66702,-38.05159,-39.43327,-41.06232,-42.70514,-45.16329,-47.68526,-50.55473,-53.50402,-56.23198,-57.16814,-58.70136,-59.57897,-60.75285,-61.56363,-63.03733,-63.7895,-64.50422,-65.55615,-66.20423,-67.20575,-68.18609,-69.9587,-71.32724,-73.11296,-74.90893,-76.71495,-78.53082,-80.35632,-81.7295,-83.56594,-85.41142,-87.26573,-89.12866,-95
161.1125,160.9586,160.7925,160.6141,160.4234,160.2206,160.0055,159.7783,159.5389,159.2873,159.0236,158.7478,158.4599,158.16,157.848,157.5239,158.1582,158.7762,159.3778,163.8172,166.2983,170.6699,175.0038,178.3451,175.9455,175.4399,173.9754,171.5608,169.1447,167.6643,166.1773,163.7535,162.2572,160.755,158.3268,157.7343,157.1298,156.5133,156.7912,157.0498,157.289,157.5084,157.7082,157.8879,158.0476,157.3083,157.4315,157.5344,164.5448
-16.93361,-18.33892,-19.74283,-21.14524,-22.54604,-23.94512,-25.34238,-26.73771,-28.131,-29.52216,-30.91106,-32.29761,-33.68169,-35.06322,-36.44207,-37.81815,-39.43327,-41.06232,-42.70514,-45.43052,-47.68526,-50.55473,-53.50402,-56.23198,-57.16814,-58.70136,-59.90454,-60.75285,-61.56363,-62.68712,-63.7895,-64.50422,-65.55615,-66.58692,-67.20575,-68.58484,-69.9587,-71.32724,-73.11296,-74.90893,-76.71495,-78.53082,-80.35632,-82.19125,-84.03541,-85.41142,-87.26573,-89.12866,-95
161.1125,160.9586,160.7925,160.6141,160.4234,160.2206,160.0055,159.7783,159.5389,159.2873,159.0236,158.7478,158.4599,159.1362,157.848,158.4963,158.1582,158.7762,160.3437,162.8535,166.2983,170.6699,175.0038,178.3451,175.9455,175.4399,173.0299,171.5608,170.0844,167.6643,166.1773,163.7535,162.2572,159.8312,158.3268,157.7343,157.1298,156.5133,156.7912,157.0498,156.3902,157.5084,157.7082,157.0009,157.1647,157.3083,157.4315,157.5344,164.5448
-16.93361,-18.33892,-19.74283,-21.14524,-22.54604,-23.94512,-25.34238,-26.73771,-28.131,-29.52216,-30.91106,-32.29761,-33.68169,-35.27966,-36.44207,-38.05159,-39.43327,-41.06232,-42.96396,-45.16329,-47.68526,-50.55473,-53.50402,-56.23198,-57.16814,-58.70136,-59.57897,-60.75285,-61.90565,-62.68712,-63.7895,-64.50422,-65.55615,-66.20423,-67.20575,-68.58484,-69.9587,-71.32724,-73.11296,-74.90893,-76.27658,-78.53082,-80.35632,-81.7295,-83.56594,-85.41142,-87.26573,-89.12866,-95
161.1125,160.9586,160.7925,160.6141,160.4234,160.2206,160.0055,159.7783,159.5389,159.2873,159.0236,158.7478,158.4599,158.16,157.848,157.5239,158.1582,158.7762,160.3437,162.8535,167.2595,170.6699,175.0038,178.3451,176.8965,175.4399,173.0299,171.5608,169.1447,167.6643,166.1773,163.7535,162.2572,160.755,158.3268,157.7343,157.1298,156.5133,157.6976,157.0498,157.289,157.5084,157.7082,157.0009,157.1647,157.3083,157.4315,157.5344,164.5448
-16.93361,-18.33892,-19.74283,-21.14524,-22.54604,-23.94512,-25.34238,-26.73771,-28.131,-29.52216,-30.91106,-32.29761,-33.68169,-35.06322,-36.44207,-37.81815,-39.43327,-41.06232,-42.96396,-45.16329,-47.9609,-50.55473,-53.50402,-56.23198,-57.47716,-58.70136,-59.57897,-60.75285,-61.56363,-62.68712,-63.7895,-64.50422,-65.55615,-66.58692,-67.20575,-68.58484,-69.9587,-71.32724,-73.53558,-74.90893,-76.71495,-78.53082,-80.35632,-81.7295,-83.56594,-85.41142,-87.26573,-89.12866,-95
161.1125,160.9586,160.7925,160.6141,160.4234,160.2206,160.0055,159.7783,159.5389,159.2873,159.0236,158.7478,158.4599,158.16,157.848,157.5239,158.1582,158.7762,160.3437,162.8535,167.2595,170.6699,175.0038,178.3451,176.8965,175.4399,173.0299,171.5608,170.0844,167.6643,165.2437,163.7535,162.2572,159.8312,158.3268,157.7343,157.1298,156.5133,156.7912,157.0498,157.289,156.6135,156.8171,157.0009,157.1647,157.3083,157.4315,157.5344,164.5448
-16.93361,-18.33892,-19.74283,-21.14524,-22.54604,-23.94512,-25.34238,-26.73771,-28.131,-29.52216,-30.91106,-32.29761,-33.68169,-35.06322,-36.44207,-37.81815,-39.43327,-41.06232,-42.96396,-45.16329,-47.9609,-50.55473,-53.50402,-56.23198,-57.47716,-58.70136,-59.57897,-60.75285,-61.90565,-62.68712,-63.43113,-64.50422,-65.55615,-66.20423,-67.20575,-68.58484,-69.9587,-71.32724,-73.11296,-74.90893,-76.71495,-78.08462,-79.90233,-81.7295,-83.56594,-85.41142,-87.26573,-89.12866,-95
161.1125,160.9586,160.7925,160.6141,160.4234,160.2206,160.0055,159.7783,159.5389,159.2873,159.0236,158.7478,158.4599,158.16,157.848,157.5239,158.1582,158.7762,160.3437,162.8535,167.2595,170.6699,175.0038,178.3451,176.8965,175.4399,173.0299,171.5608,170.0844,167.6643,166.1773,163.7535,162.2572,159.8312,158.3268,157.7343,157.1298,157.4233,156.7912,157.0498,157.289,156.6135,156.8171,157.0009,157.1647,157.3083,157.4315,157.5344,164.5448
-16.93361,-18.33892,-19.74283,-21.14524,-22.54604,-23.94512,-25.34238,-26.73771,-28.131,-29.52216,-30.91106,-32.29761,-33.68169,-35.06322,-36.44207,-37.81815,-39.43327,-41.06232,-42.96396,-45.16329,-47.9609,-50.55473,-53.50402,-56.23198,-57.47716,-58.70136,-59.57897,-60.75285,-61.90565,-62.68712,-63.7895,-64.50422,-65.55615,-66.20423,-67.20575,-68.58484,-69.9587,-71.74193,-73.11296,-74.90893,-76.71495,-78.08462,-79.90233,-81.7295,-83.56594,-85.41142,-87.26573,-89.12866,-95
161.1125,160.9586,160.7925,160.6141,160.4234,160.2206,160.0055,159.7783,159.5389,159.2873,159.0236,158.7478,158.4599,158.16,157.848,157.5239,158.1582,159.7444,161.3096,162.8535,167.2595,170.6699,175.0038,178.3451,176.8965,175.4399,173.0299,171.5608,170.0844,167.6643,166.1773,163.7535,162.2572,160.755,158.3268,157.7343,157.1298,157.4233,156.7912,157.0498,157.289,157.5084,157.7082,157.8879,157.1647,157.3083,157.4315,157.5344,164.5448
-16.93361,-18.33892,-19.74283,-21.14524,-22.54604,-23.94512,-25.34238,-26.73771,-28.131,-29.52216,-30.91106,-32.29761,-33.68169,-35.06322,-36.44207,-37.81815,-39.43327,-41.3127,-43.22278,-45.16329,-47.9609,-50.55473,-53.50402,-56.23198,-57.47716,-58.70136,-59.57897,-60.75285,-61.90565,-62.68712,-63.7895,-64.50422,-65.55615,-66.58692,-67.20575,-68.58484,-69.9587,-71.74193,-73.11296,-74.90893,-76.71495,-78.53082,-80.35632,-82.19125,-83.56594,-85.41142,-87.26573,-89.12866,-95
161.1125,160.9586,160.7925,160.6141,160.4234,160.2206,160.0055,159.7783,159.5389,159.2873,159.0236,158.7478,158.4599,158.16,157.848,157.5239,158.1582,158.7762,160.3437,162.8535,167.2595,170.6699,175.0038,178.3451,176.8965,175.4399,173.9754,171.5608,169.1447,167.6643,166.1773,163.7535,162.2572,160.755,158.3268,157.7343,157.1298,157.4233,156.7912,157.0498,157.289,157.5084,156.8171,157.0009,157.1647,157.3083,157.4315,157.5344,165.4109
-16.93361,-18.33892,-19.74283,-21.14524,-22.54604,-23.94512,-25.34238,-26.73771,-28.131,-29.52216,-30.91106,-32.29761,-33.68169,-35.06322,-36.44207,-37.81815,-39.43327,-41.06232,-42.96396,-45.16329,-47.9609,-50.55473,-53.50402,-56.23198,-57.47716,-58.70136,-59.90454,-60.75285,-61.56363,-62.68712,-63.7895,-64.50422,-65.55615,-66.58692,-67.20575,-68.58484,-69.9587,-71.74193,-73.11296,-74.90893,-76.71495,-78.53082,-79.90233,-81.7295,-83.56594,-85.41142,-87.26573,-89.12866,-95.5
161.1125,160.9586,160.7925,160.6141,160.4234,160.2206,160.0055,159.7783,159.5389,159.2873,159.0236,158.7478,158.4599,158.16,157.848,157.5239,158.1582,158.7762,160.3437,162.8535,167.2595,170.6699,175.0038,178.3451,175.9455,175.4399,173.0299,171.5608,170.0844,167.6643,166.1773,163.7535,162.2572,160.755,158.3268,157.7343,157.1298,156.5133,156.7912,157.0498,157.289,157.5084,157.7082,157.0009,157.1647,157.3083,157.4315,157.5344,164.5448
-16.93361,-18.33892,-19.74283,-21.14524,-22.54604,-23.94512,-25.34238,-26.73771,-28.131,-29.52216,-30.91106,-32.29761,-33.68169,-35.06322,-36.44207,-37.81815,-39.43327,-41.06232,-42.96396,-45.16329,-47.9609,-50.55473,-53.50402,-56.23198,-57.16814,-58.70136,-59.57897,-60.75285,-61.90565,-62.68712,-63.7895,-64.50422,-65.55615,-66.58692,-67.20575,-68.58484,-69.9587,-71.32724,-73.11296,-74.90893,-76.71495,-78.53082,-80.35632,-81.7295,-83.56594,-85.41142,-87.26573,-89.12866,-95
161.1125,160.9586,160.7925,160.6141,160.4234,160.2206,160.0055,159.7783,159.5389,159.2873,159.0236,158.7478,158.4599,158.16,157.848,157.5239,158.1582,158.7762,161.3096,163.8172,166.2983,170.6699,175.0038,178.3451,177.8476,175.4399,173.0299,171.5608,169.1447,167.6643,166.1773,163.7535,162.2572,159.8312,158.3268,157.7343,157.1298,157.4233,156.7912,157.0498,157.289,157.5084,156.8171,157.0009,157.1647,157.3083,157.4315,157.5344,165.4109
-16.93361,-18.33892,-19.74283,-21.14524,-22.54604,-23.94512,-25.34238,-26.73771,-28.131,-29.52216,-30.91106,-32.29761,-33.68169,-35.06322,-36.44207,-37.81815,-39.43327,-41.06232,-43.22278,-45.43052,-47.68526,-50.55473,-53.50402,-56.23198,-57.78618,-58.70136,-59.57897,-60.75285,-61.56363,-62.68712,-63.7895,-64.50422,-65.55615,-66.20423,-67.20575,-68.58484,-69.9587,-71.74193,-73.11296,-74.90893,-76.71495,-78.53082,-79.90233,-81.7295,-83.56594,-85.41142,-87.26573,-89.12866,-95.5
161.1125,160.9586,160.7925,160.6141,160.4234,160.2206,160.0055,159.7783,159.5389,159.2873,159.0236,158.7478,158.4599,158.16,158.8223,158.4963,158.1582,158.7762,161.3096,163.8172,167.2595,170.6699,175.0038,178.3451,176.8965,175.4399,173.9754,171.5608,170.0844,167.6643,166.1773,163.7535,162.2572,159.8312,158.3268,157.7343,157.1298,157.4233,156.7912,157.0498,157.289,157.5084,157.7082,157.8879,158.0476,157.3083,157.4315,157.5344,165.4109
-16.93361,-18.33892,-19.74283,-21.14524,-22.54604,-23.94512,-25.34238,-26.73771,-28.131,-29.52216,-30.91106,-32.29761,-33.68169,-35.06322,-36.66702,-38.05159,-39.43327,-41.06232,-43.22278,-45.43052,-47.9609,-50.55473,-53.50402,-56.23198,-57.47716,-58.70136,-59.90454,-60.75285,-61.90565,-62.68712,-63.7895,-64.50422,-65.55615,-66.20423,-67.20575,-68.58484,-69.9587,-71.74193,-73.11296,-74.90893,-76.71495,-78.53082,-80.35632,-82.19125,-84.03541,-85.41142,-87.26573,-89.12866,-95.5
161.1125,160.9586,160.7925,160.6141,160.4234,160.2206,160.0055,159.7783,159.5389,159.2873,159.0236,158.7478,158.4599,158.16,157.848,158.4963,158.1582,159.7444,161.3096,162.8535,167.2595,170.6699,175.0038,178.3451,176.8965,175.4399,173.9754,171.5608,170.0844,167.6643,166.1773,163.7535,162.2572,159.8312,158.3268,157.7343,157.1298,156.5133,156.7912,157.0498,157.289,156.6135,157.7082,157.0009,157.1647,157.3083,157.4315,157.5344,164.5448
-16.93361,-18.33892,-19.74283,-21.14524,-22.54604,-23.94512,-25.34238,-26.73771,-28.131,-29.52216,-30.91106,-32.29761,-33.68169,-35.06322,-36.44207,-38.05159,-39.43327,-41.3127,-43.22278,-45.16329,-47.9609,-50.55473,-53.50402,-56.23198,-57.47716,-58.70136,-59.90454,-60.75285,-61.90565,-62.68712,-63.7895,-64.50422,-65.55615,-66.20423,-67.20575,-68.58484,-69.9587,-71.32724,-73.11296,-74.90893,-76.71495,-78.08462,-80.35632,-81.7295,-83.56594,-85.41142,-87.26573,-89.12866,-95
161.1125,160.9586,160.7925,160.6141,160.4234,160.2206,160.0055,159.7783,159.5389,159.2873,159.0236,158.7478,158.4599,158.16,157.848,157.5239,158.1582,158.7762,161.3096,163.8172,167.2595,170.6699,175.0038,179.2988,176.8965,175.4399,173.0299,171.5608,170.0844,167.6643,166.1773,164.6839,162.2572,159.8312,158.3268,157.7343,157.1298,157.4233,157.6976,157.0498,157.289,156.6135,156.8171,157.0009,158.0476,157.3083,157.4315,157.5344,165.4109
-16.93361,-18.33892,-19.74283,-21.14524,-22.54604,-23.94512,-25.34238,-26.73771,-28.131,-29.52216,-30.91106,-32.29761,-33.68169,-35.06322,-36.44207,-37.81815,-39.43327,-41.06232,-43.22278,-45.43052,-47.9609,-50.55473,-53.50402,-56.53269,-57.47716,-58.70136,-59.57897,-60.75285,-61.90565,-62.68712,-63.7895,-64.87072,-65.55615,-66.20423,-67.20575,-68.58484,-69.9587,-71.74193,-73.53558,-74.90893,-76.71495,-78.08462,-79.90233,-81.7295,-84.03541,-85.41142,-87.26573,-89.12866,-95.5
161.1125,160.9586,160.7925,160.6141,160.4234,160.2206,160.0055,159.7783,159.5389,159.2873,159.0236,158.7478,158.4599,158.16,157.848,157.5239,158.1582,158.7762,161.3096,162.8535,167.2595,170.6699,175.0038,178.3451,175.9455,175.4399,173.0299,171.5608,170.0844,167.6643,166.1773,163.7535,162.2572,160.755,158.3268,157.7343,157.1298,156.5133,156.7912,157.0498,157.289,157.5084,157.7082,157.0009,157.1647,157.3083,157.4315,157.5344,164.5448
-16.93361,-18.33892,-19.74283,-21.14524,-22.54604,-23.94512,-25.34238,-26.73771,-28.131,-29.52216,-30.91106,-32.29761,-33.68169,-35.06322,-36.44207,-37.81815,-39.43327,-41.06232,-43.22278,-45.16329,-47.9609,-50.55473,-53.50402,-56.23198,-57.16814,-58.70136,-59.57897,-60.75285,-61.90565,-62.68712,-63.7895,-64.50422,-65.55615,-66.58692,-67.20575,-68.58484,-69.9587,-71.32724,-73.11296,-74.90893,-76.71495,-78.53082,-80.35632,-81.7295,-83.56594,-85.41142,-87.26573,-89.12866,-95
161.1125,160.9586,160.7925,160.6141,160.4234,160.2206,160.0055,159.7783,159.5389,159.2873,159.0236,158.7478,158.4599,158.16,157.848,157.5239,157.1879,158.7762,159.3778,162.8535,166.2983,170.6699,175.0038,178.3451,175.9455,175.4399,173.0299,171.5608,170.0844,167.6643,165.2437,163.7535,162.2572,159.8312,158.3268,156.8173,157.1298,156.5133,156.7912,157.0498,157.289,157.5084,157.7082,157.8879,157.1647,157.3083,157.4315,157.5344,164.5448
-16.93361,-18.33892,-19.74283,-21.14524,-22.54604,-23.94512,-25.34238,-26.73771,-28.131,-29.52216,-30.91106,-32.29761,-33.68169,-35.06322,-36.44207,-37.81815,-39.19135,-41.06232,-42.70514,-45.16329,-47.68526,-50.55473,-53.50402,-56.23198,-57.16814,-58.70136,-59.57897,-60.75285,-61.90565,-62.68712,-63.43113,-64.50422,-65.55615,-66.20423,-67.20575,-68.18609,-69.9587,-71.32724,-73.11296,-74.90893,-76.71495,-78.53082,-80.35632,-82.19125,-83.56594,-85.41142,-87.26573,-89.12866,-95
161.1125,160.9586,160.7925,160.6141,160.4234,160.2206,160.0055,159.7783,159.5389,159.2873,159.0236,158.7478,158.4599,158.16,157.848,158.4963,158.1582,159.7444,160.3437,162.8535,167.2595,170.6699,175.0038,178.3451,176.8965,175.4399,173.9754,171.5608,169.1447,167.6643,166.1773,163.7535,162.2572,160.755,158.3268,157.7343,157.1298,156.5133,156.7912,157.0498,157.289,157.5084,157.7082,157.8879,157.1647,157.3083,157.4315,157.5344,164.5448
-16.93361,-18.33892,-19.74283,-21.14524,-22.54604,-23.94512,-25.34238,-26.73771,-28.131,-29.52216,-30.91106,-32.29761,-33.68169,-35.06322,-36.44207,-38.05159,-39.43327,-41.3127,-42.96396,-45.16329,-47.9609,-50.55473,-53.50402,-56.23198,-57.47716,-58.70136,-59.90454,-60.75285,-61.56363,-62.68712,-63.7895,-64.50422,-65.55615,-66.58692,-67.20575,-68.58484,-69.9587,-71.32724,-73.11296,-74.90893,-76.71495,-78.53082,-80.35632,-82.19125,-83.56594,-85.41142,-87.26573,-89.12866,-95
161.1125,160.9586,160.7925,160.6141,160.4234,160.2206,160.0055,159.7783,159.5389,159.2873,159.0236,158.7478,158.4599,158.16,157.848,157.5239,158.1582,158.7762,160.3437,162.8535,167.2595,170.6699,175.0038,178.3451,176.8965,175.4399,173.0299,171.5608,169.1447,167.6643,166.1773,163.7535,162.2572,160.755,158.3268,157.7343,157.1298,156.5133,156.7912,157.0498,157.289,157.5084,157.7082,157.0009,157.1647,157.3083,157.4315,157.5344,164.5448
-16.93361,-18.33892,-19.74283,-21.14524,-22.54604,-23.94512,-25.34238,-26.73771,-28.131,-29.52216,-30.91106,-32.29761,-33.68169,-35.06322,-36.44207,-37.81815,-39.43327,-41.06232,-42.96396,-45.16329,-47.9609,-50.55473,-53.50402,-56.23198,-57.47716,-58.70136,-59.57897,-60.75285,-61.56363,-62.68712,-63.7895,-64.50422,-65.55615,-66.58692,-67.20575,-68.58484,-69.9587,-71.32724,-73.11296,-74.90893,-76.71495,-78.53082,-80.35632,-81.7295,-83.56594,-85.41142,-87.26573,-89.12866,-95
161.1125,160.9586,160.7925,160.6141,160.4234,160.2206,160.0055,159.7783,159.5389,159.2873,159.0236,158.7478,158.4599,158.16,157.848,157.5239,157.1879,158.7762,160.3437,162.8535,166.2983,170.6699,175.0038,178.3451,177.8476,175.4399,173.0299,171.5608,170.0844,167.6643,166.1773,163.7535,162.2572,159.8312,158.3268,157.7343,157.1298,157.4233,156.7912,157.0498,157.289,156.6135,157.7082,157.0009,157.1647,157.3083,157.4315,157.5344,164.5448
-16.93361,-18.33892,-19.74283,-21.14524,-22.54604,-23.94512,-25.34238,-26.73771,-28.131,-29.52216,-30.91106,-32.29761,-33.68169,-35.06322,-36.44207,-37.81815,-39.19135,-41.06232,-42.96396,-45.16329,-47.68526,-50.55473,-53.50402,-56.23198,-57.78618,-58.70136,-59.57897,-60.75285,-61.90565,-62.68712,-63.7895,-64.50422,-65.55615,-66.20423,-67.20575,-68.58484,-69.9587,-71.74193,-73.11296,-74.90893,-76.71495,-78.08462,-80.35632,-81.7295,-83.56594,-85.41142,-87.26573,-89.12866,-95
161.1125,160.9586,160.7925,160.6141,160.4234,160.2206,160.0055,159.7783,159.5389,159.2873,159.0236,158.7478,158.4599,158.16,157.848,157.5239,158.1582,158.7762,160.3437,162.8535,166.2983,170.6699,175.0038,178.3451,176.8965,175.4399,173.0299,171.5608,169.1447,167.6643,166.1773,163.7535,162.2572,159.8312,158.3268,157.7343,157.1298,157.4233,156.7912,157.0498,157.289,157.5084,157.7082,157.0009,157.1647,157.3083,157.4315,157.5344,164.5448
-16.93361,-18.33892,-19.74283,-21.14524,-22.54604,-23.94512,-25.34238,-26.73771,-28.131,-29.52216,-30.91106,-32.29761,-33.68169,-35.06322,-36.44207,-37.81815,-39.43327,-41.06232,-42.96396,-45.16329,-47.68526,-50.55473,-53.50402,-56.23198,-57.47716,-58.70136,-59.57897,-60.75285,-61.56363,-62.68712,-63.7895,-64.50422,-65.55615,-66.20423,-67.20575,-68.58484,-69.9587,-71.74193,-73.11296,-74.90893,-76.71495,-78.53082,-80.35632,-81.7295,-83.56594,-85.41142,-87.26573,-89.12866,-95
161.1125,160.9586,160.7925,160.6141,160.4234,160.2206,160.0055,159.7783,159.5389,159.2873,159.0236,158.7478,158.4599,158.16,157.848,158.4963,158.1582,159.7444,161.3096,162.8535,167.2595,170.6699,175.0038,178.3451,177.8476,175.4399,173.0299,171.5608,169.1447,167.6643,166.1773,163.7535,162.2572,160.755,158.3268,157.7343,157.1298,156.5133,156.7912,157.0498,157.289,156.6135,157.7082,157.0009,157.1647,157.3083,157.4315,157.5344,164.5448
-16.93361,-18.33892,-19.74283,-21.14524,-22.54604,-23.94512,-25.34238,-26.73771,-28.131,-29.52216,-30.91106,-32.29761,-33.68169,-35.06322,-36.44207,-38.05159,-39.43327,-41.3127,-43.22278,-45.16329,-47.9609,-50.55473,-53.50402,-56.23198,-57.78618,-58.70136,-59.57897,-60.75285,-61.56363,-62.68712,-63.7895,-64.50422,-65.55615,-66.58692,-67.20575,-68.58484,-69.9587,-71.32724,-73.11296,-74.90893,-76.71495,-78.08462,-80.35632,-81.7295,-83.56594,-85.41142,-87.26573,-89.12866,-95
161.1125,160.9586,160.7925,160.6141,160.4234,160.2206,160.0055,159.7783,159.5389,159.2873,159.0236,158.7478,158.4599,158.16,157.848,157.5239,158.1582,158.7762,160.3437,162.8535,166.2983,170.6699,175.0038,178.3451,176.8965,175.4399,173.0299,171.5608,170.0844,167.6643,166.1773,163.7535,162.2572,160.755,158.3268,156.8173,157.1298,156.5133,156.7912,157.0498,157.289,157.5084,157.7082,157.8879,157.1647,157.3083,157.4315,157.5344,164.5448
-16.93361,-18.33892,-19.74283,-21.14524,-22.54604,-23.94512,-25.34238,-26.73771,-28.131,-29.52216,-30.91106,-32.29761,-33.68169,-35.06322,-36.44207,-37.81815,-39.43327,-41.06232,-42.96396,-45.16329,-47.68526,-50.55473,-53.50402,-56.23198,-57.47716,-58.70136,-59.57897,-60.75285,-61.90565,-62.68712,-63.7895,-64.50422,-65.55615,-66.58692,-67.20575,-68.18609,-69.9587,-71.32724,-73.11296,-74.90893,-76.71495,-78.53082,-80.35632,-82.19125,-83.56594,-85.41142,-87.26573,-89.12866,-95
161.1125,160.9586,160.7925,160.6141,160.4234,160.2206,160.0055,159.7783,159.5389,159.2873,159.0236,158.7478,158.4599,158.16,157.848,157.5239,158.1582,158.7762,160.3437,163.8172,167.2595,170.6699,175.0038,178.3451,175.9455,175.4399,173.0299,171.5608,170.0844,167.6643,166.1773,163.7535,162.2572,159.8312,158.3268,157.7343,157.1298,156.5133,156.7912,157.0498,157.289,157.5084,157.7082,157.0009,158.0476,157.3083,157.4315,157.5344,164.5448
-16.93361,-18.33892,-19.74283,-21.14524,-22.54604,-23.94512,-25.34238,-26.73771,-28.131,-29.52216,-30.91106,-32.29761,-33.68169,-35.06322,-36.44207,-37.81815,-39.43327,-41.06232,-42.96396,-45.43052,-47.9609,-50.55473,-53.50402,-56.23198,-57.16814,-58.70136,-59.57897,-60.75285,-61.90565,-62.68712,-63.7895,-64.50422,-65.55615,-66.20423,-67.20575,-68.58484,-69.9587,-71.32724,-73.11296,-74.90893,-76.71495,-78.53082,-80.35632,-81.7295,-84.03541,-85.41142,-87.26573,-89.12866,-95
