163.2203,163.4781,161.7508,160.9932,160.2206,160.4234,159.6226,157.8148,157.9779,157.1345,156.2772,155.4064,154.5222,153.6249,152.7146,152.7903,152.8544,153.9062,154.9469,155.9762,156.994,158,158.9939,159.9756,160.9448,161.9013,162.8449,163.7752,164.6922,165.5956,166.4852,168.3569,169.2174,166.0852,155.9908,149.8745,145.7424,140.6181,137.4732,137.2887,137.0937,136.8883,136.6724,136.4462,136.2095,134.9844,134.7288,134.4631,134.187,132.9305,132.6362,132.3318,132.0174,131.6929,131.3583,131.0138,130.6592
30.2511,28.8256,27.06781,25.49882,23.94512,22.54604,21.01472,19.37723,17.99931,16.5155,15.04778,13.5963,12.16116,10.7425,9.340427,8.007401,6.673766,5.374522,4.057427,2.722575,1.370066,0,-1.387519,-2.792385,-4.214489,-5.653718,-7.10996,-8.583097,-10.07301,-11.57957,-13.10267,-14.72932,-16.29378,-17.45625,-17.7729,-18.40227,-19.18735,-19.76258,-20.54551,-21.74439,-22.94162,-24.1371,-25.33074,-26.52245,-27.71214,-28.69181,-29.86867,-31.04325,-32.21546,-33.1433,-34.30206,-35.45821,-36.61166,-37.76232,-38.9101,-40.05492,-41.19669
163.2203,163.4781,161.7508,160.9932,160.2206,160.4234,159.6226,158.8074,157.9779,157.1345,156.2772,155.4064,153.5253,153.6249,152.7146,152.7903,152.8544,152.9068,154.9469,155.9762,156.994,158,158.9939,159.9756,160.9448,161.9013,162.8449,163.7752,164.6922,165.5956,166.4852,167.3607,170.2127,166.0852,155.9908,149.8745,145.7424,140.6181,137.4732,137.2887,137.0937,136.8883,136.6724,136.4462,136.2095,134.9844,134.7288,134.4631,134.187,133.9008,132.6362,132.3318,132.0174,131.6929,131.3583,131.0138,130.6592
30.2511,28.8256,27.06781,25.49882,23.94512,22.54604,21.01472,19.49909,17.99931,16.5155,15.04778,13.5963,12.0827,10.7425,9.340427,8.007401,6.673766,5.339623,4.057427,2.722575,1.370066,0,-1.387519,-2.792385,-4.214489,-5.653718,-7.10996,-8.583097,-10.07301,-11.57957,-13.10267,-14.64216,-16.38962,-17.45625,-17.7729,-18.40227,-19.18735,-19.76258,-20.54551,-21.74439,-22.94162,-24.1371,-25.33074,-26.52245,-27.71214,-28.69181,-29.86867,-31.04325,-32.21546,-33.38522,-34.30206,-35.45821,-36.61166,-37.76232,-38.9101,-40.05492,-41.19669
165.1868,162.4933,161.7508,160.9932,160.2206,160.4234,159.6226,158.8074,156.9844,157.1345,156.2772,155.4064,154.5222,153.6249,152.7146,152.7903,152.8544,152.9068,154.9469,155.9762,156.994,159,158.9939,159.9756,161.9445,161.9013,162.8449,163.7752,164.6922,165.5956,166.4852,168.3569,170.2127,166.0852,156.9844,149.8745,145.7424,140.6181,137.4732,137.2887,137.0937,136.8883,136.6724,136.4462,136.2095,134.9844,134.7288,134.4631,134.187,133.9008,132.6362,133.2978,132.0174,131.6929,131.3583,131.0138,131.6129
30.61557,28.65195,27.06781,25.49882,23.94512,22.54604,21.01472,19.49909,17.88611,16.5155,15.04778,13.5963,12.16116,10.7425,9.340427,8.007401,6.673766,5.339623,4.057427,2.722575,1.370066,0,-1.387519,-2.792385,-4.240666,-5.653718,-7.10996,-8.583097,-10.07301,-11.57957,-13.10267,-14.72932,-16.38962,-17.45625,-17.88611,-18.40227,-19.18735,-19.76258,-20.54551,-21.74439,-22.94162,-24.1371,-25.33074,-26.52245,-27.71214,-28.69181,-29.86867,-31.04325,-32.21546,-33.38522,-34.30206,-35.71703,-36.61166,-37.76232,-38.9101,-40.05492,-41.4974
164.2036,162.4933,161.7508,160.9932,160.2206,160.4234,159.6226,158.8074,157.9779,157.1345,156.2772,155.4064,153.5253,153.6249,152.7146,152.7903,152.8544,153.9062,154.9469,155.9762,156.994,158,158.9939,159.9756,161.9445,161.9013,162.8449,163.7752,164.6922,165.5956,166.4852,168.3569,169.2174,166.0852,156.9844,149.8745,144.7509,140.6181,137.4732,137.2887,137.0937,136.8883,136.6724,136.4462,136.2095,134.9844,133.7526,134.4631,134.187,133.9008,132.6362,133.2978,132.0174,131.6929,131.3583,131.0138,131.6129
30.43333,28.65195,27.06781,25.49882,23.94512,22.54604,21.01472,19.49909,17.99931,16.5155,15.04778,13.5963,12.0827,10.7425,9.340427,8.007401,6.673766,5.374522,4.057427,2.722575,1.370066,0,-1.387519,-2.792385,-4.240666,-5.653718,-7.10996,-8.583097,-10.07301,-11.57957,-13.10267,-14.72932,-16.29378,-17.45625,-17.88611,-18.40227,-19.05682,-19.76258,-20.54551,-21.74439,-22.94162,-24.1371,-25.33074,-26.52245,-27.71214,-28.69181,-29.65223,-31.04325,-32.21546,-33.38522,-34.30206,-35.71703,-36.61166,-37.76232,-38.9101,-40.05492,-41.4974
163.2203,163.4781,161.7508,160.9932,160.2206,160.4234,159.6226,158.8074,157.9779,157.1345,156.2772,155.4064,154.5222,153.6249,152.7146,152.7903,152.8544,153.9062,154.9469,155.9762,156.994,158,158.9939,159.9756,160.9448,161.9013,162.8449,163.7752,164.6922,165.5956,166.4852,167.3607,169.2174,166.0852,155.9908,149.8745,144.7509,140.6181,137.4732,137.2887,137.0937,136.8883,136.6724,136.4462,135.2296,134.9844,134.7288,134.4631,134.187,133.9008,132.6362,132.3318,132.0174,131.6929,131.3583,131.0138,130.6592
30.2511,28.8256,27.06781,25.49882,23.94512,22.54604,21.01472,19.49909,17.99931,16.5155,15.04778,13.5963,12.16116,10.7425,9.340427,8.007401,6.673766,5.374522,4.057427,2.722575,1.370066,0,-1.387519,-2.792385,-4.214489,-5.653718,-7.10996,-8.583097,-10.07301,-11.57957,-13.10267,-14.64216,-16.29378,-17.45625,-17.7729,-18.40227,-19.05682,-19.76258,-20.54551,-21.74439,-22.94162,-24.1371,-25.33074,-26.52245,-27.51277,-28.69181,-29.86867,-31.04325,-32.21546,-33.38522,-34.30206,-35.45821,-36.61166,-37.76232,-38.9101,-40.05492,-41.19669
163.2203,163.4781,161.7508,160.9932,160.2206,160.4234,159.6226,158.8074,156.9844,157.1345,156.2772,155.4064,154.5222,153.6249,152.7146,152.7903,152.8544,153.9062,154.9469,155.9762,157.994,158,158.9939,159.9756,160.9448,161.9013,161.8458,163.7752,164.6922,165.5956,166.4852,168.3569,170.2127,166.0852,155.9908,149.8745,145.7424,140.6181,137.4732,137.2887,137.0937,136.8883,136.6724,135.4646,135.2296,134.9844,134.7288,134.4631,134.187,133.9008,133.6044,132.3318,132.0174,131.6929,131.3583,131.0138,130.6592
30.2511,28.8256,27.06781,25.49882,23.94512,22.54604,21.01472,19.49909,17.88611,16.5155,15.04778,13.5963,12.16116,10.7425,9.340427,8.007401,6.673766,5.374522,4.057427,2.722575,1.378793,0,-1.387519,-2.792385,-4.214489,-5.653718,-7.066341,-8.583097,-10.07301,-11.57957,-13.10267,-14.72932,-16.38962,-17.45625,-17.7729,-18.40227,-19.18735,-19.76258,-20.54551,-21.74439,-22.94162,-24.1371,-25.33074,-26.33164,-27.51277,-28.69181,-29.86867,-31.04325,-32.21546,-33.38522,-34.55244,-35.45821,-36.61166,-37.76232,-38.9101,-40.05492,-41.19669
163.2203,163.4781,161.7508,160.9932,160.2206,160.4234,159.6226,158.8074,157.9779,157.1345,156.2772,154.4102,153.5253,153.6249,152.7146,152.7903,152.8544,153.9062,154.9469,155.9762,156.994,158,158.9939,159.9756,160.9448,161.9013,162.8449,163.7752,164.6922,165.5956,167.4821,167.3607,170.2127,166.0852,156.9844,149.8745,145.7424,140.6181,137.4732,137.2887,137.0937,136.8883,136.6724,136.4462,136.2095,134.9844,134.7288,134.4631,133.2147,132.9305,132.6362,132.3318,132.0174,131.6929,131.3583,131.0138,130.6592
30.2511,28.8256,27.06781,25.49882,23.94512,22.54604,21.01472,19.49909,17.99931,16.5155,15.04778,13.50914,12.0827,10.7425,9.340427,8.007401,6.673766,5.374522,4.057427,2.722575,1.370066,0,-1.387519,-2.792385,-4.214489,-5.653718,-7.10996,-8.583097,-10.07301,-11.57957,-13.18113,-14.64216,-16.38962,-17.45625,-17.88611,-18.40227,-19.18735,-19.76258,-20.54551,-21.74439,-22.94162,-24.1371,-25.33074,-26.52245,-27.71214,-28.69181,-29.86867,-31.04325,-31.98201,-33.1433,-34.30206,-35.45821,-36.61166,-37.76232,-38.9101,-40.05492,-41.19669
165.1868,162.4933,161.7508,160.9932,160.2206,160.4234,159.6226,158.8074,157.9779,157.1345,156.2772,155.4064,153.5253,153.6249,152.7146,152.7903,152.8544,153.9062,154.9469,155.9762,156.994,158,158.9939,159.9756,160.9448,161.9013,161.8458,163.7752,164.6922,165.5956,166.4852,168.3569,170.2127,166.0852,155.9908,149.8745,145.7424,140.6181,137.4732,137.2887,137.0937,136.8883,136.6724,136.4462,136.2095,134.9844,134.7288,134.4631,134.187,132.9305,132.6362,132.3318,132.0174,131.6929,131.3583,131.0138,131.6129
30.61557,28.65195,27.06781,25.49882,23.94512,22.54604,21.01472,19.49909,17.99931,16.5155,15.04778,13.5963,12.0827,10.7425,9.340427,8.007401,6.673766,5.374522,4.057427,2.722575,1.370066,0,-1.387519,-2.792385,-4.214489,-5.653718,-7.066341,-8.583097,-10.07301,-11.57957,-13.10267,-14.72932,-16.38962,-17.45625,-17.7729,-18.40227,-19.18735,-19.76258,-20.54551,-21.74439,-22.94162,-24.1371,-25.33074,-26.52245,-27.71214,-28.69181,-29.86867,-31.04325,-32.21546,-33.1433,-34.30206,-35.45821,-36.61166,-37.76232,-38.9101,-40.05492,-41.4974
162.2371,162.4933,161.7508,160.9932,160.2206,160.4234,159.6226,158.8074,157.9779,157.1345,156.2772,155.4064,154.5222,152.6273,152.7146,152.7903,152.8544,153.9062,154.9469,155.9762,156.994,158,158.9939,159.9756,160.9448,161.9013,162.8449,163.7752,164.6922,165.5956,166.4852,167.3607,169.2174,165.0906,156.9844,150.867,144.7509,140.6181,137.4732,137.2887,137.0937,136.8883,136.6724,136.4462,135.2296,134.9844,134.7288,134.4631,134.187,133.9008,133.6044,132.3318,132.0174,131.6929,131.3583,131.0138,131.6129
30.06886,28.65195,27.06781,25.49882,23.94512,22.54604,21.01472,19.49909,17.99931,16.5155,15.04778,13.5963,12.16116,10.67274,9.340427,8.007401,6.673766,5.374522,4.057427,2.722575,1.370066,0,-1.387519,-2.792385,-4.214489,-5.653718,-7.10996,-8.583097,-10.07301,-11.57957,-13.10267,-14.64216,-16.29378,-17.35172,-17.88611,-18.52414,-19.05682,-19.76258,-20.54551,-21.74439,-22.94162,-24.1371,-25.33074,-26.52245,-27.51277,-28.69181,-29.86867,-31.04325,-32.21546,-33.38522,-34.55244,-35.45821,-36.61166,-37.76232,-38.9101,-40.05492,-41.4974
163.2203,163.4781,161.7508,160.9932,160.2206,160.4234,159.6226,158.8074,156.9844,157.1345,156.2772,155.4064,154.5222,153.6249,152.7146,151.7917,152.8544,153.9062,154.9469,155.9762,156.994,158,158.9939,159.9756,160.9448,161.9013,162.8449,163.7752,164.6922,165.5956,167.4821,168.3569,169.2174,166.0852,155.9908,149.8745,144.7509,140.6181,137.4732,137.2887,137.0937,136.8883,136.6724,136.4462,136.2095,135.9625,134.7288,134.4631,134.187,133.9008,133.6044,132.3318,132.0174,131.6929,131.3583,131.0138,131.6129
30.2511,28.8256,27.06781,25.49882,23.94512,22.54604,21.01472,19.49909,17.88611,16.5155,15.04778,13.5963,12.16116,10.7425,9.340427,7.955065,6.673766,5.374522,4.057427,2.722575,1.370066,0,-1.387519,-2.792385,-4.214489,-5.653718,-7.10996,-8.583097,-10.07301,-11.57957,-13.18113,-14.72932,-16.29378,-17.45625,-17.7729,-18.40227,-19.05682,-19.76258,-20.54551,-21.74439,-22.94162,-24.1371,-25.33074,-26.52245,-27.71214,-28.89973,-29.86867,-31.04325,-32.21546,-33.38522,-34.55244,-35.45821,-36.61166,-37.76232,-38.9101,-40.05492,-41.4974
163.2203,163.4781,161.7508,160.9932,160.2206,160.4234,159.6226,158.8074,157.9779,157.1345,156.2772,155.4064,154.5222,152.6273,152.7146,152.7903,152.8544,153.9062,154.9469,155.9762,156.994,158,158.9939,159.9756,160.9448,161.9013,162.8449,163.7752,164.6922,165.5956,167.4821,168.3569,170.2127,166.0852,156.9844,149.8745,144.7509,140.6181,138.4622,137.2887,137.0937,136.8883,136.6724,136.4462,135.2296,134.9844,134.7288,134.4631,134.187,133.9008,132.6362,132.3318,132.0174,131.6929,131.3583,131.0138,130.6592
30.2511,28.8256,27.06781,25.49882,23.94512,22.54604,21.01472,19.49909,17.99931,16.5155,15.04778,13.5963,12.16116,10.67274,9.340427,8.007401,6.673766,5.374522,4.057427,2.722575,1.370066,0,-1.387519,-2.792385,-4.214489,-5.653718,-7.10996,-8.583097,-10.07301,-11.57957,-13.18113,-14.72932,-16.38962,-17.45625,-17.88611,-18.40227,-19.05682,-19.76258,-20.69332,-21.74439,-22.94162,-24.1371,-25.33074,-26.52245,-27.51277,-28.69181,-29.86867,-31.04325,-32.21546,-33.38522,-34.30206,-35.45821,-36.61166,-37.76232,-38.9101,-40.05492,-41.19669
163.2203,163.4781,161.7508,160.9932,160.2206,160.4234,159.6226,158.8074,157.9779,157.1345,155.2818,155.4064,154.5222,153.6249,152.7146,152.7903,152.8544,153.9062,154.9469,155.9762,156.994,158,158.9939,159.9756,160.9448,161.9013,162.8449,163.7752,164.6922,165.5956,166.4852,168.3569,169.2174,166.0852,155.9908,150.867,144.7509,139.6278,137.4732,137.2887,137.0937,136.8883,136.6724,135.4646,136.2095,134.9844,134.7288,134.4631,134.187,133.9008,132.6362,132.3318,132.0174,131.6929,131.3583,131.0138,131.6129
30.2511,28.8256,27.06781,25.49882,23.94512,22.54604,21.01472,19.49909,17.99931,16.5155,14.95194,13.5963,12.16116,10.7425,9.340427,8.007401,6.673766,5.374522,4.057427,2.722575,1.370066,0,-1.387519,-2.792385,-4.214489,-5.653718,-7.10996,-8.583097,-10.07301,-11.57957,-13.10267,-14.72932,-16.29378,-17.45625,-17.7729,-18.52414,-19.05682,-19.62341,-20.54551,-21.74439,-22.94162,-24.1371,-25.33074,-26.33164,-27.71214,-28.69181,-29.86867,-31.04325,-32.21546,-33.38522,-34.30206,-35.45821,-36.61166,-37.76232,-38.9101,-40.05492,-41.4974
164.2036,163.4781,161.7508,160.9932,160.2206,160.4234,159.6226,157.8148,156.9844,157.1345,156.2772,155.4064,153.5253,153.6249,152.7146,152.7903,152.8544,153.9062,154.9469,155.9762,156.994,158,158.9939,158.9758,160.9448,161.9013,162.8449,163.7752,164.6922,165.5956,167.4821,168.3569,169.2174,166.0852,156.9844,149.8745,145.7424,140.6181,137.4732,137.2887,137.0937,136.8883,136.6724,136.4462,136.2095,134.9844,134.7288,134.4631,134.187,133.9008,132.6362,132.3318,132.0174,131.6929,131.3583,131.0138,131.6129
30.43333,28.8256,27.06781,25.49882,23.94512,22.54604,21.01472,19.37723,17.88611,16.5155,15.04778,13.5963,12.0827,10.7425,9.340427,8.007401,6.673766,5.374522,4.057427,2.722575,1.370066,0,-1.387519,-2.774933,-4.214489,-5.653718,-7.10996,-8.583097,-10.07301,-11.57957,-13.18113,-14.72932,-16.29378,-17.45625,-17.88611,-18.40227,-19.18735,-19.76258,-20.54551,-21.74439,-22.94162,-24.1371,-25.33074,-26.52245,-27.71214,-28.69181,-29.86867,-31.04325,-32.21546,-33.38522,-34.30206,-35.45821,-36.61166,-37.76232,-38.9101,-40.05492,-41.4974
163.2203,163.4781,161.7508,160.9932,160.2206,160.4234,159.6226,157.8148,157.9779,157.1345,156.2772,155.4064,154.5222,152.6273,152.7146,152.7903,152.8544,153.9062,154.9469,155.9762,156.994,158,158.9939,159.9756,160.9448,161.9013,162.8449,163.7752,164.6922,165.5956,166.4852,168.3569,170.2127,166.0852,155.9908,149.8745,144.7509,140.6181,137.4732,137.2887,137.0937,136.8883,136.6724,135.4646,136.2095,135.9625,134.7288,134.4631,134.187,133.9008,132.6362,132.3318,132.0174,131.6929,131.3583,131.0138,130.6592
30.2511,28.8256,27.06781,25.49882,23.94512,22.54604,21.01472,19.37723,17.99931,16.5155,15.04778,13.5963,12.16116,10.67274,9.340427,8.007401,6.673766,5.374522,4.057427,2.722575,1.370066,0,-1.387519,-2.792385,-4.214489,-5.653718,-7.10996,-8.583097,-10.07301,-11.57957,-13.10267,-14.72932,-16.38962,-17.45625,-17.7729,-18.40227,-19.05682,-19.76258,-20.54551,-21.74439,-22.94162,-24.1371,-25.33074,-26.33164,-27.71214,-28.89973,-29.86867,-31.04325,-32.21546,-33.38522,-34.30206,-35.45821,-36.61166,-37.76232,-38.9101,-40.05492,-41.19669
163.2203,162.4933,161.7508,160.9932,160.2206,160.4234,159.6226,158.8074,157.9779,157.1345,156.2772,155.4064,153.5253,152.6273,152.7146,152.7903,152.8544,153.9062,154.9469,155.9762,156.994,158,158.9939,159.9756,160.9448,161.9013,162.8449,163.7752,164.6922,165.5956,166.4852,167.3607,170.2127,166.0852,155.9908,149.8745,145.7424,140.6181,137.4732,137.2887,137.0937,136.8883,136.6724,136.4462,136.2095,134.9844,134.7288,134.4631,134.187,133.9008,132.6362,133.2978,132.0174,131.6929,131.3583,131.0138,130.6592
30.2511,28.65195,27.06781,25.49882,23.94512,22.54604,21.01472,19.49909,17.99931,16.5155,15.04778,13.5963,12.0827,10.67274,9.340427,8.007401,6.673766,5.374522,4.057427,2.722575,1.370066,0,-1.387519,-2.792385,-4.214489,-5.653718,-7.10996,-8.583097,-10.07301,-11.57957,-13.10267,-14.64216,-16.38962,-17.45625,-17.7729,-18.40227,-19.18735,-19.76258,-20.54551,-21.74439,-22.94162,-24.1371,-25.33074,-26.52245,-27.71214,-28.69181,-29.86867,-31.04325,-32.21546,-33.38522,-34.30206,-35.71703,-36.61166,-37.76232,-38.9101,-40.05492,-41.19669
163.2203,163.4781,161.7508,160.9932,160.2206,160.4234,159.6226,158.8074,157.9779,157.1345,156.2772,155.4064,153.5253,153.6249,152.7146,152.7903,152.8544,153.9062,154.9469,155.9762,156.994,158,158.9939,159.9756,160.9448,161.9013,162.8449,163.7752,164.6922,165.5956,166.4852,168.3569,169.2174,166.0852,155.9908,149.8745,145.7424,140.6181,137.4732,137.2887,137.0937,136.8883,136.6724,135.4646,135.2296,134.9844,134.7288,134.4631,134.187,132.9305,133.6044,132.3318,132.0174,131.6929,131.3583,131.0138,131.6129
30.2511,28.8256,27.06781,25.49882,23.94512,22.54604,21.01472,19.49909,17.99931,16.5155,15.04778,13.5963,12.0827,10.7425,9.340427,8.007401,6.673766,5.374522,4.057427,2.722575,1.370066,0,-1.387519,-2.792385,-4.214489,-5.653718,-7.10996,-8.583097,-10.07301,-11.57957,-13.10267,-14.72932,-16.29378,-17.45625,-17.7729,-18.40227,-19.18735,-19.76258,-20.54551,-21.74439,-22.94162,-24.1371,-25.33074,-26.33164,-27.51277,-28.69181,-29.86867,-31.04325,-32.21546,-33.1433,-34.55244,-35.45821,-36.61166,-37.76232,-38.9101,-40.05492,-41.4974
163.2203,162.4933,161.7508,160.9932,160.2206,160.4234,159.6226,157.8148,157.9779,157.1345,156.2772,154.4102,154.5222,153.6249,152.7146,152.7903,152.8544,153.9062,154.9469,155.9762,156.994,158,158.9939,159.9756,160.9448,161.9013,162.8449,163.7752,164.6922,165.5956,166.4852,168.3569,170.2127,166.0852,156.9844,149.8745,144.7509,140.6181,137.4732,137.2887,137.0937,136.8883,136.6724,136.4462,136.2095,134.9844,134.7288,134.4631,134.187,133.9008,133.6044,132.3318,132.0174,131.6929,131.3583,131.0138,131.6129
30.2511,28.65195,27.06781,25.49882,23.94512,22.54604,21.01472,19.37723,17.99931,16.5155,15.04778,13.50914,12.16116,10.7425,9.340427,8.007401,6.673766,5.374522,4.057427,2.722575,1.370066,0,-1.387519,-2.792385,-4.214489,-5.653718,-7.10996,-8.583097,-10.07301,-11.57957,-13.10267,-14.72932,-16.38962,-17.45625,-17.88611,-18.40227,-19.05682,-19.76258,-20.54551,-21.74439,-22.94162,-24.1371,-25.33074,-26.52245,-27.71214,-28.69181,-29.86867,-31.04325,-32.21546,-33.38522,-34.55244,-35.45821,-36.61166,-37.76232,-38.9101,-40.05492,-41.4974
165.1868,163.4781,161.7508,160.9932,160.2206,160.4234,159.6226,158.8074,157.9779,157.1345,156.2772,155.4064,154.5222,152.6273,152.7146,152.7903,152.8544,153.9062,154.9469,155.9762,156.994,158,158.9939,159.9756,160.9448,161.9013,162.8449,163.7752,164.6922,165.5956,167.4821,167.3607,170.2127,166.0852,156.9844,149.8745,144.7509,140.6181,137.4732,137.2887,137.0937,136.8883,136.6724,136.4462,135.2296,134.9844,134.7288,134.4631,134.187,133.9008,133.6044,133.2978,132.0174,131.6929,131.3583,131.0138,131.6129
30.61557,28.8256,27.06781,25.49882,23.94512,22.54604,21.01472,19.49909,17.99931,16.5155,15.04778,13.5963,12.16116,10.67274,9.340427,8.007401,6.673766,5.374522,4.057427,2.722575,1.370066,0,-1.387519,-2.792385,-4.214489,-5.653718,-7.10996,-8.583097,-10.07301,-11.57957,-13.18113,-14.64216,-16.38962,-17.45625,-17.88611,-18.40227,-19.05682,-19.76258,-20.54551,-21.74439,-22.94162,-24.1371,-25.33074,-26.52245,-27.51277,-28.69181,-29.86867,-31.04325,-32.21546,-33.38522,-34.55244,-35.71703,-36.61166,-37.76232,-38.9101,-40.05492,-41.4974
165.1868,162.4933,162.7371,160.9932,160.2206,160.4234,158.6312,158.8074,157.9779,157.1345,156.2772,155.4064,154.5222,152.6273,152.7146,152.7903,152.8544,153.9062,154.9469,155.9762,156.994,158,158.9939,159.9756,160.9448,161.9013,161.8458,163.7752,164.6922,165.5956,166.4852,168.3569,170.2127,166.0852,155.9908,149.8745,144.7509,140.6181,137.4732,137.2887,137.0937,136.8883,136.6724,136.4462,135.2296,134.9844,134.7288,134.4631,134.187,132.9305,132.6362,132.3318,132.0174,131.6929,131.3583,131.0138,130.6592
30.61557,28.65195,27.23285,25.49882,23.94512,22.54604,20.88419,19.49909,17.99931,16.5155,15.04778,13.5963,12.16116,10.67274,9.340427,8.007401,6.673766,5.374522,4.057427,2.722575,1.370066,0,-1.387519,-2.792385,-4.214489,-5.653718,-7.066341,-8.583097,-10.07301,-11.57957,-13.10267,-14.72932,-16.38962,-17.45625,-17.7729,-18.40227,-19.05682,-19.76258,-20.54551,-21.74439,-22.94162,-24.1371,-25.33074,-26.52245,-27.51277,-28.69181,-29.86867,-31.04325,-32.21546,-33.1433,-34.30206,-35.45821,-36.61166,-37.76232,-38.9101,-40.05492,-41.19669
163.2203,163.4781,161.7508,160.9932,160.2206,160.4234,159.6226,158.8074,157.9779,157.1345,156.2772,155.4064,153.5253,153.6249,152.7146,152.7903,152.8544,153.9062,154.9469,155.9762,156.994,158,158.9939,159.9756,161.9445,161.9013,162.8449,163.7752,164.6922,165.5956,166.4852,168.3569,169.2174,166.0852,155.9908,149.8745,144.7509,140.6181,137.4732,137.2887,137.0937,136.8883,136.6724,136.4462,135.2296,134.9844,134.7288,134.4631,134.187,133.9008,133.6044,132.3318,132.0174,131.6929,131.3583,131.0138,131.6129
30.2511,28.8256,27.06781,25.49882,23.94512,22.54604,21.01472,19.49909,17.99931,16.5155,15.04778,13.5963,12.0827,10.7425,9.340427,8.007401,6.673766,5.374522,4.057427,2.722575,1.370066,0,-1.387519,-2.792385,-4.240666,-5.653718,-7.10996,-8.583097,-10.07301,-11.57957,-13.10267,-14.72932,-16.29378,-17.45625,-17.7729,-18.40227,-19.05682,-19.76258,-20.54551,-21.74439,-22.94162,-24.1371,-25.33074,-26.52245,-27.51277,-28.69181,-29.86867,-31.04325,-32.21546,-33.38522,-34.55244,-35.45821,-36.61166,-37.76232,-38.9101,-40.05492,-41.4974
163.2203,163.4781,161.7508,161.9809,160.2206,160.4234,159.6226,157.8148,157.9779,157.1345,155.2818,155.4064,153.5253,152.6273,152.7146,152.7903,152.8544,153.9062,154.9469,155.9762,156.994,158,158.9939,159.9756,160.9448,161.9013,162.8449,163.7752,164.6922,165.5956,166.4852,168.3569,170.2127,166.0852,156.9844,149.8745,144.7509,140.6181,137.4732,137.2887,137.0937,136.8883,136.6724,136.4462,136.2095,134.9844,134.7288,134.4631,134.187,132.9305,133.6044,132.3318,132.0174,131.6929,131.3583,131.0138,130.6592
30.2511,28.8256,27.06781,25.65525,23.94512,22.54604,21.01472,19.37723,17.99931,16.5155,14.95194,13.5963,12.0827,10.67274,9.340427,8.007401,6.673766,5.374522,4.057427,2.722575,1.370066,0,-1.387519,-2.792385,-4.214489,-5.653718,-7.10996,-8.583097,-10.07301,-11.57957,-13.10267,-14.72932,-16.38962,-17.45625,-17.88611,-18.40227,-19.05682,-19.76258,-20.54551,-21.74439,-22.94162,-24.1371,-25.33074,-26.52245,-27.71214,-28.69181,-29.86867,-31.04325,-32.21546,-33.1433,-34.55244,-35.45821,-36.61166,-37.76232,-38.9101,-40.05492,-41.19669
164.2036,163.4781,161.7508,160.9932,160.2206,160.4234,159.6226,158.8074,157.9779,157.1345,156.2772,155.4064,154.5222,152.6273,152.7146,152.7903,152.8544,153.9062,154.9469,155.9762,156.994,158,158.9939,159.9756,160.9448,161.9013,161.8458,163.7752,164.6922,165.5956,166.4852,168.3569,170.2127,166.0852,156.9844,149.8745,144.7509,140.6181,137.4732,137.2887,137.0937,136.8883,136.6724,136.4462,136.2095,135.9625,134.7288,134.4631,134.187,133.9008,133.6044,132.3318,132.0174,131.6929,131.3583,131.0138,131.6129
30.43333,28.8256,27.06781,25.49882,23.94512,22.54604,21.01472,19.49909,17.99931,16.5155,15.04778,13.5963,12.16116,10.67274,9.340427,8.007401,6.673766,5.374522,4.057427,2.722575,1.370066,0,-1.387519,-2.792385,-4.214489,-5.653718,-7.066341,-8.583097,-10.07301,-11.57957,-13.10267,-14.72932,-16.38962,-17.45625,-17.88611,-18.40227,-19.05682,-19.76258,-20.54551,-21.74439,-22.94162,-24.1371,-25.33074,-26.52245,-27.71214,-28.89973,-29.86867,-31.04325,-32.21546,-33.38522,-34.55244,-35.45821,-36.61166,-37.76232,-38.9101,-40.05492,-41.4974
165.1868,162.4933,161.7508,160.9932,160.2206,160.4234,159.6226,157.8148,157.9779,157.1345,156.2772,155.4064,153.5253,152.6273,152.7146,151.7917,152.8544,153.9062,154.9469,155.9762,156.994,158,158.9939,160.9755,161.9445,161.9013,162.8449,163.7752,164.6922,165.5956,167.4821,167.3607,169.2174,166.0852,156.9844,150.867,145.7424,140.6181,137.4732,137.2887,137.0937,136.8883,136.6724,136.4462,136.2095,134.9844,134.7288,134.4631,134.187,133.9008,133.6044,132.3318,132.0174,131.6929,131.3583,131.0138,131.6129
30.61557,28.65195,27.06781,25.49882,23.94512,22.54604,21.01472,19.37723,17.99931,16.5155,15.04778,13.5963,12.0827,10.67274,9.340427,7.955065,6.673766,5.374522,4.057427,2.722575,1.370066,0,-1.387519,-2.809837,-4.240666,-5.653718,-7.10996,-8.583097,-10.07301,-11.57957,-13.18113,-14.64216,-16.29378,-17.45625,-17.88611,-18.52414,-19.18735,-19.76258,-20.54551,-21.74439,-22.94162,-24.1371,-25.33074,-26.52245,-27.71214,-28.69181,-29.86867,-31.04325,-32.21546,-33.38522,-34.55244,-35.45821,-36.61166,-37.76232,-38.9101,-40.05492,-41.4974
163.2203,162.4933,162.7371,160.9932,160.2206,160.4234,159.6226,157.8148,157.9779,157.1345,156.2772,155.4064,154.5222,153.6249,152.7146,152.7903,152.8544,153.9062,154.9469,155.9762,156.994,158,158.9939,159.9756,160.9448,161.9013,162.8449,163.7752,164.6922,165.5956,166.4852,168.3569,170.2127,166.0852,156.9844,149.8745,145.7424,140.6181,137.4732,137.2887,137.0937,136.8883,136.6724,136.4462,136.2095,134.9844,134.7288,134.4631,134.187,132.9305,132.6362,132.3318,132.0174,131.6929,131.3583,131.0138,130.6592
30.2511,28.65195,27.23285,25.49882,23.94512,22.54604,21.01472,19.37723,17.99931,16.5155,15.04778,13.5963,12.16116,10.7425,9.340427,8.007401,6.673766,5.374522,4.057427,2.722575,1.370066,0,-1.387519,-2.792385,-4.214489,-5.653718,-7.10996,-8.583097,-10.07301,-11.57957,-13.10267,-14.72932,-16.38962,-17.45625,-17.88611,-18.40227,-19.18735,-19.76258,-20.54551,-21.74439,-22.94162,-24.1371,-25.33074,-26.52245,-27.71214,-28.69181,-29.86867,-31.04325,-32.21546,-33.1433,-34.30206,-35.45821,-36.61166,-37.76232,-38.9101,-40.05492,-41.19669
164.2036,163.4781,161.7508,160.9932,160.2206,160.4234,159.6226,157.8148,157.9779,157.1345,156.2772,155.4064,153.5253,152.6273,152.7146,152.7903,152.8544,153.9062,154.9469,155.9762,156.994,158,158.9939,159.9756,161.9445,161.9013,161.8458,163.7752,164.6922,165.5956,167.4821,168.3569,170.2127,166.0852,155.9908,149.8745,144.7509,141.6083,137.4732,137.2887,137.0937,136.8883,136.6724,136.4462,135.2296,134.9844,134.7288,134.4631,134.187,132.9305,133.6044,132.3318,132.0174,131.6929,131.3583,131.0138,131.6129
30.43333,28.8256,27.06781,25.49882,23.94512,22.54604,21.01472,19.37723,17.99931,16.5155,15.04778,13.5963,12.0827,10.67274,9.340427,8.007401,6.673766,5.374522,4.057427,2.722575,1.370066,0,-1.387519,-2.792385,-4.240666,-5.653718,-7.066341,-8.583097,-10.07301,-11.57957,-13.18113,-14.72932,-16.38962,-17.45625,-17.7729,-18.40227,-19.05682,-19.90175,-20.54551,-21.74439,-22.94162,-24.1371,-25.33074,-26.52245,-27.51277,-28.69181,-29.86867,-31.04325,-32.21546,-33.1433,-34.55244,-35.45821,-36.61166,-37.76232,-38.9101,-40.05492,-41.4974
164.2036,162.4933,162.7371,160.9932,160.2206,160.4234,159.6226,158.8074,157.9779,157.1345,156.2772,155.4064,154.5222,153.6249,152.7146,152.7903,152.8544,153.9062,154.9469,155.9762,156.994,158,158.9939,159.9756,160.9448,161.9013,162.8449,163.7752,164.6922,165.5956,166.4852,168.3569,170.2127,166.0852,155.9908,149.8745,144.7509,141.6083,137.4732,137.2887,137.0937,136.8883,136.6724,136.4462,135.2296,134.9844,134.7288,134.4631,134.187,133.9008,132.6362,132.3318,132.0174,131.6929,131.3583,131.0138,131.6129
30.43333,28.65195,27.23285,25.49882,23.94512,22.54604,21.01472,19.49909,17.99931,16.5155,15.04778,13.5963,12.16116,10.7425,9.340427,8.007401,6.673766,5.374522,4.057427,2.722575,1.370066,0,-1.387519,-2.792385,-4.214489,-5.653718,-7.10996,-8.583097,-10.07301,-11.57957,-13.10267,-14.72932,-16.38962,-17.45625,-17.7729,-18.40227,-19.05682,-19.90175,-20.54551,-21.74439,-22.94162,-24.1371,-25.33074,-26.52245,-27.51277,-28.69181,-29.86867,-31.04325,-32.21546,-33.38522,-34.30206,-35.45821,-36.61166,-37.76232,-38.9101,-40.05492,-41.4974
163.2203,163.4781,162.7371,160.9932,160.2206,160.4234,159.6226,158.8074,157.9779,157.1345,156.2772,155.4064,154.5222,153.6249,152.7146,152.7903,152.8544,153.9062,154.9469,155.9762,156.994,158,158.9939,159.9756,160.9448,161.9013,162.8449,163.7752,164.6922,165.5956,166.4852,168.3569,170.2127,166.0852,155.9908,149.8745,144.7509,140.6181,137.4732,137.2887,137.0937,136.8883,136.6724,136.4462,135.2296,135.9625,134.7288,134.4631,134.187,132.9305,132.6362,132.3318,132.0174,131.6929,131.3583,131.0138,131.6129
30.2511,28.8256,27.23285,25.49882,23.94512,22.54604,21.01472,19.49909,17.99931,16.5155,15.04778,13.5963,12.16116,10.7425,9.340427,8.007401,6.673766,5.374522,4.057427,2.722575,1.370066,0,-1.387519,-2.792385,-4.214489,-5.653718,-7.10996,-8.583097,-10.07301,-11.57957,-13.10267,-14.72932,-16.38962,-17.45625,-17.7729,-18.40227,-19.05682,-19.76258,-20.54551,-21.74439,-22.94162,-24.1371,-25.33074,-26.52245,-27.51277,-28.89973,-29.86867,-31.04325,-32.21546,-33.1433,-34.30206,-35.45821,-36.61166,-37.76232,-38.9101,-40.05492,-41.4974
165.1868,162.4933,161.7508,160.9932,160.2206,160.4234,159.6226,157.8148,157.9779,157.1345,155.2818,155.4064,154.5222,152.6273,152.7146,152.7903,152.8544,153.9062,154.9469,155.9762,156.994,158,158.9939,159.9756,160.9448,161.9013,162.8449,163.7752,164.6922,165.5956,167.4821,168.3569,170.2127,166.0852,155.9908,150.867,145.7424,140.6181,137.4732,137.2887,137.0937,136.8883,136.6724,136.4462,135.2296,134.9844,134.7288,134.4631,134.187,133.9008,133.6044,132.3318,132.981,131.6929,131.3583,131.0138,131.6129
30.61557,28.65195,27.06781,25.49882,23.94512,22.54604,21.01472,19.37723,17.99931,16.5155,14.95194,13.5963,12.16116,10.67274,9.340427,8.007401,6.673766,5.374522,4.057427,2.722575,1.370066,0,-1.387519,-2.792385,-4.214489,-5.653718,-7.10996,-8.583097,-10.07301,-11.57957,-13.18113,-14.72932,-16.38962,-17.45625,-17.7729,-18.52414,-19.18735,-19.76258,-20.54551,-21.74439,-22.94162,-24.1371,-25.33074,-26.52245,-27.51277,-28.69181,-29.86867,-31.04325,-32.21546,-33.38522,-34.55244,-35.45821,-36.8789,-37.76232,-38.9101,-40.05492,-41.4974
164.2036,163.4781,161.7508,160.9932,160.2206,160.4234,159.6226,157.8148,157.9779,157.1345,156.2772,155.4064,154.5222,153.6249,152.7146,152.7903,152.8544,153.9062,154.9469,155.9762,156.994,158,158.9939,159.9756,161.9445,161.9013,161.8458,163.7752,164.6922,165.5956,166.4852,167.3607,169.2174,166.0852,156.9844,149.8745,144.7509,140.6181,138.4622,137.2887,137.0937,136.8883,136.6724,136.4462,135.2296,134.9844,134.7288,134.4631,134.187,133.9008,132.6362,132.3318,132.0174,131.6929,131.3583,131.0138,131.6129
30.43333,28.8256,27.06781,25.49882,23.94512,22.54604,21.01472,19.37723,17.99931,16.5155,15.04778,13.5963,12.16116,10.7425,9.340427,8.007401,6.673766,5.374522,4.057427,2.722575,1.370066,0,-1.387519,-2.792385,-4.240666,-5.653718,-7.066341,-8.583097,-10.07301,-11.57957,-13.10267,-14.64216,-16.29378,-17.45625,-17.88611,-18.40227,-19.05682,-19.76258,-20.69332,-21.74439,-22.94162,-24.1371,-25.33074,-26.52245,-27.51277,-28.69181,-29.86867,-31.04325,-32.21546,-33.38522,-34.30206,-35.45821,-36.61166,-37.76232,-38.9101,-40.05492,-41.4974
163.2203,163.4781,162.7371,160.9932,160.2206,160.4234,159.6226,158.8074,157.9779,157.1345,156.2772,155.4064,153.5253,152.6273,152.7146,152.7903,152.8544,153.9062,154.9469,155.9762,157.994,158,158.9939,160.9755,160.9448,161.9013,162.8449,162.7766,164.6922,165.5956,166.4852,167.3607,170.2127,166.0852,155.9908,150.867,144.7509,140.6181,137.4732,137.2887,137.0937,136.8883,136.6724,136.4462,136.2095,134.9844,134.7288,134.4631,134.187,133.9008,133.6044,132.3318,132.0174,131.6929,131.3583,131.0138,130.6592
30.2511,28.8256,27.23285,25.49882,23.94512,22.54604,21.01472,19.49909,17.99931,16.5155,15.04778,13.5963,12.0827,10.67274,9.340427,8.007401,6.673766,5.374522,4.057427,2.722575,1.378793,0,-1.387519,-2.809837,-4.214489,-5.653718,-7.10996,-8.530761,-10.07301,-11.57957,-13.10267,-14.64216,-16.38962,-17.45625,-17.7729,-18.52414,-19.05682,-19.76258,-20.54551,-21.74439,-22.94162,-24.1371,-25.33074,-26.52245,-27.71214,-28.69181,-29.86867,-31.04325,-32.21546,-33.38522,-34.55244,-35.45821,-36.61166,-37.76232,-38.9101,-40.05492,-41.19669
