165.1868,163.4781,162.7371,161.9809,161.2096,161.4137,160.6141,159.7999,158.9715,158.129,157.2726,156.4026,155.5191,154.6224,153.7128,153.7889,153.8534,154.9056,154.9469,156.9761,157.994,159,159.9939,161.9753,161.9445,162.9007,163.8439,164.7739,165.6904,166.5932,167.4821,169.3531,170.2127,166.0852,155.9908,150.867,143.7595,140.6181,138.4622,138.2764,138.08,137.8731,137.6557,137.4278,136.2095,135.9625,135.7051,135.4374,135.1594,134.8711,133.6044,133.2978,132.981,132.6541,132.3171,131.9701,131.6129
30.61557,28.8256,27.23285,25.65525,24.09293,22.68522,21.14524,19.62096,18.11251,16.62003,15.14363,13.68345,12.23962,10.81225,9.401475,8.059737,6.717386,5.409422,4.057427,2.740028,1.378793,0,-1.396246,-2.82729,-4.240666,-5.688618,-7.15358,-8.635433,-10.13406,-11.64933,-13.18113,-14.81648,-16.38962,-17.45625,-17.7729,-18.52414,-18.9263,-19.76258,-20.69332,-21.90083,-23.10666,-24.31074,-25.51297,-26.71326,-27.71214,-28.89973,-30.08511,-31.2682,-32.44891,-33.62714,-34.55244,-35.71703,-36.8789,-38.03796,-39.19412,-40.3473,-41.4974
163.2203,163.4781,162.7371,161.9809,161.2096,161.4137,160.6141,159.7999,158.9715,158.129,156.2772,156.4026,154.5222,154.6224,153.7128,153.7889,153.8534,154.9056,155.9465,156.9761,157.994,159,159.9939,160.9755,161.9445,162.9007,162.8449,164.7739,165.6904,166.5932,167.4821,169.3531,170.2127,166.0852,155.9908,149.8745,143.7595,140.6181,138.4622,138.2764,138.08,137.8731,137.6557,137.4278,137.1895,135.9625,135.7051,135.4374,135.1594,134.8711,134.5725,133.2978,132.981,132.6541,132.3171,131.9701,131.6129
30.2511,28.8256,27.23285,25.65525,24.09293,22.68522,21.14524,19.62096,18.11251,16.62003,15.04778,13.68345,12.16116,10.81225,9.401475,8.059737,6.717386,5.409422,4.083604,2.740028,1.378793,0,-1.396246,-2.809837,-4.240666,-5.688618,-7.10996,-8.635433,-10.13406,-11.64933,-13.18113,-14.81648,-16.38962,-17.45625,-17.7729,-18.40227,-18.9263,-19.76258,-20.69332,-21.90083,-23.10666,-24.31074,-25.51297,-26.71326,-27.91151,-28.89973,-30.08511,-31.2682,-32.44891,-33.62714,-34.80282,-35.71703,-36.8789,-38.03796,-39.19412,-40.3473,-41.4974
164.2036,164.4629,162.7371,161.9809,161.2096,161.4137,160.6141,159.7999,158.9715,158.129,157.2726,156.4026,155.5191,154.6224,153.7128,153.7889,153.8534,154.9056,155.9465,156.9761,157.994,159,159.9939,160.9755,162.9441,162.9007,162.8449,164.7739,165.6904,166.5932,168.479,169.3531,170.2127,166.0852,156.9844,149.8745,144.7509,140.6181,138.4622,138.2764,138.08,137.8731,137.6557,137.4278,137.1895,135.9625,135.7051,135.4374,135.1594,133.9008,134.5725,133.2978,132.981,132.6541,132.3171,131.9701,131.6129
30.43333,28.99925,27.23285,25.65525,24.09293,22.68522,21.14524,19.62096,18.11251,16.62003,15.14363,13.68345,12.23962,10.81225,9.401475,8.059737,6.717386,5.409422,4.083604,2.740028,1.378793,0,-1.396246,-2.809837,-4.266843,-5.688618,-7.10996,-8.635433,-10.13406,-11.64933,-13.25959,-14.81648,-16.38962,-17.45625,-17.88611,-18.40227,-19.05682,-19.76258,-20.69332,-21.90083,-23.10666,-24.31074,-25.51297,-26.71326,-27.91151,-28.89973,-30.08511,-31.2682,-32.44891,-33.38522,-34.80282,-35.71703,-36.8789,-38.03796,-39.19412,-40.3473,-41.4974
165.1868,163.4781,162.7371,161.9809,161.2096,161.4137,160.6141,159.7999,157.9779,158.129,157.2726,156.4026,155.5191,154.6224,153.7128,153.7889,153.8534,154.9056,155.9465,156.9761,157.994,159,159.9939,160.9755,160.9448,162.9007,163.8439,164.7739,165.6904,166.5932,168.479,169.3531,170.2127,166.0852,156.9844,150.867,143.7595,140.6181,138.4622,138.2764,138.08,137.8731,136.6724,137.4278,137.1895,135.9625,135.7051,135.4374,135.1594,133.9008,133.6044,133.2978,132.981,132.6541,132.3171,131.9701,131.6129
30.61557,28.8256,27.23285,25.65525,24.09293,22.68522,21.14524,19.62096,17.99931,16.62003,15.14363,13.68345,12.23962,10.81225,9.401475,8.059737,6.717386,5.409422,4.083604,2.740028,1.378793,0,-1.396246,-2.809837,-4.214489,-5.688618,-7.15358,-8.635433,-10.13406,-11.64933,-13.25959,-14.81648,-16.38962,-17.45625,-17.88611,-18.52414,-18.9263,-19.76258,-20.69332,-21.90083,-23.10666,-24.31074,-25.33074,-26.71326,-27.91151,-28.89973,-30.08511,-31.2682,-32.44891,-33.38522,-34.55244,-35.71703,-36.8789,-38.03796,-39.19412,-40.3473,-41.4974
164.2036,164.4629,162.7371,160.9932,161.2096,161.4137,160.6141,159.7999,157.9779,158.129,157.2726,156.4026,155.5191,154.6224,153.7128,153.7889,153.8534,154.9056,155.9465,156.9761,157.994,159,159.9939,160.9755,161.9445,162.9007,163.8439,164.7739,165.6904,166.5932,167.4821,169.3531,170.2127,166.0852,155.9908,149.8745,143.7595,140.6181,138.4622,138.2764,138.08,137.8731,137.6557,137.4278,137.1895,135.9625,135.7051,135.4374,135.1594,134.8711,133.6044,133.2978,132.981,132.6541,132.3171,131.9701,131.6129
30.43333,28.99925,27.23285,25.49882,24.09293,22.68522,21.14524,19.62096,17.99931,16.62003,15.14363,13.68345,12.23962,10.81225,9.401475,8.059737,6.717386,5.409422,4.083604,2.740028,1.378793,0,-1.396246,-2.809837,-4.240666,-5.688618,-7.15358,-8.635433,-10.13406,-11.64933,-13.18113,-14.81648,-16.38962,-17.45625,-17.7729,-18.40227,-18.9263,-19.76258,-20.69332,-21.90083,-23.10666,-24.31074,-25.51297,-26.71326,-27.91151,-28.89973,-30.08511,-31.2682,-32.44891,-33.62714,-34.55244,-35.71703,-36.8789,-38.03796,-39.19412,-40.3473,-41.4974
164.2036,164.4629,162.7371,161.9809,161.2096,161.4137,160.6141,159.7999,158.9715,158.129,157.2726,156.4026,155.5191,154.6224,153.7128,153.7889,153.8534,154.9056,155.9465,156.9761,157.994,159,159.9939,160.9755,161.9445,162.9007,163.8439,164.7739,165.6904,166.5932,167.4821,169.3531,170.2127,166.0852,155.9908,150.867,143.7595,140.6181,138.4622,138.2764,138.08,137.8731,137.6557,137.4278,137.1895,135.9625,135.7051,135.4374,134.187,134.8711,133.6044,133.2978,132.981,132.6541,132.3171,131.9701,131.6129
30.43333,28.99925,27.23285,25.65525,24.09293,22.68522,21.14524,19.62096,18.11251,16.62003,15.14363,13.68345,12.23962,10.81225,9.401475,8.059737,6.717386,5.409422,4.083604,2.740028,1.378793,0,-1.396246,-2.809837,-4.240666,-5.688618,-7.15358,-8.635433,-10.13406,-11.64933,-13.18113,-14.81648,-16.38962,-17.45625,-17.7729,-18.52414,-18.9263,-19.76258,-20.69332,-21.90083,-23.10666,-24.31074,-25.51297,-26.71326,-27.91151,-28.89973,-30.08511,-31.2682,-32.21546,-33.62714,-34.55244,-35.71703,-36.8789,-38.03796,-39.19412,-40.3473,-41.4974
164.2036,164.4629,162.7371,160.9932,161.2096,161.4137,160.6141,159.7999,158.9715,158.129,157.2726,156.4026,155.5191,154.6224,153.7128,153.7889,153.8534,154.9056,155.9465,156.9761,157.994,159,159.9939,160.9755,161.9445,162.9007,162.8449,164.7739,165.6904,166.5932,167.4821,169.3531,170.2127,166.0852,155.9908,149.8745,143.7595,141.6083,138.4622,138.2764,138.08,137.8731,137.6557,137.4278,137.1895,136.9407,135.7051,135.4374,135.1594,134.8711,133.6044,133.2978,132.981,132.6541,132.3171,131.9701,131.6129
30.43333,28.99925,27.23285,25.49882,24.09293,22.68522,21.14524,19.62096,18.11251,16.62003,15.14363,13.68345,12.23962,10.81225,9.401475,8.059737,6.717386,5.409422,4.083604,2.740028,1.378793,0,-1.396246,-2.809837,-4.240666,-5.688618,-7.10996,-8.635433,-10.13406,-11.64933,-13.18113,-14.81648,-16.38962,-17.45625,-17.7729,-18.40227,-18.9263,-19.90175,-20.69332,-21.90083,-23.10666,-24.31074,-25.51297,-26.71326,-27.91151,-29.10764,-30.08511,-31.2682,-32.44891,-33.62714,-34.55244,-35.71703,-36.8789,-38.03796,-39.19412,-40.3473,-41.4974
163.2203,163.4781,162.7371,161.9809,161.2096,161.4137,160.6141,159.7999,158.9715,158.129,157.2726,156.4026,154.5222,154.6224,153.7128,153.7889,153.8534,154.9056,155.9465,156.9761,157.994,159,159.9939,161.9753,162.9441,162.9007,163.8439,164.7739,165.6904,166.5932,168.479,169.3531,169.2174,166.0852,155.9908,149.8745,143.7595,140.6181,138.4622,138.2764,138.08,137.8731,137.6557,137.4278,137.1895,135.9625,135.7051,135.4374,135.1594,134.8711,133.6044,133.2978,132.981,132.6541,132.3171,131.9701,131.6129
30.2511,28.8256,27.23285,25.65525,24.09293,22.68522,21.14524,19.62096,18.11251,16.62003,15.14363,13.68345,12.16116,10.81225,9.401475,8.059737,6.717386,5.409422,4.083604,2.740028,1.378793,0,-1.396246,-2.82729,-4.266843,-5.688618,-7.15358,-8.635433,-10.13406,-11.64933,-13.25959,-14.81648,-16.29378,-17.45625,-17.7729,-18.40227,-18.9263,-19.76258,-20.69332,-21.90083,-23.10666,-24.31074,-25.51297,-26.71326,-27.91151,-28.89973,-30.08511,-31.2682,-32.44891,-33.62714,-34.55244,-35.71703,-36.8789,-38.03796,-39.19412,-40.3473,-41.4974
164.2036,164.4629,162.7371,161.9809,161.2096,161.4137,160.6141,158.8074,158.9715,157.1345,157.2726,156.4026,155.5191,154.6224,153.7128,153.7889,153.8534,154.9056,155.9465,156.9761,157.994,159,159.9939,160.9755,161.9445,162.9007,163.8439,164.7739,165.6904,166.5932,168.479,169.3531,169.2174,166.0852,155.9908,150.867,144.7509,140.6181,138.4622,138.2764,138.08,137.8731,137.6557,137.4278,136.2095,135.9625,135.7051,135.4374,135.1594,134.8711,134.5725,133.2978,132.981,132.6541,132.3171,131.9701,131.6129
30.43333,28.99925,27.23285,25.65525,24.09293,22.68522,21.14524,19.49909,18.11251,16.5155,15.14363,13.68345,12.23962,10.81225,9.401475,8.059737,6.717386,5.409422,4.083604,2.740028,1.378793,0,-1.396246,-2.809837,-4.240666,-5.688618,-7.15358,-8.635433,-10.13406,-11.64933,-13.25959,-14.81648,-16.29378,-17.45625,-17.7729,-18.52414,-19.05682,-19.76258,-20.69332,-21.90083,-23.10666,-24.31074,-25.51297,-26.71326,-27.71214,-28.89973,-30.08511,-31.2682,-32.44891,-33.62714,-34.80282,-35.71703,-36.8789,-38.03796,-39.19412,-40.3473,-41.4974
163.2203,164.4629,162.7371,161.9809,161.2096,161.4137,160.6141,159.7999,158.9715,158.129,157.2726,156.4026,154.5222,153.6249,153.7128,153.7889,153.8534,154.9056,155.9465,156.9761,157.994,159,159.9939,160.9755,161.9445,162.9007,163.8439,164.7739,165.6904,166.5932,168.479,169.3531,170.2127,166.0852,155.9908,150.867,143.7595,140.6181,138.4622,138.2764,138.08,137.8731,137.6557,137.4278,136.2095,135.9625,135.7051,135.4374,135.1594,134.8711,134.5725,134.2637,132.981,133.6154,132.3171,131.9701,131.6129
30.2511,28.99925,27.23285,25.65525,24.09293,22.68522,21.14524,19.62096,18.11251,16.62003,15.14363,13.68345,12.16116,10.7425,9.401475,8.059737,6.717386,5.409422,4.083604,2.740028,1.378793,0,-1.396246,-2.809837,-4.240666,-5.688618,-7.15358,-8.635433,-10.13406,-11.64933,-13.25959,-14.81648,-16.38962,-17.45625,-17.7729,-18.52414,-18.9263,-19.76258,-20.69332,-21.90083,-23.10666,-24.31074,-25.51297,-26.71326,-27.71214,-28.89973,-30.08511,-31.2682,-32.44891,-33.62714,-34.80282,-35.97585,-36.8789,-38.31359,-39.19412,-40.3473,-41.4974
164.2036,163.4781,162.7371,161.9809,161.2096,161.4137,160.6141,159.7999,157.9779,158.129,156.2772,156.4026,155.5191,154.6224,153.7128,153.7889,153.8534,154.9056,155.9465,156.9761,157.994,159,160.9939,160.9755,161.9445,162.9007,163.8439,164.7739,165.6904,166.5932,168.479,168.3569,169.2174,166.0852,155.9908,149.8745,143.7595,140.6181,138.4622,138.2764,138.08,137.8731,137.6557,137.4278,137.1895,135.9625,135.7051,135.4374,135.1594,133.9008,134.5725,133.2978,132.981,132.6541,132.3171,131.9701,131.6129
30.43333,28.8256,27.23285,25.65525,24.09293,22.68522,21.14524,19.62096,17.99931,16.62003,15.04778,13.68345,12.23962,10.81225,9.401475,8.059737,6.717386,5.409422,4.083604,2.740028,1.378793,0,-1.404972,-2.809837,-4.240666,-5.688618,-7.15358,-8.635433,-10.13406,-11.64933,-13.25959,-14.72932,-16.29378,-17.45625,-17.7729,-18.40227,-18.9263,-19.76258,-20.69332,-21.90083,-23.10666,-24.31074,-25.51297,-26.71326,-27.91151,-28.89973,-30.08511,-31.2682,-32.44891,-33.38522,-34.80282,-35.71703,-36.8789,-38.03796,-39.19412,-40.3473,-41.4974
164.2036,163.4781,162.7371,161.9809,161.2096,161.4137,160.6141,159.7999,158.9715,158.129,157.2726,156.4026,154.5222,154.6224,153.7128,153.7889,153.8534,154.9056,155.9465,156.9761,157.994,159,159.9939,160.9755,161.9445,162.9007,163.8439,164.7739,165.6904,166.5932,167.4821,169.3531,170.2127,166.0852,155.9908,149.8745,143.7595,140.6181,139.4512,138.2764,138.08,137.8731,137.6557,137.4278,137.1895,135.9625,135.7051,135.4374,135.1594,134.8711,134.5725,133.2978,132.981,132.6541,132.3171,131.9701,131.6129
30.43333,28.8256,27.23285,25.65525,24.09293,22.68522,21.14524,19.62096,18.11251,16.62003,15.14363,13.68345,12.16116,10.81225,9.401475,8.059737,6.717386,5.409422,4.083604,2.740028,1.378793,0,-1.396246,-2.809837,-4.240666,-5.688618,-7.15358,-8.635433,-10.13406,-11.64933,-13.18113,-14.81648,-16.38962,-17.45625,-17.7729,-18.40227,-18.9263,-19.76258,-20.84113,-21.90083,-23.10666,-24.31074,-25.51297,-26.71326,-27.91151,-28.89973,-30.08511,-31.2682,-32.44891,-33.62714,-34.80282,-35.71703,-36.8789,-38.03796,-39.19412,-40.3473,-41.4974
164.2036,163.4781,162.7371,161.9809,161.2096,161.4137,160.6141,159.7999,158.9715,158.129,157.2726,156.4026,154.5222,154.6224,153.7128,152.7903,153.8534,154.9056,155.9465,156.9761,157.994,159,159.9939,160.9755,161.9445,162.9007,162.8449,164.7739,165.6904,166.5932,168.479,169.3531,170.2127,166.0852,155.9908,149.8745,144.7509,140.6181,138.4622,138.2764,138.08,137.8731,137.6557,137.4278,137.1895,135.9625,135.7051,135.4374,135.1594,134.8711,133.6044,134.2637,132.981,132.6541,132.3171,131.9701,131.6129
30.43333,28.8256,27.23285,25.65525,24.09293,22.68522,21.14524,19.62096,18.11251,16.62003,15.14363,13.68345,12.16116,10.81225,9.401475,8.007401,6.717386,5.409422,4.083604,2.740028,1.378793,0,-1.396246,-2.809837,-4.240666,-5.688618,-7.10996,-8.635433,-10.13406,-11.64933,-13.25959,-14.81648,-16.38962,-17.45625,-17.7729,-18.40227,-19.05682,-19.76258,-20.69332,-21.90083,-23.10666,-24.31074,-25.51297,-26.71326,-27.91151,-28.89973,-30.08511,-31.2682,-32.44891,-33.62714,-34.55244,-35.97585,-36.8789,-38.03796,-39.19412,-40.3473,-41.4974
164.2036,164.4629,162.7371,161.9809,161.2096,161.4137,160.6141,159.7999,158.9715,158.129,156.2772,156.4026,155.5191,154.6224,153.7128,153.7889,153.8534,154.9056,155.9465,156.9761,157.994,159,159.9939,160.9755,161.9445,162.9007,162.8449,164.7739,165.6904,166.5932,167.4821,169.3531,170.2127,166.0852,155.9908,149.8745,143.7595,140.6181,138.4622,138.2764,138.08,137.8731,137.6557,137.4278,136.2095,135.9625,135.7051,135.4374,135.1594,133.9008,134.5725,133.2978,132.981,132.6541,132.3171,131.9701,131.6129
30.43333,28.99925,27.23285,25.65525,24.09293,22.68522,21.14524,19.62096,18.11251,16.62003,15.04778,13.68345,12.23962,10.81225,9.401475,8.059737,6.717386,5.409422,4.083604,2.740028,1.378793,0,-1.396246,-2.809837,-4.240666,-5.688618,-7.10996,-8.635433,-10.13406,-11.64933,-13.18113,-14.81648,-16.38962,-17.45625,-17.7729,-18.40227,-18.9263,-19.76258,-20.69332,-21.90083,-23.10666,-24.31074,-25.51297,-26.71326,-27.71214,-28.89973,-30.08511,-31.2682,-32.44891,-33.38522,-34.80282,-35.71703,-36.8789,-38.03796,-39.19412,-40.3473,-41.4974
164.2036,163.4781,162.7371,161.9809,161.2096,161.4137,160.6141,159.7999,158.9715,158.129,157.2726,156.4026,154.5222,153.6249,153.7128,153.7889,153.8534,154.9056,155.9465,156.9761,157.994,159,159.9939,160.9755,161.9445,162.9007,162.8449,164.7739,165.6904,166.5932,167.4821,168.3569,170.2127,166.0852,155.9908,149.8745,144.7509,140.6181,138.4622,138.2764,138.08,137.8731,137.6557,137.4278,136.2095,135.9625,135.7051,135.4374,135.1594,133.9008,134.5725,133.2978,132.981,132.6541,132.3171,131.9701,131.6129
30.43333,28.8256,27.23285,25.65525,24.09293,22.68522,21.14524,19.62096,18.11251,16.62003,15.14363,13.68345,12.16116,10.7425,9.401475,8.059737,6.717386,5.409422,4.083604,2.740028,1.378793,0,-1.396246,-2.809837,-4.240666,-5.688618,-7.10996,-8.635433,-10.13406,-11.64933,-13.18113,-14.72932,-16.38962,-17.45625,-17.7729,-18.40227,-19.05682,-19.76258,-20.69332,-21.90083,-23.10666,-24.31074,-25.51297,-26.71326,-27.71214,-28.89973,-30.08511,-31.2682,-32.44891,-33.38522,-34.80282,-35.71703,-36.8789,-38.03796,-39.19412,-40.3473,-41.4974
163.2203,164.4629,163.7234,161.9809,161.2096,161.4137,160.6141,158.8074,158.9715,158.129,157.2726,156.4026,155.5191,153.6249,153.7128,153.7889,153.8534,154.9056,155.9465,156.9761,157.994,159,159.9939,160.9755,162.9441,162.9007,163.8439,164.7739,165.6904,166.5932,167.4821,169.3531,169.2174,166.0852,155.9908,149.8745,143.7595,140.6181,138.4622,138.2764,138.08,137.8731,137.6557,136.4462,137.1895,135.9625,135.7051,135.4374,135.1594,134.8711,133.6044,133.2978,132.981,132.6541,132.3171,131.9701,131.6129
30.2511,28.99925,27.3979,25.65525,24.09293,22.68522,21.14524,19.49909,18.11251,16.62003,15.14363,13.68345,12.23962,10.7425,9.401475,8.059737,6.717386,5.409422,4.083604,2.740028,1.378793,0,-1.396246,-2.809837,-4.266843,-5.688618,-7.15358,-8.635433,-10.13406,-11.64933,-13.18113,-14.81648,-16.29378,-17.45625,-17.7729,-18.40227,-18.9263,-19.76258,-20.69332,-21.90083,-23.10666,-24.31074,-25.51297,-26.52245,-27.91151,-28.89973,-30.08511,-31.2682,-32.44891,-33.62714,-34.55244,-35.71703,-36.8789,-38.03796,-39.19412,-40.3473,-41.4974
164.2036,164.4629,161.7508,161.9809,161.2096,161.4137,160.6141,159.7999,158.9715,158.129,157.2726,156.4026,155.5191,153.6249,153.7128,153.7889,153.8534,154.9056,155.9465,156.9761,157.994,159,159.9939,160.9755,161.9445,162.9007,163.8439,164.7739,165.6904,166.5932,168.479,168.3569,170.2127,166.0852,156.9844,149.8745,144.7509,140.6181,138.4622,138.2764,138.08,137.8731,137.6557,137.4278,137.1895,136.9407,135.7051,135.4374,135.1594,133.9008,133.6044,134.2637,132.981,132.6541,132.3171,131.9701,131.6129
30.43333,28.99925,27.06781,25.65525,24.09293,22.68522,21.14524,19.62096,18.11251,16.62003,15.14363,13.68345,12.23962,10.7425,9.401475,8.059737,6.717386,5.409422,4.083604,2.740028,1.378793,0,-1.396246,-2.809837,-4.240666,-5.688618,-7.15358,-8.635433,-10.13406,-11.64933,-13.25959,-14.72932,-16.38962,-17.45625,-17.88611,-18.40227,-19.05682,-19.76258,-20.69332,-21.90083,-23.10666,-24.31074,-25.51297,-26.71326,-27.91151,-29.10764,-30.08511,-31.2682,-32.44891,-33.38522,-34.55244,-35.97585,-36.8789,-38.03796,-39.19412,-40.3473,-41.4974
163.2203,164.4629,162.7371,161.9809,161.2096,161.4137,160.6141,159.7999,158.9715,158.129,157.2726,156.4026,155.5191,154.6224,153.7128,153.7889,153.8534,154.9056,155.9465,156.9761,157.994,159,159.9939,160.9755,162.9441,162.9007,163.8439,164.7739,165.6904,166.5932,167.4821,168.3569,170.2127,166.0852,155.9908,149.8745,143.7595,140.6181,138.4622,138.2764,138.08,137.8731,137.6557,137.4278,137.1895,135.9625,135.7051,135.4374,135.1594,134.8711,133.6044,133.2978,132.981,132.6541,132.3171,131.9701,131.6129
30.2511,28.99925,27.23285,25.65525,24.09293,22.68522,21.14524,19.62096,18.11251,16.62003,15.14363,13.68345,12.23962,10.81225,9.401475,8.059737,6.717386,5.409422,4.083604,2.740028,1.378793,0,-1.396246,-2.809837,-4.266843,-5.688618,-7.15358,-8.635433,-10.13406,-11.64933,-13.18113,-14.72932,-16.38962,-17.45625,-17.7729,-18.40227,-18.9263,-19.76258,-20.69332,-21.90083,-23.10666,-24.31074,-25.51297,-26.71326,-27.91151,-28.89973,-30.08511,-31.2682,-32.44891,-33.62714,-34.55244,-35.71703,-36.8789,-38.03796,-39.19412,-40.3473,-41.4974
165.1868,164.4629,161.7508,161.9809,161.2096,161.4137,159.6226,159.7999,157.9779,158.129,158.268,156.4026,155.5191,154.6224,153.7128,153.7889,153.8534,154.9056,155.9465,156.9761,157.994,159,159.9939,160.9755,162.9441,162.9007,163.8439,164.7739,165.6904,166.5932,168.479,169.3531,169.2174,166.0852,155.9908,149.8745,144.7509,140.6181,138.4622,138.2764,138.08,137.8731,137.6557,137.4278,137.1895,135.9625,135.7051,135.4374,135.1594,133.9008,134.5725,133.2978,132.981,132.6541,132.3171,131.9701,131.6129
30.61557,28.99925,27.06781,25.65525,24.09293,22.68522,21.01472,19.62096,17.99931,16.62003,15.23947,13.68345,12.23962,10.81225,9.401475,8.059737,6.717386,5.409422,4.083604,2.740028,1.378793,0,-1.396246,-2.809837,-4.266843,-5.688618,-7.15358,-8.635433,-10.13406,-11.64933,-13.25959,-14.81648,-16.29378,-17.45625,-17.7729,-18.40227,-19.05682,-19.76258,-20.69332,-21.90083,-23.10666,-24.31074,-25.51297,-26.71326,-27.91151,-28.89973,-30.08511,-31.2682,-32.44891,-33.38522,-34.80282,-35.71703,-36.8789,-38.03796,-39.19412,-40.3473,-41.4974
164.2036,164.4629,162.7371,161.9809,161.2096,161.4137,160.6141,159.7999,158.9715,158.129,157.2726,156.4026,155.5191,154.6224,153.7128,153.7889,153.8534,154.9056,155.9465,156.9761,157.994,159,159.9939,160.9755,162.9441,162.9007,163.8439,164.7739,165.6904,166.5932,167.4821,169.3531,170.2127,166.0852,155.9908,149.8745,144.7509,140.6181,138.4622,138.2764,138.08,137.8731,137.6557,137.4278,137.1895,135.9625,135.7051,135.4374,135.1594,134.8711,133.6044,133.2978,132.981,132.6541,132.3171,131.9701,131.6129
30.43333,28.99925,27.23285,25.65525,24.09293,22.68522,21.14524,19.62096,18.11251,16.62003,15.14363,13.68345,12.23962,10.81225,9.401475,8.059737,6.717386,5.409422,4.083604,2.740028,1.378793,0,-1.396246,-2.809837,-4.266843,-5.688618,-7.15358,-8.635433,-10.13406,-11.64933,-13.18113,-14.81648,-16.38962,-17.45625,-17.7729,-18.40227,-19.05682,-19.76258,-20.69332,-21.90083,-23.10666,-24.31074,-25.51297,-26.71326,-27.91151,-28.89973,-30.08511,-31.2682,-32.44891,-33.62714,-34.55244,-35.71703,-36.8789,-38.03796,-39.19412,-40.3473,-41.4974
163.2203,164.4629,162.7371,161.9809,161.2096,161.4137,160.6141,159.7999,158.9715,158.129,157.2726,156.4026,155.5191,154.6224,153.7128,153.7889,153.8534,154.9056,155.9465,156.9761,157.994,159,159.9939,160.9755,161.9445,162.9007,163.8439,164.7739,165.6904,166.5932,167.4821,169.3531,169.2174,166.0852,156.9844,149.8745,143.7595,140.6181,138.4622,138.2764,138.08,137.8731,137.6557,137.4278,137.1895,135.9625,135.7051,135.4374,135.1594,134.8711,133.6044,133.2978,132.981,132.6541,132.3171,131.9701,131.6129
30.2511,28.99925,27.23285,25.65525,24.09293,22.68522,21.14524,19.62096,18.11251,16.62003,15.14363,13.68345,12.23962,10.81225,9.401475,8.059737,6.717386,5.409422,4.083604,2.740028,1.378793,0,-1.396246,-2.809837,-4.240666,-5.688618,-7.15358,-8.635433,-10.13406,-11.64933,-13.18113,-14.81648,-16.29378,-17.45625,-17.88611,-18.40227,-18.9263,-19.76258,-20.69332,-21.90083,-23.10666,-24.31074,-25.51297,-26.71326,-27.91151,-28.89973,-30.08511,-31.2682,-32.44891,-33.62714,-34.55244,-35.71703,-36.8789,-38.03796,-39.19412,-40.3473,-41.4974
164.2036,163.4781,162.7371,161.9809,161.2096,161.4137,160.6141,159.7999,158.9715,158.129,157.2726,156.4026,155.5191,154.6224,153.7128,152.7903,153.8534,154.9056,155.9465,156.9761,157.994,159,159.9939,160.9755,161.9445,162.9007,163.8439,164.7739,165.6904,166.5932,167.4821,169.3531,169.2174,166.0852,155.9908,149.8745,143.7595,140.6181,138.4622,138.2764,138.08,137.8731,137.6557,137.4278,137.1895,135.9625,135.7051,135.4374,135.1594,134.8711,134.5725,133.2978,132.981,132.6541,132.3171,131.9701,131.6129
30.43333,28.8256,27.23285,25.65525,24.09293,22.68522,21.14524,19.62096,18.11251,16.62003,15.14363,13.68345,12.23962,10.81225,9.401475,8.007401,6.717386,5.409422,4.083604,2.740028,1.378793,0,-1.396246,-2.809837,-4.240666,-5.688618,-7.15358,-8.635433,-10.13406,-11.64933,-13.18113,-14.81648,-16.29378,-17.45625,-17.7729,-18.40227,-18.9263,-19.76258,-20.69332,-21.90083,-23.10666,-24.31074,-25.51297,-26.71326,-27.91151,-28.89973,-30.08511,-31.2682,-32.44891,-33.62714,-34.80282,-35.71703,-36.8789,-38.03796,-39.19412,-40.3473,-41.4974
163.2203,164.4629,162.7371,161.9809,161.2096,161.4137,160.6141,158.8074,158.9715,158.129,156.2772,156.4026,155.5191,154.6224,153.7128,153.7889,153.8534,154.9056,155.9465,156.9761,157.994,159,159.9939,160.9755,161.9445,162.9007,163.8439,164.7739,165.6904,166.5932,168.479,169.3531,170.2127,166.0852,155.9908,149.8745,143.7595,141.6083,138.4622,138.2764,138.08,137.8731,137.6557,136.4462,137.1895,135.9625,135.7051,135.4374,134.187,134.8711,134.5725,133.2978,132.981,132.6541,132.3171,131.9701,131.6129
30.2511,28.99925,27.23285,25.65525,24.09293,22.68522,21.14524,19.49909,18.11251,16.62003,15.04778,13.68345,12.23962,10.81225,9.401475,8.059737,6.717386,5.409422,4.083604,2.740028,1.378793,0,-1.396246,-2.809837,-4.240666,-5.688618,-7.15358,-8.635433,-10.13406,-11.64933,-13.25959,-14.81648,-16.38962,-17.45625,-17.7729,-18.40227,-18.9263,-19.90175,-20.69332,-21.90083,-23.10666,-24.31074,-25.51297,-26.52245,-27.91151,-28.89973,-30.08511,-31.2682,-32.21546,-33.62714,-34.80282,-35.71703,-36.8789,-38.03796,-39.19412,-40.3473,-41.4974
164.2036,163.4781,162.7371,161.9809,161.2096,161.4137,160.6141,159.7999,158.9715,158.129,156.2772,156.4026,155.5191,153.6249,153.7128,153.7889,153.8534,154.9056,155.9465,156.9761,157.994,159,159.9939,160.9755,161.9445,162.9007,163.8439,164.7739,165.6904,166.5932,167.4821,169.3531,170.2127,166.0852,155.9908,149.8745,144.7509,140.6181,138.4622,138.2764,138.08,137.8731,137.6557,137.4278,137.1895,135.9625,135.7051,135.4374,134.187,134.8711,133.6044,133.2978,132.981,132.6541,132.3171,131.9701,131.6129
30.43333,28.8256,27.23285,25.65525,24.09293,22.68522,21.14524,19.62096,18.11251,16.62003,15.04778,13.68345,12.23962,10.7425,9.401475,8.059737,6.717386,5.409422,4.083604,2.740028,1.378793,0,-1.396246,-2.809837,-4.240666,-5.688618,-7.15358,-8.635433,-10.13406,-11.64933,-13.18113,-14.81648,-16.38962,-17.45625,-17.7729,-18.40227,-19.05682,-19.76258,-20.69332,-21.90083,-23.10666,-24.31074,-25.51297,-26.71326,-27.91151,-28.89973,-30.08511,-31.2682,-32.21546,-33.62714,-34.55244,-35.71703,-36.8789,-38.03796,-39.19412,-40.3473,-41.4974
164.2036,164.4629,162.7371,161.9809,161.2096,161.4137,160.6141,158.8074,158.9715,158.129,157.2726,156.4026,155.5191,154.6224,153.7128,153.7889,153.8534,154.9056,154.9469,156.9761,156.994,159,158.9939,160.9755,162.9441,162.9007,163.8439,164.7739,165.6904,165.5956,168.479,168.3569,170.2127,166.0852,155.9908,149.8745,143.7595,140.6181,138.4622,138.2764,138.08,137.8731,137.6557,137.4278,136.2095,135.9625,135.7051,135.4374,135.1594,134.8711,133.6044,133.2978,132.981,132.6541,132.3171,131.9701,131.6129
30.43333,28.99925,27.23285,25.65525,24.09293,22.68522,21.14524,19.49909,18.11251,16.62003,15.14363,13.68345,12.23962,10.81225,9.401475,8.059737,6.717386,5.409422,4.057427,2.740028,1.370066,0,-1.387519,-2.809837,-4.266843,-5.688618,-7.15358,-8.635433,-10.13406,-11.57957,-13.25959,-14.72932,-16.38962,-17.45625,-17.7729,-18.40227,-18.9263,-19.76258,-20.69332,-21.90083,-23.10666,-24.31074,-25.51297,-26.71326,-27.71214,-28.89973,-30.08511,-31.2682,-32.44891,-33.62714,-34.55244,-35.71703,-36.8789,-38.03796,-39.19412,-40.3473,-41.4974
164.2036,164.4629,162.7371,161.9809,161.2096,161.4137,160.6141,158.8074,158.9715,158.129,157.2726,156.4026,155.5191,153.6249,153.7128,153.7889,153.8534,154.9056,155.9465,156.9761,157.994,159,159.9939,160.9755,162.9441,162.9007,163.8439,164.7739,165.6904,166.5932,167.4821,169.3531,170.2127,166.0852,155.9908,150.867,144.7509,140.6181,138.4622,138.2764,138.08,137.8731,137.6557,137.4278,137.1895,135.9625,135.7051,135.4374,135.1594,133.9008,134.5725,133.2978,132.981,132.6541,132.3171,131.9701,131.6129
30.43333,28.99925,27.23285,25.65525,24.09293,22.68522,21.14524,19.49909,18.11251,16.62003,15.14363,13.68345,12.23962,10.7425,9.401475,8.059737,6.717386,5.409422,4.083604,2.740028,1.378793,0,-1.396246,-2.809837,-4.266843,-5.688618,-7.15358,-8.635433,-10.13406,-11.64933,-13.18113,-14.81648,-16.38962,-17.45625,-17.7729,-18.52414,-19.05682,-19.76258,-20.69332,-21.90083,-23.10666,-24.31074,-25.51297,-26.71326,-27.91151,-28.89973,-30.08511,-31.2682,-32.44891,-33.38522,-34.80282,-35.71703,-36.8789,-38.03796,-39.19412,-40.3473,-41.4974
164.2036,163.4781,162.7371,161.9809,161.2096,161.4137,160.6141,158.8074,158.9715,158.129,156.2772,156.4026,155.5191,154.6224,153.7128,153.7889,153.8534,154.9056,155.9465,156.9761,157.994,159,159.9939,160.9755,162.9441,162.9007,163.8439,164.7739,165.6904,166.5932,167.4821,169.3531,169.2174,166.0852,155.9908,149.8745,143.7595,140.6181,138.4622,138.2764,138.08,137.8731,137.6557,136.4462,137.1895,135.9625,135.7051,135.4374,135.1594,134.8711,134.5725,133.2978,132.981,132.6541,132.3171,131.9701,131.6129
30.43333,28.8256,27.23285,25.65525,24.09293,22.68522,21.14524,19.49909,18.11251,16.62003,15.04778,13.68345,12.23962,10.81225,9.401475,8.059737,6.717386,5.409422,4.083604,2.740028,1.378793,0,-1.396246,-2.809837,-4.266843,-5.688618,-7.15358,-8.635433,-10.13406,-11.64933,-13.18113,-14.81648,-16.29378,-17.45625,-17.7729,-18.40227,-18.9263,-19.76258,-20.69332,-21.90083,-23.10666,-24.31074,-25.51297,-26.52245,-27.91151,-28.89973,-30.08511,-31.2682,-32.44891,-33.62714,-34.80282,-35.71703,-36.8789,-38.03796,-39.19412,-40.3473,-41.4974
166.1701,164.4629,162.7371,161.9809,161.2096,161.4137,160.6141,159.7999,158.9715,158.129,157.2726,156.4026,154.5222,154.6224,153.7128,153.7889,153.8534,154.9056,155.9465,156.9761,157.994,159,159.9939,160.9755,161.9445,162.9007,163.8439,164.7739,165.6904,166.5932,167.4821,169.3531,170.2127,166.0852,155.9908,149.8745,144.7509,140.6181,138.4622,138.2764,138.08,137.8731,137.6557,137.4278,137.1895,135.9625,135.7051,135.4374,134.187,133.9008,134.5725,133.2978,132.981,132.6541,132.3171,131.9701,131.6129
30.7978,28.99925,27.23285,25.65525,24.09293,22.68522,21.14524,19.62096,18.11251,16.62003,15.14363,13.68345,12.16116,10.81225,9.401475,8.059737,6.717386,5.409422,4.083604,2.740028,1.378793,0,-1.396246,-2.809837,-4.240666,-5.688618,-7.15358,-8.635433,-10.13406,-11.64933,-13.18113,-14.81648,-16.38962,-17.45625,-17.7729,-18.40227,-19.05682,-19.76258,-20.69332,-21.90083,-23.10666,-24.31074,-25.51297,-26.71326,-27.91151,-28.89973,-30.08511,-31.2682,-32.21546,-33.38522,-34.80282,-35.71703,-36.8789,-38.03796,-39.19412,-40.3473,-41.4974
163.2203,164.4629,163.7234,160.9932,161.2096,161.4137,160.6141,159.7999,157.9779,158.129,156.2772,156.4026,155.5191,154.6224,153.7128,153.7889,154.8525,154.9056,155.9465,156.9761,157.994,160,159.9939,161.9753,161.9445,162.9007,163.8439,164.7739,165.6904,166.5932,167.4821,169.3531,170.2127,166.0852,156.9844,149.8745,143.7595,140.6181,138.4622,138.2764,138.08,137.8731,137.6557,137.4278,136.2095,136.9407,135.7051,135.4374,135.1594,133.9008,133.6044,133.2978,132.981,132.6541,132.3171,131.9701,131.6129
30.2511,28.99925,27.3979,25.49882,24.09293,22.68522,21.14524,19.62096,17.99931,16.62003,15.04778,13.68345,12.23962,10.81225,9.401475,8.059737,6.761005,5.409422,4.083604,2.740028,1.378793,0,-1.396246,-2.82729,-4.240666,-5.688618,-7.15358,-8.635433,-10.13406,-11.64933,-13.18113,-14.81648,-16.38962,-17.45625,-17.88611,-18.40227,-18.9263,-19.76258,-20.69332,-21.90083,-23.10666,-24.31074,-25.51297,-26.71326,-27.71214,-29.10764,-30.08511,-31.2682,-32.44891,-33.38522,-34.55244,-35.71703,-36.8789,-38.03796,-39.19412,-40.3473,-41.4974
164.2036,164.4629,162.7371,161.9809,161.2096,161.4137,160.6141,159.7999,158.9715,158.129,157.2726,156.4026,154.5222,154.6224,153.7128,153.7889,153.8534,154.9056,155.9465,156.9761,157.994,159,159.9939,160.9755,161.9445,162.9007,163.8439,164.7739,165.6904,166.5932,167.4821,169.3531,170.2127,166.0852,155.9908,149.8745,144.7509,140.6181,138.4622,138.2764,138.08,137.8731,137.6557,137.4278,136.2095,135.9625,135.7051,135.4374,134.187,133.9008,134.5725,133.2978,132.981,132.6541,132.3171,131.9701,131.6129
30.43333,28.99925,27.23285,25.65525,24.09293,22.68522,21.14524,19.62096,18.11251,16.62003,15.14363,13.68345,12.16116,10.81225,9.401475,8.059737,6.717386,5.409422,4.083604,2.740028,1.378793,0,-1.396246,-2.809837,-4.240666,-5.688618,-7.15358,-8.635433,-10.13406,-11.64933,-13.18113,-14.81648,-16.38962,-17.45625,-17.7729,-18.40227,-19.05682,-19.76258,-20.69332,-21.90083,-23.10666,-24.31074,-25.51297,-26.71326,-27.71214,-28.89973,-30.08511,-31.2682,-32.21546,-33.38522,-34.80282,-35.71703,-36.8789,-38.03796,-39.19412,-40.3473,-41.4974
