98.01059,101.5841,100.2249,100.6913,101.1364,101.5604,101.9633,102.3452,102.7061,103.0461,103.3653,104.3457,105.3183,105.5881,105.8373,106.066,106.9876,107.901,109.5315,111.1658,112.8034,114.4443,116.0881,117.7347,119.3837,121.035,123.4599,124.3434,126.7825,128.4458,129.3166,131.7749,133.4402,135.1058,135.1432,131.0643,126.9154,123.5266,120.0796,118.2526,117.2314,117.0306,117.6643,117.4319,118.0432,118.6455,119.2387,119.8229,119.5191,120.0809,120.6335,121.1769,121.7111,122.236,121.849,123.2579,123.7547,124.2422,124.7202,126.1092,126.5715
127.7299,130.0218,125.9999,124.3434,122.6883,121.035,119.3837,117.7347,116.0881,114.4443,112.8034,111.8971,110.9823,109.3396,107.7008,106.066,105.1364,104.1988,103.9415,103.6638,103.3653,103.0461,102.7061,102.3452,101.9633,101.5604,101.7725,100.6913,100.8474,100.3528,99.22811,99.29948,98.74058,98.16014,96.39669,91.77223,87.22656,83.31974,79.47893,76.7941,74.68465,73.12886,72.1048,70.56022,69.53276,68.5,67.46203,66.41892,64.89359,63.84813,62.79781,61.74271,60.6829,59.61848,58.119,57.47608,56.39828,55.31618,54.22987,53.53016,52.42763
98.01059,101.5841,100.2249,100.6913,100.5004,101.5604,101.9633,102.3452,102.7061,103.0461,104.0409,104.3457,105.3183,105.5881,105.8373,106.7731,106.9876,107.901,109.5315,111.8971,112.8034,114.4443,115.3392,117.7347,119.3837,121.035,122.6883,124.3434,126.7825,128.4458,130.1099,131.7749,133.4402,134.2968,135.1432,131.0643,127.7396,123.5266,120.0796,118.2526,117.2314,117.0306,116.8117,118.2891,118.0432,118.6455,119.2387,118.9483,119.5191,120.0809,120.6335,121.1769,121.7111,122.236,122.7516,123.2579,123.7547,124.2422,124.7202,125.1887,126.5715
127.7299,130.0218,125.9999,124.3434,121.9167,121.035,119.3837,117.7347,116.0881,114.4443,113.5407,111.8971,110.9823,109.3396,107.7008,106.7731,105.1364,104.1988,103.9415,104.3457,103.3653,103.0461,102.0435,102.3452,101.9633,101.5604,101.1364,100.6913,100.8474,100.3528,99.83687,99.29948,98.74058,97.57235,96.39669,91.77223,87.79297,83.31974,79.47893,76.7941,74.68465,73.12886,71.5823,71.07525,69.53276,68.5,67.46203,65.93411,64.89359,63.84813,62.79781,61.74271,60.6829,59.61848,58.54951,57.47608,56.39828,55.31618,54.22987,53.13943,52.42763
98.01059,101.5841,100.2249,100.6913,101.1364,101.5604,101.9633,102.3452,102.7061,103.0461,103.3653,104.3457,105.3183,105.5881,105.8373,106.066,106.9876,107.901,109.5315,111.8971,112.8034,114.4443,116.0881,117.7347,119.3837,121.035,122.6883,124.3434,126.7825,128.4458,129.3166,130.9762,133.4402,135.1058,135.1432,131.0643,127.7396,123.5266,120.0796,118.2526,117.2314,117.0306,116.8117,118.2891,118.0432,118.6455,119.2387,119.8229,119.5191,120.0809,120.6335,121.1769,121.7111,122.236,122.7516,123.2579,123.7547,124.2422,124.7202,126.1092,126.5715
127.7299,130.0218,125.9999,124.3434,122.6883,121.035,119.3837,117.7347,116.0881,114.4443,112.8034,111.8971,110.9823,109.3396,107.7008,106.066,105.1364,104.1988,103.9415,104.3457,103.3653,103.0461,102.7061,102.3452,101.9633,101.5604,101.1364,100.6913,100.8474,100.3528,99.22811,98.69766,98.74058,98.16014,96.39669,91.77223,87.79297,83.31974,79.47893,76.7941,74.68465,73.12886,71.5823,71.07525,69.53276,68.5,67.46203,66.41892,64.89359,63.84813,62.79781,61.74271,60.6829,59.61848,58.54951,57.47608,56.39828,55.31618,54.22987,53.53016,52.42763
98.01059,101.5841,100.2249,100.6913,101.1364,101.5604,101.9633,102.3452,102.7061,103.0461,104.0409,104.3457,105.3183,105.5881,105.8373,106.066,106.9876,107.901,109.5315,111.1658,112.8034,113.7012,116.0881,117.7347,119.3837,121.035,122.6883,124.3434,125.9999,128.4458,129.3166,131.7749,133.4402,135.1058,135.1432,130.2452,126.9154,123.5266,120.0796,118.2526,117.2314,117.0306,117.6643,117.4319,118.0432,118.6455,119.2387,118.9483,119.5191,120.0809,120.6335,121.1769,121.7111,122.236,122.7516,123.2579,123.7547,124.2422,124.7202,125.1887,125.6476
127.7299,130.0218,125.9999,124.3434,122.6883,121.035,119.3837,117.7347,116.0881,114.4443,113.5407,111.8971,110.9823,109.3396,107.7008,106.066,105.1364,104.1988,103.9415,103.6638,103.3653,102.377,102.7061,102.3452,101.9633,101.5604,101.1364,100.6913,100.2249,100.3528,99.22811,99.29948,98.74058,98.16014,96.39669,91.19865,87.22656,83.31974,79.47893,76.7941,74.68465,73.12886,72.1048,70.56022,69.53276,68.5,67.46203,65.93411,64.89359,63.84813,62.79781,61.74271,60.6829,59.61848,58.54951,57.47608,56.39828,55.31618,54.22987,53.13943,52.04495
99.22811,101.5841,100.2249,100.6913,101.1364,101.5604,101.9633,102.3452,102.7061,103.0461,103.3653,104.3457,104.6299,105.5881,105.8373,106.066,106.9876,107.901,109.5315,111.1658,112.8034,114.4443,115.3392,117.7347,119.3837,121.035,122.6883,124.3434,126.7825,128.4458,129.3166,131.7749,133.4402,134.2968,135.1432,131.0643,127.7396,123.5266,120.0796,118.2526,117.2314,117.0306,117.6643,117.4319,118.0432,117.7795,119.2387,119.8229,119.5191,120.0809,120.6335,121.1769,121.7111,122.236,122.7516,123.2579,123.7547,124.2422,124.7202,126.1092,127.4954
129.3166,130.0218,125.9999,124.3434,122.6883,121.035,119.3837,117.7347,116.0881,114.4443,112.8034,111.8971,110.2569,109.3396,107.7008,106.066,105.1364,104.1988,103.9415,103.6638,103.3653,103.0461,102.0435,102.3452,101.9633,101.5604,101.1364,100.6913,100.8474,100.3528,99.22811,99.29948,98.74058,97.57235,96.39669,91.77223,87.79297,83.31974,79.47893,76.7941,74.68465,73.12886,72.1048,70.56022,69.53276,68,67.46203,66.41892,64.89359,63.84813,62.79781,61.74271,60.6829,59.61848,58.54951,57.47608,56.39828,55.31618,54.22987,53.53016,52.81031
97.40183,101.5841,100.2249,100.6913,101.1364,101.5604,101.9633,102.3452,102.7061,103.0461,103.3653,104.3457,105.3183,105.5881,105.8373,106.066,106.9876,107.901,110.2569,111.8971,112.8034,114.4443,116.0881,117.7347,119.3837,121.035,122.6883,124.3434,126.7825,128.4458,129.3166,131.7749,133.4402,135.1058,135.1432,131.0643,126.9154,123.5266,120.0796,118.2526,117.2314,117.0306,117.6643,117.4319,118.0432,118.6455,118.3684,119.8229,120.3979,120.0809,120.6335,121.1769,121.7111,122.236,122.7516,123.2579,123.7547,124.2422,124.7202,125.1887,126.5715
126.9365,130.0218,125.9999,124.3434,122.6883,121.035,119.3837,117.7347,116.0881,114.4443,112.8034,111.8971,110.9823,109.3396,107.7008,106.066,105.1364,104.1988,104.6299,104.3457,103.3653,103.0461,102.7061,102.3452,101.9633,101.5604,101.1364,100.6913,100.8474,100.3528,99.22811,99.29948,98.74058,98.16014,96.39669,91.77223,87.22656,83.31974,79.47893,76.7941,74.68465,73.12886,72.1048,70.56022,69.53276,68.5,66.9696,66.41892,65.37075,63.84813,62.79781,61.74271,60.6829,59.61848,58.54951,57.47608,56.39828,55.31618,54.22987,53.13943,52.42763
98.61935,101.5841,100.2249,100.6913,101.1364,101.5604,101.9633,102.3452,102.7061,103.0461,103.3653,104.3457,105.3183,105.5881,105.8373,106.066,106.9876,107.901,109.5315,111.1658,112.8034,114.4443,115.3392,117.7347,119.3837,121.035,122.6883,124.3434,125.9999,128.4458,129.3166,130.9762,133.4402,134.2968,135.1432,131.0643,127.7396,123.5266,120.0796,118.2526,117.2314,117.0306,117.6643,117.4319,118.0432,118.6455,119.2387,119.8229,119.5191,120.0809,120.6335,121.1769,121.7111,122.236,122.7516,123.2579,123.7547,124.2422,124.7202,125.1887,124.7237
128.5232,130.0218,125.9999,124.3434,122.6883,121.035,119.3837,117.7347,116.0881,114.4443,112.8034,111.8971,110.9823,109.3396,107.7008,106.066,105.1364,104.1988,103.9415,103.6638,103.3653,103.0461,102.0435,102.3452,101.9633,101.5604,101.1364,100.6913,100.2249,100.3528,99.22811,98.69766,98.74058,97.57235,96.39669,91.77223,87.79297,83.31974,79.47893,76.7941,74.68465,73.12886,72.1048,70.56022,69.53276,68.5,67.46203,66.41892,64.89359,63.84813,62.79781,61.74271,60.6829,59.61848,58.54951,57.47608,56.39828,55.31618,54.22987,53.13943,51.66226
96.79307,101.5841,100.2249,100.6913,101.1364,101.5604,101.9633,102.3452,102.7061,103.0461,103.3653,104.3457,104.6299,105.5881,105.8373,106.066,106.9876,107.901,109.5315,111.8971,112.8034,114.4443,116.0881,116.98,119.3837,121.035,122.6883,124.3434,126.7825,128.4458,128.5232,131.7749,133.4402,134.2968,135.1432,131.0643,127.7396,123.5266,120.0796,118.2526,117.2314,117.0306,117.6643,117.4319,118.0432,118.6455,119.2387,119.8229,119.5191,120.0809,120.6335,121.1769,121.7111,122.236,122.7516,123.2579,123.7547,124.2422,124.7202,126.1092,126.5715
126.1432,130.0218,125.9999,124.3434,122.6883,121.035,119.3837,117.7347,116.0881,114.4443,112.8034,111.8971,110.2569,109.3396,107.7008,106.066,105.1364,104.1988,103.9415,104.3457,103.3653,103.0461,102.7061,101.6891,101.9633,101.5604,101.1364,100.6913,100.8474,100.3528,98.61935,99.29948,98.74058,97.57235,96.39669,91.77223,87.79297,83.31974,79.47893,76.7941,74.68465,73.12886,72.1048,70.56022,69.53276,68.5,67.46203,66.41892,64.89359,63.84813,62.79781,61.74271,60.6829,59.61848,58.54951,57.47608,56.39828,55.31618,54.22987,53.53016,52.42763
96.79307,101.5841,100.2249,100.6913,101.1364,101.5604,101.9633,102.3452,102.7061,103.0461,103.3653,104.3457,105.3183,105.5881,105.8373,106.066,106.9876,107.901,110.2569,111.1658,112.8034,114.4443,115.3392,117.7347,119.3837,121.035,122.6883,124.3434,126.7825,128.4458,129.3166,131.7749,133.4402,134.2968,135.1432,131.0643,126.9154,123.5266,120.0796,118.2526,117.2314,117.0306,116.8117,117.4319,118.0432,118.6455,119.2387,119.8229,119.5191,120.0809,120.6335,121.1769,121.7111,122.236,122.7516,123.2579,123.7547,124.2422,124.7202,126.1092,124.7237
126.1432,130.0218,125.9999,124.3434,122.6883,121.035,119.3837,117.7347,116.0881,114.4443,112.8034,111.8971,110.9823,109.3396,107.7008,106.066,105.1364,104.1988,104.6299,103.6638,103.3653,103.0461,102.0435,102.3452,101.9633,101.5604,101.1364,100.6913,100.8474,100.3528,99.22811,99.29948,98.74058,97.57235,96.39669,91.77223,87.22656,83.31974,79.47893,76.7941,74.68465,73.12886,71.5823,70.56022,69.53276,68.5,67.46203,66.41892,64.89359,63.84813,62.79781,61.74271,60.6829,59.61848,58.54951,57.47608,56.39828,55.31618,54.22987,53.53016,51.66226
98.01059,101.5841,100.2249,100.6913,101.1364,101.5604,101.9633,102.3452,102.7061,103.0461,104.0409,104.3457,105.3183,105.5881,105.8373,106.066,106.9876,107.901,110.2569,111.8971,112.8034,114.4443,115.3392,117.7347,119.3837,121.035,122.6883,125.1205,125.9999,128.4458,129.3166,130.1776,133.4402,134.2968,135.1432,131.0643,126.9154,123.5266,120.0796,117.4139,117.2314,117.0306,117.6643,118.2891,118.0432,118.6455,119.2387,118.9483,119.5191,120.0809,120.6335,121.1769,121.7111,122.236,122.7516,123.2579,123.7547,124.2422,124.7202,125.1887,126.5715
127.7299,130.0218,125.9999,124.3434,122.6883,121.035,119.3837,117.7347,116.0881,114.4443,113.5407,111.8971,110.9823,109.3396,107.7008,106.066,105.1364,104.1988,104.6299,104.3457,103.3653,103.0461,102.0435,102.3452,101.9633,101.5604,101.1364,101.3206,100.2249,100.3528,99.22811,98.09585,98.74058,97.57235,96.39669,91.77223,87.22656,83.31974,79.47893,76.24946,74.68465,73.12886,72.1048,71.07525,69.53276,68.5,67.46203,65.93411,64.89359,63.84813,62.79781,61.74271,60.6829,59.61848,58.54951,57.47608,56.39828,55.31618,54.22987,53.13943,52.42763
98.01059,101.5841,100.2249,100.6913,101.1364,101.5604,101.9633,102.3452,102.7061,103.0461,103.3653,104.3457,104.6299,105.5881,105.8373,106.066,106.9876,107.901,109.5315,111.8971,112.8034,114.4443,115.3392,117.7347,119.3837,121.035,122.6883,125.1205,126.7825,128.4458,130.1099,131.7749,133.4402,135.1058,135.1432,131.0643,127.7396,123.5266,120.0796,118.2526,117.2314,117.0306,117.6643,117.4319,118.0432,118.6455,119.2387,118.9483,119.5191,120.0809,120.6335,121.1769,121.7111,122.236,122.7516,123.2579,123.7547,124.2422,124.7202,126.1092,126.5715
127.7299,130.0218,125.9999,124.3434,122.6883,121.035,119.3837,117.7347,116.0881,114.4443,112.8034,111.8971,110.2569,109.3396,107.7008,106.066,105.1364,104.1988,103.9415,104.3457,103.3653,103.0461,102.0435,102.3452,101.9633,101.5604,101.1364,101.3206,100.8474,100.3528,99.83687,99.29948,98.74058,98.16014,96.39669,91.77223,87.79297,83.31974,79.47893,76.7941,74.68465,73.12886,72.1048,70.56022,69.53276,68.5,67.46203,65.93411,64.89359,63.84813,62.79781,61.74271,60.6829,59.61848,58.54951,57.47608,56.39828,55.31618,54.22987,53.53016,52.42763
98.61935,101.5841,100.2249,100.6913,101.1364,101.5604,101.9633,102.3452,102.7061,103.0461,103.3653,104.3457,105.3183,105.5881,105.8373,106.066,106.9876,108.6203,110.2569,111.8971,112.8034,113.7012,115.3392,117.7347,119.3837,121.035,122.6883,125.1205,126.7825,128.4458,129.3166,131.7749,133.4402,135.1058,135.1432,130.2452,127.7396,123.5266,120.0796,117.4139,117.2314,117.0306,117.6643,117.4319,118.0432,118.6455,118.3684,119.8229,119.5191,120.0809,120.6335,121.1769,121.7111,122.236,122.7516,123.2579,123.7547,124.2422,123.8031,125.1887,126.5715
128.5232,130.0218,125.9999,124.3434,122.6883,121.035,119.3837,117.7347,116.0881,114.4443,112.8034,111.8971,110.9823,109.3396,107.7008,106.066,105.1364,104.8934,104.6299,104.3457,103.3653,102.377,102.0435,102.3452,101.9633,101.5604,101.1364,101.3206,100.8474,100.3528,99.22811,99.29948,98.74058,98.16014,96.39669,91.19865,87.79297,83.31974,79.47893,76.24946,74.68465,73.12886,72.1048,70.56022,69.53276,68.5,66.9696,66.41892,64.89359,63.84813,62.79781,61.74271,60.6829,59.61848,58.54951,57.47608,56.39828,55.31618,53.83112,53.13943,52.42763
97.40183,101.5841,100.8474,100.6913,101.1364,102.2032,101.9633,102.3452,102.7061,103.0461,103.3653,104.3457,105.3183,105.5881,105.8373,106.066,106.9876,107.901,109.5315,111.8971,112.8034,114.4443,115.3392,117.7347,119.3837,121.035,122.6883,124.3434,126.7825,128.4458,129.3166,131.7749,133.4402,134.2968,135.9573,130.2452,127.7396,123.5266,120.0796,118.2526,117.2314,117.0306,117.6643,117.4319,118.0432,118.6455,119.2387,119.8229,119.5191,120.0809,120.6335,121.1769,121.7111,122.236,122.7516,123.2579,123.7547,124.2422,124.7202,125.1887,126.5715
126.9365,130.0218,126.7825,124.3434,122.6883,121.8011,119.3837,117.7347,116.0881,114.4443,112.8034,111.8971,110.9823,109.3396,107.7008,106.066,105.1364,104.1988,103.9415,104.3457,103.3653,103.0461,102.0435,102.3452,101.9633,101.5604,101.1364,100.6913,100.8474,100.3528,99.22811,99.29948,98.74058,97.57235,96.97739,91.19865,87.79297,83.31974,79.47893,76.7941,74.68465,73.12886,72.1048,70.56022,69.53276,68.5,67.46203,66.41892,64.89359,63.84813,62.79781,61.74271,60.6829,59.61848,58.54951,57.47608,56.39828,55.31618,54.22987,53.13943,52.42763
99.83687,101.5841,100.2249,100.6913,101.1364,101.5604,101.9633,102.3452,102.7061,103.0461,103.3653,104.3457,105.3183,105.5881,105.8373,106.066,106.9876,107.901,109.5315,111.8971,112.8034,113.7012,115.3392,117.7347,119.3837,121.035,122.6883,124.3434,126.7825,128.4458,129.3166,131.7749,133.4402,134.2968,135.1432,131.0643,127.7396,122.6976,120.0796,117.4139,117.2314,117.0306,116.8117,117.4319,118.0432,119.5115,119.2387,119.8229,119.5191,120.0809,120.6335,121.1769,121.7111,122.236,122.7516,123.2579,123.7547,124.2422,124.7202,125.1887,125.6476
130.1099,130.0218,125.9999,124.3434,122.6883,121.035,119.3837,117.7347,116.0881,114.4443,112.8034,111.8971,110.9823,109.3396,107.7008,106.066,105.1364,104.1988,103.9415,104.3457,103.3653,102.377,102.0435,102.3452,101.9633,101.5604,101.1364,100.6913,100.8474,100.3528,99.22811,99.29948,98.74058,97.57235,96.39669,91.77223,87.79297,82.76055,79.47893,76.24946,74.68465,73.12886,71.5823,70.56022,69.53276,69,67.46203,66.41892,64.89359,63.84813,62.79781,61.74271,60.6829,59.61848,58.54951,57.47608,56.39828,55.31618,54.22987,53.13943,52.04495
98.61935,101.5841,100.2249,100.6913,101.1364,101.5604,101.9633,102.3452,102.7061,103.0461,103.3653,104.3457,104.6299,105.5881,105.8373,106.066,106.9876,108.6203,109.5315,111.8971,112.8034,113.7012,115.3392,117.7347,119.3837,121.8011,122.6883,125.1205,126.7825,128.4458,129.3166,131.7749,133.4402,134.2968,135.1432,131.0643,127.7396,123.5266,120.0796,118.2526,117.2314,117.0306,117.6643,117.4319,118.0432,118.6455,119.2387,118.9483,119.5191,120.0809,120.6335,121.1769,121.7111,122.236,122.7516,123.2579,122.8448,124.2422,124.7202,125.1887,125.6476
128.5232,130.0218,125.9999,124.3434,122.6883,121.035,119.3837,117.7347,116.0881,114.4443,112.8034,111.8971,110.2569,109.3396,107.7008,106.066,105.1364,104.8934,103.9415,104.3457,103.3653,102.377,102.0435,102.3452,101.9633,102.2032,101.1364,101.3206,100.8474,100.3528,99.22811,99.29948,98.74058,97.57235,96.39669,91.77223,87.79297,83.31974,79.47893,76.7941,74.68465,73.12886,72.1048,70.56022,69.53276,68.5,67.46203,65.93411,64.89359,63.84813,62.79781,61.74271,60.6829,59.61848,58.54951,57.47608,55.98359,55.31618,54.22987,53.13943,52.04495
99.83687,101.5841,99.60234,100.6913,101.1364,101.5604,101.9633,102.3452,102.7061,103.0461,103.3653,104.3457,105.3183,105.5881,105.8373,106.066,106.9876,107.901,109.5315,111.1658,112.8034,114.4443,116.0881,117.7347,119.3837,121.035,122.6883,124.3434,126.7825,128.4458,129.3166,131.7749,133.4402,135.1058,135.1432,131.0643,127.7396,122.6976,120.0796,118.2526,117.2314,117.0306,116.8117,117.4319,118.0432,118.6455,119.2387,119.8229,120.3979,120.9638,120.6335,121.1769,121.7111,122.236,122.7516,123.2579,123.7547,124.2422,124.7202,126.1092,124.7237
130.1099,130.0218,125.2173,124.3434,122.6883,121.035,119.3837,117.7347,116.0881,114.4443,112.8034,111.8971,110.9823,109.3396,107.7008,106.066,105.1364,104.1988,103.9415,103.6638,103.3653,103.0461,102.7061,102.3452,101.9633,101.5604,101.1364,100.6913,100.8474,100.3528,99.22811,99.29948,98.74058,98.16014,96.39669,91.77223,87.79297,82.76055,79.47893,76.7941,74.68465,73.12886,71.5823,70.56022,69.53276,68.5,67.46203,66.41892,65.37075,64.3176,62.79781,61.74271,60.6829,59.61848,58.54951,57.47608,56.39828,55.31618,54.22987,53.53016,51.66226
98.61935,101.5841,100.2249,100.6913,101.1364,101.5604,101.9633,102.3452,102.7061,103.0461,103.3653,104.3457,105.3183,105.5881,105.8373,106.066,106.9876,107.901,109.5315,111.1658,112.8034,113.7012,116.0881,117.7347,119.3837,121.035,122.6883,124.3434,126.7825,128.4458,129.3166,131.7749,133.4402,135.1058,135.1432,131.0643,126.9154,123.5266,120.0796,118.2526,117.2314,117.0306,117.6643,117.4319,118.0432,118.6455,118.3684,118.9483,119.5191,120.0809,120.6335,121.1769,121.7111,122.236,122.7516,123.2579,123.7547,124.2422,124.7202,125.1887,124.7237
128.5232,130.0218,125.9999,124.3434,122.6883,121.035,119.3837,117.7347,116.0881,114.4443,112.8034,111.8971,110.9823,109.3396,107.7008,106.066,105.1364,104.1988,103.9415,103.6638,103.3653,102.377,102.7061,102.3452,101.9633,101.5604,101.1364,100.6913,100.8474,100.3528,99.22811,99.29948,98.74058,98.16014,96.39669,91.77223,87.22656,83.31974,79.47893,76.7941,74.68465,73.12886,72.1048,70.56022,69.53276,68.5,66.9696,65.93411,64.89359,63.84813,62.79781,61.74271,60.6829,59.61848,58.54951,57.47608,56.39828,55.31618,54.22987,53.13943,51.66226
98.01059,101.5841,100.2249,100.6913,101.1364,101.5604,101.9633,102.3452,102.7061,103.0461,103.3653,104.3457,105.3183,105.5881,105.8373,106.066,106.9876,108.6203,109.5315,111.8971,112.8034,113.7012,115.3392,117.7347,119.3837,121.035,122.6883,124.3434,126.7825,128.4458,129.3166,130.9762,133.4402,134.2968,135.9573,131.0643,126.9154,123.5266,120.0796,118.2526,117.2314,117.0306,116.8117,118.2891,118.0432,118.6455,118.3684,118.9483,119.5191,120.0809,120.6335,121.1769,121.7111,122.236,122.7516,123.2579,123.7547,124.2422,124.7202,126.1092,126.5715
127.7299,130.0218,125.9999,124.3434,122.6883,121.035,119.3837,117.7347,116.0881,114.4443,112.8034,111.8971,110.9823,109.3396,107.7008,106.066,105.1364,104.8934,103.9415,104.3457,103.3653,102.377,102.0435,102.3452,101.9633,101.5604,101.1364,100.6913,100.8474,100.3528,99.22811,98.69766,98.74058,97.57235,96.97739,91.77223,87.22656,83.31974,79.47893,76.7941,74.68465,73.12886,71.5823,71.07525,69.53276,68.5,66.9696,65.93411,64.89359,63.84813,62.79781,61.74271,60.6829,59.61848,58.54951,57.47608,56.39828,55.31618,54.22987,53.53016,52.42763
98.61935,101.5841,100.2249,100.6913,101.1364,101.5604,101.9633,102.3452,102.7061,103.0461,104.0409,104.3457,105.3183,104.8934,105.8373,106.066,106.9876,107.901,109.5315,111.8971,112.8034,113.7012,116.0881,117.7347,119.3837,121.035,122.6883,124.3434,126.7825,128.4458,129.3166,131.7749,133.4402,134.2968,135.1432,131.0643,126.9154,123.5266,120.0796,118.2526,117.2314,117.0306,116.8117,117.4319,118.0432,118.6455,119.2387,118.9483,119.5191,120.0809,120.6335,121.1769,121.7111,122.236,122.7516,123.2579,123.7547,124.2422,124.7202,125.1887,126.5715
128.5232,130.0218,125.9999,124.3434,122.6883,121.035,119.3837,117.7347,116.0881,114.4443,113.5407,111.8971,110.9823,108.6203,107.7008,106.066,105.1364,104.1988,103.9415,104.3457,103.3653,102.377,102.7061,102.3452,101.9633,101.5604,101.1364,100.6913,100.8474,100.3528,99.22811,99.29948,98.74058,97.57235,96.39669,91.77223,87.22656,83.31974,79.47893,76.7941,74.68465,73.12886,71.5823,70.56022,69.53276,68.5,67.46203,65.93411,64.89359,63.84813,62.79781,61.74271,60.6829,59.61848,58.54951,57.47608,56.39828,55.31618,54.22987,53.13943,52.42763
98.61935,101.5841,100.2249,100.6913,101.1364,101.5604,101.9633,102.3452,102.7061,103.0461,103.3653,104.3457,105.3183,105.5881,105.8373,106.066,106.9876,107.901,109.5315,111.8971,112.8034,114.4443,115.3392,116.98,119.3837,121.035,122.6883,124.3434,126.7825,128.4458,130.1099,131.7749,133.4402,135.1058,135.9573,131.0643,127.7396,122.6976,120.0796,118.2526,117.2314,117.0306,117.6643,117.4319,118.0432,118.6455,119.2387,118.9483,119.5191,120.0809,120.6335,121.1769,121.7111,122.236,122.7516,123.2579,123.7547,124.2422,124.7202,126.1092,124.7237
128.5232,130.0218,125.9999,124.3434,122.6883,121.035,119.3837,117.7347,116.0881,114.4443,112.8034,111.8971,110.9823,109.3396,107.7008,106.066,105.1364,104.1988,103.9415,104.3457,103.3653,103.0461,102.0435,101.6891,101.9633,101.5604,101.1364,100.6913,100.8474,100.3528,99.83687,99.29948,98.74058,98.16014,96.97739,91.77223,87.79297,82.76055,79.47893,76.7941,74.68465,73.12886,72.1048,70.56022,69.53276,68.5,67.46203,65.93411,64.89359,63.84813,62.79781,61.74271,60.6829,59.61848,58.54951,57.47608,56.39828,55.31618,54.22987,53.53016,51.66226
98.61935,101.5841,100.2249,100.6913,101.1364,101.5604,101.9633,102.3452,102.7061,103.0461,103.3653,104.3457,105.3183,105.5881,105.8373,106.066,106.9876,107.901,109.5315,111.1658,112.8034,114.4443,116.0881,117.7347,119.3837,121.035,122.6883,124.3434,126.7825,128.4458,130.1099,131.7749,133.4402,134.2968,135.1432,131.0643,127.7396,123.5266,120.0796,118.2526,117.2314,117.0306,117.6643,117.4319,118.0432,118.6455,118.3684,119.8229,120.3979,120.0809,120.6335,121.1769,121.7111,122.236,122.7516,123.2579,123.7547,124.2422,124.7202,126.1092,126.5715
128.5232,130.0218,125.9999,124.3434,122.6883,121.035,119.3837,117.7347,116.0881,114.4443,112.8034,111.8971,110.9823,109.3396,107.7008,106.066,105.1364,104.1988,103.9415,103.6638,103.3653,103.0461,102.7061,102.3452,101.9633,101.5604,101.1364,100.6913,100.8474,100.3528,99.83687,99.29948,98.74058,97.57235,96.39669,91.77223,87.79297,83.31974,79.47893,76.7941,74.68465,73.12886,72.1048,70.56022,69.53276,68.5,66.9696,66.41892,65.37075,63.84813,62.79781,61.74271,60.6829,59.61848,58.54951,57.47608,56.39828,55.31618,54.22987,53.53016,52.42763
98.61935,101.5841,100.2249,100.6913,101.1364,101.5604,101.9633,102.3452,102.7061,103.0461,103.3653,104.3457,104.6299,105.5881,105.8373,106.066,106.9876,107.901,109.5315,111.8971,112.8034,113.7012,116.0881,117.7347,119.3837,121.035,122.6883,124.3434,126.7825,128.4458,129.3166,131.7749,133.4402,135.1058,135.1432,131.0643,127.7396,123.5266,120.0796,118.2526,117.2314,117.0306,116.8117,117.4319,118.0432,118.6455,119.2387,118.9483,120.3979,120.9638,120.6335,121.1769,121.7111,122.236,122.7516,123.2579,123.7547,124.2422,124.7202,126.1092,124.7237
128.5232,130.0218,125.9999,124.3434,122.6883,121.035,119.3837,117.7347,116.0881,114.4443,112.8034,111.8971,110.2569,109.3396,107.7008,106.066,105.1364,104.1988,103.9415,104.3457,103.3653,102.377,102.7061,102.3452,101.9633,101.5604,101.1364,100.6913,100.8474,100.3528,99.22811,99.29948,98.74058,98.16014,96.39669,91.77223,87.79297,83.31974,79.47893,76.7941,74.68465,73.12886,71.5823,70.56022,69.53276,68.5,67.46203,65.93411,65.37075,64.3176,62.79781,61.74271,60.6829,59.61848,58.54951,57.47608,56.39828,55.31618,54.22987,53.53016,51.66226
98.01059,101.5841,100.2249,100.6913,101.1364,101.5604,101.9633,102.3452,102.7061,103.0461,103.3653,104.3457,105.3183,105.5881,105.8373,106.066,106.9876,107.901,109.5315,111.1658,112.8034,114.4443,116.0881,117.7347,119.3837,121.035,123.4599,124.3434,126.7825,128.4458,129.3166,131.7749,133.4402,135.1058,135.1432,131.0643,127.7396,123.5266,120.0796,118.2526,117.2314,117.0306,116.8117,117.4319,118.0432,118.6455,118.3684,119.8229,120.3979,120.0809,121.5205,121.1769,121.7111,122.236,122.7516,123.2579,123.7547,124.2422,124.7202,126.1092,126.5715
127.7299,130.0218,125.9999,124.3434,122.6883,121.035,119.3837,117.7347,116.0881,114.4443,112.8034,111.8971,110.9823,109.3396,107.7008,106.066,105.1364,104.1988,103.9415,103.6638,103.3653,103.0461,102.7061,102.3452,101.9633,101.5604,101.7725,100.6913,100.8474,100.3528,99.22811,99.29948,98.74058,98.16014,96.39669,91.77223,87.79297,83.31974,79.47893,76.7941,74.68465,73.12886,71.5823,70.56022,69.53276,68.5,66.9696,66.41892,65.37075,63.84813,63.25956,61.74271,60.6829,59.61848,58.54951,57.47608,56.39828,55.31618,54.22987,53.53016,52.42763
98.01059,101.5841,100.2249,100.6913,101.1364,101.5604,101.9633,102.3452,102.7061,103.0461,103.3653,104.3457,105.3183,105.5881,105.8373,106.066,106.9876,107.901,109.5315,111.8971,112.8034,113.7012,115.3392,117.7347,119.3837,121.035,122.6883,124.3434,126.7825,128.4458,129.3166,131.7749,133.4402,134.2968,135.1432,131.0643,127.7396,123.5266,120.0796,118.2526,117.2314,117.0306,117.6643,117.4319,118.0432,118.6455,119.2387,119.8229,119.5191,120.0809,120.6335,121.1769,121.7111,122.236,122.7516,123.2579,123.7547,124.2422,124.7202,126.1092,125.6476
127.7299,130.0218,125.9999,124.3434,122.6883,121.035,119.3837,117.7347,116.0881,114.4443,112.8034,111.8971,110.9823,109.3396,107.7008,106.066,105.1364,104.1988,103.9415,104.3457,103.3653,102.377,102.0435,102.3452,101.9633,101.5604,101.1364,100.6913,100.8474,100.3528,99.22811,99.29948,98.74058,97.57235,96.39669,91.77223,87.79297,83.31974,79.47893,76.7941,74.68465,73.12886,72.1048,70.56022,69.53276,68.5,67.46203,66.41892,64.89359,63.84813,62.79781,61.74271,60.6829,59.61848,58.54951,57.47608,56.39828,55.31618,54.22987,53.53016,52.04495
99.83687,101.5841,100.2249,100.6913,101.1364,101.5604,101.9633,102.3452,102.7061,103.0461,103.3653,104.3457,105.3183,105.5881,105.8373,106.066,106.9876,107.901,109.5315,111.8971,112.8034,113.7012,116.0881,117.7347,119.3837,121.035,122.6883,124.3434,126.7825,128.4458,129.3166,131.7749,133.4402,134.2968,135.1432,131.0643,126.9154,123.5266,120.0796,118.2526,117.2314,117.0306,117.6643,117.4319,118.0432,118.6455,118.3684,119.8229,119.5191,120.0809,120.6335,121.1769,121.7111,122.236,122.7516,123.2579,123.7547,124.2422,124.7202,126.1092,126.5715
130.1099,130.0218,125.9999,124.3434,122.6883,121.035,119.3837,117.7347,116.0881,114.4443,112.8034,111.8971,110.9823,109.3396,107.7008,106.066,105.1364,104.1988,103.9415,104.3457,103.3653,102.377,102.7061,102.3452,101.9633,101.5604,101.1364,100.6913,100.8474,100.3528,99.22811,99.29948,98.74058,97.57235,96.39669,91.77223,87.22656,83.31974,79.47893,76.7941,74.68465,73.12886,72.1048,70.56022,69.53276,68.5,66.9696,66.41892,64.89359,63.84813,62.79781,61.74271,60.6829,59.61848,58.54951,57.47608,56.39828,55.31618,54.22987,53.53016,52.42763
98.01059,101.5841,100.2249,100.6913,100.5004,101.5604,101.9633,102.3452,102.7061,103.0461,103.3653,104.3457,105.3183,105.5881,105.8373,106.066,106.9876,107.901,109.5315,111.1658,112.8034,114.4443,116.0881,117.7347,119.3837,121.035,122.6883,124.3434,126.7825,128.4458,129.3166,131.7749,133.4402,134.2968,135.1432,131.0643,127.7396,123.5266,120.0796,118.2526,117.2314,117.0306,116.8117,117.4319,118.0432,118.6455,119.2387,118.9483,119.5191,120.0809,120.6335,121.1769,121.7111,122.236,122.7516,123.2579,123.7547,124.2422,124.7202,126.1092,128.4193
127.7299,130.0218,125.9999,124.3434,121.9167,121.035,119.3837,117.7347,116.0881,114.4443,112.8034,111.8971,110.9823,109.3396,107.7008,106.066,105.1364,104.1988,103.9415,103.6638,103.3653,103.0461,102.7061,102.3452,101.9633,101.5604,101.1364,100.6913,100.8474,100.3528,99.22811,99.29948,98.74058,97.57235,96.39669,91.77223,87.79297,83.31974,79.47893,76.7941,74.68465,73.12886,71.5823,70.56022,69.53276,68.5,67.46203,65.93411,64.89359,63.84813,62.79781,61.74271,60.6829,59.61848,58.54951,57.47608,56.39828,55.31618,54.22987,53.53016,53.193
99.83687,101.5841,100.2249,100.6913,101.1364,101.5604,101.9633,102.3452,102.7061,103.0461,103.3653,104.3457,105.3183,105.5881,105.8373,106.066,106.9876,107.901,109.5315,111.8971,112.8034,113.7012,116.0881,117.7347,119.3837,121.035,122.6883,124.3434,126.7825,128.4458,129.3166,131.7749,133.4402,135.1058,135.1432,131.0643,127.7396,123.5266,120.0796,118.2526,117.2314,117.0306,117.6643,118.2891,118.0432,118.6455,119.2387,119.8229,119.5191,120.9638,120.6335,121.1769,121.7111,122.236,122.7516,123.2579,123.7547,124.2422,124.7202,126.1092,125.6476
130.1099,130.0218,125.9999,124.3434,122.6883,121.035,119.3837,117.7347,116.0881,114.4443,112.8034,111.8971,110.9823,109.3396,107.7008,106.066,105.1364,104.1988,103.9415,104.3457,103.3653,102.377,102.7061,102.3452,101.9633,101.5604,101.1364,100.6913,100.8474,100.3528,99.22811,99.29948,98.74058,98.16014,96.39669,91.77223,87.79297,83.31974,79.47893,76.7941,74.68465,73.12886,72.1048,71.07525,69.53276,68.5,67.46203,66.41892,64.89359,64.3176,62.79781,61.74271,60.6829,59.61848,58.54951,57.47608,56.39828,55.31618,54.22987,53.53016,52.04495
98.61935,101.5841,100.2249,100.6913,101.1364,101.5604,101.9633,102.3452,102.7061,103.0461,104.0409,104.3457,105.3183,105.5881,105.8373,106.066,106.9876,107.901,109.5315,111.1658,112.8034,114.4443,116.0881,117.7347,119.3837,121.035,122.6883,125.1205,126.7825,128.4458,130.1099,130.9762,133.4402,134.2968,135.1432,131.0643,126.9154,123.5266,120.0796,117.4139,117.2314,117.0306,116.8117,118.2891,118.0432,118.6455,118.3684,119.8229,119.5191,120.0809,120.6335,121.1769,121.7111,122.236,122.7516,123.2579,123.7547,124.2422,124.7202,125.1887,127.4954
128.5232,130.0218,125.9999,124.3434,122.6883,121.035,119.3837,117.7347,116.0881,114.4443,113.5407,111.8971,110.9823,109.3396,107.7008,106.066,105.1364,104.1988,103.9415,103.6638,103.3653,103.0461,102.7061,102.3452,101.9633,101.5604,101.1364,101.3206,100.8474,100.3528,99.83687,98.69766,98.74058,97.57235,96.39669,91.77223,87.22656,83.31974,79.47893,76.24946,74.68465,73.12886,71.5823,71.07525,69.53276,68.5,66.9696,66.41892,64.89359,63.84813,62.79781,61.74271,60.6829,59.61848,58.54951,57.47608,56.39828,55.31618,54.22987,53.13943,52.81031
98.01059,101.5841,100.2249,100.6913,101.7725,101.5604,101.9633,102.3452,102.7061,103.0461,104.0409,104.3457,105.3183,105.5881,105.8373,106.066,106.9876,107.901,109.5315,111.8971,112.8034,114.4443,116.0881,117.7347,119.3837,121.035,122.6883,124.3434,126.7825,128.4458,129.3166,130.9762,133.4402,134.2968,135.1432,131.0643,126.9154,123.5266,120.0796,118.2526,117.2314,117.0306,117.6643,117.4319,118.0432,118.6455,118.3684,119.8229,119.5191,120.0809,120.6335,121.1769,121.7111,122.236,122.7516,123.2579,123.7547,124.2422,124.7202,126.1092,126.5715
127.7299,130.0218,125.9999,124.3434,123.4599,121.035,119.3837,117.7347,116.0881,114.4443,113.5407,111.8971,110.9823,109.3396,107.7008,106.066,105.1364,104.1988,103.9415,104.3457,103.3653,103.0461,102.7061,102.3452,101.9633,101.5604,101.1364,100.6913,100.8474,100.3528,99.22811,98.69766,98.74058,97.57235,96.39669,91.77223,87.22656,83.31974,79.47893,76.7941,74.68465,73.12886,72.1048,70.56022,69.53276,68.5,66.9696,66.41892,64.89359,63.84813,62.79781,61.74271,60.6829,59.61848,58.54951,57.47608,56.39828,55.31618,54.22987,53.53016,52.42763
98.61935,102.1998,100.2249,100.6913,101.1364,101.5604,101.9633,102.3452,102.7061,103.0461,103.3653,104.3457,105.3183,105.5881,105.8373,106.066,106.9876,107.901,109.5315,111.8971,112.8034,114.4443,116.0881,116.98,119.3837,121.035,123.4599,124.3434,126.7825,128.4458,130.1099,131.7749,133.4402,134.2968,135.1432,131.0643,126.9154,122.6976,120.0796,118.2526,117.2314,117.0306,117.6643,117.4319,118.0432,118.6455,118.3684,118.9483,119.5191,120.0809,120.6335,121.1769,121.7111,122.236,122.7516,123.2579,123.7547,124.2422,124.7202,126.1092,126.5715
128.5232,130.8098,125.9999,124.3434,122.6883,121.035,119.3837,117.7347,116.0881,114.4443,112.8034,111.8971,110.9823,109.3396,107.7008,106.066,105.1364,104.1988,103.9415,104.3457,103.3653,103.0461,102.7061,101.6891,101.9633,101.5604,101.7725,100.6913,100.8474,100.3528,99.83687,99.29948,98.74058,97.57235,96.39669,91.77223,87.22656,82.76055,79.47893,76.7941,74.68465,73.12886,72.1048,70.56022,69.53276,68.5,66.9696,65.93411,64.89359,63.84813,62.79781,61.74271,60.6829,59.61848,58.54951,57.47608,56.39828,55.31618,54.22987,53.53016,52.42763
