82.38513,83.01805,83.64466,84.26489,84.8787,86.2632,86.86951,87.46919,88.06222,88.64854,89.22811,89.80089,91.18094,91.74503,92.30213,92.85221,93.39521,94.76977,95.30323,94.98139,96.34834,96.8599,97.3641,97.86087,99.22055,99.70665,103.7004,106.8367,111.7634,117.6129,118.1313,117.742,117.3361,116.9137,116.475,116.0203,115.5496,115.9836,115.4849,115.898,115.3718,114.8304,114.274,114.6425,115.0023,115.3533,116.6438,117.931,119.2146,119.5381,120.8113,121.119,122.3811,123.6385,124.891,126.1384,127.3805,128.6168,129.8474,130.0936,129.3501
72.88821,72.16649,71.43929,70.70664,69.9686,69.85456,69.09912,68.33842,67.57252,66.80147,66.02533,65.24416,65.03873,64.24056,63.4375,62.62961,61.81694,61.54421,60.71486,59.35096,59.04234,58.1993,57.35184,56.5,56.13629,55.2683,56.30473,56.80606,58.18033,59.92675,58.89811,57.42662,55.96644,54.51776,53.08074,51.65555,50.24238,49.23212,47.83543,46.82582,45.44615,44.07926,42.7253,41.72646,40.72444,39.71931,39.02847,38.31811,37.58822,36.54646,35.78593,34.73031,33.93927,33.12884,32.29902,31.44985,30.58134,29.69354,28.78647,27.65225,26.31657
82.38513,83.01805,83.64466,84.26489,84.8787,86.2632,86.86951,87.46919,88.06222,88.64854,89.22811,90.6099,91.18094,91.74503,92.30213,92.85221,93.39521,93.9311,94.45984,95.82943,96.34834,96.8599,97.3641,97.86087,99.22055,100.5813,103.7004,106.8367,111.7634,117.6129,118.1313,117.742,117.3361,116.9137,115.5651,116.9338,116.4666,115.9836,115.4849,114.9708,114.4414,114.8304,114.274,114.6425,115.0023,115.3533,116.6438,117.931,118.2609,119.5381,120.8113,121.119,122.3811,123.6385,124.891,126.1384,127.3805,128.6168,128.8711,131.0718,130.33
72.88821,72.16649,71.43929,70.70664,69.9686,69.85456,69.09912,68.33842,67.57252,66.80147,66.02533,65.83195,65.03873,64.24056,63.4375,62.62961,61.81694,60.99957,60.17756,59.88088,59.04234,58.1993,57.35184,56.5,56.13629,55.75311,56.30473,56.80606,58.18033,59.92675,58.89811,57.42662,55.96644,54.51776,52.66604,52.06229,50.64113,49.23212,47.83543,46.45122,45.07965,44.07926,42.7253,41.72646,40.72444,39.71931,39.02847,38.31811,37.28752,36.54646,35.78593,34.73031,33.93927,33.12884,32.29902,31.44985,30.58134,29.69354,28.57003,27.86017,26.51594
81.63617,83.01805,83.64466,85.03093,84.8787,86.2632,86.0869,87.46919,88.06222,88.64854,89.22811,90.6099,90.36682,91.74503,92.30213,92.85221,93.39521,93.9311,94.45984,95.82943,96.34834,96.8599,97.3641,97.86087,99.22055,99.70665,102.8216,106.8367,111.7634,117.6129,118.1313,117.742,117.3361,117.82,116.475,116.0203,116.4666,115.9836,115.4849,114.9708,115.3718,114.8304,114.274,114.6425,115.0023,115.3533,116.6438,117.931,119.2146,119.5381,120.8113,121.119,122.3811,123.6385,124.891,126.1384,127.3805,128.6168,129.8474,130.0936,129.3501
72.22559,72.16649,71.43929,71.34942,69.9686,69.85456,68.47661,68.33842,67.57252,66.80147,66.02533,65.83195,64.45803,64.24056,63.4375,62.62961,61.81694,60.99957,60.17756,59.88088,59.04234,58.1993,57.35184,56.5,56.13629,55.2683,55.82757,56.80606,58.18033,59.92675,58.89811,57.42662,55.96644,54.94037,53.08074,51.65555,50.64113,49.23212,47.83543,46.45122,45.44615,44.07926,42.7253,41.72646,40.72444,39.71931,39.02847,38.31811,37.58822,36.54646,35.78593,34.73031,33.93927,33.12884,32.29902,31.44985,30.58134,29.69354,28.78647,27.65225,26.31657
82.38513,83.01805,83.64466,85.03093,85.65033,86.2632,86.86951,87.46919,88.06222,88.64854,89.22811,89.80089,91.18094,91.74503,92.30213,92.85221,93.39521,93.9311,94.45984,95.82943,96.34834,96.8599,97.3641,97.86087,99.22055,100.5813,103.7004,105.9537,111.7634,117.6129,119.0263,117.742,116.4335,116.9137,116.475,116.0203,116.4666,115.9836,115.4849,115.898,115.3718,114.8304,114.274,115.5822,115.0023,115.3533,116.6438,117.931,118.2609,119.5381,120.8113,122.0802,122.3811,123.6385,124.891,126.1384,127.3805,128.6168,128.8711,130.0936,130.33
72.88821,72.16649,71.43929,71.34942,70.60468,69.85456,69.09912,68.33842,67.57252,66.80147,66.02533,65.24416,65.03873,64.24056,63.4375,62.62961,61.81694,60.99957,60.17756,59.88088,59.04234,58.1993,57.35184,56.5,56.13629,55.75311,56.30473,56.33659,58.18033,59.92675,59.34431,57.42662,55.53593,54.51776,53.08074,51.65555,50.64113,49.23212,47.83543,46.82582,45.44615,44.07926,42.7253,42.06848,40.72444,39.71931,39.02847,38.31811,37.28752,36.54646,35.78593,35.00594,33.93927,33.12884,32.29902,31.44985,30.58134,29.69354,28.57003,27.65225,26.51594
82.38513,83.01805,83.64466,85.03093,85.65033,86.2632,86.86951,87.46919,88.06222,88.64854,89.22811,90.6099,91.18094,91.74503,92.30213,92.85221,93.39521,93.9311,95.30323,95.82943,96.34834,96.8599,97.3641,97.86087,99.22055,100.5813,102.8216,106.8367,111.7634,117.6129,118.1313,117.742,117.3361,116.9137,116.475,116.9338,116.4666,115.9836,115.4849,114.9708,115.3718,114.8304,114.274,115.5822,115.0023,115.3533,116.6438,117.931,118.2609,119.5381,120.8113,122.0802,123.3447,123.6385,124.891,126.1384,127.3805,128.6168,129.8474,131.0718,130.33
72.88821,72.16649,71.43929,71.34942,70.60468,69.85456,69.09912,68.33842,67.57252,66.80147,66.02533,65.83195,65.03873,64.24056,63.4375,62.62961,61.81694,60.99957,60.71486,59.88088,59.04234,58.1993,57.35184,56.5,56.13629,55.75311,55.82757,56.80606,58.18033,59.92675,58.89811,57.42662,55.96644,54.51776,53.08074,52.06229,50.64113,49.23212,47.83543,46.45122,45.44615,44.07926,42.7253,42.06848,40.72444,39.71931,39.02847,38.31811,37.28752,36.54646,35.78593,35.00594,34.20651,33.12884,32.29902,31.44985,30.58134,29.69354,28.78647,27.86017,26.51594
82.38513,83.01805,83.64466,85.03093,84.8787,86.2632,86.86951,87.46919,88.06222,88.64854,89.22811,89.80089,90.36682,91.74503,92.30213,92.85221,93.39521,93.9311,94.45984,95.82943,96.34834,96.8599,97.3641,97.86087,99.22055,100.5813,102.8216,106.8367,111.7634,118.5039,118.1313,118.6408,117.3361,116.9137,116.475,116.9338,116.4666,115.9836,115.4849,115.898,115.3718,114.8304,114.274,115.5822,115.0023,115.3533,116.6438,117.931,118.2609,119.5381,120.8113,122.0802,122.3811,123.6385,124.891,126.1384,127.3805,128.6168,128.8711,130.0936,130.33
72.88821,72.16649,71.43929,71.34942,69.9686,69.85456,69.09912,68.33842,67.57252,66.80147,66.02533,65.24416,64.45803,64.24056,63.4375,62.62961,61.81694,60.99957,60.17756,59.88088,59.04234,58.1993,57.35184,56.5,56.13629,55.75311,55.82757,56.80606,58.18033,60.38074,58.89811,57.86499,55.96644,54.51776,53.08074,52.06229,50.64113,49.23212,47.83543,46.82582,45.44615,44.07926,42.7253,42.06848,40.72444,39.71931,39.02847,38.31811,37.28752,36.54646,35.78593,35.00594,33.93927,33.12884,32.29902,31.44985,30.58134,29.69354,28.57003,27.65225,26.51594
81.63617,83.01805,83.64466,85.03093,84.8787,86.2632,86.86951,87.46919,88.06222,88.64854,89.22811,89.80089,90.36682,91.74503,92.30213,92.85221,93.39521,94.76977,95.30323,95.82943,96.34834,96.8599,97.3641,97.86087,99.22055,100.5813,103.7004,106.8367,111.7634,117.6129,118.1313,117.742,117.3361,116.0074,116.475,116.9338,115.5496,115.9836,115.4849,114.9708,115.3718,114.8304,114.274,115.5822,115.0023,115.3533,116.6438,117.931,118.2609,119.5381,119.8525,121.119,122.3811,123.6385,124.891,126.1384,127.3805,128.6168,129.8474,130.0936,130.33
72.22559,72.16649,71.43929,71.34942,69.9686,69.85456,69.09912,68.33842,67.57252,66.80147,66.02533,65.24416,64.45803,64.24056,63.4375,62.62961,61.81694,61.54421,60.71486,59.88088,59.04234,58.1993,57.35184,56.5,56.13629,55.75311,56.30473,56.80606,58.18033,59.92675,58.89811,57.42662,55.96644,54.09514,53.08074,52.06229,50.24238,49.23212,47.83543,46.45122,45.44615,44.07926,42.7253,42.06848,40.72444,39.71931,39.02847,38.31811,37.28752,36.54646,35.50192,34.73031,33.93927,33.12884,32.29902,31.44985,30.58134,29.69354,28.78647,27.65225,26.51594
82.38513,83.01805,83.64466,85.03093,84.8787,86.2632,86.86951,87.46919,88.06222,88.64854,89.22811,89.80089,91.18094,91.74503,92.30213,92.85221,93.39521,93.9311,94.45984,95.82943,96.34834,96.8599,97.3641,97.86087,99.22055,100.5813,102.8216,106.8367,111.7634,117.6129,118.1313,117.742,117.3361,116.9137,116.475,116.0203,115.5496,115.9836,115.4849,115.898,114.4414,114.8304,115.2107,115.5822,115.0023,115.3533,116.6438,117.931,118.2609,119.5381,120.8113,121.119,122.3811,123.6385,124.891,126.1384,127.3805,128.6168,129.8474,130.0936,130.33
72.88821,72.16649,71.43929,71.34942,69.9686,69.85456,69.09912,68.33842,67.57252,66.80147,66.02533,65.24416,65.03873,64.24056,63.4375,62.62961,61.81694,60.99957,60.17756,59.88088,59.04234,58.1993,57.35184,56.5,56.13629,55.75311,55.82757,56.80606,58.18033,59.92675,58.89811,57.42662,55.96644,54.51776,53.08074,51.65555,50.24238,49.23212,47.83543,46.82582,45.07965,44.07926,43.07551,42.06848,40.72444,39.71931,39.02847,38.31811,37.28752,36.54646,35.78593,34.73031,33.93927,33.12884,32.29902,31.44985,30.58134,29.69354,28.78647,27.65225,26.51594
82.38513,83.01805,83.64466,84.26489,85.65033,86.2632,86.86951,87.46919,88.06222,88.64854,89.22811,89.80089,91.18094,91.74503,92.30213,92.85221,93.39521,93.9311,95.30323,95.82943,96.34834,96.8599,97.3641,97.86087,99.22055,99.70665,102.8216,106.8367,111.7634,117.6129,118.1313,117.742,117.3361,116.9137,116.475,116.0203,115.5496,115.9836,115.4849,114.9708,115.3718,114.8304,114.274,114.6425,115.0023,115.3533,116.6438,117.931,118.2609,119.5381,120.8113,122.0802,122.3811,123.6385,124.891,126.1384,127.3805,128.6168,129.8474,130.0936,130.33
72.88821,72.16649,71.43929,70.70664,70.60468,69.85456,69.09912,68.33842,67.57252,66.80147,66.02533,65.24416,65.03873,64.24056,63.4375,62.62961,61.81694,60.99957,60.71486,59.88088,59.04234,58.1993,57.35184,56.5,56.13629,55.2683,55.82757,56.80606,58.18033,59.92675,58.89811,57.42662,55.96644,54.51776,53.08074,51.65555,50.24238,49.23212,47.83543,46.45122,45.44615,44.07926,42.7253,41.72646,40.72444,39.71931,39.02847,38.31811,37.28752,36.54646,35.78593,35.00594,33.93927,33.12884,32.29902,31.44985,30.58134,29.69354,28.78647,27.65225,26.51594
82.38513,83.01805,83.64466,84.26489,85.65033,86.2632,86.86951,87.46919,88.06222,88.64854,89.22811,89.80089,91.18094,91.74503,92.30213,92.85221,93.39521,93.9311,95.30323,95.82943,96.34834,96.8599,97.3641,98.7269,99.22055,100.5813,102.8216,106.8367,111.7634,117.6129,118.1313,118.6408,117.3361,117.82,116.475,116.0203,116.4666,115.9836,115.4849,115.898,115.3718,114.8304,114.274,115.5822,115.0023,115.3533,116.6438,117.931,118.2609,119.5381,120.8113,121.119,122.3811,123.6385,124.891,126.1384,127.3805,128.6168,128.8711,130.0936,130.33
72.88821,72.16649,71.43929,70.70664,70.60468,69.85456,69.09912,68.33842,67.57252,66.80147,66.02533,65.24416,65.03873,64.24056,63.4375,62.62961,61.81694,60.99957,60.71486,59.88088,59.04234,58.1993,57.35184,57,56.13629,55.75311,55.82757,56.80606,58.18033,59.92675,58.89811,57.86499,55.96644,54.94037,53.08074,51.65555,50.64113,49.23212,47.83543,46.82582,45.44615,44.07926,42.7253,42.06848,40.72444,39.71931,39.02847,38.31811,37.28752,36.54646,35.78593,34.73031,33.93927,33.12884,32.29902,31.44985,30.58134,29.69354,28.57003,27.65225,26.51594
82.38513,83.01805,83.64466,85.03093,85.65033,86.2632,86.86951,87.46919,88.06222,88.64854,89.22811,89.80089,91.18094,91.74503,92.30213,92.85221,93.39521,93.9311,95.30323,95.82943,96.34834,96.8599,97.3641,98.7269,99.22055,100.5813,103.7004,106.8367,111.7634,117.6129,118.1313,117.742,117.3361,116.9137,116.475,116.0203,115.5496,115.9836,115.4849,114.9708,115.3718,114.8304,114.274,115.5822,115.0023,115.3533,116.6438,117.931,118.2609,119.5381,120.8113,122.0802,122.3811,123.6385,124.891,126.1384,127.3805,128.6168,129.8474,130.0936,130.33
72.88821,72.16649,71.43929,71.34942,70.60468,69.85456,69.09912,68.33842,67.57252,66.80147,66.02533,65.24416,65.03873,64.24056,63.4375,62.62961,61.81694,60.99957,60.71486,59.88088,59.04234,58.1993,57.35184,57,56.13629,55.75311,56.30473,56.80606,58.18033,59.92675,58.89811,57.42662,55.96644,54.51776,53.08074,51.65555,50.24238,49.23212,47.83543,46.45122,45.44615,44.07926,42.7253,42.06848,40.72444,39.71931,39.02847,38.31811,37.28752,36.54646,35.78593,35.00594,33.93927,33.12884,32.29902,31.44985,30.58134,29.69354,28.78647,27.65225,26.51594
82.38513,83.01805,83.64466,85.03093,85.65033,86.2632,86.86951,87.46919,88.06222,88.64854,89.22811,89.80089,91.18094,91.74503,92.30213,92.85221,93.39521,94.76977,95.30323,95.82943,96.34834,96.8599,97.3641,97.86087,99.22055,100.5813,102.8216,106.8367,111.7634,117.6129,118.1313,117.742,117.3361,116.9137,116.475,116.0203,115.5496,115.9836,115.4849,114.9708,115.3718,114.8304,114.274,115.5822,115.0023,115.3533,116.6438,117.931,118.2609,119.5381,120.8113,122.0802,122.3811,123.6385,124.891,126.1384,127.3805,128.6168,129.8474,130.0936,130.33
72.88821,72.16649,71.43929,71.34942,70.60468,69.85456,69.09912,68.33842,67.57252,66.80147,66.02533,65.24416,65.03873,64.24056,63.4375,62.62961,61.81694,61.54421,60.71486,59.88088,59.04234,58.1993,57.35184,56.5,56.13629,55.75311,55.82757,56.80606,58.18033,59.92675,58.89811,57.42662,55.96644,54.51776,53.08074,51.65555,50.24238,49.23212,47.83543,46.45122,45.44615,44.07926,42.7253,42.06848,40.72444,39.71931,39.02847,38.31811,37.28752,36.54646,35.78593,35.00594,33.93927,33.12884,32.29902,31.44985,30.58134,29.69354,28.78647,27.65225,26.51594
82.38513,83.01805,83.64466,84.26489,85.65033,86.2632,86.86951,87.46919,88.06222,88.64854,89.22811,89.80089,91.18094,91.74503,92.30213,92.85221,93.39521,93.9311,95.30323,94.98139,96.34834,96.8599,97.3641,97.86087,99.22055,100.5813,103.7004,105.9537,111.7634,117.6129,118.1313,117.742,117.3361,116.9137,116.475,116.0203,115.5496,115.9836,115.4849,115.898,115.3718,114.8304,114.274,114.6425,115.0023,115.3533,116.6438,117.931,118.2609,119.5381,120.8113,122.0802,122.3811,123.6385,124.891,126.1384,127.3805,128.6168,129.8474,130.0936,129.3501
72.88821,72.16649,71.43929,70.70664,70.60468,69.85456,69.09912,68.33842,67.57252,66.80147,66.02533,65.24416,65.03873,64.24056,63.4375,62.62961,61.81694,60.99957,60.71486,59.35096,59.04234,58.1993,57.35184,56.5,56.13629,55.75311,56.30473,56.33659,58.18033,59.92675,58.89811,57.42662,55.96644,54.51776,53.08074,51.65555,50.24238,49.23212,47.83543,46.82582,45.44615,44.07926,42.7253,41.72646,40.72444,39.71931,39.02847,38.31811,37.28752,36.54646,35.78593,35.00594,33.93927,33.12884,32.29902,31.44985,30.58134,29.69354,28.78647,27.65225,26.31657
82.38513,83.01805,83.64466,84.26489,84.8787,85.48606,86.86951,87.46919,88.06222,88.64854,89.22811,89.80089,91.18094,91.74503,92.30213,92.85221,93.39521,93.9311,95.30323,94.98139,96.34834,96.8599,97.3641,97.86087,99.22055,100.5813,103.7004,106.8367,111.7634,116.7219,118.1313,117.742,117.3361,116.9137,116.475,116.0203,115.5496,115.9836,115.4849,114.9708,114.4414,114.8304,114.274,114.6425,115.0023,115.3533,116.6438,117.931,118.2609,119.5381,120.8113,121.119,122.3811,123.6385,124.891,126.1384,127.3805,128.6168,129.8474,130.0936,131.3099
72.88821,72.16649,71.43929,70.70664,69.9686,69.22524,69.09912,68.33842,67.57252,66.80147,66.02533,65.24416,65.03873,64.24056,63.4375,62.62961,61.81694,60.99957,60.71486,59.35096,59.04234,58.1993,57.35184,56.5,56.13629,55.75311,56.30473,56.80606,58.18033,59.47276,58.89811,57.42662,55.96644,54.51776,53.08074,51.65555,50.24238,49.23212,47.83543,46.45122,45.07965,44.07926,42.7253,41.72646,40.72444,39.71931,39.02847,38.31811,37.28752,36.54646,35.78593,34.73031,33.93927,33.12884,32.29902,31.44985,30.58134,29.69354,28.78647,27.65225,26.7153
82.38513,83.01805,83.64466,84.26489,84.8787,86.2632,86.86951,87.46919,88.06222,88.64854,89.22811,89.80089,91.18094,91.74503,92.30213,92.85221,93.39521,93.9311,94.45984,95.82943,96.34834,96.8599,97.3641,98.7269,99.22055,100.5813,102.8216,106.8367,112.6504,117.6129,118.1313,117.742,117.3361,116.9137,116.475,116.0203,116.4666,115.0631,115.4849,114.9708,114.4414,114.8304,114.274,115.5822,115.0023,115.3533,116.6438,117.931,118.2609,119.5381,120.8113,121.119,122.3811,123.6385,124.891,126.1384,127.3805,128.6168,129.8474,130.0936,131.3099
72.88821,72.16649,71.43929,70.70664,69.9686,69.85456,69.09912,68.33842,67.57252,66.80147,66.02533,65.24416,65.03873,64.24056,63.4375,62.62961,61.81694,60.99957,60.17756,59.88088,59.04234,58.1993,57.35184,57,56.13629,55.75311,55.82757,56.80606,58.64207,59.92675,58.89811,57.42662,55.96644,54.51776,53.08074,51.65555,50.64113,48.84139,47.83543,46.45122,45.07965,44.07926,42.7253,42.06848,40.72444,39.71931,39.02847,38.31811,37.28752,36.54646,35.78593,34.73031,33.93927,33.12884,32.29902,31.44985,30.58134,29.69354,28.78647,27.65225,26.7153
82.38513,83.01805,83.64466,84.26489,84.8787,86.2632,86.86951,87.46919,88.06222,88.64854,89.22811,89.80089,91.18094,90.92588,92.30213,92.85221,93.39521,93.9311,94.45984,94.98139,96.34834,96.8599,97.3641,97.86087,99.22055,99.70665,102.8216,105.9537,111.7634,117.6129,118.1313,117.742,117.3361,116.9137,116.475,116.0203,116.4666,115.9836,116.4088,115.898,115.3718,114.8304,114.274,115.5822,115.0023,115.3533,116.6438,116.98,119.2146,119.5381,119.8525,121.119,122.3811,123.6385,124.891,126.1384,127.3805,128.6168,128.8711,130.0936,130.33
72.88821,72.16649,71.43929,70.70664,69.9686,69.85456,69.09912,68.33842,67.57252,66.80147,66.02533,65.24416,65.03873,63.66698,63.4375,62.62961,61.81694,60.99957,60.17756,59.35096,59.04234,58.1993,57.35184,56.5,56.13629,55.2683,55.82757,56.33659,58.18033,59.92675,58.89811,57.42662,55.96644,54.51776,53.08074,51.65555,50.64113,49.23212,48.21811,46.82582,45.44615,44.07926,42.7253,42.06848,40.72444,39.71931,39.02847,38.00909,37.58822,36.54646,35.50192,34.73031,33.93927,33.12884,32.29902,31.44985,30.58134,29.69354,28.57003,27.65225,26.51594
82.38513,83.01805,83.64466,84.26489,85.65033,86.2632,86.86951,87.46919,88.06222,88.64854,89.22811,89.80089,91.18094,91.74503,92.30213,92.85221,93.39521,93.9311,94.45984,94.98139,96.34834,96.8599,97.3641,97.86087,99.22055,100.5813,102.8216,106.8367,111.7634,116.7219,118.1313,117.742,117.3361,116.9137,116.475,116.0203,115.5496,115.9836,115.4849,115.898,115.3718,114.8304,114.274,115.5822,115.0023,115.3533,116.6438,117.931,118.2609,119.5381,120.8113,122.0802,122.3811,123.6385,124.891,126.1384,127.3805,128.6168,128.8711,130.0936,130.33
72.88821,72.16649,71.43929,70.70664,70.60468,69.85456,69.09912,68.33842,67.57252,66.80147,66.02533,65.24416,65.03873,64.24056,63.4375,62.62961,61.81694,60.99957,60.17756,59.35096,59.04234,58.1993,57.35184,56.5,56.13629,55.75311,55.82757,56.80606,58.18033,59.47276,58.89811,57.42662,55.96644,54.51776,53.08074,51.65555,50.24238,49.23212,47.83543,46.82582,45.44615,44.07926,42.7253,42.06848,40.72444,39.71931,39.02847,38.31811,37.28752,36.54646,35.78593,35.00594,33.93927,33.12884,32.29902,31.44985,30.58134,29.69354,28.57003,27.65225,26.51594
82.38513,83.01805,84.40506,85.03093,84.8787,86.2632,86.86951,87.46919,88.06222,88.64854,89.22811,89.80089,91.18094,90.92588,92.30213,92.85221,93.39521,93.9311,94.45984,94.98139,96.34834,96.8599,97.3641,97.86087,99.22055,100.5813,103.7004,106.8367,111.7634,116.7219,118.1313,118.6408,117.3361,116.9137,116.475,116.0203,115.5496,115.9836,116.4088,115.898,115.3718,114.8304,114.274,115.5822,115.0023,115.3533,116.6438,117.931,118.2609,119.5381,120.8113,122.0802,122.3811,123.6385,124.891,126.1384,127.3805,128.6168,128.8711,130.0936,130.33
72.88821,72.16649,72.08873,71.34942,69.9686,69.85456,69.09912,68.33842,67.57252,66.80147,66.02533,65.24416,65.03873,63.66698,63.4375,62.62961,61.81694,60.99957,60.17756,59.35096,59.04234,58.1993,57.35184,56.5,56.13629,55.75311,56.30473,56.80606,58.18033,59.47276,58.89811,57.86499,55.96644,54.51776,53.08074,51.65555,50.24238,49.23212,48.21811,46.82582,45.44615,44.07926,42.7253,42.06848,40.72444,39.71931,39.02847,38.31811,37.28752,36.54646,35.78593,35.00594,33.93927,33.12884,32.29902,31.44985,30.58134,29.69354,28.57003,27.65225,26.51594
82.38513,83.01805,83.64466,84.26489,85.65033,86.2632,86.86951,86.68118,88.06222,88.64854,89.22811,89.80089,90.36682,91.74503,92.30213,92.85221,93.39521,94.76977,94.45984,95.82943,96.34834,96.8599,97.3641,97.86087,99.22055,100.5813,103.7004,106.8367,111.7634,116.7219,118.1313,117.742,117.3361,116.9137,116.475,116.0203,115.5496,115.0631,115.4849,115.898,114.4414,114.8304,114.274,114.6425,115.0023,115.3533,116.6438,117.931,118.2609,119.5381,120.8113,122.0802,122.3811,123.6385,124.891,126.1384,127.3805,128.6168,128.8711,130.0936,129.3501
72.88821,72.16649,71.43929,70.70664,70.60468,69.85456,69.09912,67.72276,67.57252,66.80147,66.02533,65.24416,64.45803,64.24056,63.4375,62.62961,61.81694,61.54421,60.17756,59.88088,59.04234,58.1993,57.35184,56.5,56.13629,55.75311,56.30473,56.80606,58.18033,59.47276,58.89811,57.42662,55.96644,54.51776,53.08074,51.65555,50.24238,48.84139,47.83543,46.82582,45.07965,44.07926,42.7253,41.72646,40.72444,39.71931,39.02847,38.31811,37.28752,36.54646,35.78593,35.00594,33.93927,33.12884,32.29902,31.44985,30.58134,29.69354,28.57003,27.65225,26.31657
82.38513,83.01805,83.64466,84.26489,84.8787,85.48606,86.86951,87.46919,88.06222,88.64854,89.22811,89.80089,90.36682,91.74503,92.30213,92.85221,93.39521,93.9311,95.30323,95.82943,96.34834,96.8599,97.3641,97.86087,99.22055,99.70665,102.8216,105.9537,111.7634,117.6129,118.1313,117.742,117.3361,116.0074,116.475,116.0203,115.5496,115.9836,115.4849,114.9708,115.3718,114.8304,114.274,114.6425,115.0023,115.3533,116.6438,117.931,118.2609,119.5381,120.8113,121.119,122.3811,123.6385,124.891,126.1384,127.3805,128.6168,129.8474,130.0936,130.33
72.88821,72.16649,71.43929,70.70664,69.9686,69.22524,69.09912,68.33842,67.57252,66.80147,66.02533,65.24416,64.45803,64.24056,63.4375,62.62961,61.81694,60.99957,60.71486,59.88088,59.04234,58.1993,57.35184,56.5,56.13629,55.2683,55.82757,56.33659,58.18033,59.92675,58.89811,57.42662,55.96644,54.09514,53.08074,51.65555,50.24238,49.23212,47.83543,46.45122,45.44615,44.07926,42.7253,41.72646,40.72444,39.71931,39.02847,38.31811,37.28752,36.54646,35.78593,34.73031,33.93927,33.12884,32.29902,31.44985,30.58134,29.69354,28.78647,27.65225,26.51594
82.38513,83.77276,83.64466,84.26489,84.8787,86.2632,86.86951,87.46919,88.06222,88.64854,89.22811,89.80089,91.18094,91.74503,92.30213,92.85221,93.39521,93.9311,94.45984,95.82943,96.34834,96.8599,97.3641,98.7269,99.22055,100.5813,103.7004,106.8367,111.7634,116.7219,118.1313,118.6408,117.3361,116.9137,116.475,116.0203,115.5496,115.9836,115.4849,115.898,115.3718,114.8304,114.274,114.6425,115.0023,115.3533,116.6438,117.931,118.2609,119.5381,120.8113,121.119,122.3811,123.6385,124.891,126.1384,127.3805,128.6168,129.8474,130.0936,130.33
72.88821,72.82255,71.43929,70.70664,69.9686,69.85456,69.09912,68.33842,67.57252,66.80147,66.02533,65.24416,65.03873,64.24056,63.4375,62.62961,61.81694,60.99957,60.17756,59.88088,59.04234,58.1993,57.35184,57,56.13629,55.75311,56.30473,56.80606,58.18033,59.47276,58.89811,57.86499,55.96644,54.51776,53.08074,51.65555,50.24238,49.23212,47.83543,46.82582,45.44615,44.07926,42.7253,41.72646,40.72444,39.71931,39.02847,38.31811,37.28752,36.54646,35.78593,34.73031,33.93927,33.12884,32.29902,31.44985,30.58134,29.69354,28.78647,27.65225,26.51594
82.38513,83.01805,83.64466,84.26489,84.8787,86.2632,86.86951,87.46919,88.06222,88.64854,89.22811,89.80089,90.36682,91.74503,92.30213,92.85221,93.39521,93.9311,95.30323,94.98139,96.34834,96.8599,97.3641,97.86087,99.22055,99.70665,103.7004,106.8367,111.7634,117.6129,118.1313,117.742,117.3361,116.9137,116.475,116.0203,115.5496,115.0631,115.4849,114.9708,114.4414,114.8304,114.274,115.5822,115.0023,115.3533,116.6438,117.931,118.2609,119.5381,120.8113,121.119,122.3811,123.6385,124.891,126.1384,127.3805,128.6168,128.8711,130.0936,129.3501
72.88821,72.16649,71.43929,70.70664,69.9686,69.85456,69.09912,68.33842,67.57252,66.80147,66.02533,65.24416,64.45803,64.24056,63.4375,62.62961,61.81694,60.99957,60.71486,59.35096,59.04234,58.1993,57.35184,56.5,56.13629,55.2683,56.30473,56.80606,58.18033,59.92675,58.89811,57.42662,55.96644,54.51776,53.08074,51.65555,50.24238,48.84139,47.83543,46.45122,45.07965,44.07926,42.7253,42.06848,40.72444,39.71931,39.02847,38.31811,37.28752,36.54646,35.78593,34.73031,33.93927,33.12884,32.29902,31.44985,30.58134,29.69354,28.57003,27.65225,26.31657
82.38513,83.01805,83.64466,84.26489,84.8787,86.2632,86.86951,87.46919,88.06222,88.64854,89.22811,89.80089,91.18094,91.74503,92.30213,92.85221,93.39521,93.9311,94.45984,95.82943,96.34834,96.8599,97.3641,97.86087,99.22055,99.70665,102.8216,106.8367,111.7634,116.7219,118.1313,118.6408,117.3361,116.9137,116.475,116.0203,115.5496,115.0631,115.4849,114.9708,115.3718,114.8304,114.274,114.6425,115.0023,115.3533,116.6438,116.98,118.2609,119.5381,119.8525,121.119,122.3811,123.6385,124.891,126.1384,127.3805,128.6168,129.8474,130.0936,130.33
72.88821,72.16649,71.43929,70.70664,69.9686,69.85456,69.09912,68.33842,67.57252,66.80147,66.02533,65.24416,65.03873,64.24056,63.4375,62.62961,61.81694,60.99957,60.17756,59.88088,59.04234,58.1993,57.35184,56.5,56.13629,55.2683,55.82757,56.80606,58.18033,59.47276,58.89811,57.86499,55.96644,54.51776,53.08074,51.65555,50.24238,48.84139,47.83543,46.45122,45.44615,44.07926,42.7253,41.72646,40.72444,39.71931,39.02847,38.00909,37.28752,36.54646,35.50192,34.73031,33.93927,33.12884,32.29902,31.44985,30.58134,29.69354,28.78647,27.65225,26.51594
82.38513,83.01805,83.64466,85.03093,84.8787,86.2632,86.86951,87.46919,88.06222,88.64854,89.22811,89.80089,90.36682,91.74503,92.30213,92.85221,93.39521,94.76977,94.45984,95.82943,96.34834,96.8599,97.3641,97.86087,99.22055,100.5813,103.7004,106.8367,111.7634,117.6129,118.1313,118.6408,117.3361,116.9137,116.475,116.0203,115.5496,115.9836,115.4849,115.898,115.3718,114.8304,114.274,115.5822,115.0023,115.3533,116.6438,117.931,118.2609,119.5381,120.8113,121.119,122.3811,123.6385,124.891,126.1384,127.3805,128.6168,129.8474,130.0936,130.33
72.88821,72.16649,71.43929,71.34942,69.9686,69.85456,69.09912,68.33842,67.57252,66.80147,66.02533,65.24416,64.45803,64.24056,63.4375,62.62961,61.81694,61.54421,60.17756,59.88088,59.04234,58.1993,57.35184,56.5,56.13629,55.75311,56.30473,56.80606,58.18033,59.92675,58.89811,57.86499,55.96644,54.51776,53.08074,51.65555,50.24238,49.23212,47.83543,46.82582,45.44615,44.07926,42.7253,42.06848,40.72444,39.71931,39.02847,38.31811,37.28752,36.54646,35.78593,34.73031,33.93927,33.12884,32.29902,31.44985,30.58134,29.69354,28.78647,27.65225,26.51594
82.38513,83.01805,83.64466,84.26489,84.8787,86.2632,86.86951,87.46919,88.06222,88.64854,89.22811,89.80089,90.36682,91.74503,92.30213,92.85221,93.39521,93.9311,94.45984,95.82943,96.34834,96.8599,97.3641,97.86087,99.22055,100.5813,102.8216,105.9537,111.7634,117.6129,118.1313,118.6408,117.3361,116.9137,116.475,116.0203,115.5496,115.9836,115.4849,114.9708,115.3718,114.8304,114.274,114.6425,115.0023,115.3533,116.6438,117.931,118.2609,119.5381,120.8113,122.0802,122.3811,123.6385,124.891,126.1384,127.3805,128.6168,129.8474,130.0936,130.33
72.88821,72.16649,71.43929,70.70664,69.9686,69.85456,69.09912,68.33842,67.57252,66.80147,66.02533,65.24416,64.45803,64.24056,63.4375,62.62961,61.81694,60.99957,60.17756,59.88088,59.04234,58.1993,57.35184,56.5,56.13629,55.75311,55.82757,56.33659,58.18033,59.92675,58.89811,57.86499,55.96644,54.51776,53.08074,51.65555,50.24238,49.23212,47.83543,46.45122,45.44615,44.07926,42.7253,41.72646,40.72444,39.71931,39.02847,38.31811,37.28752,36.54646,35.78593,35.00594,33.93927,33.12884,32.29902,31.44985,30.58134,29.69354,28.78647,27.65225,26.51594
82.38513,83.01805,83.64466,84.26489,85.65033,85.48606,86.86951,87.46919,88.06222,88.64854,89.22811,89.80089,90.36682,91.74503,92.30213,92.85221,93.39521,93.9311,94.45984,95.82943,96.34834,96.8599,97.3641,97.86087,99.22055,100.5813,103.7004,106.8367,111.7634,117.6129,118.1313,117.742,117.3361,116.9137,116.475,116.0203,116.4666,115.0631,115.4849,114.9708,115.3718,114.8304,114.274,114.6425,115.0023,115.3533,116.6438,117.931,118.2609,119.5381,119.8525,122.0802,122.3811,123.6385,124.891,126.1384,127.3805,128.6168,129.8474,130.0936,129.3501
72.88821,72.16649,71.43929,70.70664,70.60468,69.22524,69.09912,68.33842,67.57252,66.80147,66.02533,65.24416,64.45803,64.24056,63.4375,62.62961,61.81694,60.99957,60.17756,59.88088,59.04234,58.1993,57.35184,56.5,56.13629,55.75311,56.30473,56.80606,58.18033,59.92675,58.89811,57.42662,55.96644,54.51776,53.08074,51.65555,50.64113,48.84139,47.83543,46.45122,45.44615,44.07926,42.7253,41.72646,40.72444,39.71931,39.02847,38.31811,37.28752,36.54646,35.50192,35.00594,33.93927,33.12884,32.29902,31.44985,30.58134,29.69354,28.78647,27.65225,26.31657
82.38513,83.01805,83.64466,84.26489,84.8787,85.48606,86.0869,87.46919,88.06222,88.64854,89.22811,89.80089,90.36682,91.74503,92.30213,92.85221,93.39521,93.9311,94.45984,94.98139,96.34834,96.8599,97.3641,97.86087,99.22055,99.70665,102.8216,106.8367,111.7634,117.6129,118.1313,118.6408,117.3361,116.9137,116.475,116.0203,116.4666,115.9836,115.4849,115.898,114.4414,114.8304,114.274,114.6425,115.0023,115.3533,116.6438,117.931,118.2609,119.5381,120.8113,121.119,122.3811,123.6385,124.891,126.1384,127.3805,128.6168,128.8711,130.0936,129.3501
72.88821,72.16649,71.43929,70.70664,69.9686,69.22524,68.47661,68.33842,67.57252,66.80147,66.02533,65.24416,64.45803,64.24056,63.4375,62.62961,61.81694,60.99957,60.17756,59.35096,59.04234,58.1993,57.35184,56.5,56.13629,55.2683,55.82757,56.80606,58.18033,59.92675,58.89811,57.86499,55.96644,54.51776,53.08074,51.65555,50.64113,49.23212,47.83543,46.82582,45.07965,44.07926,42.7253,41.72646,40.72444,39.71931,39.02847,38.31811,37.28752,36.54646,35.78593,34.73031,33.93927,33.12884,32.29902,31.44985,30.58134,29.69354,28.57003,27.65225,26.31657
82.38513,83.01805,83.64466,84.26489,84.8787,86.2632,86.86951,87.46919,88.06222,88.64854,89.22811,89.80089,90.36682,91.74503,92.30213,92.85221,93.39521,93.9311,94.45984,95.82943,96.34834,96.8599,97.3641,97.86087,99.22055,100.5813,103.7004,106.8367,111.7634,116.7219,118.1313,118.6408,117.3361,116.9137,116.475,116.0203,115.5496,115.0631,115.4849,114.9708,114.4414,114.8304,114.274,114.6425,115.0023,115.3533,116.6438,117.931,118.2609,119.5381,120.8113,122.0802,122.3811,123.6385,124.891,126.1384,127.3805,128.6168,128.8711,130.0936,130.33
72.88821,72.16649,71.43929,70.70664,69.9686,69.85456,69.09912,68.33842,67.57252,66.80147,66.02533,65.24416,64.45803,64.24056,63.4375,62.62961,61.81694,60.99957,60.17756,59.88088,59.04234,58.1993,57.35184,56.5,56.13629,55.75311,56.30473,56.80606,58.18033,59.47276,58.89811,57.86499,55.96644,54.51776,53.08074,51.65555,50.24238,48.84139,47.83543,46.45122,45.07965,44.07926,42.7253,41.72646,40.72444,39.71931,39.02847,38.31811,37.28752,36.54646,35.78593,35.00594,33.93927,33.12884,32.29902,31.44985,30.58134,29.69354,28.57003,27.65225,26.51594
82.38513,83.01805,83.64466,84.26489,85.65033,86.2632,86.86951,87.46919,88.06222,88.64854,89.22811,89.80089,91.18094,91.74503,92.30213,92.85221,93.39521,93.9311,94.45984,95.82943,96.34834,96.8599,97.3641,97.86087,99.22055,100.5813,103.7004,106.8367,111.7634,117.6129,117.2364,117.742,117.3361,116.9137,116.475,116.0203,115.5496,115.0631,115.4849,114.9708,114.4414,114.8304,114.274,115.5822,115.0023,115.3533,116.6438,116.98,118.2609,119.5381,120.8113,122.0802,122.3811,123.6385,124.891,126.1384,127.3805,127.6425,129.8474,130.0936,130.33
72.88821,72.16649,71.43929,70.70664,70.60468,69.85456,69.09912,68.33842,67.57252,66.80147,66.02533,65.24416,65.03873,64.24056,63.4375,62.62961,61.81694,60.99957,60.17756,59.88088,59.04234,58.1993,57.35184,56.5,56.13629,55.75311,56.30473,56.80606,58.18033,59.92675,58.45191,57.42662,55.96644,54.51776,53.08074,51.65555,50.24238,48.84139,47.83543,46.45122,45.07965,44.07926,42.7253,42.06848,40.72444,39.71931,39.02847,38.00909,37.28752,36.54646,35.78593,35.00594,33.93927,33.12884,32.29902,31.44985,30.58134,29.46859,28.78647,27.65225,26.51594
82.38513,83.01805,83.64466,85.03093,85.65033,86.2632,86.86951,87.46919,88.06222,88.64854,89.22811,89.80089,91.18094,91.74503,92.30213,92.85221,93.39521,93.9311,95.30323,95.82943,96.34834,96.8599,97.3641,97.86087,99.22055,100.5813,103.7004,105.9537,111.7634,117.6129,118.1313,118.6408,117.3361,116.9137,116.475,116.0203,115.5496,115.9836,115.4849,114.9708,114.4414,114.8304,114.274,114.6425,115.0023,115.3533,116.6438,117.931,118.2609,119.5381,120.8113,121.119,122.3811,123.6385,124.891,126.1384,127.3805,128.6168,129.8474,130.0936,129.3501
72.88821,72.16649,71.43929,71.34942,70.60468,69.85456,69.09912,68.33842,67.57252,66.80147,66.02533,65.24416,65.03873,64.24056,63.4375,62.62961,61.81694,60.99957,60.71486,59.88088,59.04234,58.1993,57.35184,56.5,56.13629,55.75311,56.30473,56.33659,58.18033,59.92675,58.89811,57.86499,55.96644,54.51776,53.08074,51.65555,50.24238,49.23212,47.83543,46.45122,45.07965,44.07926,42.7253,41.72646,40.72444,39.71931,39.02847,38.31811,37.28752,36.54646,35.78593,34.73031,33.93927,33.12884,32.29902,31.44985,30.58134,29.69354,28.78647,27.65225,26.31657
