91.13732,91.62902,92.57563,93,93.8946,94.25197,95.09474,96.44531,97.25123,97.49039,98.24478,98.97714,100.2539,101.523,103.9458,105.2136,107.0681,108.9285,110.7946,112.666,114.5427,116.4243,118.3105,120.2013,122.0962,124.6512,125.8978,128.4731,126.3354,116.6217,112.2018,113.2293,113.5473,114.5513,114.8333,115.8137,116.0599,117.0166,117.9644,118.16,119.084,119.9988,120.9045,121.035,121.9167,122.7891,123.6521
167.8541,165.3031,163.6269,161.0807,159.4014,156.8616,155.1805,154.3448,152.6539,150.122,148.4317,146.7397,145.8703,144.9899,145.7267,144.814,144.6942,144.553,144.3903,144.206,143.9999,143.772,143.5222,143.2503,142.9563,143.3948,142.3016,142.6838,137.8709,125.0615,118.236,117.2524,115.5466,114.5513,112.8464,111.84,110.1367,109.1197,108.0944,106.3918,105.3566,104.3134,103.2622,101.5604,100.5004,99.43262,98.35731
91.13732,91.62902,92.57563,93,93.8946,94.76701,95.09474,96.44531,97.25123,98.03503,98.79672,99.53634,100.2539,101.523,103.3651,105.2136,107.0681,108.9285,110.7946,112.0504,113.9202,116.4243,118.3105,120.2013,122.0962,123.9952,126.5604,128.4731,126.3354,116.6217,112.2018,113.2293,113.5473,114.5513,115.5466,116.533,116.7853,117.0166,117.9644,118.9032,119.084,119.9988,120.9045,121.035,121.9167,122.7891,123.6521
167.8541,165.3031,163.6269,161.0807,159.4014,157.7188,155.1805,154.3448,152.6539,150.9607,149.2656,147.5687,145.8703,144.9899,144.9126,144.814,144.6942,144.553,144.3903,143.418,143.2173,143.772,143.5222,143.2503,142.9563,142.6401,143.0505,142.6838,137.8709,125.0615,118.236,117.2524,115.5466,114.5513,113.5473,112.5347,110.8251,109.1197,108.0944,107.0609,105.3566,104.3134,103.2622,101.5604,100.5004,99.43262,98.35731
91.13732,91.62902,92.08321,93,93.8946,94.76701,95.09474,96.44531,97.25123,97.49039,98.79672,98.97714,100.2539,101.523,103.3651,105.2136,107.0681,108.9285,110.7946,112.666,114.5427,116.4243,118.3105,120.2013,122.0962,124.6512,126.5604,128.4731,126.3354,116.6217,112.2018,113.2293,113.5473,114.5513,115.5466,115.8137,116.7853,117.0166,117.9644,118.16,119.084,119.9988,120.1441,121.035,121.9167,122.7891,123.6521
167.8541,165.3031,162.7565,161.0807,159.4014,157.7188,155.1805,154.3448,152.6539,150.122,149.2656,146.7397,145.8703,144.9899,144.9126,144.814,144.6942,144.553,144.3903,144.206,143.9999,143.772,143.5222,143.2503,142.9563,143.3948,143.0505,142.6838,137.8709,125.0615,118.236,117.2524,115.5466,114.5513,113.5473,111.84,110.8251,109.1197,108.0944,106.3918,105.3566,104.3134,102.6128,101.5604,100.5004,99.43262,98.35731
91.13732,91.62902,92.57563,93,93.8946,94.25197,95.09474,96.44531,97.25123,98.03503,98.24478,98.97714,100.2539,101.523,103.3651,105.2136,107.0681,108.9285,110.7946,112.666,114.5427,115.795,118.3105,120.2013,122.7457,123.9952,126.5604,128.4731,126.3354,116.6217,112.2018,113.2293,113.5473,114.5513,115.5466,115.8137,116.7853,117.0166,117.9644,118.16,119.084,119.9988,120.9045,121.035,121.9167,122.7891,123.6521
167.8541,165.3031,163.6269,161.0807,159.4014,156.8616,155.1805,154.3448,152.6539,150.9607,148.4317,146.7397,145.8703,144.9899,144.9126,144.814,144.6942,144.553,144.3903,144.206,143.9999,142.9949,143.5222,143.2503,143.7167,142.6401,143.0505,142.6838,137.8709,125.0615,118.236,117.2524,115.5466,114.5513,113.5473,111.84,110.8251,109.1197,108.0944,106.3918,105.3566,104.3134,103.2622,101.5604,100.5004,99.43262,98.35731
91.13732,91.62902,92.57563,93,93.8946,94.76701,95.09474,96.44531,97.25123,98.03503,98.24478,98.97714,100.2539,101.523,103.3651,105.8013,107.0681,109.5303,110.7946,112.0504,113.9202,116.4243,118.3105,120.2013,122.0962,123.9952,125.8978,128.4731,126.3354,116.6217,112.2018,113.2293,113.5473,114.5513,114.8333,115.8137,116.0599,117.0166,117.9644,118.16,119.084,119.9988,120.9045,121.035,121.9167,122.7891,123.6521
167.8541,165.3031,163.6269,161.0807,159.4014,157.7188,155.1805,154.3448,152.6539,150.9607,148.4317,146.7397,145.8703,144.9899,144.9126,145.6231,144.6942,145.3517,144.3903,143.418,143.2173,143.772,143.5222,143.2503,142.9563,142.6401,142.3016,142.6838,137.8709,125.0615,118.236,117.2524,115.5466,114.5513,112.8464,111.84,110.1367,109.1197,108.0944,106.3918,105.3566,104.3134,103.2622,101.5604,100.5004,99.43262,98.35731
91.13732,91.62902,92.57563,93,93.8946,94.76701,95.09474,96.44531,96.71393,98.03503,98.24478,99.53634,100.2539,102.0966,103.3651,105.2136,107.0681,109.5303,110.7946,112.666,114.5427,115.795,118.3105,120.2013,122.0962,123.9952,126.5604,128.4731,126.3354,116.6217,112.2018,113.2293,113.5473,114.5513,115.5466,115.8137,116.7853,117.0166,117.9644,118.16,119.084,119.9988,120.9045,121.035,121.9167,122.7891,122.8695
167.8541,165.3031,163.6269,161.0807,159.4014,157.7188,155.1805,154.3448,151.8105,150.9607,148.4317,147.5687,145.8703,145.8091,144.9126,144.814,144.6942,145.3517,144.3903,144.206,143.9999,142.9949,143.5222,143.2503,142.9563,142.6401,143.0505,142.6838,137.8709,125.0615,118.236,117.2524,115.5466,114.5513,113.5473,111.84,110.8251,109.1197,108.0944,106.3918,105.3566,104.3134,103.2622,101.5604,100.5004,99.43262,97.7348
91.13732,92.11383,92.08321,93,93.8946,94.25197,95.09474,96.44531,97.25123,98.03503,98.24478,99.53634,100.2539,101.523,103.3651,105.2136,107.0681,108.9285,110.7946,112.0504,114.5427,116.4243,118.3105,120.2013,122.0962,123.9952,125.8978,128.4731,126.3354,116.6217,112.2018,113.2293,113.5473,114.5513,115.5466,115.8137,116.7853,117.0166,117.9644,118.16,119.084,119.9988,120.1441,121.035,121.9167,122.7891,123.6521
167.8541,166.1777,162.7565,161.0807,159.4014,156.8616,155.1805,154.3448,152.6539,150.9607,148.4317,147.5687,145.8703,144.9899,144.9126,144.814,144.6942,144.553,144.3903,143.418,143.9999,143.772,143.5222,143.2503,142.9563,142.6401,142.3016,142.6838,137.8709,125.0615,118.236,117.2524,115.5466,114.5513,113.5473,111.84,110.8251,109.1197,108.0944,106.3918,105.3566,104.3134,102.6128,101.5604,100.5004,99.43262,98.35731
91.13732,91.62902,92.57563,93,93.8946,94.76701,95.09474,96.44531,97.25123,98.03503,98.24478,98.97714,100.2539,102.0966,103.3651,105.2136,107.0681,109.5303,110.7946,112.0504,114.5427,116.4243,118.3105,120.2013,122.0962,123.9952,125.8978,128.4731,126.3354,116.6217,112.2018,113.2293,113.5473,114.5513,114.8333,115.8137,116.7853,117.7479,117.9644,118.9032,119.084,119.9988,120.9045,121.035,121.9167,122.7891,123.6521
167.8541,165.3031,163.6269,161.0807,159.4014,157.7188,155.1805,154.3448,152.6539,150.9607,148.4317,146.7397,145.8703,145.8091,144.9126,144.814,144.6942,145.3517,144.3903,143.418,143.9999,143.772,143.5222,143.2503,142.9563,142.6401,142.3016,142.6838,137.8709,125.0615,118.236,117.2524,115.5466,114.5513,112.8464,111.84,110.8251,109.8017,108.0944,107.0609,105.3566,104.3134,103.2622,101.5604,100.5004,99.43262,98.35731
90.66016,91.62902,92.57563,93,93.8946,94.76701,95.09474,96.44531,97.25123,98.03503,98.24478,98.97714,100.2539,101.523,103.3651,105.8013,107.6629,109.5303,110.7946,112.0504,114.5427,115.795,118.3105,120.2013,122.0962,123.9952,125.8978,128.4731,126.3354,116.6217,112.2018,113.2293,114.2482,114.5513,115.5466,115.8137,116.7853,117.0166,117.9644,118.9032,119.084,119.9988,120.9045,121.035,121.9167,122.7891,123.6521
166.9753,165.3031,163.6269,161.0807,159.4014,157.7188,155.1805,154.3448,152.6539,150.9607,148.4317,146.7397,145.8703,144.9899,144.9126,145.6231,145.4981,145.3517,144.3903,143.418,143.9999,142.9949,143.5222,143.2503,142.9563,142.6401,142.3016,142.6838,137.8709,125.0615,118.236,117.2524,116.2598,114.5513,113.5473,111.84,110.8251,109.1197,108.0944,107.0609,105.3566,104.3134,103.2622,101.5604,100.5004,99.43262,98.35731
91.13732,91.62902,92.57563,93.5,93.8946,94.76701,95.09474,96.44531,97.25123,98.03503,98.24478,98.97714,100.2539,101.523,103.3651,105.2136,107.0681,108.9285,110.7946,112.0504,114.5427,116.4243,118.3105,120.2013,122.0962,123.9952,125.8978,128.4731,126.3354,116.6217,112.2018,113.2293,113.5473,114.5513,115.5466,115.8137,116.7853,117.0166,117.9644,118.16,119.084,119.9988,120.1441,121.035,122.6883,122.7891,123.6521
167.8541,165.3031,163.6269,161.9468,159.4014,157.7188,155.1805,154.3448,152.6539,150.9607,148.4317,146.7397,145.8703,144.9899,144.9126,144.814,144.6942,144.553,144.3903,143.418,143.9999,143.772,143.5222,143.2503,142.9563,142.6401,142.3016,142.6838,137.8709,125.0615,118.236,117.2524,115.5466,114.5513,113.5473,111.84,110.8251,109.1197,108.0944,106.3918,105.3566,104.3134,102.6128,101.5604,101.1364,99.43262,98.35731
91.13732,91.62902,92.57563,93,93.8946,94.76701,95.09474,96.44531,96.71393,98.03503,98.24478,99.53634,100.2539,102.0966,103.3651,105.2136,107.0681,108.9285,110.7946,112.0504,114.5427,116.4243,118.3105,120.2013,122.0962,124.6512,125.8978,128.4731,126.3354,116.6217,112.2018,112.5347,113.5473,114.5513,115.5466,115.8137,116.7853,117.0166,117.9644,118.16,119.084,119.9988,120.9045,121.035,121.9167,122.7891,123.6521
167.8541,165.3031,163.6269,161.0807,159.4014,157.7188,155.1805,154.3448,151.8105,150.9607,148.4317,147.5687,145.8703,145.8091,144.9126,144.814,144.6942,144.553,144.3903,143.418,143.9999,143.772,143.5222,143.2503,142.9563,143.3948,142.3016,142.6838,137.8709,125.0615,118.236,116.533,115.5466,114.5513,113.5473,111.84,110.8251,109.1197,108.0944,106.3918,105.3566,104.3134,103.2622,101.5604,100.5004,99.43262,98.35731
91.13732,91.62902,92.57563,93,93.8946,94.76701,95.09474,96.44531,97.25123,98.03503,98.24478,98.97714,100.2539,101.523,103.3651,105.8013,107.0681,109.5303,110.7946,112.0504,114.5427,115.795,118.3105,120.2013,122.0962,123.9952,126.5604,128.4731,126.3354,116.6217,112.2018,113.2293,113.5473,114.5513,115.5466,115.8137,116.7853,117.0166,117.9644,118.16,119.084,119.9988,120.9045,121.035,121.9167,122.7891,123.6521
167.8541,165.3031,163.6269,161.0807,159.4014,157.7188,155.1805,154.3448,152.6539,150.9607,148.4317,146.7397,145.8703,144.9899,144.9126,145.6231,144.6942,145.3517,144.3903,143.418,143.9999,142.9949,143.5222,143.2503,142.9563,142.6401,143.0505,142.6838,137.8709,125.0615,118.236,117.2524,115.5466,114.5513,113.5473,111.84,110.8251,109.1197,108.0944,106.3918,105.3566,104.3134,103.2622,101.5604,100.5004,99.43262,98.35731
91.13732,91.62902,92.57563,93,93.8946,94.76701,95.09474,96.44531,97.25123,98.03503,98.24478,98.97714,100.2539,101.523,103.3651,105.2136,107.0681,108.9285,110.7946,112.0504,114.5427,115.795,118.3105,120.2013,122.0962,123.9952,125.8978,128.4731,126.3354,117.3037,112.2018,113.2293,113.5473,114.5513,115.5466,115.8137,116.7853,117.0166,117.9644,118.9032,119.084,119.9988,120.9045,121.8011,121.9167,122.7891,123.6521
167.8541,165.3031,163.6269,161.0807,159.4014,157.7188,155.1805,154.3448,152.6539,150.9607,148.4317,146.7397,145.8703,144.9899,144.9126,144.814,144.6942,144.553,144.3903,143.418,143.9999,142.9949,143.5222,143.2503,142.9563,142.6401,142.3016,142.6838,137.8709,125.7928,118.236,117.2524,115.5466,114.5513,113.5473,111.84,110.8251,109.1197,108.0944,107.0609,105.3566,104.3134,103.2622,102.2032,100.5004,99.43262,98.35731
91.13732,91.62902,92.08321,93,93.8946,94.76701,95.09474,96.44531,97.25123,98.03503,98.79672,98.97714,100.2539,101.523,103.3651,105.2136,107.0681,108.9285,110.7946,112.666,113.9202,116.4243,118.3105,120.2013,122.0962,123.9952,126.5604,128.4731,126.3354,116.6217,112.2018,113.2293,114.2482,114.5513,115.5466,115.8137,116.7853,117.0166,117.9644,118.9032,119.084,119.9988,120.9045,121.035,121.9167,122.7891,123.6521
167.8541,165.3031,162.7565,161.0807,159.4014,157.7188,155.1805,154.3448,152.6539,150.9607,149.2656,146.7397,145.8703,144.9899,144.9126,144.814,144.6942,144.553,144.3903,144.206,143.2173,143.772,143.5222,143.2503,142.9563,142.6401,143.0505,142.6838,137.8709,125.0615,118.236,117.2524,116.2598,114.5513,113.5473,111.84,110.8251,109.1197,108.0944,107.0609,105.3566,104.3134,103.2622,101.5604,100.5004,99.43262,98.35731
91.13732,91.62902,92.57563,93,93.8946,94.76701,95.61724,96.44531,96.71393,98.03503,98.24478,99.53634,99.6875,101.523,103.9458,105.2136,107.0681,109.5303,110.7946,112.666,114.5427,115.795,118.3105,120.2013,122.0962,123.9952,126.5604,128.4731,126.3354,116.6217,112.2018,113.2293,113.5473,114.5513,115.5466,115.8137,116.7853,117.0166,117.9644,118.9032,119.084,119.9988,120.9045,121.035,121.9167,122.7891,123.6521
167.8541,165.3031,163.6269,161.0807,159.4014,157.7188,156.0332,154.3448,151.8105,150.9607,148.4317,147.5687,145.0462,144.9899,145.7267,144.814,144.6942,145.3517,144.3903,144.206,143.9999,142.9949,143.5222,143.2503,142.9563,142.6401,143.0505,142.6838,137.8709,125.0615,118.236,117.2524,115.5466,114.5513,113.5473,111.84,110.8251,109.1197,108.0944,107.0609,105.3566,104.3134,103.2622,101.5604,100.5004,99.43262,98.35731
90.66016,91.62902,92.08321,93,93.8946,94.76701,95.09474,96.44531,97.25123,98.03503,98.24478,99.53634,100.2539,101.523,103.3651,105.2136,107.0681,109.5303,110.7946,112.0504,114.5427,116.4243,118.3105,120.2013,122.0962,123.9952,125.8978,128.4731,126.3354,116.6217,112.2018,113.2293,113.5473,114.5513,114.8333,115.8137,116.7853,117.0166,117.9644,118.9032,119.084,119.9988,120.9045,121.035,121.9167,122.7891,123.6521
166.9753,165.3031,162.7565,161.0807,159.4014,157.7188,155.1805,154.3448,152.6539,150.9607,148.4317,147.5687,145.8703,144.9899,144.9126,144.814,144.6942,145.3517,144.3903,143.418,143.9999,143.772,143.5222,143.2503,142.9563,142.6401,142.3016,142.6838,137.8709,125.0615,118.236,117.2524,115.5466,114.5513,112.8464,111.84,110.8251,109.1197,108.0944,107.0609,105.3566,104.3134,103.2622,101.5604,100.5004,99.43262,98.35731
91.13732,91.62902,92.08321,93,93.8946,94.76701,95.09474,96.44531,97.25123,97.49039,98.24478,98.97714,100.2539,101.523,103.3651,105.2136,107.0681,108.9285,110.7946,112.0504,114.5427,116.4243,118.3105,120.2013,122.0962,124.6512,125.8978,128.4731,126.3354,116.6217,112.2018,113.2293,113.5473,114.5513,115.5466,115.8137,116.7853,117.0166,117.9644,118.9032,119.084,119.9988,120.9045,121.035,121.9167,122.7891,123.6521
167.8541,165.3031,162.7565,161.0807,159.4014,157.7188,155.1805,154.3448,152.6539,150.122,148.4317,146.7397,145.8703,144.9899,144.9126,144.814,144.6942,144.553,144.3903,143.418,143.9999,143.772,143.5222,143.2503,142.9563,143.3948,142.3016,142.6838,137.8709,125.0615,118.236,117.2524,115.5466,114.5513,113.5473,111.84,110.8251,109.1197,108.0944,107.0609,105.3566,104.3134,103.2622,101.5604,100.5004,99.43262,98.35731
91.13732,91.62902,92.57563,93,93.8946,94.76701,95.09474,96.44531,97.25123,98.03503,98.24478,98.97714,100.2539,102.0966,103.3651,105.2136,107.0681,109.5303,110.7946,112.666,113.9202,116.4243,118.3105,120.2013,122.0962,123.9952,125.8978,128.4731,126.3354,116.6217,112.2018,113.2293,113.5473,114.5513,115.5466,115.8137,116.7853,117.0166,117.9644,118.9032,119.084,119.9988,120.9045,121.8011,121.9167,122.7891,123.6521
167.8541,165.3031,163.6269,161.0807,159.4014,157.7188,155.1805,154.3448,152.6539,150.9607,148.4317,146.7397,145.8703,145.8091,144.9126,144.814,144.6942,145.3517,144.3903,144.206,143.2173,143.772,143.5222,143.2503,142.9563,142.6401,142.3016,142.6838,137.8709,125.0615,118.236,117.2524,115.5466,114.5513,113.5473,111.84,110.8251,109.1197,108.0944,107.0609,105.3566,104.3134,103.2622,102.2032,100.5004,99.43262,98.35731
90.66016,91.62902,92.57563,93,93.8946,94.76701,95.09474,95.91539,97.25123,97.49039,98.24478,98.97714,100.2539,101.523,103.9458,105.2136,107.0681,108.9285,110.7946,112.0504,114.5427,116.4243,118.3105,120.2013,122.0962,124.6512,125.8978,128.4731,126.3354,117.3037,112.2018,113.2293,113.5473,114.5513,115.5466,115.8137,116.7853,117.0166,117.9644,118.9032,119.084,119.9988,120.9045,121.035,121.9167,122.7891,123.6521
166.9753,165.3031,163.6269,161.0807,159.4014,157.7188,155.1805,153.4967,152.6539,150.122,148.4317,146.7397,145.8703,144.9899,145.7267,144.814,144.6942,144.553,144.3903,143.418,143.9999,143.772,143.5222,143.2503,142.9563,143.3948,142.3016,142.6838,137.8709,125.7928,118.236,117.2524,115.5466,114.5513,113.5473,111.84,110.8251,109.1197,108.0944,107.0609,105.3566,104.3134,103.2622,101.5604,100.5004,99.43262,98.35731
91.13732,91.62902,92.08321,93,93.8946,94.25197,95.09474,96.44531,97.25123,98.03503,98.24478,98.97714,100.2539,101.523,103.3651,105.2136,107.0681,109.5303,110.7946,112.666,114.5427,116.4243,118.3105,120.2013,122.0962,123.9952,126.5604,128.4731,126.3354,116.6217,112.2018,113.2293,113.5473,114.5513,115.5466,115.8137,116.7853,117.0166,117.9644,118.16,119.084,119.9988,120.1441,121.8011,121.9167,122.7891,123.6521
167.8541,165.3031,162.7565,161.0807,159.4014,156.8616,155.1805,154.3448,152.6539,150.9607,148.4317,146.7397,145.8703,144.9899,144.9126,144.814,144.6942,145.3517,144.3903,144.206,143.9999,143.772,143.5222,143.2503,142.9563,142.6401,143.0505,142.6838,137.8709,125.0615,118.236,117.2524,115.5466,114.5513,113.5473,111.84,110.8251,109.1197,108.0944,106.3918,105.3566,104.3134,102.6128,102.2032,100.5004,99.43262,98.35731
91.13732,91.62902,92.08321,93,93.8946,94.76701,95.09474,96.44531,96.71393,98.03503,98.24478,99.53634,100.2539,102.0966,103.3651,105.2136,107.0681,109.5303,110.7946,112.666,113.9202,116.4243,118.3105,120.2013,122.0962,123.9952,125.8978,128.4731,126.3354,116.6217,112.2018,113.2293,113.5473,114.5513,114.8333,115.8137,116.7853,117.0166,117.9644,118.16,119.084,119.9988,120.9045,121.035,121.9167,122.7891,123.6521
167.8541,165.3031,162.7565,161.0807,159.4014,157.7188,155.1805,154.3448,151.8105,150.9607,148.4317,147.5687,145.8703,145.8091,144.9126,144.814,144.6942,145.3517,144.3903,144.206,143.2173,143.772,143.5222,143.2503,142.9563,142.6401,142.3016,142.6838,137.8709,125.0615,118.236,117.2524,115.5466,114.5513,112.8464,111.84,110.8251,109.1197,108.0944,106.3918,105.3566,104.3134,103.2622,101.5604,100.5004,99.43262,98.35731
91.13732,91.62902,92.08321,93,93.8946,94.76701,95.61724,96.44531,97.25123,98.03503,98.24478,98.97714,100.2539,101.523,103.3651,105.2136,107.0681,108.9285,110.7946,112.666,114.5427,116.4243,118.3105,120.2013,122.0962,123.9952,126.5604,128.4731,126.3354,116.6217,112.2018,113.2293,113.5473,114.5513,115.5466,115.8137,116.0599,117.0166,117.9644,118.16,119.084,119.9988,120.9045,121.035,121.9167,122.7891,123.6521
167.8541,165.3031,162.7565,161.0807,159.4014,157.7188,156.0332,154.3448,152.6539,150.9607,148.4317,146.7397,145.8703,144.9899,144.9126,144.814,144.6942,144.553,144.3903,144.206,143.9999,143.772,143.5222,143.2503,142.9563,142.6401,143.0505,142.6838,137.8709,125.0615,118.236,117.2524,115.5466,114.5513,113.5473,111.84,110.1367,109.1197,108.0944,106.3918,105.3566,104.3134,103.2622,101.5604,100.5004,99.43262,98.35731
90.66016,91.62902,92.57563,93,93.8946,94.76701,95.61724,96.44531,97.25123,97.49039,98.24478,98.97714,100.2539,101.523,103.3651,105.2136,107.0681,108.9285,110.7946,112.666,114.5427,116.4243,118.3105,120.2013,122.0962,124.6512,125.8978,128.4731,126.3354,116.6217,112.2018,113.2293,114.2482,114.5513,115.5466,115.8137,116.7853,117.0166,117.9644,118.9032,119.8329,119.9988,120.9045,121.035,121.9167,122.7891,123.6521
166.9753,165.3031,163.6269,161.0807,159.4014,157.7188,156.0332,154.3448,152.6539,150.122,148.4317,146.7397,145.8703,144.9899,144.9126,144.814,144.6942,144.553,144.3903,144.206,143.9999,143.772,143.5222,143.2503,142.9563,143.3948,142.3016,142.6838,137.8709,125.0615,118.236,117.2524,116.2598,114.5513,113.5473,111.84,110.8251,109.1197,108.0944,107.0609,106.0192,104.3134,103.2622,101.5604,100.5004,99.43262,98.35731
91.13732,91.62902,92.57563,93.5,93.8946,94.76701,95.61724,96.44531,97.25123,98.03503,98.24478,98.97714,100.2539,101.523,103.3651,105.2136,107.0681,109.5303,110.7946,112.0504,113.9202,116.4243,118.3105,120.2013,122.0962,123.9952,125.8978,128.4731,126.3354,116.6217,112.2018,113.2293,113.5473,114.5513,115.5466,115.8137,116.0599,117.0166,117.9644,118.16,119.084,119.9988,120.9045,121.035,121.9167,122.7891,123.6521
167.8541,165.3031,163.6269,161.9468,159.4014,157.7188,156.0332,154.3448,152.6539,150.9607,148.4317,146.7397,145.8703,144.9899,144.9126,144.814,144.6942,145.3517,144.3903,143.418,143.2173,143.772,143.5222,143.2503,142.9563,142.6401,142.3016,142.6838,137.8709,125.0615,118.236,117.2524,115.5466,114.5513,113.5473,111.84,110.1367,109.1197,108.0944,106.3918,105.3566,104.3134,103.2622,101.5604,100.5004,99.43262,98.35731
91.13732,91.62902,92.08321,93,93.8946,94.76701,95.09474,96.44531,96.71393,98.03503,98.79672,98.97714,100.2539,101.523,103.3651,105.8013,107.0681,108.9285,110.7946,112.0504,114.5427,116.4243,118.3105,120.2013,122.0962,124.6512,125.8978,128.4731,126.3354,116.6217,112.2018,113.2293,113.5473,114.5513,115.5466,115.8137,116.7853,117.7479,117.9644,118.16,119.084,119.9988,120.9045,121.035,121.9167,122.7891,123.6521
167.8541,165.3031,162.7565,161.0807,159.4014,157.7188,155.1805,154.3448,151.8105,150.9607,149.2656,146.7397,145.8703,144.9899,144.9126,145.6231,144.6942,144.553,144.3903,143.418,143.9999,143.772,143.5222,143.2503,142.9563,143.3948,142.3016,142.6838,137.8709,125.0615,118.236,117.2524,115.5466,114.5513,113.5473,111.84,110.8251,109.8017,108.0944,106.3918,105.3566,104.3134,103.2622,101.5604,100.5004,99.43262,98.35731
91.13732,91.62902,92.57563,93,93.8946,94.76701,95.09474,96.44531,97.25123,98.03503,98.24478,98.97714,100.2539,101.523,103.3651,105.2136,107.0681,108.9285,110.7946,112.0504,114.5427,116.4243,118.3105,120.2013,122.0962,124.6512,125.8978,128.4731,126.3354,117.3037,112.2018,113.2293,113.5473,114.5513,115.5466,115.8137,116.7853,117.0166,118.7017,118.9032,119.084,119.9988,120.9045,121.035,121.9167,122.7891,123.6521
167.8541,165.3031,163.6269,161.0807,159.4014,157.7188,155.1805,154.3448,152.6539,150.9607,148.4317,146.7397,145.8703,144.9899,144.9126,144.814,144.6942,144.553,144.3903,143.418,143.9999,143.772,143.5222,143.2503,142.9563,143.3948,142.3016,142.6838,137.8709,125.7928,118.236,117.2524,115.5466,114.5513,113.5473,111.84,110.8251,109.1197,108.77,107.0609,105.3566,104.3134,103.2622,101.5604,100.5004,99.43262,98.35731
91.13732,91.62902,92.08321,93,93.8946,94.76701,95.09474,96.44531,97.25123,98.03503,98.24478,98.97714,100.2539,101.523,103.3651,105.2136,107.0681,109.5303,110.7946,112.0504,114.5427,116.4243,118.3105,120.2013,122.0962,124.6512,126.5604,128.4731,127.011,116.6217,112.2018,113.2293,113.5473,113.8442,114.8333,115.8137,116.7853,117.0166,117.9644,118.16,119.084,119.9988,120.9045,121.035,121.9167,122.7891,123.6521
167.8541,165.3031,162.7565,161.0807,159.4014,157.7188,155.1805,154.3448,152.6539,150.9607,148.4317,146.7397,145.8703,144.9899,144.9126,144.814,144.6942,145.3517,144.3903,143.418,143.9999,143.772,143.5222,143.2503,142.9563,143.3948,143.0505,142.6838,138.6081,125.0615,118.236,117.2524,115.5466,113.8442,112.8464,111.84,110.8251,109.1197,108.0944,106.3918,105.3566,104.3134,103.2622,101.5604,100.5004,99.43262,98.35731
91.13732,91.62902,92.08321,93,93.8946,94.76701,95.09474,96.44531,97.25123,97.49039,98.24478,99.53634,100.2539,101.523,103.3651,105.2136,107.0681,108.9285,110.7946,112.0504,113.9202,116.4243,118.3105,120.2013,122.0962,123.9952,125.8978,128.4731,126.3354,116.6217,112.2018,113.2293,113.5473,114.5513,114.8333,115.8137,116.7853,117.0166,117.9644,118.16,119.084,119.9988,120.1441,121.035,121.9167,122.7891,123.6521
167.8541,165.3031,162.7565,161.0807,159.4014,157.7188,155.1805,154.3448,152.6539,150.122,148.4317,147.5687,145.8703,144.9899,144.9126,144.814,144.6942,144.553,144.3903,143.418,143.2173,143.772,143.5222,143.2503,142.9563,142.6401,142.3016,142.6838,137.8709,125.0615,118.236,117.2524,115.5466,114.5513,112.8464,111.84,110.8251,109.1197,108.0944,106.3918,105.3566,104.3134,102.6128,101.5604,100.5004,99.43262,98.35731
91.13732,91.62902,92.57563,93,93.8946,94.76701,95.09474,96.44531,97.25123,97.49039,98.24478,98.97714,100.2539,101.523,103.3651,105.2136,107.0681,109.5303,110.7946,112.666,114.5427,116.4243,118.3105,120.2013,122.0962,124.6512,126.5604,128.4731,126.3354,116.6217,112.2018,113.2293,113.5473,114.5513,115.5466,115.8137,116.7853,117.0166,117.9644,118.9032,119.084,119.9988,120.9045,121.035,121.9167,122.7891,123.6521
167.8541,165.3031,163.6269,161.0807,159.4014,157.7188,155.1805,154.3448,152.6539,150.122,148.4317,146.7397,145.8703,144.9899,144.9126,144.814,144.6942,145.3517,144.3903,144.206,143.9999,143.772,143.5222,143.2503,142.9563,143.3948,143.0505,142.6838,137.8709,125.0615,118.236,117.2524,115.5466,114.5513,113.5473,111.84,110.8251,109.1197,108.0944,107.0609,105.3566,104.3134,103.2622,101.5604,100.5004,99.43262,98.35731
91.13732,91.62902,92.57563,93,93.8946,94.76701,95.09474,96.44531,97.25123,98.03503,98.24478,99.53634,100.2539,102.0966,103.9458,105.8013,107.0681,109.5303,110.7946,112.0504,114.5427,116.4243,118.3105,120.2013,122.7457,124.6512,126.5604,128.4731,126.3354,116.6217,112.2018,113.2293,113.5473,114.5513,115.5466,115.8137,116.7853,117.0166,117.9644,118.16,119.084,119.9988,120.9045,121.035,121.9167,122.7891,123.6521
167.8541,165.3031,163.6269,161.0807,159.4014,157.7188,155.1805,154.3448,152.6539,150.9607,148.4317,147.5687,145.8703,145.8091,145.7267,145.6231,144.6942,145.3517,144.3903,143.418,143.9999,143.772,143.5222,143.2503,143.7167,143.3948,143.0505,142.6838,137.8709,125.0615,118.236,117.2524,115.5466,114.5513,113.5473,111.84,110.8251,109.1197,108.0944,106.3918,105.3566,104.3134,103.2622,101.5604,100.5004,99.43262,98.35731
