136.2347,131.1909,131.6601,132.1193,133.502,133.9441,134.376,135.7404,135.2092,136.5586,136.9521,137.3352,137.7079,138.07,139.3829,139.7264,141.0252,141.3496,143.6038,142.9384,148.1042,154.2548,160.4162,168.547,168.8399,168.1366,168.4021,166.6823,164.944,164.1766,163.3942,161.6055,161.785,160.9586,160.118,158.268,158.395,157.5129,157.6151,156.7072,157.7835,157.8496,158.9031,159.9452,160.9755,161.9938,163,164.9937,165.9747,166.9428,168.897,169.8382,168.7684
57.82821,54.34105,53.19414,52.04317,51.24662,50.07966,48.90888,48.06819,46.55625,45.69187,44.49845,43.30164,42.10153,40.89821,39.96742,38.74956,37.78758,36.55548,35.80444,34.31647,34.19256,34.19746,34.09752,34.29128,32.81915,31.16227,29.69384,27.89305,26.12456,24.53636,22.96356,21.27577,19.8647,18.33892,16.82908,15.23947,13.85776,12.39654,11.02152,9.584621,8.269081,6.891863,5.54902,4.188312,2.809837,1.413699,0,-1.439878,-2.897099,-4.37155,-5.898015,-7.415296,-8.844777
137.1552,131.1909,131.6601,133.0497,132.5684,133.9441,134.376,134.7977,136.1547,136.5586,136.9521,137.3352,137.7079,138.07,139.3829,139.7264,141.0252,141.3496,142.6335,142.9384,148.1042,154.2548,160.4162,168.547,169.8215,168.1366,168.4021,167.6686,165.9316,165.1656,164.3845,161.6055,161.785,160.9586,159.1235,159.2634,158.395,158.5099,157.6151,156.7072,157.7835,158.8487,158.9031,159.9452,160.9755,161.9938,163,164.9937,165.9747,166.9428,167.8977,169.8382,168.7684
58.21894,54.34105,53.19414,52.40968,50.88825,50.07966,48.90888,47.73438,46.88181,45.69187,44.49845,43.30164,42.10153,40.89821,39.96742,38.74956,37.78758,36.55548,35.56252,34.31647,34.19256,34.19746,34.09752,34.29128,33.00996,31.16227,29.69384,28.05809,26.28099,24.68417,23.10273,21.27577,19.8647,18.33892,16.72455,15.33532,13.85776,12.475,11.02152,9.584621,8.269081,6.935483,5.54902,4.188312,2.809837,1.413699,0,-1.439878,-2.897099,-4.37155,-5.863115,-7.415296,-8.844777
136.2347,131.1909,132.5873,133.0497,133.502,133.9441,134.376,135.7404,135.2092,136.5586,136.9521,137.3352,137.7079,138.07,139.3829,139.7264,141.0252,141.3496,141.6632,143.9107,148.1042,155.2311,160.4162,168.547,169.8215,168.1366,168.4021,165.696,164.944,165.1656,163.3942,162.597,160.7925,160.9586,160.118,160.2588,159.3912,158.5099,157.6151,156.7072,157.7835,158.8487,159.9025,159.9452,160.9755,162.9938,163,164.9937,165.9747,166.9428,167.8977,169.8382,168.7684
57.82821,54.34105,53.56874,52.40968,51.24662,50.07966,48.90888,48.06819,46.55625,45.69187,44.49845,43.30164,42.10153,40.89821,39.96742,38.74956,37.78758,36.55548,35.3206,34.54991,34.19256,34.4139,34.09752,34.29128,33.00996,31.16227,29.69384,27.728,26.12456,24.68417,22.96356,21.4063,19.74283,18.33892,16.82908,15.43117,13.94492,12.475,11.02152,9.584621,8.269081,6.935483,5.583919,4.188312,2.809837,1.422425,0,-1.439878,-2.897099,-4.37155,-5.863115,-7.415296,-8.844777
137.1552,131.1909,131.6601,132.1193,133.502,133.9441,134.376,134.7977,135.2092,136.5586,136.9521,137.3352,137.7079,138.07,139.3829,139.7264,140.0592,141.3496,143.6038,142.9384,148.1042,154.2548,160.4162,168.547,169.8215,168.1366,168.4021,165.696,164.944,165.1656,163.3942,162.597,160.7925,160.9586,160.118,160.2588,158.395,158.5099,157.6151,156.7072,157.7835,158.8487,158.9031,159.9452,160.9755,162.9938,163,164.9937,165.9747,166.9428,167.8977,169.8382,168.7684
58.21894,54.34105,53.19414,52.04317,51.24662,50.07966,48.90888,47.73438,46.55625,45.69187,44.49845,43.30164,42.10153,40.89821,39.96742,38.74956,37.52876,36.55548,35.80444,34.31647,34.19256,34.19746,34.09752,34.29128,33.00996,31.16227,29.69384,27.728,26.12456,24.68417,22.96356,21.4063,19.74283,18.33892,16.82908,15.43117,13.85776,12.475,11.02152,9.584621,8.269081,6.935483,5.54902,4.188312,2.809837,1.422425,0,-1.439878,-2.897099,-4.37155,-5.863115,-7.415296,-8.844777
137.1552,131.1909,131.6601,132.1193,133.502,133.9441,134.376,134.7977,136.1547,136.5586,136.9521,137.3352,137.7079,138.07,139.3829,139.7264,140.0592,141.3496,143.6038,143.9107,148.1042,155.2311,160.4162,168.547,169.8215,168.1366,168.4021,166.6823,164.944,164.1766,163.3942,163.5884,161.785,160.9586,160.118,160.2588,159.3912,158.5099,157.6151,156.7072,157.7835,158.8487,158.9031,160.9448,160.9755,162.9938,163,165.9937,165.9747,167.9424,167.8977,169.8382,168.7684
58.21894,54.34105,53.19414,52.04317,51.24662,50.07966,48.90888,47.73438,46.88181,45.69187,44.49845,43.30164,42.10153,40.89821,39.96742,38.74956,37.52876,36.55548,35.80444,34.54991,34.19256,34.4139,34.09752,34.29128,33.00996,31.16227,29.69384,27.89305,26.12456,24.53636,22.96356,21.53682,19.8647,18.33892,16.82908,15.43117,13.94492,12.475,11.02152,9.584621,8.269081,6.935483,5.54902,4.214489,2.809837,1.422425,0,-1.448605,-2.897099,-4.397727,-5.863115,-7.415296,-8.844777
137.1552,131.1909,132.5873,132.1193,133.502,133.0075,134.376,134.7977,136.1547,136.5586,136.9521,137.3352,137.7079,139.0289,139.3829,139.7264,140.0592,141.3496,142.6335,143.9107,148.1042,154.2548,159.4381,168.547,169.8215,168.1366,167.4173,165.696,165.9316,164.1766,163.3942,161.6055,161.785,160.9586,160.118,158.268,158.395,158.5099,157.6151,156.7072,157.7835,157.8496,159.9025,160.9448,160.9755,161.9938,163,164.9937,165.9747,166.9428,167.8977,168.8391,167.7698
58.21894,54.34105,53.56874,52.04317,51.24662,49.72945,48.90888,47.73438,46.88181,45.69187,44.49845,43.30164,42.10153,41.18222,39.96742,38.74956,37.52876,36.55548,35.56252,34.54991,34.19256,34.19746,33.88961,34.29128,33.00996,31.16227,29.52019,27.728,26.28099,24.53636,22.96356,21.27577,19.8647,18.33892,16.82908,15.23947,13.85776,12.475,11.02152,9.584621,8.269081,6.891863,5.583919,4.214489,2.809837,1.413699,0,-1.439878,-2.897099,-4.37155,-5.863115,-7.371676,-8.792441
136.2347,131.1909,131.6601,133.0497,133.502,133.9441,134.376,134.7977,136.1547,136.5586,136.9521,137.3352,137.7079,139.0289,139.3829,139.7264,140.0592,141.3496,143.6038,143.9107,148.1042,154.2548,160.4162,168.547,169.8215,168.1366,168.4021,166.6823,164.944,165.1656,164.3845,161.6055,160.7925,160.9586,160.118,159.2634,159.3912,158.5099,157.6151,156.7072,157.7835,158.8487,159.9025,159.9452,160.9755,162.9938,163,164.9937,165.9747,166.9428,167.8977,169.8382,168.7684
57.82821,54.34105,53.19414,52.40968,51.24662,50.07966,48.90888,47.73438,46.88181,45.69187,44.49845,43.30164,42.10153,41.18222,39.96742,38.74956,37.52876,36.55548,35.80444,34.54991,34.19256,34.19746,34.09752,34.29128,33.00996,31.16227,29.69384,27.89305,26.12456,24.68417,23.10273,21.27577,19.74283,18.33892,16.82908,15.33532,13.94492,12.475,11.02152,9.584621,8.269081,6.935483,5.583919,4.188312,2.809837,1.422425,0,-1.439878,-2.897099,-4.37155,-5.863115,-7.415296,-8.844777
137.1552,131.1909,131.6601,133.0497,133.502,133.9441,134.376,135.7404,136.1547,136.5586,136.9521,137.3352,137.7079,139.0289,139.3829,139.7264,140.0592,141.3496,143.6038,142.9384,148.1042,154.2548,160.4162,168.547,168.8399,168.1366,167.4173,165.696,165.9316,165.1656,164.3845,162.597,161.785,160.9586,160.118,158.268,157.3988,158.5099,157.6151,156.7072,157.7835,158.8487,159.9025,159.9452,160.9755,161.9938,165,165.9937,166.9746,166.9428,168.897,169.8382,168.7684
58.21894,54.34105,53.19414,52.40968,51.24662,50.07966,48.90888,48.06819,46.88181,45.69187,44.49845,43.30164,42.10153,41.18222,39.96742,38.74956,37.52876,36.55548,35.80444,34.31647,34.19256,34.19746,34.09752,34.29128,32.81915,31.16227,29.52019,27.728,26.28099,24.68417,23.10273,21.4063,19.8647,18.33892,16.82908,15.23947,13.77061,12.475,11.02152,9.584621,8.269081,6.935483,5.583919,4.188312,2.809837,1.413699,0,-1.448605,-2.914552,-4.37155,-5.898015,-7.415296,-8.844777
137.1552,131.1909,131.6601,133.0497,133.502,133.9441,134.376,134.7977,135.2092,136.5586,136.9521,137.3352,137.7079,138.07,139.3829,139.7264,141.0252,141.3496,143.6038,143.9107,148.1042,154.2548,160.4162,168.547,169.8215,168.1366,168.4021,166.6823,164.944,164.1766,164.3845,162.597,161.785,159.9651,159.1235,159.2634,159.3912,158.5099,157.6151,156.7072,157.7835,158.8487,158.9031,159.9452,160.9755,161.9938,163,164.9937,166.9746,166.9428,167.8977,169.8382,168.7684
58.21894,54.34105,53.19414,52.40968,51.24662,50.07966,48.90888,47.73438,46.55625,45.69187,44.49845,43.30164,42.10153,40.89821,39.96742,38.74956,37.78758,36.55548,35.80444,34.54991,34.19256,34.19746,34.09752,34.29128,33.00996,31.16227,29.69384,27.89305,26.12456,24.53636,23.10273,21.4063,19.8647,18.22572,16.72455,15.33532,13.94492,12.475,11.02152,9.584621,8.269081,6.935483,5.54902,4.188312,2.809837,1.413699,0,-1.439878,-2.914552,-4.37155,-5.863115,-7.415296,-8.844777
135.3142,131.1909,131.6601,133.0497,133.502,133.9441,134.376,134.7977,136.1547,136.5586,136.9521,137.3352,137.7079,138.07,139.3829,139.7264,140.0592,141.3496,143.6038,143.9107,148.1042,154.2548,160.4162,168.547,169.8215,168.1366,168.4021,166.6823,164.944,164.1766,164.3845,164.5798,160.7925,160.9586,160.118,160.2588,159.3912,158.5099,157.6151,157.7053,157.7835,158.8487,158.9031,159.9452,160.9755,161.9938,163,164.9937,165.9747,166.9428,168.897,169.8382,168.7684
57.43748,54.34105,53.19414,52.40968,51.24662,50.07966,48.90888,47.73438,46.88181,45.69187,44.49845,43.30164,42.10153,40.89821,39.96742,38.74956,37.52876,36.55548,35.80444,34.54991,34.19256,34.19746,34.09752,34.29128,33.00996,31.16227,29.69384,27.89305,26.12456,24.53636,23.10273,21.66735,19.74283,18.33892,16.82908,15.43117,13.94492,12.475,11.02152,9.645669,8.269081,6.935483,5.54902,4.188312,2.809837,1.413699,0,-1.439878,-2.897099,-4.37155,-5.898015,-7.415296,-8.844777
136.2347,131.1909,131.6601,132.1193,133.502,133.0075,134.376,134.7977,135.2092,136.5586,136.9521,137.3352,137.7079,139.0289,139.3829,139.7264,140.0592,141.3496,142.6335,143.9107,148.1042,154.2548,160.4162,168.547,168.8399,168.1366,168.4021,166.6823,164.944,165.1656,163.3942,161.6055,160.7925,160.9586,160.118,160.2588,158.395,158.5099,157.6151,156.7072,157.7835,158.8487,159.9025,159.9452,160.9755,162.9938,163,164.9937,165.9747,166.9428,167.8977,169.8382,168.7684
57.82821,54.34105,53.19414,52.04317,51.24662,49.72945,48.90888,47.73438,46.55625,45.69187,44.49845,43.30164,42.10153,41.18222,39.96742,38.74956,37.52876,36.55548,35.56252,34.54991,34.19256,34.19746,34.09752,34.29128,32.81915,31.16227,29.69384,27.89305,26.12456,24.68417,22.96356,21.27577,19.74283,18.33892,16.82908,15.43117,13.85776,12.475,11.02152,9.584621,8.269081,6.935483,5.583919,4.188312,2.809837,1.422425,0,-1.439878,-2.897099,-4.37155,-5.863115,-7.415296,-8.844777
136.2347,131.1909,132.5873,133.0497,133.502,133.9441,134.376,134.7977,135.2092,136.5586,136.9521,137.3352,138.6642,139.0289,139.3829,139.7264,140.0592,141.3496,142.6335,143.9107,148.1042,154.2548,160.4162,168.547,169.8215,168.1366,168.4021,166.6823,164.944,164.1766,163.3942,161.6055,161.785,160.9586,160.118,159.2634,159.3912,158.5099,157.6151,157.7053,157.7835,157.8496,158.9031,159.9452,161.9753,162.9938,163,164.9937,165.9747,166.9428,168.897,168.8391,167.7698
57.82821,54.34105,53.56874,52.40968,51.24662,50.07966,48.90888,47.73438,46.55625,45.69187,44.49845,43.30164,42.3939,41.18222,39.96742,38.74956,37.52876,36.55548,35.56252,34.54991,34.19256,34.19746,34.09752,34.29128,33.00996,31.16227,29.69384,27.89305,26.12456,24.53636,22.96356,21.27577,19.8647,18.33892,16.82908,15.33532,13.94492,12.475,11.02152,9.645669,8.269081,6.891863,5.54902,4.188312,2.82729,1.422425,0,-1.439878,-2.897099,-4.37155,-5.898015,-7.371676,-8.792441
136.2347,131.1909,131.6601,133.0497,133.502,133.9441,134.376,134.7977,136.1547,136.5586,136.9521,137.3352,137.7079,138.07,139.3829,139.7264,140.0592,141.3496,140.6929,143.9107,148.1042,155.2311,160.4162,168.547,169.8215,168.1366,167.4173,165.696,164.944,165.1656,163.3942,161.6055,160.7925,160.9586,160.118,159.2634,158.395,158.5099,157.6151,156.7072,157.7835,157.8496,158.9031,160.9448,160.9755,162.9938,163,164.9937,165.9747,166.9428,167.8977,169.8382,168.7684
57.82821,54.34105,53.19414,52.40968,51.24662,50.07966,48.90888,47.73438,46.88181,45.69187,44.49845,43.30164,42.10153,40.89821,39.96742,38.74956,37.52876,36.55548,35.07867,34.54991,34.19256,34.4139,34.09752,34.29128,33.00996,31.16227,29.52019,27.728,26.12456,24.68417,22.96356,21.27577,19.74283,18.33892,16.82908,15.33532,13.85776,12.475,11.02152,9.584621,8.269081,6.891863,5.54902,4.214489,2.809837,1.422425,0,-1.439878,-2.897099,-4.37155,-5.863115,-7.415296,-8.844777
136.2347,131.1909,132.5873,133.0497,133.502,133.9441,134.376,135.7404,136.1547,136.5586,136.9521,137.3352,137.7079,138.07,138.4217,139.7264,140.0592,141.3496,142.6335,143.9107,148.1042,154.2548,160.4162,168.547,168.8399,168.1366,167.4173,165.696,164.944,164.1766,164.3845,161.6055,161.785,160.9586,160.118,160.2588,159.3912,158.5099,157.6151,156.7072,157.7835,157.8496,159.9025,159.9452,160.9755,161.9938,163,164.9937,165.9747,166.9428,167.8977,169.8382,168.7684
57.82821,54.34105,53.56874,52.40968,51.24662,50.07966,48.90888,48.06819,46.88181,45.69187,44.49845,43.30164,42.10153,40.89821,39.69178,38.74956,37.52876,36.55548,35.56252,34.54991,34.19256,34.19746,34.09752,34.29128,32.81915,31.16227,29.52019,27.728,26.12456,24.53636,23.10273,21.27577,19.8647,18.33892,16.82908,15.43117,13.94492,12.475,11.02152,9.584621,8.269081,6.891863,5.583919,4.188312,2.809837,1.413699,0,-1.439878,-2.897099,-4.37155,-5.863115,-7.415296,-8.844777
136.2347,131.1909,131.6601,132.1193,133.502,133.9441,134.376,134.7977,135.2092,136.5586,136.9521,137.3352,137.7079,138.07,139.3829,139.7264,140.0592,141.3496,143.6038,142.9384,148.1042,154.2548,160.4162,168.547,168.8399,168.1366,168.4021,165.696,164.944,164.1766,164.3845,164.5798,161.785,160.9586,161.1125,159.2634,158.395,158.5099,157.6151,156.7072,157.7835,158.8487,158.9031,159.9452,160.9755,161.9938,163,164.9937,165.9747,166.9428,167.8977,169.8382,168.7684
57.82821,54.34105,53.19414,52.04317,51.24662,50.07966,48.90888,47.73438,46.55625,45.69187,44.49845,43.30164,42.10153,40.89821,39.96742,38.74956,37.52876,36.55548,35.80444,34.31647,34.19256,34.19746,34.09752,34.29128,32.81915,31.16227,29.69384,27.728,26.12456,24.53636,23.10273,21.66735,19.8647,18.33892,16.93361,15.33532,13.85776,12.475,11.02152,9.584621,8.269081,6.935483,5.54902,4.188312,2.809837,1.413699,0,-1.439878,-2.897099,-4.37155,-5.863115,-7.415296,-8.844777
136.2347,131.1909,132.5873,133.0497,133.502,133.9441,134.376,134.7977,136.1547,136.5586,136.9521,137.3352,137.7079,138.07,139.3829,139.7264,140.0592,141.3496,143.6038,142.9384,148.1042,154.2548,160.4162,168.547,169.8215,168.1366,167.4173,166.6823,164.944,164.1766,163.3942,161.6055,161.785,160.9586,160.118,159.2634,159.3912,158.5099,157.6151,156.7072,157.7835,157.8496,159.9025,159.9452,160.9755,161.9938,163,164.9937,165.9747,166.9428,167.8977,168.8391,168.7684
57.82821,54.34105,53.56874,52.40968,51.24662,50.07966,48.90888,47.73438,46.88181,45.69187,44.49845,43.30164,42.10153,40.89821,39.96742,38.74956,37.52876,36.55548,35.80444,34.31647,34.19256,34.19746,34.09752,34.29128,33.00996,31.16227,29.52019,27.89305,26.12456,24.53636,22.96356,21.27577,19.8647,18.33892,16.82908,15.33532,13.94492,12.475,11.02152,9.584621,8.269081,6.891863,5.583919,4.188312,2.809837,1.413699,0,-1.439878,-2.897099,-4.37155,-5.863115,-7.371676,-8.844777
137.1552,131.1909,131.6601,133.0497,133.502,133.9441,134.376,134.7977,136.1547,136.5586,136.9521,137.3352,137.7079,138.07,139.3829,139.7264,140.0592,141.3496,142.6335,142.9384,148.1042,154.2548,160.4162,168.547,168.8399,168.1366,168.4021,166.6823,164.944,164.1766,163.3942,161.6055,160.7925,160.9586,160.118,159.2634,158.395,158.5099,157.6151,156.7072,157.7835,158.8487,158.9031,160.9448,160.9755,162.9938,163,164.9937,166.9746,166.9428,167.8977,169.8382,168.7684
58.21894,54.34105,53.19414,52.40968,51.24662,50.07966,48.90888,47.73438,46.88181,45.69187,44.49845,43.30164,42.10153,40.89821,39.96742,38.74956,37.52876,36.55548,35.56252,34.31647,34.19256,34.19746,34.09752,34.29128,32.81915,31.16227,29.69384,27.89305,26.12456,24.53636,22.96356,21.27577,19.74283,18.33892,16.82908,15.33532,13.85776,12.475,11.02152,9.584621,8.269081,6.935483,5.54902,4.214489,2.809837,1.422425,0,-1.439878,-2.914552,-4.37155,-5.863115,-7.415296,-8.844777
137.1552,131.1909,131.6601,133.0497,133.502,133.9441,134.376,134.7977,135.2092,135.6103,136.9521,137.3352,137.7079,138.07,139.3829,139.7264,140.0592,141.3496,143.6038,142.9384,148.1042,154.2548,160.4162,168.547,169.8215,168.1366,168.4021,165.696,165.9316,164.1766,163.3942,162.597,161.785,160.9586,160.118,159.2634,158.395,158.5099,157.6151,156.7072,157.7835,157.8496,158.9031,159.9452,160.9755,161.9938,163,164.9937,165.9747,166.9428,167.8977,169.8382,168.7684
58.21894,54.34105,53.19414,52.40968,51.24662,50.07966,48.90888,47.73438,46.55625,45.37457,44.49845,43.30164,42.10153,40.89821,39.96742,38.74956,37.52876,36.55548,35.80444,34.31647,34.19256,34.19746,34.09752,34.29128,33.00996,31.16227,29.69384,27.728,26.28099,24.53636,22.96356,21.4063,19.8647,18.33892,16.82908,15.33532,13.85776,12.475,11.02152,9.584621,8.269081,6.891863,5.54902,4.188312,2.809837,1.413699,0,-1.439878,-2.897099,-4.37155,-5.863115,-7.415296,-8.844777
137.1552,131.1909,132.5873,132.1193,133.502,133.0075,134.376,134.7977,136.1547,136.5586,136.9521,137.3352,137.7079,138.07,139.3829,139.7264,141.0252,141.3496,142.6335,143.9107,148.1042,154.2548,160.4162,168.547,169.8215,168.1366,168.4021,166.6823,165.9316,164.1766,164.3845,161.6055,161.785,160.9586,160.118,160.2588,159.3912,158.5099,157.6151,157.7053,157.7835,158.8487,159.9025,159.9452,161.9753,162.9938,165,165.9937,166.9746,167.9424,167.8977,169.8382,168.7684
58.21894,54.34105,53.56874,52.04317,51.24662,49.72945,48.90888,47.73438,46.88181,45.69187,44.49845,43.30164,42.10153,40.89821,39.96742,38.74956,37.78758,36.55548,35.56252,34.54991,34.19256,34.19746,34.09752,34.29128,33.00996,31.16227,29.69384,27.89305,26.28099,24.53636,23.10273,21.27577,19.8647,18.33892,16.82908,15.43117,13.94492,12.475,11.02152,9.645669,8.269081,6.935483,5.583919,4.188312,2.82729,1.422425,0,-1.448605,-2.914552,-4.397727,-5.863115,-7.415296,-8.844777
137.1552,131.1909,131.6601,132.1193,133.502,133.9441,134.376,134.7977,135.2092,136.5586,136.9521,137.3352,137.7079,138.07,139.3829,139.7264,140.0592,141.3496,143.6038,143.9107,148.1042,154.2548,160.4162,168.547,168.8399,168.1366,168.4021,165.696,164.944,165.1656,164.3845,162.597,160.7925,160.9586,159.1235,159.2634,158.395,158.5099,157.6151,156.7072,157.7835,157.8496,159.9025,159.9452,160.9755,162.9938,163,164.9937,165.9747,166.9428,167.8977,169.8382,168.7684
58.21894,54.34105,53.19414,52.04317,51.24662,50.07966,48.90888,47.73438,46.55625,45.69187,44.49845,43.30164,42.10153,40.89821,39.96742,38.74956,37.52876,36.55548,35.80444,34.54991,34.19256,34.19746,34.09752,34.29128,32.81915,31.16227,29.69384,27.728,26.12456,24.68417,23.10273,21.4063,19.74283,18.33892,16.72455,15.33532,13.85776,12.475,11.02152,9.584621,8.269081,6.891863,5.583919,4.188312,2.809837,1.422425,0,-1.439878,-2.897099,-4.37155,-5.863115,-7.415296,-8.844777
137.1552,131.1909,131.6601,132.1193,133.502,133.9441,134.376,134.7977,136.1547,136.5586,136.9521,137.3352,137.7079,138.07,139.3829,139.7264,140.0592,141.3496,142.6335,143.9107,148.1042,155.2311,160.4162,168.547,168.8399,168.1366,167.4173,165.696,164.944,164.1766,163.3942,162.597,160.7925,160.9586,160.118,159.2634,159.3912,158.5099,157.6151,156.7072,157.7835,158.8487,159.9025,160.9448,160.9755,162.9938,165,164.9937,165.9747,166.9428,167.8977,169.8382,168.7684
58.21894,54.34105,53.19414,52.04317,51.24662,50.07966,48.90888,47.73438,46.88181,45.69187,44.49845,43.30164,42.10153,40.89821,39.96742,38.74956,37.52876,36.55548,35.56252,34.54991,34.19256,34.4139,34.09752,34.29128,32.81915,31.16227,29.52019,27.728,26.12456,24.53636,22.96356,21.4063,19.74283,18.33892,16.82908,15.33532,13.94492,12.475,11.02152,9.584621,8.269081,6.935483,5.583919,4.214489,2.809837,1.422425,0,-1.439878,-2.897099,-4.37155,-5.863115,-7.415296,-8.844777
