57.78422,55.9054,56.80769,57.68942,58.55057,59.39113,60.21111,61.0105,61.78929,62.97012,64.14615,64.87893,65.59108,66.28261,66.95355,67.60391,69.18802,70.29739,71.89384,73,74.60814,76.74067,77.85229,79.48789,80.59494,82.78513,84.44636,86.11571,88.35937,90.0515,91.17036,93.45786,95.17165,97.49403,98.61935,96.04319,94.62222,91.88078,90.95919,89.34748,87.67549,89.22403,88.79109,89.6635,90.52909,91.38778,92.23951,93.08422,93.92184,94.75231,95.57556,96.39153,97.20017,98.0014,98.79516,99.58141,100.3601,101.1311,101.8944,102.65,104.1693,104.1376
154.5509,145.6385,144.2147,142.7863,141.3536,139.9167,138.4761,137.0318,135.5842,135.0399,134.4852,133.0215,131.5554,130.087,128.6166,127.1445,127.4285,126.8199,127.0719,126.4397,126.6595,127.7179,127.0434,127.2072,126.5087,127.4779,127.5845,127.6718,128.5637,128.6069,127.8161,128.6337,128.6171,129.379,128.5232,122.9297,118.9564,113.4633,110.3423,106.4802,102.6548,102.6405,100.3601,99.58141,98.79516,98.0014,97.20017,96.39153,95.57556,94.75231,93.92184,93.08422,92.23951,91.38778,90.52909,89.6635,88.79109,87.91191,87.02604,86.13354,85.87056,84.32893
57.43401,55.54703,56.80769,57.68942,58.55057,59.39113,60.21111,61.0105,61.78929,62.97012,64.14615,64.44056,65.59108,66.28261,67.4153,68.07338,68.71086,69.81259,71.40142,73.5,74.60814,76.74067,77.85229,79.48789,80.59494,82.78513,84.44636,86.11571,88.35937,90.0515,91.17036,93.45786,95.17165,97.49403,98.01059,96.04319,94.62222,91.88078,91.59526,89.34748,87.67549,89.22403,89.45371,89.6635,90.52909,91.38778,92.92787,93.08422,93.22093,94.75231,95.57556,96.39153,97.20017,98.0014,98.79516,99.58141,100.3601,101.1311,101.8944,103.416,104.9409,104.9147
153.6142,144.705,144.2147,142.7863,141.3536,139.9167,138.4761,137.0318,135.5842,135.0399,134.4852,132.1227,131.5554,130.087,129.5036,128.0274,126.5497,125.9452,126.2016,127.3057,126.6595,127.7179,127.0434,127.2072,126.5087,127.4779,127.5845,127.6718,128.5637,128.6069,127.8161,128.6337,128.6171,129.379,127.7299,122.9297,118.9564,113.4633,111.1139,106.4802,102.6548,102.6405,101.109,99.58141,98.79516,98.0014,97.92554,96.39153,94.86231,94.75231,93.92184,93.08422,92.23951,91.38778,90.52909,89.6635,88.79109,87.91191,87.02604,86.77633,86.50664,84.95825
57.43401,55.9054,56.80769,57.68942,58.55057,59.39113,60.21111,61.0105,61.78929,62.97012,63.71564,64.87893,65.59108,66.28261,66.95355,68.07338,69.18802,70.29739,71.89384,73.5,75.11568,76.74067,77.85229,79.48789,80.59494,82.24049,84.44636,86.11571,88.35937,90.0515,91.17036,93.45786,95.17165,97.49403,98.01059,96.04319,93.99971,92.5101,90.95919,89.34748,87.67549,88.56797,89.45371,89.6635,91.20468,91.38778,92.23951,93.08422,93.92184,94.75231,95.57556,96.39153,97.20017,98.0014,98.79516,99.58141,100.3601,101.1311,101.8944,102.65,104.1693,105.6919
153.6142,145.6385,144.2147,142.7863,141.3536,139.9167,138.4761,137.0318,135.5842,135.0399,133.5826,133.0215,131.5554,130.087,128.6166,128.0274,127.4285,126.8199,127.0719,127.3057,127.5211,127.7179,127.0434,127.2072,126.5087,126.6393,127.5845,127.6718,128.5637,128.6069,127.8161,128.6337,128.6171,129.379,127.7299,122.9297,118.1738,114.2405,110.3423,106.4802,102.6548,101.8858,101.109,99.58141,99.53244,98.0014,97.20017,96.39153,95.57556,94.75231,93.92184,93.08422,92.23951,91.38778,90.52909,89.6635,88.79109,87.91191,87.02604,86.13354,85.87056,85.58757
57.43401,55.9054,56.80769,57.68942,58.55057,59.39113,60.21111,61.0105,61.78929,62.97012,64.14615,64.87893,65.59108,66.28261,67.4153,67.60391,68.71086,70.29739,71.89384,73.5,74.60814,76.22564,77.85229,79.48789,81.13224,83.32977,84.44636,86.11571,88.35937,90.0515,91.75107,93.45786,95.17165,98.09585,98.01059,96.04319,94.62222,91.88078,91.59526,89.34748,87.67549,89.22403,89.45371,89.6635,91.20468,91.38778,92.23951,93.08422,93.92184,94.75231,95.57556,96.39153,97.20017,98.0014,98.79516,99.58141,100.3601,101.1311,101.8944,102.65,104.1693,103.3604
153.6142,145.6385,144.2147,142.7863,141.3536,139.9167,138.4761,137.0318,135.5842,135.0399,134.4852,133.0215,131.5554,130.087,129.5036,127.1445,126.5497,126.8199,127.0719,127.3057,126.6595,126.8608,127.0434,127.2072,127.3521,128.3166,127.5845,127.6718,128.5637,128.6069,128.6303,128.6337,128.6171,130.1776,127.7299,122.9297,118.9564,113.4633,111.1139,106.4802,102.6548,102.6405,101.109,99.58141,99.53244,98.0014,97.20017,96.39153,95.57556,94.75231,93.92184,93.08422,92.23951,91.38778,90.52909,89.6635,88.79109,87.91191,87.02604,86.13354,85.87056,83.69961
57.43401,55.9054,56.80769,57.68942,58.55057,59.39113,60.21111,61.0105,61.78929,62.97012,63.71564,64.87893,65.59108,66.28261,67.4153,67.60391,68.71086,69.81259,71.40142,73,74.60814,76.74067,77.85229,80.01781,81.13224,83.32977,84.44636,86.11571,88.35937,90.0515,91.17036,93.45786,95.17165,97.49403,98.01059,96.04319,94.62222,91.88078,90.95919,89.34748,87.67549,89.22403,89.45371,90.33263,90.52909,91.38778,92.23951,93.08422,93.92184,94.75231,95.57556,96.39153,97.20017,98.0014,98.79516,99.58141,100.3601,101.1311,101.8944,102.65,104.1693,104.1376
153.6142,145.6385,144.2147,142.7863,141.3536,139.9167,138.4761,137.0318,135.5842,135.0399,133.5826,133.0215,131.5554,130.087,129.5036,127.1445,126.5497,125.9452,126.2016,126.4397,126.6595,127.7179,127.0434,128.0553,127.3521,128.3166,127.5845,127.6718,128.5637,128.6069,127.8161,128.6337,128.6171,129.379,127.7299,122.9297,118.9564,113.4633,110.3423,106.4802,102.6548,102.6405,101.109,100.3246,98.79516,98.0014,97.20017,96.39153,95.57556,94.75231,93.92184,93.08422,92.23951,91.38778,90.52909,89.6635,88.79109,87.91191,87.02604,86.13354,85.87056,84.32893
57.78422,55.9054,56.80769,57.68942,58.16788,59.39113,60.21111,61.0105,61.78929,62.97012,64.14615,64.87893,65.59108,66.28261,66.95355,68.07338,68.71086,70.29739,71.89384,73,74.60814,76.74067,77.85229,79.48789,80.59494,83.32977,84.44636,86.11571,88.35937,90.0515,91.75107,93.45786,95.17165,98.09585,98.01059,96.04319,93.99971,92.5101,91.59526,89.34748,88.32493,89.22403,89.45371,90.33263,90.52909,91.38778,92.23951,93.08422,93.92184,94.75231,95.57556,96.39153,97.20017,98.0014,98.79516,99.58141,100.3601,101.1311,101.8944,102.65,104.1693,104.9147
154.5509,145.6385,144.2147,142.7863,140.4297,139.9167,138.4761,137.0318,135.5842,135.0399,134.4852,133.0215,131.5554,130.087,128.6166,128.0274,126.5497,126.8199,127.0719,126.4397,126.6595,127.7179,127.0434,127.2072,126.5087,128.3166,127.5845,127.6718,128.5637,128.6069,128.6303,128.6337,128.6171,130.1776,127.7299,122.9297,118.1738,114.2405,111.1139,106.4802,103.4152,102.6405,101.109,100.3246,98.79516,98.0014,97.20017,96.39153,95.57556,94.75231,93.92184,93.08422,92.23951,91.38778,90.52909,89.6635,88.79109,87.91191,87.02604,86.13354,85.87056,84.95825
57.78422,55.9054,56.80769,57.68942,58.55057,59.39113,60.21111,61.0105,61.78929,62.97012,63.71564,64.44056,65.59108,66.28261,66.95355,68.07338,68.71086,70.29739,71.89384,73,74.60814,76.22564,77.85229,79.48789,80.59494,82.24049,84.44636,86.11571,88.35937,90.0515,91.75107,93.45786,95.76647,97.49403,98.01059,96.04319,93.99971,91.88078,90.95919,89.34748,87.67549,89.22403,89.45371,89.6635,90.52909,91.38778,92.23951,93.08422,93.92184,94.75231,95.57556,96.39153,97.20017,98.0014,98.79516,99.58141,100.3601,101.1311,101.8944,103.416,104.1693,107.2461
154.5509,145.6385,144.2147,142.7863,141.3536,139.9167,138.4761,137.0318,135.5842,135.0399,133.5826,132.1227,131.5554,130.087,128.6166,128.0274,126.5497,126.8199,127.0719,126.4397,126.6595,126.8608,127.0434,127.2072,126.5087,126.6393,127.5845,127.6718,128.5637,128.6069,128.6303,128.6337,129.421,129.379,127.7299,122.9297,118.1738,113.4633,110.3423,106.4802,102.6548,102.6405,101.109,99.58141,98.79516,98.0014,97.20017,96.39153,95.57556,94.75231,93.92184,93.08422,92.23951,91.38778,90.52909,89.6635,88.79109,87.91191,87.02604,86.77633,85.87056,86.84621
57.43401,55.9054,56.80769,57.68942,58.55057,59.39113,60.21111,61.0105,61.78929,62.97012,64.14615,64.44056,65.59108,66.28261,67.4153,68.07338,69.18802,69.81259,71.89384,73,74.60814,76.22564,77.85229,79.48789,80.59494,82.24049,84.44636,86.6749,88.35937,90.0515,91.75107,93.45786,95.17165,97.49403,98.61935,96.04319,94.62222,91.88078,91.59526,89.34748,88.32493,89.22403,88.79109,90.33263,90.52909,92.06978,92.23951,93.08422,93.92184,94.75231,95.57556,96.39153,97.20017,98.0014,98.79516,99.58141,100.3601,101.1311,101.8944,103.416,104.1693,104.1376
153.6142,145.6385,144.2147,142.7863,141.3536,139.9167,138.4761,137.0318,135.5842,135.0399,134.4852,132.1227,131.5554,130.087,129.5036,128.0274,127.4285,125.9452,127.0719,126.4397,126.6595,126.8608,127.0434,127.2072,126.5087,126.6393,127.5845,128.5008,128.5637,128.6069,128.6303,128.6337,128.6171,129.379,128.5232,122.9297,118.9564,113.4633,111.1139,106.4802,103.4152,102.6405,100.3601,100.3246,98.79516,98.73275,97.20017,96.39153,95.57556,94.75231,93.92184,93.08422,92.23951,91.38778,90.52909,89.6635,88.79109,87.91191,87.02604,86.77633,85.87056,84.32893
57.78422,55.9054,56.80769,57.68942,58.55057,59.39113,60.21111,61.0105,61.78929,62.97012,64.14615,64.87893,65.59108,66.28261,66.95355,68.07338,68.71086,70.29739,71.40142,73.5,74.60814,76.74067,77.85229,78.95797,80.59494,82.24049,84.44636,86.11571,88.35937,90.0515,91.17036,93.45786,95.17165,97.49403,98.01059,96.04319,94.62222,91.88078,90.95919,89.34748,87.67549,89.22403,89.45371,89.6635,90.52909,91.38778,92.23951,93.08422,93.92184,94.75231,95.57556,96.39153,97.20017,98.0014,98.79516,99.58141,100.3601,101.1311,101.8944,102.65,104.1693,104.1376
154.5509,145.6385,144.2147,142.7863,141.3536,139.9167,138.4761,137.0318,135.5842,135.0399,134.4852,133.0215,131.5554,130.087,128.6166,128.0274,126.5497,126.8199,126.2016,127.3057,126.6595,127.7179,127.0434,126.3592,126.5087,126.6393,127.5845,127.6718,128.5637,128.6069,127.8161,128.6337,128.6171,129.379,127.7299,122.9297,118.9564,113.4633,110.3423,106.4802,102.6548,102.6405,101.109,99.58141,98.79516,98.0014,97.20017,96.39153,95.57556,94.75231,93.92184,93.08422,92.23951,91.38778,90.52909,89.6635,88.79109,87.91191,87.02604,86.13354,85.87056,84.32893
57.43401,55.9054,56.80769,57.68942,58.55057,59.39113,60.21111,61.0105,61.78929,62.97012,63.71564,64.87893,65.59108,66.28261,67.4153,68.07338,68.71086,69.81259,71.89384,73,74.60814,76.74067,77.85229,79.48789,80.59494,82.78513,84.44636,86.11571,88.35937,90.0515,91.17036,93.45786,95.17165,97.49403,98.01059,96.04319,94.62222,91.88078,91.59526,89.34748,88.32493,89.22403,89.45371,90.33263,90.52909,91.38778,92.23951,93.08422,93.92184,94.75231,96.28881,96.39153,97.20017,98.0014,98.79516,99.58141,100.3601,101.8858,101.8944,103.416,104.1693,104.1376
153.6142,145.6385,144.2147,142.7863,141.3536,139.9167,138.4761,137.0318,135.5842,135.0399,133.5826,133.0215,131.5554,130.087,129.5036,128.0274,126.5497,125.9452,127.0719,126.4397,126.6595,127.7179,127.0434,127.2072,126.5087,127.4779,127.5845,127.6718,128.5637,128.6069,127.8161,128.6337,128.6171,129.379,127.7299,122.9297,118.9564,113.4633,111.1139,106.4802,103.4152,102.6405,101.109,100.3246,98.79516,98.0014,97.20017,96.39153,95.57556,94.75231,94.62275,93.08422,92.23951,91.38778,90.52909,89.6635,88.79109,88.56797,87.02604,86.77633,85.87056,84.32893
57.43401,55.9054,56.80769,57.68942,58.55057,59.39113,60.21111,61.0105,61.78929,62.97012,63.71564,64.87893,65.59108,66.28261,67.4153,68.07338,68.71086,70.29739,71.89384,73.5,75.11568,76.74067,77.85229,78.95797,80.59494,82.78513,84.44636,86.11571,88.35937,90.0515,91.75107,93.45786,95.17165,97.49403,98.01059,96.04319,94.62222,91.88078,91.59526,88.70469,88.32493,89.22403,89.45371,89.6635,91.20468,91.38778,92.23951,93.08422,93.92184,94.75231,95.57556,96.39153,97.20017,98.0014,98.79516,99.58141,100.3601,101.1311,101.8944,102.65,104.1693,104.9147
153.6142,145.6385,144.2147,142.7863,141.3536,139.9167,138.4761,137.0318,135.5842,135.0399,133.5826,133.0215,131.5554,130.087,129.5036,128.0274,126.5497,126.8199,127.0719,127.3057,127.5211,127.7179,127.0434,126.3592,126.5087,127.4779,127.5845,127.6718,128.5637,128.6069,128.6303,128.6337,128.6171,129.379,127.7299,122.9297,118.9564,113.4633,111.1139,105.7141,103.4152,102.6405,101.109,99.58141,99.53244,98.0014,97.20017,96.39153,95.57556,94.75231,93.92184,93.08422,92.23951,91.38778,90.52909,89.6635,88.79109,87.91191,87.02604,86.13354,85.87056,84.95825
57.78422,55.9054,56.44119,57.68942,58.55057,59.39113,60.21111,61.0105,61.78929,62.97012,63.71564,64.44056,65.59108,66.28261,67.4153,68.07338,69.18802,70.29739,71.89384,73.5,74.60814,76.74067,77.85229,79.48789,80.59494,82.24049,84.44636,86.11571,88.35937,90.0515,91.75107,93.45786,95.17165,97.49403,98.01059,96.04319,94.62222,91.88078,91.59526,89.99027,88.32493,88.56797,89.45371,89.6635,90.52909,91.38778,92.23951,93.08422,93.92184,94.75231,95.57556,96.39153,97.20017,98.0014,98.79516,99.58141,100.3601,101.1311,101.8944,102.65,104.9409,104.1376
154.5509,145.6385,143.2843,142.7863,141.3536,139.9167,138.4761,137.0318,135.5842,135.0399,133.5826,132.1227,131.5554,130.087,129.5036,128.0274,127.4285,126.8199,127.0719,127.3057,126.6595,127.7179,127.0434,127.2072,126.5087,126.6393,127.5845,127.6718,128.5637,128.6069,128.6303,128.6337,128.6171,129.379,127.7299,122.9297,118.9564,113.4633,111.1139,107.2462,103.4152,101.8858,101.109,99.58141,98.79516,98.0014,97.20017,96.39153,95.57556,94.75231,93.92184,93.08422,92.23951,91.38778,90.52909,89.6635,88.79109,87.91191,87.02604,86.13354,86.50664,84.32893
57.43401,55.9054,56.44119,57.31481,58.16788,59.39113,60.21111,61.0105,61.78929,62.97012,64.14615,64.44056,65.59108,66.28261,66.95355,67.60391,69.18802,69.81259,71.89384,72.5,75.11568,76.74067,77.32979,78.95797,80.59494,82.24049,84.44636,86.11571,88.35937,90.0515,91.75107,93.45786,95.17165,97.49403,98.01059,96.04319,94.62222,92.5101,91.59526,89.34748,88.32493,89.22403,89.45371,89.6635,90.52909,91.38778,92.23951,93.08422,93.92184,94.75231,95.57556,96.39153,97.20017,98.0014,98.79516,99.58141,100.3601,101.1311,101.134,102.65,104.1693,104.1376
153.6142,145.6385,143.2843,141.8591,140.4297,139.9167,138.4761,137.0318,135.5842,135.0399,134.4852,132.1227,131.5554,130.087,128.6166,127.1445,127.4285,125.9452,127.0719,125.5737,127.5211,127.7179,126.1907,126.3592,126.5087,126.6393,127.5845,127.6718,128.5637,128.6069,128.6303,128.6337,128.6171,129.379,127.7299,122.9297,118.9564,114.2405,111.1139,106.4802,103.4152,102.6405,101.109,99.58141,98.79516,98.0014,97.20017,96.39153,95.57556,94.75231,93.92184,93.08422,92.23951,91.38778,90.52909,89.6635,88.79109,87.91191,86.37659,86.13354,85.87056,84.32893
57.78422,55.9054,56.44119,57.31481,58.16788,59.39113,60.21111,61.0105,61.78929,62.97012,64.14615,64.44056,65.59108,66.28261,66.95355,68.07338,69.18802,69.81259,71.89384,73.5,74.60814,76.22564,77.32979,78.95797,81.13224,82.78513,84.44636,86.11571,88.35937,90.0515,91.75107,93.45786,95.17165,97.49403,98.61935,96.04319,94.62222,91.88078,90.95919,89.99027,87.67549,89.22403,89.45371,89.6635,90.52909,91.38778,92.23951,93.08422,93.92184,94.75231,95.57556,96.39153,97.20017,98.0014,98.79516,99.58141,100.3601,101.1311,101.8944,102.65,104.1693,106.469
154.5509,145.6385,143.2843,141.8591,140.4297,139.9167,138.4761,137.0318,135.5842,135.0399,134.4852,132.1227,131.5554,130.087,128.6166,128.0274,127.4285,125.9452,127.0719,127.3057,126.6595,126.8608,126.1907,126.3592,127.3521,127.4779,127.5845,127.6718,128.5637,128.6069,128.6303,128.6337,128.6171,129.379,128.5232,122.9297,118.9564,113.4633,110.3423,107.2462,102.6548,102.6405,101.109,99.58141,98.79516,98.0014,97.20017,96.39153,95.57556,94.75231,93.92184,93.08422,92.23951,91.38778,90.52909,89.6635,88.79109,87.91191,87.02604,86.13354,85.87056,86.21689
57.78422,55.9054,56.44119,57.31481,58.16788,59.0004,60.21111,61.0105,61.78929,62.97012,63.71564,64.44056,65.59108,66.28261,66.95355,67.60391,68.71086,70.29739,71.40142,73.5,74.60814,76.22564,77.32979,78.95797,80.59494,82.78513,84.44636,86.11571,88.35937,90.0515,91.75107,93.45786,95.17165,97.49403,98.01059,96.04319,94.62222,91.88078,90.95919,89.34748,87.67549,89.22403,89.45371,89.6635,90.52909,91.38778,92.23951,93.08422,93.92184,94.75231,95.57556,96.39153,97.20017,98.0014,98.79516,99.58141,100.3601,101.1311,101.8944,102.65,104.1693,104.9147
154.5509,145.6385,143.2843,141.8591,140.4297,138.9962,138.4761,137.0318,135.5842,135.0399,133.5826,132.1227,131.5554,130.087,128.6166,127.1445,126.5497,126.8199,126.2016,127.3057,126.6595,126.8608,126.1907,126.3592,126.5087,127.4779,127.5845,127.6718,128.5637,128.6069,128.6303,128.6337,128.6171,129.379,127.7299,122.9297,118.9564,113.4633,110.3423,106.4802,102.6548,102.6405,101.109,99.58141,98.79516,98.0014,97.20017,96.39153,95.57556,94.75231,93.92184,93.08422,92.23951,91.38778,90.52909,89.6635,88.79109,87.91191,87.02604,86.13354,85.87056,84.95825
57.78422,55.9054,56.44119,57.31481,58.16788,59.39113,60.21111,61.0105,61.78929,62.97012,64.14615,64.87893,65.59108,66.28261,67.4153,68.07338,68.71086,70.29739,71.89384,73.5,75.11568,76.74067,77.32979,78.95797,80.59494,82.24049,84.44636,86.11571,88.35937,90.0515,91.75107,93.45786,95.17165,97.49403,98.01059,96.04319,94.62222,92.5101,91.59526,89.34748,88.32493,89.22403,89.45371,90.33263,90.52909,91.38778,92.23951,93.08422,94.62275,94.75231,95.57556,96.39153,97.20017,98.0014,98.79516,99.58141,100.3601,101.1311,101.8944,102.65,103.3977,102.5833
154.5509,145.6385,143.2843,141.8591,140.4297,139.9167,138.4761,137.0318,135.5842,135.0399,134.4852,133.0215,131.5554,130.087,129.5036,128.0274,126.5497,126.8199,127.0719,127.3057,127.5211,127.7179,126.1907,126.3592,126.5087,126.6393,127.5845,127.6718,128.5637,128.6069,128.6303,128.6337,128.6171,129.379,127.7299,122.9297,118.9564,114.2405,111.1139,106.4802,103.4152,102.6405,101.109,100.3246,98.79516,98.0014,97.20017,96.39153,96.28881,94.75231,93.92184,93.08422,92.23951,91.38778,90.52909,89.6635,88.79109,87.91191,87.02604,86.13354,85.23448,83.07029
57.78422,55.9054,56.44119,57.31481,58.16788,59.39113,60.21111,61.0105,61.78929,62.97012,64.14615,64.87893,65.59108,66.28261,67.4153,68.07338,68.71086,70.29739,71.89384,73,74.60814,76.22564,77.32979,78.95797,81.13224,82.24049,84.44636,86.11571,88.35937,90.0515,91.75107,93.45786,95.17165,97.49403,98.01059,96.04319,94.62222,91.88078,91.59526,89.34748,88.32493,89.22403,88.79109,89.6635,90.52909,91.38778,92.23951,93.08422,93.92184,94.75231,95.57556,96.39153,97.20017,98.0014,98.79516,100.3246,100.3601,101.1311,101.8944,102.65,103.3977,104.9147
154.5509,145.6385,143.2843,141.8591,140.4297,139.9167,138.4761,137.0318,135.5842,135.0399,134.4852,133.0215,131.5554,130.087,129.5036,128.0274,126.5497,126.8199,127.0719,126.4397,126.6595,126.8608,126.1907,126.3592,127.3521,126.6393,127.5845,127.6718,128.5637,128.6069,128.6303,128.6337,128.6171,129.379,127.7299,122.9297,118.9564,113.4633,111.1139,106.4802,103.4152,102.6405,100.3601,99.58141,98.79516,98.0014,97.20017,96.39153,95.57556,94.75231,93.92184,93.08422,92.23951,91.38778,90.52909,90.33263,88.79109,87.91191,87.02604,86.13354,85.23448,84.95825
57.43401,55.9054,56.44119,57.31481,58.55057,59.0004,60.21111,61.0105,61.78929,62.97012,64.14615,64.87893,65.59108,66.28261,66.95355,67.60391,68.71086,69.81259,71.40142,73.5,74.60814,76.22564,77.32979,78.95797,80.59494,82.24049,84.44636,86.6749,88.35937,90.0515,91.17036,93.45786,95.76647,97.49403,98.61935,96.04319,93.99971,92.5101,90.95919,89.34748,87.67549,89.22403,89.45371,89.6635,90.52909,91.38778,92.23951,93.08422,93.92184,94.75231,95.57556,96.39153,97.20017,98.0014,98.79516,99.58141,100.3601,101.1311,101.8944,102.65,104.1693,104.9147
153.6142,145.6385,143.2843,141.8591,141.3536,138.9962,138.4761,137.0318,135.5842,135.0399,134.4852,133.0215,131.5554,130.087,128.6166,127.1445,126.5497,125.9452,126.2016,127.3057,126.6595,126.8608,126.1907,126.3592,126.5087,126.6393,127.5845,128.5008,128.5637,128.6069,127.8161,128.6337,129.421,129.379,128.5232,122.9297,118.1738,114.2405,110.3423,106.4802,102.6548,102.6405,101.109,99.58141,98.79516,98.0014,97.20017,96.39153,95.57556,94.75231,93.92184,93.08422,92.23951,91.38778,90.52909,89.6635,88.79109,87.91191,87.02604,86.13354,85.87056,84.95825
57.43401,55.9054,56.44119,57.31481,58.55057,59.39113,60.21111,61.0105,61.78929,62.97012,63.71564,64.87893,65.59108,66.28261,67.4153,67.60391,69.18802,69.81259,71.89384,73.5,74.60814,76.22564,77.32979,78.95797,80.59494,82.24049,84.44636,86.11571,88.35937,90.0515,91.75107,93.45786,95.17165,97.49403,98.01059,96.04319,94.62222,91.88078,90.95919,89.34748,88.32493,88.56797,89.45371,89.6635,90.52909,91.38778,92.23951,93.08422,93.92184,94.75231,95.57556,96.39153,97.20017,98.0014,98.79516,99.58141,100.3601,101.1311,101.8944,102.65,104.9409,105.6919
153.6142,145.6385,143.2843,141.8591,141.3536,139.9167,138.4761,137.0318,135.5842,135.0399,133.5826,133.0215,131.5554,130.087,129.5036,127.1445,127.4285,125.9452,127.0719,127.3057,126.6595,126.8608,126.1907,126.3592,126.5087,126.6393,127.5845,127.6718,128.5637,128.6069,128.6303,128.6337,128.6171,129.379,127.7299,122.9297,118.9564,113.4633,110.3423,106.4802,103.4152,101.8858,101.109,99.58141,98.79516,98.0014,97.20017,96.39153,95.57556,94.75231,93.92184,93.08422,92.23951,91.38778,90.52909,89.6635,88.79109,87.91191,87.02604,86.13354,86.50664,85.58757
57.78422,55.9054,56.44119,57.31481,58.55057,59.39113,60.21111,61.0105,61.78929,62.97012,63.71564,64.87893,65.59108,66.28261,67.4153,67.60391,69.18802,70.29739,71.89384,73.5,74.1006,75.7106,77.32979,78.95797,80.59494,82.78513,84.44636,86.11571,88.35937,90.0515,91.75107,93.45786,95.17165,97.49403,98.01059,96.04319,93.99971,91.88078,91.59526,89.34748,87.67549,89.22403,88.79109,89.6635,90.52909,91.38778,92.23951,93.08422,93.92184,94.75231,95.57556,96.39153,97.20017,98.0014,98.79516,99.58141,100.3601,101.1311,102.6548,102.65,103.3977,105.6919
154.5509,145.6385,143.2843,141.8591,141.3536,139.9167,138.4761,137.0318,135.5842,135.0399,133.5826,133.0215,131.5554,130.087,129.5036,127.1445,127.4285,126.8199,127.0719,127.3057,125.7979,126.0036,126.1907,126.3592,126.5087,127.4779,127.5845,127.6718,128.5637,128.6069,128.6303,128.6337,128.6171,129.379,127.7299,122.9297,118.1738,113.4633,111.1139,106.4802,102.6548,102.6405,100.3601,99.58141,98.79516,98.0014,97.20017,96.39153,95.57556,94.75231,93.92184,93.08422,92.23951,91.38778,90.52909,89.6635,88.79109,87.91191,87.67549,86.13354,85.23448,85.58757
57.43401,55.9054,56.44119,57.31481,58.16788,59.39113,60.21111,61.0105,61.78929,62.97012,63.71564,64.44056,65.59108,66.28261,66.95355,68.07338,69.18802,70.29739,71.40142,73.5,74.60814,76.22564,77.32979,78.95797,80.59494,82.78513,84.44636,86.11571,88.35937,90.0515,91.75107,93.45786,95.17165,97.49403,98.61935,96.04319,94.62222,92.5101,91.59526,89.34748,87.67549,89.22403,89.45371,89.6635,91.20468,91.38778,92.23951,93.08422,94.62275,95.45942,95.57556,96.39153,97.20017,98.0014,98.79516,99.58141,100.3601,101.8858,101.8944,103.416,104.1693,105.6919
153.6142,145.6385,143.2843,141.8591,140.4297,139.9167,138.4761,137.0318,135.5842,135.0399,133.5826,132.1227,131.5554,130.087,128.6166,128.0274,127.4285,126.8199,126.2016,127.3057,126.6595,126.8608,126.1907,126.3592,126.5087,127.4779,127.5845,127.6718,128.5637,128.6069,128.6303,128.6337,128.6171,129.379,128.5232,122.9297,118.9564,114.2405,111.1139,106.4802,102.6548,102.6405,101.109,99.58141,99.53244,98.0014,97.20017,96.39153,96.28881,95.45942,93.92184,93.08422,92.23951,91.38778,90.52909,89.6635,88.79109,88.56797,87.02604,86.77633,85.87056,85.58757
57.43401,55.9054,56.44119,57.68942,58.16788,59.39113,60.21111,61.0105,61.78929,62.97012,63.71564,64.87893,65.59108,66.28261,67.4153,68.07338,69.18802,70.29739,71.40142,73,75.11568,76.74067,77.32979,78.95797,80.59494,82.24049,84.44636,86.6749,88.35937,90.0515,91.17036,93.45786,95.17165,97.49403,98.01059,96.04319,93.99971,92.5101,90.95919,89.34748,87.67549,88.56797,89.45371,90.33263,90.52909,92.06978,92.23951,93.08422,93.92184,94.75231,95.57556,95.67219,97.20017,98.0014,98.79516,99.58141,100.3601,101.1311,101.8944,102.65,104.1693,103.3604
153.6142,145.6385,143.2843,142.7863,140.4297,139.9167,138.4761,137.0318,135.5842,135.0399,133.5826,133.0215,131.5554,130.087,129.5036,128.0274,127.4285,126.8199,126.2016,126.4397,127.5211,127.7179,126.1907,126.3592,126.5087,126.6393,127.5845,128.5008,128.5637,128.6069,127.8161,128.6337,128.6171,129.379,127.7299,122.9297,118.1738,114.2405,110.3423,106.4802,102.6548,101.8858,101.109,100.3246,98.79516,98.73275,97.20017,96.39153,95.57556,94.75231,93.92184,92.38956,92.23951,91.38778,90.52909,89.6635,88.79109,87.91191,87.02604,86.13354,85.87056,83.69961
57.43401,55.9054,56.44119,57.68942,58.55057,59.39113,60.21111,61.0105,61.78929,62.97012,64.14615,64.87893,65.59108,66.28261,66.95355,68.07338,69.18802,69.32778,71.89384,73,75.11568,76.74067,77.32979,78.95797,80.59494,82.24049,84.44636,86.11571,88.35937,89.47792,91.17036,93.45786,95.17165,97.49403,98.01059,96.04319,94.62222,91.88078,91.59526,89.34748,87.67549,89.22403,88.79109,89.6635,90.52909,91.38778,92.23951,93.08422,93.92184,94.75231,95.57556,96.39153,97.20017,98.0014,98.79516,99.58141,100.3601,101.1311,101.8944,102.65,104.9409,104.1376
153.6142,145.6385,143.2843,142.7863,141.3536,139.9167,138.4761,137.0318,135.5842,135.0399,134.4852,133.0215,131.5554,130.087,128.6166,128.0274,127.4285,125.0706,127.0719,126.4397,127.5211,127.7179,126.1907,126.3592,126.5087,126.6393,127.5845,127.6718,128.5637,127.7877,127.8161,128.6337,128.6171,129.379,127.7299,122.9297,118.9564,113.4633,111.1139,106.4802,102.6548,102.6405,100.3601,99.58141,98.79516,98.0014,97.20017,96.39153,95.57556,94.75231,93.92184,93.08422,92.23951,91.38778,90.52909,89.6635,88.79109,87.91191,87.02604,86.13354,86.50664,84.32893
57.43401,55.9054,56.80769,57.31481,58.16788,59.39113,60.21111,61.0105,61.78929,62.97012,64.14615,64.87893,65.59108,66.28261,67.4153,68.07338,69.18802,70.29739,71.89384,73,74.60814,76.22564,77.32979,78.95797,80.59494,82.78513,84.44636,86.11571,88.35937,90.0515,91.75107,93.45786,95.17165,97.49403,98.01059,96.04319,94.62222,91.88078,90.95919,89.34748,87.67549,89.22403,89.45371,90.33263,90.52909,91.38778,92.23951,93.08422,93.92184,94.75231,95.57556,96.39153,97.20017,98.0014,98.79516,99.58141,100.3601,101.1311,101.8944,102.65,104.1693,104.1376
153.6142,145.6385,144.2147,141.8591,140.4297,139.9167,138.4761,137.0318,135.5842,135.0399,134.4852,133.0215,131.5554,130.087,129.5036,128.0274,127.4285,126.8199,127.0719,126.4397,126.6595,126.8608,126.1907,126.3592,126.5087,127.4779,127.5845,127.6718,128.5637,128.6069,128.6303,128.6337,128.6171,129.379,127.7299,122.9297,118.9564,113.4633,110.3423,106.4802,102.6548,102.6405,101.109,100.3246,98.79516,98.0014,97.20017,96.39153,95.57556,94.75231,93.92184,93.08422,92.23951,91.38778,90.52909,89.6635,88.79109,87.91191,87.02604,86.13354,85.87056,84.32893
57.43401,55.9054,56.44119,57.68942,58.55057,59.39113,60.21111,61.0105,61.78929,62.97012,64.14615,64.87893,65.59108,66.28261,66.95355,67.60391,69.18802,69.81259,71.40142,73.5,75.11568,76.74067,77.32979,78.95797,80.59494,82.24049,84.44636,86.11571,88.35937,90.0515,91.75107,93.45786,95.17165,97.49403,98.01059,96.04319,94.62222,91.88078,91.59526,89.34748,87.67549,89.22403,89.45371,90.33263,90.52909,91.38778,92.23951,93.08422,93.92184,94.75231,95.57556,96.39153,97.20017,98.0014,98.79516,99.58141,100.3601,101.1311,101.8944,103.416,104.1693,104.1376
153.6142,145.6385,143.2843,142.7863,141.3536,139.9167,138.4761,137.0318,135.5842,135.0399,134.4852,133.0215,131.5554,130.087,128.6166,127.1445,127.4285,125.9452,126.2016,127.3057,127.5211,127.7179,126.1907,126.3592,126.5087,126.6393,127.5845,127.6718,128.5637,128.6069,128.6303,128.6337,128.6171,129.379,127.7299,122.9297,118.9564,113.4633,111.1139,106.4802,102.6548,102.6405,101.109,100.3246,98.79516,98.0014,97.20017,96.39153,95.57556,94.75231,93.92184,93.08422,92.23951,91.38778,90.52909,89.6635,88.79109,87.91191,87.02604,86.77633,85.87056,84.32893
57.78422,55.9054,56.44119,57.68942,58.16788,59.0004,60.21111,61.0105,61.78929,62.97012,63.71564,64.87893,65.59108,66.28261,66.95355,67.60391,68.71086,69.81259,71.89384,73.5,74.60814,76.22564,77.32979,78.95797,80.59494,82.78513,84.44636,86.11571,88.35937,90.0515,91.17036,93.45786,95.17165,97.49403,98.01059,96.04319,93.99971,91.88078,90.95919,89.34748,87.67549,88.56797,89.45371,89.6635,90.52909,91.38778,92.23951,93.08422,93.92184,94.75231,95.57556,96.39153,97.20017,98.0014,98.79516,99.58141,100.3601,101.1311,101.8944,102.65,103.3977,107.2461
154.5509,145.6385,143.2843,142.7863,140.4297,138.9962,138.4761,137.0318,135.5842,135.0399,133.5826,133.0215,131.5554,130.087,128.6166,127.1445,126.5497,125.9452,127.0719,127.3057,126.6595,126.8608,126.1907,126.3592,126.5087,127.4779,127.5845,127.6718,128.5637,128.6069,127.8161,128.6337,128.6171,129.379,127.7299,122.9297,118.1738,113.4633,110.3423,106.4802,102.6548,101.8858,101.109,99.58141,98.79516,98.0014,97.20017,96.39153,95.57556,94.75231,93.92184,93.08422,92.23951,91.38778,90.52909,89.6635,88.79109,87.91191,87.02604,86.13354,85.23448,86.84621
57.43401,55.9054,56.80769,57.31481,58.55057,59.0004,60.21111,61.0105,61.78929,62.97012,64.14615,64.87893,65.59108,66.28261,66.95355,67.60391,68.71086,70.29739,71.89384,73.5,74.60814,76.22564,77.32979,78.95797,81.13224,82.78513,84.44636,86.11571,87.79297,90.0515,91.17036,93.45786,95.17165,97.49403,98.01059,96.04319,94.62222,92.5101,91.59526,89.34748,88.32493,89.22403,89.45371,90.33263,90.52909,91.38778,92.23951,93.08422,93.92184,94.75231,95.57556,96.39153,97.20017,98.0014,98.79516,99.58141,100.3601,101.1311,101.8944,102.65,104.1693,104.1376
153.6142,145.6385,144.2147,141.8591,141.3536,138.9962,138.4761,137.0318,135.5842,135.0399,134.4852,133.0215,131.5554,130.087,128.6166,127.1445,126.5497,126.8199,127.0719,127.3057,126.6595,126.8608,126.1907,126.3592,127.3521,127.4779,127.5845,127.6718,127.7396,128.6069,127.8161,128.6337,128.6171,129.379,127.7299,122.9297,118.9564,114.2405,111.1139,106.4802,103.4152,102.6405,101.109,100.3246,98.79516,98.0014,97.20017,96.39153,95.57556,94.75231,93.92184,93.08422,92.23951,91.38778,90.52909,89.6635,88.79109,87.91191,87.02604,86.13354,85.87056,84.32893
