57.43401,55.9054,56.80769,57.68942,58.16788,59.39113,60.21111,61.0105,61.78929,62.97012,63.71564,64.87893,65.59108,66.28261,67.4153,67.60391,68.71086,70.29739,71.40142,73,74.60814,76.74067,77.85229,79.48789,81.13224,83.32977,84.9983,87.23409,88.92578,90.62508,91.75107,94.04564,95.76647,97.49403,98.01059,96.65885,95.24474,92.5101,90.95919,89.34748,87.67549,89.22403,90.11633,90.33263,91.20468,92.06978,92.92787,93.77888,94.62275,95.45942,96.28881,97.11087,97.92554,98.73275,99.53244,100.3246,101.109,101.8858,102.6548,104.182,104.1693,104.9147
153.6142,145.6385,144.2147,142.7863,140.4297,139.9167,138.4761,137.0318,135.5842,135.0399,133.5826,133.0215,131.5554,130.087,129.5036,127.1445,126.5497,126.8199,126.2016,126.4397,126.6595,127.7179,127.0434,127.2072,127.3521,128.3166,128.4184,129.3299,129.3878,129.426,128.6303,129.4427,129.421,129.379,127.7299,123.7177,119.739,114.2405,110.3423,106.4802,102.6548,102.6405,101.858,100.3246,99.53244,98.73275,97.92554,97.11087,96.28881,95.45942,94.62275,93.77888,92.92787,92.06978,91.20468,90.33263,89.45371,88.56797,87.67549,87.41911,85.87056,84.95825
57.0838,55.9054,56.80769,57.68942,58.55057,59.39113,60.21111,61.0105,61.78929,62.97012,64.14615,64.87893,65.59108,66.28261,67.4153,68.54285,69.18802,70.29739,71.40142,73.5,75.11568,76.74067,77.85229,79.48789,81.13224,83.32977,84.9983,86.6749,88.92578,90.62508,92.33177,94.04564,96.36129,97.49403,98.01059,96.65885,95.24474,93.13942,90.95919,89.34748,87.67549,89.22403,90.11633,91.00176,91.20468,92.06978,92.92787,93.77888,94.62275,95.45942,96.28881,97.11087,97.92554,98.73275,99.53244,100.3246,101.858,101.8858,102.6548,103.416,103.3977,104.1376
152.6776,145.6385,144.2147,142.7863,141.3536,139.9167,138.4761,137.0318,135.5842,135.0399,134.4852,133.0215,131.5554,130.087,129.5036,128.9103,127.4285,126.8199,126.2016,127.3057,127.5211,127.7179,127.0434,127.2072,127.3521,128.3166,128.4184,128.5008,129.3878,129.426,129.4444,129.4427,130.2248,129.379,127.7299,123.7177,119.739,115.0176,110.3423,106.4802,102.6548,102.6405,101.858,101.0677,99.53244,98.73275,97.92554,97.11087,96.28881,95.45942,94.62275,93.77888,92.92787,92.06978,91.20468,90.33263,90.11633,88.56797,87.67549,86.77633,85.23448,84.32893
57.43401,55.9054,56.80769,57.68942,58.55057,59.39113,60.21111,61.0105,61.78929,62.97012,63.71564,64.87893,65.59108,66.28261,67.4153,68.54285,68.71086,69.81259,71.89384,73.5,75.11568,76.74067,77.85229,79.48789,81.13224,83.32977,84.9983,86.6749,88.92578,90.62508,92.33177,94.04564,96.36129,97.49403,98.01059,96.65885,95.24474,92.5101,91.59526,89.34748,87.67549,89.22403,90.11633,91.00176,91.20468,92.06978,92.92787,93.77888,94.62275,95.45942,96.28881,97.11087,97.92554,98.73275,99.53244,100.3246,101.109,101.8858,102.6548,103.416,103.3977,101.8061
153.6142,145.6385,144.2147,142.7863,141.3536,139.9167,138.4761,137.0318,135.5842,135.0399,133.5826,133.0215,131.5554,130.087,129.5036,128.9103,126.5497,125.9452,127.0719,127.3057,127.5211,127.7179,127.0434,127.2072,127.3521,128.3166,128.4184,128.5008,129.3878,129.426,129.4444,129.4427,130.2248,129.379,127.7299,123.7177,119.739,114.2405,111.1139,106.4802,102.6548,102.6405,101.858,101.0677,99.53244,98.73275,97.92554,97.11087,96.28881,95.45942,94.62275,93.77888,92.92787,92.06978,91.20468,90.33263,89.45371,88.56797,87.67549,86.77633,85.23448,82.44097
57.0838,56.26377,56.80769,57.68942,58.55057,59.39113,60.21111,61.0105,61.78929,62.97012,63.71564,64.87893,65.59108,66.28261,67.4153,68.07338,69.18802,69.81259,71.89384,73.5,75.11568,76.74067,77.85229,79.48789,81.13224,83.32977,84.9983,86.6749,88.92578,90.62508,91.75107,93.45786,95.76647,97.49403,98.61935,96.65885,95.24474,92.5101,91.59526,89.99027,88.32493,89.22403,90.11633,91.00176,91.20468,92.06978,92.92787,93.77888,94.62275,95.45942,96.28881,97.11087,97.92554,98.73275,99.53244,100.3246,101.109,101.8858,102.6548,103.416,104.1693,104.1376
152.6776,146.5721,144.2147,142.7863,141.3536,139.9167,138.4761,137.0318,135.5842,135.0399,133.5826,133.0215,131.5554,130.087,129.5036,128.0274,127.4285,125.9452,127.0719,127.3057,127.5211,127.7179,127.0434,127.2072,127.3521,128.3166,128.4184,128.5008,129.3878,129.426,128.6303,128.6337,129.421,129.379,128.5232,123.7177,119.739,114.2405,111.1139,107.2462,103.4152,102.6405,101.858,101.0677,99.53244,98.73275,97.92554,97.11087,96.28881,95.45942,94.62275,93.77888,92.92787,92.06978,91.20468,90.33263,89.45371,88.56797,87.67549,86.77633,85.87056,84.32893
57.43401,56.26377,56.80769,57.68942,58.55057,59.39113,60.21111,61.0105,61.78929,62.97012,64.14615,64.87893,65.59108,66.28261,66.95355,68.54285,69.18802,70.29739,71.89384,73,75.11568,76.74067,77.85229,79.48789,81.13224,83.32977,84.9983,87.23409,88.92578,90.62508,92.33177,94.04564,95.76647,97.49403,98.01059,96.65885,95.24474,92.5101,91.59526,89.34748,88.32493,89.22403,90.11633,91.00176,91.20468,92.75178,92.92787,93.77888,94.62275,95.45942,96.28881,97.83021,97.92554,98.73275,99.53244,100.3246,101.109,101.8858,102.6548,103.416,104.1693,104.1376
153.6142,146.5721,144.2147,142.7863,141.3536,139.9167,138.4761,137.0318,135.5842,135.0399,134.4852,133.0215,131.5554,130.087,128.6166,128.9103,127.4285,126.8199,127.0719,126.4397,127.5211,127.7179,127.0434,127.2072,127.3521,128.3166,128.4184,129.3299,129.3878,129.426,129.4444,129.4427,129.421,129.379,127.7299,123.7177,119.739,114.2405,111.1139,106.4802,103.4152,102.6405,101.858,101.0677,99.53244,99.4641,97.92554,97.11087,96.28881,95.45942,94.62275,94.47354,92.92787,92.06978,91.20468,90.33263,89.45371,88.56797,87.67549,86.77633,85.87056,84.32893
