149.3515,150.6955,152.028,152.6356,153.9387,154.5047,155.7783,156.3028,157.5467,158.0297,159.2437,159.6853,161.6354,163.5844,165.5321,168.2608,171.7863,175.3311,178.0957,181.6717,184.4559,188.0607,186.7667,185.4284,182.3883,180.9532,177.7982,176.2688,175.546,176.4965,177.4336,178.3572,179.2673,181.034,181.9209,182.794,183.6531,185.3853,186.2204,187.0413,187.848,188.6403
154.6581,153.3488,152.028,149.9946,148.6569,146.6195,145.2657,143.2251,141.8557,139.8128,138.4285,136.3841,135.6282,134.8486,134.0452,133.8406,134.2142,134.5363,134.2048,134.4299,134.015,134.1424,130.7754,127.4414,123.0224,119.7703,115.4635,112.2956,109.6933,108.1572,106.6129,105.0604,103.5,102.4241,100.8404,99.24902,97.65009,96.50546,94.88401,93.25534,91.61957,89.97682
149.3515,150.6955,152.028,152.6356,153.9387,154.5047,155.7783,156.3028,157.5467,158.0297,159.2437,159.6853,161.6354,163.5844,166.3092,169.0434,171.7863,175.3311,178.0957,181.6717,184.4559,188.0607,186.7667,185.4284,182.3883,180.1193,177.7982,176.2688,175.546,176.4965,177.4336,179.2189,179.2673,180.1636,181.9209,182.794,183.6531,185.3853,186.2204,187.0413,187.848,187.7377
154.6581,153.3488,152.028,149.9946,148.6569,146.6195,145.2657,143.2251,141.8557,139.8128,138.4285,136.3841,135.6282,134.8486,134.6746,134.4632,134.2142,134.5363,134.2048,134.4299,134.015,134.1424,130.7754,127.4414,123.0224,119.2184,115.4635,112.2956,109.6933,108.1572,106.6129,105.568,103.5,101.9317,100.8404,99.24902,97.65009,96.50546,94.88401,93.25534,91.61957,89.54631
149.3515,150.6955,152.028,153.3488,153.9387,155.2301,155.7783,156.3028,157.5467,158.0297,159.2437,159.6853,161.6354,163.5844,166.3092,168.2608,171.7863,175.3311,178.0957,181.6717,184.4559,188.0607,186.7667,185.4284,182.3883,180.9532,177.7982,176.2688,175.546,175.6439,177.4336,178.3572,179.2673,180.1636,181.9209,182.794,183.6531,184.4983,186.2204,187.0413,188.7467,187.7377
154.6581,153.3488,152.028,150.6955,148.6569,147.3079,145.2657,143.2251,141.8557,139.8128,138.4285,136.3841,135.6282,134.8486,134.6746,133.8406,134.2142,134.5363,134.2048,134.4299,134.015,134.1424,130.7754,127.4414,123.0224,119.7703,115.4635,112.2956,109.6933,107.6347,106.6129,105.0604,103.5,101.9317,100.8404,99.24902,97.65009,96.04371,94.88401,93.25534,92.05794,89.54631
149.3515,150.6955,152.028,153.3488,153.9387,154.5047,155.7783,156.3028,157.5467,158.0297,159.2437,160.4457,161.6354,163.5844,166.3092,168.2608,171.7863,175.3311,177.2971,181.6717,184.4559,188.0607,186.7667,184.6043,182.3883,180.1193,177.7982,176.2688,175.546,176.4965,177.4336,178.3572,179.2673,180.1636,181.9209,182.794,183.6531,185.3853,186.2204,187.0413,187.848,187.7377
154.6581,153.3488,152.028,150.6955,148.6569,146.6195,145.2657,143.2251,141.8557,139.8128,138.4285,137.0335,135.6282,134.8486,134.6746,133.8406,134.2142,134.5363,133.6029,134.4299,134.015,134.1424,130.7754,126.875,123.0224,119.2184,115.4635,112.2956,109.6933,108.1572,106.6129,105.0604,103.5,101.9317,100.8404,99.24902,97.65009,96.50546,94.88401,93.25534,91.61957,89.54631
149.3515,150.6955,152.028,153.3488,153.9387,155.2301,155.7783,156.3028,157.5467,158.0297,159.2437,159.6853,161.6354,163.5844,166.3092,169.0434,171.7863,175.3311,178.0957,181.6717,184.4559,188.0607,186.7667,185.4284,182.3883,180.1193,177.7982,176.2688,175.546,176.4965,177.4336,178.3572,179.2673,181.034,181.9209,182.794,183.6531,184.4983,186.2204,187.0413,188.7467,188.6403
154.6581,153.3488,152.028,150.6955,148.6569,147.3079,145.2657,143.2251,141.8557,139.8128,138.4285,136.3841,135.6282,134.8486,134.6746,134.4632,134.2142,134.5363,134.2048,134.4299,134.015,134.1424,130.7754,127.4414,123.0224,119.2184,115.4635,112.2956,109.6933,108.1572,106.6129,105.0604,103.5,102.4241,100.8404,99.24902,97.65009,96.04371,94.88401,93.25534,92.05794,89.97682
149.3515,150.6955,152.028,152.6356,153.9387,154.5047,155.7783,156.3028,157.5467,158.0297,159.2437,159.6853,161.6354,163.5844,166.3092,168.2608,171.7863,175.3311,178.0957,181.6717,184.4559,188.0607,186.7667,184.6043,182.3883,180.9532,177.7982,176.2688,176.394,176.4965,176.5765,178.3572,179.2673,181.034,181.9209,182.794,183.6531,185.3853,186.2204,187.0413,187.848,187.7377
154.6581,153.3488,152.028,149.9946,148.6569,146.6195,145.2657,143.2251,141.8557,139.8128,138.4285,136.3841,135.6282,134.8486,134.6746,133.8406,134.2142,134.5363,134.2048,134.4299,134.015,134.1424,130.7754,126.875,123.0224,119.7703,115.4635,112.2956,110.2232,108.1572,106.0978,105.0604,103.5,102.4241,100.8404,99.24902,97.65009,96.50546,94.88401,93.25534,91.61957,89.54631
149.3515,150.6955,152.028,153.3488,153.9387,154.5047,155.7783,156.3028,157.5467,158.0297,159.2437,160.4457,161.6354,162.8128,166.3092,168.2608,171.7863,174.5377,177.2971,181.6717,184.4559,188.0607,187.5858,184.6043,182.3883,180.1193,177.7982,176.2688,175.546,176.4965,177.4336,178.3572,180.1333,181.034,181.0463,182.794,183.6531,185.3853,186.2204,187.0413,187.848,187.7377
154.6581,153.3488,152.028,150.6955,148.6569,146.6195,145.2657,143.2251,141.8557,139.8128,138.4285,137.0335,135.6282,134.2125,134.6746,133.8406,134.2142,133.9275,133.6029,134.4299,134.015,134.1424,131.349,126.875,123.0224,119.2184,115.4635,112.2956,109.6933,108.1572,106.6129,105.0604,104,102.4241,100.3556,99.24902,97.65009,96.50546,94.88401,93.25534,91.61957,89.54631
149.3515,150.6955,152.028,152.6356,153.9387,154.5047,155.7783,156.3028,157.5467,158.0297,159.2437,159.6853,161.6354,163.5844,166.3092,168.2608,171.7863,174.5377,178.0957,181.6717,184.4559,188.0607,186.7667,184.6043,182.3883,180.1193,177.7982,176.2688,175.546,176.4965,177.4336,178.3572,179.2673,180.1636,181.9209,182.794,183.6531,184.4983,186.2204,187.0413,188.7467,187.7377
154.6581,153.3488,152.028,149.9946,148.6569,146.6195,145.2657,143.2251,141.8557,139.8128,138.4285,136.3841,135.6282,134.8486,134.6746,133.8406,134.2142,133.9275,134.2048,134.4299,134.015,134.1424,130.7754,126.875,123.0224,119.2184,115.4635,112.2956,109.6933,108.1572,106.6129,105.0604,103.5,101.9317,100.8404,99.24902,97.65009,96.04371,94.88401,93.25534,92.05794,89.54631
149.3515,150.6955,152.028,152.6356,153.9387,154.5047,155.7783,156.3028,156.8036,158.0297,159.2437,160.4457,161.6354,163.5844,165.5321,168.2608,171.7863,175.3311,177.2971,181.6717,183.6469,188.0607,186.7667,185.4284,182.3883,180.9532,177.7982,176.2688,176.394,176.4965,177.4336,178.3572,179.2673,181.034,181.9209,182.794,183.6531,184.4983,186.2204,187.0413,187.848,187.7377
154.6581,153.3488,152.028,149.9946,148.6569,146.6195,145.2657,143.2251,141.1866,139.8128,138.4285,137.0335,135.6282,134.8486,134.0452,133.8406,134.2142,134.5363,133.6029,134.4299,133.4273,134.1424,130.7754,127.4414,123.0224,119.7703,115.4635,112.2956,110.2232,108.1572,106.6129,105.0604,103.5,102.4241,100.8404,99.24902,97.65009,96.04371,94.88401,93.25534,91.61957,89.54631
149.3515,150.6955,152.028,153.3488,153.9387,154.5047,155.7783,156.3028,157.5467,158.0297,159.2437,159.6853,161.6354,163.5844,166.3092,168.2608,171.7863,175.3311,177.2971,181.6717,184.4559,188.0607,186.7667,185.4284,182.3883,180.9532,177.7982,176.2688,175.546,176.4965,177.4336,178.3572,179.2673,181.034,181.9209,182.794,183.6531,185.3853,186.2204,187.0413,188.7467,187.7377
154.6581,153.3488,152.028,150.6955,148.6569,146.6195,145.2657,143.2251,141.8557,139.8128,138.4285,136.3841,135.6282,134.8486,134.6746,133.8406,134.2142,134.5363,133.6029,134.4299,134.015,134.1424,130.7754,127.4414,123.0224,119.7703,115.4635,112.2956,109.6933,108.1572,106.6129,105.0604,103.5,102.4241,100.8404,99.24902,97.65009,96.50546,94.88401,93.25534,92.05794,89.54631
149.3515,150.6955,152.028,152.6356,153.9387,155.2301,155.7783,156.3028,157.5467,158.0297,159.2437,160.4457,161.6354,163.5844,166.3092,168.2608,171.7863,175.3311,178.0957,181.6717,184.4559,188.0607,186.7667,184.6043,182.3883,180.9532,177.7982,176.2688,176.394,176.4965,177.4336,178.3572,179.2673,180.1636,181.9209,182.794,183.6531,184.4983,185.3294,187.0413,188.7467,188.6403
154.6581,153.3488,152.028,149.9946,148.6569,147.3079,145.2657,143.2251,141.8557,139.8128,138.4285,137.0335,135.6282,134.8486,134.6746,133.8406,134.2142,134.5363,134.2048,134.4299,134.015,134.1424,130.7754,126.875,123.0224,119.7703,115.4635,112.2956,110.2232,108.1572,106.6129,105.0604,103.5,101.9317,100.8404,99.24902,97.65009,96.04371,94.43002,93.25534,92.05794,89.97682
149.3515,150.6955,152.028,152.6356,153.9387,155.2301,155.7783,157.0401,157.5467,158.0297,159.2437,159.6853,161.6354,163.5844,165.5321,168.2608,171.7863,175.3311,178.0957,181.6717,184.4559,188.0607,186.7667,184.6043,182.3883,180.1193,177.7982,176.2688,176.394,176.4965,177.4336,178.3572,179.2673,181.034,181.9209,182.794,183.6531,184.4983,186.2204,187.0413,187.848,186.8352
154.6581,153.3488,152.028,149.9946,148.6569,147.3079,145.2657,143.9007,141.8557,139.8128,138.4285,136.3841,135.6282,134.8486,134.0452,133.8406,134.2142,134.5363,134.2048,134.4299,134.015,134.1424,130.7754,126.875,123.0224,119.2184,115.4635,112.2956,110.2232,108.1572,106.6129,105.0604,103.5,102.4241,100.8404,99.24902,97.65009,96.04371,94.88401,93.25534,91.61957,89.1158
149.3515,150.6955,152.028,152.6356,153.9387,155.2301,155.047,156.3028,157.5467,158.0297,159.2437,159.6853,161.6354,163.5844,166.3092,168.2608,171.7863,175.3311,178.0957,181.6717,184.4559,188.0607,187.5858,185.4284,182.3883,180.9532,177.7982,176.2688,175.546,176.4965,177.4336,178.3572,180.1333,181.034,181.9209,182.794,183.6531,184.4983,186.2204,187.0413,188.7467,187.7377
154.6581,153.3488,152.028,149.9946,148.6569,147.3079,144.5837,143.2251,141.8557,139.8128,138.4285,136.3841,135.6282,134.8486,134.6746,133.8406,134.2142,134.5363,134.2048,134.4299,134.015,134.1424,131.349,127.4414,123.0224,119.7703,115.4635,112.2956,109.6933,108.1572,106.6129,105.0604,104,102.4241,100.8404,99.24902,97.65009,96.04371,94.88401,93.25534,92.05794,89.54631
149.3515,150.6955,152.028,153.3488,153.9387,155.2301,155.7783,156.3028,156.8036,158.0297,159.2437,159.6853,161.6354,163.5844,166.3092,168.2608,171.7863,175.3311,177.2971,181.6717,184.4559,188.0607,186.7667,184.6043,182.3883,180.9532,177.7982,176.2688,175.546,176.4965,177.4336,178.3572,179.2673,181.034,181.9209,182.794,183.6531,185.3853,186.2204,187.0413,187.848,187.7377
154.6581,153.3488,152.028,150.6955,148.6569,147.3079,145.2657,143.2251,141.1866,139.8128,138.4285,136.3841,135.6282,134.8486,134.6746,133.8406,134.2142,134.5363,133.6029,134.4299,134.015,134.1424,130.7754,126.875,123.0224,119.7703,115.4635,112.2956,109.6933,108.1572,106.6129,105.0604,103.5,102.4241,100.8404,99.24902,97.65009,96.50546,94.88401,93.25534,91.61957,89.54631
149.3515,150.6955,152.028,152.6356,153.9387,155.2301,155.7783,157.0401,157.5467,158.0297,159.2437,159.6853,161.6354,163.5844,165.5321,168.2608,171.7863,175.3311,178.0957,180.8678,184.4559,188.0607,186.7667,185.4284,182.3883,180.1193,177.7982,176.2688,175.546,176.4965,177.4336,178.3572,179.2673,181.034,181.9209,182.794,183.6531,184.4983,186.2204,187.0413,187.848,187.7377
154.6581,153.3488,152.028,149.9946,148.6569,147.3079,145.2657,143.9007,141.8557,139.8128,138.4285,136.3841,135.6282,134.8486,134.0452,133.8406,134.2142,134.5363,134.2048,133.8351,134.015,134.1424,130.7754,127.4414,123.0224,119.2184,115.4635,112.2956,109.6933,108.1572,106.6129,105.0604,103.5,102.4241,100.8404,99.24902,97.65009,96.04371,94.88401,93.25534,91.61957,89.54631
149.3515,150.6955,152.028,153.3488,153.9387,154.5047,155.7783,156.3028,157.5467,158.0297,159.2437,160.4457,161.6354,163.5844,166.3092,168.2608,171.7863,175.3311,177.2971,180.8678,184.4559,188.0607,186.7667,185.4284,182.3883,180.1193,177.7982,176.2688,176.394,176.4965,177.4336,178.3572,179.2673,181.034,181.9209,182.794,183.6531,184.4983,186.2204,187.0413,187.848,187.7377
154.6581,153.3488,152.028,150.6955,148.6569,146.6195,145.2657,143.2251,141.8557,139.8128,138.4285,137.0335,135.6282,134.8486,134.6746,133.8406,134.2142,134.5363,133.6029,133.8351,134.015,134.1424,130.7754,127.4414,123.0224,119.2184,115.4635,112.2956,110.2232,108.1572,106.6129,105.0604,103.5,102.4241,100.8404,99.24902,97.65009,96.04371,94.88401,93.25534,91.61957,89.54631
149.3515,150.6955,152.028,152.6356,153.9387,154.5047,155.7783,156.3028,157.5467,158.0297,159.2437,159.6853,161.6354,163.5844,166.3092,168.2608,171.7863,175.3311,178.0957,180.8678,184.4559,188.0607,186.7667,185.4284,182.3883,180.9532,177.7982,176.2688,176.394,175.6439,177.4336,178.3572,179.2673,181.034,181.9209,182.794,183.6531,185.3853,186.2204,187.0413,187.848,187.7377
154.6581,153.3488,152.028,149.9946,148.6569,146.6195,145.2657,143.2251,141.8557,139.8128,138.4285,136.3841,135.6282,134.8486,134.6746,133.8406,134.2142,134.5363,134.2048,133.8351,134.015,134.1424,130.7754,127.4414,123.0224,119.7703,115.4635,112.2956,110.2232,107.6347,106.6129,105.0604,103.5,102.4241,100.8404,99.24902,97.65009,96.50546,94.88401,93.25534,91.61957,89.54631
149.3515,150.6955,152.028,152.6356,153.9387,154.5047,155.7783,156.3028,157.5467,158.0297,159.2437,159.6853,161.6354,163.5844,166.3092,169.0434,171.7863,175.3311,177.2971,180.8678,184.4559,188.0607,187.5858,185.4284,182.3883,180.1193,177.7982,176.2688,176.394,176.4965,177.4336,178.3572,179.2673,180.1636,181.0463,182.794,183.6531,185.3853,186.2204,187.0413,187.848,187.7377
154.6581,153.3488,152.028,149.9946,148.6569,146.6195,145.2657,143.2251,141.8557,139.8128,138.4285,136.3841,135.6282,134.8486,134.6746,134.4632,134.2142,134.5363,133.6029,133.8351,134.015,134.1424,131.349,127.4414,123.0224,119.2184,115.4635,112.2956,110.2232,108.1572,106.6129,105.0604,103.5,101.9317,100.3556,99.24902,97.65009,96.50546,94.88401,93.25534,91.61957,89.54631
149.3515,150.6955,152.028,152.6356,153.9387,155.2301,155.7783,156.3028,157.5467,158.0297,159.2437,159.6853,161.6354,163.5844,166.3092,168.2608,171.7863,175.3311,177.2971,181.6717,184.4559,188.0607,187.5858,184.6043,182.3883,180.9532,177.7982,176.2688,175.546,176.4965,177.4336,178.3572,179.2673,180.1636,181.9209,182.794,183.6531,184.4983,186.2204,187.0413,187.848,187.7377
154.6581,153.3488,152.028,149.9946,148.6569,147.3079,145.2657,143.2251,141.8557,139.8128,138.4285,136.3841,135.6282,134.8486,134.6746,133.8406,134.2142,134.5363,133.6029,134.4299,134.015,134.1424,131.349,126.875,123.0224,119.7703,115.4635,112.2956,109.6933,108.1572,106.6129,105.0604,103.5,101.9317,100.8404,99.24902,97.65009,96.04371,94.88401,93.25534,91.61957,89.54631
149.3515,150.6955,152.028,153.3488,153.9387,154.5047,155.7783,157.0401,157.5467,158.0297,159.2437,159.6853,161.6354,163.5844,166.3092,168.2608,171.7863,175.3311,178.0957,181.6717,184.4559,188.0607,186.7667,184.6043,182.3883,180.9532,177.7982,176.2688,176.394,176.4965,177.4336,178.3572,179.2673,180.1636,181.9209,182.794,183.6531,185.3853,186.2204,187.0413,187.848,187.7377
154.6581,153.3488,152.028,150.6955,148.6569,146.6195,145.2657,143.9007,141.8557,139.8128,138.4285,136.3841,135.6282,134.8486,134.6746,133.8406,134.2142,134.5363,134.2048,134.4299,134.015,134.1424,130.7754,126.875,123.0224,119.7703,115.4635,112.2956,110.2232,108.1572,106.6129,105.0604,103.5,101.9317,100.8404,99.24902,97.65009,96.50546,94.88401,93.25534,91.61957,89.54631
149.3515,150.6955,152.028,153.3488,153.9387,154.5047,155.7783,156.3028,157.5467,158.0297,159.2437,159.6853,161.6354,163.5844,166.3092,168.2608,171.7863,175.3311,178.0957,181.6717,184.4559,188.0607,186.7667,185.4284,182.3883,180.1193,177.7982,176.2688,175.546,176.4965,177.4336,178.3572,179.2673,181.034,181.9209,182.794,183.6531,184.4983,186.2204,187.0413,188.7467,187.7377
154.6581,153.3488,152.028,150.6955,148.6569,146.6195,145.2657,143.2251,141.8557,139.8128,138.4285,136.3841,135.6282,134.8486,134.6746,133.8406,134.2142,134.5363,134.2048,134.4299,134.015,134.1424,130.7754,127.4414,123.0224,119.2184,115.4635,112.2956,109.6933,108.1572,106.6129,105.0604,103.5,102.4241,100.8404,99.24902,97.65009,96.04371,94.88401,93.25534,92.05794,89.54631
149.3515,150.6955,152.028,152.6356,153.9387,154.5047,155.7783,156.3028,157.5467,158.0297,159.2437,159.6853,161.6354,163.5844,166.3092,168.2608,171.7863,175.3311,177.2971,181.6717,184.4559,188.0607,186.7667,185.4284,182.3883,180.9532,177.7982,176.2688,175.546,176.4965,177.4336,178.3572,179.2673,180.1636,181.9209,182.794,184.536,185.3853,186.2204,187.0413,187.848,186.8352
154.6581,153.3488,152.028,149.9946,148.6569,146.6195,145.2657,143.2251,141.8557,139.8128,138.4285,136.3841,135.6282,134.8486,134.6746,133.8406,134.2142,134.5363,133.6029,134.4299,134.015,134.1424,130.7754,127.4414,123.0224,119.7703,115.4635,112.2956,109.6933,108.1572,106.6129,105.0604,103.5,101.9317,100.8404,99.24902,98.11956,96.50546,94.88401,93.25534,91.61957,89.1158
149.3515,150.6955,152.028,153.3488,153.9387,155.2301,155.7783,156.3028,157.5467,158.0297,159.2437,159.6853,161.6354,163.5844,165.5321,168.2608,171.7863,174.5377,177.2971,180.8678,183.6469,188.0607,187.5858,185.4284,182.3883,180.1193,177.7982,175.4254,175.546,176.4965,177.4336,178.3572,180.1333,181.034,181.9209,182.794,183.6531,184.4983,186.2204,187.0413,188.7467,187.7377
154.6581,153.3488,152.028,150.6955,148.6569,147.3079,145.2657,143.2251,141.8557,139.8128,138.4285,136.3841,135.6282,134.8486,134.0452,133.8406,134.2142,133.9275,133.6029,133.8351,133.4273,134.1424,131.349,127.4414,123.0224,119.2184,115.4635,111.7583,109.6933,108.1572,106.6129,105.0604,104,102.4241,100.8404,99.24902,97.65009,96.04371,94.88401,93.25534,92.05794,89.54631
149.3515,150.6955,152.028,153.3488,153.9387,154.5047,155.7783,156.3028,157.5467,158.0297,159.2437,159.6853,161.6354,163.5844,166.3092,168.2608,171.7863,175.3311,177.2971,181.6717,184.4559,188.0607,187.5858,184.6043,182.3883,180.1193,177.7982,176.2688,175.546,176.4965,177.4336,178.3572,179.2673,180.1636,181.9209,182.794,183.6531,184.4983,186.2204,187.0413,188.7467,187.7377
154.6581,153.3488,152.028,150.6955,148.6569,146.6195,145.2657,143.2251,141.8557,139.8128,138.4285,136.3841,135.6282,134.8486,134.6746,133.8406,134.2142,134.5363,133.6029,134.4299,134.015,134.1424,131.349,126.875,123.0224,119.2184,115.4635,112.2956,109.6933,108.1572,106.6129,105.0604,103.5,101.9317,100.8404,99.24902,97.65009,96.04371,94.88401,93.25534,92.05794,89.54631
150.0462,150.6955,152.028,153.3488,153.9387,154.5047,155.7783,156.3028,157.5467,158.0297,159.2437,159.6853,161.6354,163.5844,165.5321,168.2608,171.7863,175.3311,178.0957,181.6717,184.4559,188.0607,187.5858,185.4284,182.3883,180.9532,177.7982,176.2688,175.546,176.4965,177.4336,178.3572,179.2673,181.034,181.9209,182.794,183.6531,184.4983,186.2204,187.0413,187.848,188.6403
155.3774,153.3488,152.028,150.6955,148.6569,146.6195,145.2657,143.2251,141.8557,139.8128,138.4285,136.3841,135.6282,134.8486,134.0452,133.8406,134.2142,134.5363,134.2048,134.4299,134.015,134.1424,131.349,127.4414,123.0224,119.7703,115.4635,112.2956,109.6933,108.1572,106.6129,105.0604,103.5,102.4241,100.8404,99.24902,97.65009,96.04371,94.88401,93.25534,91.61957,89.97682
149.3515,150.6955,152.028,152.6356,153.9387,154.5047,155.7783,156.3028,156.8036,158.0297,159.2437,159.6853,161.6354,163.5844,166.3092,168.2608,171.7863,175.3311,178.0957,181.6717,184.4559,188.0607,187.5858,184.6043,182.3883,180.9532,177.7982,176.2688,175.546,176.4965,177.4336,178.3572,179.2673,180.1636,181.9209,182.794,184.536,184.4983,185.3294,187.0413,187.848,188.6403
154.6581,153.3488,152.028,149.9946,148.6569,146.6195,145.2657,143.2251,141.1866,139.8128,138.4285,136.3841,135.6282,134.8486,134.6746,133.8406,134.2142,134.5363,134.2048,134.4299,134.015,134.1424,131.349,126.875,123.0224,119.7703,115.4635,112.2956,109.6933,108.1572,106.6129,105.0604,103.5,101.9317,100.8404,99.24902,98.11956,96.04371,94.43002,93.25534,91.61957,89.97682
149.3515,150.6955,152.028,153.3488,153.9387,155.2301,155.7783,156.3028,157.5467,158.0297,159.2437,159.6853,161.6354,162.8128,165.5321,168.2608,171.7863,175.3311,178.0957,181.6717,184.4559,188.0607,186.7667,184.6043,182.3883,180.9532,177.7982,176.2688,175.546,176.4965,177.4336,178.3572,179.2673,180.1636,181.9209,182.794,183.6531,184.4983,186.2204,187.0413,188.7467,187.7377
154.6581,153.3488,152.028,150.6955,148.6569,147.3079,145.2657,143.2251,141.8557,139.8128,138.4285,136.3841,135.6282,134.2125,134.0452,133.8406,134.2142,134.5363,134.2048,134.4299,134.015,134.1424,130.7754,126.875,123.0224,119.7703,115.4635,112.2956,109.6933,108.1572,106.6129,105.0604,103.5,101.9317,100.8404,99.24902,97.65009,96.04371,94.88401,93.25534,92.05794,89.54631
149.3515,150.6955,152.028,153.3488,153.9387,155.2301,155.7783,156.3028,157.5467,158.0297,159.2437,159.6853,161.6354,163.5844,166.3092,169.0434,171.7863,174.5377,177.2971,180.8678,184.4559,188.0607,186.7667,184.6043,182.3883,180.9532,177.7982,176.2688,175.546,176.4965,177.4336,178.3572,179.2673,180.1636,181.9209,182.794,183.6531,184.4983,186.2204,187.0413,187.848,187.7377
154.6581,153.3488,152.028,150.6955,148.6569,147.3079,145.2657,143.2251,141.8557,139.8128,138.4285,136.3841,135.6282,134.8486,134.6746,134.4632,134.2142,133.9275,133.6029,133.8351,134.015,134.1424,130.7754,126.875,123.0224,119.7703,115.4635,112.2956,109.6933,108.1572,106.6129,105.0604,103.5,101.9317,100.8404,99.24902,97.65009,96.04371,94.88401,93.25534,91.61957,89.54631
149.3515,150.6955,152.028,152.6356,153.9387,155.2301,155.7783,156.3028,157.5467,158.0297,159.2437,159.6853,161.6354,163.5844,166.3092,168.2608,171.7863,175.3311,178.0957,180.8678,184.4559,188.0607,187.5858,185.4284,182.3883,180.1193,177.7982,176.2688,176.394,176.4965,177.4336,178.3572,179.2673,181.034,181.0463,182.794,183.6531,184.4983,186.2204,187.0413,187.848,186.8352
154.6581,153.3488,152.028,149.9946,148.6569,147.3079,145.2657,143.2251,141.8557,139.8128,138.4285,136.3841,135.6282,134.8486,134.6746,133.8406,134.2142,134.5363,134.2048,133.8351,134.015,134.1424,131.349,127.4414,123.0224,119.2184,115.4635,112.2956,110.2232,108.1572,106.6129,105.0604,103.5,102.4241,100.3556,99.24902,97.65009,96.04371,94.88401,93.25534,91.61957,89.1158
149.3515,150.6955,152.028,153.3488,153.9387,155.2301,155.7783,156.3028,157.5467,158.0297,159.2437,160.4457,161.6354,163.5844,165.5321,168.2608,171.7863,174.5377,178.0957,181.6717,184.4559,188.0607,186.7667,184.6043,182.3883,180.9532,177.7982,176.2688,175.546,176.4965,177.4336,178.3572,179.2673,180.1636,181.9209,182.794,183.6531,184.4983,185.3294,187.0413,187.848,186.8352
154.6581,153.3488,152.028,150.6955,148.6569,147.3079,145.2657,143.2251,141.8557,139.8128,138.4285,137.0335,135.6282,134.8486,134.0452,133.8406,134.2142,133.9275,134.2048,134.4299,134.015,134.1424,130.7754,126.875,123.0224,119.7703,115.4635,112.2956,109.6933,108.1572,106.6129,105.0604,103.5,101.9317,100.8404,99.24902,97.65009,96.04371,94.43002,93.25534,91.61957,89.1158
