153.6249,153.5253,152.4178,153.291,153.1564,152.0165,152.8521,152.6825,152.5013,152.3084,152.104,151.888,151.6604,152.4045,151.1706,151.8883,151.6129,151.3259,152.9761,154.6068,159.1285,161.6807,167.1052,170.5626,176.8722,182.1757,189.3483,189.7897,188.3092,184.9231,183.4306,180.0445,178.5416,177.031,175.5131,173.0577,171.529,169.07,167.5319,165.0708,164.4382,161.9731,160.4165,158.855,156.3902,154.8236,153.2531,152.5659,150.984,150.2777,150.4346,150.5715,150.6884,150.7851,150.8614,150.9173,150.9526,150.9671,150.9607,150.9333,155.03
-10.7425,-12.0827,-13.33483,-14.76025,-16.09738,-17.32009,-18.76788,-20.10103,-21.43266,-22.76265,-24.09091,-25.41733,-26.74182,-28.24651,-29.38459,-30.90203,-32.22631,-33.54814,-35.31732,-37.11781,-39.67519,-41.81346,-44.77569,-47.30119,-50.71727,-53.96292,-57.8896,-59.84045,-61.18536,-61.87441,-63.16022,-63.75711,-64.98383,-66.1892,-67.37317,-68.16923,-69.30222,-70.03107,-71.11307,-71.77483,-73.2126,-73.8154,-74.80343,-75.76995,-76.27658,-77.19222,-78.08637,-79.42076,-80.27964,-81.59415,-83.38725,-85.18928,-87,-88.81921,-90.6467,-92.48225,-94.32563,-96.17663,-98.03503,-99.90059,-104.5691
153.6249,153.5253,152.4178,153.291,153.1564,153.0101,152.8521,152.6825,152.5013,152.3084,152.104,151.888,151.6604,151.4213,151.1706,150.9084,150.6347,151.3259,152.9761,155.5792,158.1582,162.6488,167.1052,171.5262,175.9109,182.1757,189.3483,189.7897,187.3581,185.8714,183.4306,180.9872,179.4813,177.031,175.5131,173.0577,171.529,169.07,167.5319,165.0708,164.4382,161.9731,160.4165,157.9524,156.3902,154.8236,153.2531,151.6789,150.984,150.2777,150.4346,150.5715,150.6884,150.7851,150.8614,150.9173,150.9526,150.9671,151.7994,150.9333,155.03
-10.7425,-12.0827,-13.33483,-14.76025,-16.09738,-17.43329,-18.76788,-20.10103,-21.43266,-22.76265,-24.09091,-25.41733,-26.74182,-28.06427,-29.38459,-30.70266,-32.0184,-33.54814,-35.31732,-37.35126,-39.43327,-42.06384,-44.77569,-47.56843,-50.44164,-53.96292,-57.8896,-59.84045,-60.87635,-62.19171,-63.16022,-64.09092,-65.32585,-66.1892,-67.37317,-68.16923,-69.30222,-70.03107,-71.11307,-71.77483,-73.2126,-73.8154,-74.80343,-75.33944,-76.27658,-77.19222,-78.08637,-78.95901,-80.27964,-81.59415,-83.38725,-85.18928,-87,-88.81921,-90.6467,-92.48225,-94.32563,-96.17663,-98.57967,-99.90059,-104.5691
153.6249,153.5253,153.414,153.291,153.1564,153.0101,152.8521,152.6825,152.5013,152.3084,152.104,151.888,151.6604,151.4213,151.1706,150.9084,151.6129,151.3259,152.9761,154.6068,158.1582,162.6488,168.0711,171.5262,176.8722,182.1757,189.3483,189.7897,188.3092,185.8714,183.4306,180.0445,179.4813,176.0944,175.5131,173.0577,171.529,169.07,167.5319,165.0708,163.5246,161.9731,160.4165,158.855,156.3902,154.8236,153.2531,151.6789,150.984,150.2777,150.4346,150.5715,150.6884,150.7851,150.8614,150.9173,150.9526,150.9671,151.7994,151.7672,155.03
-10.7425,-12.0827,-13.42198,-14.76025,-16.09738,-17.43329,-18.76788,-20.10103,-21.43266,-22.76265,-24.09091,-25.41733,-26.74182,-28.06427,-29.38459,-30.70266,-32.22631,-33.54814,-35.31732,-37.11781,-39.43327,-42.06384,-45.03451,-47.56843,-50.71727,-53.96292,-57.8896,-59.84045,-61.18536,-62.19171,-63.16022,-63.75711,-65.32585,-65.83899,-67.37317,-68.16923,-69.30222,-70.03107,-71.11307,-71.77483,-72.80586,-73.8154,-74.80343,-75.76995,-76.27658,-77.19222,-78.08637,-78.95901,-80.27964,-81.59415,-83.38725,-85.18928,-87,-88.81921,-90.6467,-92.48225,-94.32563,-96.17663,-98.57967,-100.4525,-104.5691
153.6249,153.5253,153.414,153.291,153.1564,153.0101,152.8521,152.6825,152.5013,152.3084,152.104,151.888,151.6604,151.4213,151.1706,150.9084,151.6129,151.3259,152.9761,154.6068,158.1582,162.6488,167.1052,171.5262,175.9109,182.1757,189.3483,189.7897,187.3581,185.8714,183.4306,180.9872,179.4813,177.031,174.5795,173.0577,171.529,169.07,167.5319,165.0708,163.5246,161.9731,160.4165,157.9524,156.3902,154.8236,153.2531,151.6789,150.984,150.2777,150.4346,150.5715,150.6884,150.7851,150.8614,150.9173,150.9526,151.8105,150.9607,151.7672,155.03
-10.7425,-12.0827,-13.42198,-14.76025,-16.09738,-17.43329,-18.76788,-20.10103,-21.43266,-22.76265,-24.09091,-25.41733,-26.74182,-28.06427,-29.38459,-30.70266,-32.22631,-33.54814,-35.31732,-37.11781,-39.43327,-42.06384,-44.77569,-47.56843,-50.44164,-53.96292,-57.8896,-59.84045,-60.87635,-62.19171,-63.16022,-64.09092,-65.32585,-66.1892,-67.01481,-68.16923,-69.30222,-70.03107,-71.11307,-71.77483,-72.80586,-73.8154,-74.80343,-75.33944,-76.27658,-77.19222,-78.08637,-78.95901,-80.27964,-81.59415,-83.38725,-85.18928,-87,-88.81921,-90.6467,-92.48225,-94.32563,-96.71393,-98.03503,-100.4525,-104.5691
153.6249,152.5284,152.4178,152.2956,153.1564,153.0101,152.8521,152.6825,152.5013,152.3084,152.104,151.888,151.6604,151.4213,151.1706,150.9084,151.6129,151.3259,152.9761,154.6068,158.1582,162.6488,167.1052,171.5262,175.9109,182.1757,189.3483,189.7897,187.3581,185.8714,182.4851,180.0445,178.5416,176.0944,175.5131,173.0577,171.529,169.07,167.5319,165.0708,163.5246,161.9731,160.4165,158.855,156.3902,154.8236,153.2531,151.6789,150.984,150.2777,150.4346,150.5715,150.6884,150.7851,150.8614,150.9173,150.9526,150.9671,151.7994,151.7672,155.03
-10.7425,-12.00424,-13.33483,-14.6644,-16.09738,-17.43329,-18.76788,-20.10103,-21.43266,-22.76265,-24.09091,-25.41733,-26.74182,-28.06427,-29.38459,-30.70266,-32.22631,-33.54814,-35.31732,-37.11781,-39.43327,-42.06384,-44.77569,-47.56843,-50.44164,-53.96292,-57.8896,-59.84045,-60.87635,-62.19171,-62.83465,-63.75711,-64.98383,-65.83899,-67.37317,-68.16923,-69.30222,-70.03107,-71.11307,-71.77483,-72.80586,-73.8154,-74.80343,-75.76995,-76.27658,-77.19222,-78.08637,-78.95901,-80.27964,-81.59415,-83.38725,-85.18928,-87,-88.81921,-90.6467,-92.48225,-94.32563,-96.17663,-98.57967,-100.4525,-104.5691
153.6249,153.5253,153.414,153.291,153.1564,153.0101,152.8521,152.6825,152.5013,152.3084,152.104,151.888,151.6604,151.4213,151.1706,150.9084,151.6129,151.3259,152.9761,154.6068,158.1582,162.6488,167.1052,171.5262,175.9109,182.1757,189.3483,189.7897,188.3092,185.8714,183.4306,180.0445,178.5416,177.031,175.5131,173.0577,171.529,169.07,167.5319,165.0708,163.5246,161.9731,160.4165,157.9524,156.3902,154.8236,153.2531,151.6789,150.984,150.2777,150.4346,150.5715,150.6884,150.7851,150.8614,150.9173,150.9526,151.8105,151.7994,151.7672,155.03
-10.7425,-12.0827,-13.42198,-14.76025,-16.09738,-17.43329,-18.76788,-20.10103,-21.43266,-22.76265,-24.09091,-25.41733,-26.74182,-28.06427,-29.38459,-30.70266,-32.22631,-33.54814,-35.31732,-37.11781,-39.43327,-42.06384,-44.77569,-47.56843,-50.44164,-53.96292,-57.8896,-59.84045,-61.18536,-62.19171,-63.16022,-63.75711,-64.98383,-66.1892,-67.37317,-68.16923,-69.30222,-70.03107,-71.11307,-71.77483,-72.80586,-73.8154,-74.80343,-75.33944,-76.27658,-77.19222,-78.08637,-78.95901,-80.27964,-81.59415,-83.38725,-85.18928,-87,-88.81921,-90.6467,-92.48225,-94.32563,-96.71393,-98.57967,-100.4525,-104.5691
153.6249,153.5253,153.414,153.291,153.1564,153.0101,152.8521,152.6825,152.5013,152.3084,152.104,151.888,151.6604,151.4213,151.1706,150.9084,150.6347,151.3259,152.9761,154.6068,159.1285,162.6488,167.1052,170.5626,175.9109,183.1346,189.3483,189.7897,187.3581,184.9231,183.4306,180.0445,178.5416,176.0944,175.5131,173.0577,170.6018,169.07,167.5319,165.0708,163.5246,161.9731,160.4165,157.9524,156.3902,154.8236,153.2531,151.6789,150.984,150.2777,150.4346,150.5715,150.6884,150.7851,150.8614,150.9173,150.9526,150.9671,150.9607,151.7672,155.03
-10.7425,-12.0827,-13.42198,-14.76025,-16.09738,-17.43329,-18.76788,-20.10103,-21.43266,-22.76265,-24.09091,-25.41733,-26.74182,-28.06427,-29.38459,-30.70266,-32.0184,-33.54814,-35.31732,-37.11781,-39.67519,-42.06384,-44.77569,-47.30119,-50.44164,-54.24693,-57.8896,-59.84045,-60.87635,-61.87441,-63.16022,-63.75711,-64.98383,-65.83899,-67.37317,-68.16923,-68.92761,-70.03107,-71.11307,-71.77483,-72.80586,-73.8154,-74.80343,-75.33944,-76.27658,-77.19222,-78.08637,-78.95901,-80.27964,-81.59415,-83.38725,-85.18928,-87,-88.81921,-90.6467,-92.48225,-94.32563,-96.17663,-98.03503,-100.4525,-104.5691
152.6273,153.5253,152.4178,153.291,153.1564,153.0101,152.8521,152.6825,152.5013,152.3084,152.104,151.888,151.6604,151.4213,151.1706,150.9084,151.6129,151.3259,152.9761,154.6068,158.1582,161.6807,167.1052,171.5262,175.9109,183.1346,189.3483,188.836,187.3581,185.8714,183.4306,180.9872,178.5416,177.031,173.646,173.0577,171.529,169.07,166.6114,165.0708,163.5246,161.9731,160.4165,157.9524,156.3902,154.8236,153.2531,151.6789,150.984,150.2777,150.4346,150.5715,150.6884,149.9235,150.8614,150.9173,150.9526,150.9671,150.9607,151.7672,155.03
-10.67274,-12.0827,-13.33483,-14.76025,-16.09738,-17.43329,-18.76788,-20.10103,-21.43266,-22.76265,-24.09091,-25.41733,-26.74182,-28.06427,-29.38459,-30.70266,-32.22631,-33.54814,-35.31732,-37.11781,-39.43327,-41.81346,-44.77569,-47.56843,-50.44164,-54.24693,-57.8896,-59.53975,-60.87635,-62.19171,-63.16022,-64.09092,-64.98383,-66.1892,-66.65644,-68.16923,-69.30222,-70.03107,-70.72233,-71.77483,-72.80586,-73.8154,-74.80343,-75.33944,-76.27658,-77.19222,-78.08637,-78.95901,-80.27964,-81.59415,-83.38725,-85.18928,-87,-88.31168,-90.6467,-92.48225,-94.32563,-96.17663,-98.03503,-100.4525,-104.5691
153.6249,153.5253,152.4178,153.291,153.1564,153.0101,152.8521,152.6825,152.5013,152.3084,152.104,151.888,151.6604,151.4213,151.1706,150.9084,150.6347,151.3259,152.9761,154.6068,159.1285,162.6488,167.1052,171.5262,175.9109,182.1757,189.3483,189.7897,187.3581,185.8714,182.4851,180.9872,178.5416,176.0944,175.5131,173.0577,170.6018,169.07,167.5319,165.0708,163.5246,161.9731,160.4165,158.855,156.3902,154.8236,153.2531,151.6789,150.984,150.2777,150.4346,150.5715,150.6884,150.7851,150.8614,150.9173,150.9526,150.9671,151.7994,151.7672,155.03
-10.7425,-12.0827,-13.33483,-14.76025,-16.09738,-17.43329,-18.76788,-20.10103,-21.43266,-22.76265,-24.09091,-25.41733,-26.74182,-28.06427,-29.38459,-30.70266,-32.0184,-33.54814,-35.31732,-37.11781,-39.67519,-42.06384,-44.77569,-47.56843,-50.44164,-53.96292,-57.8896,-59.84045,-60.87635,-62.19171,-62.83465,-64.09092,-64.98383,-65.83899,-67.37317,-68.16923,-68.92761,-70.03107,-71.11307,-71.77483,-72.80586,-73.8154,-74.80343,-75.76995,-76.27658,-77.19222,-78.08637,-78.95901,-80.27964,-81.59415,-83.38725,-85.18928,-87,-88.81921,-90.6467,-92.48225,-94.32563,-96.17663,-98.57967,-100.4525,-104.5691
153.6249,152.5284,152.4178,153.291,153.1564,153.0101,152.8521,152.6825,152.5013,153.2975,153.0917,151.888,151.6604,151.4213,151.1706,151.8883,151.6129,151.3259,152.9761,154.6068,158.1582,162.6488,167.1052,172.4899,175.9109,183.1346,189.3483,189.7897,187.3581,185.8714,182.4851,180.9872,178.5416,177.031,175.5131,173.0577,171.529,169.07,167.5319,165.0708,163.5246,161.9731,160.4165,157.9524,156.3902,154.8236,153.2531,151.6789,150.1011,150.2777,150.4346,150.5715,150.6884,150.7851,150.8614,150.9173,150.9526,150.9671,151.7994,151.7672,155.03
-10.7425,-12.00424,-13.33483,-14.76025,-16.09738,-17.43329,-18.76788,-20.10103,-21.43266,-22.91046,-24.24734,-25.41733,-26.74182,-28.06427,-29.38459,-30.90203,-32.22631,-33.54814,-35.31732,-37.11781,-39.43327,-42.06384,-44.77569,-47.83567,-50.44164,-54.24693,-57.8896,-59.84045,-60.87635,-62.19171,-62.83465,-64.09092,-64.98383,-66.1892,-67.37317,-68.16923,-69.30222,-70.03107,-71.11307,-71.77483,-72.80586,-73.8154,-74.80343,-75.33944,-76.27658,-77.19222,-78.08637,-78.95901,-79.81017,-81.59415,-83.38725,-85.18928,-87,-88.81921,-90.6467,-92.48225,-94.32563,-96.17663,-98.57967,-100.4525,-104.5691
153.6249,153.5253,152.4178,153.291,153.1564,153.0101,152.8521,152.6825,152.5013,152.3084,152.104,151.888,151.6604,151.4213,151.1706,150.9084,150.6347,151.3259,152.9761,154.6068,158.1582,162.6488,167.1052,171.5262,175.9109,183.1346,189.3483,189.7897,187.3581,185.8714,183.4306,180.0445,179.4813,177.031,175.5131,173.0577,171.529,169.07,167.5319,165.0708,163.5246,161.9731,160.4165,157.9524,156.3902,154.8236,153.2531,151.6789,150.984,150.2777,150.4346,150.5715,150.6884,150.7851,150.8614,150.9173,150.9526,150.9671,150.9607,151.7672,155.03
-10.7425,-12.0827,-13.33483,-14.76025,-16.09738,-17.43329,-18.76788,-20.10103,-21.43266,-22.76265,-24.09091,-25.41733,-26.74182,-28.06427,-29.38459,-30.70266,-32.0184,-33.54814,-35.31732,-37.11781,-39.43327,-42.06384,-44.77569,-47.56843,-50.44164,-54.24693,-57.8896,-59.84045,-60.87635,-62.19171,-63.16022,-63.75711,-65.32585,-66.1892,-67.37317,-68.16923,-69.30222,-70.03107,-71.11307,-71.77483,-72.80586,-73.8154,-74.80343,-75.33944,-76.27658,-77.19222,-78.08637,-78.95901,-80.27964,-81.59415,-83.38725,-85.18928,-87,-88.81921,-90.6467,-92.48225,-94.32563,-96.17663,-98.03503,-100.4525,-104.5691
153.6249,152.5284,153.414,153.291,153.1564,153.0101,152.8521,152.6825,152.5013,152.3084,152.104,151.888,151.6604,151.4213,151.1706,150.9084,150.6347,151.3259,152.9761,154.6068,158.1582,162.6488,167.1052,171.5262,175.9109,183.1346,189.3483,189.7897,187.3581,185.8714,182.4851,180.0445,178.5416,176.0944,175.5131,173.0577,171.529,169.07,167.5319,165.0708,164.4382,161.9731,160.4165,157.9524,156.3902,154.8236,153.2531,151.6789,150.984,150.2777,150.4346,150.5715,150.6884,150.7851,150.8614,150.9173,150.9526,151.8105,151.7994,151.7672,155.03
-10.7425,-12.00424,-13.42198,-14.76025,-16.09738,-17.43329,-18.76788,-20.10103,-21.43266,-22.76265,-24.09091,-25.41733,-26.74182,-28.06427,-29.38459,-30.70266,-32.0184,-33.54814,-35.31732,-37.11781,-39.43327,-42.06384,-44.77569,-47.56843,-50.44164,-54.24693,-57.8896,-59.84045,-60.87635,-62.19171,-62.83465,-63.75711,-64.98383,-65.83899,-67.37317,-68.16923,-69.30222,-70.03107,-71.11307,-71.77483,-73.2126,-73.8154,-74.80343,-75.33944,-76.27658,-77.19222,-78.08637,-78.95901,-80.27964,-81.59415,-83.38725,-85.18928,-87,-88.81921,-90.6467,-92.48225,-94.32563,-96.71393,-98.57967,-100.4525,-104.5691
153.6249,152.5284,153.414,153.291,153.1564,153.0101,152.8521,152.6825,152.5013,152.3084,152.104,151.888,151.6604,151.4213,151.1706,150.9084,150.6347,151.3259,152.9761,154.6068,158.1582,162.6488,167.1052,172.4899,175.9109,182.1757,189.3483,189.7897,187.3581,184.9231,182.4851,180.9872,179.4813,176.0944,175.5131,173.0577,171.529,169.07,167.5319,165.0708,163.5246,161.9731,160.4165,158.855,156.3902,154.8236,153.2531,151.6789,150.984,150.2777,150.4346,150.5715,150.6884,150.7851,150.8614,150.9173,150.9526,150.9671,150.9607,151.7672,155.03
-10.7425,-12.00424,-13.42198,-14.76025,-16.09738,-17.43329,-18.76788,-20.10103,-21.43266,-22.76265,-24.09091,-25.41733,-26.74182,-28.06427,-29.38459,-30.70266,-32.0184,-33.54814,-35.31732,-37.11781,-39.43327,-42.06384,-44.77569,-47.83567,-50.44164,-53.96292,-57.8896,-59.84045,-60.87635,-61.87441,-62.83465,-64.09092,-65.32585,-65.83899,-67.37317,-68.16923,-69.30222,-70.03107,-71.11307,-71.77483,-72.80586,-73.8154,-74.80343,-75.76995,-76.27658,-77.19222,-78.08637,-78.95901,-80.27964,-81.59415,-83.38725,-85.18928,-87,-88.81921,-90.6467,-92.48225,-94.32563,-96.17663,-98.03503,-100.4525,-104.5691
153.6249,152.5284,153.414,153.291,153.1564,153.0101,152.8521,152.6825,152.5013,152.3084,152.104,151.888,151.6604,151.4213,151.1706,151.8883,151.6129,151.3259,152.0017,154.6068,158.1582,162.6488,167.1052,170.5626,175.9109,182.1757,189.3483,189.7897,187.3581,185.8714,183.4306,180.0445,179.4813,176.0944,174.5795,173.0577,171.529,169.07,167.5319,165.0708,163.5246,161.9731,160.4165,157.9524,156.3902,154.8236,153.2531,151.6789,150.984,150.2777,150.4346,150.5715,150.6884,150.7851,150.8614,150.9173,150.9526,151.8105,150.9607,151.7672,155.03
-10.7425,-12.00424,-13.42198,-14.76025,-16.09738,-17.43329,-18.76788,-20.10103,-21.43266,-22.76265,-24.09091,-25.41733,-26.74182,-28.06427,-29.38459,-30.90203,-32.22631,-33.54814,-35.09236,-37.11781,-39.43327,-42.06384,-44.77569,-47.30119,-50.44164,-53.96292,-57.8896,-59.84045,-60.87635,-62.19171,-63.16022,-63.75711,-65.32585,-65.83899,-67.01481,-68.16923,-69.30222,-70.03107,-71.11307,-71.77483,-72.80586,-73.8154,-74.80343,-75.33944,-76.27658,-77.19222,-78.08637,-78.95901,-80.27964,-81.59415,-83.38725,-85.18928,-87,-88.81921,-90.6467,-92.48225,-94.32563,-96.71393,-98.03503,-100.4525,-104.5691
153.6249,152.5284,153.414,153.291,152.1618,153.0101,152.8521,152.6825,152.5013,152.3084,152.104,152.8743,151.6604,151.4213,151.1706,151.8883,150.6347,151.3259,152.9761,155.5792,158.1582,162.6488,167.1052,171.5262,175.9109,183.1346,189.3483,189.7897,187.3581,185.8714,183.4306,180.9872,178.5416,177.031,175.5131,173.0577,171.529,169.07,167.5319,165.0708,163.5246,161.9731,160.4165,157.9524,156.3902,154.8236,153.2531,151.6789,150.984,150.2777,150.4346,150.5715,150.6884,149.9235,150.8614,150.9173,150.9526,150.9671,150.9607,151.7672,155.03
-10.7425,-12.00424,-13.42198,-14.76025,-15.99285,-17.43329,-18.76788,-20.10103,-21.43266,-22.76265,-24.09091,-25.58238,-26.74182,-28.06427,-29.38459,-30.90203,-32.0184,-33.54814,-35.31732,-37.35126,-39.43327,-42.06384,-44.77569,-47.56843,-50.44164,-54.24693,-57.8896,-59.84045,-60.87635,-62.19171,-63.16022,-64.09092,-64.98383,-66.1892,-67.37317,-68.16923,-69.30222,-70.03107,-71.11307,-71.77483,-72.80586,-73.8154,-74.80343,-75.33944,-76.27658,-77.19222,-78.08637,-78.95901,-80.27964,-81.59415,-83.38725,-85.18928,-87,-88.31168,-90.6467,-92.48225,-94.32563,-96.17663,-98.03503,-100.4525,-104.5691
153.6249,152.5284,152.4178,153.291,153.1564,153.0101,152.8521,152.6825,152.5013,152.3084,153.0917,151.888,152.6452,151.4213,152.1522,150.9084,150.6347,151.3259,152.9761,154.6068,158.1582,162.6488,167.1052,171.5262,175.9109,183.1346,189.3483,189.7897,187.3581,184.9231,182.4851,180.9872,179.4813,177.031,173.646,173.0577,171.529,169.07,167.5319,165.0708,164.4382,161.9731,160.4165,157.9524,156.3902,154.8236,153.2531,151.6789,150.984,150.2777,150.4346,150.5715,150.6884,150.7851,150.8614,150.9173,150.9526,150.9671,150.9607,150.9333,155.03
-10.7425,-12.00424,-13.33483,-14.76025,-16.09738,-17.43329,-18.76788,-20.10103,-21.43266,-22.76265,-24.24734,-25.41733,-26.91547,-28.06427,-29.57539,-30.70266,-32.0184,-33.54814,-35.31732,-37.11781,-39.43327,-42.06384,-44.77569,-47.56843,-50.44164,-54.24693,-57.8896,-59.84045,-60.87635,-61.87441,-62.83465,-64.09092,-65.32585,-66.1892,-66.65644,-68.16923,-69.30222,-70.03107,-71.11307,-71.77483,-73.2126,-73.8154,-74.80343,-75.33944,-76.27658,-77.19222,-78.08637,-78.95901,-80.27964,-81.59415,-83.38725,-85.18928,-87,-88.81921,-90.6467,-92.48225,-94.32563,-96.17663,-98.03503,-99.90059,-104.5691
153.6249,153.5253,152.4178,153.291,153.1564,153.0101,152.8521,152.6825,152.5013,152.3084,153.0917,152.8743,151.6604,151.4213,151.1706,150.9084,151.6129,151.3259,152.9761,154.6068,158.1582,162.6488,167.1052,171.5262,175.9109,183.1346,189.3483,189.7897,187.3581,185.8714,182.4851,181.9298,179.4813,177.031,174.5795,173.0577,171.529,169.07,167.5319,165.0708,163.5246,161.9731,160.4165,157.9524,156.3902,154.8236,153.2531,151.6789,150.984,150.2777,150.4346,150.5715,149.8224,150.7851,150.8614,150.9173,150.9526,150.9671,150.9607,151.7672,155.03
-10.7425,-12.0827,-13.33483,-14.76025,-16.09738,-17.43329,-18.76788,-20.10103,-21.43266,-22.76265,-24.24734,-25.58238,-26.74182,-28.06427,-29.38459,-30.70266,-32.22631,-33.54814,-35.31732,-37.11781,-39.43327,-42.06384,-44.77569,-47.56843,-50.44164,-54.24693,-57.8896,-59.84045,-60.87635,-62.19171,-62.83465,-64.42472,-65.32585,-66.1892,-67.01481,-68.16923,-69.30222,-70.03107,-71.11307,-71.77483,-72.80586,-73.8154,-74.80343,-75.33944,-76.27658,-77.19222,-78.08637,-78.95901,-80.27964,-81.59415,-83.38725,-85.18928,-86.5,-88.81921,-90.6467,-92.48225,-94.32563,-96.17663,-98.03503,-100.4525,-104.5691
153.6249,153.5253,153.414,152.2956,153.1564,153.0101,152.8521,152.6825,152.5013,152.3084,152.104,151.888,151.6604,151.4213,151.1706,150.9084,150.6347,151.3259,152.9761,154.6068,158.1582,162.6488,167.1052,171.5262,175.9109,183.1346,189.3483,189.7897,187.3581,184.9231,182.4851,180.9872,179.4813,176.0944,175.5131,173.0577,171.529,169.07,167.5319,165.0708,163.5246,161.9731,160.4165,158.855,156.3902,154.8236,153.2531,151.6789,150.984,150.2777,150.4346,150.5715,150.6884,150.7851,150.8614,150.9173,150.9526,150.9671,150.9607,151.7672,155.03
-10.7425,-12.0827,-13.42198,-14.6644,-16.09738,-17.43329,-18.76788,-20.10103,-21.43266,-22.76265,-24.09091,-25.41733,-26.74182,-28.06427,-29.38459,-30.70266,-32.0184,-33.54814,-35.31732,-37.11781,-39.43327,-42.06384,-44.77569,-47.56843,-50.44164,-54.24693,-57.8896,-59.84045,-60.87635,-61.87441,-62.83465,-64.09092,-65.32585,-65.83899,-67.37317,-68.16923,-69.30222,-70.03107,-71.11307,-71.77483,-72.80586,-73.8154,-74.80343,-75.76995,-76.27658,-77.19222,-78.08637,-78.95901,-80.27964,-81.59415,-83.38725,-85.18928,-87,-88.81921,-90.6467,-92.48225,-94.32563,-96.17663,-98.03503,-100.4525,-104.5691
152.6273,152.5284,152.4178,152.2956,153.1564,153.0101,152.8521,152.6825,152.5013,152.3084,152.104,151.888,151.6604,151.4213,151.1706,150.9084,151.6129,151.3259,152.9761,154.6068,158.1582,162.6488,167.1052,171.5262,175.9109,182.1757,189.3483,189.7897,187.3581,185.8714,183.4306,180.9872,178.5416,176.0944,175.5131,173.0577,170.6018,169.07,167.5319,165.0708,163.5246,161.9731,160.4165,157.9524,156.3902,154.8236,153.2531,151.6789,150.984,150.2777,150.4346,150.5715,150.6884,150.7851,150.8614,150.9173,150.9526,150.9671,151.7994,151.7672,155.03
-10.67274,-12.00424,-13.33483,-14.6644,-16.09738,-17.43329,-18.76788,-20.10103,-21.43266,-22.76265,-24.09091,-25.41733,-26.74182,-28.06427,-29.38459,-30.70266,-32.22631,-33.54814,-35.31732,-37.11781,-39.43327,-42.06384,-44.77569,-47.56843,-50.44164,-53.96292,-57.8896,-59.84045,-60.87635,-62.19171,-63.16022,-64.09092,-64.98383,-65.83899,-67.37317,-68.16923,-68.92761,-70.03107,-71.11307,-71.77483,-72.80586,-73.8154,-74.80343,-75.33944,-76.27658,-77.19222,-78.08637,-78.95901,-80.27964,-81.59415,-83.38725,-85.18928,-87,-88.81921,-90.6467,-92.48225,-94.32563,-96.17663,-98.57967,-100.4525,-104.5691
153.6249,152.5284,152.4178,153.291,153.1564,153.0101,152.8521,152.6825,152.5013,152.3084,152.104,151.888,151.6604,151.4213,151.1706,150.9084,151.6129,151.3259,152.9761,154.6068,158.1582,162.6488,167.1052,171.5262,175.9109,182.1757,189.3483,189.7897,187.3581,185.8714,183.4306,180.9872,179.4813,177.031,174.5795,173.0577,171.529,169.07,167.5319,165.0708,163.5246,161.9731,160.4165,158.855,156.3902,154.8236,153.2531,151.6789,150.984,150.2777,150.4346,150.5715,150.6884,150.7851,150.8614,150.9173,150.9526,150.9671,150.9607,151.7672,155.03
-10.7425,-12.00424,-13.33483,-14.76025,-16.09738,-17.43329,-18.76788,-20.10103,-21.43266,-22.76265,-24.09091,-25.41733,-26.74182,-28.06427,-29.38459,-30.70266,-32.22631,-33.54814,-35.31732,-37.11781,-39.43327,-42.06384,-44.77569,-47.56843,-50.44164,-53.96292,-57.8896,-59.84045,-60.87635,-62.19171,-63.16022,-64.09092,-65.32585,-66.1892,-67.01481,-68.16923,-69.30222,-70.03107,-71.11307,-71.77483,-72.80586,-73.8154,-74.80343,-75.76995,-76.27658,-77.19222,-78.08637,-78.95901,-80.27964,-81.59415,-83.38725,-85.18928,-87,-88.81921,-90.6467,-92.48225,-94.32563,-96.17663,-98.03503,-100.4525,-104.5691
153.6249,153.5253,152.4178,152.2956,153.1564,153.0101,152.8521,152.6825,152.5013,152.3084,152.104,151.888,151.6604,151.4213,151.1706,150.9084,151.6129,151.3259,152.9761,154.6068,158.1582,162.6488,167.1052,171.5262,175.9109,183.1346,189.3483,189.7897,187.3581,184.9231,182.4851,180.9872,178.5416,177.031,174.5795,173.0577,171.529,169.07,167.5319,165.0708,163.5246,161.9731,160.4165,157.9524,156.3902,154.8236,153.2531,151.6789,150.984,150.2777,150.4346,150.5715,150.6884,150.7851,150.8614,150.9173,150.9526,150.9671,150.9607,151.7672,155.03
-10.7425,-12.0827,-13.33483,-14.6644,-16.09738,-17.43329,-18.76788,-20.10103,-21.43266,-22.76265,-24.09091,-25.41733,-26.74182,-28.06427,-29.38459,-30.70266,-32.22631,-33.54814,-35.31732,-37.11781,-39.43327,-42.06384,-44.77569,-47.56843,-50.44164,-54.24693,-57.8896,-59.84045,-60.87635,-61.87441,-62.83465,-64.09092,-64.98383,-66.1892,-67.01481,-68.16923,-69.30222,-70.03107,-71.11307,-71.77483,-72.80586,-73.8154,-74.80343,-75.33944,-76.27658,-77.19222,-78.08637,-78.95901,-80.27964,-81.59415,-83.38725,-85.18928,-87,-88.81921,-90.6467,-92.48225,-94.32563,-96.17663,-98.03503,-100.4525,-104.5691
153.6249,153.5253,152.4178,153.291,153.1564,153.0101,152.8521,152.6825,152.5013,152.3084,152.104,151.888,151.6604,151.4213,151.1706,150.9084,151.6129,151.3259,152.9761,154.6068,158.1582,161.6807,167.1052,172.4899,175.9109,183.1346,189.3483,189.7897,187.3581,184.9231,182.4851,180.9872,178.5416,176.0944,174.5795,173.0577,171.529,169.07,167.5319,165.0708,163.5246,161.9731,160.4165,157.9524,156.3902,154.8236,153.2531,151.6789,150.984,150.2777,150.4346,150.5715,150.6884,150.7851,150.8614,150.9173,150.9526,150.9671,150.9607,150.0994,155.03
-10.7425,-12.0827,-13.33483,-14.76025,-16.09738,-17.43329,-18.76788,-20.10103,-21.43266,-22.76265,-24.09091,-25.41733,-26.74182,-28.06427,-29.38459,-30.70266,-32.22631,-33.54814,-35.31732,-37.11781,-39.43327,-41.81346,-44.77569,-47.83567,-50.44164,-54.24693,-57.8896,-59.84045,-60.87635,-61.87441,-62.83465,-64.09092,-64.98383,-65.83899,-67.01481,-68.16923,-69.30222,-70.03107,-71.11307,-71.77483,-72.80586,-73.8154,-74.80343,-75.33944,-76.27658,-77.19222,-78.08637,-78.95901,-80.27964,-81.59415,-83.38725,-85.18928,-87,-88.81921,-90.6467,-92.48225,-94.32563,-96.17663,-98.03503,-99.34866,-104.5691
153.6249,152.5284,153.414,152.2956,153.1564,153.0101,152.8521,152.6825,152.5013,152.3084,152.104,151.888,151.6604,151.4213,151.1706,150.9084,151.6129,151.3259,152.9761,154.6068,158.1582,162.6488,167.1052,171.5262,175.9109,182.1757,189.3483,189.7897,187.3581,185.8714,182.4851,180.9872,178.5416,177.031,174.5795,173.0577,170.6018,169.07,166.6114,165.0708,163.5246,161.9731,159.5102,157.9524,156.3902,154.8236,153.2531,151.6789,150.984,150.2777,150.4346,150.5715,150.6884,150.7851,150.8614,150.9173,150.9526,151.8105,151.7994,151.7672,155.03
-10.7425,-12.00424,-13.42198,-14.6644,-16.09738,-17.43329,-18.76788,-20.10103,-21.43266,-22.76265,-24.09091,-25.41733,-26.74182,-28.06427,-29.38459,-30.70266,-32.22631,-33.54814,-35.31732,-37.11781,-39.43327,-42.06384,-44.77569,-47.56843,-50.44164,-53.96292,-57.8896,-59.84045,-60.87635,-62.19171,-62.83465,-64.09092,-64.98383,-66.1892,-67.01481,-68.16923,-68.92761,-70.03107,-70.72233,-71.77483,-72.80586,-73.8154,-74.38081,-75.33944,-76.27658,-77.19222,-78.08637,-78.95901,-80.27964,-81.59415,-83.38725,-85.18928,-87,-88.81921,-90.6467,-92.48225,-94.32563,-96.71393,-98.57967,-100.4525,-104.5691
153.6249,153.5253,153.414,153.291,152.1618,152.0165,152.8521,152.6825,152.5013,152.3084,152.104,151.888,151.6604,151.4213,151.1706,151.8883,151.6129,152.3022,152.0017,154.6068,158.1582,162.6488,167.1052,171.5262,175.9109,182.1757,189.3483,189.7897,187.3581,185.8714,182.4851,180.9872,178.5416,177.031,175.5131,173.0577,170.6018,169.07,167.5319,165.0708,163.5246,161.9731,160.4165,157.9524,156.3902,154.8236,153.2531,151.6789,150.984,150.2777,150.4346,150.5715,150.6884,150.7851,150.8614,151.7699,150.9526,150.9671,150.9607,150.9333,155.03
-10.7425,-12.0827,-13.42198,-14.76025,-15.99285,-17.32009,-18.76788,-20.10103,-21.43266,-22.76265,-24.09091,-25.41733,-26.74182,-28.06427,-29.38459,-30.90203,-32.22631,-33.76458,-35.09236,-37.11781,-39.43327,-42.06384,-44.77569,-47.56843,-50.44164,-53.96292,-57.8896,-59.84045,-60.87635,-62.19171,-62.83465,-64.09092,-64.98383,-66.1892,-67.37317,-68.16923,-68.92761,-70.03107,-71.11307,-71.77483,-72.80586,-73.8154,-74.80343,-75.33944,-76.27658,-77.19222,-78.08637,-78.95901,-80.27964,-81.59415,-83.38725,-85.18928,-87,-88.81921,-90.6467,-93.00474,-94.32563,-96.17663,-98.03503,-99.90059,-104.5691
153.6249,152.5284,152.4178,153.291,153.1564,153.0101,152.8521,152.6825,152.5013,152.3084,152.104,151.888,151.6604,151.4213,151.1706,150.9084,151.6129,151.3259,152.9761,154.6068,158.1582,162.6488,167.1052,170.5626,175.9109,181.2169,189.3483,189.7897,187.3581,184.9231,183.4306,180.0445,178.5416,176.0944,175.5131,173.0577,170.6018,169.07,167.5319,165.0708,163.5246,161.9731,160.4165,157.9524,156.3902,154.8236,153.2531,151.6789,150.984,150.2777,150.4346,150.5715,150.6884,150.7851,150.8614,150.9173,150.9526,150.9671,151.7994,151.7672,155.03
-10.7425,-12.00424,-13.33483,-14.76025,-16.09738,-17.43329,-18.76788,-20.10103,-21.43266,-22.76265,-24.09091,-25.41733,-26.74182,-28.06427,-29.38459,-30.70266,-32.22631,-33.54814,-35.31732,-37.11781,-39.43327,-42.06384,-44.77569,-47.30119,-50.44164,-53.6789,-57.8896,-59.84045,-60.87635,-61.87441,-63.16022,-63.75711,-64.98383,-65.83899,-67.37317,-68.16923,-68.92761,-70.03107,-71.11307,-71.77483,-72.80586,-73.8154,-74.80343,-75.33944,-76.27658,-77.19222,-78.08637,-78.95901,-80.27964,-81.59415,-83.38725,-85.18928,-87,-88.81921,-90.6467,-92.48225,-94.32563,-96.17663,-98.57967,-100.4525,-104.5691
153.6249,152.5284,153.414,153.291,153.1564,153.0101,152.8521,152.6825,152.5013,152.3084,152.104,151.888,151.6604,151.4213,151.1706,150.9084,151.6129,151.3259,152.9761,154.6068,158.1582,162.6488,167.1052,171.5262,175.9109,182.1757,189.3483,189.7897,187.3581,185.8714,183.4306,180.0445,179.4813,177.031,175.5131,173.0577,171.529,169.07,167.5319,165.9879,163.5246,161.9731,160.4165,157.9524,156.3902,154.8236,153.2531,151.6789,150.984,150.2777,150.4346,150.5715,150.6884,150.7851,150.8614,150.9173,150.9526,150.9671,150.9607,151.7672,155.03
-10.7425,-12.00424,-13.42198,-14.76025,-16.09738,-17.43329,-18.76788,-20.10103,-21.43266,-22.76265,-24.09091,-25.41733,-26.74182,-28.06427,-29.38459,-30.70266,-32.22631,-33.54814,-35.31732,-37.11781,-39.43327,-42.06384,-44.77569,-47.56843,-50.44164,-53.96292,-57.8896,-59.84045,-60.87635,-62.19171,-63.16022,-63.75711,-65.32585,-66.1892,-67.37317,-68.16923,-69.30222,-70.03107,-71.11307,-72.17358,-72.80586,-73.8154,-74.80343,-75.33944,-76.27658,-77.19222,-78.08637,-78.95901,-80.27964,-81.59415,-83.38725,-85.18928,-87,-88.81921,-90.6467,-92.48225,-94.32563,-96.17663,-98.03503,-100.4525,-104.5691
153.6249,152.5284,153.414,153.291,153.1564,153.0101,152.8521,152.6825,152.5013,152.3084,152.104,151.888,151.6604,151.4213,151.1706,150.9084,150.6347,151.3259,152.9761,154.6068,158.1582,162.6488,167.1052,171.5262,175.9109,182.1757,189.3483,189.7897,187.3581,185.8714,183.4306,181.9298,179.4813,177.031,174.5795,173.0577,170.6018,169.07,167.5319,165.0708,163.5246,161.9731,160.4165,157.9524,156.3902,154.8236,153.2531,151.6789,150.984,150.2777,150.4346,150.5715,150.6884,150.7851,150.8614,150.9173,150.9526,150.9671,150.9607,150.9333,155.03
-10.7425,-12.00424,-13.42198,-14.76025,-16.09738,-17.43329,-18.76788,-20.10103,-21.43266,-22.76265,-24.09091,-25.41733,-26.74182,-28.06427,-29.38459,-30.70266,-32.0184,-33.54814,-35.31732,-37.11781,-39.43327,-42.06384,-44.77569,-47.56843,-50.44164,-53.96292,-57.8896,-59.84045,-60.87635,-62.19171,-63.16022,-64.42472,-65.32585,-66.1892,-67.01481,-68.16923,-68.92761,-70.03107,-71.11307,-71.77483,-72.80586,-73.8154,-74.80343,-75.33944,-76.27658,-77.19222,-78.08637,-78.95901,-80.27964,-81.59415,-83.38725,-85.18928,-87,-88.81921,-90.6467,-92.48225,-94.32563,-96.17663,-98.03503,-99.90059,-104.5691
153.6249,152.5284,153.414,153.291,153.1564,153.0101,152.8521,152.6825,152.5013,152.3084,152.104,151.888,151.6604,151.4213,151.1706,150.9084,151.6129,151.3259,152.9761,154.6068,158.1582,161.6807,167.1052,170.5626,175.9109,183.1346,189.3483,189.7897,187.3581,185.8714,183.4306,180.9872,178.5416,176.0944,174.5795,173.0577,171.529,169.07,167.5319,165.0708,163.5246,161.9731,160.4165,157.9524,156.3902,154.8236,153.2531,151.6789,150.984,150.2777,150.4346,150.5715,150.6884,150.7851,150.8614,150.9173,151.8006,151.8105,151.7994,151.7672,155.03
-10.7425,-12.00424,-13.42198,-14.76025,-16.09738,-17.43329,-18.76788,-20.10103,-21.43266,-22.76265,-24.09091,-25.41733,-26.74182,-28.06427,-29.38459,-30.70266,-32.22631,-33.54814,-35.31732,-37.11781,-39.43327,-41.81346,-44.77569,-47.30119,-50.44164,-54.24693,-57.8896,-59.84045,-60.87635,-62.19171,-63.16022,-64.09092,-64.98383,-65.83899,-67.01481,-68.16923,-69.30222,-70.03107,-71.11307,-71.77483,-72.80586,-73.8154,-74.80343,-75.33944,-76.27658,-77.19222,-78.08637,-78.95901,-80.27964,-81.59415,-83.38725,-85.18928,-87,-88.81921,-90.6467,-92.48225,-94.85555,-96.71393,-98.57967,-100.4525,-104.5691
153.6249,153.5253,153.414,153.291,153.1564,153.0101,152.8521,152.6825,152.5013,152.3084,152.104,152.8743,151.6604,151.4213,151.1706,151.8883,151.6129,151.3259,152.9761,154.6068,158.1582,162.6488,167.1052,171.5262,175.9109,182.1757,189.3483,189.7897,187.3581,185.8714,182.4851,180.0445,179.4813,177.031,174.5795,173.0577,171.529,169.07,167.5319,165.0708,163.5246,161.9731,159.5102,158.855,156.3902,154.8236,153.2531,151.6789,150.984,150.2777,150.4346,150.5715,150.6884,150.7851,150.8614,150.9173,150.9526,150.9671,151.7994,151.7672,155.03
-10.7425,-12.0827,-13.42198,-14.76025,-16.09738,-17.43329,-18.76788,-20.10103,-21.43266,-22.76265,-24.09091,-25.58238,-26.74182,-28.06427,-29.38459,-30.90203,-32.22631,-33.54814,-35.31732,-37.11781,-39.43327,-42.06384,-44.77569,-47.56843,-50.44164,-53.96292,-57.8896,-59.84045,-60.87635,-62.19171,-62.83465,-63.75711,-65.32585,-66.1892,-67.01481,-68.16923,-69.30222,-70.03107,-71.11307,-71.77483,-72.80586,-73.8154,-74.38081,-75.76995,-76.27658,-77.19222,-78.08637,-78.95901,-80.27964,-81.59415,-83.38725,-85.18928,-87,-88.81921,-90.6467,-92.48225,-94.32563,-96.17663,-98.57967,-100.4525,-104.5691
153.6249,153.5253,153.414,153.291,153.1564,153.0101,152.8521,152.6825,153.4916,152.3084,152.104,151.888,151.6604,151.4213,152.1522,150.9084,150.6347,151.3259,152.9761,154.6068,159.1285,162.6488,167.1052,171.5262,175.9109,181.2169,189.3483,189.7897,187.3581,183.9748,183.4306,180.0445,178.5416,177.031,174.5795,173.0577,171.529,169.07,167.5319,165.0708,163.5246,161.9731,160.4165,158.855,156.3902,154.8236,153.2531,151.6789,150.984,151.1565,150.4346,150.5715,150.6884,150.7851,150.8614,150.9173,151.8006,150.9671,150.9607,151.7672,155.03
-10.7425,-12.0827,-13.42198,-14.76025,-16.09738,-17.43329,-18.76788,-20.10103,-21.57183,-22.76265,-24.09091,-25.41733,-26.74182,-28.06427,-29.57539,-30.70266,-32.0184,-33.54814,-35.31732,-37.11781,-39.67519,-42.06384,-44.77569,-47.56843,-50.44164,-53.6789,-57.8896,-59.84045,-60.87635,-61.5571,-63.16022,-63.75711,-64.98383,-66.1892,-67.01481,-68.16923,-69.30222,-70.03107,-71.11307,-71.77483,-72.80586,-73.8154,-74.80343,-75.76995,-76.27658,-77.19222,-78.08637,-78.95901,-80.27964,-82.07131,-83.38725,-85.18928,-87,-88.81921,-90.6467,-92.48225,-94.85555,-96.17663,-98.03503,-100.4525,-104.5691
