160.5237,160.7646,160.0055,159.2316,159.4332,157.6397,156.8223,155.9908,156.1399,155.2818,154.4102,153.5253,152.6273,151.7165,151.7917,151.8553,151.9074,152.9476,152.9767,154.9941,156,156.994,157.9759,158.9455,160.9019,161.8458,161.778,162.696,163.6005,165.4883,166.3645,168.222,169.0687,163.9394,156.8223,152.6825,146.5597,141.4293,140.2517,137.0937,136.8883,136.6724,136.4462,136.2095,135.9625,135.7051,135.4374,135.1594,134.8711,134.5725,134.2637,133.9446,133.6154,132.3171,132.9264,132.5667,132.1969,132.7653
28.30465,26.90276,25.34238,23.79732,22.40687,20.75366,19.25536,17.7729,16.41097,14.95194,13.50914,12.0827,10.67274,9.279378,7.955065,6.630147,5.304723,4.005073,2.670218,1.352613,0,-1.370066,-2.75748,-4.162135,-5.618819,-7.066341,-8.478425,-9.950912,-11.44006,-13.02421,-14.55501,-16.19793,-17.76984,-18.67853,-19.25536,-20.10103,-20.59762,-21.13675,-22.21369,-22.94162,-24.1371,-25.33074,-26.52245,-27.71214,-28.89973,-30.08511,-31.2682,-32.44891,-33.62714,-34.80282,-35.97585,-37.14613,-38.31359,-39.19412,-40.63967,-41.79811,-42.95336,-44.42265
161.5085,160.7646,160.0055,159.2316,159.4332,157.6397,156.8223,155.9908,156.1399,154.2864,154.4102,153.5253,152.6273,151.7165,151.7917,151.8553,151.9074,152.9476,153.9765,154.9941,156,156.994,157.9759,158.9455,160.9019,161.8458,161.778,162.696,164.5981,165.4883,166.3645,167.2266,169.0687,163.9394,156.8223,152.6825,147.5499,142.4183,140.2517,137.0937,136.8883,136.6724,136.4462,136.2095,135.9625,135.7051,135.4374,135.1594,134.8711,134.5725,134.2637,133.9446,133.6154,133.2759,131.9701,132.5667,131.2458,132.7653
28.4783,26.90276,25.34238,23.79732,22.40687,20.75366,19.25536,17.7729,16.41097,14.85609,13.50914,12.0827,10.67274,9.279378,7.955065,6.630147,5.304723,4.005073,2.687671,1.352613,0,-1.370066,-2.75748,-4.162135,-5.618819,-7.066341,-8.478425,-9.950912,-11.50982,-13.02421,-14.55501,-16.10209,-17.76984,-18.67853,-19.25536,-20.10103,-20.73679,-21.28456,-22.21369,-22.94162,-24.1371,-25.33074,-26.52245,-27.71214,-28.89973,-30.08511,-31.2682,-32.44891,-33.62714,-34.80282,-35.97585,-37.14613,-38.31359,-39.47813,-40.3473,-41.79811,-42.64435,-44.42265
161.5085,160.7646,160.0055,160.2206,158.4429,157.6397,156.8223,155.9908,156.1399,155.2818,154.4102,152.5284,152.6273,151.7165,151.7917,151.8553,151.9074,151.9479,152.9767,154.9941,156,156.994,157.9759,158.9455,160.9019,161.8458,161.778,162.696,163.6005,165.4883,166.3645,167.2266,168.0742,162.9458,156.8223,152.6825,146.5597,141.4293,139.2641,137.0937,136.8883,136.6724,136.4462,136.2095,135.9625,135.7051,135.4374,135.1594,134.8711,134.5725,134.2637,132.981,133.6154,133.2759,132.9264,132.5667,131.2458,132.7653
28.4783,26.90276,25.34238,23.94512,22.2677,20.75366,19.25536,17.7729,16.41097,14.95194,13.50914,12.00424,10.67274,9.279378,7.955065,6.630147,5.304723,3.978896,2.670218,1.352613,0,-1.370066,-2.75748,-4.162135,-5.618819,-7.066341,-8.478425,-9.950912,-11.44006,-13.02421,-14.55501,-16.10209,-17.66531,-18.56533,-19.25536,-20.10103,-20.59762,-21.13675,-22.05726,-22.94162,-24.1371,-25.33074,-26.52245,-27.71214,-28.89973,-30.08511,-31.2682,-32.44891,-33.62714,-34.80282,-35.97585,-36.8789,-38.31359,-39.47813,-40.63967,-41.79811,-42.64435,-44.42265
161.5085,160.7646,160.0055,159.2316,159.4332,157.6397,156.8223,155.9908,155.1454,155.2818,153.414,153.5253,152.6273,151.7165,151.7917,151.8553,151.9074,151.9479,153.9765,153.9941,156,156.994,157.9759,158.9455,159.9025,161.8458,161.778,162.696,164.5981,165.4883,166.3645,168.222,169.0687,163.9394,156.8223,151.6911,147.5499,142.4183,140.2517,137.0937,136.8883,136.6724,136.4462,136.2095,135.9625,135.7051,135.4374,135.1594,134.8711,134.5725,134.2637,133.9446,133.6154,133.2759,131.9701,132.5667,132.1969,133.7136
28.4783,26.90276,25.34238,23.79732,22.40687,20.75366,19.25536,17.7729,16.30644,14.95194,13.42198,12.0827,10.67274,9.279378,7.955065,6.630147,5.304723,3.978896,2.687671,1.343886,0,-1.370066,-2.75748,-4.162135,-5.583919,-7.066341,-8.478425,-9.950912,-11.50982,-13.02421,-14.55501,-16.19793,-17.76984,-18.67853,-19.25536,-19.97051,-20.73679,-21.28456,-22.21369,-22.94162,-24.1371,-25.33074,-26.52245,-27.71214,-28.89973,-30.08511,-31.2682,-32.44891,-33.62714,-34.80282,-35.97585,-37.14613,-38.31359,-39.47813,-40.3473,-41.79811,-42.95336,-44.73996
161.5085,160.7646,160.0055,160.2206,158.4429,157.6397,157.8148,156.9844,155.1454,155.2818,153.414,153.5253,152.6273,151.7165,151.7917,151.8553,151.9074,152.9476,152.9767,153.9941,156,156.994,157.9759,158.9455,159.9025,161.8458,161.778,162.696,164.5981,165.4883,167.3607,167.2266,169.0687,163.9394,156.8223,152.6825,146.5597,141.4293,140.2517,137.0937,136.8883,136.6724,136.4462,136.2095,135.9625,135.7051,135.4374,135.1594,134.8711,134.5725,133.2978,132.981,132.6541,133.2759,132.9264,131.6129,132.1969,132.7653
28.4783,26.90276,25.34238,23.94512,22.2677,20.75366,19.37723,17.88611,16.30644,14.95194,13.42198,12.0827,10.67274,9.279378,7.955065,6.630147,5.304723,4.005073,2.670218,1.343886,0,-1.370066,-2.75748,-4.162135,-5.583919,-7.066341,-8.478425,-9.950912,-11.50982,-13.02421,-14.64216,-16.10209,-17.76984,-18.67853,-19.25536,-20.10103,-20.59762,-21.13675,-22.21369,-22.94162,-24.1371,-25.33074,-26.52245,-27.71214,-28.89973,-30.08511,-31.2682,-32.44891,-33.62714,-34.80282,-35.71703,-36.8789,-38.03796,-39.47813,-40.63967,-41.4974,-42.95336,-44.42265
161.5085,160.7646,160.0055,160.2206,158.4429,157.6397,156.8223,156.9844,155.1454,155.2818,154.4102,153.5253,152.6273,151.7165,151.7917,151.8553,151.9074,152.9476,153.9765,154.9941,156,156.994,157.9759,158.9455,159.9025,161.8458,161.778,162.696,164.5981,165.4883,166.3645,168.222,169.0687,163.9394,156.8223,152.6825,147.5499,142.4183,140.2517,137.0937,136.8883,136.6724,136.4462,136.2095,135.9625,135.7051,135.4374,135.1594,134.8711,134.5725,134.2637,133.9446,132.6541,132.3171,131.9701,132.5667,131.2458,132.7653
28.4783,26.90276,25.34238,23.94512,22.2677,20.75366,19.25536,17.88611,16.30644,14.95194,13.50914,12.0827,10.67274,9.279378,7.955065,6.630147,5.304723,4.005073,2.687671,1.352613,0,-1.370066,-2.75748,-4.162135,-5.583919,-7.066341,-8.478425,-9.950912,-11.50982,-13.02421,-14.55501,-16.19793,-17.76984,-18.67853,-19.25536,-20.10103,-20.73679,-21.28456,-22.21369,-22.94162,-24.1371,-25.33074,-26.52245,-27.71214,-28.89973,-30.08511,-31.2682,-32.44891,-33.62714,-34.80282,-35.97585,-37.14613,-38.03796,-39.19412,-40.3473,-41.79811,-42.64435,-44.42265
161.5085,160.7646,160.0055,159.2316,158.4429,157.6397,156.8223,156.9844,155.1454,155.2818,153.414,153.5253,152.6273,151.7165,151.7917,151.8553,151.9074,152.9476,152.9767,154.9941,156,156.994,157.9759,158.9455,160.9019,161.8458,161.778,162.696,164.5981,165.4883,166.3645,168.222,169.0687,164.9329,156.8223,152.6825,146.5597,142.4183,139.2641,137.0937,136.8883,136.6724,136.4462,136.2095,135.9625,135.7051,135.4374,135.1594,134.8711,134.5725,134.2637,133.9446,133.6154,132.3171,131.9701,131.6129,132.1969,132.7653
28.4783,26.90276,25.34238,23.79732,22.2677,20.75366,19.25536,17.88611,16.30644,14.95194,13.42198,12.0827,10.67274,9.279378,7.955065,6.630147,5.304723,4.005073,2.670218,1.352613,0,-1.370066,-2.75748,-4.162135,-5.618819,-7.066341,-8.478425,-9.950912,-11.50982,-13.02421,-14.55501,-16.19793,-17.76984,-18.79173,-19.25536,-20.10103,-20.59762,-21.28456,-22.05726,-22.94162,-24.1371,-25.33074,-26.52245,-27.71214,-28.89973,-30.08511,-31.2682,-32.44891,-33.62714,-34.80282,-35.97585,-37.14613,-38.31359,-39.19412,-40.3473,-41.4974,-42.95336,-44.42265
160.5237,160.7646,160.0055,160.2206,158.4429,157.6397,156.8223,155.9908,155.1454,154.2864,153.414,153.5253,152.6273,151.7165,151.7917,151.8553,151.9074,152.9476,153.9765,154.9941,155,156.994,157.9759,158.9455,160.9019,161.8458,161.778,162.696,163.6005,165.4883,166.3645,167.2266,169.0687,163.9394,156.8223,151.6911,147.5499,142.4183,140.2517,137.0937,136.8883,136.6724,136.4462,136.2095,135.9625,135.7051,135.4374,135.1594,134.8711,133.6044,134.2637,133.9446,133.6154,133.2759,131.9701,131.6129,132.1969,132.7653
28.30465,26.90276,25.34238,23.94512,22.2677,20.75366,19.25536,17.7729,16.30644,14.85609,13.42198,12.0827,10.67274,9.279378,7.955065,6.630147,5.304723,4.005073,2.687671,1.352613,0,-1.370066,-2.75748,-4.162135,-5.618819,-7.066341,-8.478425,-9.950912,-11.44006,-13.02421,-14.55501,-16.10209,-17.76984,-18.67853,-19.25536,-19.97051,-20.73679,-21.28456,-22.21369,-22.94162,-24.1371,-25.33074,-26.52245,-27.71214,-28.89973,-30.08511,-31.2682,-32.44891,-33.62714,-34.55244,-35.97585,-37.14613,-38.31359,-39.47813,-40.3473,-41.4974,-42.95336,-44.42265
160.5237,159.7783,160.0055,159.2316,158.4429,157.6397,156.8223,156.9844,155.1454,154.2864,153.414,152.5284,152.6273,151.7165,151.7917,151.8553,151.9074,151.9479,152.9767,154.9941,155,156.994,157.9759,158.9455,160.9019,161.8458,161.778,162.696,164.5981,165.4883,166.3645,168.222,169.0687,163.9394,156.8223,151.6911,146.5597,142.4183,140.2517,137.0937,136.8883,136.6724,136.4462,136.2095,135.9625,135.7051,135.4374,135.1594,134.8711,134.5725,133.2978,133.9446,133.6154,132.3171,132.9264,131.6129,131.2458,133.7136
28.30465,26.73771,25.34238,23.79732,22.2677,20.75366,19.25536,17.88611,16.30644,14.85609,13.42198,12.00424,10.67274,9.279378,7.955065,6.630147,5.304723,3.978896,2.670218,1.352613,0,-1.370066,-2.75748,-4.162135,-5.618819,-7.066341,-8.478425,-9.950912,-11.50982,-13.02421,-14.55501,-16.19793,-17.76984,-18.67853,-19.25536,-19.97051,-20.59762,-21.28456,-22.21369,-22.94162,-24.1371,-25.33074,-26.52245,-27.71214,-28.89973,-30.08511,-31.2682,-32.44891,-33.62714,-34.80282,-35.71703,-37.14613,-38.31359,-39.19412,-40.63967,-41.4974,-42.64435,-44.73996
161.5085,159.7783,160.0055,160.2206,159.4332,157.6397,156.8223,156.9844,155.1454,155.2818,153.414,153.5253,152.6273,151.7165,151.7917,151.8553,151.9074,152.9476,153.9765,153.9941,156,156.994,157.9759,158.9455,159.9025,161.8458,161.778,162.696,164.5981,165.4883,167.3607,168.222,169.0687,163.9394,156.8223,152.6825,146.5597,141.4293,140.2517,137.0937,136.8883,136.6724,136.4462,136.2095,135.9625,135.7051,135.4374,135.1594,134.8711,134.5725,134.2637,132.981,133.6154,132.3171,132.9264,132.5667,132.1969,132.7653
28.4783,26.73771,25.34238,23.94512,22.40687,20.75366,19.25536,17.88611,16.30644,14.95194,13.42198,12.0827,10.67274,9.279378,7.955065,6.630147,5.304723,4.005073,2.687671,1.343886,0,-1.370066,-2.75748,-4.162135,-5.583919,-7.066341,-8.478425,-9.950912,-11.50982,-13.02421,-14.64216,-16.19793,-17.76984,-18.67853,-19.25536,-20.10103,-20.59762,-21.13675,-22.21369,-22.94162,-24.1371,-25.33074,-26.52245,-27.71214,-28.89973,-30.08511,-31.2682,-32.44891,-33.62714,-34.80282,-35.97585,-36.8789,-38.31359,-39.19412,-40.63967,-41.79811,-42.95336,-44.42265
161.5085,160.7646,160.0055,160.2206,158.4429,157.6397,157.8148,155.9908,155.1454,155.2818,154.4102,153.5253,152.6273,151.7165,151.7917,151.8553,151.9074,152.9476,153.9765,154.9941,156,156.994,157.9759,158.9455,159.9025,161.8458,161.778,162.696,164.5981,165.4883,166.3645,168.222,170.0632,163.9394,156.8223,152.6825,147.5499,142.4183,140.2517,137.0937,136.8883,136.6724,136.4462,136.2095,135.9625,135.7051,135.4374,135.1594,134.8711,134.5725,134.2637,133.9446,132.6541,133.2759,132.9264,132.5667,132.1969,133.7136
28.4783,26.90276,25.34238,23.94512,22.2677,20.75366,19.37723,17.7729,16.30644,14.95194,13.50914,12.0827,10.67274,9.279378,7.955065,6.630147,5.304723,4.005073,2.687671,1.352613,0,-1.370066,-2.75748,-4.162135,-5.583919,-7.066341,-8.478425,-9.950912,-11.50982,-13.02421,-14.55501,-16.19793,-17.87437,-18.67853,-19.25536,-20.10103,-20.73679,-21.28456,-22.21369,-22.94162,-24.1371,-25.33074,-26.52245,-27.71214,-28.89973,-30.08511,-31.2682,-32.44891,-33.62714,-34.80282,-35.97585,-37.14613,-38.03796,-39.47813,-40.63967,-41.79811,-42.95336,-44.73996
160.5237,160.7646,160.0055,159.2316,158.4429,157.6397,156.8223,155.9908,156.1399,154.2864,153.414,153.5253,152.6273,151.7165,151.7917,151.8553,151.9074,151.9479,152.9767,153.9941,156,156.994,157.9759,158.9455,160.9019,161.8458,161.778,162.696,164.5981,165.4883,166.3645,168.222,169.0687,163.9394,156.8223,152.6825,147.5499,142.4183,140.2517,137.0937,136.8883,136.6724,136.4462,136.2095,135.9625,135.7051,135.4374,135.1594,134.8711,134.5725,134.2637,133.9446,133.6154,132.3171,132.9264,132.5667,132.1969,131.817
28.30465,26.90276,25.34238,23.79732,22.2677,20.75366,19.25536,17.7729,16.41097,14.85609,13.42198,12.0827,10.67274,9.279378,7.955065,6.630147,5.304723,3.978896,2.670218,1.343886,0,-1.370066,-2.75748,-4.162135,-5.618819,-7.066341,-8.478425,-9.950912,-11.50982,-13.02421,-14.55501,-16.19793,-17.76984,-18.67853,-19.25536,-20.10103,-20.73679,-21.28456,-22.21369,-22.94162,-24.1371,-25.33074,-26.52245,-27.71214,-28.89973,-30.08511,-31.2682,-32.44891,-33.62714,-34.80282,-35.97585,-37.14613,-38.31359,-39.19412,-40.63967,-41.79811,-42.95336,-44.10535
161.5085,160.7646,160.0055,160.2206,158.4429,157.6397,157.8148,155.9908,156.1399,154.2864,154.4102,153.5253,152.6273,151.7165,151.7917,151.8553,151.9074,151.9479,152.9767,154.9941,156,156.994,157.9759,158.9455,159.9025,161.8458,161.778,162.696,164.5981,164.4914,167.3607,168.222,169.0687,163.9394,156.8223,152.6825,147.5499,141.4293,140.2517,137.0937,136.8883,136.6724,136.4462,136.2095,135.9625,135.7051,135.4374,135.1594,134.8711,134.5725,134.2637,133.9446,133.6154,132.3171,132.9264,132.5667,132.1969,132.7653
28.4783,26.90276,25.34238,23.94512,22.2677,20.75366,19.37723,17.7729,16.41097,14.85609,13.50914,12.0827,10.67274,9.279378,7.955065,6.630147,5.304723,3.978896,2.670218,1.352613,0,-1.370066,-2.75748,-4.162135,-5.583919,-7.066341,-8.478425,-9.950912,-11.50982,-12.94575,-14.64216,-16.19793,-17.76984,-18.67853,-19.25536,-20.10103,-20.73679,-21.13675,-22.21369,-22.94162,-24.1371,-25.33074,-26.52245,-27.71214,-28.89973,-30.08511,-31.2682,-32.44891,-33.62714,-34.80282,-35.97585,-37.14613,-38.31359,-39.19412,-40.63967,-41.79811,-42.95336,-44.42265
161.5085,159.7783,160.0055,159.2316,159.4332,157.6397,157.8148,156.9844,155.1454,155.2818,154.4102,153.5253,152.6273,151.7165,151.7917,151.8553,151.9074,152.9476,153.9765,154.9941,156,156.994,157.9759,158.9455,160.9019,161.8458,161.778,162.696,164.5981,165.4883,166.3645,168.222,169.0687,163.9394,156.8223,152.6825,147.5499,141.4293,139.2641,137.0937,136.8883,136.6724,136.4462,136.2095,135.9625,135.7051,135.4374,135.1594,134.8711,134.5725,134.2637,132.981,133.6154,132.3171,132.9264,132.5667,131.2458,131.817
28.4783,26.73771,25.34238,23.79732,22.40687,20.75366,19.37723,17.88611,16.30644,14.95194,13.50914,12.0827,10.67274,9.279378,7.955065,6.630147,5.304723,4.005073,2.687671,1.352613,0,-1.370066,-2.75748,-4.162135,-5.618819,-7.066341,-8.478425,-9.950912,-11.50982,-13.02421,-14.55501,-16.19793,-17.76984,-18.67853,-19.25536,-20.10103,-20.73679,-21.13675,-22.05726,-22.94162,-24.1371,-25.33074,-26.52245,-27.71214,-28.89973,-30.08511,-31.2682,-32.44891,-33.62714,-34.80282,-35.97585,-36.8789,-38.31359,-39.19412,-40.63967,-41.79811,-42.64435,-44.10535
160.5237,160.7646,160.0055,160.2206,158.4429,157.6397,157.8148,155.9908,156.1399,154.2864,153.414,153.5253,152.6273,151.7165,151.7917,151.8553,151.9074,152.9476,152.9767,153.9941,156,156.994,157.9759,159.9452,160.9019,161.8458,161.778,163.6941,164.5981,165.4883,166.3645,168.222,169.0687,163.9394,155.8297,152.6825,147.5499,141.4293,140.2517,137.0937,136.8883,136.6724,136.4462,136.2095,135.9625,135.7051,135.4374,135.1594,134.8711,134.5725,134.2637,133.9446,133.6154,132.3171,131.9701,132.5667,132.1969,133.7136
28.30465,26.90276,25.34238,23.94512,22.2677,20.75366,19.37723,17.7729,16.41097,14.85609,13.42198,12.0827,10.67274,9.279378,7.955065,6.630147,5.304723,4.005073,2.670218,1.343886,0,-1.370066,-2.75748,-4.188312,-5.618819,-7.066341,-8.478425,-10.01196,-11.50982,-13.02421,-14.55501,-16.19793,-17.76984,-18.67853,-19.13349,-20.10103,-20.73679,-21.13675,-22.21369,-22.94162,-24.1371,-25.33074,-26.52245,-27.71214,-28.89973,-30.08511,-31.2682,-32.44891,-33.62714,-34.80282,-35.97585,-37.14613,-38.31359,-39.19412,-40.3473,-41.79811,-42.95336,-44.73996
160.5237,160.7646,160.0055,159.2316,158.4429,157.6397,157.8148,156.9844,156.1399,155.2818,153.414,153.5253,152.6273,151.7165,151.7917,151.8553,151.9074,152.9476,153.9765,154.9941,156,156.994,157.9759,158.9455,159.9025,161.8458,161.778,162.696,164.5981,165.4883,166.3645,168.222,169.0687,163.9394,156.8223,152.6825,147.5499,142.4183,140.2517,137.0937,136.8883,136.6724,136.4462,136.2095,135.9625,135.7051,135.4374,135.1594,134.8711,134.5725,134.2637,133.9446,133.6154,132.3171,131.9701,132.5667,131.2458,132.7653
28.30465,26.90276,25.34238,23.79732,22.2677,20.75366,19.37723,17.88611,16.41097,14.95194,13.42198,12.0827,10.67274,9.279378,7.955065,6.630147,5.304723,4.005073,2.687671,1.352613,0,-1.370066,-2.75748,-4.162135,-5.583919,-7.066341,-8.478425,-9.950912,-11.50982,-13.02421,-14.55501,-16.19793,-17.76984,-18.67853,-19.25536,-20.10103,-20.73679,-21.28456,-22.21369,-22.94162,-24.1371,-25.33074,-26.52245,-27.71214,-28.89973,-30.08511,-31.2682,-32.44891,-33.62714,-34.80282,-35.97585,-37.14613,-38.31359,-39.19412,-40.3473,-41.79811,-42.64435,-44.42265
161.5085,160.7646,160.0055,159.2316,158.4429,157.6397,157.8148,155.9908,155.1454,155.2818,154.4102,153.5253,152.6273,151.7165,151.7917,151.8553,151.9074,152.9476,153.9765,154.9941,156,156.994,157.9759,158.9455,159.9025,161.8458,161.778,162.696,164.5981,165.4883,166.3645,168.222,169.0687,163.9394,155.8297,152.6825,146.5597,142.4183,140.2517,137.0937,136.8883,136.6724,136.4462,136.2095,135.9625,135.7051,135.4374,135.1594,134.8711,133.6044,134.2637,133.9446,132.6541,133.2759,132.9264,132.5667,131.2458,132.7653
28.4783,26.90276,25.34238,23.79732,22.2677,20.75366,19.37723,17.7729,16.30644,14.95194,13.50914,12.0827,10.67274,9.279378,7.955065,6.630147,5.304723,4.005073,2.687671,1.352613,0,-1.370066,-2.75748,-4.162135,-5.583919,-7.066341,-8.478425,-9.950912,-11.50982,-13.02421,-14.55501,-16.19793,-17.76984,-18.67853,-19.13349,-20.10103,-20.59762,-21.28456,-22.21369,-22.94162,-24.1371,-25.33074,-26.52245,-27.71214,-28.89973,-30.08511,-31.2682,-32.44891,-33.62714,-34.55244,-35.97585,-37.14613,-38.03796,-39.47813,-40.63967,-41.79811,-42.64435,-44.42265
160.5237,159.7783,160.0055,160.2206,158.4429,157.6397,156.8223,156.9844,156.1399,155.2818,153.414,153.5253,152.6273,151.7165,151.7917,151.8553,151.9074,152.9476,152.9767,154.9941,156,156.994,157.9759,158.9455,160.9019,161.8458,161.778,162.696,164.5981,165.4883,167.3607,168.222,169.0687,163.9394,156.8223,150.6996,146.5597,141.4293,140.2517,137.0937,136.8883,136.6724,136.4462,136.2095,135.9625,135.7051,135.4374,135.1594,134.8711,134.5725,133.2978,132.981,133.6154,132.3171,132.9264,131.6129,132.1969,132.7653
28.30465,26.73771,25.34238,23.94512,22.2677,20.75366,19.25536,17.88611,16.41097,14.95194,13.42198,12.0827,10.67274,9.279378,7.955065,6.630147,5.304723,4.005073,2.670218,1.352613,0,-1.370066,-2.75748,-4.162135,-5.618819,-7.066341,-8.478425,-9.950912,-11.50982,-13.02421,-14.64216,-16.19793,-17.76984,-18.67853,-19.25536,-19.83998,-20.59762,-21.13675,-22.21369,-22.94162,-24.1371,-25.33074,-26.52245,-27.71214,-28.89973,-30.08511,-31.2682,-32.44891,-33.62714,-34.80282,-35.71703,-36.8789,-38.31359,-39.19412,-40.63967,-41.4974,-42.95336,-44.42265
162.4933,160.7646,160.0055,159.2316,159.4332,157.6397,156.8223,156.9844,156.1399,155.2818,153.414,152.5284,152.6273,151.7165,151.7917,151.8553,151.9074,151.9479,153.9765,153.9941,156,156.994,157.9759,158.9455,159.9025,161.8458,161.778,162.696,164.5981,164.4914,166.3645,168.222,169.0687,163.9394,156.8223,152.6825,146.5597,141.4293,140.2517,137.0937,136.8883,136.6724,136.4462,136.2095,135.9625,135.7051,135.4374,135.1594,134.8711,134.5725,134.2637,133.9446,132.6541,133.2759,131.9701,131.6129,132.1969,132.7653
28.65195,26.90276,25.34238,23.79732,22.40687,20.75366,19.25536,17.88611,16.41097,14.95194,13.42198,12.00424,10.67274,9.279378,7.955065,6.630147,5.304723,3.978896,2.687671,1.343886,0,-1.370066,-2.75748,-4.162135,-5.583919,-7.066341,-8.478425,-9.950912,-11.50982,-12.94575,-14.55501,-16.19793,-17.76984,-18.67853,-19.25536,-20.10103,-20.59762,-21.13675,-22.21369,-22.94162,-24.1371,-25.33074,-26.52245,-27.71214,-28.89973,-30.08511,-31.2682,-32.44891,-33.62714,-34.80282,-35.97585,-37.14613,-38.03796,-39.47813,-40.3473,-41.4974,-42.95336,-44.42265
161.5085,160.7646,160.0055,159.2316,158.4429,157.6397,156.8223,155.9908,156.1399,155.2818,154.4102,153.5253,152.6273,151.7165,151.7917,151.8553,151.9074,152.9476,152.9767,154.9941,156,156.994,157.9759,158.9455,159.9025,161.8458,161.778,162.696,164.5981,165.4883,166.3645,168.222,169.0687,163.9394,156.8223,152.6825,147.5499,141.4293,140.2517,137.0937,136.8883,136.6724,136.4462,136.2095,135.9625,135.7051,135.4374,135.1594,134.8711,134.5725,134.2637,133.9446,132.6541,133.2759,131.9701,131.6129,132.1969,132.7653
28.4783,26.90276,25.34238,23.79732,22.2677,20.75366,19.25536,17.7729,16.41097,14.95194,13.50914,12.0827,10.67274,9.279378,7.955065,6.630147,5.304723,4.005073,2.670218,1.352613,0,-1.370066,-2.75748,-4.162135,-5.583919,-7.066341,-8.478425,-9.950912,-11.50982,-13.02421,-14.55501,-16.19793,-17.76984,-18.67853,-19.25536,-20.10103,-20.73679,-21.13675,-22.21369,-22.94162,-24.1371,-25.33074,-26.52245,-27.71214,-28.89973,-30.08511,-31.2682,-32.44891,-33.62714,-34.80282,-35.97585,-37.14613,-38.03796,-39.47813,-40.3473,-41.4974,-42.95336,-44.42265
161.5085,159.7783,160.0055,160.2206,159.4332,157.6397,156.8223,155.9908,155.1454,155.2818,153.414,152.5284,152.6273,151.7165,151.7917,151.8553,151.9074,151.9479,152.9767,153.9941,156,156.994,157.9759,158.9455,159.9025,161.8458,161.778,162.696,164.5981,164.4914,166.3645,168.222,169.0687,163.9394,156.8223,152.6825,146.5597,141.4293,140.2517,137.0937,136.8883,136.6724,136.4462,136.2095,135.9625,135.7051,135.4374,135.1594,134.8711,134.5725,133.2978,133.9446,133.6154,133.2759,131.9701,132.5667,131.2458,131.817
28.4783,26.73771,25.34238,23.94512,22.40687,20.75366,19.25536,17.7729,16.30644,14.95194,13.42198,12.00424,10.67274,9.279378,7.955065,6.630147,5.304723,3.978896,2.670218,1.343886,0,-1.370066,-2.75748,-4.162135,-5.583919,-7.066341,-8.478425,-9.950912,-11.50982,-12.94575,-14.55501,-16.19793,-17.76984,-18.67853,-19.25536,-20.10103,-20.59762,-21.13675,-22.21369,-22.94162,-24.1371,-25.33074,-26.52245,-27.71214,-28.89973,-30.08511,-31.2682,-32.44891,-33.62714,-34.80282,-35.71703,-37.14613,-38.31359,-39.47813,-40.3473,-41.79811,-42.64435,-44.10535
161.5085,159.7783,160.0055,159.2316,158.4429,157.6397,156.8223,155.9908,155.1454,154.2864,153.414,153.5253,152.6273,151.7165,151.7917,151.8553,151.9074,152.9476,153.9765,154.9941,156,156.994,157.9759,158.9455,159.9025,161.8458,161.778,162.696,164.5981,164.4914,166.3645,167.2266,169.0687,162.9458,155.8297,152.6825,147.5499,142.4183,140.2517,137.0937,136.8883,136.6724,136.4462,136.2095,135.9625,135.7051,135.4374,135.1594,134.8711,134.5725,134.2637,133.9446,133.6154,133.2759,132.9264,132.5667,132.1969,133.7136
28.4783,26.73771,25.34238,23.79732,22.2677,20.75366,19.25536,17.7729,16.30644,14.85609,13.42198,12.0827,10.67274,9.279378,7.955065,6.630147,5.304723,4.005073,2.687671,1.352613,0,-1.370066,-2.75748,-4.162135,-5.583919,-7.066341,-8.478425,-9.950912,-11.50982,-12.94575,-14.55501,-16.10209,-17.76984,-18.56533,-19.13349,-20.10103,-20.73679,-21.28456,-22.21369,-22.94162,-24.1371,-25.33074,-26.52245,-27.71214,-28.89973,-30.08511,-31.2682,-32.44891,-33.62714,-34.80282,-35.97585,-37.14613,-38.31359,-39.47813,-40.63967,-41.79811,-42.95336,-44.73996
160.5237,160.7646,160.0055,160.2206,158.4429,157.6397,157.8148,155.9908,156.1399,154.2864,154.4102,153.5253,152.6273,151.7165,151.7917,151.8553,151.9074,151.9479,152.9767,154.9941,155,156.994,157.9759,158.9455,160.9019,161.8458,161.778,162.696,163.6005,165.4883,166.3645,168.222,169.0687,163.9394,156.8223,151.6911,147.5499,141.4293,140.2517,137.0937,136.8883,136.6724,136.4462,136.2095,135.9625,135.7051,135.4374,135.1594,134.8711,133.6044,134.2637,133.9446,133.6154,133.2759,131.9701,132.5667,132.1969,132.7653
28.30465,26.90276,25.34238,23.94512,22.2677,20.75366,19.37723,17.7729,16.41097,14.85609,13.50914,12.0827,10.67274,9.279378,7.955065,6.630147,5.304723,3.978896,2.670218,1.352613,0,-1.370066,-2.75748,-4.162135,-5.618819,-7.066341,-8.478425,-9.950912,-11.44006,-13.02421,-14.55501,-16.19793,-17.76984,-18.67853,-19.25536,-19.97051,-20.73679,-21.13675,-22.21369,-22.94162,-24.1371,-25.33074,-26.52245,-27.71214,-28.89973,-30.08511,-31.2682,-32.44891,-33.62714,-34.55244,-35.97585,-37.14613,-38.31359,-39.47813,-40.3473,-41.79811,-42.95336,-44.42265
161.5085,160.7646,160.0055,159.2316,158.4429,158.6312,156.8223,156.9844,155.1454,155.2818,154.4102,153.5253,152.6273,151.7165,151.7917,151.8553,151.9074,151.9479,153.9765,153.9941,156,156.994,157.9759,158.9455,159.9025,161.8458,161.778,162.696,164.5981,165.4883,166.3645,168.222,169.0687,162.9458,156.8223,152.6825,147.5499,142.4183,139.2641,137.0937,136.8883,136.6724,136.4462,136.2095,135.9625,135.7051,135.4374,135.1594,134.8711,134.5725,134.2637,133.9446,133.6154,133.2759,132.9264,131.6129,132.1969,132.7653
28.4783,26.90276,25.34238,23.79732,22.2677,20.88419,19.25536,17.88611,16.30644,14.95194,13.50914,12.0827,10.67274,9.279378,7.955065,6.630147,5.304723,3.978896,2.687671,1.343886,0,-1.370066,-2.75748,-4.162135,-5.583919,-7.066341,-8.478425,-9.950912,-11.50982,-13.02421,-14.55501,-16.19793,-17.76984,-18.56533,-19.25536,-20.10103,-20.73679,-21.28456,-22.05726,-22.94162,-24.1371,-25.33074,-26.52245,-27.71214,-28.89973,-30.08511,-31.2682,-32.44891,-33.62714,-34.80282,-35.97585,-37.14613,-38.31359,-39.47813,-40.63967,-41.4974,-42.95336,-44.42265
160.5237,159.7783,160.0055,159.2316,158.4429,157.6397,156.8223,155.9908,155.1454,154.2864,154.4102,153.5253,152.6273,151.7165,151.7917,151.8553,151.9074,151.9479,153.9765,154.9941,156,156.994,157.9759,158.9455,160.9019,161.8458,161.778,162.696,164.5981,165.4883,166.3645,168.222,169.0687,163.9394,156.8223,152.6825,147.5499,142.4183,140.2517,137.0937,136.8883,136.6724,136.4462,136.2095,135.9625,135.7051,135.4374,135.1594,133.9008,134.5725,133.2978,133.9446,133.6154,133.2759,132.9264,132.5667,132.1969,133.7136
28.30465,26.73771,25.34238,23.79732,22.2677,20.75366,19.25536,17.7729,16.30644,14.85609,13.50914,12.0827,10.67274,9.279378,7.955065,6.630147,5.304723,3.978896,2.687671,1.352613,0,-1.370066,-2.75748,-4.162135,-5.618819,-7.066341,-8.478425,-9.950912,-11.50982,-13.02421,-14.55501,-16.19793,-17.76984,-18.67853,-19.25536,-20.10103,-20.73679,-21.28456,-22.21369,-22.94162,-24.1371,-25.33074,-26.52245,-27.71214,-28.89973,-30.08511,-31.2682,-32.44891,-33.38522,-34.80282,-35.71703,-37.14613,-38.31359,-39.47813,-40.63967,-41.79811,-42.95336,-44.73996
160.5237,159.7783,160.0055,159.2316,158.4429,157.6397,156.8223,155.9908,156.1399,155.2818,153.414,153.5253,152.6273,151.7165,151.7917,151.8553,151.9074,152.9476,152.9767,154.9941,156,156.994,157.9759,159.9452,159.9025,161.8458,161.778,162.696,164.5981,164.4914,166.3645,167.2266,169.0687,163.9394,156.8223,152.6825,146.5597,142.4183,140.2517,137.0937,136.8883,136.6724,136.4462,136.2095,135.9625,135.7051,135.4374,135.1594,134.8711,134.5725,134.2637,133.9446,133.6154,133.2759,132.9264,132.5667,132.1969,132.7653
28.30465,26.73771,25.34238,23.79732,22.2677,20.75366,19.25536,17.7729,16.41097,14.95194,13.42198,12.0827,10.67274,9.279378,7.955065,6.630147,5.304723,4.005073,2.670218,1.352613,0,-1.370066,-2.75748,-4.188312,-5.583919,-7.066341,-8.478425,-9.950912,-11.50982,-12.94575,-14.55501,-16.10209,-17.76984,-18.67853,-19.25536,-20.10103,-20.59762,-21.28456,-22.21369,-22.94162,-24.1371,-25.33074,-26.52245,-27.71214,-28.89973,-30.08511,-31.2682,-32.44891,-33.62714,-34.80282,-35.97585,-37.14613,-38.31359,-39.47813,-40.63967,-41.79811,-42.95336,-44.42265
160.5237,160.7646,160.0055,159.2316,158.4429,157.6397,157.8148,155.9908,156.1399,155.2818,153.414,153.5253,152.6273,151.7165,151.7917,151.8553,151.9074,152.9476,153.9765,154.9941,156,156.994,157.9759,158.9455,159.9025,161.8458,161.778,162.696,164.5981,165.4883,166.3645,168.222,169.0687,162.9458,156.8223,152.6825,146.5597,141.4293,140.2517,137.0937,136.8883,136.6724,136.4462,136.2095,135.9625,135.7051,135.4374,135.1594,134.8711,134.5725,134.2637,133.9446,133.6154,133.2759,131.9701,132.5667,132.1969,133.7136
28.30465,26.90276,25.34238,23.79732,22.2677,20.75366,19.37723,17.7729,16.41097,14.95194,13.42198,12.0827,10.67274,9.279378,7.955065,6.630147,5.304723,4.005073,2.687671,1.352613,0,-1.370066,-2.75748,-4.162135,-5.583919,-7.066341,-8.478425,-9.950912,-11.50982,-13.02421,-14.55501,-16.19793,-17.76984,-18.56533,-19.25536,-20.10103,-20.59762,-21.13675,-22.21369,-22.94162,-24.1371,-25.33074,-26.52245,-27.71214,-28.89973,-30.08511,-31.2682,-32.44891,-33.62714,-34.80282,-35.97585,-37.14613,-38.31359,-39.47813,-40.3473,-41.79811,-42.95336,-44.73996
160.5237,159.7783,160.0055,160.2206,158.4429,158.6312,157.8148,155.9908,156.1399,155.2818,154.4102,153.5253,152.6273,151.7165,151.7917,151.8553,151.9074,151.9479,152.9767,154.9941,156,156.994,157.9759,158.9455,160.9019,161.8458,161.778,162.696,164.5981,165.4883,167.3607,168.222,169.0687,162.9458,156.8223,152.6825,147.5499,141.4293,140.2517,137.0937,136.8883,136.6724,136.4462,136.2095,135.9625,135.7051,135.4374,135.1594,134.8711,134.5725,134.2637,132.981,133.6154,132.3171,132.9264,132.5667,132.1969,132.7653
28.30465,26.73771,25.34238,23.94512,22.2677,20.88419,19.37723,17.7729,16.41097,14.95194,13.50914,12.0827,10.67274,9.279378,7.955065,6.630147,5.304723,3.978896,2.670218,1.352613,0,-1.370066,-2.75748,-4.162135,-5.618819,-7.066341,-8.478425,-9.950912,-11.50982,-13.02421,-14.64216,-16.19793,-17.76984,-18.56533,-19.25536,-20.10103,-20.73679,-21.13675,-22.21369,-22.94162,-24.1371,-25.33074,-26.52245,-27.71214,-28.89973,-30.08511,-31.2682,-32.44891,-33.62714,-34.80282,-35.97585,-36.8789,-38.31359,-39.19412,-40.63967,-41.79811,-42.95336,-44.42265
160.5237,160.7646,160.0055,160.2206,158.4429,157.6397,156.8223,155.9908,155.1454,155.2818,154.4102,153.5253,152.6273,151.7165,151.7917,151.8553,151.9074,151.9479,153.9765,153.9941,156,156.994,157.9759,158.9455,160.9019,161.8458,161.778,162.696,164.5981,165.4883,166.3645,168.222,169.0687,163.9394,156.8223,152.6825,146.5597,142.4183,140.2517,137.0937,136.8883,136.6724,136.4462,136.2095,135.9625,135.7051,135.4374,135.1594,134.8711,134.5725,134.2637,133.9446,132.6541,133.2759,132.9264,132.5667,132.1969,133.7136
28.30465,26.90276,25.34238,23.94512,22.2677,20.75366,19.25536,17.7729,16.30644,14.95194,13.50914,12.0827,10.67274,9.279378,7.955065,6.630147,5.304723,3.978896,2.687671,1.343886,0,-1.370066,-2.75748,-4.162135,-5.618819,-7.066341,-8.478425,-9.950912,-11.50982,-13.02421,-14.55501,-16.19793,-17.76984,-18.67853,-19.25536,-20.10103,-20.59762,-21.28456,-22.21369,-22.94162,-24.1371,-25.33074,-26.52245,-27.71214,-28.89973,-30.08511,-31.2682,-32.44891,-33.62714,-34.80282,-35.97585,-37.14613,-38.03796,-39.47813,-40.63967,-41.79811,-42.95336,-44.73996
162.4933,160.7646,160.0055,160.2206,158.4429,157.6397,156.8223,155.9908,155.1454,155.2818,154.4102,152.5284,152.6273,151.7165,151.7917,151.8553,151.9074,152.9476,152.9767,154.9941,156,156.994,157.9759,158.9455,159.9025,161.8458,161.778,163.6941,164.5981,165.4883,166.3645,167.2266,169.0687,162.9458,155.8297,152.6825,147.5499,142.4183,140.2517,137.0937,136.8883,136.6724,136.4462,136.2095,135.9625,135.7051,135.4374,135.1594,134.8711,133.6044,134.2637,133.9446,133.6154,133.2759,132.9264,131.6129,132.1969,132.7653
28.65195,26.90276,25.34238,23.94512,22.2677,20.75366,19.25536,17.7729,16.30644,14.95194,13.50914,12.00424,10.67274,9.279378,7.955065,6.630147,5.304723,4.005073,2.670218,1.352613,0,-1.370066,-2.75748,-4.162135,-5.583919,-7.066341,-8.478425,-10.01196,-11.50982,-13.02421,-14.55501,-16.10209,-17.76984,-18.56533,-19.13349,-20.10103,-20.73679,-21.28456,-22.21369,-22.94162,-24.1371,-25.33074,-26.52245,-27.71214,-28.89973,-30.08511,-31.2682,-32.44891,-33.62714,-34.55244,-35.97585,-37.14613,-38.31359,-39.47813,-40.63967,-41.4974,-42.95336,-44.42265
