161.5085,160.7646,160.9932,160.2206,159.4332,158.6312,157.8148,156.9844,157.1345,155.2818,155.4064,154.5222,153.6249,152.7146,152.7903,152.8544,152.9068,152.9476,154.9764,154.9941,157,157.994,158.9758,160.9448,160.9019,162.8449,162.7766,163.6941,165.5956,166.4852,167.3607,169.2174,169.0687,162.9458,155.8297,152.6825,146.5597,143.4073,140.2517,138.08,137.8731,137.6557,137.4278,137.1895,136.9407,136.6814,136.4118,136.1318,135.8414,135.5407,135.2296,133.9446,134.5766,134.2348,133.8827,132.5667,133.1479,134.662
28.4783,26.90276,25.49882,23.94512,22.40687,20.88419,19.37723,17.88611,16.5155,14.95194,13.5963,12.16116,10.7425,9.340427,8.007401,6.673766,5.339623,4.005073,2.705123,1.352613,0,-1.378793,-2.774933,-4.214489,-5.618819,-7.10996,-8.530761,-10.01196,-11.57957,-13.10267,-14.64216,-16.29378,-17.76984,-18.56533,-19.13349,-20.10103,-20.59762,-21.43236,-22.21369,-23.10666,-24.31074,-25.51297,-26.71326,-27.91151,-29.10764,-30.30155,-31.49315,-32.68235,-33.86907,-35.0532,-36.23467,-37.14613,-38.58923,-39.76215,-40.93204,-41.79811,-43.26238,-45.05726
162.4933,161.7508,160.9932,161.2096,159.4332,158.6312,157.8148,156.9844,156.1399,156.2772,154.4102,154.5222,152.6273,152.7146,152.7903,152.8544,152.9068,152.9476,153.9765,155.9941,157,157.994,158.9758,159.9452,160.9019,162.8449,162.7766,164.6922,165.5956,166.4852,167.3607,169.2174,169.0687,163.9394,156.8223,152.6825,146.5597,143.4073,140.2517,138.08,137.8731,137.6557,137.4278,137.1895,136.9407,136.6814,136.4118,136.1318,135.8414,135.5407,135.2296,134.9083,133.6154,134.2348,133.8827,132.5667,133.1479,131.817
28.65195,27.06781,25.49882,24.09293,22.40687,20.88419,19.37723,17.88611,16.41097,15.04778,13.50914,12.16116,10.67274,9.340427,8.007401,6.673766,5.339623,4.005073,2.687671,1.36134,0,-1.378793,-2.774933,-4.188312,-5.618819,-7.10996,-8.530761,-10.07301,-11.57957,-13.10267,-14.64216,-16.29378,-17.76984,-18.67853,-19.25536,-20.10103,-20.59762,-21.43236,-22.21369,-23.10666,-24.31074,-25.51297,-26.71326,-27.91151,-29.10764,-30.30155,-31.49315,-32.68235,-33.86907,-35.0532,-36.23467,-37.41337,-38.31359,-39.76215,-40.93204,-41.79811,-43.26238,-44.10535
161.5085,161.7508,160.9932,160.2206,159.4332,158.6312,157.8148,156.9844,157.1345,156.2772,154.4102,153.5253,153.6249,152.7146,152.7903,152.8544,152.9068,153.9472,154.9764,155.9941,157,157.994,158.9758,159.9452,160.9019,162.8449,162.7766,163.6941,165.5956,166.4852,167.3607,168.222,169.0687,163.9394,156.8223,152.6825,146.5597,143.4073,140.2517,138.08,137.8731,137.6557,137.4278,137.1895,136.9407,136.6814,136.4118,136.1318,135.8414,135.5407,135.2296,134.9083,134.5766,133.2759,133.8827,132.5667,133.1479,132.7653
28.4783,27.06781,25.49882,23.94512,22.40687,20.88419,19.37723,17.88611,16.5155,15.04778,13.50914,12.0827,10.7425,9.340427,8.007401,6.673766,5.339623,4.03125,2.705123,1.36134,0,-1.378793,-2.774933,-4.188312,-5.618819,-7.10996,-8.530761,-10.01196,-11.57957,-13.10267,-14.64216,-16.19793,-17.76984,-18.67853,-19.25536,-20.10103,-20.59762,-21.43236,-22.21369,-23.10666,-24.31074,-25.51297,-26.71326,-27.91151,-29.10764,-30.30155,-31.49315,-32.68235,-33.86907,-35.0532,-36.23467,-37.41337,-38.58923,-39.47813,-40.93204,-41.79811,-43.26238,-44.42265
162.4933,161.7508,160.9932,160.2206,159.4332,158.6312,158.8074,157.9779,156.1399,155.2818,155.4064,153.5253,153.6249,152.7146,152.7903,152.8544,152.9068,153.9472,154.9764,154.9941,157,157.994,158.9758,159.9452,160.9019,162.8449,162.7766,163.6941,165.5956,166.4852,168.3569,168.222,169.0687,163.9394,156.8223,152.6825,146.5597,142.4183,139.2641,138.08,137.8731,137.6557,137.4278,137.1895,136.9407,136.6814,136.4118,136.1318,135.8414,135.5407,135.2296,134.9083,134.5766,134.2348,132.9264,133.5204,133.1479,134.662
28.65195,27.06781,25.49882,23.94512,22.40687,20.88419,19.49909,17.99931,16.41097,14.95194,13.5963,12.0827,10.7425,9.340427,8.007401,6.673766,5.339623,4.03125,2.705123,1.352613,0,-1.378793,-2.774933,-4.188312,-5.618819,-7.10996,-8.530761,-10.01196,-11.57957,-13.10267,-14.72932,-16.19793,-17.76984,-18.67853,-19.25536,-20.10103,-20.59762,-21.28456,-22.05726,-23.10666,-24.31074,-25.51297,-26.71326,-27.91151,-29.10764,-30.30155,-31.49315,-32.68235,-33.86907,-35.0532,-36.23467,-37.41337,-38.58923,-39.76215,-40.63967,-42.09881,-43.26238,-45.05726
162.4933,161.7508,160.9932,160.2206,159.4332,158.6312,158.8074,156.9844,156.1399,155.2818,155.4064,153.5253,153.6249,152.7146,152.7903,151.8553,152.9068,153.9472,154.9764,154.9941,157,157.994,159.9756,159.9452,160.9019,162.8449,162.7766,163.6941,165.5956,166.4852,167.3607,168.222,169.0687,162.9458,156.8223,152.6825,147.5499,143.4073,140.2517,138.08,137.8731,137.6557,137.4278,137.1895,136.9407,136.6814,136.4118,136.1318,135.8414,135.5407,135.2296,134.9083,134.5766,133.2759,133.8827,133.5204,133.1479,132.7653
28.65195,27.06781,25.49882,23.94512,22.40687,20.88419,19.49909,17.88611,16.41097,14.95194,13.5963,12.0827,10.7425,9.340427,8.007401,6.630147,5.339623,4.03125,2.705123,1.352613,0,-1.378793,-2.792385,-4.188312,-5.618819,-7.10996,-8.530761,-10.01196,-11.57957,-13.10267,-14.64216,-16.19793,-17.76984,-18.56533,-19.25536,-20.10103,-20.73679,-21.43236,-22.21369,-23.10666,-24.31074,-25.51297,-26.71326,-27.91151,-29.10764,-30.30155,-31.49315,-32.68235,-33.86907,-35.0532,-36.23467,-37.41337,-38.58923,-39.47813,-40.93204,-42.09881,-43.26238,-44.42265
161.5085,161.7508,160.9932,161.2096,159.4332,158.6312,157.8148,157.9779,156.1399,155.2818,154.4102,153.5253,153.6249,152.7146,152.7903,152.8544,152.9068,153.9472,154.9764,155.9941,157,157.994,158.9758,159.9452,160.9019,162.8449,162.7766,163.6941,165.5956,166.4852,167.3607,169.2174,169.0687,162.9458,156.8223,152.6825,146.5597,142.4183,139.2641,138.08,137.8731,137.6557,137.4278,137.1895,136.9407,136.6814,136.4118,136.1318,135.8414,135.5407,135.2296,134.9083,133.6154,134.2348,133.8827,132.5667,133.1479,132.7653
28.4783,27.06781,25.49882,24.09293,22.40687,20.88419,19.37723,17.99931,16.41097,14.95194,13.50914,12.0827,10.7425,9.340427,8.007401,6.673766,5.339623,4.03125,2.705123,1.36134,0,-1.378793,-2.774933,-4.188312,-5.618819,-7.10996,-8.530761,-10.01196,-11.57957,-13.10267,-14.64216,-16.29378,-17.76984,-18.56533,-19.25536,-20.10103,-20.59762,-21.28456,-22.05726,-23.10666,-24.31074,-25.51297,-26.71326,-27.91151,-29.10764,-30.30155,-31.49315,-32.68235,-33.86907,-35.0532,-36.23467,-37.41337,-38.31359,-39.76215,-40.93204,-41.79811,-43.26238,-44.42265
161.5085,161.7508,160.9932,160.2206,159.4332,158.6312,158.8074,156.9844,156.1399,156.2772,154.4102,153.5253,153.6249,152.7146,152.7903,152.8544,152.9068,152.9476,154.9764,155.9941,157,157.994,158.9758,159.9452,160.9019,162.8449,162.7766,163.6941,165.5956,166.4852,168.3569,169.2174,169.0687,163.9394,155.8297,152.6825,146.5597,143.4073,140.2517,138.08,137.8731,137.6557,137.4278,137.1895,136.9407,136.6814,136.4118,136.1318,134.8711,135.5407,135.2296,134.9083,134.5766,134.2348,132.9264,133.5204,132.1969,133.7136
28.4783,27.06781,25.49882,23.94512,22.40687,20.88419,19.49909,17.88611,16.41097,15.04778,13.50914,12.0827,10.7425,9.340427,8.007401,6.673766,5.339623,4.005073,2.705123,1.36134,0,-1.378793,-2.774933,-4.188312,-5.618819,-7.10996,-8.530761,-10.01196,-11.57957,-13.10267,-14.72932,-16.29378,-17.76984,-18.67853,-19.13349,-20.10103,-20.59762,-21.43236,-22.21369,-23.10666,-24.31074,-25.51297,-26.71326,-27.91151,-29.10764,-30.30155,-31.49315,-32.68235,-33.62714,-35.0532,-36.23467,-37.41337,-38.58923,-39.76215,-40.63967,-42.09881,-42.95336,-44.73996
161.5085,161.7508,160.9932,160.2206,159.4332,158.6312,157.8148,156.9844,156.1399,156.2772,154.4102,154.5222,153.6249,152.7146,152.7903,152.8544,152.9068,152.9476,154.9764,155.9941,157,157.994,158.9758,159.9452,160.9019,162.8449,162.7766,163.6941,165.5956,166.4852,167.3607,168.222,169.0687,162.9458,155.8297,152.6825,146.5597,143.4073,140.2517,138.08,137.8731,137.6557,137.4278,137.1895,136.9407,136.6814,136.4118,136.1318,135.8414,135.5407,135.2296,134.9083,134.5766,134.2348,132.9264,132.5667,133.1479,133.7136
28.4783,27.06781,25.49882,23.94512,22.40687,20.88419,19.37723,17.88611,16.41097,15.04778,13.50914,12.16116,10.7425,9.340427,8.007401,6.673766,5.339623,4.005073,2.705123,1.36134,0,-1.378793,-2.774933,-4.188312,-5.618819,-7.10996,-8.530761,-10.01196,-11.57957,-13.10267,-14.64216,-16.19793,-17.76984,-18.56533,-19.13349,-20.10103,-20.59762,-21.43236,-22.21369,-23.10666,-24.31074,-25.51297,-26.71326,-27.91151,-29.10764,-30.30155,-31.49315,-32.68235,-33.86907,-35.0532,-36.23467,-37.41337,-38.58923,-39.76215,-40.63967,-41.79811,-43.26238,-44.73996
161.5085,161.7508,160.9932,161.2096,159.4332,158.6312,157.8148,156.9844,157.1345,155.2818,154.4102,154.5222,153.6249,152.7146,152.7903,152.8544,152.9068,153.9472,154.9764,155.9941,157,157.994,158.9758,159.9452,161.9013,162.8449,162.7766,163.6941,165.5956,166.4852,167.3607,168.222,169.0687,163.9394,156.8223,152.6825,147.5499,143.4073,140.2517,138.08,137.8731,137.6557,137.4278,137.1895,136.9407,136.6814,136.4118,136.1318,135.8414,135.5407,135.2296,134.9083,133.6154,133.2759,133.8827,133.5204,133.1479,133.7136
28.4783,27.06781,25.49882,24.09293,22.40687,20.88419,19.37723,17.88611,16.5155,14.95194,13.50914,12.16116,10.7425,9.340427,8.007401,6.673766,5.339623,4.03125,2.705123,1.36134,0,-1.378793,-2.774933,-4.188312,-5.653718,-7.10996,-8.530761,-10.01196,-11.57957,-13.10267,-14.64216,-16.19793,-17.76984,-18.67853,-19.25536,-20.10103,-20.73679,-21.43236,-22.21369,-23.10666,-24.31074,-25.51297,-26.71326,-27.91151,-29.10764,-30.30155,-31.49315,-32.68235,-33.86907,-35.0532,-36.23467,-37.41337,-38.31359,-39.47813,-40.93204,-42.09881,-43.26238,-44.73996
161.5085,160.7646,160.9932,160.2206,159.4332,158.6312,157.8148,157.9779,156.1399,155.2818,154.4102,153.5253,153.6249,152.7146,152.7903,152.8544,152.9068,153.9472,154.9764,154.9941,157,157.994,158.9758,159.9452,161.9013,162.8449,162.7766,163.6941,165.5956,166.4852,167.3607,169.2174,170.0632,163.9394,156.8223,152.6825,147.5499,142.4183,139.2641,138.08,137.8731,137.6557,137.4278,137.1895,136.9407,136.6814,136.4118,136.1318,135.8414,134.5725,135.2296,133.9446,133.6154,134.2348,133.8827,132.5667,132.1969,132.7653
28.4783,26.90276,25.49882,23.94512,22.40687,20.88419,19.37723,17.99931,16.41097,14.95194,13.50914,12.0827,10.7425,9.340427,8.007401,6.673766,5.339623,4.03125,2.705123,1.352613,0,-1.378793,-2.774933,-4.188312,-5.653718,-7.10996,-8.530761,-10.01196,-11.57957,-13.10267,-14.64216,-16.29378,-17.87437,-18.67853,-19.25536,-20.10103,-20.73679,-21.28456,-22.05726,-23.10666,-24.31074,-25.51297,-26.71326,-27.91151,-29.10764,-30.30155,-31.49315,-32.68235,-33.86907,-34.80282,-36.23467,-37.14613,-38.31359,-39.76215,-40.93204,-41.79811,-42.95336,-44.42265
161.5085,161.7508,160.9932,161.2096,159.4332,158.6312,157.8148,157.9779,156.1399,156.2772,154.4102,153.5253,153.6249,152.7146,152.7903,152.8544,152.9068,152.9476,153.9765,155.9941,157,157.994,158.9758,159.9452,161.9013,162.8449,162.7766,163.6941,165.5956,166.4852,167.3607,169.2174,169.0687,163.9394,156.8223,152.6825,147.5499,142.4183,140.2517,138.08,137.8731,137.6557,137.4278,137.1895,136.9407,136.6814,136.4118,136.1318,135.8414,135.5407,135.2296,134.9083,134.5766,134.2348,133.8827,132.5667,133.1479,132.7653
28.4783,27.06781,25.49882,24.09293,22.40687,20.88419,19.37723,17.99931,16.41097,15.04778,13.50914,12.0827,10.7425,9.340427,8.007401,6.673766,5.339623,4.005073,2.687671,1.36134,0,-1.378793,-2.774933,-4.188312,-5.653718,-7.10996,-8.530761,-10.01196,-11.57957,-13.10267,-14.64216,-16.29378,-17.76984,-18.67853,-19.25536,-20.10103,-20.73679,-21.28456,-22.21369,-23.10666,-24.31074,-25.51297,-26.71326,-27.91151,-29.10764,-30.30155,-31.49315,-32.68235,-33.86907,-35.0532,-36.23467,-37.41337,-38.58923,-39.76215,-40.93204,-41.79811,-43.26238,-44.42265
161.5085,160.7646,160.9932,160.2206,159.4332,158.6312,157.8148,156.9844,156.1399,156.2772,154.4102,153.5253,153.6249,152.7146,152.7903,152.8544,152.9068,153.9472,153.9765,155.9941,157,157.994,158.9758,159.9452,161.9013,162.8449,162.7766,163.6941,165.5956,166.4852,167.3607,168.222,169.0687,162.9458,157.8148,152.6825,147.5499,143.4073,140.2517,138.08,137.8731,137.6557,137.4278,137.1895,136.9407,136.6814,136.4118,136.1318,135.8414,135.5407,135.2296,134.9083,134.5766,133.2759,132.9264,132.5667,133.1479,132.7653
28.4783,26.90276,25.49882,23.94512,22.40687,20.88419,19.37723,17.88611,16.41097,15.04778,13.50914,12.0827,10.7425,9.340427,8.007401,6.673766,5.339623,4.03125,2.687671,1.36134,0,-1.378793,-2.774933,-4.188312,-5.653718,-7.10996,-8.530761,-10.01196,-11.57957,-13.10267,-14.64216,-16.19793,-17.76984,-18.56533,-19.37723,-20.10103,-20.73679,-21.43236,-22.21369,-23.10666,-24.31074,-25.51297,-26.71326,-27.91151,-29.10764,-30.30155,-31.49315,-32.68235,-33.86907,-35.0532,-36.23467,-37.41337,-38.58923,-39.47813,-40.63967,-41.79811,-43.26238,-44.42265
162.4933,161.7508,160.9932,160.2206,159.4332,158.6312,157.8148,156.9844,157.1345,155.2818,154.4102,153.5253,153.6249,152.7146,152.7903,152.8544,152.9068,153.9472,153.9765,155.9941,157,157.994,158.9758,159.9452,160.9019,162.8449,162.7766,163.6941,165.5956,166.4852,167.3607,168.222,169.0687,162.9458,157.8148,152.6825,147.5499,143.4073,140.2517,138.08,137.8731,137.6557,137.4278,137.1895,136.9407,136.6814,136.4118,136.1318,135.8414,134.5725,135.2296,134.9083,134.5766,133.2759,133.8827,133.5204,132.1969,133.7136
28.65195,27.06781,25.49882,23.94512,22.40687,20.88419,19.37723,17.88611,16.5155,14.95194,13.50914,12.0827,10.7425,9.340427,8.007401,6.673766,5.339623,4.03125,2.687671,1.36134,0,-1.378793,-2.774933,-4.188312,-5.618819,-7.10996,-8.530761,-10.01196,-11.57957,-13.10267,-14.64216,-16.19793,-17.76984,-18.56533,-19.37723,-20.10103,-20.73679,-21.43236,-22.21369,-23.10666,-24.31074,-25.51297,-26.71326,-27.91151,-29.10764,-30.30155,-31.49315,-32.68235,-33.86907,-34.80282,-36.23467,-37.41337,-38.58923,-39.47813,-40.93204,-42.09881,-42.95336,-44.73996
161.5085,161.7508,160.9932,160.2206,159.4332,158.6312,157.8148,156.9844,157.1345,155.2818,155.4064,153.5253,153.6249,152.7146,152.7903,152.8544,152.9068,153.9472,153.9765,155.9941,157,157.994,158.9758,159.9452,160.9019,162.8449,162.7766,163.6941,165.5956,166.4852,168.3569,169.2174,169.0687,163.9394,156.8223,152.6825,147.5499,142.4183,140.2517,138.08,137.8731,137.6557,137.4278,137.1895,136.9407,136.6814,136.4118,136.1318,135.8414,135.5407,135.2296,134.9083,134.5766,134.2348,132.9264,133.5204,132.1969,133.7136
28.4783,27.06781,25.49882,23.94512,22.40687,20.88419,19.37723,17.88611,16.5155,14.95194,13.5963,12.0827,10.7425,9.340427,8.007401,6.673766,5.339623,4.03125,2.687671,1.36134,0,-1.378793,-2.774933,-4.188312,-5.618819,-7.10996,-8.530761,-10.01196,-11.57957,-13.10267,-14.72932,-16.29378,-17.76984,-18.67853,-19.25536,-20.10103,-20.73679,-21.28456,-22.21369,-23.10666,-24.31074,-25.51297,-26.71326,-27.91151,-29.10764,-30.30155,-31.49315,-32.68235,-33.86907,-35.0532,-36.23467,-37.41337,-38.58923,-39.76215,-40.63967,-42.09881,-42.95336,-44.73996
161.5085,161.7508,160.9932,160.2206,159.4332,158.6312,157.8148,156.9844,157.1345,155.2818,155.4064,153.5253,153.6249,152.7146,152.7903,152.8544,152.9068,153.9472,153.9765,155.9941,157,157.994,158.9758,159.9452,161.9013,162.8449,162.7766,163.6941,164.5981,166.4852,167.3607,168.222,169.0687,163.9394,157.8148,152.6825,147.5499,142.4183,139.2641,138.08,137.8731,137.6557,137.4278,137.1895,136.9407,136.6814,136.4118,136.1318,135.8414,135.5407,135.2296,134.9083,134.5766,134.2348,133.8827,133.5204,133.1479,131.817
28.4783,27.06781,25.49882,23.94512,22.40687,20.88419,19.37723,17.88611,16.5155,14.95194,13.5963,12.0827,10.7425,9.340427,8.007401,6.673766,5.339623,4.03125,2.687671,1.36134,0,-1.378793,-2.774933,-4.188312,-5.653718,-7.10996,-8.530761,-10.01196,-11.50982,-13.10267,-14.64216,-16.19793,-17.76984,-18.67853,-19.37723,-20.10103,-20.73679,-21.28456,-22.05726,-23.10666,-24.31074,-25.51297,-26.71326,-27.91151,-29.10764,-30.30155,-31.49315,-32.68235,-33.86907,-35.0532,-36.23467,-37.41337,-38.58923,-39.76215,-40.93204,-42.09881,-43.26238,-44.10535
162.4933,161.7508,160.9932,160.2206,159.4332,158.6312,157.8148,157.9779,156.1399,155.2818,155.4064,154.5222,153.6249,152.7146,152.7903,152.8544,152.9068,153.9472,153.9765,154.9941,157,157.994,158.9758,159.9452,161.9013,162.8449,162.7766,163.6941,164.5981,166.4852,167.3607,169.2174,171.0578,163.9394,156.8223,152.6825,147.5499,142.4183,140.2517,138.08,137.8731,137.6557,137.4278,137.1895,136.9407,136.6814,136.4118,136.1318,135.8414,134.5725,135.2296,134.9083,134.5766,133.2759,133.8827,133.5204,133.1479,132.7653
28.65195,27.06781,25.49882,23.94512,22.40687,20.88419,19.37723,17.99931,16.41097,14.95194,13.5963,12.16116,10.7425,9.340427,8.007401,6.673766,5.339623,4.03125,2.687671,1.352613,0,-1.378793,-2.774933,-4.188312,-5.653718,-7.10996,-8.530761,-10.01196,-11.50982,-13.10267,-14.64216,-16.29378,-17.9789,-18.67853,-19.25536,-20.10103,-20.73679,-21.28456,-22.21369,-23.10666,-24.31074,-25.51297,-26.71326,-27.91151,-29.10764,-30.30155,-31.49315,-32.68235,-33.86907,-34.80282,-36.23467,-37.41337,-38.58923,-39.47813,-40.93204,-42.09881,-43.26238,-44.42265
161.5085,160.7646,160.9932,161.2096,159.4332,158.6312,158.8074,156.9844,157.1345,156.2772,154.4102,154.5222,153.6249,152.7146,152.7903,152.8544,152.9068,153.9472,154.9764,154.9941,157,157.994,158.9758,159.9452,160.9019,162.8449,162.7766,163.6941,165.5956,166.4852,167.3607,168.222,169.0687,163.9394,156.8223,152.6825,147.5499,143.4073,140.2517,138.08,137.8731,137.6557,137.4278,137.1895,136.9407,136.6814,136.4118,135.1594,134.8711,135.5407,134.2637,133.9446,134.5766,134.2348,132.9264,132.5667,133.1479,132.7653
28.4783,26.90276,25.49882,24.09293,22.40687,20.88419,19.49909,17.88611,16.5155,15.04778,13.50914,12.16116,10.7425,9.340427,8.007401,6.673766,5.339623,4.03125,2.705123,1.352613,0,-1.378793,-2.774933,-4.188312,-5.618819,-7.10996,-8.530761,-10.01196,-11.57957,-13.10267,-14.64216,-16.19793,-17.76984,-18.67853,-19.25536,-20.10103,-20.73679,-21.43236,-22.21369,-23.10666,-24.31074,-25.51297,-26.71326,-27.91151,-29.10764,-30.30155,-31.49315,-32.44891,-33.62714,-35.0532,-35.97585,-37.14613,-38.58923,-39.76215,-40.63967,-41.79811,-43.26238,-44.42265
162.4933,160.7646,160.9932,160.2206,159.4332,158.6312,157.8148,156.9844,156.1399,155.2818,154.4102,154.5222,153.6249,152.7146,152.7903,152.8544,152.9068,153.9472,154.9764,155.9941,157,157.994,158.9758,159.9452,161.9013,162.8449,162.7766,163.6941,164.5981,166.4852,167.3607,168.222,169.0687,163.9394,156.8223,152.6825,147.5499,142.4183,140.2517,138.08,137.8731,137.6557,137.4278,137.1895,136.9407,136.6814,136.4118,136.1318,135.8414,135.5407,135.2296,134.9083,134.5766,134.2348,133.8827,132.5667,133.1479,133.7136
28.65195,26.90276,25.49882,23.94512,22.40687,20.88419,19.37723,17.88611,16.41097,14.95194,13.50914,12.16116,10.7425,9.340427,8.007401,6.673766,5.339623,4.03125,2.705123,1.36134,0,-1.378793,-2.774933,-4.188312,-5.653718,-7.10996,-8.530761,-10.01196,-11.50982,-13.10267,-14.64216,-16.19793,-17.76984,-18.67853,-19.25536,-20.10103,-20.73679,-21.28456,-22.21369,-23.10666,-24.31074,-25.51297,-26.71326,-27.91151,-29.10764,-30.30155,-31.49315,-32.68235,-33.86907,-35.0532,-36.23467,-37.41337,-38.58923,-39.76215,-40.93204,-41.79811,-43.26238,-44.73996
162.4933,161.7508,160.9932,160.2206,159.4332,158.6312,158.8074,156.9844,156.1399,156.2772,155.4064,153.5253,153.6249,152.7146,152.7903,152.8544,152.9068,153.9472,154.9764,155.9941,157,157.994,158.9758,159.9452,160.9019,162.8449,162.7766,163.6941,165.5956,166.4852,167.3607,169.2174,169.0687,162.9458,156.8223,152.6825,146.5597,143.4073,140.2517,138.08,137.8731,137.6557,137.4278,137.1895,136.9407,136.6814,136.4118,136.1318,135.8414,135.5407,135.2296,134.9083,134.5766,133.2759,133.8827,132.5667,132.1969,134.662
28.65195,27.06781,25.49882,23.94512,22.40687,20.88419,19.49909,17.88611,16.41097,15.04778,13.5963,12.0827,10.7425,9.340427,8.007401,6.673766,5.339623,4.03125,2.705123,1.36134,0,-1.378793,-2.774933,-4.188312,-5.618819,-7.10996,-8.530761,-10.01196,-11.57957,-13.10267,-14.64216,-16.29378,-17.76984,-18.56533,-19.25536,-20.10103,-20.59762,-21.43236,-22.21369,-23.10666,-24.31074,-25.51297,-26.71326,-27.91151,-29.10764,-30.30155,-31.49315,-32.68235,-33.86907,-35.0532,-36.23467,-37.41337,-38.58923,-39.47813,-40.93204,-41.79811,-42.95336,-45.05726
161.5085,161.7508,160.9932,160.2206,160.4234,158.6312,157.8148,156.9844,157.1345,155.2818,154.4102,154.5222,153.6249,152.7146,152.7903,152.8544,152.9068,152.9476,153.9765,155.9941,157,157.994,157.9759,159.9452,160.9019,162.8449,162.7766,163.6941,165.5956,166.4852,168.3569,169.2174,169.0687,162.9458,156.8223,152.6825,147.5499,143.4073,140.2517,138.08,137.8731,137.6557,137.4278,137.1895,136.9407,136.6814,136.4118,136.1318,135.8414,135.5407,134.2637,133.9446,134.5766,133.2759,132.9264,133.5204,133.1479,132.7653
28.4783,27.06781,25.49882,23.94512,22.54604,20.88419,19.37723,17.88611,16.5155,14.95194,13.50914,12.16116,10.7425,9.340427,8.007401,6.673766,5.339623,4.005073,2.687671,1.36134,0,-1.378793,-2.75748,-4.188312,-5.618819,-7.10996,-8.530761,-10.01196,-11.57957,-13.10267,-14.72932,-16.29378,-17.76984,-18.56533,-19.25536,-20.10103,-20.73679,-21.43236,-22.21369,-23.10666,-24.31074,-25.51297,-26.71326,-27.91151,-29.10764,-30.30155,-31.49315,-32.68235,-33.86907,-35.0532,-35.97585,-37.14613,-38.58923,-39.47813,-40.63967,-42.09881,-43.26238,-44.42265
162.4933,161.7508,160.9932,160.2206,159.4332,159.6226,157.8148,156.9844,156.1399,156.2772,154.4102,154.5222,153.6249,152.7146,152.7903,152.8544,152.9068,153.9472,153.9765,154.9941,157,157.994,158.9758,159.9452,161.9013,162.8449,162.7766,163.6941,165.5956,166.4852,167.3607,169.2174,169.0687,163.9394,156.8223,152.6825,147.5499,143.4073,140.2517,138.08,137.8731,137.6557,137.4278,137.1895,136.9407,136.6814,136.4118,136.1318,134.8711,134.5725,134.2637,134.9083,134.5766,133.2759,133.8827,132.5667,132.1969,133.7136
28.65195,27.06781,25.49882,23.94512,22.40687,21.01472,19.37723,17.88611,16.41097,15.04778,13.50914,12.16116,10.7425,9.340427,8.007401,6.673766,5.339623,4.03125,2.687671,1.352613,0,-1.378793,-2.774933,-4.188312,-5.653718,-7.10996,-8.530761,-10.01196,-11.57957,-13.10267,-14.64216,-16.29378,-17.76984,-18.67853,-19.25536,-20.10103,-20.73679,-21.43236,-22.21369,-23.10666,-24.31074,-25.51297,-26.71326,-27.91151,-29.10764,-30.30155,-31.49315,-32.68235,-33.62714,-34.80282,-35.97585,-37.41337,-38.58923,-39.47813,-40.93204,-41.79811,-42.95336,-44.73996
162.4933,161.7508,160.9932,161.2096,160.4234,158.6312,157.8148,157.9779,156.1399,156.2772,154.4102,154.5222,153.6249,152.7146,152.7903,152.8544,152.9068,152.9476,153.9765,155.9941,157,157.994,158.9758,159.9452,160.9019,162.8449,162.7766,163.6941,165.5956,166.4852,168.3569,169.2174,169.0687,163.9394,156.8223,152.6825,146.5597,143.4073,140.2517,138.08,137.8731,137.6557,137.4278,137.1895,136.9407,136.6814,136.4118,136.1318,135.8414,134.5725,135.2296,133.9446,134.5766,133.2759,133.8827,132.5667,132.1969,133.7136
28.65195,27.06781,25.49882,24.09293,22.54604,20.88419,19.37723,17.99931,16.41097,15.04778,13.50914,12.16116,10.7425,9.340427,8.007401,6.673766,5.339623,4.005073,2.687671,1.36134,0,-1.378793,-2.774933,-4.188312,-5.618819,-7.10996,-8.530761,-10.01196,-11.57957,-13.10267,-14.72932,-16.29378,-17.76984,-18.67853,-19.25536,-20.10103,-20.59762,-21.43236,-22.21369,-23.10666,-24.31074,-25.51297,-26.71326,-27.91151,-29.10764,-30.30155,-31.49315,-32.68235,-33.86907,-34.80282,-36.23467,-37.14613,-38.58923,-39.47813,-40.93204,-41.79811,-42.95336,-44.73996
161.5085,160.7646,160.9932,160.2206,160.4234,158.6312,157.8148,157.9779,157.1345,156.2772,155.4064,154.5222,153.6249,152.7146,152.7903,152.8544,152.9068,153.9472,153.9765,155.9941,157,157.994,158.9758,159.9452,161.9013,162.8449,162.7766,163.6941,165.5956,166.4852,167.3607,168.222,169.0687,163.9394,156.8223,152.6825,147.5499,143.4073,140.2517,138.08,137.8731,137.6557,137.4278,137.1895,136.9407,136.6814,136.4118,136.1318,135.8414,135.5407,135.2296,134.9083,134.5766,134.2348,133.8827,133.5204,133.1479,133.7136
28.4783,26.90276,25.49882,23.94512,22.54604,20.88419,19.37723,17.99931,16.5155,15.04778,13.5963,12.16116,10.7425,9.340427,8.007401,6.673766,5.339623,4.03125,2.687671,1.36134,0,-1.378793,-2.774933,-4.188312,-5.653718,-7.10996,-8.530761,-10.01196,-11.57957,-13.10267,-14.64216,-16.19793,-17.76984,-18.67853,-19.25536,-20.10103,-20.73679,-21.43236,-22.21369,-23.10666,-24.31074,-25.51297,-26.71326,-27.91151,-29.10764,-30.30155,-31.49315,-32.68235,-33.86907,-35.0532,-36.23467,-37.41337,-38.58923,-39.76215,-40.93204,-42.09881,-43.26238,-44.73996
162.4933,160.7646,160.9932,161.2096,159.4332,158.6312,157.8148,156.9844,156.1399,155.2818,154.4102,154.5222,153.6249,152.7146,152.7903,152.8544,152.9068,152.9476,153.9765,155.9941,157,157.994,158.9758,159.9452,160.9019,162.8449,162.7766,163.6941,165.5956,165.4883,167.3607,169.2174,169.0687,163.9394,157.8148,152.6825,147.5499,143.4073,140.2517,138.08,137.8731,137.6557,137.4278,137.1895,136.9407,136.6814,136.4118,136.1318,135.8414,135.5407,135.2296,134.9083,133.6154,134.2348,133.8827,133.5204,133.1479,133.7136
28.65195,26.90276,25.49882,24.09293,22.40687,20.88419,19.37723,17.88611,16.41097,14.95194,13.50914,12.16116,10.7425,9.340427,8.007401,6.673766,5.339623,4.005073,2.687671,1.36134,0,-1.378793,-2.774933,-4.188312,-5.618819,-7.10996,-8.530761,-10.01196,-11.57957,-13.02421,-14.64216,-16.29378,-17.76984,-18.67853,-19.37723,-20.10103,-20.73679,-21.43236,-22.21369,-23.10666,-24.31074,-25.51297,-26.71326,-27.91151,-29.10764,-30.30155,-31.49315,-32.68235,-33.86907,-35.0532,-36.23467,-37.41337,-38.31359,-39.76215,-40.93204,-42.09881,-43.26238,-44.73996
161.5085,161.7508,160.9932,161.2096,160.4234,158.6312,157.8148,156.9844,157.1345,156.2772,155.4064,154.5222,153.6249,152.7146,152.7903,152.8544,152.9068,152.9476,153.9765,155.9941,157,157.994,158.9758,159.9452,160.9019,162.8449,162.7766,163.6941,165.5956,166.4852,167.3607,169.2174,169.0687,163.9394,156.8223,152.6825,147.5499,143.4073,140.2517,138.08,137.8731,137.6557,137.4278,137.1895,136.9407,136.6814,136.4118,136.1318,135.8414,135.5407,135.2296,134.9083,133.6154,133.2759,133.8827,133.5204,132.1969,133.7136
28.4783,27.06781,25.49882,24.09293,22.54604,20.88419,19.37723,17.88611,16.5155,15.04778,13.5963,12.16116,10.7425,9.340427,8.007401,6.673766,5.339623,4.005073,2.687671,1.36134,0,-1.378793,-2.774933,-4.188312,-5.618819,-7.10996,-8.530761,-10.01196,-11.57957,-13.10267,-14.64216,-16.29378,-17.76984,-18.67853,-19.25536,-20.10103,-20.73679,-21.43236,-22.21369,-23.10666,-24.31074,-25.51297,-26.71326,-27.91151,-29.10764,-30.30155,-31.49315,-32.68235,-33.86907,-35.0532,-36.23467,-37.41337,-38.31359,-39.47813,-40.93204,-42.09881,-42.95336,-44.73996
162.4933,161.7508,160.9932,160.2206,159.4332,158.6312,157.8148,156.9844,156.1399,156.2772,154.4102,154.5222,153.6249,152.7146,152.7903,152.8544,152.9068,152.9476,153.9765,155.9941,157,157.994,158.9758,160.9448,161.9013,162.8449,162.7766,163.6941,165.5956,166.4852,168.3569,168.222,169.0687,162.9458,156.8223,152.6825,146.5597,142.4183,140.2517,138.08,137.8731,137.6557,137.4278,137.1895,136.9407,136.6814,136.4118,136.1318,135.8414,135.5407,135.2296,134.9083,134.5766,134.2348,132.9264,132.5667,133.1479,134.662
28.65195,27.06781,25.49882,23.94512,22.40687,20.88419,19.37723,17.88611,16.41097,15.04778,13.50914,12.16116,10.7425,9.340427,8.007401,6.673766,5.339623,4.005073,2.687671,1.36134,0,-1.378793,-2.774933,-4.214489,-5.653718,-7.10996,-8.530761,-10.01196,-11.57957,-13.10267,-14.72932,-16.19793,-17.76984,-18.56533,-19.25536,-20.10103,-20.59762,-21.28456,-22.21369,-23.10666,-24.31074,-25.51297,-26.71326,-27.91151,-29.10764,-30.30155,-31.49315,-32.68235,-33.86907,-35.0532,-36.23467,-37.41337,-38.58923,-39.76215,-40.63967,-41.79811,-43.26238,-45.05726
162.4933,160.7646,160.9932,160.2206,159.4332,158.6312,157.8148,156.9844,156.1399,156.2772,154.4102,153.5253,153.6249,152.7146,152.7903,152.8544,152.9068,152.9476,154.9764,155.9941,157,157.994,158.9758,159.9452,161.9013,162.8449,162.7766,163.6941,165.5956,165.4883,168.3569,168.222,168.0742,162.9458,156.8223,152.6825,147.5499,142.4183,140.2517,138.08,137.8731,137.6557,137.4278,137.1895,136.9407,136.6814,136.4118,136.1318,135.8414,135.5407,135.2296,134.9083,134.5766,134.2348,133.8827,133.5204,132.1969,132.7653
28.65195,26.90276,25.49882,23.94512,22.40687,20.88419,19.37723,17.88611,16.41097,15.04778,13.50914,12.0827,10.7425,9.340427,8.007401,6.673766,5.339623,4.005073,2.705123,1.36134,0,-1.378793,-2.774933,-4.188312,-5.653718,-7.10996,-8.530761,-10.01196,-11.57957,-13.02421,-14.72932,-16.19793,-17.66531,-18.56533,-19.25536,-20.10103,-20.73679,-21.28456,-22.21369,-23.10666,-24.31074,-25.51297,-26.71326,-27.91151,-29.10764,-30.30155,-31.49315,-32.68235,-33.86907,-35.0532,-36.23467,-37.41337,-38.58923,-39.76215,-40.93204,-42.09881,-42.95336,-44.42265
162.4933,161.7508,160.9932,160.2206,159.4332,158.6312,157.8148,156.9844,157.1345,156.2772,155.4064,154.5222,153.6249,152.7146,152.7903,152.8544,152.9068,153.9472,154.9764,155.9941,157,157.994,158.9758,159.9452,160.9019,162.8449,162.7766,163.6941,165.5956,166.4852,167.3607,168.222,169.0687,163.9394,156.8223,152.6825,147.5499,143.4073,140.2517,138.08,137.8731,137.6557,137.4278,137.1895,136.9407,136.6814,136.4118,136.1318,135.8414,135.5407,134.2637,134.9083,134.5766,134.2348,133.8827,132.5667,133.1479,132.7653
28.65195,27.06781,25.49882,23.94512,22.40687,20.88419,19.37723,17.88611,16.5155,15.04778,13.5963,12.16116,10.7425,9.340427,8.007401,6.673766,5.339623,4.03125,2.705123,1.36134,0,-1.378793,-2.774933,-4.188312,-5.618819,-7.10996,-8.530761,-10.01196,-11.57957,-13.10267,-14.64216,-16.19793,-17.76984,-18.67853,-19.25536,-20.10103,-20.73679,-21.43236,-22.21369,-23.10666,-24.31074,-25.51297,-26.71326,-27.91151,-29.10764,-30.30155,-31.49315,-32.68235,-33.86907,-35.0532,-35.97585,-37.41337,-38.58923,-39.76215,-40.93204,-41.79811,-43.26238,-44.42265
161.5085,161.7508,160.9932,161.2096,160.4234,158.6312,158.8074,156.9844,156.1399,155.2818,154.4102,154.5222,153.6249,152.7146,152.7903,152.8544,152.9068,152.9476,153.9765,154.9941,157,157.994,158.9758,159.9452,160.9019,162.8449,162.7766,163.6941,165.5956,166.4852,168.3569,169.2174,169.0687,162.9458,156.8223,152.6825,146.5597,143.4073,140.2517,138.08,137.8731,137.6557,137.4278,137.1895,136.9407,136.6814,136.4118,136.1318,135.8414,135.5407,135.2296,133.9446,134.5766,134.2348,132.9264,132.5667,133.1479,133.7136
28.4783,27.06781,25.49882,24.09293,22.54604,20.88419,19.49909,17.88611,16.41097,14.95194,13.50914,12.16116,10.7425,9.340427,8.007401,6.673766,5.339623,4.005073,2.687671,1.352613,0,-1.378793,-2.774933,-4.188312,-5.618819,-7.10996,-8.530761,-10.01196,-11.57957,-13.10267,-14.72932,-16.29378,-17.76984,-18.56533,-19.25536,-20.10103,-20.59762,-21.43236,-22.21369,-23.10666,-24.31074,-25.51297,-26.71326,-27.91151,-29.10764,-30.30155,-31.49315,-32.68235,-33.86907,-35.0532,-36.23467,-37.14613,-38.58923,-39.76215,-40.63967,-41.79811,-43.26238,-44.73996
162.4933,161.7508,160.9932,161.2096,160.4234,158.6312,158.8074,156.9844,157.1345,155.2818,155.4064,154.5222,153.6249,152.7146,152.7903,152.8544,152.9068,152.9476,153.9765,155.9941,157,157.994,158.9758,159.9452,161.9013,162.8449,162.7766,163.6941,165.5956,166.4852,168.3569,169.2174,169.0687,163.9394,156.8223,152.6825,146.5597,142.4183,139.2641,138.08,137.8731,137.6557,137.4278,137.1895,136.9407,136.6814,136.4118,136.1318,135.8414,135.5407,135.2296,134.9083,133.6154,133.2759,132.9264,133.5204,133.1479,131.817
28.65195,27.06781,25.49882,24.09293,22.54604,20.88419,19.49909,17.88611,16.5155,14.95194,13.5963,12.16116,10.7425,9.340427,8.007401,6.673766,5.339623,4.005073,2.687671,1.36134,0,-1.378793,-2.774933,-4.188312,-5.653718,-7.10996,-8.530761,-10.01196,-11.57957,-13.10267,-14.72932,-16.29378,-17.76984,-18.67853,-19.25536,-20.10103,-20.59762,-21.28456,-22.05726,-23.10666,-24.31074,-25.51297,-26.71326,-27.91151,-29.10764,-30.30155,-31.49315,-32.68235,-33.86907,-35.0532,-36.23467,-37.41337,-38.31359,-39.47813,-40.63967,-42.09881,-43.26238,-44.10535
