132.5527,136.7342,135.3688,135.841,136.3027,136.7541,138.1348,138.5683,138.9912,138.4553,138.8543,139.2427,140.5768,141.9053,143.228,143.5809,142.957,144.254,144.5741,145.8555,147.1299,151.3259,156.5036,161.6876,161.9685,160.2705,159.5389,157.8057,158.0301,156.2645,156.4624,154.6654,153.8447,154.0036,154.1509,154.2864,155.4064,156.516,156.6176,157.7053,157.7835,159.8477,160.9019,160.9448,161.9753,162.9938,163,162.9938,162.9752
56.26528,56.63715,54.69256,53.50918,52.32172,51.13028,50.27696,49.06961,47.85852,46.32648,45.11648,43.90305,42.97864,42.03427,41.06997,39.81852,38.30522,37.30662,36.04636,35.0168,33.96761,33.54814,33.26587,32.89571,31.48348,29.70439,28.131,26.40762,25.02951,23.35389,21.98935,20.36209,18.88975,17.5465,16.20191,14.85609,13.5963,12.31808,10.95177,9.645669,8.269081,6.979102,5.618819,4.214489,2.82729,1.422425,0,-1.422425,-2.844742
133.4732,136.7342,135.3688,135.841,136.3027,136.7541,138.1348,137.6257,138.0457,138.4553,138.8543,140.1964,140.5768,140.9465,142.2667,142.6173,142.957,143.2859,144.5741,144.8831,147.1299,151.3259,156.5036,162.6675,161.9685,161.2538,159.5389,157.8057,157.0424,156.2645,156.4624,154.6654,153.8447,154.0036,154.1509,154.2864,155.4064,155.5191,156.6176,157.7053,157.7835,159.8477,160.9019,160.9448,161.9753,162.9938,163,162.9938,163.975
56.65601,56.63715,54.69256,53.50918,52.32172,51.13028,50.27696,48.7358,47.53295,46.32648,45.11648,44.20375,42.97864,41.75026,40.79433,39.55128,38.30522,37.05624,36.04636,34.78336,33.96761,33.54814,33.26587,33.09508,31.48348,29.88663,28.131,26.40762,24.87308,23.35389,21.98935,20.36209,18.88975,17.5465,16.20191,14.85609,13.5963,12.23962,10.95177,9.645669,8.269081,6.979102,5.618819,4.214489,2.82729,1.422425,0,-1.422425,-2.862195
134.3937,136.7342,135.3688,135.841,135.3692,137.6908,138.1348,137.6257,138.9912,138.4553,138.8543,142.1038,140.5768,142.8641,142.2667,143.5809,142.957,144.254,144.5741,144.8831,147.1299,151.3259,156.5036,161.6876,161.9685,160.2705,159.5389,157.8057,157.0424,156.2645,155.4721,154.6654,153.8447,153.0101,154.1509,154.2864,155.4064,156.516,156.6176,157.7053,158.7821,158.8487,159.9025,160.9448,160.9755,161.9938,163,162.9938,162.9752
57.04674,56.63715,54.69256,53.50918,51.96335,51.48049,50.27696,48.7358,47.85852,46.32648,45.11648,44.80516,42.97864,42.31829,40.79433,39.81852,38.30522,37.30662,36.04636,34.78336,33.96761,33.54814,33.26587,32.89571,31.48348,29.70439,28.131,26.40762,24.87308,23.35389,21.85018,20.36209,18.88975,17.43329,16.20191,14.85609,13.5963,12.31808,10.95177,9.645669,8.321417,6.935483,5.583919,4.214489,2.809837,1.413699,0,-1.422425,-2.844742
133.4732,137.6581,135.3688,135.841,136.3027,136.7541,138.1348,138.5683,138.9912,139.4036,138.8543,139.2427,142.4894,140.9465,143.228,143.5809,142.957,144.254,144.5741,144.8831,147.1299,151.3259,157.4818,161.6876,161.9685,160.2705,159.5389,157.8057,157.0424,155.2755,154.4818,154.6654,153.8447,154.0036,154.1509,154.2864,155.4064,156.516,156.6176,157.7053,157.7835,159.8477,160.9019,161.9445,161.9753,162.9938,163,162.9938,163.975
56.65601,57.01983,54.69256,53.50918,52.32172,51.13028,50.27696,49.06961,47.85852,46.64378,45.11648,43.90305,43.56338,41.75026,41.06997,39.81852,38.30522,37.30662,36.04636,34.78336,33.96761,33.54814,33.47378,32.89571,31.48348,29.70439,28.131,26.40762,24.87308,23.20608,21.711,20.36209,18.88975,17.5465,16.20191,14.85609,13.5963,12.31808,10.95177,9.645669,8.269081,6.979102,5.618819,4.240666,2.82729,1.422425,0,-1.422425,-2.862195
133.4732,137.6581,135.3688,135.841,136.3027,135.8175,137.1951,137.6257,138.9912,139.4036,139.8053,139.2427,140.5768,142.8641,141.3055,143.5809,142.957,144.254,144.5741,144.8831,147.1299,151.3259,157.4818,161.6876,161.9685,160.2705,159.5389,157.8057,157.0424,156.2645,156.4624,154.6654,153.8447,153.0101,154.1509,154.2864,155.4064,155.5191,156.6176,157.7053,158.7821,159.8477,159.9025,160.9448,161.9753,161.9938,163,162.9938,163.975
56.65601,57.01983,54.69256,53.50918,52.32172,50.78007,49.93494,48.7358,47.85852,46.64378,45.4255,43.90305,42.97864,42.31829,40.51869,39.81852,38.30522,37.30662,36.04636,34.78336,33.96761,33.54814,33.47378,32.89571,31.48348,29.70439,28.131,26.40762,24.87308,23.35389,21.98935,20.36209,18.88975,17.43329,16.20191,14.85609,13.5963,12.23962,10.95177,9.645669,8.321417,6.979102,5.583919,4.214489,2.82729,1.413699,0,-1.422425,-2.862195
133.4732,136.7342,135.3688,135.841,135.3692,136.7541,137.1951,138.5683,138.9912,138.4553,138.8543,140.1964,142.4894,140.9465,143.228,143.5809,142.957,144.254,144.5741,144.8831,147.1299,151.3259,156.5036,161.6876,161.9685,161.2538,159.5389,157.8057,157.0424,156.2645,156.4624,153.674,153.8447,153.0101,153.1564,154.2864,155.4064,156.516,156.6176,157.7053,158.7821,158.8487,160.9019,160.9448,160.9755,161.9938,163,163.9938,164.9749
56.65601,56.63715,54.69256,53.50918,51.96335,51.13028,49.93494,49.06961,47.85852,46.32648,45.11648,44.20375,43.56338,41.75026,41.06997,39.81852,38.30522,37.30662,36.04636,34.78336,33.96761,33.54814,33.26587,32.89571,31.48348,29.88663,28.131,26.40762,24.87308,23.35389,21.98935,20.23156,18.88975,17.43329,16.09738,14.85609,13.5963,12.31808,10.95177,9.645669,8.321417,6.935483,5.618819,4.214489,2.809837,1.413699,0,-1.431152,-2.879647
132.5527,136.7342,135.3688,135.841,136.3027,137.6908,137.1951,138.5683,138.9912,138.4553,138.8543,140.1964,142.4894,142.8641,143.228,143.5809,142.957,144.254,144.5741,144.8831,146.1555,151.3259,156.5036,162.6675,161.9685,161.2538,158.554,157.8057,157.0424,156.2645,156.4624,154.6654,153.8447,153.0101,154.1509,154.2864,155.4064,156.516,156.6176,157.7053,158.7821,158.8487,160.9019,160.9448,160.9755,162.9938,163,162.9938,162.9752
56.26528,56.63715,54.69256,53.50918,52.32172,51.48049,49.93494,49.06961,47.85852,46.32648,45.11648,44.20375,43.56338,42.31829,41.06997,39.81852,38.30522,37.30662,36.04636,34.78336,33.74266,33.54814,33.26587,33.09508,31.48348,29.88663,27.95736,26.40762,24.87308,23.35389,21.98935,20.36209,18.88975,17.43329,16.20191,14.85609,13.5963,12.31808,10.95177,9.645669,8.321417,6.935483,5.618819,4.214489,2.809837,1.422425,0,-1.422425,-2.844742
132.5527,136.7342,135.3688,135.841,136.3027,136.7541,137.1951,137.6257,138.0457,138.4553,138.8543,140.1964,140.5768,140.9465,143.228,143.5809,143.9229,144.254,144.5741,145.8555,146.1555,151.3259,156.5036,161.6876,161.9685,160.2705,158.554,157.8057,157.0424,156.2645,154.4818,154.6654,153.8447,153.0101,154.1509,154.2864,155.4064,156.516,156.6176,157.7053,157.7835,158.8487,160.9019,160.9448,160.9755,162.9938,163,162.9938,162.9752
56.26528,56.63715,54.69256,53.50918,52.32172,51.13028,49.93494,48.7358,47.53295,46.32648,45.11648,44.20375,42.97864,41.75026,41.06997,39.81852,38.56404,37.30662,36.04636,35.0168,33.74266,33.54814,33.26587,32.89571,31.48348,29.70439,27.95736,26.40762,24.87308,23.35389,21.711,20.36209,18.88975,17.43329,16.20191,14.85609,13.5963,12.31808,10.95177,9.645669,8.269081,6.935483,5.618819,4.214489,2.809837,1.422425,0,-1.422425,-2.844742
132.5527,136.7342,135.3688,135.841,136.3027,136.7541,137.1951,137.6257,138.9912,138.4553,139.8053,139.2427,142.4894,140.9465,143.228,143.5809,142.957,144.254,144.5741,144.8831,147.1299,151.3259,156.5036,161.6876,161.9685,160.2705,158.554,157.8057,157.0424,155.2755,155.4721,154.6654,153.8447,153.0101,154.1509,154.2864,155.4064,155.5191,156.6176,157.7053,158.7821,158.8487,160.9019,160.9448,160.9755,161.9938,163,162.9938,161.9753
56.26528,56.63715,54.69256,53.50918,52.32172,51.13028,49.93494,48.7358,47.85852,46.32648,45.4255,43.90305,43.56338,41.75026,41.06997,39.81852,38.30522,37.30662,36.04636,34.78336,33.96761,33.54814,33.26587,32.89571,31.48348,29.70439,27.95736,26.40762,24.87308,23.20608,21.85018,20.36209,18.88975,17.43329,16.20191,14.85609,13.5963,12.23962,10.95177,9.645669,8.321417,6.935483,5.618819,4.214489,2.809837,1.413699,0,-1.422425,-2.82729
131.6322,135.8103,135.3688,135.841,136.3027,136.7541,137.1951,138.5683,138.9912,139.4036,138.8543,140.1964,139.6205,142.8641,143.228,142.6173,142.957,144.254,145.5444,144.8831,147.1299,150.3496,156.5036,161.6876,161.9685,159.2873,158.554,157.8057,157.0424,156.2645,155.4721,154.6654,153.8447,153.0101,154.1509,154.2864,155.4064,155.5191,156.6176,157.7053,157.7835,158.8487,159.9025,159.9452,160.9755,161.9938,163,162.9938,162.9752
55.87455,56.25446,54.69256,53.50918,52.32172,51.13028,49.93494,49.06961,47.85852,46.64378,45.11648,44.20375,42.68627,42.31829,41.06997,39.55128,38.30522,37.30662,36.28828,34.78336,33.96761,33.3317,33.26587,32.89571,31.48348,29.52216,27.95736,26.40762,24.87308,23.35389,21.85018,20.36209,18.88975,17.43329,16.20191,14.85609,13.5963,12.23962,10.95177,9.645669,8.269081,6.935483,5.583919,4.188312,2.809837,1.413699,0,-1.422425,-2.844742
133.4732,136.7342,135.3688,136.7714,136.3027,136.7541,137.1951,137.6257,138.9912,138.4553,139.8053,139.2427,140.5768,142.8641,143.228,143.5809,142.957,144.254,144.5741,144.8831,147.1299,151.3259,156.5036,162.6675,162.9501,160.2705,159.5389,157.8057,157.0424,156.2645,154.4818,154.6654,153.8447,153.0101,153.1564,154.2864,155.4064,156.516,156.6176,157.7053,157.7835,158.8487,160.9019,161.9445,160.9755,161.9938,164,162.9938,163.975
56.65601,56.63715,54.69256,53.87568,52.32172,51.13028,49.93494,48.7358,47.85852,46.32648,45.4255,43.90305,42.97864,42.31829,41.06997,39.81852,38.30522,37.30662,36.04636,34.78336,33.96761,33.54814,33.26587,33.09508,31.67429,29.70439,28.131,26.40762,24.87308,23.35389,21.711,20.36209,18.88975,17.43329,16.09738,14.85609,13.5963,12.31808,10.95177,9.645669,8.269081,6.935483,5.618819,4.240666,2.809837,1.413699,0,-1.422425,-2.862195
133.4732,135.8103,135.3688,135.841,136.3027,136.7541,138.1348,137.6257,138.9912,139.4036,138.8543,140.1964,142.4894,140.9465,143.228,143.5809,143.9229,144.254,144.5741,144.8831,147.1299,151.3259,156.5036,161.6876,161.9685,161.2538,158.554,156.8194,156.0548,155.2755,156.4624,154.6654,153.8447,154.0036,154.1509,154.2864,155.4064,155.5191,156.6176,157.7053,157.7835,158.8487,159.9025,159.9452,161.9753,162.9938,163,163.9938,162.9752
56.65601,56.25446,54.69256,53.50918,52.32172,51.13028,50.27696,48.7358,47.85852,46.64378,45.11648,44.20375,43.56338,41.75026,41.06997,39.81852,38.56404,37.30662,36.04636,34.78336,33.96761,33.54814,33.26587,32.89571,31.48348,29.88663,27.95736,26.24257,24.71665,23.20608,21.98935,20.36209,18.88975,17.5465,16.20191,14.85609,13.5963,12.23962,10.95177,9.645669,8.269081,6.935483,5.583919,4.188312,2.82729,1.422425,0,-1.431152,-2.844742
133.4732,136.7342,135.3688,135.841,136.3027,136.7541,137.1951,138.5683,138.9912,138.4553,139.8053,140.1964,140.5768,141.9053,143.228,143.5809,142.957,144.254,144.5741,145.8555,147.1299,151.3259,156.5036,162.6675,162.9501,161.2538,158.554,157.8057,157.0424,156.2645,155.4721,154.6654,153.8447,153.0101,154.1509,154.2864,155.4064,155.5191,156.6176,157.7053,157.7835,159.8477,160.9019,160.9448,161.9753,161.9938,163,162.9938,162.9752
56.65601,56.63715,54.69256,53.50918,52.32172,51.13028,49.93494,49.06961,47.85852,46.32648,45.4255,44.20375,42.97864,42.03427,41.06997,39.81852,38.30522,37.30662,36.04636,35.0168,33.96761,33.54814,33.26587,33.09508,31.67429,29.88663,27.95736,26.40762,24.87308,23.35389,21.85018,20.36209,18.88975,17.43329,16.20191,14.85609,13.5963,12.23962,10.95177,9.645669,8.269081,6.979102,5.618819,4.214489,2.82729,1.413699,0,-1.422425,-2.844742
132.5527,136.7342,135.3688,135.841,136.3027,136.7541,137.1951,137.6257,138.0457,138.4553,138.8543,140.1964,139.6205,142.8641,143.228,143.5809,142.957,143.2859,144.5741,144.8831,146.1555,151.3259,156.5036,161.6876,161.9685,160.2705,159.5389,157.8057,157.0424,155.2755,154.4818,154.6654,153.8447,153.0101,154.1509,154.2864,155.4064,155.5191,156.6176,157.7053,158.7821,158.8487,160.9019,160.9448,161.9753,161.9938,163,162.9938,162.9752
56.26528,56.63715,54.69256,53.50918,52.32172,51.13028,49.93494,48.7358,47.53295,46.32648,45.11648,44.20375,42.68627,42.31829,41.06997,39.81852,38.30522,37.05624,36.04636,34.78336,33.74266,33.54814,33.26587,32.89571,31.48348,29.70439,28.131,26.40762,24.87308,23.20608,21.711,20.36209,18.88975,17.43329,16.20191,14.85609,13.5963,12.23962,10.95177,9.645669,8.321417,6.935483,5.618819,4.214489,2.82729,1.413699,0,-1.422425,-2.844742
134.3937,136.7342,135.3688,135.841,136.3027,135.8175,137.1951,138.5683,138.9912,138.4553,138.8543,139.2427,142.4894,141.9053,143.228,143.5809,142.957,143.2859,144.5741,145.8555,147.1299,150.3496,156.5036,161.6876,161.9685,160.2705,158.554,157.8057,157.0424,156.2645,155.4721,154.6654,153.8447,153.0101,154.1509,154.2864,155.4064,156.516,156.6176,157.7053,157.7835,158.8487,160.9019,160.9448,161.9753,161.9938,163,163.9938,162.9752
57.04674,56.63715,54.69256,53.50918,52.32172,50.78007,49.93494,49.06961,47.85852,46.32648,45.11648,43.90305,43.56338,42.03427,41.06997,39.81852,38.30522,37.05624,36.04636,35.0168,33.96761,33.3317,33.26587,32.89571,31.48348,29.70439,27.95736,26.40762,24.87308,23.35389,21.85018,20.36209,18.88975,17.43329,16.20191,14.85609,13.5963,12.31808,10.95177,9.645669,8.269081,6.935483,5.618819,4.214489,2.82729,1.413699,0,-1.431152,-2.844742
133.4732,136.7342,135.3688,135.841,136.3027,135.8175,137.1951,137.6257,138.0457,138.4553,138.8543,140.1964,140.5768,142.8641,143.228,143.5809,142.957,144.254,144.5741,145.8555,146.1555,151.3259,156.5036,161.6876,161.9685,160.2705,158.554,157.8057,157.0424,156.2645,154.4818,154.6654,153.8447,153.0101,153.1564,154.2864,155.4064,155.5191,156.6176,157.7053,158.7821,159.8477,159.9025,160.9448,160.9755,161.9938,163,162.9938,162.9752
56.65601,56.63715,54.69256,53.50918,52.32172,50.78007,49.93494,48.7358,47.53295,46.32648,45.11648,44.20375,42.97864,42.31829,41.06997,39.81852,38.30522,37.30662,36.04636,35.0168,33.74266,33.54814,33.26587,32.89571,31.48348,29.70439,27.95736,26.40762,24.87308,23.35389,21.711,20.36209,18.88975,17.43329,16.09738,14.85609,13.5963,12.23962,10.95177,9.645669,8.321417,6.979102,5.583919,4.214489,2.809837,1.413699,0,-1.422425,-2.844742
133.4732,136.7342,135.3688,135.841,135.3692,136.7541,136.2554,138.5683,138.0457,138.4553,138.8543,140.1964,140.5768,142.8641,143.228,142.6173,142.957,144.254,144.5741,145.8555,147.1299,151.3259,156.5036,161.6876,161.9685,159.2873,158.554,157.8057,157.0424,155.2755,155.4721,154.6654,153.8447,154.0036,154.1509,154.2864,155.4064,155.5191,156.6176,157.7053,157.7835,158.8487,159.9025,160.9448,161.9753,161.9938,163,162.9938,162.9752
56.65601,56.63715,54.69256,53.50918,51.96335,51.13028,49.59292,49.06961,47.53295,46.32648,45.11648,44.20375,42.97864,42.31829,41.06997,39.55128,38.30522,37.30662,36.04636,35.0168,33.96761,33.54814,33.26587,32.89571,31.48348,29.52216,27.95736,26.40762,24.87308,23.20608,21.85018,20.36209,18.88975,17.5465,16.20191,14.85609,13.5963,12.23962,10.95177,9.645669,8.269081,6.935483,5.583919,4.214489,2.82729,1.413699,0,-1.422425,-2.844742
133.4732,136.7342,135.3688,135.841,136.3027,136.7541,137.1951,137.6257,138.9912,138.4553,138.8543,140.1964,140.5768,140.9465,143.228,143.5809,143.9229,144.254,144.5741,145.8555,147.1299,151.3259,156.5036,162.6675,161.9685,160.2705,158.554,157.8057,157.0424,156.2645,155.4721,154.6654,153.8447,153.0101,154.1509,154.2864,155.4064,155.5191,156.6176,157.7053,157.7835,158.8487,160.9019,160.9448,160.9755,161.9938,163,162.9938,162.9752
56.65601,56.63715,54.69256,53.50918,52.32172,51.13028,49.93494,48.7358,47.85852,46.32648,45.11648,44.20375,42.97864,41.75026,41.06997,39.81852,38.56404,37.30662,36.04636,35.0168,33.96761,33.54814,33.26587,33.09508,31.48348,29.70439,27.95736,26.40762,24.87308,23.35389,21.85018,20.36209,18.88975,17.43329,16.20191,14.85609,13.5963,12.23962,10.95177,9.645669,8.269081,6.935483,5.618819,4.214489,2.809837,1.413699,0,-1.422425,-2.844742
132.5527,136.7342,135.3688,135.841,136.3027,136.7541,137.1951,137.6257,138.9912,138.4553,139.8053,140.1964,140.5768,140.9465,143.228,143.5809,142.957,144.254,143.6038,144.8831,146.1555,151.3259,156.5036,161.6876,161.9685,160.2705,158.554,157.8057,157.0424,156.2645,155.4721,154.6654,153.8447,153.0101,154.1509,154.2864,155.4064,155.5191,156.6176,157.7053,158.7821,158.8487,160.9019,160.9448,161.9753,161.9938,163,162.9938,162.9752
56.26528,56.63715,54.69256,53.50918,52.32172,51.13028,49.93494,48.7358,47.85852,46.32648,45.4255,44.20375,42.97864,41.75026,41.06997,39.81852,38.30522,37.30662,35.80444,34.78336,33.74266,33.54814,33.26587,32.89571,31.48348,29.70439,27.95736,26.40762,24.87308,23.35389,21.85018,20.36209,18.88975,17.43329,16.20191,14.85609,13.5963,12.23962,10.95177,9.645669,8.321417,6.935483,5.618819,4.214489,2.82729,1.413699,0,-1.422425,-2.844742
132.5527,136.7342,135.3688,135.841,135.3692,136.7541,138.1348,138.5683,138.9912,138.4553,138.8543,140.1964,140.5768,140.9465,143.228,143.5809,142.957,144.254,144.5741,145.8555,147.1299,150.3496,156.5036,161.6876,161.9685,161.2538,158.554,157.8057,157.0424,155.2755,155.4721,153.674,153.8447,153.0101,154.1509,154.2864,155.4064,155.5191,156.6176,157.7053,158.7821,159.8477,160.9019,160.9448,161.9753,161.9938,163,163.9938,163.975
56.26528,56.63715,54.69256,53.50918,51.96335,51.13028,50.27696,49.06961,47.85852,46.32648,45.11648,44.20375,42.97864,41.75026,41.06997,39.81852,38.30522,37.30662,36.04636,35.0168,33.96761,33.3317,33.26587,32.89571,31.48348,29.88663,27.95736,26.40762,24.87308,23.20608,21.85018,20.23156,18.88975,17.43329,16.20191,14.85609,13.5963,12.23962,10.95177,9.645669,8.321417,6.979102,5.618819,4.214489,2.82729,1.413699,0,-1.431152,-2.862195
133.4732,136.7342,135.3688,135.841,136.3027,136.7541,137.1951,137.6257,138.9912,138.4553,139.8053,140.1964,139.6205,140.9465,141.3055,142.6173,143.9229,144.254,144.5741,144.8831,147.1299,151.3259,156.5036,161.6876,161.9685,160.2705,159.5389,157.8057,157.0424,156.2645,155.4721,154.6654,153.8447,154.0036,153.1564,154.2864,155.4064,155.5191,156.6176,157.7053,157.7835,158.8487,160.9019,161.9445,161.9753,162.9938,164,162.9938,163.975
56.65601,56.63715,54.69256,53.50918,52.32172,51.13028,49.93494,48.7358,47.85852,46.32648,45.4255,44.20375,42.68627,41.75026,40.51869,39.55128,38.56404,37.30662,36.04636,34.78336,33.96761,33.54814,33.26587,32.89571,31.48348,29.70439,28.131,26.40762,24.87308,23.35389,21.85018,20.36209,18.88975,17.5465,16.09738,14.85609,13.5963,12.23962,10.95177,9.645669,8.269081,6.935483,5.618819,4.240666,2.82729,1.422425,0,-1.422425,-2.862195
133.4732,136.7342,135.3688,135.841,136.3027,136.7541,137.1951,138.5683,138.9912,138.4553,139.8053,140.1964,140.5768,142.8641,143.228,142.6173,142.957,143.2859,144.5741,145.8555,147.1299,151.3259,156.5036,161.6876,161.9685,161.2538,158.554,157.8057,157.0424,156.2645,155.4721,154.6654,153.8447,153.0101,153.1564,154.2864,155.4064,155.5191,156.6176,157.7053,158.7821,158.8487,159.9025,161.9445,161.9753,161.9938,163,163.9938,162.9752
56.65601,56.63715,54.69256,53.50918,52.32172,51.13028,49.93494,49.06961,47.85852,46.32648,45.4255,44.20375,42.97864,42.31829,41.06997,39.55128,38.30522,37.05624,36.04636,35.0168,33.96761,33.54814,33.26587,32.89571,31.48348,29.88663,27.95736,26.40762,24.87308,23.35389,21.85018,20.36209,18.88975,17.43329,16.09738,14.85609,13.5963,12.23962,10.95177,9.645669,8.321417,6.935483,5.583919,4.240666,2.82729,1.413699,0,-1.431152,-2.844742
132.5527,136.7342,135.3688,135.841,136.3027,136.7541,137.1951,136.683,138.9912,138.4553,138.8543,139.2427,142.4894,142.8641,141.3055,142.6173,143.9229,143.2859,144.5741,145.8555,147.1299,151.3259,156.5036,161.6876,161.9685,160.2705,159.5389,157.8057,157.0424,156.2645,155.4721,154.6654,153.8447,153.0101,154.1509,154.2864,155.4064,156.516,156.6176,157.7053,157.7835,159.8477,160.9019,159.9452,160.9755,162.9938,163,162.9938,162.9752
56.26528,56.63715,54.69256,53.50918,52.32172,51.13028,49.93494,48.40199,47.85852,46.32648,45.11648,43.90305,43.56338,42.31829,40.51869,39.55128,38.56404,37.05624,36.04636,35.0168,33.96761,33.54814,33.26587,32.89571,31.48348,29.70439,28.131,26.40762,24.87308,23.35389,21.85018,20.36209,18.88975,17.43329,16.20191,14.85609,13.5963,12.31808,10.95177,9.645669,8.269081,6.979102,5.618819,4.188312,2.809837,1.422425,0,-1.422425,-2.844742
133.4732,136.7342,135.3688,135.841,136.3027,136.7541,138.1348,136.683,138.9912,139.4036,138.8543,140.1964,140.5768,140.9465,143.228,142.6173,142.957,143.2859,144.5741,145.8555,147.1299,150.3496,156.5036,161.6876,161.9685,160.2705,158.554,157.8057,157.0424,156.2645,155.4721,153.674,153.8447,153.0101,153.1564,154.2864,155.4064,155.5191,156.6176,157.7053,158.7821,158.8487,159.9025,159.9452,161.9753,161.9938,163,162.9938,162.9752
56.65601,56.63715,54.69256,53.50918,52.32172,51.13028,50.27696,48.40199,47.85852,46.64378,45.11648,44.20375,42.97864,41.75026,41.06997,39.55128,38.30522,37.05624,36.04636,35.0168,33.96761,33.3317,33.26587,32.89571,31.48348,29.70439,27.95736,26.40762,24.87308,23.35389,21.85018,20.23156,18.88975,17.43329,16.09738,14.85609,13.5963,12.23962,10.95177,9.645669,8.321417,6.935483,5.583919,4.188312,2.82729,1.413699,0,-1.422425,-2.844742
133.4732,136.7342,135.3688,135.841,136.3027,136.7541,137.1951,138.5683,138.9912,138.4553,138.8543,140.1964,142.4894,142.8641,143.228,143.5809,142.957,143.2859,144.5741,144.8831,147.1299,151.3259,156.5036,161.6876,161.9685,160.2705,158.554,157.8057,157.0424,155.2755,155.4721,154.6654,153.8447,153.0101,154.1509,154.2864,155.4064,155.5191,156.6176,157.7053,158.7821,159.8477,159.9025,160.9448,160.9755,161.9938,163,162.9938,163.975
56.65601,56.63715,54.69256,53.50918,52.32172,51.13028,49.93494,49.06961,47.85852,46.32648,45.11648,44.20375,43.56338,42.31829,41.06997,39.81852,38.30522,37.05624,36.04636,34.78336,33.96761,33.54814,33.26587,32.89571,31.48348,29.70439,27.95736,26.40762,24.87308,23.20608,21.85018,20.36209,18.88975,17.43329,16.20191,14.85609,13.5963,12.23962,10.95177,9.645669,8.321417,6.979102,5.583919,4.214489,2.809837,1.413699,0,-1.422425,-2.862195
133.4732,136.7342,135.3688,135.841,136.3027,137.6908,137.1951,138.5683,138.0457,139.4036,139.8053,140.1964,140.5768,139.9877,143.228,143.5809,142.957,144.254,144.5741,144.8831,147.1299,150.3496,156.5036,161.6876,161.9685,160.2705,158.554,157.8057,157.0424,156.2645,155.4721,154.6654,153.8447,154.0036,154.1509,154.2864,155.4064,155.5191,156.6176,157.7053,157.7835,158.8487,159.9025,160.9448,161.9753,162.9938,163,162.9938,162.9752
56.65601,56.63715,54.69256,53.50918,52.32172,51.48049,49.93494,49.06961,47.53295,46.64378,45.4255,44.20375,42.97864,41.46624,41.06997,39.81852,38.30522,37.30662,36.04636,34.78336,33.96761,33.3317,33.26587,32.89571,31.48348,29.70439,27.95736,26.40762,24.87308,23.35389,21.85018,20.36209,18.88975,17.5465,16.20191,14.85609,13.5963,12.23962,10.95177,9.645669,8.269081,6.935483,5.583919,4.214489,2.82729,1.422425,0,-1.422425,-2.844742
132.5527,136.7342,135.3688,135.841,136.3027,135.8175,138.1348,138.5683,138.0457,138.4553,139.8053,140.1964,142.4894,140.9465,142.2667,142.6173,142.957,144.254,144.5741,145.8555,147.1299,151.3259,156.5036,162.6675,161.9685,160.2705,159.5389,157.8057,156.0548,156.2645,155.4721,154.6654,153.8447,153.0101,153.1564,154.2864,155.4064,156.516,156.6176,157.7053,157.7835,158.8487,160.9019,161.9445,161.9753,161.9938,164,162.9938,162.9752
56.26528,56.63715,54.69256,53.50918,52.32172,50.78007,50.27696,49.06961,47.53295,46.32648,45.4255,44.20375,43.56338,41.75026,40.79433,39.55128,38.30522,37.30662,36.04636,35.0168,33.96761,33.54814,33.26587,33.09508,31.48348,29.70439,28.131,26.40762,24.71665,23.35389,21.85018,20.36209,18.88975,17.43329,16.09738,14.85609,13.5963,12.31808,10.95177,9.645669,8.269081,6.935483,5.618819,4.240666,2.82729,1.413699,0,-1.422425,-2.844742
133.4732,137.6581,135.3688,135.841,136.3027,136.7541,137.1951,137.6257,138.0457,138.4553,138.8543,141.1501,140.5768,142.8641,142.2667,142.6173,142.957,144.254,144.5741,145.8555,146.1555,151.3259,156.5036,161.6876,161.9685,160.2705,158.554,157.8057,157.0424,155.2755,156.4624,154.6654,153.8447,154.0036,154.1509,154.2864,155.4064,155.5191,156.6176,157.7053,157.7835,158.8487,159.9025,160.9448,161.9753,162.9938,163,162.9938,163.975
56.65601,57.01983,54.69256,53.50918,52.32172,51.13028,49.93494,48.7358,47.53295,46.32648,45.11648,44.50446,42.97864,42.31829,40.79433,39.55128,38.30522,37.30662,36.04636,35.0168,33.74266,33.54814,33.26587,32.89571,31.48348,29.70439,27.95736,26.40762,24.87308,23.20608,21.98935,20.36209,18.88975,17.5465,16.20191,14.85609,13.5963,12.23962,10.95177,9.645669,8.269081,6.935483,5.583919,4.214489,2.82729,1.422425,0,-1.422425,-2.862195
132.5527,136.7342,135.3688,135.841,135.3692,136.7541,137.1951,138.5683,138.9912,137.5069,140.7564,139.2427,139.6205,142.8641,143.228,142.6173,142.957,144.254,144.5741,144.8831,147.1299,151.3259,157.4818,161.6876,161.9685,160.2705,159.5389,157.8057,157.0424,156.2645,156.4624,154.6654,153.8447,153.0101,154.1509,154.2864,155.4064,155.5191,156.6176,157.7053,158.7821,158.8487,159.9025,160.9448,161.9753,161.9938,163,162.9938,161.9753
56.26528,56.63715,54.69256,53.50918,51.96335,51.13028,49.93494,49.06961,47.85852,46.00918,45.73452,43.90305,42.68627,42.31829,41.06997,39.55128,38.30522,37.30662,36.04636,34.78336,33.96761,33.54814,33.47378,32.89571,31.48348,29.70439,28.131,26.40762,24.87308,23.35389,21.98935,20.36209,18.88975,17.43329,16.20191,14.85609,13.5963,12.23962,10.95177,9.645669,8.321417,6.935483,5.583919,4.214489,2.82729,1.413699,0,-1.422425,-2.82729
132.5527,136.7342,135.3688,135.841,136.3027,136.7541,137.1951,137.6257,138.0457,138.4553,138.8543,140.1964,140.5768,140.9465,143.228,143.5809,142.957,144.254,144.5741,144.8831,146.1555,151.3259,157.4818,161.6876,161.9685,160.2705,159.5389,157.8057,157.0424,156.2645,156.4624,154.6654,153.8447,154.0036,154.1509,154.2864,155.4064,155.5191,156.6176,157.7053,158.7821,159.8477,160.9019,160.9448,160.9755,161.9938,163,162.9938,162.9752
56.26528,56.63715,54.69256,53.50918,52.32172,51.13028,49.93494,48.7358,47.53295,46.32648,45.11648,44.20375,42.97864,41.75026,41.06997,39.81852,38.30522,37.30662,36.04636,34.78336,33.74266,33.54814,33.47378,32.89571,31.48348,29.70439,28.131,26.40762,24.87308,23.35389,21.98935,20.36209,18.88975,17.5465,16.20191,14.85609,13.5963,12.23962,10.95177,9.645669,8.321417,6.979102,5.618819,4.214489,2.809837,1.413699,0,-1.422425,-2.844742
