150.0396,150.0613,150.7409,152.0973,152.7351,154.0621,154.6581,155.2301,156.5097,157.0401,157.5467,158.0297,159.2437,160.4457,163.1675,165.8993,168.6407,172.1738,174.1504,177.7111,179.693,182.4755,186.0739,185.6183,182.6709,180.4836,177.414,175.116,172.7661,173.7386,173.8499,174.7912,175.7193,176.634,177.5352,178.4229,179.297,180.1575,181.8872,182.7242,183.5473,184.3565,187.848
160.8978,158.1316,156.0967,154.7753,152.7351,151.3964,149.3515,147.3079,145.9476,143.9007,141.8557,139.8128,138.4285,137.0335,136.9138,136.7568,136.5625,136.9532,136.0612,136.3626,135.4084,135.0248,135.1906,132.4003,127.9075,124.043,119.6673,115.9068,112.1956,110.6837,108.6334,107.1122,105.5828,104.0454,102.5,100.9468,99.38597,97.81755,96.71114,95.12021,93.52204,91.91675,91.61957
148.6756,150.0613,150.7409,151.3964,152.7351,153.3488,154.6581,155.2301,155.7783,157.0401,157.5467,158.0297,159.2437,160.4457,163.1675,165.8993,168.6407,171.3912,174.1504,176.9178,179.693,182.4755,186.0739,185.6183,183.4901,180.4836,177.414,175.116,173.6048,172.8952,173.8499,174.7912,175.7193,176.634,177.5352,178.4229,179.297,180.1575,181.8872,182.7242,183.5473,184.3565,187.848
159.4351,158.1316,156.0967,154.0621,152.7351,150.6955,149.3515,147.3079,145.2657,143.9007,141.8557,139.8128,138.4285,137.0335,136.9138,136.7568,136.5625,136.3307,136.0612,135.7538,135.4084,135.0248,135.1906,132.4003,128.4811,124.043,119.6673,115.9068,112.7403,110.1464,108.6334,107.1122,105.5828,104.0454,102.5,100.9468,99.38597,97.81755,96.71114,95.12021,93.52204,91.91675,91.61957
148.6756,150.0613,150.7409,151.3964,152.7351,153.3488,154.6581,155.2301,155.7783,157.0401,157.5467,158.7786,159.2437,160.4457,163.1675,165.8993,168.6407,171.3912,174.1504,176.1244,180.4916,182.4755,186.0739,186.4325,183.4901,180.4836,177.414,175.116,172.7661,173.7386,173.8499,174.7912,175.7193,176.634,177.5352,178.4229,179.297,181.0363,181.8872,182.7242,183.5473,184.3565,186.0504
159.4351,158.1316,156.0967,154.0621,152.7351,150.6955,149.3515,147.3079,145.2657,143.9007,141.8557,140.4755,138.4285,137.0335,136.9138,136.7568,136.5625,136.3307,136.0612,135.145,136.0102,135.0248,135.1906,132.981,128.4811,124.043,119.6673,115.9068,112.1956,110.6837,108.6334,107.1122,105.5828,104.0454,102.5,100.9468,99.38597,98.2947,96.71114,95.12021,93.52204,91.91675,90.74283
148.6756,150.0613,150.7409,151.3964,152.7351,153.3488,154.6581,155.9555,156.5097,157.0401,157.5467,158.7786,159.2437,161.2061,163.1675,165.8993,168.6407,171.3912,174.1504,176.1244,179.693,182.4755,186.0739,186.4325,183.4901,180.4836,177.414,175.116,172.7661,173.7386,173.8499,174.7912,175.7193,176.634,177.5352,178.4229,180.1717,180.1575,181.8872,182.7242,183.5473,184.3565,188.7467
159.4351,158.1316,156.0967,154.0621,152.7351,150.6955,149.3515,147.9962,145.9476,143.9007,141.8557,140.4755,138.4285,137.683,136.9138,136.7568,136.5625,136.3307,136.0612,135.145,135.4084,135.0248,135.1906,132.981,128.4811,124.043,119.6673,115.9068,112.1956,110.6837,108.6334,107.1122,105.5828,104.0454,102.5,100.9468,99.87078,97.81755,96.71114,95.12021,93.52204,91.91675,92.05794
150.0396,150.0613,150.7409,151.3964,152.7351,153.3488,154.6581,155.2301,156.5097,157.0401,157.5467,158.7786,159.2437,160.4457,163.9335,165.8993,168.6407,171.3912,174.1504,176.9178,179.693,182.4755,186.0739,186.4325,182.6709,180.4836,177.414,175.116,172.7661,172.8952,173.8499,174.7912,175.7193,176.634,178.4012,179.2933,180.1717,181.0363,181.8872,182.7242,183.5473,183.4615,187.848
160.8978,158.1316,156.0967,154.0621,152.7351,150.6955,149.3515,147.3079,145.9476,143.9007,141.8557,140.4755,138.4285,137.0335,137.5565,136.7568,136.5625,136.3307,136.0612,135.7538,135.4084,135.0248,135.1906,132.981,127.9075,124.043,119.6673,115.9068,112.1956,110.1464,108.6334,107.1122,105.5828,104.0454,103,101.4393,99.87078,98.2947,96.71114,95.12021,93.52204,91.47055,91.61957
148.6756,150.0613,150.7409,151.3964,152.7351,154.0621,154.6581,155.2301,156.5097,156.3028,157.5467,158.0297,159.2437,160.4457,163.1675,165.8993,168.6407,171.3912,174.1504,176.9178,179.693,182.4755,186.0739,186.4325,183.4901,180.4836,177.414,175.116,173.6048,173.7386,173.8499,174.7912,175.7193,176.634,177.5352,178.4229,180.1717,181.0363,181.8872,182.7242,183.5473,184.3565,188.7467
159.4351,158.1316,156.0967,154.0621,152.7351,151.3964,149.3515,147.3079,145.9476,143.2251,141.8557,139.8128,138.4285,137.0335,136.9138,136.7568,136.5625,136.3307,136.0612,135.7538,135.4084,135.0248,135.1906,132.981,128.4811,124.043,119.6673,115.9068,112.7403,110.6837,108.6334,107.1122,105.5828,104.0454,102.5,100.9468,99.87078,98.2947,96.71114,95.12021,93.52204,91.91675,92.05794
148.6756,150.0613,150.7409,151.3964,152.7351,153.3488,154.6581,155.2301,155.7783,157.0401,157.5467,158.0297,159.2437,161.2061,163.1675,165.8993,168.6407,171.3912,174.1504,176.1244,180.4916,182.4755,186.0739,186.4325,182.6709,180.4836,177.414,175.116,172.7661,172.8952,173.8499,174.7912,175.7193,176.634,177.5352,179.2933,180.1717,181.0363,181.8872,182.7242,183.5473,184.3565,188.7467
159.4351,158.1316,156.0967,154.0621,152.7351,150.6955,149.3515,147.3079,145.2657,143.9007,141.8557,139.8128,138.4285,137.683,136.9138,136.7568,136.5625,136.3307,136.0612,135.145,136.0102,135.0248,135.1906,132.981,127.9075,124.043,119.6673,115.9068,112.1956,110.1464,108.6334,107.1122,105.5828,104.0454,102.5,101.4393,99.87078,98.2947,96.71114,95.12021,93.52204,91.91675,92.05794
148.6756,150.0613,150.7409,151.3964,152.7351,153.3488,154.6581,155.2301,155.7783,157.0401,157.5467,158.7786,159.2437,161.2061,163.1675,165.8993,168.6407,171.3912,174.1504,176.9178,179.693,182.4755,186.0739,186.4325,182.6709,180.4836,177.414,175.116,172.7661,173.7386,173.8499,174.7912,175.7193,176.634,177.5352,178.4229,180.1717,181.0363,181.8872,182.7242,183.5473,184.3565,190.5443
159.4351,158.1316,156.0967,154.0621,152.7351,150.6955,149.3515,147.3079,145.2657,143.9007,141.8557,140.4755,138.4285,137.683,136.9138,136.7568,136.5625,136.3307,136.0612,135.7538,135.4084,135.0248,135.1906,132.981,127.9075,124.043,119.6673,115.9068,112.1956,110.6837,108.6334,107.1122,105.5828,104.0454,102.5,100.9468,99.87078,98.2947,96.71114,95.12021,93.52204,91.91675,92.93468
148.6756,150.0613,150.7409,151.3964,152.7351,153.3488,154.6581,155.2301,156.5097,157.0401,157.5467,158.7786,159.2437,160.4457,163.1675,165.8993,168.6407,171.3912,174.1504,176.9178,179.693,182.4755,186.0739,185.6183,183.4901,180.4836,177.414,175.116,172.7661,173.7386,174.6979,175.6439,175.7193,176.634,177.5352,178.4229,180.1717,181.0363,181.8872,182.7242,183.5473,184.3565,188.7467
159.4351,158.1316,156.0967,154.0621,152.7351,150.6955,149.3515,147.3079,145.9476,143.9007,141.8557,140.4755,138.4285,137.0335,136.9138,136.7568,136.5625,136.3307,136.0612,135.7538,135.4084,135.0248,135.1906,132.4003,128.4811,124.043,119.6673,115.9068,112.1956,110.6837,109.1634,107.6347,105.5828,104.0454,102.5,100.9468,99.87078,98.2947,96.71114,95.12021,93.52204,91.91675,92.05794
148.6756,150.0613,150.7409,151.3964,152.7351,154.0621,154.6581,155.2301,155.7783,157.0401,157.5467,158.0297,159.9984,160.4457,163.9335,165.8993,167.8635,171.3912,174.1504,176.1244,179.693,182.4755,186.0739,186.4325,182.6709,180.4836,177.414,175.116,172.7661,172.8952,173.8499,174.7912,175.7193,176.634,177.5352,179.2933,180.1717,181.0363,181.8872,182.7242,183.5473,184.3565,190.5443
159.4351,158.1316,156.0967,154.0621,152.7351,151.3964,149.3515,147.3079,145.2657,143.9007,141.8557,139.8128,139.0845,137.0335,137.5565,136.7568,135.9332,136.3307,136.0612,135.145,135.4084,135.0248,135.1906,132.981,127.9075,124.043,119.6673,115.9068,112.1956,110.1464,108.6334,107.1122,105.5828,104.0454,102.5,101.4393,99.87078,98.2947,96.71114,95.12021,93.52204,91.91675,92.93468
149.3576,150.0613,150.7409,151.3964,152.7351,153.3488,154.6581,155.2301,155.7783,157.0401,157.5467,158.0297,159.9984,160.4457,163.1675,165.8993,168.6407,171.3912,174.1504,176.9178,179.693,182.4755,186.0739,185.6183,182.6709,180.4836,177.414,175.116,172.7661,172.8952,173.8499,174.7912,175.7193,177.4956,177.5352,178.4229,180.1717,181.0363,181.8872,182.7242,183.5473,184.3565,187.848
160.1665,158.1316,156.0967,154.0621,152.7351,150.6955,149.3515,147.3079,145.2657,143.9007,141.8557,139.8128,139.0845,137.0335,136.9138,136.7568,136.5625,136.3307,136.0612,135.7538,135.4084,135.0248,135.1906,132.4003,127.9075,124.043,119.6673,115.9068,112.1956,110.1464,108.6334,107.1122,105.5828,104.5529,102.5,100.9468,99.87078,98.2947,96.71114,95.12021,93.52204,91.91675,91.61957
148.6756,150.0613,150.7409,151.3964,152.7351,154.0621,154.6581,155.2301,155.7783,157.0401,157.5467,158.7786,159.2437,160.4457,163.1675,165.8993,168.6407,171.3912,174.1504,176.1244,179.693,182.4755,186.0739,185.6183,183.4901,180.4836,177.414,175.116,172.7661,172.8952,173.8499,174.7912,175.7193,176.634,178.4012,178.4229,180.1717,180.1575,181.8872,182.7242,183.5473,183.4615,186.0504
159.4351,158.1316,156.0967,154.0621,152.7351,151.3964,149.3515,147.3079,145.2657,143.9007,141.8557,140.4755,138.4285,137.0335,136.9138,136.7568,136.5625,136.3307,136.0612,135.145,135.4084,135.0248,135.1906,132.4003,128.4811,124.043,119.6673,115.9068,112.1956,110.1464,108.6334,107.1122,105.5828,104.0454,103,100.9468,99.87078,97.81755,96.71114,95.12021,93.52204,91.47055,90.74283
147.9936,150.0613,150.7409,151.3964,152.7351,154.0621,154.6581,155.2301,155.7783,157.0401,157.5467,158.0297,159.2437,161.2061,163.1675,165.8993,168.6407,171.3912,174.1504,176.1244,179.693,183.2794,186.0739,186.4325,182.6709,180.4836,177.414,175.116,173.6048,172.8952,173.8499,174.7912,175.7193,176.634,178.4012,178.4229,179.297,181.0363,181.8872,182.7242,183.5473,184.3565,192.3419
158.7038,158.1316,156.0967,154.0621,152.7351,151.3964,149.3515,147.3079,145.2657,143.9007,141.8557,139.8128,138.4285,137.683,136.9138,136.7568,136.5625,136.3307,136.0612,135.145,135.4084,135.6196,135.1906,132.981,127.9075,124.043,119.6673,115.9068,112.7403,110.1464,108.6334,107.1122,105.5828,104.0454,103,100.9468,99.38597,98.2947,96.71114,95.12021,93.52204,91.91675,93.81143
149.3576,150.0613,150.7409,151.3964,152.7351,154.0621,154.6581,155.2301,155.7783,157.0401,157.5467,158.0297,159.9984,160.4457,163.9335,165.8993,168.6407,172.1738,174.1504,176.9178,179.693,182.4755,186.0739,186.4325,182.6709,180.4836,177.414,175.116,173.6048,172.8952,173.8499,174.7912,175.7193,176.634,177.5352,179.2933,180.1717,180.1575,181.8872,182.7242,183.5473,184.3565,187.848
160.1665,158.1316,156.0967,154.0621,152.7351,151.3964,149.3515,147.3079,145.2657,143.9007,141.8557,139.8128,139.0845,137.0335,137.5565,136.7568,136.5625,136.9532,136.0612,135.7538,135.4084,135.0248,135.1906,132.981,127.9075,124.043,119.6673,115.9068,112.7403,110.1464,108.6334,107.1122,105.5828,104.0454,102.5,101.4393,99.87078,97.81755,96.71114,95.12021,93.52204,91.91675,91.61957
148.6756,150.0613,150.7409,151.3964,152.7351,153.3488,154.6581,155.2301,155.7783,156.3028,157.5467,158.7786,159.9984,160.4457,163.9335,165.8993,168.6407,171.3912,174.1504,177.7111,179.693,182.4755,186.0739,186.4325,182.6709,180.4836,177.414,175.116,172.7661,172.8952,173.8499,174.7912,175.7193,176.634,177.5352,179.2933,179.297,180.1575,181.8872,182.7242,183.5473,183.4615,192.3419
159.4351,158.1316,156.0967,154.0621,152.7351,150.6955,149.3515,147.3079,145.2657,143.2251,141.8557,140.4755,139.0845,137.0335,137.5565,136.7568,136.5625,136.3307,136.0612,136.3626,135.4084,135.0248,135.1906,132.981,127.9075,124.043,119.6673,115.9068,112.1956,110.1464,108.6334,107.1122,105.5828,104.0454,102.5,101.4393,99.38597,97.81755,96.71114,95.12021,93.52204,91.47055,93.81143
150.7216,150.0613,150.7409,151.3964,152.7351,154.0621,154.6581,155.2301,156.5097,157.0401,157.5467,158.0297,159.2437,160.4457,163.1675,165.8993,168.6407,171.3912,174.1504,176.9178,179.693,182.4755,186.0739,186.4325,183.4901,180.4836,177.414,175.116,173.6048,172.8952,173.8499,174.7912,175.7193,176.634,177.5352,178.4229,180.1717,181.0363,181.8872,182.7242,183.5473,184.3565,191.4431
161.6292,158.1316,156.0967,154.0621,152.7351,151.3964,149.3515,147.3079,145.9476,143.9007,141.8557,139.8128,138.4285,137.0335,136.9138,136.7568,136.5625,136.3307,136.0612,135.7538,135.4084,135.0248,135.1906,132.981,128.4811,124.043,119.6673,115.9068,112.7403,110.1464,108.6334,107.1122,105.5828,104.0454,102.5,100.9468,99.87078,98.2947,96.71114,95.12021,93.52204,91.91675,93.37305
150.7216,150.0613,150.7409,151.3964,152.7351,153.3488,154.6581,155.2301,156.5097,157.0401,157.5467,158.0297,159.2437,160.4457,163.1675,165.8993,168.6407,171.3912,174.1504,177.7111,179.693,182.4755,186.0739,186.4325,184.3092,180.4836,177.414,175.116,172.7661,172.8952,173.8499,174.7912,175.7193,176.634,177.5352,178.4229,179.297,181.0363,181.8872,182.7242,183.5473,184.3565,188.7467
161.6292,158.1316,156.0967,154.0621,152.7351,150.6955,149.3515,147.3079,145.9476,143.9007,141.8557,139.8128,138.4285,137.0335,136.9138,136.7568,136.5625,136.3307,136.0612,136.3626,135.4084,135.0248,135.1906,132.981,129.0547,124.043,119.6673,115.9068,112.1956,110.1464,108.6334,107.1122,105.5828,104.0454,102.5,100.9468,99.38597,98.2947,96.71114,95.12021,93.52204,91.91675,92.05794
150.7216,150.0613,150.7409,151.3964,152.7351,154.0621,154.6581,155.2301,155.7783,157.0401,157.5467,158.0297,159.2437,160.4457,163.1675,165.8993,168.6407,171.3912,174.1504,176.9178,179.693,182.4755,186.0739,185.6183,183.4901,180.4836,177.414,175.116,173.6048,172.8952,173.8499,174.7912,175.7193,176.634,178.4012,178.4229,179.297,181.0363,181.8872,182.7242,183.5473,184.3565,191.4431
161.6292,158.1316,156.0967,154.0621,152.7351,151.3964,149.3515,147.3079,145.2657,143.9007,141.8557,139.8128,138.4285,137.0335,136.9138,136.7568,136.5625,136.3307,136.0612,135.7538,135.4084,135.0248,135.1906,132.4003,128.4811,124.043,119.6673,115.9068,112.7403,110.1464,108.6334,107.1122,105.5828,104.0454,103,100.9468,99.38597,98.2947,96.71114,95.12021,93.52204,91.91675,93.37305
148.6756,150.0613,150.7409,151.3964,152.7351,153.3488,154.6581,155.2301,156.5097,157.0401,157.5467,158.7786,159.2437,160.4457,163.1675,165.8993,168.6407,171.3912,174.1504,176.9178,179.693,182.4755,186.8829,186.4325,183.4901,180.4836,177.414,175.116,173.6048,172.8952,173.8499,175.6439,175.7193,176.634,178.4012,178.4229,179.297,181.0363,181.0043,182.7242,183.5473,183.4615,189.6455
159.4351,158.1316,156.0967,154.0621,152.7351,150.6955,149.3515,147.3079,145.9476,143.9007,141.8557,140.4755,138.4285,137.0335,136.9138,136.7568,136.5625,136.3307,136.0612,135.7538,135.4084,135.0248,135.7784,132.981,128.4811,124.043,119.6673,115.9068,112.7403,110.1464,108.6334,107.6347,105.5828,104.0454,103,100.9468,99.38597,98.2947,96.24167,95.12021,93.52204,91.47055,92.49631
150.0396,149.3729,150.0462,151.3964,152.7351,153.3488,154.6581,155.2301,156.5097,157.0401,157.5467,158.0297,159.2437,160.4457,163.1675,165.8993,168.6407,171.3912,174.1504,176.9178,179.693,182.4755,186.0739,186.4325,184.3092,180.4836,177.414,175.116,172.7661,172.8952,173.8499,174.7912,175.7193,177.4956,177.5352,178.4229,180.1717,181.0363,181.8872,182.7242,183.5473,184.3565,188.7467
160.8978,157.4062,155.3774,154.0621,152.7351,150.6955,149.3515,147.3079,145.9476,143.9007,141.8557,139.8128,138.4285,137.0335,136.9138,136.7568,136.5625,136.3307,136.0612,135.7538,135.4084,135.0248,135.1906,132.981,129.0547,124.043,119.6673,115.9068,112.1956,110.1464,108.6334,107.1122,105.5828,104.5529,102.5,100.9468,99.87078,98.2947,96.71114,95.12021,93.52204,91.91675,92.05794
150.7216,150.0613,150.7409,151.3964,152.7351,153.3488,154.6581,155.2301,155.7783,157.0401,157.5467,158.0297,159.2437,160.4457,163.1675,165.8993,168.6407,171.3912,174.1504,177.7111,180.4916,182.4755,186.0739,186.4325,183.4901,180.4836,177.414,175.116,172.7661,172.8952,174.6979,174.7912,175.7193,176.634,177.5352,178.4229,179.297,181.0363,181.0043,182.7242,183.5473,184.3565,189.6455
161.6292,158.1316,156.0967,154.0621,152.7351,150.6955,149.3515,147.3079,145.2657,143.9007,141.8557,139.8128,138.4285,137.0335,136.9138,136.7568,136.5625,136.3307,136.0612,136.3626,136.0102,135.0248,135.1906,132.981,128.4811,124.043,119.6673,115.9068,112.1956,110.1464,109.1634,107.1122,105.5828,104.0454,102.5,100.9468,99.38597,98.2947,96.24167,95.12021,93.52204,91.91675,92.49631
150.0396,150.0613,150.7409,151.3964,152.7351,153.3488,154.6581,155.2301,156.5097,157.0401,157.5467,158.0297,159.9984,160.4457,163.1675,165.8993,167.8635,171.3912,174.1504,177.7111,179.693,182.4755,186.0739,186.4325,183.4901,180.4836,177.414,175.116,173.6048,172.8952,173.8499,174.7912,175.7193,176.634,177.5352,178.4229,179.297,180.1575,181.8872,182.7242,183.5473,184.3565,187.848
160.8978,158.1316,156.0967,154.0621,152.7351,150.6955,149.3515,147.3079,145.9476,143.9007,141.8557,139.8128,139.0845,137.0335,136.9138,136.7568,135.9332,136.3307,136.0612,136.3626,135.4084,135.0248,135.1906,132.981,128.4811,124.043,119.6673,115.9068,112.7403,110.1464,108.6334,107.1122,105.5828,104.0454,102.5,100.9468,99.38597,97.81755,96.71114,95.12021,93.52204,91.91675,91.61957
149.3576,150.0613,150.7409,151.3964,152.7351,154.0621,154.6581,155.2301,155.7783,157.0401,157.5467,158.0297,159.2437,161.2061,163.1675,165.8993,168.6407,171.3912,174.1504,176.1244,179.693,182.4755,186.0739,186.4325,183.4901,180.4836,177.414,175.116,173.6048,172.8952,173.8499,174.7912,175.7193,176.634,178.4012,178.4229,180.1717,181.0363,181.8872,182.7242,183.5473,184.3565,192.3419
160.1665,158.1316,156.0967,154.0621,152.7351,151.3964,149.3515,147.3079,145.2657,143.9007,141.8557,139.8128,138.4285,137.683,136.9138,136.7568,136.5625,136.3307,136.0612,135.145,135.4084,135.0248,135.1906,132.981,128.4811,124.043,119.6673,115.9068,112.7403,110.1464,108.6334,107.1122,105.5828,104.0454,103,100.9468,99.87078,98.2947,96.71114,95.12021,93.52204,91.91675,93.81143
151.4036,150.0613,150.7409,151.3964,152.7351,153.3488,154.6581,155.2301,155.7783,157.0401,157.5467,158.0297,159.2437,161.2061,163.1675,165.8993,168.6407,171.3912,174.1504,176.9178,180.4916,182.4755,186.0739,185.6183,183.4901,180.4836,177.414,175.116,172.7661,172.8952,173.8499,174.7912,175.7193,176.634,177.5352,178.4229,179.297,181.0363,181.8872,182.7242,183.5473,184.3565,190.5443
162.3605,158.1316,156.0967,154.0621,152.7351,150.6955,149.3515,147.3079,145.2657,143.9007,141.8557,139.8128,138.4285,137.683,136.9138,136.7568,136.5625,136.3307,136.0612,135.7538,136.0102,135.0248,135.1906,132.4003,128.4811,124.043,119.6673,115.9068,112.1956,110.1464,108.6334,107.1122,105.5828,104.0454,102.5,100.9468,99.38597,98.2947,96.71114,95.12021,93.52204,91.91675,92.93468
