150.0396,150.0613,150.7409,151.3964,152.7351,153.3488,154.6581,155.2301,155.7783,157.0401,157.5467,158.7786,159.2437,160.4457,163.1675,165.8993,168.6407,171.3912,174.1504,177.7111,180.4916,182.4755,186.8829,185.6183,183.4901,180.4836,177.414,175.116,172.7661,172.8952,173.8499,174.7912,175.7193,176.634,177.5352,178.4229,179.297,181.0363,181.8872,182.7242,183.5473,185.2514
160.8978,158.1316,156.0967,154.0621,152.7351,150.6955,149.3515,147.3079,145.2657,143.9007,141.8557,140.4755,138.4285,137.0335,136.9138,136.7568,136.5625,136.3307,136.0612,136.3626,136.0102,135.0248,135.7784,132.4003,128.4811,124.043,119.6673,115.9068,112.1956,110.1464,108.6334,107.1122,105.5828,104.0454,102.5,100.9468,99.38597,98.2947,96.71114,95.12021,93.52204,92.36295
147.9936,150.0613,150.7409,151.3964,152.7351,154.0621,154.6581,155.2301,156.5097,157.0401,157.5467,158.0297,159.2437,160.4457,163.9335,165.8993,168.6407,171.3912,174.1504,176.1244,179.693,182.4755,186.0739,186.4325,183.4901,180.4836,177.414,175.116,172.7661,173.7386,173.8499,174.7912,175.7193,176.634,178.4012,179.2933,180.1717,181.0363,181.8872,182.7242,183.5473,184.3565
158.7038,158.1316,156.0967,154.0621,152.7351,151.3964,149.3515,147.3079,145.9476,143.9007,141.8557,139.8128,138.4285,137.0335,137.5565,136.7568,136.5625,136.3307,136.0612,135.145,135.4084,135.0248,135.1906,132.981,128.4811,124.043,119.6673,115.9068,112.1956,110.6837,108.6334,107.1122,105.5828,104.0454,103,101.4393,99.87078,98.2947,96.71114,95.12021,93.52204,91.91675
148.6756,150.0613,150.7409,151.3964,152.7351,153.3488,154.6581,155.9555,156.5097,157.0401,157.5467,158.0297,159.2437,160.4457,163.1675,165.8993,168.6407,171.3912,174.1504,177.7111,179.693,182.4755,186.0739,186.4325,183.4901,180.4836,177.414,175.116,173.6048,172.8952,173.8499,174.7912,175.7193,176.634,177.5352,179.2933,179.297,181.0363,181.8872,182.7242,183.5473,184.3565
159.4351,158.1316,156.0967,154.0621,152.7351,150.6955,149.3515,147.9962,145.9476,143.9007,141.8557,139.8128,138.4285,137.0335,136.9138,136.7568,136.5625,136.3307,136.0612,136.3626,135.4084,135.0248,135.1906,132.981,128.4811,124.043,119.6673,115.9068,112.7403,110.1464,108.6334,107.1122,105.5828,104.0454,102.5,101.4393,99.38597,98.2947,96.71114,95.12021,93.52204,91.91675
148.6756,150.0613,150.7409,151.3964,152.7351,154.0621,154.6581,155.2301,156.5097,157.0401,157.5467,158.7786,159.9984,160.4457,163.1675,165.8993,168.6407,171.3912,174.1504,177.7111,179.693,182.4755,186.0739,186.4325,183.4901,180.4836,177.414,175.116,173.6048,172.8952,173.8499,174.7912,175.7193,176.634,177.5352,179.2933,179.297,181.0363,181.8872,182.7242,183.5473,184.3565
159.4351,158.1316,156.0967,154.0621,152.7351,151.3964,149.3515,147.3079,145.9476,143.9007,141.8557,140.4755,139.0845,137.0335,136.9138,136.7568,136.5625,136.3307,136.0612,136.3626,135.4084,135.0248,135.1906,132.981,128.4811,124.043,119.6673,115.9068,112.7403,110.1464,108.6334,107.1122,105.5828,104.0454,102.5,101.4393,99.38597,98.2947,96.71114,95.12021,93.52204,91.91675
150.0396,150.0613,150.7409,151.3964,152.7351,154.0621,154.6581,155.2301,155.7783,157.0401,157.5467,158.0297,159.2437,160.4457,163.1675,165.8993,168.6407,171.3912,174.1504,176.1244,179.693,182.4755,186.0739,186.4325,183.4901,180.4836,177.414,175.116,172.7661,173.7386,173.8499,174.7912,175.7193,176.634,177.5352,178.4229,179.297,181.0363,181.8872,182.7242,183.5473,184.3565
160.8978,158.1316,156.0967,154.0621,152.7351,151.3964,149.3515,147.3079,145.2657,143.9007,141.8557,139.8128,138.4285,137.0335,136.9138,136.7568,136.5625,136.3307,136.0612,135.145,135.4084,135.0248,135.1906,132.981,128.4811,124.043,119.6673,115.9068,112.1956,110.6837,108.6334,107.1122,105.5828,104.0454,102.5,100.9468,99.38597,98.2947,96.71114,95.12021,93.52204,91.91675
150.0396,150.0613,150.7409,151.3964,152.7351,154.0621,154.6581,155.9555,155.7783,157.0401,157.5467,158.7786,159.9984,161.2061,163.9335,165.8993,168.6407,171.3912,174.1504,176.1244,179.693,182.4755,186.0739,186.4325,183.4901,180.4836,177.414,175.116,173.6048,172.8952,173.8499,174.7912,175.7193,176.634,178.4012,178.4229,180.1717,181.0363,181.8872,182.7242,183.5473,184.3565
160.8978,158.1316,156.0967,154.0621,152.7351,151.3964,149.3515,147.9962,145.2657,143.9007,141.8557,140.4755,139.0845,137.683,137.5565,136.7568,136.5625,136.3307,136.0612,135.145,135.4084,135.0248,135.1906,132.981,128.4811,124.043,119.6673,115.9068,112.7403,110.1464,108.6334,107.1122,105.5828,104.0454,103,100.9468,99.87078,98.2947,96.71114,95.12021,93.52204,91.91675
148.6756,150.0613,150.7409,151.3964,152.7351,154.0621,154.6581,155.2301,155.7783,157.0401,157.5467,158.0297,159.2437,161.2061,163.1675,165.8993,168.6407,171.3912,174.1504,177.7111,179.693,182.4755,186.0739,186.4325,183.4901,180.4836,177.414,175.116,172.7661,172.8952,173.8499,174.7912,175.7193,176.634,178.4012,179.2933,179.297,181.0363,181.8872,182.7242,183.5473,184.3565
159.4351,158.1316,156.0967,154.0621,152.7351,151.3964,149.3515,147.3079,145.2657,143.9007,141.8557,139.8128,138.4285,137.683,136.9138,136.7568,136.5625,136.3307,136.0612,136.3626,135.4084,135.0248,135.1906,132.981,128.4811,124.043,119.6673,115.9068,112.1956,110.1464,108.6334,107.1122,105.5828,104.0454,103,101.4393,99.38597,98.2947,96.71114,95.12021,93.52204,91.91675
