98.54955,98.42856,97.58074,96.72548,96.55751,95.68129,94.11577,93.90704,93.00915,92.10419,91.84826,90.92273,89.99027,89.05095,88.73418,87.77456,86.80827,86.44412,85.45773,86.2493,90.51893,94.65458,93.49296,91.75781,90.58925,88.86185,87.14225,85.43064,83.72724,82.03227,80.34594,78.16091,76.5,75.3408,74.17587,72.52813,71.35968,71.57104,70.36853,69.60686,69.26264,68.45126,67.61892,66.76561,65.89134,64.9961,64.07991,63.14277,62.5593,60.4727
-95.1682,-96.72548,-97.58074,-98.42856,-99.98823,-100.827,-100.9268,-102.4815,-103.2971,-104.1048,-105.6593,-106.4568,-107.2462,-108.0274,-109.5776,-110.3478,-111.1095,-112.6562,-113.4062,-116.5592,-124.5886,-132.7008,-133.5218,-133.5084,-134.3041,-134.2556,-134.1873,-134.0992,-133.9916,-133.8645,-133.7181,-132.6909,-132.5019,-133.1644,-133.8168,-133.5802,-134.208,-137.4867,-138.106,-139.6098,-142.0095,-143.5111,-145.0092,-146.5038,-147.9944,-149.4808,-150.9628,-152.4401,-154.8397,-153.5189
98.54955,98.42856,97.58074,96.02457,96.55751,94.99293,94.11577,93.23145,93.00915,92.10419,91.19221,90.92273,89.99027,89.05095,88.73418,87.77456,86.80827,86.44412,85.45773,85.65448,90.51893,94.65458,93.49296,92.32422,90.58925,88.86185,87.14225,85.43064,83.72724,82.03227,80.34594,79.17598,77,75.3408,74.17587,72.52813,71.35968,71.57104,70.82252,70.05306,69.26264,68.02075,67.61892,66.76561,65.4846,64.9961,64.07991,63.14277,62.5593,61.2057
-95.1682,-96.72548,-97.58074,-97.71531,-99.98823,-100.1017,-100.9268,-101.7443,-103.2971,-104.1048,-104.9046,-106.4568,-107.2462,-108.0274,-109.5776,-110.3478,-111.1095,-112.6562,-113.4062,-115.7554,-124.5886,-132.7008,-133.5218,-134.3326,-134.3041,-134.2556,-134.1873,-134.0992,-133.9916,-133.8645,-133.7181,-134.4141,-133.3679,-133.1644,-133.8168,-133.5802,-134.208,-137.4867,-138.997,-140.5047,-142.0095,-142.6085,-145.0092,-146.5038,-147.0808,-149.4808,-150.9628,-152.4401,-154.8397,-155.3797
97.83021,98.42856,97.58074,97.42639,96.55751,95.68129,94.79777,93.90704,93.00915,92.10419,91.19221,90.92273,89.99027,89.05095,88.73418,87.77456,87.42393,86.44412,85.45773,85.65448,90.51893,94.65458,93.49296,91.75781,90.58925,88.86185,87.14225,85.43064,83.72724,82.03227,80.34594,79.17598,77,75.3408,73.69106,72.52813,71.35968,70.64754,70.82252,69.60686,69.26264,68.45126,67.61892,66.76561,65.4846,64.9961,64.07991,63.14277,62.5593,61.2057
-94.47354,-96.72548,-97.58074,-99.14181,-99.98823,-100.827,-101.6582,-102.4815,-103.2971,-104.1048,-104.9046,-106.4568,-107.2462,-108.0274,-109.5776,-110.3478,-111.8975,-112.6562,-113.4062,-115.7554,-124.5886,-132.7008,-133.5218,-133.5084,-134.3041,-134.2556,-134.1873,-134.0992,-133.9916,-133.8645,-133.7181,-134.4141,-133.3679,-133.1644,-132.9422,-133.5802,-134.208,-135.7127,-138.997,-139.6098,-142.0095,-143.5111,-145.0092,-146.5038,-147.0808,-149.4808,-150.9628,-152.4401,-154.8397,-155.3797
98.54955,98.42856,97.58074,97.42639,95.86286,94.99293,94.11577,93.90704,93.00915,92.10419,91.84826,90.92273,89.99027,89.68703,88.73418,87.77456,86.80827,86.44412,85.45773,85.65448,90.51893,94.65458,93.49296,91.75781,90.58925,88.86185,87.14225,85.43064,83.72724,82.03227,80.34594,79.17598,77,75.3408,73.69106,72.52813,71.82915,70.64754,70.36853,69.60686,68.82427,68.45126,67.61892,66.76561,65.4846,64.9961,64.07991,63.14277,62.18469,60.4727
-95.1682,-96.72548,-97.58074,-99.14181,-99.26889,-100.1017,-100.9268,-102.4815,-103.2971,-104.1048,-105.6593,-106.4568,-107.2462,-108.7991,-109.5776,-110.3478,-111.1095,-112.6562,-113.4062,-115.7554,-124.5886,-132.7008,-133.5218,-133.5084,-134.3041,-134.2556,-134.1873,-134.0992,-133.9916,-133.8645,-133.7181,-134.4141,-133.3679,-133.1644,-132.9422,-133.5802,-135.091,-135.7127,-138.106,-139.6098,-141.1107,-143.5111,-145.0092,-146.5038,-147.0808,-149.4808,-150.9628,-152.4401,-153.9125,-153.5189
98.54955,98.42856,97.58074,97.42639,95.86286,95.68129,94.11577,93.90704,93.67828,92.76681,91.19221,90.92273,89.99027,89.05095,88.10485,87.77456,87.42393,86.44412,85.45773,85.65448,90.51893,94.65458,93.49296,91.75781,90.58925,88.86185,87.14225,85.43064,83.72724,82.03227,80.34594,79.17598,77,75.3408,73.69106,72.52813,71.82915,71.57104,70.36853,70.05306,69.26264,68.02075,67.61892,66.76561,65.89134,64.9961,64.07991,63.14277,62.5593,61.93871
-95.1682,-96.72548,-97.58074,-99.14181,-99.26889,-100.827,-100.9268,-102.4815,-104.0403,-104.8538,-104.9046,-106.4568,-107.2462,-108.0274,-108.8004,-110.3478,-111.8975,-112.6562,-113.4062,-115.7554,-124.5886,-132.7008,-133.5218,-133.5084,-134.3041,-134.2556,-134.1873,-134.0992,-133.9916,-133.8645,-133.7181,-134.4141,-133.3679,-133.1644,-132.9422,-133.5802,-135.091,-137.4867,-138.106,-140.5047,-142.0095,-142.6085,-145.0092,-146.5038,-147.9944,-149.4808,-150.9628,-152.4401,-154.8397,-157.2406
98.54955,98.42856,97.58074,97.42639,95.86286,95.68129,94.11577,93.90704,93.00915,92.10419,91.19221,90.92273,89.99027,89.05095,88.73418,87.77456,87.42393,86.44412,85.45773,85.65448,90.51893,94.65458,93.49296,91.75781,90.58925,88.86185,87.14225,85.43064,83.72724,82.03227,80.34594,79.17598,77,75.3408,74.17587,73.00529,71.35968,71.57104,70.36853,69.60686,68.82427,68.45126,67.61892,66.76561,65.4846,64.9961,64.07991,63.14277,62.18469,60.4727
-95.1682,-96.72548,-97.58074,-99.14181,-99.26889,-100.827,-100.9268,-102.4815,-103.2971,-104.1048,-104.9046,-106.4568,-107.2462,-108.0274,-109.5776,-110.3478,-111.8975,-112.6562,-113.4062,-115.7554,-124.5886,-132.7008,-133.5218,-133.5084,-134.3041,-134.2556,-134.1873,-134.0992,-133.9916,-133.8645,-133.7181,-134.4141,-133.3679,-133.1644,-133.8168,-134.459,-134.208,-137.4867,-138.106,-139.6098,-141.1107,-143.5111,-145.0092,-146.5038,-147.0808,-149.4808,-150.9628,-152.4401,-153.9125,-153.5189
97.83021,98.42856,97.58074,97.42639,96.55751,95.68129,94.79777,93.90704,93.67828,92.10419,91.19221,90.92273,89.99027,89.05095,88.73418,87.77456,86.80827,86.44412,85.45773,85.05966,90.51893,94.65458,93.49296,91.75781,90.58925,88.86185,87.14225,85.43064,83.72724,82.03227,80.34594,79.17598,77,75.3408,74.17587,72.52813,71.35968,71.57104,70.36853,69.60686,69.26264,68.02075,67.61892,66.76561,65.89134,64.9961,64.07991,63.14277,62.5593,60.1062
-94.47354,-96.72548,-97.58074,-99.14181,-99.98823,-100.827,-101.6582,-102.4815,-104.0403,-104.1048,-104.9046,-106.4568,-107.2462,-108.0274,-109.5776,-110.3478,-111.1095,-112.6562,-113.4062,-114.9515,-124.5886,-132.7008,-133.5218,-133.5084,-134.3041,-134.2556,-134.1873,-134.0992,-133.9916,-133.8645,-133.7181,-134.4141,-133.3679,-133.1644,-133.8168,-133.5802,-134.208,-137.4867,-138.106,-139.6098,-142.0095,-142.6085,-145.0092,-146.5038,-147.9944,-149.4808,-150.9628,-152.4401,-154.8397,-152.5885
98.54955,98.42856,97.58074,96.72548,96.55751,95.68129,94.11577,93.90704,93.00915,92.10419,91.19221,90.92273,89.99027,89.05095,88.73418,87.77456,87.42393,86.44412,85.45773,85.65448,91.10671,94.65458,93.49296,91.75781,90.58925,88.86185,87.14225,85.43064,83.72724,82.03227,80.34594,78.16091,77,75.3408,73.69106,72.52813,71.35968,71.57104,70.82252,70.05306,68.82427,68.02075,67.61892,66.76561,65.89134,64.9961,64.07991,63.14277,62.5593,61.2057
-95.1682,-96.72548,-97.58074,-98.42856,-99.98823,-100.827,-100.9268,-102.4815,-103.2971,-104.1048,-104.9046,-106.4568,-107.2462,-108.0274,-109.5776,-110.3478,-111.8975,-112.6562,-113.4062,-115.7554,-125.3976,-132.7008,-133.5218,-133.5084,-134.3041,-134.2556,-134.1873,-134.0992,-133.9916,-133.8645,-133.7181,-132.6909,-133.3679,-133.1644,-132.9422,-133.5802,-134.208,-137.4867,-138.997,-140.5047,-141.1107,-142.6085,-145.0092,-146.5038,-147.9944,-149.4808,-150.9628,-152.4401,-154.8397,-155.3797
98.54955,97.71531,97.58074,97.42639,96.55751,94.99293,94.11577,93.90704,93.00915,92.10419,91.84826,90.27328,89.99027,89.05095,88.73418,87.77456,87.42393,86.44412,85.45773,85.05966,90.51893,94.65458,93.49296,91.75781,90.58925,88.86185,87.14225,85.43064,83.72724,82.03227,80.34594,79.17598,77,75.3408,73.69106,72.52813,71.82915,71.57104,70.36853,70.05306,69.26264,68.45126,67.61892,66.76561,65.89134,64.9961,64.07991,63.14277,62.5593,61.2057
-95.1682,-96.02457,-97.58074,-99.14181,-99.98823,-100.1017,-100.9268,-102.4815,-103.2971,-104.1048,-105.6593,-105.6964,-107.2462,-108.0274,-109.5776,-110.3478,-111.8975,-112.6562,-113.4062,-114.9515,-124.5886,-132.7008,-133.5218,-133.5084,-134.3041,-134.2556,-134.1873,-134.0992,-133.9916,-133.8645,-133.7181,-134.4141,-133.3679,-133.1644,-132.9422,-133.5802,-135.091,-137.4867,-138.106,-140.5047,-142.0095,-143.5111,-145.0092,-146.5038,-147.9944,-149.4808,-150.9628,-152.4401,-154.8397,-155.3797
98.54955,97.71531,98.28784,96.72548,96.55751,94.99293,94.79777,93.90704,93.00915,92.76681,91.19221,90.92273,89.99027,89.05095,88.73418,87.77456,87.42393,86.44412,85.45773,85.65448,90.51893,94.65458,93.49296,91.75781,90.03006,88.86185,87.14225,85.43064,83.72724,82.03227,80.34594,78.16091,77,75.3408,74.17587,72.52813,71.82915,70.64754,70.36853,70.05306,68.82427,68.45126,67.61892,66.76561,65.89134,64.9961,64.07991,63.14277,61.81009,60.4727
-95.1682,-96.02457,-98.28784,-98.42856,-99.98823,-100.1017,-101.6582,-102.4815,-103.2971,-104.8538,-104.9046,-106.4568,-107.2462,-108.0274,-109.5776,-110.3478,-111.8975,-112.6562,-113.4062,-115.7554,-124.5886,-132.7008,-133.5218,-133.5084,-133.475,-134.2556,-134.1873,-134.0992,-133.9916,-133.8645,-133.7181,-132.6909,-133.3679,-133.1644,-133.8168,-133.5802,-135.091,-135.7127,-138.106,-140.5047,-141.1107,-143.5111,-145.0092,-146.5038,-147.9944,-149.4808,-150.9628,-152.4401,-152.9853,-153.5189
98.54955,98.42856,98.28784,96.02457,96.55751,94.99293,94.79777,93.90704,93.00915,92.10419,91.84826,90.92273,89.99027,89.68703,88.73418,87.77456,87.42393,86.44412,85.45773,86.2493,90.51893,94.65458,93.49296,91.75781,90.58925,88.86185,87.14225,85.43064,83.72724,82.03227,80.34594,78.16091,77,75.3408,74.17587,72.52813,71.35968,71.57104,70.36853,69.60686,68.82427,68.45126,67.61892,66.76561,65.89134,64.9961,64.07991,63.14277,62.18469,60.8392
-95.1682,-96.72548,-98.28784,-97.71531,-99.98823,-100.1017,-101.6582,-102.4815,-103.2971,-104.1048,-105.6593,-106.4568,-107.2462,-108.7991,-109.5776,-110.3478,-111.8975,-112.6562,-113.4062,-116.5592,-124.5886,-132.7008,-133.5218,-133.5084,-134.3041,-134.2556,-134.1873,-134.0992,-133.9916,-133.8645,-133.7181,-132.6909,-133.3679,-133.1644,-133.8168,-133.5802,-134.208,-137.4867,-138.106,-139.6098,-141.1107,-143.5111,-145.0092,-146.5038,-147.9944,-149.4808,-150.9628,-152.4401,-153.9125,-154.4493
98.54955,98.42856,97.58074,96.02457,96.55751,94.99293,94.11577,93.90704,93.67828,92.10419,91.19221,90.92273,89.99027,89.05095,88.73418,87.77456,87.42393,86.44412,85.45773,85.65448,91.10671,94.65458,93.49296,91.75781,90.03006,88.30992,86.59761,85.43064,83.72724,82.03227,80.34594,79.17598,77,75.3408,73.69106,73.00529,71.82915,71.57104,70.36853,70.05306,69.26264,68.45126,67.61892,66.76561,65.4846,64.59735,64.07991,63.14277,62.5593,58.6402
-95.1682,-96.72548,-97.58074,-97.71531,-99.98823,-100.1017,-100.9268,-102.4815,-104.0403,-104.1048,-104.9046,-106.4568,-107.2462,-108.0274,-109.5776,-110.3478,-111.8975,-112.6562,-113.4062,-115.7554,-125.3976,-132.7008,-133.5218,-133.5084,-133.475,-133.4217,-133.3486,-134.0992,-133.9916,-133.8645,-133.7181,-134.4141,-133.3679,-133.1644,-132.9422,-134.459,-135.091,-137.4867,-138.106,-140.5047,-142.0095,-143.5111,-145.0092,-146.5038,-147.0808,-148.5637,-150.9628,-152.4401,-154.8397,-148.8668
97.83021,98.42856,97.58074,97.42639,95.86286,94.99293,94.11577,93.90704,93.00915,92.10419,91.19221,90.92273,89.99027,89.05095,88.73418,87.77456,87.42393,86.44412,85.45773,85.65448,90.51893,94.65458,93.49296,91.75781,90.03006,88.86185,87.14225,85.43064,83.72724,82.03227,80.34594,78.16091,77,75.3408,73.69106,72.52813,71.82915,70.64754,70.36853,69.60686,69.26264,68.45126,67.1963,66.76561,65.89134,64.59735,64.07991,63.14277,62.5593,60.8392
-94.47354,-96.72548,-97.58074,-99.14181,-99.26889,-100.1017,-100.9268,-102.4815,-103.2971,-104.1048,-104.9046,-106.4568,-107.2462,-108.0274,-109.5776,-110.3478,-111.8975,-112.6562,-113.4062,-115.7554,-124.5886,-132.7008,-133.5218,-133.5084,-133.475,-134.2556,-134.1873,-134.0992,-133.9916,-133.8645,-133.7181,-132.6909,-133.3679,-133.1644,-132.9422,-133.5802,-135.091,-135.7127,-138.106,-139.6098,-142.0095,-143.5111,-144.1029,-146.5038,-147.9944,-148.5637,-150.9628,-152.4401,-154.8397,-154.4493
98.54955,98.42856,97.58074,97.42639,95.86286,94.99293,94.11577,93.90704,93.67828,92.10419,91.84826,90.92273,89.99027,89.68703,88.73418,87.77456,86.80827,86.44412,85.45773,86.2493,90.51893,94.65458,93.49296,91.75781,90.03006,88.30992,87.14225,85.43064,83.72724,82.03227,80.34594,78.16091,77,75.3408,73.69106,72.52813,71.82915,71.57104,70.36853,69.60686,68.82427,68.45126,67.61892,66.76561,65.4846,64.9961,64.07991,63.14277,62.18469,60.8392
-95.1682,-96.72548,-97.58074,-99.14181,-99.26889,-100.1017,-100.9268,-102.4815,-104.0403,-104.1048,-105.6593,-106.4568,-107.2462,-108.7991,-109.5776,-110.3478,-111.1095,-112.6562,-113.4062,-116.5592,-124.5886,-132.7008,-133.5218,-133.5084,-133.475,-133.4217,-134.1873,-134.0992,-133.9916,-133.8645,-133.7181,-132.6909,-133.3679,-133.1644,-132.9422,-133.5802,-135.091,-137.4867,-138.106,-139.6098,-141.1107,-143.5111,-145.0092,-146.5038,-147.0808,-149.4808,-150.9628,-152.4401,-153.9125,-154.4493
98.54955,98.42856,97.58074,96.72548,95.86286,95.68129,94.11577,93.90704,93.67828,92.10419,91.19221,90.92273,89.99027,89.05095,88.73418,87.77456,87.42393,86.44412,85.45773,85.65448,90.51893,94.65458,93.49296,91.75781,90.03006,88.86185,87.14225,85.43064,83.72724,82.03227,80.86098,79.17598,77,75.3408,73.69106,73.00529,71.35968,71.57104,70.36853,69.60686,69.26264,68.02075,67.1963,66.76561,65.89134,64.9961,64.07991,63.14277,62.5593,60.8392
-95.1682,-96.72548,-97.58074,-98.42856,-99.26889,-100.827,-100.9268,-102.4815,-104.0403,-104.1048,-104.9046,-106.4568,-107.2462,-108.0274,-109.5776,-110.3478,-111.8975,-112.6562,-113.4062,-115.7554,-124.5886,-132.7008,-133.5218,-133.5084,-133.475,-134.2556,-134.1873,-134.0992,-133.9916,-133.8645,-134.5753,-134.4141,-133.3679,-133.1644,-132.9422,-134.459,-134.208,-137.4867,-138.106,-139.6098,-142.0095,-142.6085,-144.1029,-146.5038,-147.9944,-149.4808,-150.9628,-152.4401,-154.8397,-154.4493
98.54955,98.42856,97.58074,97.42639,96.55751,94.99293,94.79777,93.90704,93.00915,92.10419,91.19221,90.92273,89.99027,89.68703,88.73418,87.77456,87.42393,86.44412,85.45773,85.65448,90.51893,94.65458,93.49296,91.75781,90.58925,88.86185,87.14225,85.43064,83.72724,82.03227,80.34594,78.16091,77,75.3408,74.17587,72.52813,71.82915,70.64754,70.36853,70.05306,69.26264,68.45126,67.61892,66.76561,65.4846,64.9961,64.07991,63.14277,62.5593,61.2057
-95.1682,-96.72548,-97.58074,-99.14181,-99.98823,-100.1017,-101.6582,-102.4815,-103.2971,-104.1048,-104.9046,-106.4568,-107.2462,-108.7991,-109.5776,-110.3478,-111.8975,-112.6562,-113.4062,-115.7554,-124.5886,-132.7008,-133.5218,-133.5084,-134.3041,-134.2556,-134.1873,-134.0992,-133.9916,-133.8645,-133.7181,-132.6909,-133.3679,-133.1644,-133.8168,-133.5802,-135.091,-135.7127,-138.106,-140.5047,-142.0095,-143.5111,-145.0092,-146.5038,-147.0808,-149.4808,-150.9628,-152.4401,-154.8397,-155.3797
98.54955,98.42856,97.58074,96.72548,96.55751,95.68129,94.11577,93.90704,93.00915,92.10419,91.84826,90.92273,89.99027,89.05095,88.73418,87.77456,86.80827,86.44412,85.45773,85.65448,90.51893,95.23528,93.49296,91.75781,90.58925,88.86185,87.14225,85.43064,83.72724,82.03227,80.34594,79.17598,76.5,75.3408,73.69106,72.52813,71.82915,70.64754,70.82252,69.60686,68.82427,68.02075,67.1963,66.76561,65.89134,64.9961,64.07991,63.14277,62.5593,60.4727
-95.1682,-96.72548,-97.58074,-98.42856,-99.98823,-100.827,-100.9268,-102.4815,-103.2971,-104.1048,-105.6593,-106.4568,-107.2462,-108.0274,-109.5776,-110.3478,-111.1095,-112.6562,-113.4062,-115.7554,-124.5886,-133.5149,-133.5218,-133.5084,-134.3041,-134.2556,-134.1873,-134.0992,-133.9916,-133.8645,-133.7181,-134.4141,-132.5019,-133.1644,-132.9422,-133.5802,-135.091,-135.7127,-138.997,-139.6098,-141.1107,-142.6085,-144.1029,-146.5038,-147.9944,-149.4808,-150.9628,-152.4401,-154.8397,-153.5189
98.54955,98.42856,97.58074,96.72548,95.1682,94.99293,94.11577,93.90704,93.00915,92.10419,91.84826,90.92273,89.99027,89.05095,88.73418,87.77456,87.42393,86.44412,85.45773,85.65448,90.51893,94.65458,93.49296,91.75781,90.58925,88.86185,87.14225,85.43064,83.72724,82.03227,80.34594,79.17598,77,75.3408,73.69106,72.52813,71.82915,71.57104,70.82252,69.60686,69.26264,68.45126,67.61892,66.76561,65.89134,64.9961,64.07991,63.14277,62.5593,60.4727
-95.1682,-96.72548,-97.58074,-98.42856,-98.54955,-100.1017,-100.9268,-102.4815,-103.2971,-104.1048,-105.6593,-106.4568,-107.2462,-108.0274,-109.5776,-110.3478,-111.8975,-112.6562,-113.4062,-115.7554,-124.5886,-132.7008,-133.5218,-133.5084,-134.3041,-134.2556,-134.1873,-134.0992,-133.9916,-133.8645,-133.7181,-134.4141,-133.3679,-133.1644,-132.9422,-133.5802,-135.091,-137.4867,-138.997,-139.6098,-142.0095,-143.5111,-145.0092,-146.5038,-147.9944,-149.4808,-150.9628,-152.4401,-154.8397,-153.5189
97.83021,98.42856,97.58074,96.72548,96.55751,95.68129,94.11577,94.58263,93.00915,92.10419,91.84826,90.92273,89.99027,89.05095,88.73418,87.77456,86.80827,86.44412,85.45773,85.65448,91.10671,94.65458,93.49296,92.32422,90.58925,88.86185,87.14225,85.43064,83.72724,82.03227,80.34594,79.17598,77,75.3408,73.69106,72.52813,71.82915,71.57104,70.36853,70.05306,69.26264,68.45126,67.1963,66.76561,65.89134,64.9961,64.07991,63.14277,62.5593,60.8392
-94.47354,-96.72548,-97.58074,-98.42856,-99.98823,-100.827,-100.9268,-103.2188,-103.2971,-104.1048,-105.6593,-106.4568,-107.2462,-108.0274,-109.5776,-110.3478,-111.1095,-112.6562,-113.4062,-115.7554,-125.3976,-132.7008,-133.5218,-134.3326,-134.3041,-134.2556,-134.1873,-134.0992,-133.9916,-133.8645,-133.7181,-134.4141,-133.3679,-133.1644,-132.9422,-133.5802,-135.091,-137.4867,-138.106,-140.5047,-142.0095,-143.5111,-144.1029,-146.5038,-147.9944,-149.4808,-150.9628,-152.4401,-154.8397,-154.4493
97.83021,98.42856,97.58074,96.72548,96.55751,95.68129,94.11577,93.23145,93.67828,92.76681,91.19221,90.92273,89.99027,89.05095,88.73418,87.77456,87.42393,86.44412,85.45773,85.65448,91.10671,94.65458,93.49296,91.75781,90.58925,88.86185,87.14225,85.43064,83.72724,82.03227,80.34594,79.17598,76.5,75.3408,73.69106,72.52813,71.82915,71.57104,70.36853,69.60686,69.26264,68.45126,67.61892,66.76561,65.89134,64.9961,64.07991,63.14277,62.5593,57.90719
-94.47354,-96.72548,-97.58074,-98.42856,-99.98823,-100.827,-100.9268,-101.7443,-104.0403,-104.8538,-104.9046,-106.4568,-107.2462,-108.0274,-109.5776,-110.3478,-111.8975,-112.6562,-113.4062,-115.7554,-125.3976,-132.7008,-133.5218,-133.5084,-134.3041,-134.2556,-134.1873,-134.0992,-133.9916,-133.8645,-133.7181,-134.4141,-132.5019,-133.1644,-132.9422,-133.5802,-135.091,-137.4867,-138.106,-139.6098,-142.0095,-143.5111,-145.0092,-146.5038,-147.9944,-149.4808,-150.9628,-152.4401,-154.8397,-147.006
98.54955,97.71531,97.58074,97.42639,96.55751,95.68129,94.11577,93.90704,93.00915,92.10419,91.19221,90.92273,89.99027,89.68703,88.73418,87.77456,87.42393,86.44412,85.45773,85.65448,90.51893,95.23528,93.49296,91.75781,90.58925,88.86185,87.14225,85.43064,83.72724,82.03227,80.34594,79.17598,77,75.3408,73.69106,72.52813,71.82915,71.57104,70.36853,70.05306,68.82427,68.45126,67.61892,66.76561,65.89134,64.9961,64.07991,63.14277,62.5593,60.4727
-95.1682,-96.02457,-97.58074,-99.14181,-99.98823,-100.827,-100.9268,-102.4815,-103.2971,-104.1048,-104.9046,-106.4568,-107.2462,-108.7991,-109.5776,-110.3478,-111.8975,-112.6562,-113.4062,-115.7554,-124.5886,-133.5149,-133.5218,-133.5084,-134.3041,-134.2556,-134.1873,-134.0992,-133.9916,-133.8645,-133.7181,-134.4141,-133.3679,-133.1644,-132.9422,-133.5802,-135.091,-137.4867,-138.106,-140.5047,-141.1107,-143.5111,-145.0092,-146.5038,-147.9944,-149.4808,-150.9628,-152.4401,-154.8397,-153.5189
97.83021,98.42856,97.58074,97.42639,95.86286,95.68129,94.11577,93.90704,93.00915,92.10419,91.84826,90.92273,89.99027,89.05095,88.73418,87.77456,87.42393,86.44412,85.45773,85.65448,91.10671,94.65458,93.49296,91.75781,90.58925,88.86185,86.59761,85.43064,83.72724,82.03227,80.34594,78.16091,77,75.3408,73.69106,72.52813,71.35968,70.64754,70.36853,70.05306,69.26264,68.45126,67.61892,66.76561,65.89134,64.9961,64.07991,63.14277,62.18469,61.2057
-94.47354,-96.72548,-97.58074,-99.14181,-99.26889,-100.827,-100.9268,-102.4815,-103.2971,-104.1048,-105.6593,-106.4568,-107.2462,-108.0274,-109.5776,-110.3478,-111.8975,-112.6562,-113.4062,-115.7554,-125.3976,-132.7008,-133.5218,-133.5084,-134.3041,-134.2556,-133.3486,-134.0992,-133.9916,-133.8645,-133.7181,-132.6909,-133.3679,-133.1644,-132.9422,-133.5802,-134.208,-135.7127,-138.106,-140.5047,-142.0095,-143.5111,-145.0092,-146.5038,-147.9944,-149.4808,-150.9628,-152.4401,-153.9125,-155.3797
97.83021,98.42856,97.58074,97.42639,95.86286,95.68129,94.11577,93.90704,93.00915,92.10419,91.84826,90.92273,89.99027,89.68703,88.73418,87.77456,86.80827,86.44412,85.45773,85.65448,90.51893,94.65458,93.49296,91.75781,90.58925,88.86185,87.14225,85.43064,83.72724,82.03227,80.34594,79.17598,77,75.3408,73.69106,73.00529,71.82915,70.64754,70.36853,70.05306,68.82427,68.02075,67.61892,66.35092,65.89134,64.9961,64.07991,63.14277,62.5593,60.4727
-94.47354,-96.72548,-97.58074,-99.14181,-99.26889,-100.827,-100.9268,-102.4815,-103.2971,-104.1048,-105.6593,-106.4568,-107.2462,-108.7991,-109.5776,-110.3478,-111.1095,-112.6562,-113.4062,-115.7554,-124.5886,-132.7008,-133.5218,-133.5084,-134.3041,-134.2556,-134.1873,-134.0992,-133.9916,-133.8645,-133.7181,-134.4141,-133.3679,-133.1644,-132.9422,-134.459,-135.091,-135.7127,-138.106,-140.5047,-141.1107,-142.6085,-145.0092,-145.5938,-147.9944,-149.4808,-150.9628,-152.4401,-154.8397,-153.5189
97.83021,98.42856,97.58074,97.42639,95.86286,94.99293,94.79777,93.90704,93.00915,92.10419,91.19221,90.92273,89.99027,89.68703,88.73418,87.77456,87.42393,86.44412,85.45773,85.65448,90.51893,94.65458,93.49296,91.75781,90.58925,88.86185,87.14225,85.43064,83.72724,82.03227,80.34594,78.16091,77,75.3408,73.69106,72.52813,71.82915,71.57104,70.36853,70.05306,68.82427,68.02075,67.1963,66.76561,65.4846,64.9961,64.07991,63.14277,62.5593,60.8392
-94.47354,-96.72548,-97.58074,-99.14181,-99.26889,-100.1017,-101.6582,-102.4815,-103.2971,-104.1048,-104.9046,-106.4568,-107.2462,-108.7991,-109.5776,-110.3478,-111.8975,-112.6562,-113.4062,-115.7554,-124.5886,-132.7008,-133.5218,-133.5084,-134.3041,-134.2556,-134.1873,-134.0992,-133.9916,-133.8645,-133.7181,-132.6909,-133.3679,-133.1644,-132.9422,-133.5802,-135.091,-137.4867,-138.106,-140.5047,-141.1107,-142.6085,-144.1029,-146.5038,-147.0808,-149.4808,-150.9628,-152.4401,-154.8397,-154.4493
97.11087,98.42856,97.58074,97.42639,95.86286,94.99293,94.11577,93.90704,93.67828,92.10419,91.19221,90.92273,89.99027,89.68703,88.10485,87.77456,87.42393,86.44412,85.45773,85.05966,91.10671,95.23528,93.49296,91.75781,90.58925,88.86185,87.14225,85.43064,83.72724,82.03227,80.34594,78.16091,77,75.3408,74.17587,72.52813,71.82915,71.57104,70.36853,69.60686,69.26264,68.02075,67.61892,66.76561,65.89134,64.9961,64.07991,63.14277,62.18469,59.0067
-93.77888,-96.72548,-97.58074,-99.14181,-99.26889,-100.1017,-100.9268,-102.4815,-104.0403,-104.1048,-104.9046,-106.4568,-107.2462,-108.7991,-108.8004,-110.3478,-111.8975,-112.6562,-113.4062,-114.9515,-125.3976,-133.5149,-133.5218,-133.5084,-134.3041,-134.2556,-134.1873,-134.0992,-133.9916,-133.8645,-133.7181,-132.6909,-133.3679,-133.1644,-133.8168,-133.5802,-135.091,-137.4867,-138.106,-139.6098,-142.0095,-142.6085,-145.0092,-146.5038,-147.9944,-149.4808,-150.9628,-152.4401,-153.9125,-149.7972
98.54955,98.42856,97.58074,97.42639,95.86286,94.99293,94.11577,93.90704,93.00915,92.10419,91.19221,90.92273,89.99027,89.05095,88.73418,87.77456,87.42393,86.44412,85.45773,85.65448,90.51893,94.65458,93.49296,92.32422,90.58925,88.86185,87.14225,85.43064,83.72724,82.03227,80.34594,79.17598,77,75.3408,73.69106,73.00529,71.82915,71.57104,70.36853,70.05306,69.26264,68.45126,67.61892,66.76561,65.89134,64.9961,64.07991,63.14277,62.5593,59.0067
-95.1682,-96.72548,-97.58074,-99.14181,-99.26889,-100.1017,-100.9268,-102.4815,-103.2971,-104.1048,-104.9046,-106.4568,-107.2462,-108.0274,-109.5776,-110.3478,-111.8975,-112.6562,-113.4062,-115.7554,-124.5886,-132.7008,-133.5218,-134.3326,-134.3041,-134.2556,-134.1873,-134.0992,-133.9916,-133.8645,-133.7181,-134.4141,-133.3679,-133.1644,-132.9422,-134.459,-135.091,-137.4867,-138.106,-140.5047,-142.0095,-143.5111,-145.0092,-146.5038,-147.9944,-149.4808,-150.9628,-152.4401,-154.8397,-149.7972
98.54955,97.71531,97.58074,97.42639,95.86286,94.99293,94.11577,93.90704,93.00915,92.10419,91.19221,90.92273,89.99027,89.05095,88.73418,87.77456,87.42393,86.44412,85.45773,85.65448,90.51893,94.65458,93.49296,91.75781,90.58925,88.86185,87.14225,85.43064,83.72724,82.03227,80.34594,79.17598,77,75.3408,73.69106,72.52813,71.82915,71.57104,70.36853,69.60686,68.82427,68.45126,67.61892,66.76561,65.89134,64.9961,64.07991,63.14277,62.5593,59.7397
-95.1682,-96.02457,-97.58074,-99.14181,-99.26889,-100.1017,-100.9268,-102.4815,-103.2971,-104.1048,-104.9046,-106.4568,-107.2462,-108.0274,-109.5776,-110.3478,-111.8975,-112.6562,-113.4062,-115.7554,-124.5886,-132.7008,-133.5218,-133.5084,-134.3041,-134.2556,-134.1873,-134.0992,-133.9916,-133.8645,-133.7181,-134.4141,-133.3679,-133.1644,-132.9422,-133.5802,-135.091,-137.4867,-138.106,-139.6098,-141.1107,-143.5111,-145.0092,-146.5038,-147.9944,-149.4808,-150.9628,-152.4401,-154.8397,-151.6581
98.54955,97.71531,97.58074,96.72548,95.86286,95.68129,94.11577,93.90704,93.00915,92.10419,91.19221,90.92273,89.99027,89.68703,88.73418,87.77456,86.80827,86.44412,85.45773,85.65448,91.10671,94.65458,93.49296,91.75781,90.58925,88.86185,87.14225,85.43064,83.72724,82.03227,80.34594,79.17598,77,75.3408,73.69106,72.52813,71.82915,71.57104,70.36853,69.60686,69.26264,68.45126,67.61892,66.76561,65.89134,64.9961,64.07991,63.14277,62.5593,60.8392
-95.1682,-96.02457,-97.58074,-98.42856,-99.26889,-100.827,-100.9268,-102.4815,-103.2971,-104.1048,-104.9046,-106.4568,-107.2462,-108.7991,-109.5776,-110.3478,-111.1095,-112.6562,-113.4062,-115.7554,-125.3976,-132.7008,-133.5218,-133.5084,-134.3041,-134.2556,-134.1873,-134.0992,-133.9916,-133.8645,-133.7181,-134.4141,-133.3679,-133.1644,-132.9422,-133.5802,-135.091,-137.4867,-138.106,-139.6098,-142.0095,-143.5111,-145.0092,-146.5038,-147.9944,-149.4808,-150.9628,-152.4401,-154.8397,-154.4493
98.54955,98.42856,97.58074,97.42639,96.55751,95.68129,94.11577,93.23145,93.00915,92.76681,91.19221,90.92273,89.99027,89.68703,88.73418,87.77456,87.42393,86.44412,85.45773,85.65448,91.10671,94.65458,93.49296,91.75781,90.58925,88.30992,87.14225,85.43064,83.72724,82.03227,80.34594,79.17598,77,75.3408,73.69106,72.52813,71.82915,70.64754,70.36853,70.05306,69.26264,68.45126,67.61892,66.35092,65.89134,64.9961,64.07991,63.14277,62.18469,60.1062
-95.1682,-96.72548,-97.58074,-99.14181,-99.98823,-100.827,-100.9268,-101.7443,-103.2971,-104.8538,-104.9046,-106.4568,-107.2462,-108.7991,-109.5776,-110.3478,-111.8975,-112.6562,-113.4062,-115.7554,-125.3976,-132.7008,-133.5218,-133.5084,-134.3041,-133.4217,-134.1873,-134.0992,-133.9916,-133.8645,-133.7181,-134.4141,-133.3679,-133.1644,-132.9422,-133.5802,-135.091,-135.7127,-138.106,-140.5047,-142.0095,-143.5111,-145.0092,-145.5938,-147.9944,-149.4808,-150.9628,-152.4401,-153.9125,-152.5885
97.83021,98.42856,97.58074,96.72548,95.86286,95.68129,94.79777,94.58263,93.00915,92.10419,91.84826,90.92273,89.99027,89.05095,88.10485,87.77456,87.42393,85.83536,85.45773,86.2493,91.10671,94.65458,93.49296,91.75781,90.58925,88.86185,87.14225,85.43064,83.72724,82.03227,80.34594,79.17598,77,75.3408,73.69106,72.52813,71.82915,71.57104,70.36853,70.05306,69.26264,68.02075,67.61892,66.76561,65.89134,64.9961,64.07991,63.14277,62.5593,60.8392
-94.47354,-96.72548,-97.58074,-98.42856,-99.26889,-100.827,-101.6582,-103.2188,-103.2971,-104.1048,-105.6593,-106.4568,-107.2462,-108.0274,-108.8004,-110.3478,-111.8975,-111.8628,-113.4062,-116.5592,-125.3976,-132.7008,-133.5218,-133.5084,-134.3041,-134.2556,-134.1873,-134.0992,-133.9916,-133.8645,-133.7181,-134.4141,-133.3679,-133.1644,-132.9422,-133.5802,-135.091,-137.4867,-138.106,-140.5047,-142.0095,-142.6085,-145.0092,-146.5038,-147.9944,-149.4808,-150.9628,-152.4401,-154.8397,-154.4493
