97.83021,98.42856,97.58074,96.72548,95.86286,95.68129,94.79777,93.90704,93.67828,92.76681,91.84826,91.57217,90.63305,89.68703,88.73418,88.39708,87.42393,87.05288,86.05955,85.65448,91.10671,94.65458,93.49296,92.32422,90.58925,89.41379,87.14225,85.96794,84.25716,82.55477,80.86098,79.17598,78,75.83323,74.66068,73.00529,71.82915,71.57104,70.36853,69.60686,68.82427,68.45126,67.61892,66.76561,65.89134,64.9961,64.07991,63.14277,62.18469,60.8392
-94.47354,-96.72548,-97.58074,-98.42856,-99.26889,-100.827,-101.6582,-102.4815,-104.0403,-104.8538,-105.6593,-107.2172,-108.0123,-108.7991,-109.5776,-111.1304,-111.8975,-113.4495,-114.2049,-115.7554,-125.3976,-132.7008,-133.5218,-134.3326,-134.3041,-135.0895,-134.1873,-134.9426,-134.8396,-134.7171,-134.5753,-134.4141,-135.1,-134.0348,-134.6914,-134.459,-135.091,-137.4867,-138.106,-139.6098,-141.1107,-143.5111,-145.0092,-146.5038,-147.9944,-149.4808,-150.9628,-152.4401,-153.9125,-154.4493
98.54955,98.42856,97.58074,96.72548,96.55751,95.68129,94.79777,94.58263,93.67828,92.76681,91.84826,91.57217,90.63305,89.68703,89.3635,88.39708,88.03959,87.05288,86.05955,85.65448,91.10671,94.65458,93.49296,92.32422,91.14844,89.41379,87.14225,85.96794,84.25716,82.55477,80.86098,79.17598,78,75.83323,74.66068,73.00529,72.76809,71.10929,70.36853,69.60686,69.26264,68.45126,67.61892,66.76561,65.4846,64.9961,64.07991,63.14277,62.5593,61.2057
-95.1682,-96.72548,-97.58074,-98.42856,-99.98823,-100.827,-101.6582,-103.2188,-104.0403,-104.8538,-105.6593,-107.2172,-108.0123,-108.7991,-110.3547,-111.1304,-112.6855,-113.4495,-114.2049,-115.7554,-125.3976,-132.7008,-133.5218,-134.3326,-135.1331,-135.0895,-134.1873,-134.9426,-134.8396,-134.7171,-134.5753,-134.4141,-135.1,-134.0348,-134.6914,-134.459,-136.8569,-136.5997,-138.106,-139.6098,-142.0095,-143.5111,-145.0092,-146.5038,-147.0808,-149.4808,-150.9628,-152.4401,-154.8397,-155.3797
97.83021,98.42856,97.58074,97.42639,96.55751,95.68129,95.47977,94.58263,93.67828,92.76681,91.84826,91.57217,90.63305,89.68703,89.3635,88.39708,87.42393,87.05288,86.05955,85.65448,91.10671,94.65458,93.49296,92.32422,91.14844,89.41379,87.68688,85.96794,84.25716,82.55477,80.86098,79.17598,78,75.83323,74.17587,73.00529,72.76809,71.10929,70.82252,69.60686,68.82427,68.45126,67.61892,66.76561,65.89134,64.9961,64.07991,63.14277,62.5593,60.8392
-94.47354,-96.72548,-97.58074,-99.14181,-99.98823,-100.827,-102.3895,-103.2188,-104.0403,-104.8538,-105.6593,-107.2172,-108.0123,-108.7991,-110.3547,-111.1304,-111.8975,-113.4495,-114.2049,-115.7554,-125.3976,-132.7008,-133.5218,-134.3326,-135.1331,-135.0895,-135.026,-134.9426,-134.8396,-134.7171,-134.5753,-134.4141,-135.1,-134.0348,-133.8168,-134.459,-136.8569,-136.5997,-138.997,-139.6098,-141.1107,-143.5111,-145.0092,-146.5038,-147.9944,-149.4808,-150.9628,-152.4401,-154.8397,-154.4493
98.54955,98.42856,97.58074,97.42639,96.55751,95.68129,94.79777,94.58263,93.67828,92.76681,91.84826,91.57217,90.63305,90.32311,89.3635,88.39708,88.03959,87.05288,86.05955,85.05966,91.10671,94.65458,93.49296,92.32422,91.14844,89.41379,87.68688,85.96794,84.25716,82.55477,81.37602,79.17598,78,75.83323,74.66068,73.00529,71.82915,71.10929,70.36853,69.60686,68.82427,68.45126,67.61892,66.35092,65.89134,64.9961,64.07991,63.14277,62.5593,58.2737
-95.1682,-96.72548,-97.58074,-99.14181,-99.98823,-100.827,-101.6582,-103.2188,-104.0403,-104.8538,-105.6593,-107.2172,-108.0123,-109.5707,-110.3547,-111.1304,-112.6855,-113.4495,-114.2049,-114.9515,-125.3976,-132.7008,-133.5218,-134.3326,-135.1331,-135.0895,-135.026,-134.9426,-134.8396,-134.7171,-135.4324,-134.4141,-135.1,-134.0348,-134.6914,-134.459,-135.091,-136.5997,-138.106,-139.6098,-141.1107,-143.5111,-145.0092,-145.5938,-147.9944,-149.4808,-150.9628,-152.4401,-154.8397,-147.9364
97.83021,98.42856,97.58074,97.42639,96.55751,95.68129,94.79777,94.58263,93.67828,92.76681,91.84826,91.57217,90.63305,89.68703,89.3635,88.39708,87.42393,87.05288,86.05955,85.05966,91.10671,94.65458,93.49296,92.32422,91.14844,89.41379,87.68688,85.96794,84.25716,82.55477,80.86098,79.68352,78,75.83323,74.17587,73.00529,71.82915,71.57104,70.82252,69.60686,68.82427,68.45126,67.61892,66.76561,65.4846,64.9961,64.07991,63.14277,62.18469,60.8392
-94.47354,-96.72548,-97.58074,-99.14181,-99.98823,-100.827,-101.6582,-103.2188,-104.0403,-104.8538,-105.6593,-107.2172,-108.0123,-108.7991,-110.3547,-111.1304,-111.8975,-113.4495,-114.2049,-114.9515,-125.3976,-132.7008,-133.5218,-134.3326,-135.1331,-135.0895,-135.026,-134.9426,-134.8396,-134.7171,-134.5753,-135.2758,-135.1,-134.0348,-133.8168,-134.459,-135.091,-137.4867,-138.997,-139.6098,-141.1107,-143.5111,-145.0092,-146.5038,-147.0808,-149.4808,-150.9628,-152.4401,-153.9125,-154.4493
98.54955,98.42856,97.58074,96.72548,96.55751,95.68129,94.79777,94.58263,93.67828,92.76681,91.84826,91.57217,90.63305,89.68703,89.3635,88.39708,88.03959,87.05288,86.05955,85.65448,91.10671,94.65458,93.49296,92.32422,91.14844,89.41379,87.68688,85.96794,84.25716,82.55477,80.86098,79.17598,78,75.83323,74.66068,73.00529,72.76809,71.57104,70.82252,70.05306,69.26264,68.45126,67.61892,66.76561,65.4846,64.9961,64.07991,63.14277,62.18469,61.2057
-95.1682,-96.72548,-97.58074,-98.42856,-99.98823,-100.827,-101.6582,-103.2188,-104.0403,-104.8538,-105.6593,-107.2172,-108.0123,-108.7991,-110.3547,-111.1304,-112.6855,-113.4495,-114.2049,-115.7554,-125.3976,-132.7008,-133.5218,-134.3326,-135.1331,-135.0895,-135.026,-134.9426,-134.8396,-134.7171,-134.5753,-134.4141,-135.1,-134.0348,-134.6914,-134.459,-136.8569,-137.4867,-138.997,-140.5047,-142.0095,-143.5111,-145.0092,-146.5038,-147.0808,-149.4808,-150.9628,-152.4401,-153.9125,-155.3797
98.54955,98.42856,97.58074,96.72548,96.55751,95.68129,94.79777,94.58263,93.67828,92.76681,91.84826,91.57217,90.63305,89.68703,89.3635,88.39708,88.03959,87.05288,86.05955,85.65448,91.10671,94.65458,93.49296,92.32422,91.14844,88.86185,87.68688,85.96794,84.25716,82.55477,80.86098,79.68352,78,75.83323,74.17587,73.00529,72.76809,71.57104,70.82252,69.60686,69.26264,68.45126,67.61892,66.76561,65.4846,64.9961,64.07991,63.14277,62.5593,58.2737
-95.1682,-96.72548,-97.58074,-98.42856,-99.98823,-100.827,-101.6582,-103.2188,-104.0403,-104.8538,-105.6593,-107.2172,-108.0123,-108.7991,-110.3547,-111.1304,-112.6855,-113.4495,-114.2049,-115.7554,-125.3976,-132.7008,-133.5218,-134.3326,-135.1331,-134.2556,-135.026,-134.9426,-134.8396,-134.7171,-134.5753,-135.2758,-135.1,-134.0348,-133.8168,-134.459,-136.8569,-137.4867,-138.997,-139.6098,-142.0095,-143.5111,-145.0092,-146.5038,-147.0808,-149.4808,-150.9628,-152.4401,-154.8397,-147.9364
97.83021,98.42856,97.58074,97.42639,96.55751,95.68129,94.79777,94.58263,93.67828,92.76681,91.84826,91.57217,90.63305,89.68703,89.3635,88.39708,88.03959,87.05288,86.05955,85.65448,91.10671,94.65458,93.49296,92.32422,90.58925,89.41379,87.68688,85.96794,84.25716,82.55477,80.86098,79.17598,78,75.83323,74.66068,73.00529,72.76809,72.03278,70.82252,69.60686,69.26264,68.02075,67.61892,66.76561,65.89134,64.9961,64.07991,63.14277,62.5593,58.2737
-94.47354,-96.72548,-97.58074,-99.14181,-99.98823,-100.827,-101.6582,-103.2188,-104.0403,-104.8538,-105.6593,-107.2172,-108.0123,-108.7991,-110.3547,-111.1304,-112.6855,-113.4495,-114.2049,-115.7554,-125.3976,-132.7008,-133.5218,-134.3326,-134.3041,-135.0895,-135.026,-134.9426,-134.8396,-134.7171,-134.5753,-134.4141,-135.1,-134.0348,-134.6914,-134.459,-136.8569,-138.3737,-138.997,-139.6098,-142.0095,-142.6085,-145.0092,-146.5038,-147.9944,-149.4808,-150.9628,-152.4401,-154.8397,-147.9364
98.54955,98.42856,97.58074,97.42639,96.55751,95.68129,94.79777,94.58263,93.67828,92.76681,91.84826,90.92273,90.63305,89.68703,89.3635,88.39708,87.42393,87.05288,86.05955,85.65448,91.10671,94.65458,93.49296,92.32422,91.14844,89.41379,87.68688,85.96794,84.25716,82.55477,80.86098,79.17598,78,75.83323,74.17587,73.48245,71.82915,72.03278,70.36853,69.60686,68.82427,68.02075,67.61892,66.76561,65.4846,64.9961,64.07991,63.14277,62.18469,60.8392
-95.1682,-96.72548,-97.58074,-99.14181,-99.98823,-100.827,-101.6582,-103.2188,-104.0403,-104.8538,-105.6593,-106.4568,-108.0123,-108.7991,-110.3547,-111.1304,-111.8975,-113.4495,-114.2049,-115.7554,-125.3976,-132.7008,-133.5218,-134.3326,-135.1331,-135.0895,-135.026,-134.9426,-134.8396,-134.7171,-134.5753,-134.4141,-135.1,-134.0348,-133.8168,-135.3378,-135.091,-138.3737,-138.106,-139.6098,-141.1107,-142.6085,-145.0092,-146.5038,-147.0808,-149.4808,-150.9628,-152.4401,-153.9125,-154.4493
98.54955,98.42856,97.58074,97.42639,96.55751,95.68129,94.79777,94.58263,93.67828,92.76681,91.84826,91.57217,90.63305,89.68703,89.3635,88.39708,88.03959,87.05288,86.05955,85.05966,90.51893,94.65458,93.49296,92.32422,91.14844,89.41379,87.68688,85.96794,84.25716,82.55477,80.86098,79.68352,78,75.83323,74.17587,73.00529,72.76809,72.03278,70.82252,69.60686,68.82427,68.45126,67.61892,66.35092,65.89134,64.9961,64.07991,63.14277,62.5593,60.8392
-95.1682,-96.72548,-97.58074,-99.14181,-99.98823,-100.827,-101.6582,-103.2188,-104.0403,-104.8538,-105.6593,-107.2172,-108.0123,-108.7991,-110.3547,-111.1304,-112.6855,-113.4495,-114.2049,-114.9515,-124.5886,-132.7008,-133.5218,-134.3326,-135.1331,-135.0895,-135.026,-134.9426,-134.8396,-134.7171,-134.5753,-135.2758,-135.1,-134.0348,-133.8168,-134.459,-136.8569,-138.3737,-138.997,-139.6098,-141.1107,-143.5111,-145.0092,-145.5938,-147.9944,-149.4808,-150.9628,-152.4401,-154.8397,-154.4493
98.54955,98.42856,97.58074,96.72548,96.55751,95.68129,94.79777,94.58263,93.67828,92.76681,91.84826,90.92273,90.63305,89.68703,89.3635,88.39708,88.03959,87.05288,86.05955,85.65448,91.10671,94.65458,93.49296,92.32422,91.14844,89.41379,87.68688,85.96794,84.25716,82.55477,80.86098,79.17598,78,75.83323,74.17587,73.00529,72.76809,72.03278,70.36853,70.05306,69.26264,68.02075,67.61892,66.76561,65.89134,64.9961,64.07991,63.14277,62.5593,57.54069
-95.1682,-96.72548,-97.58074,-98.42856,-99.98823,-100.827,-101.6582,-103.2188,-104.0403,-104.8538,-105.6593,-106.4568,-108.0123,-108.7991,-110.3547,-111.1304,-112.6855,-113.4495,-114.2049,-115.7554,-125.3976,-132.7008,-133.5218,-134.3326,-135.1331,-135.0895,-135.026,-134.9426,-134.8396,-134.7171,-134.5753,-134.4141,-135.1,-134.0348,-133.8168,-134.459,-136.8569,-138.3737,-138.106,-140.5047,-142.0095,-142.6085,-145.0092,-146.5038,-147.9944,-149.4808,-150.9628,-152.4401,-154.8397,-146.0756
98.54955,98.42856,97.58074,97.42639,96.55751,95.68129,95.47977,94.58263,93.67828,92.76681,92.50432,91.57217,90.63305,89.68703,89.3635,88.39708,88.03959,87.05288,86.05955,85.65448,91.10671,94.65458,93.49296,92.32422,91.14844,88.86185,87.68688,85.96794,84.25716,82.55477,80.86098,79.68352,78,75.83323,74.17587,73.00529,72.76809,72.03278,70.82252,69.60686,69.26264,68.45126,67.61892,66.76561,65.4846,64.9961,64.07991,63.14277,62.5593,61.57221
-95.1682,-96.72548,-97.58074,-99.14181,-99.98823,-100.827,-102.3895,-103.2188,-104.0403,-104.8538,-106.4141,-107.2172,-108.0123,-108.7991,-110.3547,-111.1304,-112.6855,-113.4495,-114.2049,-115.7554,-125.3976,-132.7008,-133.5218,-134.3326,-135.1331,-134.2556,-135.026,-134.9426,-134.8396,-134.7171,-134.5753,-135.2758,-135.1,-134.0348,-133.8168,-134.459,-136.8569,-138.3737,-138.997,-139.6098,-142.0095,-143.5111,-145.0092,-146.5038,-147.0808,-149.4808,-150.9628,-152.4401,-154.8397,-156.3102
98.54955,98.42856,97.58074,96.72548,96.55751,95.68129,94.79777,94.58263,93.67828,92.76681,91.84826,90.92273,90.63305,89.68703,89.3635,88.39708,88.03959,87.05288,86.05955,86.2493,91.10671,94.65458,93.49296,92.32422,91.14844,89.41379,87.68688,85.96794,84.25716,82.55477,80.86098,79.68352,78,75.83323,74.17587,73.48245,72.76809,71.10929,70.36853,69.60686,68.82427,68.45126,67.61892,66.76561,65.4846,64.9961,64.07991,63.14277,62.18469,60.4727
-95.1682,-96.72548,-97.58074,-98.42856,-99.98823,-100.827,-101.6582,-103.2188,-104.0403,-104.8538,-105.6593,-106.4568,-108.0123,-108.7991,-110.3547,-111.1304,-112.6855,-113.4495,-114.2049,-116.5592,-125.3976,-132.7008,-133.5218,-134.3326,-135.1331,-135.0895,-135.026,-134.9426,-134.8396,-134.7171,-134.5753,-135.2758,-135.1,-134.0348,-133.8168,-135.3378,-136.8569,-136.5997,-138.106,-139.6098,-141.1107,-143.5111,-145.0092,-146.5038,-147.0808,-149.4808,-150.9628,-152.4401,-153.9125,-153.5189
98.54955,98.42856,97.58074,96.72548,96.55751,95.68129,94.79777,94.58263,93.67828,92.76681,91.84826,91.57217,90.63305,90.32311,88.73418,88.39708,87.42393,87.05288,86.05955,85.65448,91.10671,94.65458,93.49296,92.32422,91.14844,88.86185,87.68688,85.96794,84.25716,82.55477,80.86098,79.68352,78,75.83323,74.66068,73.00529,71.82915,72.03278,70.36853,70.05306,69.26264,68.02075,67.61892,66.35092,65.89134,64.9961,64.07991,63.14277,62.5593,58.6402
-95.1682,-96.72548,-97.58074,-98.42856,-99.98823,-100.827,-101.6582,-103.2188,-104.0403,-104.8538,-105.6593,-107.2172,-108.0123,-109.5707,-109.5776,-111.1304,-111.8975,-113.4495,-114.2049,-115.7554,-125.3976,-132.7008,-133.5218,-134.3326,-135.1331,-134.2556,-135.026,-134.9426,-134.8396,-134.7171,-134.5753,-135.2758,-135.1,-134.0348,-134.6914,-134.459,-135.091,-138.3737,-138.106,-140.5047,-142.0095,-142.6085,-145.0092,-145.5938,-147.9944,-149.4808,-150.9628,-152.4401,-154.8397,-148.8668
98.54955,98.42856,98.28784,96.72548,96.55751,95.68129,94.79777,94.58263,93.67828,92.76681,91.84826,91.57217,90.63305,89.68703,89.3635,88.39708,87.42393,87.05288,86.05955,85.65448,91.10671,95.23528,93.49296,92.32422,91.14844,89.41379,87.68688,85.96794,84.25716,82.55477,80.86098,79.17598,78,75.83323,74.17587,73.00529,71.82915,71.57104,70.82252,70.05306,68.82427,68.02075,67.1963,66.76561,65.89134,64.9961,64.07991,63.14277,62.5593,60.8392
-95.1682,-96.72548,-98.28784,-98.42856,-99.98823,-100.827,-101.6582,-103.2188,-104.0403,-104.8538,-105.6593,-107.2172,-108.0123,-108.7991,-110.3547,-111.1304,-111.8975,-113.4495,-114.2049,-115.7554,-125.3976,-133.5149,-133.5218,-134.3326,-135.1331,-135.0895,-135.026,-134.9426,-134.8396,-134.7171,-134.5753,-134.4141,-135.1,-134.0348,-133.8168,-134.459,-135.091,-137.4867,-138.997,-140.5047,-141.1107,-142.6085,-144.1029,-146.5038,-147.9944,-149.4808,-150.9628,-152.4401,-154.8397,-154.4493
98.54955,98.42856,97.58074,96.72548,96.55751,95.68129,95.47977,94.58263,93.67828,92.76681,91.84826,91.57217,90.63305,89.68703,89.3635,88.39708,87.42393,87.05288,86.05955,85.65448,91.10671,95.23528,93.49296,92.32422,91.14844,89.41379,87.68688,85.96794,84.25716,82.55477,80.86098,79.68352,78,75.83323,74.17587,73.00529,71.82915,72.03278,70.82252,69.60686,68.82427,68.45126,67.61892,66.76561,65.89134,64.9961,64.07991,63.14277,62.5593,59.7397
-95.1682,-96.72548,-97.58074,-98.42856,-99.98823,-100.827,-102.3895,-103.2188,-104.0403,-104.8538,-105.6593,-107.2172,-108.0123,-108.7991,-110.3547,-111.1304,-111.8975,-113.4495,-114.2049,-115.7554,-125.3976,-133.5149,-133.5218,-134.3326,-135.1331,-135.0895,-135.026,-134.9426,-134.8396,-134.7171,-134.5753,-135.2758,-135.1,-134.0348,-133.8168,-134.459,-135.091,-138.3737,-138.997,-139.6098,-141.1107,-143.5111,-145.0092,-146.5038,-147.9944,-149.4808,-150.9628,-152.4401,-154.8397,-151.6581
98.54955,98.42856,97.58074,97.42639,96.55751,95.68129,94.79777,94.58263,93.67828,92.76681,92.50432,91.57217,90.63305,89.68703,89.3635,89.01959,88.03959,87.05288,86.05955,86.2493,91.10671,95.23528,93.49296,92.32422,90.58925,89.41379,87.68688,85.96794,84.25716,82.55477,80.86098,79.68352,78,75.83323,74.66068,73.48245,71.82915,71.57104,70.82252,69.60686,69.26264,68.45126,67.61892,66.76561,65.89134,64.9961,64.07991,63.14277,62.18469,60.8392
-95.1682,-96.72548,-97.58074,-99.14181,-99.98823,-100.827,-101.6582,-103.2188,-104.0403,-104.8538,-106.4141,-107.2172,-108.0123,-108.7991,-110.3547,-111.913,-112.6855,-113.4495,-114.2049,-116.5592,-125.3976,-133.5149,-133.5218,-134.3326,-134.3041,-135.0895,-135.026,-134.9426,-134.8396,-134.7171,-134.5753,-135.2758,-135.1,-134.0348,-134.6914,-135.3378,-135.091,-137.4867,-138.997,-139.6098,-142.0095,-143.5111,-145.0092,-146.5038,-147.9944,-149.4808,-150.9628,-152.4401,-153.9125,-154.4493
98.54955,98.42856,97.58074,97.42639,96.55751,95.68129,95.47977,94.58263,93.67828,92.76681,91.84826,91.57217,90.63305,89.68703,89.3635,88.39708,87.42393,87.05288,86.05955,85.65448,91.10671,94.65458,93.49296,92.32422,91.14844,89.41379,87.68688,85.96794,84.25716,82.55477,80.86098,79.17598,78,75.83323,74.66068,73.00529,72.76809,71.57104,70.36853,69.60686,69.26264,68.45126,67.1963,66.35092,65.4846,64.9961,64.07991,63.14277,62.5593,61.2057
-95.1682,-96.72548,-97.58074,-99.14181,-99.98823,-100.827,-102.3895,-103.2188,-104.0403,-104.8538,-105.6593,-107.2172,-108.0123,-108.7991,-110.3547,-111.1304,-111.8975,-113.4495,-114.2049,-115.7554,-125.3976,-132.7008,-133.5218,-134.3326,-135.1331,-135.0895,-135.026,-134.9426,-134.8396,-134.7171,-134.5753,-134.4141,-135.1,-134.0348,-134.6914,-134.459,-136.8569,-137.4867,-138.106,-139.6098,-142.0095,-143.5111,-144.1029,-145.5938,-147.0808,-149.4808,-150.9628,-152.4401,-154.8397,-155.3797
98.54955,98.42856,97.58074,96.72548,96.55751,95.68129,94.79777,93.90704,93.67828,92.76681,91.84826,91.57217,90.63305,89.68703,89.3635,88.39708,88.03959,87.05288,86.05955,85.65448,91.10671,94.65458,93.49296,92.32422,90.58925,89.41379,87.14225,85.96794,84.25716,82.55477,80.86098,79.17598,78,75.83323,74.66068,73.00529,72.76809,72.03278,70.36853,69.60686,69.26264,68.02075,67.1963,66.76561,65.89134,64.9961,64.07991,63.14277,62.18469,60.8392
-95.1682,-96.72548,-97.58074,-98.42856,-99.98823,-100.827,-101.6582,-102.4815,-104.0403,-104.8538,-105.6593,-107.2172,-108.0123,-108.7991,-110.3547,-111.1304,-112.6855,-113.4495,-114.2049,-115.7554,-125.3976,-132.7008,-133.5218,-134.3326,-134.3041,-135.0895,-134.1873,-134.9426,-134.8396,-134.7171,-134.5753,-134.4141,-135.1,-134.0348,-134.6914,-134.459,-136.8569,-138.3737,-138.106,-139.6098,-142.0095,-142.6085,-144.1029,-146.5038,-147.9944,-149.4808,-150.9628,-152.4401,-153.9125,-154.4493
98.54955,98.42856,97.58074,96.72548,96.55751,95.68129,94.79777,94.58263,93.67828,92.76681,91.84826,91.57217,90.63305,89.68703,89.3635,88.39708,87.42393,87.05288,86.05955,85.05966,91.10671,94.65458,93.49296,92.32422,90.58925,89.41379,87.68688,85.96794,84.25716,82.55477,80.86098,79.68352,78,75.83323,74.66068,73.00529,72.76809,71.57104,70.82252,69.60686,69.26264,68.45126,67.61892,66.35092,65.89134,64.9961,64.07991,63.14277,62.5593,59.3732
-95.1682,-96.72548,-97.58074,-98.42856,-99.98823,-100.827,-101.6582,-103.2188,-104.0403,-104.8538,-105.6593,-107.2172,-108.0123,-108.7991,-110.3547,-111.1304,-111.8975,-113.4495,-114.2049,-114.9515,-125.3976,-132.7008,-133.5218,-134.3326,-134.3041,-135.0895,-135.026,-134.9426,-134.8396,-134.7171,-134.5753,-135.2758,-135.1,-134.0348,-134.6914,-134.459,-136.8569,-137.4867,-138.997,-139.6098,-142.0095,-143.5111,-145.0092,-145.5938,-147.9944,-149.4808,-150.9628,-152.4401,-154.8397,-150.7276
98.54955,98.42856,97.58074,97.42639,96.55751,95.68129,94.79777,94.58263,93.67828,92.76681,91.84826,91.57217,90.63305,89.68703,89.3635,88.39708,87.42393,87.05288,86.05955,85.05966,90.51893,94.65458,93.49296,92.32422,90.58925,88.86185,87.68688,85.96794,84.25716,82.55477,80.86098,79.68352,78,75.83323,74.17587,73.00529,72.76809,71.10929,70.36853,69.60686,68.82427,68.02075,67.1963,66.76561,65.89134,64.9961,64.07991,63.14277,62.5593,60.4727
-95.1682,-96.72548,-97.58074,-99.14181,-99.98823,-100.827,-101.6582,-103.2188,-104.0403,-104.8538,-105.6593,-107.2172,-108.0123,-108.7991,-110.3547,-111.1304,-111.8975,-113.4495,-114.2049,-114.9515,-124.5886,-132.7008,-133.5218,-134.3326,-134.3041,-134.2556,-135.026,-134.9426,-134.8396,-134.7171,-134.5753,-135.2758,-135.1,-134.0348,-133.8168,-134.459,-136.8569,-136.5997,-138.106,-139.6098,-141.1107,-142.6085,-144.1029,-146.5038,-147.9944,-149.4808,-150.9628,-152.4401,-154.8397,-153.5189
97.83021,98.42856,97.58074,96.72548,96.55751,95.68129,94.79777,94.58263,93.67828,92.76681,91.84826,90.92273,90.63305,89.68703,89.3635,88.39708,88.03959,87.05288,86.05955,85.65448,91.10671,94.65458,93.49296,92.32422,90.58925,88.86185,87.14225,85.96794,84.25716,82.55477,80.86098,79.68352,78,75.83323,74.17587,73.48245,71.82915,71.10929,70.82252,69.60686,68.82427,68.02075,67.61892,66.76561,65.89134,64.9961,64.07991,63.14277,62.5593,61.2057
-94.47354,-96.72548,-97.58074,-98.42856,-99.98823,-100.827,-101.6582,-103.2188,-104.0403,-104.8538,-105.6593,-106.4568,-108.0123,-108.7991,-110.3547,-111.1304,-112.6855,-113.4495,-114.2049,-115.7554,-125.3976,-132.7008,-133.5218,-134.3326,-134.3041,-134.2556,-134.1873,-134.9426,-134.8396,-134.7171,-134.5753,-135.2758,-135.1,-134.0348,-133.8168,-135.3378,-135.091,-136.5997,-138.997,-139.6098,-141.1107,-142.6085,-145.0092,-146.5038,-147.9944,-149.4808,-150.9628,-152.4401,-154.8397,-155.3797
98.54955,98.42856,97.58074,97.42639,96.55751,95.68129,94.79777,93.90704,93.67828,92.76681,91.84826,90.92273,90.63305,89.68703,89.3635,88.39708,87.42393,87.05288,86.05955,85.65448,91.10671,94.65458,93.49296,92.32422,91.14844,89.41379,87.68688,85.96794,84.25716,82.55477,80.86098,79.68352,78,75.83323,74.17587,73.00529,71.82915,71.57104,70.82252,70.05306,68.82427,68.02075,67.61892,66.76561,65.89134,64.9961,64.07991,63.14277,62.18469,58.6402
-95.1682,-96.72548,-97.58074,-99.14181,-99.98823,-100.827,-101.6582,-102.4815,-104.0403,-104.8538,-105.6593,-106.4568,-108.0123,-108.7991,-110.3547,-111.1304,-111.8975,-113.4495,-114.2049,-115.7554,-125.3976,-132.7008,-133.5218,-134.3326,-135.1331,-135.0895,-135.026,-134.9426,-134.8396,-134.7171,-134.5753,-135.2758,-135.1,-134.0348,-133.8168,-134.459,-135.091,-137.4867,-138.997,-140.5047,-141.1107,-142.6085,-145.0092,-146.5038,-147.9944,-149.4808,-150.9628,-152.4401,-153.9125,-148.8668
98.54955,98.42856,98.28784,97.42639,96.55751,95.68129,94.79777,93.90704,93.67828,92.76681,91.84826,91.57217,90.63305,89.68703,89.3635,88.39708,88.03959,87.05288,86.05955,85.05966,91.10671,95.23528,93.49296,92.32422,91.14844,89.41379,87.68688,85.96794,84.25716,82.55477,80.86098,79.68352,78,75.83323,74.17587,73.00529,72.76809,71.57104,70.82252,70.05306,69.26264,68.45126,67.61892,66.76561,65.89134,64.9961,64.07991,63.14277,62.5593,60.8392
-95.1682,-96.72548,-98.28784,-99.14181,-99.98823,-100.827,-101.6582,-102.4815,-104.0403,-104.8538,-105.6593,-107.2172,-108.0123,-108.7991,-110.3547,-111.1304,-112.6855,-113.4495,-114.2049,-114.9515,-125.3976,-133.5149,-133.5218,-134.3326,-135.1331,-135.0895,-135.026,-134.9426,-134.8396,-134.7171,-134.5753,-135.2758,-135.1,-134.0348,-133.8168,-134.459,-136.8569,-137.4867,-138.997,-140.5047,-142.0095,-143.5111,-145.0092,-146.5038,-147.9944,-149.4808,-150.9628,-152.4401,-154.8397,-154.4493
98.54955,98.42856,97.58074,96.72548,96.55751,95.68129,95.47977,94.58263,93.67828,92.76681,91.84826,90.92273,90.63305,90.32311,89.3635,88.39708,88.03959,87.05288,86.05955,85.65448,91.10671,94.65458,93.49296,92.32422,90.58925,89.41379,87.68688,85.96794,84.25716,82.55477,80.86098,79.17598,78,75.83323,74.66068,73.00529,72.76809,71.57104,70.36853,69.60686,69.26264,68.02075,67.61892,66.76561,65.89134,64.9961,64.07991,63.14277,62.5593,58.2737
-95.1682,-96.72548,-97.58074,-98.42856,-99.98823,-100.827,-102.3895,-103.2188,-104.0403,-104.8538,-105.6593,-106.4568,-108.0123,-109.5707,-110.3547,-111.1304,-112.6855,-113.4495,-114.2049,-115.7554,-125.3976,-132.7008,-133.5218,-134.3326,-134.3041,-135.0895,-135.026,-134.9426,-134.8396,-134.7171,-134.5753,-134.4141,-135.1,-134.0348,-134.6914,-134.459,-136.8569,-137.4867,-138.106,-139.6098,-142.0095,-142.6085,-145.0092,-146.5038,-147.9944,-149.4808,-150.9628,-152.4401,-154.8397,-147.9364
98.54955,98.42856,97.58074,96.72548,96.55751,95.68129,94.79777,94.58263,93.67828,92.76681,92.50432,91.57217,90.63305,90.32311,89.3635,88.39708,87.42393,87.05288,86.05955,86.2493,91.10671,94.65458,93.49296,92.32422,91.14844,88.86185,87.68688,85.96794,84.25716,82.55477,80.86098,79.17598,78,75.83323,74.17587,73.00529,71.82915,71.57104,70.82252,70.05306,69.26264,68.02075,67.61892,66.76561,65.89134,64.59735,64.07991,63.14277,62.5593,60.8392
-95.1682,-96.72548,-97.58074,-98.42856,-99.98823,-100.827,-101.6582,-103.2188,-104.0403,-104.8538,-106.4141,-107.2172,-108.0123,-109.5707,-110.3547,-111.1304,-111.8975,-113.4495,-114.2049,-116.5592,-125.3976,-132.7008,-133.5218,-134.3326,-135.1331,-134.2556,-135.026,-134.9426,-134.8396,-134.7171,-134.5753,-134.4141,-135.1,-134.0348,-133.8168,-134.459,-135.091,-137.4867,-138.997,-140.5047,-142.0095,-142.6085,-145.0092,-146.5038,-147.9944,-148.5637,-150.9628,-152.4401,-154.8397,-154.4493
98.54955,98.42856,97.58074,96.72548,96.55751,95.68129,94.79777,94.58263,93.67828,92.76681,91.84826,91.57217,90.63305,89.68703,89.3635,88.39708,87.42393,87.05288,86.05955,85.65448,90.51893,94.65458,93.49296,92.32422,91.14844,88.86185,87.14225,85.96794,84.25716,82.55477,80.86098,79.17598,78,75.83323,74.17587,73.00529,72.76809,72.03278,70.36853,70.05306,68.82427,68.45126,67.1963,66.76561,65.4846,64.9961,64.07991,63.14277,62.18469,60.8392
-95.1682,-96.72548,-97.58074,-98.42856,-99.98823,-100.827,-101.6582,-103.2188,-104.0403,-104.8538,-105.6593,-107.2172,-108.0123,-108.7991,-110.3547,-111.1304,-111.8975,-113.4495,-114.2049,-115.7554,-124.5886,-132.7008,-133.5218,-134.3326,-135.1331,-134.2556,-134.1873,-134.9426,-134.8396,-134.7171,-134.5753,-134.4141,-135.1,-134.0348,-133.8168,-134.459,-136.8569,-138.3737,-138.106,-140.5047,-141.1107,-143.5111,-144.1029,-146.5038,-147.0808,-149.4808,-150.9628,-152.4401,-153.9125,-154.4493
97.83021,98.42856,97.58074,96.72548,96.55751,95.68129,94.79777,94.58263,93.67828,92.76681,91.84826,91.57217,90.63305,89.68703,89.3635,88.39708,88.03959,87.05288,86.05955,85.65448,91.10671,94.65458,93.49296,92.32422,91.14844,88.86185,87.14225,85.96794,84.25716,82.55477,80.86098,79.17598,78,75.83323,74.17587,73.00529,72.76809,72.03278,70.36853,69.60686,68.82427,68.45126,67.61892,66.76561,65.4846,64.9961,64.07991,63.14277,62.5593,59.0067
-94.47354,-96.72548,-97.58074,-98.42856,-99.98823,-100.827,-101.6582,-103.2188,-104.0403,-104.8538,-105.6593,-107.2172,-108.0123,-108.7991,-110.3547,-111.1304,-112.6855,-113.4495,-114.2049,-115.7554,-125.3976,-132.7008,-133.5218,-134.3326,-135.1331,-134.2556,-134.1873,-134.9426,-134.8396,-134.7171,-134.5753,-134.4141,-135.1,-134.0348,-133.8168,-134.459,-136.8569,-138.3737,-138.106,-139.6098,-141.1107,-143.5111,-145.0092,-146.5038,-147.0808,-149.4808,-150.9628,-152.4401,-154.8397,-149.7972
98.54955,98.42856,97.58074,97.42639,96.55751,95.68129,94.79777,94.58263,93.67828,92.76681,91.84826,91.57217,90.63305,90.32311,89.3635,88.39708,88.03959,87.05288,86.05955,85.65448,91.10671,94.65458,93.49296,92.89062,91.14844,89.41379,87.68688,85.96794,84.25716,82.55477,80.86098,79.17598,78,75.83323,74.17587,73.00529,72.76809,71.57104,70.82252,70.05306,69.26264,68.45126,67.61892,66.76561,65.89134,64.9961,64.07991,63.14277,62.18469,60.8392
-95.1682,-96.72548,-97.58074,-99.14181,-99.98823,-100.827,-101.6582,-103.2188,-104.0403,-104.8538,-105.6593,-107.2172,-108.0123,-109.5707,-110.3547,-111.1304,-112.6855,-113.4495,-114.2049,-115.7554,-125.3976,-132.7008,-133.5218,-135.1567,-135.1331,-135.0895,-135.026,-134.9426,-134.8396,-134.7171,-134.5753,-134.4141,-135.1,-134.0348,-133.8168,-134.459,-136.8569,-137.4867,-138.997,-140.5047,-142.0095,-143.5111,-145.0092,-146.5038,-147.9944,-149.4808,-150.9628,-152.4401,-153.9125,-154.4493
98.54955,98.42856,97.58074,97.42639,96.55751,96.36964,94.79777,94.58263,93.67828,92.76681,91.84826,91.57217,90.63305,89.68703,89.3635,88.39708,88.03959,87.05288,86.05955,85.65448,91.10671,95.23528,93.49296,92.32422,91.14844,89.41379,87.68688,85.96794,84.25716,82.55477,80.86098,79.17598,78,76.81808,74.17587,73.48245,72.76809,72.03278,71.27651,69.60686,69.26264,68.02075,67.61892,66.76561,65.89134,64.9961,64.07991,63.14277,62.5593,61.2057
-95.1682,-96.72548,-97.58074,-99.14181,-99.98823,-101.5524,-101.6582,-103.2188,-104.0403,-104.8538,-105.6593,-107.2172,-108.0123,-108.7991,-110.3547,-111.1304,-112.6855,-113.4495,-114.2049,-115.7554,-125.3976,-133.5149,-133.5218,-134.3326,-135.1331,-135.0895,-135.026,-134.9426,-134.8396,-134.7171,-134.5753,-134.4141,-135.1,-135.7755,-133.8168,-135.3378,-136.8569,-138.3737,-139.888,-139.6098,-142.0095,-142.6085,-145.0092,-146.5038,-147.9944,-149.4808,-150.9628,-152.4401,-154.8397,-155.3797
