145.95,145.9778,145.9944,146,145.9944,145.9778,145.95,145.9111,145.861,145.7999,146.7258,146.6419,146.5468,146.4406,146.3232,146.1947,147.0486,146.8968,147.7253,147.5499,151.3194,155.0671,158.792,162.4933,166.1701,169.8215,168.547,167.2632,164.0177,162.7198,161.4134,159.1285,158.7762,157.4459,156.1081,154.7631,153.4112,152.0525,149.7336,149.3159,148.8868,149.3919,149.88,150.3508,149.8676,150.3064,150.7276,151.131,151.5162,150.9628,151.3149,152.5621,151.9635,151.3534
3.821834,2.548051,1.274074,0,-1.274074,-2.548051,-3.821834,-5.095327,-6.368431,-7.64105,-8.974135,-10.2542,-11.53349,-12.81189,-14.08933,-15.36568,-16.75408,-18.03666,-19.4484,-20.73679,-22.61484,-24.56021,-26.57266,-28.65195,-30.7978,-33.00996,-34.29128,-35.5529,-36.36186,-37.56683,-38.75193,-39.67519,-41.06232,-42.1875,-43.29262,-44.37761,-45.44246,-46.4871,-47.21081,-48.51567,-49.81683,-51.43977,-53.07529,-54.72322,-56.03318,-57.69724,-59.3732,-61.06087,-62.76008,-64.07991,-65.7936,-67.92502,-69.25377,-70.57725
144.9503,145.9778,145.9944,146,145.9944,145.9778,145.95,145.9111,146.8601,146.7985,146.7258,146.6419,146.5468,146.4406,146.3232,146.1947,147.0486,146.8968,147.7253,147.5499,151.3194,155.0671,158.792,162.4933,166.1701,169.8215,168.547,167.2632,164.0177,162.7198,160.441,160.0988,158.7762,157.4459,156.1081,154.7631,152.4523,151.0962,149.7336,149.3159,149.8351,149.3919,149.88,150.3508,149.8676,150.3064,150.7276,151.131,151.5162,150.9628,152.232,152.5621,151.9635,151.3534
3.795658,2.548051,1.274074,0,-1.274074,-2.548051,-3.821834,-5.095327,-6.41205,-7.693386,-8.974135,-10.2542,-11.53349,-12.81189,-14.08933,-15.36568,-16.75408,-18.03666,-19.4484,-20.73679,-22.61484,-24.56021,-26.57266,-28.65195,-30.7978,-33.00996,-34.29128,-35.5529,-36.36186,-37.56683,-38.51849,-39.91711,-41.06232,-42.1875,-43.29262,-44.37761,-45.15844,-46.19473,-47.21081,-48.51567,-50.13414,-51.43977,-53.07529,-54.72322,-56.03318,-57.69724,-59.3732,-61.06087,-62.76008,-64.07991,-66.19235,-67.92502,-69.25377,-70.57725
145.95,145.9778,145.9944,147,145.9944,145.9778,145.95,145.9111,145.861,146.7985,146.7258,146.6419,146.5468,146.4406,146.3232,146.1947,147.0486,146.8968,147.7253,147.5499,151.3194,154.0794,158.792,162.4933,166.1701,169.8215,168.547,166.2851,164.0177,163.6942,161.4134,160.0988,158.7762,156.48,156.1081,154.7631,152.4523,152.0525,149.7336,149.3159,149.8351,149.3919,149.88,150.3508,149.8676,150.3064,150.7276,151.131,151.5162,151.8833,152.232,151.6485,151.9635,151.3534
3.821834,2.548051,1.274074,0,-1.274074,-2.548051,-3.821834,-5.095327,-6.368431,-7.693386,-8.974135,-10.2542,-11.53349,-12.81189,-14.08933,-15.36568,-16.75408,-18.03666,-19.4484,-20.73679,-22.61484,-24.40378,-26.57266,-28.65195,-30.7978,-33.00996,-34.29128,-35.34499,-36.36186,-37.79178,-38.75193,-39.91711,-41.06232,-41.92869,-43.29262,-44.37761,-45.15844,-46.4871,-47.21081,-48.51567,-50.13414,-51.43977,-53.07529,-54.72322,-56.03318,-57.69724,-59.3732,-61.06087,-62.76008,-64.47064,-66.19235,-67.51828,-69.25377,-70.57725
145.95,145.9778,145.9944,146,145.9944,145.9778,146.9496,146.9105,145.861,146.7985,146.7258,146.6419,146.5468,146.4406,146.3232,146.1947,147.0486,146.8968,147.7253,147.5499,151.3194,155.0671,158.792,162.4933,168.1366,169.8215,168.547,166.2851,164.0177,163.6942,162.3858,159.1285,158.7762,157.4459,156.1081,154.7631,153.4112,152.0525,150.6873,149.3159,148.8868,149.3919,149.88,150.3508,149.8676,150.3064,150.7276,151.131,151.5162,150.9628,152.232,151.6485,151.9635,151.3534
3.821834,2.548051,1.274074,0,-1.274074,-2.548051,-3.848011,-5.130226,-6.368431,-7.693386,-8.974135,-10.2542,-11.53349,-12.81189,-14.08933,-15.36568,-16.75408,-18.03666,-19.4484,-20.73679,-22.61484,-24.56021,-26.57266,-28.65195,-31.16227,-33.00996,-34.29128,-35.34499,-36.36186,-37.79178,-38.98538,-39.67519,-41.06232,-42.1875,-43.29262,-44.37761,-45.44246,-46.4871,-47.51152,-48.51567,-49.81683,-51.43977,-53.07529,-54.72322,-56.03318,-57.69724,-59.3732,-61.06087,-62.76008,-64.07991,-66.19235,-67.51828,-69.25377,-70.57725
145.95,145.9778,145.9944,146,145.9944,145.9778,145.95,146.9105,145.861,146.7985,146.7258,146.6419,146.5468,146.4406,146.3232,146.1947,147.0486,146.8968,147.7253,147.5499,151.3194,154.0794,157.8057,162.4933,166.1701,169.8215,168.547,166.2851,164.0177,162.7198,161.4134,159.1285,158.7762,157.4459,156.1081,154.7631,153.4112,152.0525,149.7336,149.3159,148.8868,149.3919,149.88,150.3508,150.8042,150.3064,150.7276,151.131,150.5924,150.9628,151.3149,151.6485,151.9635,151.3534
3.821834,2.548051,1.274074,0,-1.274074,-2.548051,-3.821834,-5.130226,-6.368431,-7.693386,-8.974135,-10.2542,-11.53349,-12.81189,-14.08933,-15.36568,-16.75408,-18.03666,-19.4484,-20.73679,-22.61484,-24.40378,-26.40762,-28.65195,-30.7978,-33.00996,-34.29128,-35.34499,-36.36186,-37.56683,-38.75193,-39.67519,-41.06232,-42.1875,-43.29262,-44.37761,-45.44246,-46.4871,-47.21081,-48.51567,-49.81683,-51.43977,-53.07529,-54.72322,-56.38339,-57.69724,-59.3732,-61.06087,-62.3774,-64.07991,-65.7936,-67.51828,-69.25377,-70.57725
145.95,145.9778,145.9944,146,145.9944,145.9778,145.95,145.9111,145.861,146.7985,146.7258,146.6419,146.5468,146.4406,146.3232,146.1947,147.0486,146.8968,147.7253,147.5499,151.3194,155.0671,158.792,162.4933,168.1366,169.8215,168.547,166.2851,164.0177,163.6942,160.441,160.0988,158.7762,157.4459,155.1445,154.7631,152.4523,151.0962,149.7336,149.3159,148.8868,149.3919,149.88,150.3508,149.8676,150.3064,150.7276,151.131,151.5162,150.9628,152.232,151.6485,151.9635,150.4471
3.821834,2.548051,1.274074,0,-1.274074,-2.548051,-3.821834,-5.095327,-6.368431,-7.693386,-8.974135,-10.2542,-11.53349,-12.81189,-14.08933,-15.36568,-16.75408,-18.03666,-19.4484,-20.73679,-22.61484,-24.56021,-26.57266,-28.65195,-31.16227,-33.00996,-34.29128,-35.34499,-36.36186,-37.79178,-38.51849,-39.91711,-41.06232,-42.1875,-43.02538,-44.37761,-45.15844,-46.19473,-47.21081,-48.51567,-49.81683,-51.43977,-53.07529,-54.72322,-56.03318,-57.69724,-59.3732,-61.06087,-62.76008,-64.07991,-66.19235,-67.51828,-69.25377,-70.15463
145.95,145.9778,145.9944,146,145.9944,145.9778,145.95,145.9111,145.861,145.7999,146.7258,146.6419,146.5468,146.4406,146.3232,147.1892,147.0486,146.8968,147.7253,147.5499,151.3194,154.0794,158.792,162.4933,166.1701,168.8399,168.547,166.2851,164.994,162.7198,161.4134,160.0988,158.7762,157.4459,156.1081,154.7631,153.4112,151.0962,149.7336,149.3159,149.8351,149.3919,149.88,150.3508,150.8042,150.3064,150.7276,151.131,151.5162,150.9628,151.3149,151.6485,151.9635,151.3534
3.821834,2.548051,1.274074,0,-1.274074,-2.548051,-3.821834,-5.095327,-6.368431,-7.64105,-8.974135,-10.2542,-11.53349,-12.81189,-14.08933,-15.47021,-16.75408,-18.03666,-19.4484,-20.73679,-22.61484,-24.40378,-26.57266,-28.65195,-30.7978,-32.81915,-34.29128,-35.34499,-36.57829,-37.56683,-38.75193,-39.91711,-41.06232,-42.1875,-43.29262,-44.37761,-45.44246,-46.19473,-47.21081,-48.51567,-50.13414,-51.43977,-53.07529,-54.72322,-56.38339,-57.69724,-59.3732,-61.06087,-62.76008,-64.07991,-65.7936,-67.51828,-69.25377,-70.57725
145.95,145.9778,145.9944,146,145.9944,145.9778,146.9496,145.9111,145.861,146.7985,146.7258,146.6419,146.5468,146.4406,146.3232,146.1947,147.0486,146.8968,147.7253,146.5597,151.3194,155.0671,158.792,162.4933,166.1701,169.8215,168.547,167.2632,164.0177,162.7198,161.4134,160.0988,158.7762,157.4459,156.1081,154.7631,153.4112,152.0525,149.7336,149.3159,149.8351,149.3919,149.88,150.3508,149.8676,150.3064,150.7276,151.131,151.5162,151.8833,152.232,151.6485,151.9635,151.3534
3.821834,2.548051,1.274074,0,-1.274074,-2.548051,-3.848011,-5.095327,-6.368431,-7.693386,-8.974135,-10.2542,-11.53349,-12.81189,-14.08933,-15.36568,-16.75408,-18.03666,-19.4484,-20.59762,-22.61484,-24.56021,-26.57266,-28.65195,-30.7978,-33.00996,-34.29128,-35.5529,-36.36186,-37.56683,-38.75193,-39.91711,-41.06232,-42.1875,-43.29262,-44.37761,-45.44246,-46.4871,-47.21081,-48.51567,-50.13414,-51.43977,-53.07529,-54.72322,-56.03318,-57.69724,-59.3732,-61.06087,-62.76008,-64.47064,-66.19235,-67.51828,-69.25377,-70.57725
145.95,145.9778,145.9944,146,146.9944,145.9778,146.9496,145.9111,145.861,146.7985,146.7258,146.6419,146.5468,146.4406,146.3232,146.1947,147.0486,146.8968,147.7253,147.5499,151.3194,154.0794,158.792,162.4933,168.1366,169.8215,168.547,167.2632,164.0177,162.7198,161.4134,160.0988,158.7762,157.4459,156.1081,154.7631,153.4112,152.0525,149.7336,149.3159,148.8868,149.3919,149.88,150.3508,150.8042,150.3064,150.7276,151.131,151.5162,151.8833,152.232,151.6485,151.9635,151.3534
3.821834,2.548051,1.274074,0,-1.282801,-2.548051,-3.848011,-5.095327,-6.368431,-7.693386,-8.974135,-10.2542,-11.53349,-12.81189,-14.08933,-15.36568,-16.75408,-18.03666,-19.4484,-20.73679,-22.61484,-24.40378,-26.57266,-28.65195,-31.16227,-33.00996,-34.29128,-35.5529,-36.36186,-37.56683,-38.75193,-39.91711,-41.06232,-42.1875,-43.29262,-44.37761,-45.44246,-46.4871,-47.21081,-48.51567,-49.81683,-51.43977,-53.07529,-54.72322,-56.38339,-57.69724,-59.3732,-61.06087,-62.76008,-64.47064,-66.19235,-67.51828,-69.25377,-70.57725
145.95,145.9778,145.9944,146,145.9944,145.9778,145.95,146.9105,145.861,146.7985,146.7258,146.6419,146.5468,146.4406,147.3186,147.1892,147.0486,146.8968,147.7253,147.5499,151.3194,155.0671,158.792,162.4933,168.1366,169.8215,168.547,167.2632,164.0177,163.6942,162.3858,161.0691,158.7762,157.4459,156.1081,154.7631,153.4112,152.0525,150.6873,149.3159,148.8868,149.3919,149.88,150.3508,150.8042,150.3064,150.7276,151.131,151.5162,151.8833,151.3149,151.6485,151.9635,151.3534
3.821834,2.548051,1.274074,0,-1.274074,-2.548051,-3.821834,-5.130226,-6.368431,-7.693386,-8.974135,-10.2542,-11.53349,-12.81189,-14.18517,-15.47021,-16.75408,-18.03666,-19.4484,-20.73679,-22.61484,-24.56021,-26.57266,-28.65195,-31.16227,-33.00996,-34.29128,-35.5529,-36.36186,-37.79178,-38.98538,-40.15903,-41.06232,-42.1875,-43.29262,-44.37761,-45.44246,-46.4871,-47.51152,-48.51567,-49.81683,-51.43977,-53.07529,-54.72322,-56.38339,-57.69724,-59.3732,-61.06087,-62.76008,-64.47064,-65.7936,-67.51828,-69.25377,-70.57725
145.95,145.9778,145.9944,146,145.9944,145.9778,145.95,146.9105,145.861,146.7985,146.7258,146.6419,146.5468,146.4406,147.3186,147.1892,147.0486,146.8968,147.7253,147.5499,151.3194,155.0671,158.792,162.4933,166.1701,169.8215,168.547,166.2851,164.994,163.6942,161.4134,160.0988,158.7762,157.4459,156.1081,154.7631,153.4112,151.0962,149.7336,149.3159,149.8351,149.3919,149.88,150.3508,149.8676,150.3064,150.7276,151.131,151.5162,150.9628,151.3149,151.6485,151.9635,151.3534
3.821834,2.548051,1.274074,0,-1.274074,-2.548051,-3.821834,-5.130226,-6.368431,-7.693386,-8.974135,-10.2542,-11.53349,-12.81189,-14.18517,-15.47021,-16.75408,-18.03666,-19.4484,-20.73679,-22.61484,-24.56021,-26.57266,-28.65195,-30.7978,-33.00996,-34.29128,-35.34499,-36.57829,-37.79178,-38.75193,-39.91711,-41.06232,-42.1875,-43.29262,-44.37761,-45.44246,-46.19473,-47.21081,-48.51567,-50.13414,-51.43977,-53.07529,-54.72322,-56.03318,-57.69724,-59.3732,-61.06087,-62.76008,-64.07991,-65.7936,-67.51828,-69.25377,-70.57725
145.95,145.9778,145.9944,146,145.9944,146.9776,145.95,145.9111,146.8601,146.7985,146.7258,146.6419,146.5468,146.4406,146.3232,146.1947,147.0486,146.8968,147.7253,147.5499,151.3194,154.0794,158.792,162.4933,166.1701,169.8215,168.547,166.2851,164.994,162.7198,160.441,160.0988,158.7762,157.4459,156.1081,154.7631,153.4112,151.0962,149.7336,149.3159,149.8351,149.3919,149.88,150.3508,149.8676,150.3064,150.7276,151.131,150.5924,151.8833,151.3149,151.6485,151.9635,151.3534
3.821834,2.548051,1.274074,0,-1.274074,-2.565504,-3.821834,-5.095327,-6.41205,-7.693386,-8.974135,-10.2542,-11.53349,-12.81189,-14.08933,-15.36568,-16.75408,-18.03666,-19.4484,-20.73679,-22.61484,-24.40378,-26.57266,-28.65195,-30.7978,-33.00996,-34.29128,-35.34499,-36.57829,-37.56683,-38.51849,-39.91711,-41.06232,-42.1875,-43.29262,-44.37761,-45.44246,-46.19473,-47.21081,-48.51567,-50.13414,-51.43977,-53.07529,-54.72322,-56.03318,-57.69724,-59.3732,-61.06087,-62.3774,-64.47064,-65.7936,-67.51828,-69.25377,-70.57725
145.95,145.9778,145.9944,147,145.9944,145.9778,145.95,145.9111,146.8601,146.7985,146.7258,146.6419,146.5468,146.4406,146.3232,146.1947,146.0551,146.8968,147.7253,147.5499,151.3194,154.0794,158.792,162.4933,166.1701,169.8215,168.547,167.2632,164.0177,162.7198,162.3858,160.0988,158.7762,157.4459,156.1081,154.7631,153.4112,152.0525,149.7336,149.3159,148.8868,149.3919,149.88,150.3508,149.8676,150.3064,150.7276,151.131,151.5162,150.9628,151.3149,151.6485,151.9635,151.3534
3.821834,2.548051,1.274074,0,-1.274074,-2.548051,-3.821834,-5.095327,-6.41205,-7.693386,-8.974135,-10.2542,-11.53349,-12.81189,-14.08933,-15.36568,-16.64087,-18.03666,-19.4484,-20.73679,-22.61484,-24.40378,-26.57266,-28.65195,-30.7978,-33.00996,-34.29128,-35.5529,-36.36186,-37.56683,-38.98538,-39.91711,-41.06232,-42.1875,-43.29262,-44.37761,-45.44246,-46.4871,-47.21081,-48.51567,-49.81683,-51.43977,-53.07529,-54.72322,-56.03318,-57.69724,-59.3732,-61.06087,-62.76008,-64.07991,-65.7936,-67.51828,-69.25377,-70.57725
145.95,145.9778,145.9944,146,145.9944,145.9778,146.9496,145.9111,146.8601,146.7985,146.7258,146.6419,146.5468,146.4406,146.3232,147.1892,147.0486,146.8968,147.7253,147.5499,151.3194,155.0671,158.792,162.4933,166.1701,169.8215,168.547,167.2632,164.994,162.7198,161.4134,160.0988,158.7762,157.4459,156.1081,154.7631,152.4523,152.0525,149.7336,149.3159,149.8351,149.3919,149.88,150.3508,149.8676,150.3064,150.7276,151.131,150.5924,151.8833,151.3149,151.6485,151.9635,151.3534
3.821834,2.548051,1.274074,0,-1.274074,-2.548051,-3.848011,-5.095327,-6.41205,-7.693386,-8.974135,-10.2542,-11.53349,-12.81189,-14.08933,-15.47021,-16.75408,-18.03666,-19.4484,-20.73679,-22.61484,-24.56021,-26.57266,-28.65195,-30.7978,-33.00996,-34.29128,-35.5529,-36.57829,-37.56683,-38.75193,-39.91711,-41.06232,-42.1875,-43.29262,-44.37761,-45.15844,-46.4871,-47.21081,-48.51567,-50.13414,-51.43977,-53.07529,-54.72322,-56.03318,-57.69724,-59.3732,-61.06087,-62.3774,-64.47064,-65.7936,-67.51828,-69.25377,-70.57725
145.95,145.9778,145.9944,146,145.9944,145.9778,145.95,145.9111,145.861,145.7999,146.7258,146.6419,146.5468,146.4406,146.3232,147.1892,147.0486,146.8968,147.7253,147.5499,151.3194,154.0794,158.792,162.4933,166.1701,169.8215,168.547,166.2851,164.0177,162.7198,162.3858,159.1285,158.7762,157.4459,156.1081,153.8019,153.4112,152.0525,149.7336,149.3159,149.8351,149.3919,149.88,150.3508,150.8042,150.3064,150.7276,151.131,151.5162,151.8833,151.3149,151.6485,151.9635,150.4471
3.821834,2.548051,1.274074,0,-1.274074,-2.548051,-3.821834,-5.095327,-6.368431,-7.64105,-8.974135,-10.2542,-11.53349,-12.81189,-14.08933,-15.47021,-16.75408,-18.03666,-19.4484,-20.73679,-22.61484,-24.40378,-26.57266,-28.65195,-30.7978,-33.00996,-34.29128,-35.34499,-36.36186,-37.56683,-38.98538,-39.67519,-41.06232,-42.1875,-43.29262,-44.10198,-45.44246,-46.4871,-47.21081,-48.51567,-50.13414,-51.43977,-53.07529,-54.72322,-56.38339,-57.69724,-59.3732,-61.06087,-62.76008,-64.47064,-65.7936,-67.51828,-69.25377,-70.15463
145.95,145.9778,145.9944,146,145.9944,146.9776,145.95,145.9111,146.8601,146.7985,146.7258,146.6419,146.5468,146.4406,146.3232,146.1947,147.0486,146.8968,147.7253,147.5499,152.3084,155.0671,158.792,162.4933,166.1701,169.8215,167.5671,166.2851,164.0177,162.7198,160.441,160.0988,158.7762,157.4459,156.1081,154.7631,153.4112,151.0962,150.6873,149.3159,149.8351,149.3919,149.88,149.4111,149.8676,150.3064,150.7276,151.131,151.5162,150.9628,152.232,151.6485,151.9635,151.3534
3.821834,2.548051,1.274074,0,-1.274074,-2.565504,-3.821834,-5.095327,-6.41205,-7.693386,-8.974135,-10.2542,-11.53349,-12.81189,-14.08933,-15.36568,-16.75408,-18.03666,-19.4484,-20.73679,-22.76265,-24.56021,-26.57266,-28.65195,-30.7978,-33.00996,-34.09192,-35.34499,-36.36186,-37.56683,-38.51849,-39.91711,-41.06232,-42.1875,-43.29262,-44.37761,-45.44246,-46.19473,-47.51152,-48.51567,-50.13414,-51.43977,-53.07529,-54.3812,-56.03318,-57.69724,-59.3732,-61.06087,-62.76008,-64.07991,-66.19235,-67.51828,-69.25377,-70.57725
145.95,145.9778,145.9944,146,145.9944,145.9778,145.95,145.9111,145.861,146.7985,146.7258,146.6419,146.5468,146.4406,146.3232,146.1947,146.0551,146.8968,147.7253,147.5499,151.3194,155.0671,158.792,162.4933,166.1701,169.8215,167.5671,166.2851,164.0177,163.6942,162.3858,160.0988,158.7762,157.4459,156.1081,154.7631,153.4112,152.0525,149.7336,149.3159,149.8351,149.3919,149.88,150.3508,149.8676,150.3064,150.7276,151.131,151.5162,151.8833,152.232,151.6485,151.9635,151.3534
3.821834,2.548051,1.274074,0,-1.274074,-2.548051,-3.821834,-5.095327,-6.368431,-7.693386,-8.974135,-10.2542,-11.53349,-12.81189,-14.08933,-15.36568,-16.64087,-18.03666,-19.4484,-20.73679,-22.61484,-24.56021,-26.57266,-28.65195,-30.7978,-33.00996,-34.09192,-35.34499,-36.36186,-37.79178,-38.98538,-39.91711,-41.06232,-42.1875,-43.29262,-44.37761,-45.44246,-46.4871,-47.21081,-48.51567,-50.13414,-51.43977,-53.07529,-54.72322,-56.03318,-57.69724,-59.3732,-61.06087,-62.76008,-64.47064,-66.19235,-67.51828,-69.25377,-70.57725
145.95,145.9778,145.9944,146,145.9944,145.9778,145.95,145.9111,145.861,145.7999,146.7258,146.6419,146.5468,146.4406,146.3232,146.1947,147.0486,146.8968,147.7253,147.5499,151.3194,155.0671,157.8057,162.4933,168.1366,169.8215,168.547,167.2632,164.0177,162.7198,161.4134,159.1285,158.7762,157.4459,156.1081,154.7631,153.4112,152.0525,149.7336,149.3159,149.8351,149.3919,149.88,150.3508,149.8676,150.3064,150.7276,151.131,151.5162,150.9628,151.3149,151.6485,151.9635,151.3534
3.821834,2.548051,1.274074,0,-1.274074,-2.548051,-3.821834,-5.095327,-6.368431,-7.64105,-8.974135,-10.2542,-11.53349,-12.81189,-14.08933,-15.36568,-16.75408,-18.03666,-19.4484,-20.73679,-22.61484,-24.56021,-26.40762,-28.65195,-31.16227,-33.00996,-34.29128,-35.5529,-36.36186,-37.56683,-38.75193,-39.67519,-41.06232,-42.1875,-43.29262,-44.37761,-45.44246,-46.4871,-47.21081,-48.51567,-50.13414,-51.43977,-53.07529,-54.72322,-56.03318,-57.69724,-59.3732,-61.06087,-62.76008,-64.07991,-65.7936,-67.51828,-69.25377,-70.57725
145.95,145.9778,145.9944,146,146.9944,145.9778,145.95,145.9111,145.861,146.7985,146.7258,146.6419,146.5468,146.4406,146.3232,147.1892,147.0486,146.8968,147.7253,147.5499,151.3194,155.0671,158.792,162.4933,168.1366,169.8215,168.547,166.2851,164.0177,163.6942,161.4134,160.0988,158.7762,157.4459,156.1081,154.7631,153.4112,152.0525,150.6873,149.3159,148.8868,149.3919,149.88,150.3508,149.8676,150.3064,150.7276,151.131,151.5162,151.8833,151.3149,151.6485,151.9635,151.3534
3.821834,2.548051,1.274074,0,-1.282801,-2.548051,-3.821834,-5.095327,-6.368431,-7.693386,-8.974135,-10.2542,-11.53349,-12.81189,-14.08933,-15.47021,-16.75408,-18.03666,-19.4484,-20.73679,-22.61484,-24.56021,-26.57266,-28.65195,-31.16227,-33.00996,-34.29128,-35.34499,-36.36186,-37.79178,-38.75193,-39.91711,-41.06232,-42.1875,-43.29262,-44.37761,-45.44246,-46.4871,-47.51152,-48.51567,-49.81683,-51.43977,-53.07529,-54.72322,-56.03318,-57.69724,-59.3732,-61.06087,-62.76008,-64.47064,-65.7936,-67.51828,-69.25377,-70.57725
145.95,145.9778,145.9944,146,145.9944,145.9778,145.95,145.9111,145.861,145.7999,146.7258,146.6419,146.5468,146.4406,146.3232,146.1947,147.0486,146.8968,147.7253,147.5499,151.3194,154.0794,158.792,162.4933,166.1701,169.8215,168.547,166.2851,164.0177,163.6942,161.4134,159.1285,158.7762,157.4459,155.1445,153.8019,153.4112,152.0525,149.7336,149.3159,149.8351,149.3919,149.88,150.3508,150.8042,150.3064,150.7276,151.131,150.5924,150.9628,151.3149,151.6485,151.9635,151.3534
3.821834,2.548051,1.274074,0,-1.274074,-2.548051,-3.821834,-5.095327,-6.368431,-7.64105,-8.974135,-10.2542,-11.53349,-12.81189,-14.08933,-15.36568,-16.75408,-18.03666,-19.4484,-20.73679,-22.61484,-24.40378,-26.57266,-28.65195,-30.7978,-33.00996,-34.29128,-35.34499,-36.36186,-37.79178,-38.75193,-39.67519,-41.06232,-42.1875,-43.02538,-44.10198,-45.44246,-46.4871,-47.21081,-48.51567,-50.13414,-51.43977,-53.07529,-54.72322,-56.38339,-57.69724,-59.3732,-61.06087,-62.3774,-64.07991,-65.7936,-67.51828,-69.25377,-70.57725
145.95,145.9778,145.9944,146,145.9944,145.9778,145.95,145.9111,145.861,146.7985,146.7258,146.6419,146.5468,146.4406,146.3232,146.1947,147.0486,146.8968,147.7253,147.5499,151.3194,154.0794,158.792,162.4933,166.1701,169.8215,168.547,166.2851,164.0177,162.7198,161.4134,160.0988,158.7762,157.4459,156.1081,154.7631,153.4112,151.0962,149.7336,149.3159,149.8351,149.3919,149.88,150.3508,150.8042,150.3064,150.7276,151.131,151.5162,151.8833,152.232,151.6485,151.9635,151.3534
3.821834,2.548051,1.274074,0,-1.274074,-2.548051,-3.821834,-5.095327,-6.368431,-7.693386,-8.974135,-10.2542,-11.53349,-12.81189,-14.08933,-15.36568,-16.75408,-18.03666,-19.4484,-20.73679,-22.61484,-24.40378,-26.57266,-28.65195,-30.7978,-33.00996,-34.29128,-35.34499,-36.36186,-37.56683,-38.75193,-39.91711,-41.06232,-42.1875,-43.29262,-44.37761,-45.44246,-46.19473,-47.21081,-48.51567,-50.13414,-51.43977,-53.07529,-54.72322,-56.38339,-57.69724,-59.3732,-61.06087,-62.76008,-64.47064,-66.19235,-67.51828,-69.25377,-70.57725
145.95,145.9778,145.9944,146,146.9944,145.9778,145.95,145.9111,145.861,146.7985,146.7258,146.6419,146.5468,146.4406,146.3232,146.1947,146.0551,146.8968,147.7253,147.5499,151.3194,154.0794,158.792,162.4933,166.1701,169.8215,168.547,166.2851,164.0177,162.7198,161.4134,160.0988,158.7762,157.4459,156.1081,154.7631,153.4112,151.0962,149.7336,149.3159,148.8868,149.3919,149.88,150.3508,149.8676,150.3064,150.7276,151.131,150.5924,151.8833,152.232,152.5621,151.9635,151.3534
3.821834,2.548051,1.274074,0,-1.282801,-2.548051,-3.821834,-5.095327,-6.368431,-7.693386,-8.974135,-10.2542,-11.53349,-12.81189,-14.08933,-15.36568,-16.64087,-18.03666,-19.4484,-20.73679,-22.61484,-24.40378,-26.57266,-28.65195,-30.7978,-33.00996,-34.29128,-35.34499,-36.36186,-37.56683,-38.75193,-39.91711,-41.06232,-42.1875,-43.29262,-44.37761,-45.44246,-46.19473,-47.21081,-48.51567,-49.81683,-51.43977,-53.07529,-54.72322,-56.03318,-57.69724,-59.3732,-61.06087,-62.3774,-64.47064,-66.19235,-67.92502,-69.25377,-70.57725
144.9503,145.9778,145.9944,146,145.9944,145.9778,145.95,145.9111,146.8601,146.7985,146.7258,146.6419,146.5468,146.4406,146.3232,146.1947,147.0486,146.8968,147.7253,147.5499,151.3194,155.0671,158.792,162.4933,166.1701,169.8215,168.547,166.2851,164.0177,162.7198,161.4134,159.1285,158.7762,157.4459,156.1081,153.8019,152.4523,151.0962,149.7336,149.3159,148.8868,149.3919,149.88,150.3508,149.8676,150.3064,150.7276,151.131,150.5924,151.8833,151.3149,151.6485,151.9635,151.3534
3.795658,2.548051,1.274074,0,-1.274074,-2.548051,-3.821834,-5.095327,-6.41205,-7.693386,-8.974135,-10.2542,-11.53349,-12.81189,-14.08933,-15.36568,-16.75408,-18.03666,-19.4484,-20.73679,-22.61484,-24.56021,-26.57266,-28.65195,-30.7978,-33.00996,-34.29128,-35.34499,-36.36186,-37.56683,-38.75193,-39.67519,-41.06232,-42.1875,-43.29262,-44.10198,-45.15844,-46.19473,-47.21081,-48.51567,-49.81683,-51.43977,-53.07529,-54.72322,-56.03318,-57.69724,-59.3732,-61.06087,-62.3774,-64.47064,-65.7936,-67.51828,-69.25377,-70.57725
144.9503,145.9778,145.9944,146,145.9944,145.9778,145.95,145.9111,146.8601,146.7985,146.7258,146.6419,146.5468,146.4406,146.3232,147.1892,146.0551,146.8968,147.7253,147.5499,151.3194,155.0671,158.792,162.4933,166.1701,169.8215,168.547,166.2851,164.0177,162.7198,161.4134,160.0988,158.7762,157.4459,156.1081,154.7631,153.4112,151.0962,149.7336,149.3159,148.8868,149.3919,149.88,150.3508,149.8676,150.3064,150.7276,151.131,151.5162,151.8833,151.3149,151.6485,151.9635,151.3534
3.795658,2.548051,1.274074,0,-1.274074,-2.548051,-3.821834,-5.095327,-6.41205,-7.693386,-8.974135,-10.2542,-11.53349,-12.81189,-14.08933,-15.47021,-16.64087,-18.03666,-19.4484,-20.73679,-22.61484,-24.56021,-26.57266,-28.65195,-30.7978,-33.00996,-34.29128,-35.34499,-36.36186,-37.56683,-38.75193,-39.91711,-41.06232,-42.1875,-43.29262,-44.37761,-45.44246,-46.19473,-47.21081,-48.51567,-49.81683,-51.43977,-53.07529,-54.72322,-56.03318,-57.69724,-59.3732,-61.06087,-62.76008,-64.47064,-65.7936,-67.51828,-69.25377,-70.57725
145.95,145.9778,145.9944,146,145.9944,145.9778,145.95,145.9111,145.861,145.7999,145.7277,146.6419,146.5468,146.4406,146.3232,146.1947,146.0551,146.8968,147.7253,147.5499,151.3194,155.0671,158.792,162.4933,168.1366,169.8215,168.547,166.2851,164.0177,162.7198,161.4134,160.0988,158.7762,157.4459,156.1081,154.7631,153.4112,151.0962,149.7336,149.3159,148.8868,149.3919,149.88,150.3508,149.8676,150.3064,150.7276,151.131,150.5924,150.9628,151.3149,152.5621,152.8735,151.3534
3.821834,2.548051,1.274074,0,-1.274074,-2.548051,-3.821834,-5.095327,-6.368431,-7.64105,-8.913087,-10.2542,-11.53349,-12.81189,-14.08933,-15.36568,-16.64087,-18.03666,-19.4484,-20.73679,-22.61484,-24.56021,-26.57266,-28.65195,-31.16227,-33.00996,-34.29128,-35.34499,-36.36186,-37.56683,-38.75193,-39.91711,-41.06232,-42.1875,-43.29262,-44.37761,-45.44246,-46.19473,-47.21081,-48.51567,-49.81683,-51.43977,-53.07529,-54.72322,-56.03318,-57.69724,-59.3732,-61.06087,-62.3774,-64.07991,-65.7936,-67.92502,-69.66846,-70.57725
145.95,145.9778,145.9944,146,145.9944,145.9778,145.95,145.9111,145.861,145.7999,146.7258,146.6419,146.5468,146.4406,147.3186,146.1947,147.0486,146.8968,147.7253,147.5499,151.3194,154.0794,158.792,162.4933,166.1701,169.8215,168.547,166.2851,164.994,162.7198,161.4134,159.1285,158.7762,157.4459,156.1081,154.7631,153.4112,151.0962,149.7336,149.3159,148.8868,149.3919,149.88,150.3508,149.8676,150.3064,150.7276,151.131,150.5924,151.8833,151.3149,151.6485,151.9635,150.4471
3.821834,2.548051,1.274074,0,-1.274074,-2.548051,-3.821834,-5.095327,-6.368431,-7.64105,-8.974135,-10.2542,-11.53349,-12.81189,-14.18517,-15.36568,-16.75408,-18.03666,-19.4484,-20.73679,-22.61484,-24.40378,-26.57266,-28.65195,-30.7978,-33.00996,-34.29128,-35.34499,-36.57829,-37.56683,-38.75193,-39.67519,-41.06232,-42.1875,-43.29262,-44.37761,-45.44246,-46.19473,-47.21081,-48.51567,-49.81683,-51.43977,-53.07529,-54.72322,-56.03318,-57.69724,-59.3732,-61.06087,-62.3774,-64.47064,-65.7936,-67.51828,-69.25377,-70.15463
145.95,145.9778,145.9944,146,145.9944,145.9778,145.95,145.9111,145.861,146.7985,146.7258,146.6419,146.5468,146.4406,146.3232,147.1892,147.0486,146.8968,147.7253,147.5499,151.3194,154.0794,158.792,162.4933,166.1701,169.8215,168.547,166.2851,164.994,163.6942,161.4134,160.0988,158.7762,156.48,156.1081,154.7631,153.4112,151.0962,149.7336,149.3159,148.8868,149.3919,149.88,150.3508,149.8676,150.3064,150.7276,151.131,150.5924,150.9628,151.3149,152.5621,151.9635,151.3534
3.821834,2.548051,1.274074,0,-1.274074,-2.548051,-3.821834,-5.095327,-6.368431,-7.693386,-8.974135,-10.2542,-11.53349,-12.81189,-14.08933,-15.47021,-16.75408,-18.03666,-19.4484,-20.73679,-22.61484,-24.40378,-26.57266,-28.65195,-30.7978,-33.00996,-34.29128,-35.34499,-36.57829,-37.79178,-38.75193,-39.91711,-41.06232,-41.92869,-43.29262,-44.37761,-45.44246,-46.19473,-47.21081,-48.51567,-49.81683,-51.43977,-53.07529,-54.72322,-56.03318,-57.69724,-59.3732,-61.06087,-62.3774,-64.07991,-65.7936,-67.92502,-69.25377,-70.57725
145.95,145.9778,145.9944,146,146.9944,145.9778,146.9496,145.9111,145.861,146.7985,145.7277,146.6419,146.5468,146.4406,146.3232,146.1947,147.0486,145.9043,147.7253,147.5499,151.3194,155.0671,158.792,162.4933,166.1701,169.8215,168.547,166.2851,164.0177,162.7198,161.4134,160.0988,158.7762,157.4459,155.1445,153.8019,153.4112,151.0962,149.7336,149.3159,149.8351,149.3919,149.88,150.3508,149.8676,150.3064,150.7276,151.131,151.5162,150.9628,151.3149,151.6485,151.9635,151.3534
3.821834,2.548051,1.274074,0,-1.282801,-2.548051,-3.848011,-5.095327,-6.368431,-7.693386,-8.913087,-10.2542,-11.53349,-12.81189,-14.08933,-15.36568,-16.75408,-17.91479,-19.4484,-20.73679,-22.61484,-24.56021,-26.57266,-28.65195,-30.7978,-33.00996,-34.29128,-35.34499,-36.36186,-37.56683,-38.75193,-39.91711,-41.06232,-42.1875,-43.02538,-44.10198,-45.44246,-46.19473,-47.21081,-48.51567,-50.13414,-51.43977,-53.07529,-54.72322,-56.03318,-57.69724,-59.3732,-61.06087,-62.76008,-64.07991,-65.7936,-67.51828,-69.25377,-70.57725
145.95,145.9778,145.9944,147,145.9944,145.9778,145.95,145.9111,146.8601,146.7985,146.7258,146.6419,146.5468,146.4406,146.3232,146.1947,147.0486,145.9043,147.7253,147.5499,151.3194,154.0794,158.792,162.4933,166.1701,169.8215,168.547,167.2632,164.0177,162.7198,161.4134,159.1285,158.7762,156.48,156.1081,154.7631,153.4112,152.0525,149.7336,149.3159,149.8351,149.3919,149.88,150.3508,149.8676,150.3064,150.7276,151.131,151.5162,150.9628,151.3149,151.6485,151.9635,151.3534
3.821834,2.548051,1.274074,0,-1.274074,-2.548051,-3.821834,-5.095327,-6.41205,-7.693386,-8.974135,-10.2542,-11.53349,-12.81189,-14.08933,-15.36568,-16.75408,-17.91479,-19.4484,-20.73679,-22.61484,-24.40378,-26.57266,-28.65195,-30.7978,-33.00996,-34.29128,-35.5529,-36.36186,-37.56683,-38.75193,-39.67519,-41.06232,-41.92869,-43.29262,-44.37761,-45.44246,-46.4871,-47.21081,-48.51567,-50.13414,-51.43977,-53.07529,-54.72322,-56.03318,-57.69724,-59.3732,-61.06087,-62.76008,-64.07991,-65.7936,-67.51828,-69.25377,-70.57725
145.95,145.9778,145.9944,146,145.9944,146.9776,145.95,145.9111,145.861,145.7999,146.7258,146.6419,146.5468,146.4406,146.3232,146.1947,147.0486,146.8968,147.7253,147.5499,151.3194,154.0794,158.792,162.4933,166.1701,169.8215,168.547,166.2851,164.0177,162.7198,161.4134,160.0988,158.7762,157.4459,156.1081,154.7631,152.4523,152.0525,149.7336,149.3159,148.8868,149.3919,149.88,150.3508,149.8676,150.3064,150.7276,151.131,150.5924,151.8833,152.232,151.6485,151.9635,151.3534
3.821834,2.548051,1.274074,0,-1.274074,-2.565504,-3.821834,-5.095327,-6.368431,-7.64105,-8.974135,-10.2542,-11.53349,-12.81189,-14.08933,-15.36568,-16.75408,-18.03666,-19.4484,-20.73679,-22.61484,-24.40378,-26.57266,-28.65195,-30.7978,-33.00996,-34.29128,-35.34499,-36.36186,-37.56683,-38.75193,-39.91711,-41.06232,-42.1875,-43.29262,-44.37761,-45.15844,-46.4871,-47.21081,-48.51567,-49.81683,-51.43977,-53.07529,-54.72322,-56.03318,-57.69724,-59.3732,-61.06087,-62.3774,-64.47064,-66.19235,-67.51828,-69.25377,-70.57725
