173.7463,172.9671,172.1748,171.3693,171.4255,170.5897,170.607,168.8793,168.862,167.9701,167.0655,166.9915,166.0568,165.9433,165.8075,167.2976,170.3836,175.0348,179.6018,178.4562,175.6998,172.951,170.9983,168.2608,166.3092,163.5844,161.6354,159.6853,156.9796,156.5317,155.3173,154.8282,153.5843,153.7794,153.2194,151.9223,152.028,151.3964,150.7409,149.3729,147.9936
-88.52815,-90.04098,-91.54695,-93.04596,-95.02269,-96.51502,-98.5,-99.47752,-101.4625,-102.9322,-104.3941,-106.3853,-107.8385,-109.8355,-111.8386,-114.9805,-119.3039,-124.8511,-130.4883,-132.0507,-132.3993,-132.71,-133.5985,-133.8406,-134.6746,-134.8486,-135.6282,-136.3841,-136.4603,-138.4876,-139.8483,-141.8739,-143.2197,-145.9312,-147.9622,-149.2937,-152.028,-154.0621,-156.0967,-157.4062,-158.7038
172.8553,172.9671,172.1748,171.3693,171.4255,170.5897,169.741,168.8793,168.862,167.9701,167.9135,166.9915,166.0568,165.1094,165.8075,167.2976,171.2028,174.2207,179.6018,178.4562,175.6998,172.951,170.2103,169.0434,165.5321,163.5844,161.6354,159.6853,156.9796,155.7828,155.3173,154.8282,154.3156,153.7794,152.5,151.9223,152.028,151.3964,150.7409,149.3729,147.3116
-88.07416,-90.04098,-91.54695,-93.04596,-95.02269,-96.51502,-98,-99.47752,-101.4625,-102.9322,-104.924,-106.3853,-107.8385,-109.2835,-111.8386,-114.9805,-119.8775,-124.2704,-130.4883,-132.0507,-132.3993,-132.71,-132.9829,-134.4632,-134.0452,-134.8486,-135.6282,-136.3841,-136.4603,-137.825,-139.8483,-141.8739,-143.9017,-145.9312,-147.2676,-149.2937,-152.028,-154.0621,-156.0967,-157.4062,-157.9724
172.8553,173.8541,172.1748,171.3693,171.4255,170.5897,169.741,168.8793,168.862,167.9701,167.0655,166.9915,166.0568,165.9433,165.8075,167.2976,170.3836,175.0348,178.7928,178.4562,175.6998,173.7444,170.2103,168.2608,165.5321,163.5844,161.6354,159.6853,157.7343,155.7828,155.3173,154.8282,153.5843,153.7794,153.2194,152.6356,152.028,151.3964,150.7409,149.3729,147.3116
-88.07416,-90.50273,-91.54695,-93.04596,-95.02269,-96.51502,-98,-99.47752,-101.4625,-102.9322,-104.3941,-106.3853,-107.8385,-109.8355,-111.8386,-114.9805,-119.3039,-124.8511,-129.9005,-132.0507,-132.3993,-133.3188,-132.9829,-133.8406,-134.0452,-134.8486,-135.6282,-136.3841,-137.1163,-137.825,-139.8483,-141.8739,-143.2197,-145.9312,-147.9622,-149.9946,-152.028,-154.0621,-156.0967,-157.4062,-157.9724
172.8553,172.9671,172.1748,172.2482,171.4255,170.5897,169.741,169.7409,168.862,167.9701,167.9135,166.9915,166.0568,165.9433,165.8075,167.2976,170.3836,174.2207,179.6018,178.4562,175.6998,172.951,170.9983,168.2608,165.5321,163.5844,162.4014,159.6853,157.7343,155.7828,154.5741,154.8282,154.3156,153.7794,152.5,151.9223,151.3209,151.3964,150.7409,150.0613,147.3116
-88.07416,-90.04098,-91.54695,-93.52312,-95.02269,-96.51502,-98,-99.98506,-101.4625,-102.9322,-104.924,-106.3853,-107.8385,-109.8355,-111.8386,-114.9805,-119.3039,-124.2704,-130.4883,-132.0507,-132.3993,-132.71,-133.5985,-133.8406,-134.0452,-134.8486,-136.271,-136.3841,-137.1163,-137.825,-139.1792,-141.8739,-143.9017,-145.9312,-147.2676,-149.2937,-151.3209,-154.0621,-156.0967,-158.1316,-157.9724
173.7463,172.9671,172.1748,172.2482,171.4255,170.5897,169.741,168.8793,168.862,167.9701,167.9135,166.9915,166.0568,165.9433,165.8075,167.2976,170.3836,174.2207,179.6018,178.4562,175.6998,172.951,170.2103,168.2608,166.3092,163.5844,161.6354,159.6853,157.7343,155.7828,155.3173,154.8282,154.3156,153.7794,152.5,152.6356,152.028,151.3964,150.7409,149.3729,147.9936
-88.52815,-90.04098,-91.54695,-93.52312,-95.02269,-96.51502,-98,-99.47752,-101.4625,-102.9322,-104.924,-106.3853,-107.8385,-109.8355,-111.8386,-114.9805,-119.3039,-124.2704,-130.4883,-132.0507,-132.3993,-132.71,-132.9829,-133.8406,-134.6746,-134.8486,-135.6282,-136.3841,-137.1163,-137.825,-139.8483,-141.8739,-143.9017,-145.9312,-147.2676,-149.9946,-152.028,-154.0621,-156.0967,-157.4062,-158.7038
172.8553,173.8541,172.1748,172.2482,171.4255,170.5897,169.741,168.8793,168.862,167.9701,167.0655,166.9915,166.0568,165.9433,165.8075,167.2976,170.3836,175.0348,180.4108,178.4562,175.6998,172.951,170.2103,168.2608,165.5321,164.356,160.8693,159.6853,157.7343,155.7828,154.5741,154.091,154.3156,153.7794,152.5,151.9223,152.028,151.3964,150.7409,149.3729,147.3116
-88.07416,-90.50273,-91.54695,-93.52312,-95.02269,-96.51502,-98,-99.47752,-101.4625,-102.9322,-104.3941,-106.3853,-107.8385,-109.8355,-111.8386,-114.9805,-119.3039,-124.8511,-131.0761,-132.0507,-132.3993,-132.71,-132.9829,-133.8406,-134.0452,-135.4847,-134.9854,-136.3841,-137.1163,-137.825,-139.1792,-141.1984,-143.9017,-145.9312,-147.2676,-149.2937,-152.028,-154.0621,-156.0967,-157.4062,-157.9724
173.7463,173.8541,172.1748,171.3693,171.4255,170.5897,169.741,168.8793,168.862,167.9701,167.0655,166.9915,166.0568,165.9433,165.8075,167.2976,170.3836,175.0348,179.6018,178.4562,175.6998,172.951,170.9983,168.2608,165.5321,164.356,161.6354,159.6853,157.7343,155.7828,155.3173,154.8282,154.3156,153.7794,152.5,151.9223,152.028,151.3964,150.7409,149.3729,147.9936
-88.52815,-90.50273,-91.54695,-93.04596,-95.02269,-96.51502,-98,-99.47752,-101.4625,-102.9322,-104.3941,-106.3853,-107.8385,-109.8355,-111.8386,-114.9805,-119.3039,-124.8511,-130.4883,-132.0507,-132.3993,-132.71,-133.5985,-133.8406,-134.0452,-135.4847,-135.6282,-136.3841,-137.1163,-137.825,-139.8483,-141.8739,-143.9017,-145.9312,-147.2676,-149.2937,-152.028,-154.0621,-156.0967,-157.4062,-158.7038
173.7463,172.9671,172.1748,171.3693,171.4255,170.5897,169.741,168.8793,168.862,167.9701,167.0655,166.9915,166.0568,165.9433,165.8075,167.2976,171.2028,175.0348,179.6018,178.4562,175.6998,173.7444,170.9983,168.2608,165.5321,163.5844,161.6354,159.6853,156.9796,155.7828,155.3173,154.8282,154.3156,153.7794,152.5,151.9223,152.028,150.6955,150.7409,149.3729,147.3116
-88.52815,-90.04098,-91.54695,-93.04596,-95.02269,-96.51502,-98,-99.47752,-101.4625,-102.9322,-104.3941,-106.3853,-107.8385,-109.8355,-111.8386,-114.9805,-119.8775,-124.8511,-130.4883,-132.0507,-132.3993,-133.3188,-133.5985,-133.8406,-134.0452,-134.8486,-135.6282,-136.3841,-136.4603,-137.825,-139.8483,-141.8739,-143.9017,-145.9312,-147.2676,-149.2937,-152.028,-153.3488,-156.0967,-157.4062,-157.9724
173.7463,172.9671,172.1748,171.3693,171.4255,170.5897,169.741,169.7409,168.862,167.9701,167.0655,166.9915,166.0568,165.9433,165.8075,167.2976,170.3836,175.0348,180.4108,178.4562,175.6998,172.951,170.9983,169.0434,165.5321,164.356,162.4014,159.6853,156.9796,155.7828,155.3173,154.8282,154.3156,153.7794,152.5,151.9223,151.3209,151.3964,150.7409,149.3729,147.3116
-88.52815,-90.04098,-91.54695,-93.04596,-95.02269,-96.51502,-98,-99.98506,-101.4625,-102.9322,-104.3941,-106.3853,-107.8385,-109.8355,-111.8386,-114.9805,-119.3039,-124.8511,-131.0761,-132.0507,-132.3993,-132.71,-133.5985,-134.4632,-134.0452,-135.4847,-136.271,-136.3841,-136.4603,-137.825,-139.8483,-141.8739,-143.9017,-145.9312,-147.2676,-149.2937,-151.3209,-154.0621,-156.0967,-157.4062,-157.9724
173.7463,173.8541,172.1748,172.2482,171.4255,170.5897,169.741,168.8793,168.862,167.9701,167.9135,166.9915,166.0568,165.9433,165.8075,167.2976,170.3836,175.0348,179.6018,178.4562,175.6998,172.951,170.2103,168.2608,165.5321,163.5844,161.6354,159.6853,157.7343,156.5317,155.3173,154.8282,154.3156,153.7794,152.5,151.9223,151.3209,150.6955,150.7409,149.3729,147.9936
-88.52815,-90.50273,-91.54695,-93.52312,-95.02269,-96.51502,-98,-99.47752,-101.4625,-102.9322,-104.924,-106.3853,-107.8385,-109.8355,-111.8386,-114.9805,-119.3039,-124.8511,-130.4883,-132.0507,-132.3993,-132.71,-132.9829,-133.8406,-134.0452,-134.8486,-135.6282,-136.3841,-137.1163,-138.4876,-139.8483,-141.8739,-143.9017,-145.9312,-147.2676,-149.2937,-151.3209,-153.3488,-156.0967,-157.4062,-158.7038
173.7463,172.9671,173.0577,172.2482,171.4255,170.5897,169.741,169.7409,168.862,167.9701,167.9135,166.9915,166.0568,165.9433,165.8075,167.2976,170.3836,174.2207,178.7928,178.4562,174.9012,173.7444,170.2103,167.4781,165.5321,163.5844,162.4014,159.6853,157.7343,156.5317,155.3173,154.091,154.3156,153.7794,153.2194,151.9223,151.3209,150.6955,150.7409,149.3729,147.3116
-88.52815,-90.04098,-92.01643,-93.52312,-95.02269,-96.51502,-98,-99.98506,-101.4625,-102.9322,-104.924,-106.3853,-107.8385,-109.8355,-111.8386,-114.9805,-119.3039,-124.2704,-129.9005,-132.0507,-131.7975,-133.3188,-132.9829,-133.2181,-134.0452,-134.8486,-136.271,-136.3841,-137.1163,-138.4876,-139.8483,-141.1984,-143.9017,-145.9312,-147.9622,-149.2937,-151.3209,-153.3488,-156.0967,-157.4062,-157.9724
172.8553,173.8541,173.0577,172.2482,171.4255,170.5897,169.741,169.7409,168.862,167.9701,167.0655,166.9915,166.0568,165.9433,165.8075,167.2976,170.3836,175.0348,179.6018,178.4562,175.6998,172.951,170.2103,169.0434,165.5321,164.356,161.6354,159.6853,157.7343,155.7828,155.3173,154.8282,153.5843,153.7794,153.2194,151.9223,152.028,151.3964,150.7409,149.3729,147.9936
-88.07416,-90.50273,-92.01643,-93.52312,-95.02269,-96.51502,-98,-99.98506,-101.4625,-102.9322,-104.3941,-106.3853,-107.8385,-109.8355,-111.8386,-114.9805,-119.3039,-124.8511,-130.4883,-132.0507,-132.3993,-132.71,-132.9829,-134.4632,-134.0452,-135.4847,-135.6282,-136.3841,-137.1163,-137.825,-139.8483,-141.8739,-143.2197,-145.9312,-147.9622,-149.2937,-152.028,-154.0621,-156.0967,-157.4062,-158.7038
171.0733,173.8541,172.1748,172.2482,171.4255,170.5897,169.741,169.7409,168.862,167.9701,167.9135,166.9915,166.0568,165.9433,165.8075,167.2976,170.3836,174.2207,180.4108,178.4562,175.6998,172.951,170.2103,169.0434,165.5321,163.5844,161.6354,159.6853,157.7343,155.7828,155.3173,154.8282,154.3156,153.7794,153.2194,151.9223,152.028,151.3964,150.7409,149.3729,147.3116
-87.16618,-90.50273,-91.54695,-93.52312,-95.02269,-96.51502,-98,-99.98506,-101.4625,-102.9322,-104.924,-106.3853,-107.8385,-109.8355,-111.8386,-114.9805,-119.3039,-124.2704,-131.0761,-132.0507,-132.3993,-132.71,-132.9829,-134.4632,-134.0452,-134.8486,-135.6282,-136.3841,-137.1163,-137.825,-139.8483,-141.8739,-143.9017,-145.9312,-147.9622,-149.2937,-152.028,-154.0621,-156.0967,-157.4062,-157.9724
172.8553,172.9671,172.1748,172.2482,170.5508,170.5897,169.741,168.8793,168.862,167.9701,167.9135,166.9915,166.0568,165.9433,165.8075,167.2976,171.2028,175.0348,179.6018,178.4562,175.6998,172.951,170.2103,168.2608,165.5321,163.5844,162.4014,159.6853,157.7343,156.5317,155.3173,154.091,153.5843,153.7794,153.2194,152.6356,152.028,151.3964,150.7409,149.3729,147.3116
-88.07416,-90.04098,-91.54695,-93.52312,-94.53788,-96.51502,-98,-99.47752,-101.4625,-102.9322,-104.924,-106.3853,-107.8385,-109.8355,-111.8386,-114.9805,-119.8775,-124.8511,-130.4883,-132.0507,-132.3993,-132.71,-132.9829,-133.8406,-134.0452,-134.8486,-136.271,-136.3841,-137.1163,-138.4876,-139.8483,-141.1984,-143.2197,-145.9312,-147.9622,-149.9946,-152.028,-154.0621,-156.0967,-157.4062,-157.9724
172.8553,173.8541,172.1748,172.2482,171.4255,170.5897,169.741,169.7409,168.862,167.9701,167.0655,166.9915,166.0568,165.9433,165.8075,167.2976,170.3836,175.0348,178.7928,178.4562,175.6998,172.951,170.2103,168.2608,166.3092,163.5844,161.6354,159.6853,157.7343,156.5317,155.3173,154.8282,154.3156,153.7794,152.5,152.6356,152.028,151.3964,150.7409,149.3729,147.9936
-88.07416,-90.50273,-91.54695,-93.52312,-95.02269,-96.51502,-98,-99.98506,-101.4625,-102.9322,-104.3941,-106.3853,-107.8385,-109.8355,-111.8386,-114.9805,-119.3039,-124.8511,-129.9005,-132.0507,-132.3993,-132.71,-132.9829,-133.8406,-134.6746,-134.8486,-135.6282,-136.3841,-137.1163,-138.4876,-139.8483,-141.8739,-143.9017,-145.9312,-147.2676,-149.9946,-152.028,-154.0621,-156.0967,-157.4062,-158.7038
173.7463,172.9671,173.0577,171.3693,171.4255,170.5897,169.741,168.8793,168.862,167.9701,167.0655,166.9915,166.0568,165.9433,165.8075,167.2976,170.3836,175.0348,179.6018,178.4562,175.6998,172.951,170.2103,168.2608,165.5321,164.356,162.4014,159.6853,156.9796,155.7828,155.3173,154.8282,154.3156,153.7794,152.5,151.9223,152.028,150.6955,150.7409,149.3729,147.3116
-88.52815,-90.04098,-92.01643,-93.04596,-95.02269,-96.51502,-98,-99.47752,-101.4625,-102.9322,-104.3941,-106.3853,-107.8385,-109.8355,-111.8386,-114.9805,-119.3039,-124.8511,-130.4883,-132.0507,-132.3993,-132.71,-132.9829,-133.8406,-134.0452,-135.4847,-136.271,-136.3841,-136.4603,-137.825,-139.8483,-141.8739,-143.9017,-145.9312,-147.2676,-149.2937,-152.028,-153.3488,-156.0967,-157.4062,-157.9724
171.9643,172.9671,172.1748,172.2482,171.4255,170.5897,169.741,168.8793,168.862,167.9701,167.0655,166.9915,166.0568,165.9433,165.8075,167.2976,170.3836,174.2207,178.7928,178.4562,175.6998,172.951,170.9983,168.2608,166.3092,163.5844,160.8693,159.6853,156.9796,155.7828,155.3173,154.091,154.3156,153.7794,153.2194,152.6356,151.3209,150.6955,150.7409,149.3729,147.3116
-87.62017,-90.04098,-91.54695,-93.52312,-95.02269,-96.51502,-98,-99.47752,-101.4625,-102.9322,-104.3941,-106.3853,-107.8385,-109.8355,-111.8386,-114.9805,-119.3039,-124.2704,-129.9005,-132.0507,-132.3993,-132.71,-133.5985,-133.8406,-134.6746,-134.8486,-134.9854,-136.3841,-136.4603,-137.825,-139.8483,-141.1984,-143.9017,-145.9312,-147.9622,-149.9946,-151.3209,-153.3488,-156.0967,-157.4062,-157.9724
173.7463,172.9671,172.1748,172.2482,171.4255,170.5897,169.741,169.7409,168.862,167.9701,167.0655,166.9915,166.0568,165.9433,165.8075,167.2976,170.3836,175.0348,179.6018,178.4562,175.6998,172.951,170.2103,168.2608,165.5321,164.356,160.8693,159.6853,157.7343,155.7828,155.3173,154.8282,154.3156,153.7794,152.5,152.6356,152.028,150.6955,150.7409,149.3729,147.3116
-88.52815,-90.04098,-91.54695,-93.52312,-95.02269,-96.51502,-98,-99.98506,-101.4625,-102.9322,-104.3941,-106.3853,-107.8385,-109.8355,-111.8386,-114.9805,-119.3039,-124.8511,-130.4883,-132.0507,-132.3993,-132.71,-132.9829,-133.8406,-134.0452,-135.4847,-134.9854,-136.3841,-137.1163,-137.825,-139.8483,-141.8739,-143.9017,-145.9312,-147.2676,-149.9946,-152.028,-153.3488,-156.0967,-157.4062,-157.9724
173.7463,172.9671,172.1748,172.2482,171.4255,170.5897,169.741,168.8793,168.862,167.9701,167.0655,166.9915,166.0568,165.9433,165.8075,167.2976,170.3836,175.0348,179.6018,178.4562,175.6998,172.951,170.2103,167.4781,165.5321,162.8128,162.4014,159.6853,157.7343,155.7828,155.3173,154.091,154.3156,153.054,152.5,151.9223,151.3209,150.6955,150.7409,149.3729,147.9936
-88.52815,-90.04098,-91.54695,-93.52312,-95.02269,-96.51502,-98,-99.47752,-101.4625,-102.9322,-104.3941,-106.3853,-107.8385,-109.8355,-111.8386,-114.9805,-119.3039,-124.8511,-130.4883,-132.0507,-132.3993,-132.71,-132.9829,-133.2181,-134.0452,-134.2125,-136.271,-136.3841,-137.1163,-137.825,-139.8483,-141.1984,-143.9017,-145.2428,-147.2676,-149.2937,-151.3209,-153.3488,-156.0967,-157.4062,-158.7038
169.2912,172.9671,172.1748,171.3693,171.4255,170.5897,170.607,169.7409,168.862,167.9701,167.9135,166.9915,166.0568,165.9433,164.9785,167.2976,170.3836,175.0348,180.4108,178.4562,175.6998,172.951,170.9983,168.2608,166.3092,163.5844,161.6354,159.6853,156.9796,155.7828,155.3173,154.8282,154.3156,153.7794,152.5,151.9223,152.028,151.3964,150.7409,149.3729,147.9936
-86.25819,-90.04098,-91.54695,-93.04596,-95.02269,-96.51502,-98.5,-99.98506,-101.4625,-102.9322,-104.924,-106.3853,-107.8385,-109.8355,-111.2794,-114.9805,-119.3039,-124.8511,-131.0761,-132.0507,-132.3993,-132.71,-133.5985,-133.8406,-134.6746,-134.8486,-135.6282,-136.3841,-136.4603,-137.825,-139.8483,-141.8739,-143.9017,-145.9312,-147.2676,-149.2937,-152.028,-154.0621,-156.0967,-157.4062,-158.7038
172.8553,173.8541,172.1748,171.3693,171.4255,170.5897,170.607,169.7409,168.862,167.9701,167.0655,166.9915,166.0568,165.1094,165.8075,167.2976,170.3836,175.0348,179.6018,179.2601,175.6998,172.951,170.2103,169.0434,166.3092,164.356,161.6354,159.6853,156.9796,155.7828,154.5741,154.8282,154.3156,153.7794,152.5,152.6356,152.028,151.3964,150.7409,149.3729,147.9936
-88.07416,-90.50273,-91.54695,-93.04596,-95.02269,-96.51502,-98.5,-99.98506,-101.4625,-102.9322,-104.3941,-106.3853,-107.8385,-109.2835,-111.8386,-114.9805,-119.3039,-124.8511,-130.4883,-132.6455,-132.3993,-132.71,-132.9829,-134.4632,-134.6746,-135.4847,-135.6282,-136.3841,-136.4603,-137.825,-139.1792,-141.8739,-143.9017,-145.9312,-147.2676,-149.9946,-152.028,-154.0621,-156.0967,-157.4062,-158.7038
172.8553,172.9671,173.0577,172.2482,171.4255,170.5897,169.741,168.8793,168.862,167.9701,167.9135,166.9915,166.0568,165.9433,165.8075,167.2976,170.3836,174.2207,179.6018,178.4562,175.6998,172.951,170.9983,167.4781,166.3092,164.356,161.6354,159.6853,156.9796,155.7828,154.5741,154.8282,154.3156,153.054,153.2194,152.6356,152.028,151.3964,150.7409,149.3729,147.9936
-88.07416,-90.04098,-92.01643,-93.52312,-95.02269,-96.51502,-98,-99.47752,-101.4625,-102.9322,-104.924,-106.3853,-107.8385,-109.8355,-111.8386,-114.9805,-119.3039,-124.2704,-130.4883,-132.0507,-132.3993,-132.71,-133.5985,-133.2181,-134.6746,-135.4847,-135.6282,-136.3841,-136.4603,-137.825,-139.1792,-141.8739,-143.9017,-145.2428,-147.9622,-149.9946,-152.028,-154.0621,-156.0967,-157.4062,-158.7038
172.8553,172.9671,172.1748,172.2482,171.4255,170.5897,170.607,169.7409,168.862,167.9701,167.0655,166.9915,166.0568,165.9433,165.8075,167.2976,170.3836,174.2207,179.6018,178.4562,174.9012,172.951,170.2103,168.2608,165.5321,164.356,160.8693,159.6853,157.7343,155.7828,155.3173,154.091,154.3156,153.7794,152.5,152.6356,151.3209,151.3964,150.0462,149.3729,147.3116
-88.07416,-90.04098,-91.54695,-93.52312,-95.02269,-96.51502,-98.5,-99.98506,-101.4625,-102.9322,-104.3941,-106.3853,-107.8385,-109.8355,-111.8386,-114.9805,-119.3039,-124.2704,-130.4883,-132.0507,-131.7975,-132.71,-132.9829,-133.8406,-134.0452,-135.4847,-134.9854,-136.3841,-137.1163,-137.825,-139.8483,-141.1984,-143.9017,-145.9312,-147.2676,-149.9946,-151.3209,-154.0621,-155.3774,-157.4062,-157.9724
173.7463,172.9671,172.1748,171.3693,171.4255,170.5897,170.607,168.8793,168.862,167.9701,167.9135,166.9915,166.0568,165.9433,165.8075,167.2976,170.3836,175.0348,179.6018,178.4562,175.6998,172.951,170.2103,168.2608,165.5321,163.5844,161.6354,159.6853,157.7343,155.7828,155.3173,154.8282,154.3156,153.7794,152.5,151.9223,152.028,151.3964,150.7409,149.3729,147.9936
-88.52815,-90.04098,-91.54695,-93.04596,-95.02269,-96.51502,-98.5,-99.47752,-101.4625,-102.9322,-104.924,-106.3853,-107.8385,-109.8355,-111.8386,-114.9805,-119.3039,-124.8511,-130.4883,-132.0507,-132.3993,-132.71,-132.9829,-133.8406,-134.0452,-134.8486,-135.6282,-136.3841,-137.1163,-137.825,-139.8483,-141.8739,-143.9017,-145.9312,-147.2676,-149.2937,-152.028,-154.0621,-156.0967,-157.4062,-158.7038
172.8553,172.9671,172.1748,171.3693,171.4255,170.5897,169.741,169.7409,168.862,167.9701,167.9135,166.9915,166.0568,165.9433,165.8075,167.2976,170.3836,174.2207,180.4108,178.4562,175.6998,172.951,170.9983,168.2608,165.5321,163.5844,161.6354,159.6853,157.7343,155.7828,155.3173,154.091,154.3156,153.054,152.5,151.9223,152.028,150.6955,150.7409,149.3729,147.3116
-88.07416,-90.04098,-91.54695,-93.04596,-95.02269,-96.51502,-98,-99.98506,-101.4625,-102.9322,-104.924,-106.3853,-107.8385,-109.8355,-111.8386,-114.9805,-119.3039,-124.2704,-131.0761,-132.0507,-132.3993,-132.71,-133.5985,-133.8406,-134.0452,-134.8486,-135.6282,-136.3841,-137.1163,-137.825,-139.8483,-141.1984,-143.9017,-145.2428,-147.2676,-149.2937,-152.028,-153.3488,-156.0967,-157.4062,-157.9724
173.7463,172.9671,172.1748,172.2482,171.4255,170.5897,169.741,168.8793,168.862,167.9701,167.0655,166.9915,166.0568,165.9433,165.8075,167.2976,170.3836,175.0348,179.6018,178.4562,175.6998,173.7444,170.9983,168.2608,165.5321,163.5844,161.6354,159.6853,156.9796,156.5317,155.3173,154.8282,154.3156,153.7794,152.5,151.9223,152.028,151.3964,150.7409,149.3729,147.3116
-88.52815,-90.04098,-91.54695,-93.52312,-95.02269,-96.51502,-98,-99.47752,-101.4625,-102.9322,-104.3941,-106.3853,-107.8385,-109.8355,-111.8386,-114.9805,-119.3039,-124.8511,-130.4883,-132.0507,-132.3993,-133.3188,-133.5985,-133.8406,-134.0452,-134.8486,-135.6282,-136.3841,-136.4603,-138.4876,-139.8483,-141.8739,-143.9017,-145.9312,-147.2676,-149.2937,-152.028,-154.0621,-156.0967,-157.4062,-157.9724
171.9643,172.9671,172.1748,171.3693,171.4255,170.5897,169.741,168.8793,168.862,167.9701,167.9135,166.9915,166.0568,165.9433,165.8075,167.2976,170.3836,174.2207,179.6018,178.4562,175.6998,172.951,170.9983,168.2608,165.5321,163.5844,161.6354,159.6853,156.9796,155.7828,155.3173,154.091,154.3156,153.7794,153.2194,152.6356,151.3209,151.3964,150.0462,149.3729,147.3116
-87.62017,-90.04098,-91.54695,-93.04596,-95.02269,-96.51502,-98,-99.47752,-101.4625,-102.9322,-104.924,-106.3853,-107.8385,-109.8355,-111.8386,-114.9805,-119.3039,-124.2704,-130.4883,-132.0507,-132.3993,-132.71,-133.5985,-133.8406,-134.0452,-134.8486,-135.6282,-136.3841,-136.4603,-137.825,-139.8483,-141.1984,-143.9017,-145.9312,-147.9622,-149.9946,-151.3209,-154.0621,-155.3774,-157.4062,-157.9724
174.6373,172.9671,172.1748,171.3693,171.4255,170.5897,169.741,168.8793,168.862,167.9701,167.0655,166.9915,166.8954,165.9433,165.8075,167.2976,170.3836,174.2207,179.6018,178.4562,174.9012,172.951,170.2103,168.2608,165.5321,164.356,161.6354,159.6853,157.7343,155.7828,155.3173,154.8282,154.3156,153.7794,153.2194,151.9223,151.3209,150.6955,150.7409,149.3729,147.9936
-88.98214,-90.04098,-91.54695,-93.04596,-95.02269,-96.51502,-98,-99.47752,-101.4625,-102.9322,-104.3941,-106.3853,-108.3832,-109.8355,-111.8386,-114.9805,-119.3039,-124.2704,-130.4883,-132.0507,-131.7975,-132.71,-132.9829,-133.8406,-134.0452,-135.4847,-135.6282,-136.3841,-137.1163,-137.825,-139.8483,-141.8739,-143.9017,-145.9312,-147.9622,-149.2937,-151.3209,-153.3488,-156.0967,-157.4062,-158.7038
169.2912,172.9671,172.1748,171.3693,171.4255,170.5897,169.741,168.8793,168.0048,167.9701,167.9135,166.9915,166.0568,165.1094,165.8075,167.2976,170.3836,174.2207,179.6018,178.4562,174.9012,172.951,170.2103,168.2608,165.5321,163.5844,162.4014,159.6853,157.7343,155.7828,155.3173,154.091,153.5843,153.7794,152.5,151.9223,151.3209,151.3964,150.7409,149.3729,147.9936
-86.25819,-90.04098,-91.54695,-93.04596,-95.02269,-96.51502,-98,-99.47752,-100.9475,-102.9322,-104.924,-106.3853,-107.8385,-109.2835,-111.8386,-114.9805,-119.3039,-124.2704,-130.4883,-132.0507,-131.7975,-132.71,-132.9829,-133.8406,-134.0452,-134.8486,-136.271,-136.3841,-137.1163,-137.825,-139.8483,-141.1984,-143.2197,-145.9312,-147.2676,-149.2937,-151.3209,-154.0621,-156.0967,-157.4062,-158.7038
171.0733,173.8541,172.1748,172.2482,171.4255,170.5897,169.741,168.8793,168.862,167.9701,167.9135,166.9915,166.8954,165.9433,165.8075,167.2976,171.2028,174.2207,179.6018,178.4562,175.6998,172.951,170.2103,169.0434,166.3092,164.356,162.4014,159.6853,157.7343,155.7828,154.5741,154.8282,154.3156,153.7794,152.5,151.9223,152.028,151.3964,150.0462,149.3729,147.9936
-87.16618,-90.50273,-91.54695,-93.52312,-95.02269,-96.51502,-98,-99.47752,-101.4625,-102.9322,-104.924,-106.3853,-108.3832,-109.8355,-111.8386,-114.9805,-119.8775,-124.2704,-130.4883,-132.0507,-132.3993,-132.71,-132.9829,-134.4632,-134.6746,-135.4847,-136.271,-136.3841,-137.1163,-137.825,-139.1792,-141.8739,-143.9017,-145.9312,-147.2676,-149.2937,-152.028,-154.0621,-155.3774,-157.4062,-158.7038
