169.4759,171.581,171.6792,170.7657,170.8372,169.8964,168.9421,168.9743,167.9936,167,165.9937,165.9747,164.9435,164.8995,163.8439,163.7752,164.6922,164.5981,166.4852,168.3569,169.2174,171.0578,171.8879,173.6956,175.4857,177.258,179.0119,178.7716,180.4903,180.2198,176.0026,170.8031,166.5872,163.3506,159.1362,155.8992,154.6068,153.3067,152.9673,152.6163,152.2536,151.8793,151.4935,151.0962,150.6873,150.2669,149.8351,149.3919,148.9374,148.4714,148.9309,148.4393,148.8668,149.2766
13.33805,11.99811,10.50035,8.949449,7.458915,5.932914,4.423904,2.949457,1.466058,0,-1.448605,-2.897099,-4.319196,-5.758417,-7.15358,-8.583097,-10.07301,-11.50982,-13.10267,-14.72932,-16.29378,-17.9789,-19.58416,-21.32714,-23.10314,-24.91199,-26.7535,-28.31464,-30.20371,-31.77762,-32.62016,-33.20077,-33.89255,-34.72125,-35.27966,-35.99217,-37.11781,-38.22366,-39.56004,-40.89341,-42.22366,-43.5507,-44.87442,-46.19473,-47.51152,-48.82469,-50.13414,-51.43977,-52.74148,-54.03918,-55.68297,-56.9805,-58.6402,-60.31166
168.479,172.5786,171.6792,170.7657,170.8372,169.8964,168.9421,168.9743,167.9936,167,165.9937,165.9747,164.9435,164.8995,163.8439,163.7752,164.6922,165.5956,166.4852,168.3569,169.2174,171.0578,171.8879,173.6956,175.4857,177.258,178.0229,178.7716,180.4903,179.235,176.0026,170.8031,166.5872,163.3506,159.1362,155.8992,154.6068,153.3067,152.9673,152.6163,152.2536,151.8793,151.4935,151.0962,150.6873,150.2669,149.8351,149.3919,148.9374,148.4714,148.9309,148.4393,148.8668,149.2766
13.25959,12.06787,10.50035,8.949449,7.458915,5.932914,4.423904,2.949457,1.466058,0,-1.448605,-2.897099,-4.319196,-5.758417,-7.15358,-8.583097,-10.07301,-11.57957,-13.10267,-14.72932,-16.29378,-17.9789,-19.58416,-21.32714,-23.10314,-24.91199,-26.60569,-28.31464,-30.20371,-31.60397,-32.62016,-33.20077,-33.89255,-34.72125,-35.27966,-35.99217,-37.11781,-38.22366,-39.56004,-40.89341,-42.22366,-43.5507,-44.87442,-46.19473,-47.51152,-48.82469,-50.13414,-51.43977,-52.74148,-54.03918,-55.68297,-56.9805,-58.6402,-60.31166
173.4636,172.5786,171.6792,171.7643,170.8372,169.8964,168.9421,168.9743,167.9936,167,166.9936,165.9747,164.9435,164.8995,164.843,164.7739,164.6922,164.5981,166.4852,168.3569,169.2174,171.0578,171.8879,173.6956,175.4857,177.258,179.0119,178.7716,180.4903,179.235,176.0026,170.8031,166.5872,163.3506,159.1362,155.8992,154.6068,153.3067,152.9673,152.6163,152.2536,151.8793,151.4935,151.0962,150.6873,150.2669,149.8351,149.3919,148.9374,148.4714,148.9309,148.4393,148.8668,149.2766
13.65188,12.06787,10.50035,9.001784,7.458915,5.932914,4.423904,2.949457,1.466058,0,-1.457331,-2.897099,-4.319196,-5.758417,-7.197199,-8.635433,-10.07301,-11.50982,-13.10267,-14.72932,-16.29378,-17.9789,-19.58416,-21.32714,-23.10314,-24.91199,-26.7535,-28.31464,-30.20371,-31.60397,-32.62016,-33.20077,-33.89255,-34.72125,-35.27966,-35.99217,-37.11781,-38.22366,-39.56004,-40.89341,-42.22366,-43.5507,-44.87442,-46.19473,-47.51152,-48.82469,-50.13414,-51.43977,-52.74148,-54.03918,-55.68297,-56.9805,-58.6402,-60.31166
170.4729,172.5786,171.6792,170.7657,170.8372,169.8964,168.9421,168.9743,167.9936,167,166.9936,165.9747,164.9435,164.8995,164.843,163.7752,164.6922,165.5956,166.4852,168.3569,169.2174,171.0578,171.8879,173.6956,175.4857,177.258,179.0119,179.7593,180.4903,180.2198,176.0026,170.8031,166.5872,163.3506,159.1362,155.8992,154.6068,153.3067,152.9673,152.6163,152.2536,151.8793,151.4935,151.0962,150.6873,150.2669,149.8351,149.3919,148.9374,148.4714,147.9942,148.4393,148.8668,149.2766
13.41651,12.06787,10.50035,8.949449,7.458915,5.932914,4.423904,2.949457,1.466058,0,-1.457331,-2.897099,-4.319196,-5.758417,-7.197199,-8.583097,-10.07301,-11.57957,-13.10267,-14.72932,-16.29378,-17.9789,-19.58416,-21.32714,-23.10314,-24.91199,-26.7535,-28.47107,-30.20371,-31.77762,-32.62016,-33.20077,-33.89255,-34.72125,-35.27966,-35.99217,-37.11781,-38.22366,-39.56004,-40.89341,-42.22366,-43.5507,-44.87442,-46.19473,-47.51152,-48.82469,-50.13414,-51.43977,-52.74148,-54.03918,-55.33277,-56.9805,-58.6402,-60.31166
170.4729,172.5786,171.6792,170.7657,170.8372,169.8964,168.9421,167.9744,167.9936,167,166.9936,165.9747,164.9435,164.8995,163.8439,163.7752,164.6922,165.5956,166.4852,168.3569,170.2127,171.0578,171.8879,172.703,175.4857,177.258,179.0119,179.7593,180.4903,179.235,176.0026,170.8031,166.5872,163.3506,159.1362,156.8736,154.6068,153.3067,152.9673,152.6163,152.2536,151.8793,151.4935,151.0962,150.6873,150.2669,149.8351,149.3919,148.9374,149.4111,148.9309,148.4393,148.8668,149.2766
13.41651,12.06787,10.50035,8.949449,7.458915,5.932914,4.423904,2.932004,1.466058,0,-1.457331,-2.897099,-4.319196,-5.758417,-7.15358,-8.583097,-10.07301,-11.57957,-13.10267,-14.72932,-16.38962,-17.9789,-19.58416,-21.20527,-23.10314,-24.91199,-26.7535,-28.47107,-30.20371,-31.60397,-32.62016,-33.20077,-33.89255,-34.72125,-35.27966,-36.21712,-37.11781,-38.22366,-39.56004,-40.89341,-42.22366,-43.5507,-44.87442,-46.19473,-47.51152,-48.82469,-50.13414,-51.43977,-52.74148,-54.3812,-55.68297,-56.9805,-58.6402,-60.31166
172.4667,172.5786,171.6792,170.7657,170.8372,169.8964,168.9421,168.9743,167.9936,167,166.9936,165.9747,164.9435,164.8995,163.8439,163.7752,164.6922,164.5981,166.4852,168.3569,169.2174,171.0578,171.8879,173.6956,175.4857,177.258,179.0119,178.7716,180.4903,179.235,176.0026,170.8031,166.5872,163.3506,159.1362,156.8736,154.6068,153.3067,152.9673,152.6163,152.2536,151.8793,151.4935,151.0962,150.6873,150.2669,149.8351,149.3919,148.9374,149.4111,148.9309,148.4393,148.8668,149.2766
13.57342,12.06787,10.50035,8.949449,7.458915,5.932914,4.423904,2.949457,1.466058,0,-1.457331,-2.897099,-4.319196,-5.758417,-7.15358,-8.583097,-10.07301,-11.50982,-13.10267,-14.72932,-16.29378,-17.9789,-19.58416,-21.32714,-23.10314,-24.91199,-26.7535,-28.31464,-30.20371,-31.60397,-32.62016,-33.20077,-33.89255,-34.72125,-35.27966,-36.21712,-37.11781,-38.22366,-39.56004,-40.89341,-42.22366,-43.5507,-44.87442,-46.19473,-47.51152,-48.82469,-50.13414,-51.43977,-52.74148,-54.3812,-55.68297,-56.9805,-58.6402,-60.31166
171.4698,172.5786,171.6792,170.7657,170.8372,169.8964,168.9421,168.9743,167.9936,167,166.9936,165.9747,164.9435,164.8995,163.8439,163.7752,164.6922,164.5981,166.4852,168.3569,170.2127,171.0578,171.8879,172.703,175.4857,177.258,179.0119,178.7716,180.4903,179.235,176.0026,170.8031,166.5872,163.3506,159.1362,156.8736,154.6068,153.3067,152.9673,152.6163,152.2536,151.8793,151.4935,151.0962,150.6873,150.2669,149.8351,149.3919,148.9374,149.4111,147.9942,148.4393,148.8668,149.2766
13.49496,12.06787,10.50035,8.949449,7.458915,5.932914,4.423904,2.949457,1.466058,0,-1.457331,-2.897099,-4.319196,-5.758417,-7.15358,-8.583097,-10.07301,-11.50982,-13.10267,-14.72932,-16.38962,-17.9789,-19.58416,-21.20527,-23.10314,-24.91199,-26.7535,-28.31464,-30.20371,-31.60397,-32.62016,-33.20077,-33.89255,-34.72125,-35.27966,-36.21712,-37.11781,-38.22366,-39.56004,-40.89341,-42.22366,-43.5507,-44.87442,-46.19473,-47.51152,-48.82469,-50.13414,-51.43977,-52.74148,-54.3812,-55.33277,-56.9805,-58.6402,-60.31166
176.4544,172.5786,171.6792,171.7643,170.8372,169.8964,168.9421,168.9743,167.9936,167,165.9937,165.9747,164.9435,164.8995,163.8439,163.7752,164.6922,164.5981,166.4852,168.3569,170.2127,171.0578,171.8879,173.6956,175.4857,177.258,179.0119,178.7716,180.4903,179.235,176.0026,170.8031,166.5872,163.3506,159.1362,155.8992,154.6068,153.3067,152.9673,152.6163,152.2536,151.8793,151.4935,151.0962,150.6873,150.2669,149.8351,149.3919,148.9374,148.4714,148.9309,148.4393,148.8668,149.2766
13.88726,12.06787,10.50035,9.001784,7.458915,5.932914,4.423904,2.949457,1.466058,0,-1.448605,-2.897099,-4.319196,-5.758417,-7.15358,-8.583097,-10.07301,-11.50982,-13.10267,-14.72932,-16.38962,-17.9789,-19.58416,-21.32714,-23.10314,-24.91199,-26.7535,-28.31464,-30.20371,-31.60397,-32.62016,-33.20077,-33.89255,-34.72125,-35.27966,-35.99217,-37.11781,-38.22366,-39.56004,-40.89341,-42.22366,-43.5507,-44.87442,-46.19473,-47.51152,-48.82469,-50.13414,-51.43977,-52.74148,-54.03918,-55.68297,-56.9805,-58.6402,-60.31166
169.4759,172.5786,171.6792,171.7643,170.8372,169.8964,168.9421,168.9743,167.9936,167,165.9937,165.9747,164.9435,164.8995,163.8439,163.7752,164.6922,165.5956,166.4852,168.3569,169.2174,171.0578,171.8879,173.6956,175.4857,177.258,179.0119,178.7716,180.4903,179.235,176.0026,169.8215,166.5872,163.3506,159.1362,155.8992,154.6068,153.3067,152.9673,152.6163,152.2536,151.8793,151.4935,151.0962,150.6873,150.2669,149.8351,149.3919,148.9374,148.4714,147.9942,148.4393,148.8668,149.2766
13.33805,12.06787,10.50035,9.001784,7.458915,5.932914,4.423904,2.949457,1.466058,0,-1.448605,-2.897099,-4.319196,-5.758417,-7.15358,-8.583097,-10.07301,-11.57957,-13.10267,-14.72932,-16.29378,-17.9789,-19.58416,-21.32714,-23.10314,-24.91199,-26.7535,-28.31464,-30.20371,-31.60397,-32.62016,-33.00996,-33.89255,-34.72125,-35.27966,-35.99217,-37.11781,-38.22366,-39.56004,-40.89341,-42.22366,-43.5507,-44.87442,-46.19473,-47.51152,-48.82469,-50.13414,-51.43977,-52.74148,-54.03918,-55.33277,-56.9805,-58.6402,-60.31166
168.479,171.581,171.6792,170.7657,170.8372,169.8964,168.9421,168.9743,167.9936,167,165.9937,165.9747,164.9435,164.8995,163.8439,163.7752,164.6922,164.5981,166.4852,168.3569,170.2127,171.0578,171.8879,173.6956,175.4857,177.258,179.0119,178.7716,180.4903,179.235,175.0194,170.8031,166.5872,163.3506,159.1362,155.8992,154.6068,153.3067,152.9673,152.6163,152.2536,151.8793,151.4935,151.0962,150.6873,150.2669,149.8351,149.3919,148.9374,148.4714,148.9309,148.4393,148.8668,150.2038
13.25959,11.99811,10.50035,8.949449,7.458915,5.932914,4.423904,2.949457,1.466058,0,-1.448605,-2.897099,-4.319196,-5.758417,-7.15358,-8.583097,-10.07301,-11.50982,-13.10267,-14.72932,-16.38962,-17.9789,-19.58416,-21.32714,-23.10314,-24.91199,-26.7535,-28.31464,-30.20371,-31.60397,-32.43792,-33.20077,-33.89255,-34.72125,-35.27966,-35.99217,-37.11781,-38.22366,-39.56004,-40.89341,-42.22366,-43.5507,-44.87442,-46.19473,-47.51152,-48.82469,-50.13414,-51.43977,-52.74148,-54.03918,-55.68297,-56.9805,-58.6402,-60.68627
171.4698,172.5786,171.6792,171.7643,170.8372,169.8964,168.9421,168.9743,167.9936,167,166.9936,165.9747,164.9435,164.8995,163.8439,163.7752,164.6922,164.5981,166.4852,168.3569,169.2174,171.0578,171.8879,172.703,175.4857,177.258,179.0119,178.7716,180.4903,179.235,176.0026,170.8031,166.5872,163.3506,159.1362,155.8992,154.6068,153.3067,152.9673,152.6163,152.2536,151.8793,151.4935,151.0962,150.6873,150.2669,149.8351,149.3919,148.9374,148.4714,148.9309,148.4393,148.8668,149.2766
13.49496,12.06787,10.50035,9.001784,7.458915,5.932914,4.423904,2.949457,1.466058,0,-1.457331,-2.897099,-4.319196,-5.758417,-7.15358,-8.583097,-10.07301,-11.50982,-13.10267,-14.72932,-16.29378,-17.9789,-19.58416,-21.20527,-23.10314,-24.91199,-26.7535,-28.31464,-30.20371,-31.60397,-32.62016,-33.20077,-33.89255,-34.72125,-35.27966,-35.99217,-37.11781,-38.22366,-39.56004,-40.89341,-42.22366,-43.5507,-44.87442,-46.19473,-47.51152,-48.82469,-50.13414,-51.43977,-52.74148,-54.03918,-55.68297,-56.9805,-58.6402,-60.31166
168.479,171.581,171.6792,171.7643,170.8372,169.8964,168.9421,168.9743,167.9936,167,165.9937,165.9747,164.9435,164.8995,164.843,163.7752,164.6922,165.5956,166.4852,168.3569,170.2127,170.0632,171.8879,172.703,175.4857,176.2677,179.0119,178.7716,180.4903,180.2198,175.0194,170.8031,166.5872,163.3506,159.1362,155.8992,154.6068,153.3067,152.9673,152.6163,152.2536,151.8793,151.4935,151.0962,150.6873,150.2669,149.8351,149.3919,148.9374,148.4714,148.9309,148.4393,148.8668,149.2766
13.25959,11.99811,10.50035,9.001784,7.458915,5.932914,4.423904,2.949457,1.466058,0,-1.448605,-2.897099,-4.319196,-5.758417,-7.197199,-8.583097,-10.07301,-11.57957,-13.10267,-14.72932,-16.38962,-17.87437,-19.58416,-21.20527,-23.10314,-24.77281,-26.7535,-28.31464,-30.20371,-31.77762,-32.43792,-33.20077,-33.89255,-34.72125,-35.27966,-35.99217,-37.11781,-38.22366,-39.56004,-40.89341,-42.22366,-43.5507,-44.87442,-46.19473,-47.51152,-48.82469,-50.13414,-51.43977,-52.74148,-54.03918,-55.68297,-56.9805,-58.6402,-60.31166
170.4729,172.5786,171.6792,170.7657,170.8372,169.8964,168.9421,167.9744,167.9936,167,165.9937,165.9747,164.9435,164.8995,164.843,163.7752,164.6922,165.5956,166.4852,168.3569,169.2174,171.0578,171.8879,172.703,175.4857,177.258,179.0119,178.7716,180.4903,179.235,176.0026,169.8215,166.5872,163.3506,159.1362,156.8736,154.6068,153.3067,152.9673,152.6163,152.2536,151.8793,151.4935,151.0962,150.6873,150.2669,149.8351,149.3919,149.88,148.4714,148.9309,148.4393,148.8668,149.2766
13.41651,12.06787,10.50035,8.949449,7.458915,5.932914,4.423904,2.932004,1.466058,0,-1.448605,-2.897099,-4.319196,-5.758417,-7.197199,-8.583097,-10.07301,-11.57957,-13.10267,-14.72932,-16.29378,-17.9789,-19.58416,-21.20527,-23.10314,-24.91199,-26.7535,-28.31464,-30.20371,-31.60397,-32.62016,-33.00996,-33.89255,-34.72125,-35.27966,-36.21712,-37.11781,-38.22366,-39.56004,-40.89341,-42.22366,-43.5507,-44.87442,-46.19473,-47.51152,-48.82469,-50.13414,-51.43977,-53.07529,-54.03918,-55.68297,-56.9805,-58.6402,-60.31166
169.4759,172.5786,171.6792,171.7643,170.8372,169.8964,168.9421,168.9743,167.9936,167,166.9936,165.9747,164.9435,164.8995,163.8439,163.7752,164.6922,165.5956,166.4852,168.3569,169.2174,171.0578,171.8879,173.6956,175.4857,177.258,179.0119,178.7716,180.4903,179.235,175.0194,169.8215,166.5872,163.3506,159.1362,155.8992,154.6068,153.3067,152.9673,151.6504,152.2536,151.8793,151.4935,151.0962,150.6873,150.2669,149.8351,149.3919,148.9374,148.4714,148.9309,148.4393,148.8668,149.2766
13.33805,12.06787,10.50035,9.001784,7.458915,5.932914,4.423904,2.949457,1.466058,0,-1.457331,-2.897099,-4.319196,-5.758417,-7.15358,-8.583097,-10.07301,-11.57957,-13.10267,-14.72932,-16.29378,-17.9789,-19.58416,-21.32714,-23.10314,-24.91199,-26.7535,-28.31464,-30.20371,-31.60397,-32.43792,-33.00996,-33.89255,-34.72125,-35.27966,-35.99217,-37.11781,-38.22366,-39.56004,-40.63459,-42.22366,-43.5507,-44.87442,-46.19473,-47.51152,-48.82469,-50.13414,-51.43977,-52.74148,-54.03918,-55.68297,-56.9805,-58.6402,-60.31166
171.4698,172.5786,172.6773,170.7657,170.8372,169.8964,168.9421,168.9743,167.9936,167,166.9936,165.9747,165.9431,164.8995,163.8439,163.7752,164.6922,165.5956,166.4852,168.3569,169.2174,171.0578,171.8879,172.703,175.4857,176.2677,179.0119,178.7716,180.4903,180.2198,175.0194,169.8215,166.5872,163.3506,159.1362,155.8992,154.6068,153.3067,152.9673,152.6163,152.2536,151.8793,151.4935,151.0962,150.6873,150.2669,149.8351,149.3919,148.9374,148.4714,148.9309,148.4393,148.8668,149.2766
13.49496,12.06787,10.5614,8.949449,7.458915,5.932914,4.423904,2.949457,1.466058,0,-1.457331,-2.897099,-4.345373,-5.758417,-7.15358,-8.583097,-10.07301,-11.57957,-13.10267,-14.72932,-16.29378,-17.9789,-19.58416,-21.20527,-23.10314,-24.77281,-26.7535,-28.31464,-30.20371,-31.77762,-32.43792,-33.00996,-33.89255,-34.72125,-35.27966,-35.99217,-37.11781,-38.22366,-39.56004,-40.89341,-42.22366,-43.5507,-44.87442,-46.19473,-47.51152,-48.82469,-50.13414,-51.43977,-52.74148,-54.03918,-55.68297,-56.9805,-58.6402,-60.31166
171.4698,172.5786,171.6792,171.7643,170.8372,169.8964,168.9421,168.9743,167.9936,167,165.9937,165.9747,164.9435,164.8995,163.8439,163.7752,164.6922,165.5956,166.4852,168.3569,170.2127,171.0578,171.8879,173.6956,175.4857,177.258,179.0119,178.7716,180.4903,179.235,175.0194,170.8031,166.5872,163.3506,159.1362,156.8736,154.6068,153.3067,152.9673,152.6163,152.2536,151.8793,151.4935,151.0962,150.6873,150.2669,149.8351,149.3919,148.9374,149.4111,147.9942,148.4393,148.8668,149.2766
13.49496,12.06787,10.50035,9.001784,7.458915,5.932914,4.423904,2.949457,1.466058,0,-1.448605,-2.897099,-4.319196,-5.758417,-7.15358,-8.583097,-10.07301,-11.57957,-13.10267,-14.72932,-16.38962,-17.9789,-19.58416,-21.32714,-23.10314,-24.91199,-26.7535,-28.31464,-30.20371,-31.60397,-32.43792,-33.20077,-33.89255,-34.72125,-35.27966,-36.21712,-37.11781,-38.22366,-39.56004,-40.89341,-42.22366,-43.5507,-44.87442,-46.19473,-47.51152,-48.82469,-50.13414,-51.43977,-52.74148,-54.3812,-55.33277,-56.9805,-58.6402,-60.31166
173.4636,172.5786,171.6792,171.7643,170.8372,169.8964,168.9421,168.9743,167.9936,167,166.9936,165.9747,165.9431,164.8995,163.8439,163.7752,164.6922,165.5956,166.4852,168.3569,170.2127,171.0578,171.8879,173.6956,175.4857,177.258,179.0119,178.7716,180.4903,179.235,176.0026,170.8031,166.5872,163.3506,159.1362,155.8992,154.6068,153.3067,152.9673,152.6163,152.2536,150.9181,151.4935,150.1398,150.6873,150.2669,149.8351,149.3919,148.9374,149.4111,148.9309,148.4393,148.8668,149.2766
13.65188,12.06787,10.50035,9.001784,7.458915,5.932914,4.423904,2.949457,1.466058,0,-1.457331,-2.897099,-4.345373,-5.758417,-7.15358,-8.583097,-10.07301,-11.57957,-13.10267,-14.72932,-16.38962,-17.9789,-19.58416,-21.32714,-23.10314,-24.91199,-26.7535,-28.31464,-30.20371,-31.60397,-32.62016,-33.20077,-33.89255,-34.72125,-35.27966,-35.99217,-37.11781,-38.22366,-39.56004,-40.89341,-42.22366,-43.27506,-44.87442,-45.90236,-47.51152,-48.82469,-50.13414,-51.43977,-52.74148,-54.3812,-55.68297,-56.9805,-58.6402,-60.31166
172.4667,172.5786,171.6792,171.7643,170.8372,169.8964,168.9421,168.9743,167.9936,167,165.9937,165.9747,165.9431,164.8995,162.8449,163.7752,164.6922,164.5981,166.4852,168.3569,169.2174,171.0578,171.8879,173.6956,174.4943,177.258,179.0119,178.7716,180.4903,179.235,176.0026,169.8215,166.5872,162.3725,159.1362,155.8992,154.6068,153.3067,152.9673,152.6163,152.2536,151.8793,151.4935,151.0962,150.6873,150.2669,149.8351,149.3919,148.9374,148.4714,148.9309,148.4393,148.8668,149.2766
13.57342,12.06787,10.50035,9.001784,7.458915,5.932914,4.423904,2.949457,1.466058,0,-1.448605,-2.897099,-4.345373,-5.758417,-7.10996,-8.583097,-10.07301,-11.50982,-13.10267,-14.72932,-16.29378,-17.9789,-19.58416,-21.32714,-22.97261,-24.91199,-26.7535,-28.31464,-30.20371,-31.60397,-32.62016,-33.00996,-33.89255,-34.51334,-35.27966,-35.99217,-37.11781,-38.22366,-39.56004,-40.89341,-42.22366,-43.5507,-44.87442,-46.19473,-47.51152,-48.82469,-50.13414,-51.43977,-52.74148,-54.03918,-55.68297,-56.9805,-58.6402,-60.31166
173.4636,172.5786,171.6792,170.7657,170.8372,169.8964,168.9421,168.9743,167.9936,167,166.9936,165.9747,164.9435,164.8995,164.843,163.7752,164.6922,165.5956,166.4852,168.3569,169.2174,171.0578,171.8879,173.6956,175.4857,177.258,179.0119,178.7716,180.4903,179.235,175.0194,170.8031,166.5872,163.3506,159.1362,155.8992,154.6068,153.3067,152.9673,152.6163,152.2536,151.8793,151.4935,151.0962,150.6873,150.2669,149.8351,149.3919,149.88,149.4111,147.9942,148.4393,147.9364,150.2038
13.65188,12.06787,10.50035,8.949449,7.458915,5.932914,4.423904,2.949457,1.466058,0,-1.457331,-2.897099,-4.319196,-5.758417,-7.197199,-8.583097,-10.07301,-11.57957,-13.10267,-14.72932,-16.29378,-17.9789,-19.58416,-21.32714,-23.10314,-24.91199,-26.7535,-28.31464,-30.20371,-31.60397,-32.43792,-33.20077,-33.89255,-34.72125,-35.27966,-35.99217,-37.11781,-38.22366,-39.56004,-40.89341,-42.22366,-43.5507,-44.87442,-46.19473,-47.51152,-48.82469,-50.13414,-51.43977,-53.07529,-54.3812,-55.33277,-56.9805,-58.2737,-60.68627
171.4698,171.581,171.6792,171.7643,170.8372,169.8964,168.9421,167.9744,167.9936,167,166.9936,165.9747,164.9435,164.8995,163.8439,163.7752,164.6922,164.5981,166.4852,168.3569,169.2174,171.0578,171.8879,173.6956,175.4857,177.258,179.0119,179.7593,180.4903,179.235,176.0026,169.8215,166.5872,163.3506,159.1362,155.8992,154.6068,153.3067,152.9673,152.6163,152.2536,151.8793,151.4935,151.0962,150.6873,150.2669,149.8351,149.3919,149.88,148.4714,148.9309,148.4393,148.8668,149.2766
13.49496,11.99811,10.50035,9.001784,7.458915,5.932914,4.423904,2.932004,1.466058,0,-1.457331,-2.897099,-4.319196,-5.758417,-7.15358,-8.583097,-10.07301,-11.50982,-13.10267,-14.72932,-16.29378,-17.9789,-19.58416,-21.32714,-23.10314,-24.91199,-26.7535,-28.47107,-30.20371,-31.60397,-32.62016,-33.00996,-33.89255,-34.72125,-35.27966,-35.99217,-37.11781,-38.22366,-39.56004,-40.89341,-42.22366,-43.5507,-44.87442,-46.19473,-47.51152,-48.82469,-50.13414,-51.43977,-53.07529,-54.03918,-55.68297,-56.9805,-58.6402,-60.31166
169.4759,172.5786,171.6792,171.7643,170.8372,169.8964,168.9421,167.9744,167.9936,167,166.9936,165.9747,164.9435,164.8995,163.8439,164.7739,164.6922,164.5981,167.4821,168.3569,170.2127,171.0578,171.8879,173.6956,175.4857,177.258,179.0119,178.7716,180.4903,179.235,175.0194,170.8031,166.5872,163.3506,159.1362,156.8736,154.6068,153.3067,152.9673,152.6163,152.2536,151.8793,151.4935,151.0962,150.6873,150.2669,149.8351,149.3919,148.9374,148.4714,148.9309,148.4393,148.8668,149.2766
13.33805,12.06787,10.50035,9.001784,7.458915,5.932914,4.423904,2.932004,1.466058,0,-1.457331,-2.897099,-4.319196,-5.758417,-7.15358,-8.635433,-10.07301,-11.50982,-13.18113,-14.72932,-16.38962,-17.9789,-19.58416,-21.32714,-23.10314,-24.91199,-26.7535,-28.31464,-30.20371,-31.60397,-32.43792,-33.20077,-33.89255,-34.72125,-35.27966,-36.21712,-37.11781,-38.22366,-39.56004,-40.89341,-42.22366,-43.5507,-44.87442,-46.19473,-47.51152,-48.82469,-50.13414,-51.43977,-52.74148,-54.03918,-55.68297,-56.9805,-58.6402,-60.31166
170.4729,172.5786,171.6792,170.7657,170.8372,169.8964,168.9421,168.9743,167.9936,167,165.9937,165.9747,164.9435,164.8995,163.8439,163.7752,164.6922,165.5956,166.4852,168.3569,169.2174,171.0578,171.8879,173.6956,175.4857,177.258,179.0119,178.7716,180.4903,179.235,176.0026,170.8031,166.5872,163.3506,159.1362,156.8736,154.6068,153.3067,152.9673,152.6163,152.2536,151.8793,151.4935,151.0962,150.6873,150.2669,150.7835,149.3919,148.9374,148.4714,148.9309,148.4393,148.8668,149.2766
13.41651,12.06787,10.50035,8.949449,7.458915,5.932914,4.423904,2.949457,1.466058,0,-1.448605,-2.897099,-4.319196,-5.758417,-7.15358,-8.583097,-10.07301,-11.57957,-13.10267,-14.72932,-16.29378,-17.9789,-19.58416,-21.32714,-23.10314,-24.91199,-26.7535,-28.31464,-30.20371,-31.60397,-32.62016,-33.20077,-33.89255,-34.72125,-35.27966,-36.21712,-37.11781,-38.22366,-39.56004,-40.89341,-42.22366,-43.5507,-44.87442,-46.19473,-47.51152,-48.82469,-50.45144,-51.43977,-52.74148,-54.03918,-55.68297,-56.9805,-58.6402,-60.31166
170.4729,172.5786,171.6792,171.7643,170.8372,169.8964,168.9421,168.9743,167.9936,167,166.9936,165.9747,164.9435,164.8995,163.8439,163.7752,164.6922,165.5956,166.4852,168.3569,170.2127,171.0578,171.8879,173.6956,175.4857,177.258,179.0119,179.7593,180.4903,178.2502,175.0194,169.8215,166.5872,163.3506,159.1362,155.8992,154.6068,153.3067,152.9673,152.6163,152.2536,151.8793,151.4935,151.0962,150.6873,151.218,149.8351,149.3919,148.9374,148.4714,148.9309,148.4393,148.8668,149.2766
13.41651,12.06787,10.50035,9.001784,7.458915,5.932914,4.423904,2.949457,1.466058,0,-1.457331,-2.897099,-4.319196,-5.758417,-7.15358,-8.583097,-10.07301,-11.57957,-13.10267,-14.72932,-16.38962,-17.9789,-19.58416,-21.32714,-23.10314,-24.91199,-26.7535,-28.47107,-30.20371,-31.43032,-32.43792,-33.00996,-33.89255,-34.72125,-35.27966,-35.99217,-37.11781,-38.22366,-39.56004,-40.89341,-42.22366,-43.5507,-44.87442,-46.19473,-47.51152,-49.1337,-50.13414,-51.43977,-52.74148,-54.03918,-55.68297,-56.9805,-58.6402,-60.31166
164.4914,172.5786,171.6792,171.7643,170.8372,169.8964,168.9421,168.9743,167.9936,167,165.9937,165.9747,164.9435,164.8995,163.8439,163.7752,163.6941,165.5956,166.4852,168.3569,169.2174,171.0578,171.8879,173.6956,175.4857,177.258,179.0119,178.7716,180.4903,179.235,176.0026,170.8031,166.5872,163.3506,159.1362,155.8992,154.6068,153.3067,152.9673,152.6163,152.2536,151.8793,151.4935,151.0962,150.6873,150.2669,149.8351,149.3919,148.9374,148.4714,148.9309,148.4393,148.8668,149.2766
12.94575,12.06787,10.50035,9.001784,7.458915,5.932914,4.423904,2.949457,1.466058,0,-1.448605,-2.897099,-4.319196,-5.758417,-7.15358,-8.583097,-10.01196,-11.57957,-13.10267,-14.72932,-16.29378,-17.9789,-19.58416,-21.32714,-23.10314,-24.91199,-26.7535,-28.31464,-30.20371,-31.60397,-32.62016,-33.20077,-33.89255,-34.72125,-35.27966,-35.99217,-37.11781,-38.22366,-39.56004,-40.89341,-42.22366,-43.5507,-44.87442,-46.19473,-47.51152,-48.82469,-50.13414,-51.43977,-52.74148,-54.03918,-55.68297,-56.9805,-58.6402,-60.31166
172.4667,172.5786,171.6792,171.7643,170.8372,169.8964,168.9421,168.9743,167.9936,168,165.9937,166.9746,164.9435,164.8995,163.8439,163.7752,164.6922,165.5956,166.4852,168.3569,169.2174,171.0578,171.8879,173.6956,175.4857,177.258,179.0119,178.7716,180.4903,180.2198,176.0026,169.8215,166.5872,162.3725,159.1362,155.8992,154.6068,153.3067,152.9673,152.6163,152.2536,151.8793,151.4935,151.0962,150.6873,150.2669,149.8351,149.3919,148.9374,148.4714,148.9309,148.4393,148.8668,149.2766
13.57342,12.06787,10.50035,9.001784,7.458915,5.932914,4.423904,2.949457,1.466058,0,-1.448605,-2.914552,-4.319196,-5.758417,-7.15358,-8.583097,-10.07301,-11.57957,-13.10267,-14.72932,-16.29378,-17.9789,-19.58416,-21.32714,-23.10314,-24.91199,-26.7535,-28.31464,-30.20371,-31.77762,-32.62016,-33.00996,-33.89255,-34.51334,-35.27966,-35.99217,-37.11781,-38.22366,-39.56004,-40.89341,-42.22366,-43.5507,-44.87442,-46.19473,-47.51152,-48.82469,-50.13414,-51.43977,-52.74148,-54.03918,-55.68297,-56.9805,-58.6402,-60.31166
171.4698,172.5786,171.6792,171.7643,170.8372,169.8964,168.9421,167.9744,167.9936,167,166.9936,165.9747,164.9435,164.8995,163.8439,163.7752,164.6922,165.5956,166.4852,168.3569,170.2127,171.0578,171.8879,173.6956,175.4857,177.258,179.0119,178.7716,180.4903,180.2198,176.0026,170.8031,166.5872,163.3506,159.1362,156.8736,154.6068,153.3067,152.9673,152.6163,152.2536,151.8793,151.4935,150.1398,150.6873,150.2669,149.8351,149.3919,148.9374,148.4714,148.9309,148.4393,148.8668,149.2766
13.49496,12.06787,10.50035,9.001784,7.458915,5.932914,4.423904,2.932004,1.466058,0,-1.457331,-2.897099,-4.319196,-5.758417,-7.15358,-8.583097,-10.07301,-11.57957,-13.10267,-14.72932,-16.38962,-17.9789,-19.58416,-21.32714,-23.10314,-24.91199,-26.7535,-28.31464,-30.20371,-31.77762,-32.62016,-33.20077,-33.89255,-34.72125,-35.27966,-36.21712,-37.11781,-38.22366,-39.56004,-40.89341,-42.22366,-43.5507,-44.87442,-45.90236,-47.51152,-48.82469,-50.13414,-51.43977,-52.74148,-54.03918,-55.68297,-56.9805,-58.6402,-60.31166
170.4729,172.5786,171.6792,171.7643,170.8372,169.8964,168.9421,168.9743,167.9936,167,165.9937,165.9747,164.9435,164.8995,163.8439,163.7752,163.6941,165.5956,166.4852,168.3569,169.2174,171.0578,171.8879,173.6956,175.4857,177.258,179.0119,178.7716,180.4903,179.235,175.0194,169.8215,166.5872,163.3506,159.1362,156.8736,154.6068,153.3067,152.9673,152.6163,152.2536,151.8793,151.4935,151.0962,150.6873,150.2669,149.8351,149.3919,148.9374,148.4714,148.9309,148.4393,148.8668,149.2766
13.41651,12.06787,10.50035,9.001784,7.458915,5.932914,4.423904,2.949457,1.466058,0,-1.448605,-2.897099,-4.319196,-5.758417,-7.15358,-8.583097,-10.01196,-11.57957,-13.10267,-14.72932,-16.29378,-17.9789,-19.58416,-21.32714,-23.10314,-24.91199,-26.7535,-28.31464,-30.20371,-31.60397,-32.43792,-33.00996,-33.89255,-34.72125,-35.27966,-36.21712,-37.11781,-38.22366,-39.56004,-40.89341,-42.22366,-43.5507,-44.87442,-46.19473,-47.51152,-48.82469,-50.13414,-51.43977,-52.74148,-54.03918,-55.68297,-56.9805,-58.6402,-60.31166
170.4729,172.5786,172.6773,170.7657,170.8372,168.897,168.9421,168.9743,167.9936,167,166.9936,165.9747,164.9435,164.8995,163.8439,163.7752,164.6922,165.5956,166.4852,168.3569,170.2127,171.0578,171.8879,173.6956,175.4857,177.258,179.0119,178.7716,180.4903,179.235,175.0194,170.8031,166.5872,163.3506,159.1362,156.8736,154.6068,153.3067,152.9673,152.6163,152.2536,151.8793,151.4935,151.0962,150.6873,150.2669,149.8351,149.3919,149.88,149.4111,148.9309,148.4393,149.7972,148.3494
13.41651,12.06787,10.5614,8.949449,7.458915,5.898015,4.423904,2.949457,1.466058,0,-1.457331,-2.897099,-4.319196,-5.758417,-7.15358,-8.583097,-10.07301,-11.57957,-13.10267,-14.72932,-16.38962,-17.9789,-19.58416,-21.32714,-23.10314,-24.91199,-26.7535,-28.31464,-30.20371,-31.60397,-32.43792,-33.20077,-33.89255,-34.72125,-35.27966,-36.21712,-37.11781,-38.22366,-39.56004,-40.89341,-42.22366,-43.5507,-44.87442,-46.19473,-47.51152,-48.82469,-50.13414,-51.43977,-53.07529,-54.3812,-55.68297,-56.9805,-59.0067,-59.93705
173.4636,172.5786,171.6792,171.7643,170.8372,169.8964,168.9421,168.9743,167.9936,167,165.9937,165.9747,164.9435,164.8995,163.8439,163.7752,164.6922,165.5956,166.4852,168.3569,169.2174,171.0578,171.8879,173.6956,175.4857,177.258,179.0119,178.7716,180.4903,180.2198,175.0194,170.8031,166.5872,162.3725,159.1362,155.8992,154.6068,153.3067,152.9673,152.6163,152.2536,151.8793,151.4935,151.0962,150.6873,149.3159,149.8351,150.3375,148.9374,148.4714,148.9309,148.4393,148.8668,149.2766
13.65188,12.06787,10.50035,9.001784,7.458915,5.932914,4.423904,2.949457,1.466058,0,-1.448605,-2.897099,-4.319196,-5.758417,-7.15358,-8.583097,-10.07301,-11.57957,-13.10267,-14.72932,-16.29378,-17.9789,-19.58416,-21.32714,-23.10314,-24.91199,-26.7535,-28.31464,-30.20371,-31.77762,-32.43792,-33.20077,-33.89255,-34.51334,-35.27966,-35.99217,-37.11781,-38.22366,-39.56004,-40.89341,-42.22366,-43.5507,-44.87442,-46.19473,-47.51152,-48.51567,-50.13414,-51.76534,-52.74148,-54.03918,-55.68297,-56.9805,-58.6402,-60.31166
171.4698,172.5786,171.6792,171.7643,170.8372,169.8964,168.9421,168.9743,167.9936,167,166.9936,165.9747,164.9435,164.8995,163.8439,163.7752,164.6922,165.5956,166.4852,168.3569,169.2174,171.0578,171.8879,172.703,175.4857,176.2677,179.0119,178.7716,180.4903,179.235,175.0194,170.8031,166.5872,163.3506,159.1362,155.8992,154.6068,153.3067,152.9673,152.6163,152.2536,151.8793,151.4935,151.0962,150.6873,150.2669,149.8351,149.3919,148.9374,148.4714,148.9309,148.4393,148.8668,149.2766
13.49496,12.06787,10.50035,9.001784,7.458915,5.932914,4.423904,2.949457,1.466058,0,-1.457331,-2.897099,-4.319196,-5.758417,-7.15358,-8.583097,-10.07301,-11.57957,-13.10267,-14.72932,-16.29378,-17.9789,-19.58416,-21.20527,-23.10314,-24.77281,-26.7535,-28.31464,-30.20371,-31.60397,-32.43792,-33.20077,-33.89255,-34.72125,-35.27966,-35.99217,-37.11781,-38.22366,-39.56004,-40.89341,-42.22366,-43.5507,-44.87442,-46.19473,-47.51152,-48.82469,-50.13414,-51.43977,-52.74148,-54.03918,-55.68297,-56.9805,-58.6402,-60.31166
