81.208,74.90843,75.72677,76.52386,77.29972,78.53916,79.28019,80,80.6986,81.89105,82.55477,83.19732,84.35604,84.96369,85.55023,86.6749,87.79297,88.90435,90.58966,92.28228,94.57682,96.2904,98.61935,100.3528,102.0924,103.8379,106.2251,108.6311,110.4062,112.8422,115.2959,116.4287,118.9039,116.6217,114.9552,113.924,112.1455,111.7229,109.8406,108.6203,108.8062,108.2403,109.117,109.9854,110.8454,111.697,112.5401,113.3746,114.9721,115.7947,116.6086,117.4136,118.2096,118.9967,120.5785,120.5435,122.1173,122.0537,122.7948
162.8781,147.0161,145.4698,143.9205,142.3684,141.6884,140.1273,138.5641,136.999,136.2896,134.7171,133.1436,132.4125,130.8326,129.2523,128.5008,127.7396,126.9686,127.002,127.0157,127.8132,127.7817,128.5232,128.4458,128.3477,128.2291,128.8613,129.4615,129.269,129.81,130.3183,129.3072,129.7608,125.0615,121.1375,117.9717,114.1201,111.7229,107.94,104.8934,103.2532,100.9358,99.98735,99.03133,98.06777,97.09674,96.11831,95.13257,94.77565,93.76874,92.75468,91.73356,90.70545,89.67044,89.22342,87.58,87.10544,85.46289,84.39453
81.208,74.90843,75.72677,76.52386,77.29972,78.53916,79.28019,80,80.6986,81.89105,82.55477,83.19732,84.35604,84.96369,86.10217,86.6749,87.79297,88.90435,90.58966,92.87007,94.57682,96.2904,98.61935,100.3528,102.0924,103.8379,106.2251,108.6311,110.4062,113.4982,115.2959,117.0979,118.9039,116.6217,114.9552,113.924,112.1455,111.7229,110.5538,108.6203,108.8062,108.9717,109.117,109.9854,110.8454,111.697,112.5401,113.3746,114.9721,115.7947,115.826,117.4136,118.2096,118.9967,119.7747,120.5435,122.1173,122.8728,122.7948
162.8781,147.0161,145.4698,143.9205,142.3684,141.6884,140.1273,138.5641,136.999,136.2896,134.7171,133.1436,132.4125,130.8326,130.0862,128.5008,127.7396,126.9686,127.002,127.8247,127.8132,127.7817,128.5232,128.4458,128.3477,128.2291,128.8613,129.4615,129.269,130.5648,130.3183,130.0503,129.7608,125.0615,121.1375,117.9717,114.1201,111.7229,108.6409,104.8934,103.2532,101.6178,99.98735,99.03133,98.06777,97.09674,96.11831,95.13257,94.77565,93.76874,92.13217,91.73356,90.70545,89.67044,88.6286,87.58,87.10544,86.03647,84.39453
81.208,74.90843,75.72677,76.52386,77.29972,78.53916,79.28019,80,80.6986,81.89105,82.55477,83.19732,84.35604,84.96369,86.10217,86.6749,87.79297,88.90435,90.58966,92.28228,94.57682,96.2904,98.61935,100.3528,102.0924,103.8379,106.2251,107.9883,110.4062,112.8422,115.2959,117.0979,119.5795,116.6217,115.6436,113.924,112.1455,111.7229,109.8406,108.6203,108.8062,108.2403,109.117,109.9854,110.8454,111.697,112.5401,113.3746,114.9721,115.0176,116.6086,117.4136,118.2096,118.9967,119.7747,120.5435,121.3032,122.8728,122.7948
162.8781,147.0161,145.4698,143.9205,142.3684,141.6884,140.1273,138.5641,136.999,136.2896,134.7171,133.1436,132.4125,130.8326,130.0862,128.5008,127.7396,126.9686,127.002,127.0157,127.8132,127.7817,128.5232,128.4458,128.3477,128.2291,128.8613,128.6955,129.269,129.81,130.3183,130.0503,130.4981,125.0615,121.8629,117.9717,114.1201,111.7229,107.94,104.8934,103.2532,100.9358,99.98735,99.03133,98.06777,97.09674,96.11831,95.13257,94.77565,93.13942,92.75468,91.73356,90.70545,89.67044,88.6286,87.58,86.52474,86.03647,84.39453
81.6542,74.90843,75.72677,76.52386,77.29972,78.05435,79.28019,80,81.20614,81.89105,82.55477,83.72724,84.35604,84.96369,85.55023,86.6749,87.79297,88.90435,90.58966,92.28228,94.57682,96.2904,98.61935,100.3528,102.0924,103.8379,106.2251,108.6311,110.4062,112.8422,115.2959,117.0979,119.5795,116.6217,115.6436,113.2293,112.1455,111.7229,109.8406,108.6203,108.8062,108.2403,109.8543,109.9854,110.8454,111.697,112.5401,113.3746,114.2004,115.7947,116.6086,117.4136,118.2096,118.9967,120.5785,120.5435,122.1173,122.8728,121.9707
163.773,147.0161,145.4698,143.9205,142.3684,140.8138,140.1273,138.5641,137.8607,136.2896,134.7171,133.9916,132.4125,130.8326,129.2523,128.5008,127.7396,126.9686,127.002,127.0157,127.8132,127.7817,128.5232,128.4458,128.3477,128.2291,128.8613,129.4615,129.269,129.81,130.3183,130.0503,130.4981,125.0615,121.8629,117.2524,114.1201,111.7229,107.94,104.8934,103.2532,100.9358,100.6629,99.03133,98.06777,97.09674,96.11831,95.13257,94.13958,93.76874,92.75468,91.73356,90.70545,89.67044,89.22342,87.58,87.10544,86.03647,83.82812
81.6542,74.90843,75.72677,76.52386,77.29972,78.05435,79.28019,80,80.6986,81.89105,82.55477,83.72724,84.35604,84.96369,86.10217,86.6749,87.79297,88.90435,90.58966,92.28228,94.57682,96.2904,98.61935,100.3528,102.0924,103.8379,106.2251,108.6311,110.4062,112.8422,115.2959,116.4287,119.5795,116.6217,115.6436,113.924,112.1455,111.7229,109.8406,108.6203,108.8062,108.2403,109.8543,109.9854,110.8454,111.697,112.5401,113.3746,114.2004,115.7947,115.826,117.4136,118.2096,118.9967,119.7747,121.3525,122.1173,122.8728,122.7948
163.773,147.0161,145.4698,143.9205,142.3684,140.8138,140.1273,138.5641,136.999,136.2896,134.7171,133.9916,132.4125,130.8326,130.0862,128.5008,127.7396,126.9686,127.002,127.0157,127.8132,127.7817,128.5232,128.4458,128.3477,128.2291,128.8613,129.4615,129.269,129.81,130.3183,129.3072,130.4981,125.0615,121.8629,117.9717,114.1201,111.7229,107.94,104.8934,103.2532,100.9358,100.6629,99.03133,98.06777,97.09674,96.11831,95.13257,94.13958,93.76874,92.13217,91.73356,90.70545,89.67044,88.6286,88.16779,87.10544,86.03647,84.39453
81.208,75.36242,75.72677,76.52386,77.29972,78.05435,79.28019,80,80.6986,81.89105,82.55477,83.72724,84.35604,84.96369,85.55023,86.6749,87.79297,88.90435,90.58966,92.87007,94.57682,96.2904,98.61935,100.3528,102.0924,103.8379,106.2251,107.9883,110.4062,112.8422,115.2959,117.0979,118.9039,116.6217,114.9552,113.2293,112.1455,111.7229,110.5538,108.6203,108.8062,108.9717,109.117,109.9854,110.8454,112.4517,112.5401,113.3746,114.9721,115.7947,116.6086,117.4136,118.2096,118.9967,119.7747,121.3525,122.1173,122.8728,123.6189
162.8781,147.9071,145.4698,143.9205,142.3684,140.8138,140.1273,138.5641,136.999,136.2896,134.7171,133.9916,132.4125,130.8326,129.2523,128.5008,127.7396,126.9686,127.002,127.8247,127.8132,127.7817,128.5232,128.4458,128.3477,128.2291,128.8613,128.6955,129.269,129.81,130.3183,130.0503,129.7608,125.0615,121.1375,117.2524,114.1201,111.7229,108.6409,104.8934,103.2532,101.6178,99.98735,99.03133,98.06777,97.7528,96.11831,95.13257,94.77565,93.76874,92.75468,91.73356,90.70545,89.67044,88.6286,88.16779,87.10544,86.03647,84.96094
81.6542,74.90843,75.72677,76.52386,77.29972,78.05435,78.78777,80,81.20614,81.89105,82.55477,83.19732,84.35604,84.96369,85.55023,86.6749,87.79297,88.90435,90.58966,92.28228,94.57682,96.2904,98.61935,100.3528,102.0924,103.8379,106.2251,108.6311,110.4062,112.8422,115.2959,117.0979,119.5795,116.6217,115.6436,113.2293,112.1455,111.7229,110.5538,108.6203,108.8062,108.2403,109.117,110.7286,110.8454,111.697,112.5401,113.3746,114.2004,115.7947,115.826,117.4136,118.2096,118.9967,119.7747,121.3525,122.1173,122.8728,123.6189
163.773,147.0161,145.4698,143.9205,142.3684,140.8138,139.2569,138.5641,137.8607,136.2896,134.7171,133.1436,132.4125,130.8326,129.2523,128.5008,127.7396,126.9686,127.002,127.0157,127.8132,127.7817,128.5232,128.4458,128.3477,128.2291,128.8613,129.4615,129.269,129.81,130.3183,130.0503,130.4981,125.0615,121.8629,117.2524,114.1201,111.7229,108.6409,104.8934,103.2532,100.9358,99.98735,99.70046,98.06777,97.09674,96.11831,95.13257,94.13958,93.76874,92.13217,91.73356,90.70545,89.67044,88.6286,88.16779,87.10544,86.03647,84.96094
81.208,74.90843,75.72677,76.52386,77.29972,78.05435,79.28019,80,80.6986,81.89105,82.55477,83.72724,84.35604,85.50833,86.10217,86.6749,87.79297,88.90435,90.58966,92.87007,94.57682,96.2904,98.61935,100.3528,102.0924,103.8379,106.2251,108.6311,110.4062,112.8422,115.2959,116.4287,118.9039,116.6217,114.9552,113.924,112.1455,111.7229,109.8406,108.6203,108.8062,108.9717,109.117,109.9854,110.8454,111.697,112.5401,113.3746,114.9721,115.0176,116.6086,117.4136,118.2096,118.9967,119.7747,121.3525,121.3032,122.8728,122.7948
162.8781,147.0161,145.4698,143.9205,142.3684,140.8138,140.1273,138.5641,136.999,136.2896,134.7171,133.9916,132.4125,131.6713,130.0862,128.5008,127.7396,126.9686,127.002,127.8247,127.8132,127.7817,128.5232,128.4458,128.3477,128.2291,128.8613,129.4615,129.269,129.81,130.3183,129.3072,129.7608,125.0615,121.1375,117.9717,114.1201,111.7229,107.94,104.8934,103.2532,101.6178,99.98735,99.03133,98.06777,97.09674,96.11831,95.13257,94.77565,93.13942,92.75468,91.73356,90.70545,89.67044,88.6286,88.16779,86.52474,86.03647,84.39453
81.6542,74.90843,75.72677,76.52386,77.29972,78.05435,79.28019,80,80.6986,81.89105,82.55477,83.72724,84.35604,84.96369,85.55023,86.6749,87.79297,88.90435,90.58966,92.28228,94.57682,96.2904,98.61935,100.3528,102.0924,103.8379,106.2251,108.6311,110.4062,112.8422,115.2959,117.0979,118.9039,116.6217,115.6436,113.924,112.1455,111.7229,109.8406,108.6203,108.8062,108.2403,109.117,110.7286,110.8454,111.697,112.5401,114.1406,114.9721,115.7947,116.6086,117.4136,118.2096,118.9967,119.7747,121.3525,122.1173,122.8728,123.6189
163.773,147.0161,145.4698,143.9205,142.3684,140.8138,140.1273,138.5641,136.999,136.2896,134.7171,133.9916,132.4125,130.8326,129.2523,128.5008,127.7396,126.9686,127.002,127.0157,127.8132,127.7817,128.5232,128.4458,128.3477,128.2291,128.8613,129.4615,129.269,129.81,130.3183,130.0503,129.7608,125.0615,121.8629,117.9717,114.1201,111.7229,107.94,104.8934,103.2532,100.9358,99.98735,99.70046,98.06777,97.09674,96.11831,95.77535,94.77565,93.76874,92.75468,91.73356,90.70545,89.67044,88.6286,88.16779,87.10544,86.03647,84.96094
81.6542,75.36242,75.72677,76.52386,77.29972,78.05435,79.28019,80,80.6986,81.89105,82.55477,83.19732,84.35604,84.96369,85.55023,86.6749,87.79297,88.90435,90.58966,92.28228,94.57682,96.2904,98.61935,100.3528,102.0924,103.8379,106.2251,108.6311,110.4062,112.8422,115.2959,116.4287,119.5795,116.6217,114.9552,113.924,112.1455,111.7229,109.8406,108.6203,108.0808,108.2403,109.117,109.9854,110.8454,112.4517,112.5401,113.3746,114.9721,115.7947,116.6086,117.4136,118.2096,118.9967,119.7747,121.3525,122.1173,122.8728,122.7948
163.773,147.9071,145.4698,143.9205,142.3684,140.8138,140.1273,138.5641,136.999,136.2896,134.7171,133.1436,132.4125,130.8326,129.2523,128.5008,127.7396,126.9686,127.002,127.0157,127.8132,127.7817,128.5232,128.4458,128.3477,128.2291,128.8613,129.4615,129.269,129.81,130.3183,129.3072,130.4981,125.0615,121.1375,117.9717,114.1201,111.7229,107.94,104.8934,102.5648,100.9358,99.98735,99.03133,98.06777,97.7528,96.11831,95.13257,94.77565,93.76874,92.75468,91.73356,90.70545,89.67044,88.6286,88.16779,87.10544,86.03647,84.39453
82.1004,74.45444,75.72677,76.52386,77.29972,78.05435,79.28019,80,80.6986,81.89105,82.55477,83.72724,84.35604,84.96369,85.55023,86.6749,87.79297,88.90435,90.58966,92.28228,94.57682,96.2904,98.61935,100.3528,102.0924,103.8379,106.2251,108.6311,110.4062,112.8422,115.2959,116.4287,119.5795,116.6217,114.9552,113.924,112.1455,111.7229,109.8406,108.6203,108.8062,108.9717,109.117,109.9854,110.8454,111.697,112.5401,113.3746,114.9721,115.7947,116.6086,117.4136,118.2096,118.9967,119.7747,121.3525,121.3032,122.8728,122.7948
164.6679,146.1251,145.4698,143.9205,142.3684,140.8138,140.1273,138.5641,136.999,136.2896,134.7171,133.9916,132.4125,130.8326,129.2523,128.5008,127.7396,126.9686,127.002,127.0157,127.8132,127.7817,128.5232,128.4458,128.3477,128.2291,128.8613,129.4615,129.269,129.81,130.3183,129.3072,130.4981,125.0615,121.1375,117.9717,114.1201,111.7229,107.94,104.8934,103.2532,101.6178,99.98735,99.03133,98.06777,97.09674,96.11831,95.13257,94.77565,93.76874,92.75468,91.73356,90.70545,89.67044,88.6286,88.16779,86.52474,86.03647,84.39453
81.208,75.36242,75.72677,76.52386,77.29972,78.05435,79.28019,80,80.6986,81.89105,82.55477,83.19732,84.35604,84.96369,86.10217,86.6749,87.79297,88.90435,90.58966,92.28228,94.57682,96.2904,98.61935,100.3528,102.0924,103.8379,106.2251,107.9883,110.4062,112.8422,115.2959,117.0979,119.5795,116.6217,114.9552,113.924,112.1455,111.7229,109.8406,108.6203,108.8062,108.9717,109.117,109.9854,110.8454,111.697,113.3005,113.3746,114.2004,115.0176,116.6086,116.6256,118.2096,118.1981,119.7747,120.5435,121.3032,122.8728,123.6189
162.8781,147.9071,145.4698,143.9205,142.3684,140.8138,140.1273,138.5641,136.999,136.2896,134.7171,133.1436,132.4125,130.8326,130.0862,128.5008,127.7396,126.9686,127.002,127.0157,127.8132,127.7817,128.5232,128.4458,128.3477,128.2291,128.8613,128.6955,129.269,129.81,130.3183,130.0503,130.4981,125.0615,121.1375,117.9717,114.1201,111.7229,107.94,104.8934,103.2532,101.6178,99.98735,99.03133,98.06777,97.09674,96.76776,95.13257,94.13958,93.13942,92.75468,91.1179,90.70545,89.06862,88.6286,87.58,86.52474,86.03647,84.96094
80.7618,75.36242,75.72677,76.52386,77.29972,78.05435,79.28019,80,81.20614,81.89105,82.55477,83.72724,84.35604,84.96369,86.10217,86.6749,87.79297,88.90435,90.58966,92.28228,94.57682,96.2904,98.61935,100.3528,102.0924,103.8379,106.2251,108.6311,111.0556,112.8422,115.2959,116.4287,118.9039,116.6217,114.9552,113.2293,112.1455,111.0158,109.8406,108.6203,108.8062,108.9717,109.117,110.7286,110.8454,111.697,112.5401,114.1406,114.9721,115.0176,116.6086,117.4136,118.2096,118.9967,119.7747,120.5435,122.1173,122.8728,122.7948
161.9831,147.9071,145.4698,143.9205,142.3684,140.8138,140.1273,138.5641,137.8607,136.2896,134.7171,133.9916,132.4125,130.8326,130.0862,128.5008,127.7396,126.9686,127.002,127.0157,127.8132,127.7817,128.5232,128.4458,128.3477,128.2291,128.8613,129.4615,130.0294,129.81,130.3183,129.3072,129.7608,125.0615,121.1375,117.2524,114.1201,111.0158,107.94,104.8934,103.2532,101.6178,99.98735,99.70046,98.06777,97.09674,96.11831,95.77535,94.77565,93.13942,92.75468,91.73356,90.70545,89.67044,88.6286,87.58,87.10544,86.03647,84.39453
81.208,75.36242,75.72677,76.52386,77.29972,78.53916,79.28019,80,81.20614,81.89105,82.55477,83.19732,84.35604,84.96369,86.10217,86.6749,87.79297,88.90435,90.58966,92.28228,94.57682,96.2904,98.61935,100.3528,102.0924,103.8379,106.2251,108.6311,110.4062,112.8422,115.2959,116.4287,119.5795,116.6217,115.6436,113.924,112.1455,111.0158,109.8406,108.6203,108.8062,108.9717,109.117,109.9854,110.8454,111.697,112.5401,113.3746,114.2004,115.7947,116.6086,117.4136,118.2096,118.9967,119.7747,121.3525,122.1173,122.8728,124.4431
162.8781,147.9071,145.4698,143.9205,142.3684,141.6884,140.1273,138.5641,137.8607,136.2896,134.7171,133.1436,132.4125,130.8326,130.0862,128.5008,127.7396,126.9686,127.002,127.0157,127.8132,127.7817,128.5232,128.4458,128.3477,128.2291,128.8613,129.4615,129.269,129.81,130.3183,129.3072,130.4981,125.0615,121.8629,117.9717,114.1201,111.0158,107.94,104.8934,103.2532,101.6178,99.98735,99.03133,98.06777,97.09674,96.11831,95.13257,94.13958,93.76874,92.75468,91.73356,90.70545,89.67044,88.6286,88.16779,87.10544,86.03647,85.52734
81.6542,74.90843,75.26502,76.52386,77.29972,78.53916,78.78777,80,80.6986,81.89105,83.07727,83.19732,84.35604,84.96369,86.10217,86.6749,87.79297,88.90435,90.58966,92.28228,94.57682,96.2904,98.61935,100.3528,102.0924,103.8379,106.2251,108.6311,110.4062,112.8422,115.2959,117.0979,118.9039,116.6217,115.6436,113.2293,112.1455,111.7229,109.8406,108.6203,108.8062,108.2403,109.117,109.9854,110.8454,111.697,112.5401,113.3746,114.2004,115.7947,116.6086,117.4136,118.2096,118.9967,119.7747,120.5435,121.3032,122.8728,122.7948
163.773,147.0161,144.5828,143.9205,142.3684,141.6884,139.2569,138.5641,136.999,136.2896,135.5698,133.1436,132.4125,130.8326,130.0862,128.5008,127.7396,126.9686,127.002,127.0157,127.8132,127.7817,128.5232,128.4458,128.3477,128.2291,128.8613,129.4615,129.269,129.81,130.3183,130.0503,129.7608,125.0615,121.8629,117.2524,114.1201,111.7229,107.94,104.8934,103.2532,100.9358,99.98735,99.03133,98.06777,97.09674,96.11831,95.13257,94.13958,93.76874,92.75468,91.73356,90.70545,89.67044,88.6286,87.58,86.52474,86.03647,84.39453
82.1004,75.36242,75.72677,76.52386,77.29972,78.05435,78.78777,80,80.6986,81.89105,82.55477,83.19732,84.35604,84.96369,85.55023,86.6749,87.79297,88.90435,90.58966,92.28228,94.57682,96.2904,98.61935,100.3528,102.0924,104.4672,106.2251,108.6311,110.4062,112.8422,115.2959,117.0979,119.5795,116.6217,115.6436,113.924,112.1455,111.7229,109.8406,108.6203,108.8062,108.9717,109.117,109.9854,111.5944,112.4517,112.5401,114.1406,114.2004,115.7947,116.6086,117.4136,118.2096,118.9967,119.7747,120.5435,122.1173,122.8728,124.4431
164.6679,147.9071,145.4698,143.9205,142.3684,140.8138,139.2569,138.5641,136.999,136.2896,134.7171,133.1436,132.4125,130.8326,129.2523,128.5008,127.7396,126.9686,127.002,127.0157,127.8132,127.7817,128.5232,128.4458,128.3477,129.0062,128.8613,129.4615,129.269,129.81,130.3183,130.0503,130.4981,125.0615,121.8629,117.9717,114.1201,111.7229,107.94,104.8934,103.2532,101.6178,99.98735,99.03133,98.73039,97.7528,96.11831,95.77535,94.13958,93.76874,92.75468,91.73356,90.70545,89.67044,88.6286,87.58,87.10544,86.03647,85.52734
81.6542,74.90843,75.72677,76.52386,77.29972,78.53916,79.28019,80,81.20614,81.89105,82.55477,83.19732,84.35604,84.96369,85.55023,86.6749,87.79297,88.90435,90.58966,92.87007,94.57682,96.2904,98.61935,100.3528,101.4699,103.8379,106.2251,108.6311,110.4062,112.8422,115.2959,117.0979,118.9039,116.6217,115.6436,113.2293,112.1455,111.7229,109.8406,108.6203,108.8062,108.9717,109.117,109.9854,110.8454,111.697,112.5401,113.3746,114.9721,115.0176,116.6086,117.4136,118.2096,118.9967,119.7747,121.3525,122.1173,122.8728,122.7948
163.773,147.0161,145.4698,143.9205,142.3684,141.6884,140.1273,138.5641,137.8607,136.2896,134.7171,133.1436,132.4125,130.8326,129.2523,128.5008,127.7396,126.9686,127.002,127.8247,127.8132,127.7817,128.5232,128.4458,127.5651,128.2291,128.8613,129.4615,129.269,129.81,130.3183,130.0503,129.7608,125.0615,121.8629,117.2524,114.1201,111.7229,107.94,104.8934,103.2532,101.6178,99.98735,99.03133,98.06777,97.09674,96.11831,95.13257,94.77565,93.13942,92.75468,91.73356,90.70545,89.67044,88.6286,88.16779,87.10544,86.03647,84.39453
81.6542,74.90843,75.72677,76.52386,77.29972,78.53916,79.28019,80,80.6986,81.89105,82.55477,83.72724,84.35604,84.96369,86.10217,86.6749,87.79297,88.90435,90.58966,92.28228,94.57682,96.2904,98.61935,100.3528,102.0924,103.8379,106.2251,108.6311,110.4062,112.8422,115.2959,117.0979,118.9039,116.6217,115.6436,113.924,112.1455,111.7229,109.8406,108.6203,108.8062,108.9717,109.117,109.9854,110.8454,111.697,113.3005,113.3746,114.9721,115.7947,116.6086,117.4136,118.2096,118.9967,119.7747,121.3525,122.1173,122.8728,122.7948
163.773,147.0161,145.4698,143.9205,142.3684,141.6884,140.1273,138.5641,136.999,136.2896,134.7171,133.9916,132.4125,130.8326,130.0862,128.5008,127.7396,126.9686,127.002,127.0157,127.8132,127.7817,128.5232,128.4458,128.3477,128.2291,128.8613,129.4615,129.269,129.81,130.3183,130.0503,129.7608,125.0615,121.8629,117.9717,114.1201,111.7229,107.94,104.8934,103.2532,101.6178,99.98735,99.03133,98.06777,97.09674,96.76776,95.13257,94.77565,93.76874,92.75468,91.73356,90.70545,89.67044,88.6286,88.16779,87.10544,86.03647,84.39453
81.6542,74.90843,75.72677,76.05439,77.29972,78.05435,78.78777,80,81.20614,81.89105,82.55477,83.72724,84.35604,84.96369,86.10217,86.6749,87.79297,88.90435,90.58966,92.28228,94.57682,96.2904,98.61935,100.3528,102.0924,104.4672,106.2251,108.6311,110.4062,112.8422,115.2959,116.4287,119.5795,116.6217,114.9552,113.924,112.1455,111.7229,109.8406,108.6203,108.8062,108.9717,109.117,109.9854,111.5944,111.697,112.5401,113.3746,114.9721,115.0176,116.6086,117.4136,118.2096,118.9967,119.7747,120.5435,122.1173,122.8728,123.6189
163.773,147.0161,145.4698,143.0375,142.3684,140.8138,139.2569,138.5641,137.8607,136.2896,134.7171,133.9916,132.4125,130.8326,130.0862,128.5008,127.7396,126.9686,127.002,127.0157,127.8132,127.7817,128.5232,128.4458,128.3477,129.0062,128.8613,129.4615,129.269,129.81,130.3183,129.3072,130.4981,125.0615,121.1375,117.9717,114.1201,111.7229,107.94,104.8934,103.2532,101.6178,99.98735,99.03133,98.73039,97.09674,96.11831,95.13257,94.77565,93.13942,92.75468,91.73356,90.70545,89.67044,88.6286,87.58,87.10544,86.03647,84.96094
81.6542,74.90843,75.72677,76.52386,77.29972,78.53916,79.28019,80,80.6986,81.89105,82.55477,83.19732,84.35604,84.96369,86.10217,86.6749,87.79297,88.90435,90.58966,92.87007,94.57682,96.2904,98.61935,100.3528,102.0924,104.4672,106.2251,107.9883,110.4062,112.8422,115.2959,117.0979,118.9039,116.6217,114.9552,113.924,112.1455,111.7229,109.8406,108.6203,108.8062,108.2403,109.117,110.7286,110.8454,112.4517,112.5401,113.3746,114.9721,115.7947,116.6086,117.4136,118.2096,118.9967,119.7747,121.3525,122.1173,122.8728,123.6189
163.773,147.0161,145.4698,143.9205,142.3684,141.6884,140.1273,138.5641,136.999,136.2896,134.7171,133.1436,132.4125,130.8326,130.0862,128.5008,127.7396,126.9686,127.002,127.8247,127.8132,127.7817,128.5232,128.4458,128.3477,129.0062,128.8613,128.6955,129.269,129.81,130.3183,130.0503,129.7608,125.0615,121.1375,117.9717,114.1201,111.7229,107.94,104.8934,103.2532,100.9358,99.98735,99.70046,98.06777,97.7528,96.11831,95.13257,94.77565,93.76874,92.75468,91.73356,90.70545,89.67044,88.6286,88.16779,87.10544,86.03647,84.96094
81.6542,75.36242,75.72677,76.52386,77.29972,78.05435,79.28019,80,80.6986,81.89105,82.55477,83.19732,84.35604,84.96369,86.10217,86.6749,88.35937,88.90435,90.58966,92.87007,93.982,96.2904,98.61935,100.3528,102.0924,104.4672,106.2251,107.9883,110.4062,112.8422,115.2959,117.0979,119.5795,116.6217,115.6436,113.924,112.1455,111.7229,109.8406,108.6203,108.8062,108.9717,109.117,109.9854,110.8454,111.697,112.5401,113.3746,114.2004,115.0176,116.6086,117.4136,118.2096,118.9967,119.7747,120.5435,122.1173,122.8728,123.6189
163.773,147.9071,145.4698,143.9205,142.3684,140.8138,140.1273,138.5641,136.999,136.2896,134.7171,133.1436,132.4125,130.8326,130.0862,128.5008,128.5637,126.9686,127.002,127.8247,127.0094,127.7817,128.5232,128.4458,128.3477,129.0062,128.8613,128.6955,129.269,129.81,130.3183,130.0503,130.4981,125.0615,121.8629,117.9717,114.1201,111.7229,107.94,104.8934,103.2532,101.6178,99.98735,99.03133,98.06777,97.09674,96.11831,95.13257,94.13958,93.13942,92.75468,91.73356,90.70545,89.67044,88.6286,87.58,87.10544,86.03647,84.96094
81.6542,75.36242,75.72677,76.52386,77.29972,78.05435,79.28019,80,81.20614,81.37602,82.55477,83.72724,84.35604,85.50833,86.10217,86.6749,87.79297,88.90435,90.58966,92.87007,94.57682,96.2904,98.61935,100.3528,101.4699,104.4672,106.2251,108.6311,110.4062,112.8422,115.2959,117.0979,118.9039,116.6217,114.9552,113.924,112.1455,111.7229,109.8406,108.6203,108.8062,108.9717,109.117,109.9854,110.8454,111.697,112.5401,113.3746,114.2004,115.7947,116.6086,117.4136,118.2096,118.9967,119.7747,120.5435,122.1173,122.8728,122.7948
163.773,147.9071,145.4698,143.9205,142.3684,140.8138,140.1273,138.5641,137.8607,135.4324,134.7171,133.9916,132.4125,131.6713,130.0862,128.5008,127.7396,126.9686,127.002,127.8247,127.8132,127.7817,128.5232,128.4458,127.5651,129.0062,128.8613,129.4615,129.269,129.81,130.3183,130.0503,129.7608,125.0615,121.1375,117.9717,114.1201,111.7229,107.94,104.8934,103.2532,101.6178,99.98735,99.03133,98.06777,97.09674,96.11831,95.13257,94.13958,93.76874,92.75468,91.73356,90.70545,89.67044,88.6286,87.58,87.10544,86.03647,84.39453
81.6542,75.36242,75.72677,76.52386,77.29972,78.53916,79.28019,80,80.6986,81.89105,82.55477,83.19732,84.35604,84.96369,85.55023,86.6749,87.79297,88.90435,90.58966,92.87007,94.57682,96.2904,98.61935,100.3528,102.0924,103.8379,106.2251,108.6311,110.4062,113.4982,115.2959,117.0979,118.9039,116.6217,115.6436,113.924,112.1455,111.7229,109.8406,108.6203,108.8062,108.9717,109.117,109.9854,110.8454,111.697,112.5401,113.3746,114.2004,115.0176,116.6086,117.4136,118.2096,118.9967,119.7747,120.5435,122.1173,122.8728,123.6189
163.773,147.9071,145.4698,143.9205,142.3684,141.6884,140.1273,138.5641,136.999,136.2896,134.7171,133.1436,132.4125,130.8326,129.2523,128.5008,127.7396,126.9686,127.002,127.8247,127.8132,127.7817,128.5232,128.4458,128.3477,128.2291,128.8613,129.4615,129.269,130.5648,130.3183,130.0503,129.7608,125.0615,121.8629,117.9717,114.1201,111.7229,107.94,104.8934,103.2532,101.6178,99.98735,99.03133,98.06777,97.09674,96.11831,95.13257,94.13958,93.13942,92.75468,91.73356,90.70545,89.67044,88.6286,87.58,87.10544,86.03647,84.96094
81.6542,75.36242,75.72677,76.52386,77.29972,78.53916,79.28019,80,80.6986,81.89105,82.55477,83.19732,84.35604,84.96369,85.55023,86.6749,87.79297,88.90435,90.58966,92.28228,94.57682,96.2904,98.61935,100.3528,102.0924,103.8379,106.2251,108.6311,110.4062,112.8422,115.2959,117.0979,119.5795,116.6217,114.9552,113.2293,112.1455,111.7229,110.5538,108.6203,108.8062,108.2403,109.117,109.9854,110.8454,111.697,112.5401,113.3746,114.2004,115.0176,116.6086,117.4136,118.2096,118.9967,119.7747,121.3525,122.1173,122.8728,122.7948
163.773,147.9071,145.4698,143.9205,142.3684,141.6884,140.1273,138.5641,136.999,136.2896,134.7171,133.1436,132.4125,130.8326,129.2523,128.5008,127.7396,126.9686,127.002,127.0157,127.8132,127.7817,128.5232,128.4458,128.3477,128.2291,128.8613,129.4615,129.269,129.81,130.3183,130.0503,130.4981,125.0615,121.1375,117.2524,114.1201,111.7229,108.6409,104.8934,103.2532,100.9358,99.98735,99.03133,98.06777,97.09674,96.11831,95.13257,94.13958,93.13942,92.75468,91.73356,90.70545,89.67044,88.6286,88.16779,87.10544,86.03647,84.39453
81.208,75.36242,75.72677,76.52386,77.29972,78.53916,79.28019,80,81.20614,81.89105,82.55477,83.19732,84.35604,84.96369,86.10217,86.6749,87.79297,88.90435,90.58966,92.28228,94.57682,95.68859,98.61935,100.3528,102.0924,103.8379,106.2251,108.6311,110.4062,112.8422,115.2959,117.0979,119.5795,116.6217,115.6436,113.2293,112.1455,111.7229,109.8406,108.6203,108.8062,108.2403,109.117,109.9854,110.8454,111.697,113.3005,113.3746,114.2004,115.0176,116.6086,117.4136,118.2096,118.9967,119.7747,120.5435,122.1173,122.8728,122.7948
162.8781,147.9071,145.4698,143.9205,142.3684,141.6884,140.1273,138.5641,137.8607,136.2896,134.7171,133.1436,132.4125,130.8326,130.0862,128.5008,127.7396,126.9686,127.002,127.0157,127.8132,126.983,128.5232,128.4458,128.3477,128.2291,128.8613,129.4615,129.269,129.81,130.3183,130.0503,130.4981,125.0615,121.8629,117.2524,114.1201,111.7229,107.94,104.8934,103.2532,100.9358,99.98735,99.03133,98.06777,97.09674,96.76776,95.13257,94.13958,93.13942,92.75468,91.73356,90.70545,89.67044,88.6286,87.58,87.10544,86.03647,84.39453
81.208,74.90843,75.72677,76.52386,77.29972,78.05435,78.78777,80,81.20614,81.89105,82.55477,83.72724,84.35604,84.96369,85.55023,86.6749,87.79297,88.90435,90.58966,92.28228,94.57682,96.2904,98.61935,100.3528,102.0924,104.4672,106.2251,108.6311,110.4062,112.8422,115.2959,117.0979,119.5795,116.6217,114.9552,113.2293,112.1455,111.7229,109.8406,108.6203,108.8062,108.2403,109.117,109.9854,110.8454,111.697,112.5401,113.3746,114.9721,115.7947,116.6086,117.4136,118.2096,118.9967,119.7747,121.3525,121.3032,122.8728,124.4431
162.8781,147.0161,145.4698,143.9205,142.3684,140.8138,139.2569,138.5641,137.8607,136.2896,134.7171,133.9916,132.4125,130.8326,129.2523,128.5008,127.7396,126.9686,127.002,127.0157,127.8132,127.7817,128.5232,128.4458,128.3477,129.0062,128.8613,129.4615,129.269,129.81,130.3183,130.0503,130.4981,125.0615,121.1375,117.2524,114.1201,111.7229,107.94,104.8934,103.2532,100.9358,99.98735,99.03133,98.06777,97.09674,96.11831,95.13257,94.77565,93.76874,92.75468,91.73356,90.70545,89.67044,88.6286,88.16779,86.52474,86.03647,85.52734
81.6542,74.90843,75.72677,76.52386,77.29972,78.05435,79.28019,80,80.6986,81.89105,82.55477,83.19732,84.35604,84.96369,86.10217,86.6749,87.79297,88.90435,90.58966,92.28228,94.57682,96.2904,98.61935,100.3528,102.0924,104.4672,106.2251,108.6311,110.4062,112.8422,115.2959,117.0979,119.5795,116.6217,115.6436,113.924,112.1455,111.7229,109.8406,108.6203,108.0808,108.9717,109.117,109.9854,111.5944,111.697,113.3005,113.3746,114.2004,115.7947,116.6086,117.4136,118.2096,118.9967,119.7747,120.5435,122.1173,122.8728,124.4431
163.773,147.0161,145.4698,143.9205,142.3684,140.8138,140.1273,138.5641,136.999,136.2896,134.7171,133.1436,132.4125,130.8326,130.0862,128.5008,127.7396,126.9686,127.002,127.0157,127.8132,127.7817,128.5232,128.4458,128.3477,129.0062,128.8613,129.4615,129.269,129.81,130.3183,130.0503,130.4981,125.0615,121.8629,117.9717,114.1201,111.7229,107.94,104.8934,102.5648,101.6178,99.98735,99.03133,98.73039,97.09674,96.76776,95.13257,94.13958,93.76874,92.75468,91.73356,90.70545,89.67044,88.6286,87.58,87.10544,86.03647,85.52734
81.208,74.90843,75.72677,76.52386,77.29972,78.53916,79.28019,80,80.6986,81.89105,82.55477,83.19732,84.35604,84.96369,86.10217,86.6749,87.79297,88.90435,90.58966,92.87007,94.57682,96.2904,98.61935,100.3528,101.4699,103.8379,105.589,108.6311,110.4062,113.4982,115.2959,116.4287,118.9039,116.6217,115.6436,113.2293,112.1455,111.7229,109.8406,108.6203,108.8062,108.2403,109.117,109.9854,110.8454,111.697,112.5401,113.3746,114.2004,115.7947,116.6086,117.4136,118.2096,118.9967,119.7747,120.5435,122.1173,122.8728,122.7948
162.8781,147.0161,145.4698,143.9205,142.3684,141.6884,140.1273,138.5641,136.999,136.2896,134.7171,133.1436,132.4125,130.8326,130.0862,128.5008,127.7396,126.9686,127.002,127.8247,127.8132,127.7817,128.5232,128.4458,127.5651,128.2291,128.0897,129.4615,129.269,130.5648,130.3183,129.3072,129.7608,125.0615,121.8629,117.2524,114.1201,111.7229,107.94,104.8934,103.2532,100.9358,99.98735,99.03133,98.06777,97.09674,96.11831,95.13257,94.13958,93.76874,92.75468,91.73356,90.70545,89.67044,88.6286,87.58,87.10544,86.03647,84.39453
81.6542,74.90843,75.72677,76.52386,77.77688,78.53916,79.28019,80,80.6986,81.89105,82.55477,83.72724,84.35604,84.96369,85.55023,86.6749,87.79297,88.90435,90.58966,92.87007,94.57682,96.2904,98.61935,100.3528,101.4699,104.4672,106.2251,108.6311,110.4062,112.8422,115.2959,117.0979,118.9039,116.6217,115.6436,113.924,112.1455,111.7229,109.8406,108.6203,108.8062,108.9717,109.117,109.9854,110.8454,111.697,112.5401,113.3746,114.9721,115.7947,116.6086,117.4136,118.2096,118.9967,119.7747,120.5435,122.1173,122.8728,122.7948
163.773,147.0161,145.4698,143.9205,143.2472,141.6884,140.1273,138.5641,136.999,136.2896,134.7171,133.9916,132.4125,130.8326,129.2523,128.5008,127.7396,126.9686,127.002,127.8247,127.8132,127.7817,128.5232,128.4458,127.5651,129.0062,128.8613,129.4615,129.269,129.81,130.3183,130.0503,129.7608,125.0615,121.8629,117.9717,114.1201,111.7229,107.94,104.8934,103.2532,101.6178,99.98735,99.03133,98.06777,97.09674,96.11831,95.13257,94.77565,93.76874,92.75468,91.73356,90.70545,89.67044,88.6286,87.58,87.10544,86.03647,84.39453
81.6542,74.90843,75.72677,76.52386,77.29972,78.05435,79.28019,80,80.6986,81.89105,82.55477,83.19732,84.35604,85.50833,85.55023,86.6749,87.79297,88.90435,90.58966,92.87007,94.57682,96.2904,98.61935,100.3528,102.0924,104.4672,106.2251,108.6311,110.4062,112.8422,115.2959,116.4287,118.9039,116.6217,114.9552,113.924,112.1455,111.7229,109.8406,108.6203,108.8062,108.9717,109.117,109.9854,110.8454,111.697,111.7797,113.3746,114.9721,115.7947,116.6086,117.4136,118.2096,118.9967,119.7747,121.3525,122.1173,122.8728,122.7948
163.773,147.0161,145.4698,143.9205,142.3684,140.8138,140.1273,138.5641,136.999,136.2896,134.7171,133.1436,132.4125,131.6713,129.2523,128.5008,127.7396,126.9686,127.002,127.8247,127.8132,127.7817,128.5232,128.4458,128.3477,129.0062,128.8613,129.4615,129.269,129.81,130.3183,129.3072,129.7608,125.0615,121.1375,117.9717,114.1201,111.7229,107.94,104.8934,103.2532,101.6178,99.98735,99.03133,98.06777,97.09674,95.46886,95.13257,94.77565,93.76874,92.75468,91.73356,90.70545,89.67044,88.6286,88.16779,87.10544,86.03647,84.39453
