147.0805,148.1519,149.212,150.2608,149.722,149.9438,150.9421,150.3212,151.2862,151.4255,151.5431,151.6392,152.5429,152.6011,152.638,154.3406,156.0408,158.5911,160.2903,162.8479,165.4109,167.1083,168.8016,170.4905,173.0577,175.6281,178.2013,178.0919,172.5685,167.8809,164.0417,160.1532,158.9569,159.5685,160.1678,160.755,161.33,160.9622,161.5094,162.0443,162.5668,163.077,163.5747,164.06,164.5328,164.993,165.4407,164.917
123.4152,122.127,120.8295,119.5228,116.9757,115.0559,113.743,111.2319,109.9158,108.0107,106.1116,104.2187,102.8915,101.0045,99.1243,98.32583,97.50514,97.18473,96.31212,95.92475,95.5,94.54532,93.56826,92.5688,92.01643,91.42623,90.7981,88.79336,84.16726,80.07506,76.49391,72.98601,70.77218,69.38234,67.98722,66.58692,65.18155,63.40471,61.99766,60.58588,59.16948,57.74859,56.32329,54.89371,53.45994,52.0221,50.5803,48.85064
148.6126,148.1519,149.9892,149.4782,149.722,149.9438,150.9421,151.1251,151.2862,151.4255,151.5431,151.6392,152.5429,152.6011,153.4767,154.3406,156.0408,158.5911,160.2903,162.8479,164.5448,167.1083,168.8016,170.4905,173.0577,175.6281,178.2013,177.197,172.5685,167.8809,164.0417,160.1532,158.9569,159.5685,160.1678,160.755,161.33,160.9622,162.443,162.0443,162.5668,163.077,163.5747,164.06,164.5328,164.993,165.4407,165.8758
124.7008,122.127,121.4588,118.9003,116.9757,115.0559,113.743,111.8267,109.9158,108.0107,106.1116,104.2187,102.8915,101.0045,99.66894,98.32583,97.50514,97.18473,96.31212,95.92475,95,94.54532,93.56826,92.5688,92.01643,91.42623,90.7981,88.34717,84.16726,80.07506,76.49391,72.98601,70.77218,69.38234,67.98722,66.58692,65.18155,63.40471,62.35602,60.58588,59.16948,57.74859,56.32329,54.89371,53.45994,52.0221,50.5803,49.13465
148.6126,148.1519,149.212,149.4782,149.722,149.9438,150.1435,151.1251,151.2862,151.4255,151.5431,151.6392,152.5429,152.6011,153.4767,154.3406,156.8889,158.5911,161.1475,162.8479,164.5448,167.1083,168.8016,170.4905,173.0577,175.6281,178.2013,177.197,172.5685,167.8809,164.0417,160.1532,158.9569,159.5685,160.1678,160.755,161.33,160.9622,161.5094,162.0443,162.5668,163.077,163.5747,164.06,164.5328,164.993,165.4407,165.8758
124.7008,122.127,120.8295,118.9003,116.9757,115.0559,113.1412,111.8267,109.9158,108.0107,106.1116,104.2187,102.8915,101.0045,99.66894,98.32583,98.03506,97.18473,96.82716,95.92475,95,94.54532,93.56826,92.5688,92.01643,91.42623,90.7981,88.34717,84.16726,80.07506,76.49391,72.98601,70.77218,69.38234,67.98722,66.58692,65.18155,63.40471,61.99766,60.58588,59.16948,57.74859,56.32329,54.89371,53.45994,52.0221,50.5803,49.13465
149.3787,148.1519,149.212,149.4782,149.722,149.9438,150.9421,151.1251,151.2862,151.4255,151.5431,151.6392,151.7139,152.6011,152.638,154.3406,156.0408,158.5911,160.2903,162.8479,164.5448,167.1083,168.8016,170.4905,173.0577,175.6281,178.2013,177.197,172.5685,167.8809,164.0417,161.0631,158.9569,159.5685,160.1678,160.755,161.33,160.9622,162.443,162.0443,162.5668,163.077,163.5747,164.06,164.5328,164.993,165.4407,165.8758
125.3436,122.127,120.8295,118.9003,116.9757,115.0559,113.743,111.8267,109.9158,108.0107,106.1116,104.2187,102.3323,101.0045,99.1243,98.32583,97.50514,97.18473,96.31212,95.92475,95,94.54532,93.56826,92.5688,92.01643,91.42623,90.7981,88.34717,84.16726,80.07506,76.49391,73.4007,70.77218,69.38234,67.98722,66.58692,65.18155,63.40471,62.35602,60.58588,59.16948,57.74859,56.32329,54.89371,53.45994,52.0221,50.5803,49.13465
147.8466,148.1519,149.212,149.4782,149.722,149.9438,150.9421,151.1251,151.2862,151.4255,151.5431,151.6392,151.7139,152.6011,152.638,154.3406,156.8889,158.5911,160.2903,162.8479,164.5448,167.1083,168.8016,170.4905,173.0577,175.6281,178.2013,177.197,172.5685,168.7834,164.0417,160.1532,158.9569,159.5685,160.1678,160.755,161.33,160.9622,161.5094,162.0443,162.5668,163.077,163.5747,164.06,164.5328,164.993,165.4407,164.917
124.058,122.127,120.8295,118.9003,116.9757,115.0559,113.743,111.8267,109.9158,108.0107,106.1116,104.2187,102.3323,101.0045,99.1243,98.32583,98.03506,97.18473,96.31212,95.92475,95,94.54532,93.56826,92.5688,92.01643,91.42623,90.7981,88.34717,84.16726,80.50558,76.49391,72.98601,70.77218,69.38234,67.98722,66.58692,65.18155,63.40471,61.99766,60.58588,59.16948,57.74859,56.32329,54.89371,53.45994,52.0221,50.5803,48.85064
148.6126,148.1519,149.9892,149.4782,149.722,149.9438,150.1435,150.3212,151.2862,151.4255,151.5431,151.6392,152.5429,152.6011,152.638,154.3406,156.8889,158.5911,160.2903,162.8479,164.5448,167.1083,168.8016,170.4905,173.0577,175.6281,177.3103,177.197,172.5685,167.8809,164.0417,160.1532,158.9569,159.5685,160.1678,160.755,160.4028,160.9622,161.5094,162.0443,162.5668,163.077,163.5747,164.06,164.5328,164.993,165.4407,164.917
124.7008,122.127,121.4588,118.9003,116.9757,115.0559,113.1412,111.2319,109.9158,108.0107,106.1116,104.2187,102.8915,101.0045,99.1243,98.32583,98.03506,97.18473,96.31212,95.92475,95,94.54532,93.56826,92.5688,92.01643,91.42623,90.34411,88.34717,84.16726,80.07506,76.49391,72.98601,70.77218,69.38234,67.98722,66.58692,64.80694,63.40471,61.99766,60.58588,59.16948,57.74859,56.32329,54.89371,53.45994,52.0221,50.5803,48.85064
147.8466,148.1519,149.212,149.4782,149.722,150.7371,150.9421,151.1251,151.2862,151.4255,151.5431,151.6392,152.5429,152.6011,153.4767,154.3406,156.0408,158.5911,160.2903,162.8479,164.5448,167.1083,168.8016,170.4905,173.0577,175.6281,178.2013,177.197,172.5685,167.8809,164.0417,160.1532,158.0434,159.5685,160.1678,160.755,161.33,161.8927,161.5094,162.0443,162.5668,163.077,163.5747,164.06,164.5328,164.993,165.4407,165.8758
124.058,122.127,120.8295,118.9003,116.9757,115.6647,113.743,111.8267,109.9158,108.0107,106.1116,104.2187,102.8915,101.0045,99.66894,98.32583,97.50514,97.18473,96.31212,95.92475,95,94.54532,93.56826,92.5688,92.01643,91.42623,90.7981,88.34717,84.16726,80.07506,76.49391,72.98601,70.36544,69.38234,67.98722,66.58692,65.18155,63.77121,61.99766,60.58588,59.16948,57.74859,56.32329,54.89371,53.45994,52.0221,50.5803,49.13465
147.8466,148.1519,149.212,150.2608,149.722,149.9438,150.9421,151.1251,151.2862,151.4255,151.5431,151.6392,152.5429,152.6011,152.638,154.3406,156.0408,158.5911,160.2903,162.8479,164.5448,167.1083,168.8016,170.4905,173.0577,175.6281,178.2013,178.0919,172.5685,167.8809,163.1354,161.0631,158.9569,159.5685,160.1678,160.755,161.33,160.9622,161.5094,162.0443,162.5668,163.077,163.5747,164.06,164.5328,164.993,166.397,164.917
124.058,122.127,120.8295,119.5228,116.9757,115.0559,113.743,111.8267,109.9158,108.0107,106.1116,104.2187,102.8915,101.0045,99.1243,98.32583,97.50514,97.18473,96.31212,95.92475,95,94.54532,93.56826,92.5688,92.01643,91.42623,90.7981,88.79336,84.16726,80.07506,76.07129,73.4007,70.77218,69.38234,67.98722,66.58692,65.18155,63.40471,61.99766,60.58588,59.16948,57.74859,56.32329,54.89371,53.45994,52.0221,50.87268,48.85064
148.6126,148.1519,149.212,149.4782,149.722,149.9438,150.1435,150.3212,151.2862,151.4255,151.5431,151.6392,151.7139,152.6011,152.638,154.3406,156.0408,158.5911,160.2903,162.8479,165.4109,167.1083,168.8016,170.4905,173.0577,175.6281,178.2013,177.197,172.5685,168.7834,164.0417,160.1532,158.9569,159.5685,160.1678,160.755,160.4028,161.8927,161.5094,162.0443,162.5668,163.077,163.5747,164.06,164.5328,164.993,165.4407,164.917
124.7008,122.127,120.8295,118.9003,116.9757,115.0559,113.1412,111.2319,109.9158,108.0107,106.1116,104.2187,102.3323,101.0045,99.1243,98.32583,97.50514,97.18473,96.31212,95.92475,95.5,94.54532,93.56826,92.5688,92.01643,91.42623,90.7981,88.34717,84.16726,80.50558,76.49391,72.98601,70.77218,69.38234,67.98722,66.58692,64.80694,63.77121,61.99766,60.58588,59.16948,57.74859,56.32329,54.89371,53.45994,52.0221,50.5803,48.85064
147.8466,148.1519,149.212,149.4782,149.722,150.7371,150.1435,151.1251,150.4772,151.4255,151.5431,151.6392,151.7139,152.6011,152.638,154.3406,156.0408,158.5911,160.2903,162.8479,164.5448,167.1083,168.8016,170.4905,173.0577,175.6281,177.3103,177.197,172.5685,168.7834,163.1354,160.1532,158.0434,159.5685,160.1678,159.8312,161.33,161.8927,161.5094,162.0443,162.5668,163.077,163.5747,164.06,164.5328,164.993,165.4407,165.8758
124.058,122.127,120.8295,118.9003,116.9757,115.6647,113.1412,111.8267,109.3281,108.0107,106.1116,104.2187,102.3323,101.0045,99.1243,98.32583,97.50514,97.18473,96.31212,95.92475,95,94.54532,93.56826,92.5688,92.01643,91.42623,90.34411,88.34717,84.16726,80.50558,76.07129,72.98601,70.36544,69.38234,67.98722,66.20423,65.18155,63.77121,61.99766,60.58588,59.16948,57.74859,56.32329,54.89371,53.45994,52.0221,50.5803,49.13465
147.8466,148.1519,149.212,149.4782,149.722,149.9438,150.9421,151.1251,151.2862,151.4255,151.5431,151.6392,152.5429,152.6011,152.638,154.3406,156.0408,158.5911,160.2903,162.8479,164.5448,167.1083,168.8016,170.4905,173.0577,175.6281,178.2013,177.197,172.5685,167.8809,164.0417,160.1532,158.9569,159.5685,160.1678,160.755,161.33,160.9622,161.5094,162.0443,162.5668,164.0196,163.5747,164.06,164.5328,164.993,165.4407,165.8758
124.058,122.127,120.8295,118.9003,116.9757,115.0559,113.743,111.8267,109.9158,108.0107,106.1116,104.2187,102.8915,101.0045,99.1243,98.32583,97.50514,97.18473,96.31212,95.92475,95,94.54532,93.56826,92.5688,92.01643,91.42623,90.7981,88.34717,84.16726,80.07506,76.49391,72.98601,70.77218,69.38234,67.98722,66.58692,65.18155,63.40471,61.99766,60.58588,59.16948,58.08239,56.32329,54.89371,53.45994,52.0221,50.5803,49.13465
146.3145,148.1519,149.212,149.4782,149.722,149.9438,150.9421,150.3212,151.2862,151.4255,151.5431,151.6392,151.7139,152.6011,153.4767,154.3406,156.0408,158.5911,160.2903,162.8479,164.5448,167.1083,168.8016,170.4905,173.0577,175.6281,178.2013,177.197,172.5685,167.8809,163.1354,160.1532,158.9569,159.5685,160.1678,160.755,161.33,161.8927,162.443,162.0443,162.5668,163.077,163.5747,164.06,164.5328,164.993,165.4407,165.8758
122.7724,122.127,120.8295,118.9003,116.9757,115.0559,113.743,111.2319,109.9158,108.0107,106.1116,104.2187,102.3323,101.0045,99.66894,98.32583,97.50514,97.18473,96.31212,95.92475,95,94.54532,93.56826,92.5688,92.01643,91.42623,90.7981,88.34717,84.16726,80.07506,76.07129,72.98601,70.77218,69.38234,67.98722,66.58692,65.18155,63.77121,62.35602,60.58588,59.16948,57.74859,56.32329,54.89371,53.45994,52.0221,50.5803,49.13465
147.8466,148.1519,149.212,149.4782,149.722,149.9438,150.1435,150.3212,151.2862,151.4255,151.5431,151.6392,151.7139,152.6011,152.638,154.3406,156.8889,158.5911,161.1475,162.8479,164.5448,167.1083,168.8016,170.4905,173.0577,175.6281,178.2013,177.197,172.5685,167.8809,163.1354,160.1532,158.0434,159.5685,160.1678,160.755,161.33,161.8927,162.443,162.0443,162.5668,163.077,163.5747,164.06,164.5328,164.993,165.4407,164.917
124.058,122.127,120.8295,118.9003,116.9757,115.0559,113.1412,111.2319,109.9158,108.0107,106.1116,104.2187,102.3323,101.0045,99.1243,98.32583,98.03506,97.18473,96.82716,95.92475,95,94.54532,93.56826,92.5688,92.01643,91.42623,90.7981,88.34717,84.16726,80.07506,76.07129,72.98601,70.36544,69.38234,67.98722,66.58692,65.18155,63.77121,62.35602,60.58588,59.16948,57.74859,56.32329,54.89371,53.45994,52.0221,50.5803,48.85064
148.6126,148.1519,149.212,149.4782,149.722,149.9438,150.9421,151.1251,151.2862,151.4255,151.5431,151.6392,152.5429,152.6011,152.638,154.3406,156.8889,158.5911,160.2903,162.8479,164.5448,167.1083,168.8016,170.4905,173.0577,175.6281,178.2013,176.3021,172.5685,168.7834,164.0417,161.0631,158.9569,159.5685,160.1678,160.755,161.33,160.9622,162.443,162.0443,162.5668,163.077,163.5747,164.06,164.5328,164.993,165.4407,165.8758
124.7008,122.127,120.8295,118.9003,116.9757,115.0559,113.743,111.8267,109.9158,108.0107,106.1116,104.2187,102.8915,101.0045,99.1243,98.32583,98.03506,97.18473,96.31212,95.92475,95,94.54532,93.56826,92.5688,92.01643,91.42623,90.7981,87.90097,84.16726,80.50558,76.49391,73.4007,70.77218,69.38234,67.98722,66.58692,65.18155,63.40471,62.35602,60.58588,59.16948,57.74859,56.32329,54.89371,53.45994,52.0221,50.5803,49.13465
149.3787,148.1519,149.212,149.4782,149.722,150.7371,150.9421,151.1251,151.2862,151.4255,151.5431,151.6392,152.5429,152.6011,152.638,154.3406,156.0408,158.5911,160.2903,162.8479,164.5448,167.1083,168.8016,170.4905,173.0577,175.6281,178.2013,177.197,171.6697,168.7834,163.1354,160.1532,158.9569,159.5685,160.1678,160.755,161.33,161.8927,161.5094,162.0443,162.5668,163.077,163.5747,164.06,164.5328,164.993,165.4407,165.8758
125.3436,122.127,120.8295,118.9003,116.9757,115.6647,113.743,111.8267,109.9158,108.0107,106.1116,104.2187,102.8915,101.0045,99.1243,98.32583,97.50514,97.18473,96.31212,95.92475,95,94.54532,93.56826,92.5688,92.01643,91.42623,90.7981,88.34717,83.72889,80.50558,76.07129,72.98601,70.77218,69.38234,67.98722,66.58692,65.18155,63.77121,61.99766,60.58588,59.16948,57.74859,56.32329,54.89371,53.45994,52.0221,50.5803,49.13465
148.6126,148.1519,149.212,149.4782,149.722,149.9438,150.1435,150.3212,151.2862,152.2396,151.5431,151.6392,151.7139,152.6011,152.638,154.3406,156.8889,158.5911,161.1475,162.8479,164.5448,167.1083,168.8016,170.4905,173.0577,175.6281,178.2013,178.0919,172.5685,167.8809,164.0417,160.1532,158.0434,159.5685,160.1678,160.755,161.33,161.8927,161.5094,162.0443,162.5668,163.077,163.5747,164.06,164.5328,164.993,165.4407,165.8758
124.7008,122.127,120.8295,118.9003,116.9757,115.0559,113.1412,111.2319,109.9158,108.5915,106.1116,104.2187,102.3323,101.0045,99.1243,98.32583,98.03506,97.18473,96.82716,95.92475,95,94.54532,93.56826,92.5688,92.01643,91.42623,90.7981,88.79336,84.16726,80.07506,76.49391,72.98601,70.36544,69.38234,67.98722,66.58692,65.18155,63.77121,61.99766,60.58588,59.16948,57.74859,56.32329,54.89371,53.45994,52.0221,50.5803,49.13465
147.0805,148.1519,149.212,149.4782,149.722,149.9438,150.1435,151.1251,151.2862,151.4255,151.5431,152.4633,151.7139,152.6011,152.638,154.3406,156.0408,158.5911,161.1475,162.8479,164.5448,167.1083,168.8016,170.4905,173.0577,175.6281,178.2013,176.3021,172.5685,167.8809,164.0417,160.1532,158.9569,159.5685,160.1678,160.755,161.33,160.9622,162.443,162.0443,162.5668,163.077,163.5747,163.1117,164.5328,164.993,165.4407,165.8758
123.4152,122.127,120.8295,118.9003,116.9757,115.0559,113.1412,111.8267,109.9158,108.0107,106.1116,104.7852,102.3323,101.0045,99.1243,98.32583,97.50514,97.18473,96.82716,95.92475,95,94.54532,93.56826,92.5688,92.01643,91.42623,90.7981,87.90097,84.16726,80.07506,76.49391,72.98601,70.77218,69.38234,67.98722,66.58692,65.18155,63.40471,62.35602,60.58588,59.16948,57.74859,56.32329,54.5764,53.45994,52.0221,50.5803,49.13465
148.6126,148.1519,149.212,149.4782,149.722,149.9438,150.1435,151.1251,151.2862,151.4255,151.5431,151.6392,151.7139,152.6011,152.638,154.3406,156.0408,158.5911,160.2903,162.8479,164.5448,167.1083,168.8016,170.4905,173.0577,175.6281,177.3103,178.0919,172.5685,167.8809,164.0417,160.1532,158.0434,159.5685,160.1678,160.755,160.4028,160.9622,161.5094,162.0443,162.5668,163.077,163.5747,164.06,164.5328,164.993,165.4407,165.8758
124.7008,122.127,120.8295,118.9003,116.9757,115.0559,113.1412,111.8267,109.9158,108.0107,106.1116,104.2187,102.3323,101.0045,99.1243,98.32583,97.50514,97.18473,96.31212,95.92475,95,94.54532,93.56826,92.5688,92.01643,91.42623,90.34411,88.79336,84.16726,80.07506,76.49391,72.98601,70.36544,69.38234,67.98722,66.58692,64.80694,63.40471,61.99766,60.58588,59.16948,57.74859,56.32329,54.89371,53.45994,52.0221,50.5803,49.13465
148.6126,148.1519,149.212,149.4782,149.722,149.9438,150.1435,150.3212,151.2862,151.4255,151.5431,152.4633,152.5429,152.6011,153.4767,154.3406,156.0408,158.5911,160.2903,162.8479,164.5448,167.1083,168.8016,170.4905,173.0577,175.6281,178.2013,178.0919,172.5685,167.8809,164.0417,160.1532,158.0434,159.5685,160.1678,160.755,161.33,160.9622,161.5094,162.0443,162.5668,163.077,163.5747,164.06,164.5328,164.993,165.4407,165.8758
124.7008,122.127,120.8295,118.9003,116.9757,115.0559,113.1412,111.2319,109.9158,108.0107,106.1116,104.7852,102.8915,101.0045,99.66894,98.32583,97.50514,97.18473,96.31212,95.92475,95,94.54532,93.56826,92.5688,92.01643,91.42623,90.7981,88.79336,84.16726,80.07506,76.49391,72.98601,70.36544,69.38234,67.98722,66.58692,65.18155,63.40471,61.99766,60.58588,59.16948,57.74859,56.32329,54.89371,53.45994,52.0221,50.5803,49.13465
147.0805,148.1519,149.212,149.4782,149.722,149.9438,150.1435,151.1251,151.2862,151.4255,151.5431,151.6392,152.5429,152.6011,152.638,154.3406,156.0408,158.5911,160.2903,162.8479,165.4109,167.1083,168.8016,170.4905,173.0577,175.6281,177.3103,177.197,172.5685,167.8809,163.1354,160.1532,158.9569,159.5685,160.1678,160.755,161.33,160.9622,161.5094,162.0443,162.5668,163.077,163.5747,164.06,164.5328,164.993,165.4407,164.917
123.4152,122.127,120.8295,118.9003,116.9757,115.0559,113.1412,111.8267,109.9158,108.0107,106.1116,104.2187,102.8915,101.0045,99.1243,98.32583,97.50514,97.18473,96.31212,95.92475,95.5,94.54532,93.56826,92.5688,92.01643,91.42623,90.34411,88.34717,84.16726,80.07506,76.07129,72.98601,70.77218,69.38234,67.98722,66.58692,65.18155,63.40471,61.99766,60.58588,59.16948,57.74859,56.32329,54.89371,53.45994,52.0221,50.5803,48.85064
147.8466,148.1519,149.212,149.4782,149.722,150.7371,150.1435,151.1251,151.2862,151.4255,151.5431,151.6392,152.5429,152.6011,153.4767,154.3406,156.0408,158.5911,160.2903,162.8479,164.5448,167.1083,168.8016,170.4905,173.0577,176.5152,178.2013,178.0919,172.5685,168.7834,163.1354,160.1532,158.9569,159.5685,159.2473,160.755,160.4028,161.8927,161.5094,162.0443,162.5668,163.077,163.5747,164.06,164.5328,164.993,165.4407,165.8758
124.058,122.127,120.8295,118.9003,116.9757,115.6647,113.1412,111.8267,109.9158,108.0107,106.1116,104.2187,102.8915,101.0045,99.66894,98.32583,97.50514,97.18473,96.31212,95.92475,95,94.54532,93.56826,92.5688,92.01643,91.88797,90.7981,88.79336,84.16726,80.50558,76.07129,72.98601,70.77218,69.38234,67.59649,66.58692,64.80694,63.77121,61.99766,60.58588,59.16948,57.74859,56.32329,54.89371,53.45994,52.0221,50.5803,49.13465
147.8466,148.1519,149.9892,150.2608,149.722,149.9438,150.1435,150.3212,151.2862,150.6114,151.5431,151.6392,151.7139,152.6011,152.638,154.3406,156.0408,158.5911,160.2903,162.8479,164.5448,167.1083,168.8016,171.3693,173.9407,175.6281,178.2013,177.197,172.5685,168.7834,164.0417,160.1532,158.0434,159.5685,160.1678,160.755,161.33,160.9622,161.5094,162.0443,162.5668,163.077,163.5747,164.06,164.5328,164.993,165.4407,165.8758
124.058,122.127,121.4588,119.5228,116.9757,115.0559,113.1412,111.2319,109.9158,107.43,106.1116,104.2187,102.3323,101.0045,99.1243,98.32583,97.50514,97.18473,96.31212,95.92475,95,94.54532,93.56826,93.04596,92.4859,91.42623,90.7981,88.34717,84.16726,80.50558,76.49391,72.98601,70.36544,69.38234,67.98722,66.58692,65.18155,63.40471,61.99766,60.58588,59.16948,57.74859,56.32329,54.89371,53.45994,52.0221,50.5803,49.13465
147.8466,148.1519,149.212,149.4782,149.722,149.9438,150.9421,151.1251,151.2862,151.4255,151.5431,151.6392,152.5429,152.6011,152.638,154.3406,156.0408,158.5911,161.1475,162.8479,164.5448,167.1083,168.8016,170.4905,173.0577,175.6281,178.2013,177.197,171.6697,167.8809,164.0417,160.1532,158.0434,159.5685,160.1678,160.755,161.33,160.9622,161.5094,162.0443,162.5668,163.077,163.5747,164.06,164.5328,165.9467,165.4407,165.8758
124.058,122.127,120.8295,118.9003,116.9757,115.0559,113.743,111.8267,109.9158,108.0107,106.1116,104.2187,102.8915,101.0045,99.1243,98.32583,97.50514,97.18473,96.82716,95.92475,95,94.54532,93.56826,92.5688,92.01643,91.42623,90.7981,88.34717,83.72889,80.07506,76.49391,72.98601,70.36544,69.38234,67.98722,66.58692,65.18155,63.40471,61.99766,60.58588,59.16948,57.74859,56.32329,54.89371,53.45994,52.32281,50.5803,49.13465
149.3787,148.1519,149.212,149.4782,149.722,149.9438,150.1435,150.3212,151.2862,151.4255,151.5431,151.6392,152.5429,152.6011,152.638,154.3406,156.8889,158.5911,160.2903,162.8479,164.5448,167.1083,168.8016,170.4905,173.0577,176.5152,178.2013,177.197,172.5685,168.7834,163.1354,160.1532,158.9569,159.5685,160.1678,160.755,160.4028,160.9622,161.5094,162.0443,162.5668,163.077,163.5747,164.06,164.5328,164.993,165.4407,165.8758
125.3436,122.127,120.8295,118.9003,116.9757,115.0559,113.1412,111.2319,109.9158,108.0107,106.1116,104.2187,102.8915,101.0045,99.1243,98.32583,98.03506,97.18473,96.31212,95.92475,95,94.54532,93.56826,92.5688,92.01643,91.88797,90.7981,88.34717,84.16726,80.50558,76.07129,72.98601,70.77218,69.38234,67.98722,66.58692,64.80694,63.40471,61.99766,60.58588,59.16948,57.74859,56.32329,54.89371,53.45994,52.0221,50.5803,49.13465
147.0805,148.1519,149.212,149.4782,149.722,150.7371,150.1435,151.1251,151.2862,151.4255,151.5431,152.4633,152.5429,152.6011,152.638,154.3406,156.0408,158.5911,161.1475,162.8479,164.5448,167.1083,168.8016,170.4905,173.0577,175.6281,178.2013,177.197,172.5685,167.8809,163.1354,160.1532,158.9569,159.5685,160.1678,160.755,161.33,160.9622,161.5094,162.0443,162.5668,163.077,163.5747,164.06,164.5328,164.993,165.4407,165.8758
123.4152,122.127,120.8295,118.9003,116.9757,115.6647,113.1412,111.8267,109.9158,108.0107,106.1116,104.7852,102.8915,101.0045,99.1243,98.32583,97.50514,97.18473,96.82716,95.92475,95,94.54532,93.56826,92.5688,92.01643,91.42623,90.7981,88.34717,84.16726,80.07506,76.07129,72.98601,70.77218,69.38234,67.98722,66.58692,65.18155,63.40471,61.99766,60.58588,59.16948,57.74859,56.32329,54.89371,53.45994,52.0221,50.5803,49.13465
147.8466,148.1519,149.212,149.4782,149.722,149.9438,150.9421,151.1251,151.2862,150.6114,151.5431,151.6392,152.5429,152.6011,152.638,154.3406,156.0408,158.5911,160.2903,162.8479,164.5448,167.1083,168.8016,170.4905,173.0577,175.6281,177.3103,176.3021,172.5685,167.8809,164.0417,160.1532,158.9569,159.5685,160.1678,160.755,160.4028,160.9622,161.5094,162.0443,162.5668,163.077,163.5747,164.06,164.5328,164.993,165.4407,166.8346
124.058,122.127,120.8295,118.9003,116.9757,115.0559,113.743,111.8267,109.9158,107.43,106.1116,104.2187,102.8915,101.0045,99.1243,98.32583,97.50514,97.18473,96.31212,95.92475,95,94.54532,93.56826,92.5688,92.01643,91.42623,90.34411,87.90097,84.16726,80.07506,76.49391,72.98601,70.77218,69.38234,67.98722,66.58692,64.80694,63.40471,61.99766,60.58588,59.16948,57.74859,56.32329,54.89371,53.45994,52.0221,50.5803,49.41867
148.6126,148.1519,149.212,149.4782,149.722,149.9438,150.1435,150.3212,151.2862,151.4255,151.5431,151.6392,152.5429,152.6011,152.638,154.3406,156.0408,158.5911,160.2903,162.8479,164.5448,167.1083,168.8016,170.4905,173.0577,175.6281,178.2013,178.0919,172.5685,167.8809,163.1354,160.1532,158.9569,159.5685,160.1678,160.755,161.33,161.8927,161.5094,162.0443,162.5668,163.077,163.5747,164.06,164.5328,164.993,165.4407,165.8758
124.7008,122.127,120.8295,118.9003,116.9757,115.0559,113.1412,111.2319,109.9158,108.0107,106.1116,104.2187,102.8915,101.0045,99.1243,98.32583,97.50514,97.18473,96.31212,95.92475,95,94.54532,93.56826,92.5688,92.01643,91.42623,90.7981,88.79336,84.16726,80.07506,76.07129,72.98601,70.77218,69.38234,67.98722,66.58692,65.18155,63.77121,61.99766,60.58588,59.16948,57.74859,56.32329,54.89371,53.45994,52.0221,50.5803,49.13465
147.0805,148.1519,149.212,149.4782,149.722,149.9438,150.9421,151.1251,151.2862,151.4255,151.5431,151.6392,152.5429,152.6011,152.638,154.3406,156.8889,158.5911,160.2903,162.8479,164.5448,167.1083,168.8016,170.4905,173.0577,175.6281,178.2013,177.197,172.5685,167.8809,164.0417,160.1532,158.9569,159.5685,160.1678,160.755,161.33,160.9622,161.5094,162.0443,162.5668,163.077,163.5747,164.06,164.5328,164.993,165.4407,165.8758
123.4152,122.127,120.8295,118.9003,116.9757,115.0559,113.743,111.8267,109.9158,108.0107,106.1116,104.2187,102.8915,101.0045,99.1243,98.32583,98.03506,97.18473,96.31212,95.92475,95,94.54532,93.56826,92.5688,92.01643,91.42623,90.7981,88.34717,84.16726,80.07506,76.49391,72.98601,70.77218,69.38234,67.98722,66.58692,65.18155,63.40471,61.99766,60.58588,59.16948,57.74859,56.32329,54.89371,53.45994,52.0221,50.5803,49.13465
148.6126,148.1519,149.212,149.4782,149.722,149.9438,150.1435,151.1251,151.2862,151.4255,151.5431,151.6392,152.5429,152.6011,152.638,154.3406,156.0408,158.5911,160.2903,162.8479,165.4109,167.1083,168.8016,170.4905,173.0577,175.6281,177.3103,178.0919,172.5685,167.8809,164.0417,161.0631,158.0434,159.5685,160.1678,160.755,161.33,160.9622,161.5094,162.0443,162.5668,163.077,163.5747,164.06,164.5328,164.993,165.4407,166.8346
124.7008,122.127,120.8295,118.9003,116.9757,115.0559,113.1412,111.8267,109.9158,108.0107,106.1116,104.2187,102.8915,101.0045,99.1243,98.32583,97.50514,97.18473,96.31212,95.92475,95.5,94.54532,93.56826,92.5688,92.01643,91.42623,90.34411,88.79336,84.16726,80.07506,76.49391,73.4007,70.36544,69.38234,67.98722,66.58692,65.18155,63.40471,61.99766,60.58588,59.16948,57.74859,56.32329,54.89371,53.45994,52.0221,50.5803,49.41867
147.0805,148.1519,149.212,149.4782,149.722,149.9438,150.9421,151.1251,151.2862,151.4255,151.5431,151.6392,151.7139,152.6011,152.638,154.3406,156.0408,158.5911,160.2903,162.8479,164.5448,167.1083,168.8016,170.4905,173.0577,175.6281,178.2013,178.0919,172.5685,167.8809,163.1354,161.0631,158.0434,159.5685,160.1678,160.755,161.33,160.9622,161.5094,162.0443,162.5668,163.077,163.5747,164.06,164.5328,164.993,165.4407,165.8758
123.4152,122.127,120.8295,118.9003,116.9757,115.0559,113.743,111.8267,109.9158,108.0107,106.1116,104.2187,102.3323,101.0045,99.1243,98.32583,97.50514,97.18473,96.31212,95.92475,95,94.54532,93.56826,92.5688,92.01643,91.42623,90.7981,88.79336,84.16726,80.07506,76.07129,73.4007,70.36544,69.38234,67.98722,66.58692,65.18155,63.40471,61.99766,60.58588,59.16948,57.74859,56.32329,54.89371,53.45994,52.0221,50.5803,49.13465
