148.2792,148.6126,148.9235,149.212,150.2608,150.5101,151.5305,150.9421,151.1251,151.2862,151.4255,151.5431,151.6392,151.7139,152.6011,154.3154,156.0274,158.585,160.2964,162.8618,164.5712,167.1429,167.9786,169.6762,172.2482,174.8236,177.4022,178.2013,171.8274,168.0745,162.4654,158.6039,157.4233,158.9569,159.5685,159.2473,159.8312,160.4028,160.9622,161.5094,161.1076,161.6271,162.1343,162.6292,163.1117,163.5817,164.0393,163.5281
126.6424,124.7008,122.7631,120.8295,119.5228,117.5913,116.2734,113.743,111.8267,109.9158,108.0107,106.1116,104.2187,102.3323,101.0045,100.2136,99.40043,99.0949,98.22973,97.85723,96.93983,96.5,95.03775,94.05307,93.52312,92.95537,92.34972,90.7981,85.66998,81.9754,77.492,73.9582,71.74193,70.77218,69.38234,67.59649,66.20423,64.80694,63.40471,61.99766,60.23567,58.82746,57.41478,55.99772,54.5764,53.15092,51.7214,49.99556
149.0396,147.8466,148.9235,149.9892,150.2608,150.5101,150.7371,150.9421,151.1251,151.2862,151.4255,151.5431,151.6392,151.7139,152.6011,154.3154,156.0274,158.585,160.2964,162.8618,164.5712,167.1429,167.9786,170.5508,172.2482,174.8236,177.4022,178.2013,172.7223,168.0745,162.4654,159.5102,157.4233,158.9569,159.5685,159.2473,159.8312,160.4028,160.9622,160.5758,162.0443,161.6271,162.1343,162.6292,162.1633,163.5817,164.0393,163.5281
127.2918,124.058,122.7631,121.4588,119.5228,117.5913,115.6647,113.743,111.8267,109.9158,108.0107,106.1116,104.2187,102.3323,101.0045,100.2136,99.40043,99.0949,98.22973,97.85723,96.93983,96.5,95.03775,94.53788,93.52312,92.95537,92.34972,90.7981,86.11618,81.9754,77.492,74.38081,71.74193,70.77218,69.38234,67.59649,66.20423,64.80694,63.40471,61.63929,60.58588,58.82746,57.41478,55.99772,54.2591,53.15092,51.7214,49.99556
147.5188,147.8466,149.6952,149.212,150.2608,150.5101,150.7371,150.9421,151.1251,151.2862,151.4255,151.5431,151.6392,151.7139,152.6011,154.3154,156.0274,158.585,160.2964,162.8618,164.5712,167.1429,167.9786,170.5508,172.2482,174.8236,177.4022,178.2013,171.8274,168.0745,162.4654,158.6039,157.4233,158.9569,159.5685,159.2473,159.8312,160.4028,160.9622,161.5094,162.0443,161.6271,162.1343,162.6292,163.1117,163.5817,164.0393,163.5281
125.9929,124.058,123.3992,120.8295,119.5228,117.5913,115.6647,113.743,111.8267,109.9158,108.0107,106.1116,104.2187,102.3323,101.0045,100.2136,99.40043,99.0949,98.22973,97.85723,96.93983,96.5,95.03775,94.53788,93.52312,92.95537,92.34972,90.7981,85.66998,81.9754,77.492,73.9582,71.74193,70.77218,69.38234,67.59649,66.20423,64.80694,63.40471,61.99766,60.58588,58.82746,57.41478,55.99772,54.5764,53.15092,51.7214,49.99556
148.2792,147.8466,148.9235,149.212,150.2608,150.5101,150.7371,150.9421,151.1251,151.2862,151.4255,151.5431,151.6392,151.7139,152.6011,155.1541,156.0274,158.585,160.2964,162.8618,164.5712,167.1429,167.9786,170.5508,172.2482,174.8236,177.4022,178.2013,172.7223,168.0745,163.3679,159.5102,157.4233,158.9569,159.5685,159.2473,159.8312,160.4028,160.9622,160.5758,161.1076,161.6271,162.1343,162.6292,163.1117,163.5817,164.0393,163.5281
126.6424,124.058,122.7631,120.8295,119.5228,117.5913,115.6647,113.743,111.8267,109.9158,108.0107,106.1116,104.2187,102.3323,101.0045,100.7582,99.40043,99.0949,98.22973,97.85723,96.93983,96.5,95.03775,94.53788,93.52312,92.95537,92.34972,90.7981,86.11618,81.9754,77.92251,74.38081,71.74193,70.77218,69.38234,67.59649,66.20423,64.80694,63.40471,61.63929,60.23567,58.82746,57.41478,55.99772,54.5764,53.15092,51.7214,49.99556
147.5188,148.6126,148.9235,149.9892,150.2608,150.5101,150.7371,150.9421,151.1251,151.2862,151.4255,151.5431,151.6392,152.5429,152.6011,154.3154,156.0274,158.585,160.2964,162.8618,164.5712,167.1429,167.9786,170.5508,173.127,174.8236,177.4022,178.2013,171.8274,168.0745,162.4654,159.5102,157.4233,158.9569,158.6514,159.2473,159.8312,160.4028,160.0318,161.5094,162.0443,161.6271,162.1343,162.6292,163.1117,163.5817,164.0393,163.5281
125.9929,124.7008,122.7631,121.4588,119.5228,117.5913,115.6647,113.743,111.8267,109.9158,108.0107,106.1116,104.2187,102.8915,101.0045,100.2136,99.40043,99.0949,98.22973,97.85723,96.93983,96.5,95.03775,94.53788,94.00028,92.95537,92.34972,90.7981,85.66998,81.9754,77.492,74.38081,71.74193,70.77218,68.98359,67.59649,66.20423,64.80694,63.03821,61.99766,60.58588,58.82746,57.41478,55.99772,54.5764,53.15092,51.7214,49.99556
148.2792,148.6126,148.9235,149.212,150.2608,150.5101,150.7371,150.9421,151.1251,151.2862,151.4255,151.5431,151.6392,151.7139,152.6011,154.3154,156.8708,158.585,160.2964,162.8618,164.5712,166.2769,167.9786,170.5508,172.2482,175.7066,177.4022,178.2013,172.7223,168.0745,162.4654,160.4165,157.4233,158.9569,159.5685,159.2473,159.8312,160.4028,160.9622,160.5758,161.1076,161.6271,162.1343,162.6292,163.1117,163.5817,164.0393,163.5281
126.6424,124.7008,122.7631,120.8295,119.5228,117.5913,115.6647,113.743,111.8267,109.9158,108.0107,106.1116,104.2187,102.3323,101.0045,100.2136,99.93773,99.0949,98.22973,97.85723,96.93983,96,95.03775,94.53788,93.52312,93.42484,92.34972,90.7981,86.11618,81.9754,77.492,74.80343,71.74193,70.77218,69.38234,67.59649,66.20423,64.80694,63.40471,61.63929,60.23567,58.82746,57.41478,55.99772,54.5764,53.15092,51.7214,49.99556
147.5188,148.6126,149.6952,149.9892,150.2608,150.5101,150.7371,150.9421,151.1251,151.2862,151.4255,151.5431,151.6392,152.5429,152.6011,154.3154,156.0274,158.585,160.2964,162.8618,164.5712,167.1429,167.9786,169.6762,173.127,174.8236,176.5152,178.2013,171.8274,168.0745,162.4654,159.5102,157.4233,158.9569,159.5685,160.1678,159.8312,160.4028,160.9622,161.5094,161.1076,161.6271,162.1343,162.6292,163.1117,163.5817,164.0393,162.5718
125.9929,124.7008,123.3992,121.4588,119.5228,117.5913,115.6647,113.743,111.8267,109.9158,108.0107,106.1116,104.2187,102.8915,101.0045,100.2136,99.40043,99.0949,98.22973,97.85723,96.93983,96.5,95.03775,94.05307,94.00028,92.95537,91.88797,90.7981,85.66998,81.9754,77.492,74.38081,71.74193,70.77218,69.38234,67.98722,66.20423,64.80694,63.40471,61.99766,60.23567,58.82746,57.41478,55.99772,54.5764,53.15092,51.7214,49.70319
148.2792,148.6126,149.6952,149.9892,150.2608,150.5101,150.7371,150.9421,151.1251,151.2862,151.4255,151.5431,151.6392,151.7139,153.435,154.3154,156.8708,158.585,160.2964,162.8618,164.5712,167.1429,167.9786,169.6762,173.127,174.8236,177.4022,178.2013,172.7223,168.0745,163.3679,159.5102,157.4233,158.9569,158.6514,159.2473,159.8312,160.4028,160.9622,161.5094,161.1076,161.6271,162.1343,162.6292,163.1117,163.5817,164.0393,163.5281
126.6424,124.7008,123.3992,121.4588,119.5228,117.5913,115.6647,113.743,111.8267,109.9158,108.0107,106.1116,104.2187,102.3323,101.5564,100.2136,99.93773,99.0949,98.22973,97.85723,96.93983,96.5,95.03775,94.05307,94.00028,92.95537,92.34972,90.7981,86.11618,81.9754,77.92251,74.38081,71.74193,70.77218,68.98359,67.59649,66.20423,64.80694,63.40471,61.99766,60.23567,58.82746,57.41478,55.99772,54.5764,53.15092,51.7214,49.99556
147.5188,147.8466,148.9235,149.9892,149.4782,150.5101,150.7371,150.9421,151.1251,151.2862,151.4255,151.5431,151.6392,151.7139,152.6011,154.3154,156.0274,158.585,160.2964,162.8618,164.5712,166.2769,167.9786,170.5508,172.2482,174.8236,177.4022,178.2013,172.7223,168.0745,162.4654,159.5102,157.4233,158.9569,159.5685,159.2473,159.8312,160.4028,160.9622,161.5094,162.0443,161.6271,162.1343,162.6292,163.1117,163.5817,164.0393,163.5281
125.9929,124.058,122.7631,121.4588,118.9003,117.5913,115.6647,113.743,111.8267,109.9158,108.0107,106.1116,104.2187,102.3323,101.0045,100.2136,99.40043,99.0949,98.22973,97.85723,96.93983,96,95.03775,94.53788,93.52312,92.95537,92.34972,90.7981,86.11618,81.9754,77.492,74.38081,71.74193,70.77218,69.38234,67.59649,66.20423,64.80694,63.40471,61.99766,60.58588,58.82746,57.41478,55.99772,54.5764,53.15092,51.7214,49.99556
147.5188,147.8466,148.9235,149.9892,150.2608,150.5101,150.7371,150.9421,151.1251,151.2862,151.4255,151.5431,151.6392,151.7139,152.6011,154.3154,156.0274,158.585,160.2964,162.8618,164.5712,166.2769,167.9786,170.5508,172.2482,174.8236,176.5152,178.2013,172.7223,168.0745,162.4654,160.4165,157.4233,158.9569,159.5685,159.2473,159.8312,160.4028,160.9622,160.5758,161.1076,161.6271,162.1343,162.6292,163.1117,162.6307,164.0393,162.5718
125.9929,124.058,122.7631,121.4588,119.5228,117.5913,115.6647,113.743,111.8267,109.9158,108.0107,106.1116,104.2187,102.3323,101.0045,100.2136,99.40043,99.0949,98.22973,97.85723,96.93983,96,95.03775,94.53788,93.52312,92.95537,91.88797,90.7981,86.11618,81.9754,77.492,74.80343,71.74193,70.77218,69.38234,67.59649,66.20423,64.80694,63.40471,61.63929,60.23567,58.82746,57.41478,55.99772,54.5764,52.84191,51.7214,49.70319
147.5188,148.6126,148.9235,149.212,150.2608,150.5101,150.7371,150.9421,151.1251,151.2862,151.4255,151.5431,151.6392,151.7139,152.6011,154.3154,156.0274,158.585,160.2964,162.8618,164.5712,167.1429,167.9786,170.5508,173.127,174.8236,176.5152,179.0923,171.8274,168.0745,163.3679,159.5102,157.4233,158.9569,159.5685,160.1678,159.8312,160.4028,160.9622,161.5094,162.0443,161.6271,162.1343,162.6292,163.1117,163.5817,164.0393,162.5718
125.9929,124.7008,122.7631,120.8295,119.5228,117.5913,115.6647,113.743,111.8267,109.9158,108.0107,106.1116,104.2187,102.3323,101.0045,100.2136,99.40043,99.0949,98.22973,97.85723,96.93983,96.5,95.03775,94.53788,94.00028,92.95537,91.88797,91.25209,85.66998,81.9754,77.92251,74.38081,71.74193,70.77218,69.38234,67.98722,66.20423,64.80694,63.40471,61.99766,60.58588,58.82746,57.41478,55.99772,54.5764,53.15092,51.7214,49.70319
148.2792,148.6126,149.6952,149.212,150.2608,150.5101,150.7371,150.9421,151.1251,151.2862,151.4255,151.5431,151.6392,152.5429,152.6011,154.3154,156.0274,158.585,160.2964,162.8618,164.5712,167.1429,167.9786,170.5508,173.127,174.8236,177.4022,178.2013,172.7223,168.0745,162.4654,158.6039,157.4233,158.9569,159.5685,159.2473,159.8312,160.4028,160.9622,161.5094,161.1076,161.6271,163.077,162.6292,163.1117,163.5817,164.0393,163.5281
126.6424,124.7008,123.3992,120.8295,119.5228,117.5913,115.6647,113.743,111.8267,109.9158,108.0107,106.1116,104.2187,102.8915,101.0045,100.2136,99.40043,99.0949,98.22973,97.85723,96.93983,96.5,95.03775,94.53788,94.00028,92.95537,92.34972,90.7981,86.11618,81.9754,77.492,73.9582,71.74193,70.77218,69.38234,67.59649,66.20423,64.80694,63.40471,61.99766,60.23567,58.82746,57.74859,55.99772,54.5764,53.15092,51.7214,49.99556
147.5188,147.8466,148.9235,149.9892,150.2608,150.5101,150.7371,150.9421,151.1251,151.2862,151.4255,151.5431,151.6392,152.5429,152.6011,154.3154,156.8708,158.585,160.2964,162.8618,164.5712,167.1429,167.9786,169.6762,172.2482,174.8236,176.5152,178.2013,171.8274,168.0745,162.4654,159.5102,157.4233,158.9569,159.5685,159.2473,159.8312,160.4028,160.9622,161.5094,162.0443,161.6271,162.1343,162.6292,163.1117,163.5817,164.0393,163.5281
125.9929,124.058,122.7631,121.4588,119.5228,117.5913,115.6647,113.743,111.8267,109.9158,108.0107,106.1116,104.2187,102.8915,101.0045,100.2136,99.93773,99.0949,98.22973,97.85723,96.93983,96.5,95.03775,94.05307,93.52312,92.95537,91.88797,90.7981,85.66998,81.9754,77.492,74.38081,71.74193,70.77218,69.38234,67.59649,66.20423,64.80694,63.40471,61.99766,60.58588,58.82746,57.41478,55.99772,54.5764,53.15092,51.7214,49.99556
147.5188,147.8466,148.9235,149.9892,149.4782,150.5101,150.7371,150.9421,151.1251,151.2862,151.4255,151.5431,151.6392,151.7139,152.6011,154.3154,156.0274,158.585,160.2964,162.8618,164.5712,166.2769,167.9786,170.5508,173.127,174.8236,177.4022,178.2013,172.7223,168.0745,162.4654,159.5102,157.4233,158.9569,158.6514,159.2473,159.8312,160.4028,160.9622,160.5758,161.1076,161.6271,162.1343,163.5747,163.1117,163.5817,163.0856,163.5281
125.9929,124.058,122.7631,121.4588,118.9003,117.5913,115.6647,113.743,111.8267,109.9158,108.0107,106.1116,104.2187,102.3323,101.0045,100.2136,99.40043,99.0949,98.22973,97.85723,96.93983,96,95.03775,94.53788,94.00028,92.95537,92.34972,90.7981,86.11618,81.9754,77.492,74.38081,71.74193,70.77218,68.98359,67.59649,66.20423,64.80694,63.40471,61.63929,60.23567,58.82746,57.41478,56.32329,54.5764,53.15092,51.42069,49.99556
149.0396,147.8466,149.6952,149.212,149.4782,150.5101,150.7371,150.9421,151.1251,151.2862,151.4255,151.5431,151.6392,152.5429,152.6011,154.3154,156.8708,158.585,160.2964,162.8618,164.5712,167.1429,167.9786,169.6762,172.2482,174.8236,177.4022,178.2013,172.7223,168.0745,162.4654,159.5102,157.4233,158.9569,159.5685,159.2473,159.8312,160.4028,160.9622,161.5094,161.1076,161.6271,162.1343,162.6292,163.1117,163.5817,164.0393,163.5281
127.2918,124.058,123.3992,120.8295,118.9003,117.5913,115.6647,113.743,111.8267,109.9158,108.0107,106.1116,104.2187,102.8915,101.0045,100.2136,99.93773,99.0949,98.22973,97.85723,96.93983,96.5,95.03775,94.05307,93.52312,92.95537,92.34972,90.7981,86.11618,81.9754,77.492,74.38081,71.74193,70.77218,69.38234,67.59649,66.20423,64.80694,63.40471,61.99766,60.23567,58.82746,57.41478,55.99772,54.5764,53.15092,51.7214,49.99556
148.2792,147.0805,148.9235,149.9892,149.4782,150.5101,149.1504,150.9421,150.3212,150.4772,150.6114,151.5431,150.8151,152.5429,152.6011,154.3154,156.0274,158.585,160.2964,162.8618,164.5712,166.2769,167.9786,170.5508,172.2482,174.8236,177.4022,178.2013,172.7223,168.0745,162.4654,159.5102,157.4233,158.9569,157.7343,159.2473,158.9073,160.4028,159.1014,161.5094,160.1709,161.6271,161.1917,162.6292,162.1633,163.5817,163.0856,163.5281
126.6424,123.4152,122.7631,121.4588,118.9003,117.5913,114.4471,113.743,111.2319,109.3281,107.43,106.1116,103.6523,102.8915,101.0045,100.2136,99.40043,99.0949,98.22973,97.85723,96.93983,96,95.03775,94.53788,93.52312,92.95537,92.34972,90.7981,86.11618,81.9754,77.492,74.38081,71.74193,70.77218,68.58484,67.59649,65.82155,64.80694,62.67171,61.99766,59.88546,58.82746,57.08097,55.99772,54.2591,53.15092,51.42069,49.99556
148.2792,147.8466,148.9235,149.212,149.4782,149.722,149.9438,150.1435,150.3212,150.4772,150.6114,150.724,150.8151,151.7139,152.6011,154.3154,156.0274,158.585,160.2964,162.8618,164.5712,167.1429,167.9786,170.5508,172.2482,174.8236,177.4022,178.2013,172.7223,168.0745,162.4654,159.5102,157.4233,158.0434,158.6514,159.2473,158.9073,159.4756,160.0318,160.5758,160.1709,160.6874,161.1917,161.6837,162.1633,162.6307,162.1319,162.5718
126.6424,124.058,122.7631,120.8295,118.9003,116.9757,115.0559,113.1412,111.2319,109.3281,107.43,105.5381,103.6523,102.3323,101.0045,100.2136,99.40043,99.0949,98.22973,97.85723,96.93983,96.5,95.03775,94.53788,93.52312,92.95537,92.34972,90.7981,86.11618,81.9754,77.492,74.38081,71.74193,70.36544,68.98359,67.59649,65.82155,64.43233,63.03821,61.63929,59.88546,58.48544,57.08097,55.67215,54.2591,52.84191,51.11999,49.70319
147.5188,148.6126,148.9235,149.212,149.4782,149.722,149.9438,150.1435,150.3212,150.4772,150.6114,150.724,150.8151,151.7139,152.6011,154.3154,156.8708,158.585,160.2964,162.0046,164.5712,166.2769,167.9786,170.5508,172.2482,174.8236,176.5152,178.2013,171.8274,168.0745,162.4654,158.6039,157.4233,158.0434,158.6514,158.3268,158.9073,159.4756,160.0318,160.5758,160.1709,161.6271,161.1917,161.6837,162.1633,162.6307,163.0856,163.5281
125.9929,124.7008,122.7631,120.8295,118.9003,116.9757,115.0559,113.1412,111.2319,109.3281,107.43,105.5381,103.6523,102.3323,101.0045,100.2136,99.93773,99.0949,98.22973,97.3422,96.93983,96,95.03775,94.53788,93.52312,92.95537,91.88797,90.7981,85.66998,81.9754,77.492,73.9582,71.74193,70.36544,68.98359,67.20575,65.82155,64.43233,63.03821,61.63929,59.88546,58.82746,57.08097,55.67215,54.2591,52.84191,51.42069,49.99556
146.7584,147.8466,148.9235,149.212,149.4782,149.722,149.9438,150.1435,150.3212,150.4772,150.6114,150.724,150.8151,151.7139,152.6011,154.3154,156.8708,158.585,160.2964,162.0046,164.5712,166.2769,167.9786,170.5508,173.127,174.8236,177.4022,178.2013,171.8274,168.0745,162.4654,159.5102,157.4233,158.0434,158.6514,158.3268,158.9073,159.4756,160.0318,159.6423,161.1076,160.6874,161.1917,161.6837,162.1633,162.6307,163.0856,162.5718
125.3435,124.058,122.7631,120.8295,118.9003,116.9757,115.0559,113.1412,111.2319,109.3281,107.43,105.5381,103.6523,102.3323,101.0045,100.2136,99.93773,99.0949,98.22973,97.3422,96.93983,96,95.03775,94.53788,94.00028,92.95537,92.34972,90.7981,85.66998,81.9754,77.492,74.38081,71.74193,70.36544,68.98359,67.20575,65.82155,64.43233,63.03821,61.28092,60.23567,58.48544,57.08097,55.67215,54.2591,52.84191,51.42069,49.70319
147.5188,148.6126,148.9235,149.212,149.4782,149.722,149.9438,150.1435,150.3212,151.2862,150.6114,151.5431,150.8151,151.7139,152.6011,154.3154,156.0274,158.585,160.2964,162.8618,164.5712,167.1429,167.9786,170.5508,172.2482,174.8236,176.5152,178.2013,171.8274,168.0745,162.4654,159.5102,157.4233,158.0434,158.6514,158.3268,158.9073,159.4756,160.0318,160.5758,160.1709,160.6874,161.1917,161.6837,162.1633,162.6307,163.0856,163.5281
125.9929,124.7008,122.7631,120.8295,118.9003,116.9757,115.0559,113.1412,111.2319,109.9158,107.43,106.1116,103.6523,102.3323,101.0045,100.2136,99.40043,99.0949,98.22973,97.85723,96.93983,96.5,95.03775,94.53788,93.52312,92.95537,91.88797,90.7981,85.66998,81.9754,77.492,74.38081,71.74193,70.36544,68.98359,67.20575,65.82155,64.43233,63.03821,61.63929,59.88546,58.48544,57.08097,55.67215,54.2591,52.84191,51.42069,49.99556
148.2792,147.8466,148.9235,149.212,149.4782,149.722,149.9438,150.1435,150.3212,150.4772,150.6114,150.724,150.8151,151.7139,152.6011,154.3154,156.0274,158.585,160.2964,162.8618,164.5712,166.2769,167.9786,170.5508,173.127,174.8236,176.5152,178.2013,172.7223,168.0745,162.4654,159.5102,157.4233,158.0434,158.6514,158.3268,158.9073,159.4756,160.0318,159.6423,160.1709,160.6874,162.1343,161.6837,162.1633,162.6307,163.0856,162.5718
126.6424,124.058,122.7631,120.8295,118.9003,116.9757,115.0559,113.1412,111.2319,109.3281,107.43,105.5381,103.6523,102.3323,101.0045,100.2136,99.40043,99.0949,98.22973,97.85723,96.93983,96,95.03775,94.53788,94.00028,92.95537,91.88797,90.7981,86.11618,81.9754,77.492,74.38081,71.74193,70.36544,68.98359,67.20575,65.82155,64.43233,63.03821,61.28092,59.88546,58.48544,57.41478,55.67215,54.2591,52.84191,51.42069,49.70319
147.5188,147.8466,148.9235,149.212,149.4782,149.722,149.9438,150.1435,150.3212,150.4772,150.6114,150.724,150.8151,151.7139,152.6011,154.3154,156.0274,158.585,160.2964,162.0046,164.5712,167.1429,167.9786,170.5508,172.2482,174.8236,177.4022,178.2013,171.8274,167.1757,163.3679,159.5102,157.4233,158.0434,157.7343,158.3268,158.9073,159.4756,160.0318,159.6423,161.1076,160.6874,161.1917,161.6837,162.1633,162.6307,162.1319,163.5281
125.9929,124.058,122.7631,120.8295,118.9003,116.9757,115.0559,113.1412,111.2319,109.3281,107.43,105.5381,103.6523,102.3323,101.0045,100.2136,99.40043,99.0949,98.22973,97.3422,96.93983,96.5,95.03775,94.53788,93.52312,92.95537,92.34972,90.7981,85.66998,81.53703,77.92251,74.38081,71.74193,70.36544,68.58484,67.20575,65.82155,64.43233,63.03821,61.28092,60.23567,58.48544,57.08097,55.67215,54.2591,52.84191,51.11999,49.99556
147.5188,147.8466,148.9235,149.212,149.4782,149.722,149.9438,150.1435,150.3212,150.4772,150.6114,150.724,151.6392,151.7139,152.6011,154.3154,156.0274,158.585,160.2964,162.0046,164.5712,167.1429,167.9786,170.5508,173.127,174.8236,177.4022,178.2013,172.7223,168.0745,162.4654,159.5102,157.4233,158.0434,158.6514,158.3268,158.9073,159.4756,160.0318,159.6423,160.1709,160.6874,161.1917,161.6837,162.1633,162.6307,163.0856,164.4844
125.9929,124.058,122.7631,120.8295,118.9003,116.9757,115.0559,113.1412,111.2319,109.3281,107.43,105.5381,104.2187,102.3323,101.0045,100.2136,99.40043,99.0949,98.22973,97.3422,96.93983,96.5,95.03775,94.53788,94.00028,92.95537,92.34972,90.7981,86.11618,81.9754,77.492,74.38081,71.74193,70.36544,68.98359,67.20575,65.82155,64.43233,63.03821,61.28092,59.88546,58.48544,57.08097,55.67215,54.2591,52.84191,51.42069,50.28793
148.2792,147.8466,148.9235,149.212,149.4782,149.722,149.9438,150.1435,150.3212,150.4772,150.6114,150.724,150.8151,151.7139,152.6011,154.3154,156.0274,158.585,160.2964,162.8618,164.5712,167.1429,167.9786,170.5508,172.2482,174.8236,177.4022,178.2013,172.7223,168.0745,162.4654,158.6039,157.4233,158.0434,157.7343,158.3268,158.9073,159.4756,159.1014,159.6423,161.1076,160.6874,161.1917,161.6837,162.1633,162.6307,163.0856,163.5281
126.6424,124.058,122.7631,120.8295,118.9003,116.9757,115.0559,113.1412,111.2319,109.3281,107.43,105.5381,103.6523,102.3323,101.0045,100.2136,99.40043,99.0949,98.22973,97.85723,96.93983,96.5,95.03775,94.53788,93.52312,92.95537,92.34972,90.7981,86.11618,81.9754,77.492,73.9582,71.74193,70.36544,68.58484,67.20575,65.82155,64.43233,62.67171,61.28092,60.23567,58.48544,57.08097,55.67215,54.2591,52.84191,51.42069,49.99556
148.2792,147.8466,148.9235,149.212,149.4782,149.722,149.9438,150.1435,150.3212,150.4772,150.6114,150.724,150.8151,151.7139,152.6011,154.3154,156.0274,158.585,161.149,162.8618,164.5712,167.1429,167.9786,170.5508,172.2482,174.8236,177.4022,178.2013,172.7223,168.0745,163.3679,159.5102,157.4233,158.0434,157.7343,158.3268,158.9073,159.4756,160.0318,160.5758,161.1076,160.6874,161.1917,161.6837,162.1633,162.6307,163.0856,162.5718
126.6424,124.058,122.7631,120.8295,118.9003,116.9757,115.0559,113.1412,111.2319,109.3281,107.43,105.5381,103.6523,102.3323,101.0045,100.2136,99.40043,99.0949,98.75223,97.85723,96.93983,96.5,95.03775,94.53788,93.52312,92.95537,92.34972,90.7981,86.11618,81.9754,77.92251,74.38081,71.74193,70.36544,68.58484,67.20575,65.82155,64.43233,63.03821,61.63929,60.23567,58.48544,57.08097,55.67215,54.2591,52.84191,51.42069,49.70319
147.5188,147.8466,148.9235,149.212,149.4782,149.722,149.9438,150.1435,150.3212,150.4772,150.6114,150.724,150.8151,151.7139,152.6011,154.3154,156.0274,158.585,160.2964,162.8618,164.5712,167.1429,167.9786,170.5508,172.2482,175.7066,177.4022,178.2013,172.7223,168.0745,162.4654,158.6039,157.4233,158.0434,157.7343,158.3268,158.9073,159.4756,160.0318,160.5758,161.1076,160.6874,161.1917,161.6837,162.1633,162.6307,163.0856,164.4844
125.9929,124.058,122.7631,120.8295,118.9003,116.9757,115.0559,113.1412,111.2319,109.3281,107.43,105.5381,103.6523,102.3323,101.0045,100.2136,99.40043,99.0949,98.22973,97.85723,96.93983,96.5,95.03775,94.53788,93.52312,93.42484,92.34972,90.7981,86.11618,81.9754,77.492,73.9582,71.74193,70.36544,68.58484,67.20575,65.82155,64.43233,63.03821,61.63929,60.23567,58.48544,57.08097,55.67215,54.2591,52.84191,51.42069,50.28793
148.2792,147.8466,148.9235,149.212,149.4782,149.722,149.9438,150.1435,150.3212,150.4772,150.6114,150.724,150.8151,151.7139,152.6011,154.3154,156.0274,158.585,160.2964,162.8618,164.5712,167.1429,167.9786,170.5508,173.127,174.8236,176.5152,178.2013,172.7223,168.0745,162.4654,159.5102,157.4233,158.0434,158.6514,158.3268,158.9073,159.4756,160.0318,160.5758,161.1076,160.6874,161.1917,161.6837,162.1633,162.6307,163.0856,163.5281
126.6424,124.058,122.7631,120.8295,118.9003,116.9757,115.0559,113.1412,111.2319,109.3281,107.43,105.5381,103.6523,102.3323,101.0045,100.2136,99.40043,99.0949,98.22973,97.85723,96.93983,96.5,95.03775,94.53788,94.00028,92.95537,91.88797,90.7981,86.11618,81.9754,77.492,74.38081,71.74193,70.36544,68.98359,67.20575,65.82155,64.43233,63.03821,61.63929,60.23567,58.48544,57.08097,55.67215,54.2591,52.84191,51.42069,49.99556
147.5188,147.0805,148.9235,149.212,149.4782,149.722,149.9438,150.1435,150.3212,150.4772,150.6114,150.724,151.6392,151.7139,152.6011,154.3154,156.0274,158.585,160.2964,162.8618,164.5712,167.1429,167.9786,170.5508,172.2482,174.8236,177.4022,178.2013,172.7223,168.0745,162.4654,160.4165,157.4233,158.0434,158.6514,158.3268,158.9073,159.4756,160.0318,160.5758,160.1709,160.6874,161.1917,161.6837,162.1633,162.6307,162.1319,162.5718
125.9929,123.4152,122.7631,120.8295,118.9003,116.9757,115.0559,113.1412,111.2319,109.3281,107.43,105.5381,104.2187,102.3323,101.0045,100.2136,99.40043,99.0949,98.22973,97.85723,96.93983,96.5,95.03775,94.53788,93.52312,92.95537,92.34972,90.7981,86.11618,81.9754,77.492,74.80343,71.74193,70.36544,68.98359,67.20575,65.82155,64.43233,63.03821,61.63929,59.88546,58.48544,57.08097,55.67215,54.2591,52.84191,51.11999,49.70319
148.2792,147.8466,148.9235,149.212,149.4782,149.722,149.9438,150.1435,150.3212,150.4772,150.6114,150.724,150.8151,151.7139,152.6011,154.3154,156.0274,158.585,160.2964,162.8618,164.5712,167.1429,167.9786,170.5508,173.127,174.8236,177.4022,178.2013,172.7223,168.0745,162.4654,159.5102,157.4233,158.0434,157.7343,158.3268,158.9073,159.4756,160.0318,159.6423,161.1076,160.6874,161.1917,161.6837,162.1633,162.6307,163.0856,163.5281
126.6424,124.058,122.7631,120.8295,118.9003,116.9757,115.0559,113.1412,111.2319,109.3281,107.43,105.5381,103.6523,102.3323,101.0045,100.2136,99.40043,99.0949,98.22973,97.85723,96.93983,96.5,95.03775,94.53788,94.00028,92.95537,92.34972,90.7981,86.11618,81.9754,77.492,74.38081,71.74193,70.36544,68.58484,67.20575,65.82155,64.43233,63.03821,61.28092,60.23567,58.48544,57.08097,55.67215,54.2591,52.84191,51.42069,49.99556
147.5188,147.8466,148.9235,149.212,149.4782,149.722,149.9438,150.1435,150.3212,150.4772,150.6114,151.5431,150.8151,151.7139,152.6011,154.3154,156.0274,158.585,160.2964,162.8618,164.5712,167.1429,167.9786,169.6762,172.2482,174.8236,177.4022,178.2013,172.7223,168.0745,162.4654,159.5102,157.4233,158.0434,158.6514,158.3268,158.9073,159.4756,160.0318,159.6423,160.1709,160.6874,161.1917,161.6837,162.1633,162.6307,163.0856,162.5718
125.9929,124.058,122.7631,120.8295,118.9003,116.9757,115.0559,113.1412,111.2319,109.3281,107.43,106.1116,103.6523,102.3323,101.0045,100.2136,99.40043,99.0949,98.22973,97.85723,96.93983,96.5,95.03775,94.05307,93.52312,92.95537,92.34972,90.7981,86.11618,81.9754,77.492,74.38081,71.74193,70.36544,68.98359,67.20575,65.82155,64.43233,63.03821,61.28092,59.88546,58.48544,57.08097,55.67215,54.2591,52.84191,51.42069,49.70319
