148.2792,147.8466,149.6952,149.9892,150.2608,150.5101,150.7371,150.9421,151.1251,151.2862,151.4255,151.5431,151.6392,152.5429,153.435,155.1541,156.8708,158.585,160.2964,162.8618,164.5712,167.1429,167.9786,170.5508,172.2482,175.7066,177.4022,178.2013,171.8274,168.0745,162.4654,159.5102,158.3333,158.9569,159.5685,159.2473,159.8312,160.4028,160.0318,161.5094,161.1076,162.5668,162.1343,162.6292,163.1117,162.6307,164.0393,162.5718
126.6424,124.058,123.3992,121.4588,119.5228,117.5913,115.6647,113.743,111.8267,109.9158,108.0107,106.1116,104.2187,102.8915,101.5564,100.7582,99.93773,99.0949,98.22973,97.85723,96.93983,96.5,95.03775,94.53788,93.52312,93.42484,92.34972,90.7981,85.66998,81.9754,77.492,74.38081,72.15662,70.77218,69.38234,67.59649,66.20423,64.80694,63.03821,61.99766,60.23567,59.16948,57.41478,55.99772,54.5764,52.84191,51.7214,49.70319
148.2792,147.8466,149.6952,149.9892,150.2608,150.5101,150.7371,150.9421,151.1251,151.2862,151.4255,151.5431,151.6392,152.5429,153.435,155.1541,157.7142,158.585,160.2964,162.8618,164.5712,167.1429,167.9786,170.5508,172.2482,174.8236,177.4022,178.2013,171.8274,167.1757,162.4654,159.5102,158.3333,158.9569,159.5685,159.2473,159.8312,160.4028,160.9622,160.5758,161.1076,161.6271,162.1343,162.6292,163.1117,163.5817,164.0393,163.5281
126.6424,124.058,123.3992,121.4588,119.5228,117.5913,115.6647,113.743,111.8267,109.9158,108.0107,106.1116,104.2187,102.8915,101.5564,100.7582,100.475,99.0949,98.22973,97.85723,96.93983,96.5,95.03775,94.53788,93.52312,92.95537,92.34972,90.7981,85.66998,81.53703,77.492,74.38081,72.15662,70.77218,69.38234,67.59649,66.20423,64.80694,63.40471,61.63929,60.23567,58.82746,57.41478,55.99772,54.5764,53.15092,51.7214,49.99556
147.5188,147.8466,149.6952,149.9892,150.2608,150.5101,150.7371,150.9421,151.1251,151.2862,151.4255,152.3623,152.4633,152.5429,153.435,155.1541,156.8708,158.585,160.2964,162.8618,164.5712,166.2769,167.9786,169.6762,172.2482,174.8236,177.4022,178.2013,171.8274,167.1757,162.4654,159.5102,158.3333,158.9569,158.6514,159.2473,159.8312,160.4028,160.9622,161.5094,161.1076,161.6271,162.1343,162.6292,163.1117,163.5817,164.0393,163.5281
125.9929,124.058,123.3992,121.4588,119.5228,117.5913,115.6647,113.743,111.8267,109.9158,108.0107,106.6852,104.7852,102.8915,101.5564,100.7582,99.93773,99.0949,98.22973,97.85723,96.93983,96,95.03775,94.05307,93.52312,92.95537,92.34972,90.7981,85.66998,81.53703,77.492,74.38081,72.15662,70.77218,68.98359,67.59649,66.20423,64.80694,63.40471,61.99766,60.23567,58.82746,57.41478,55.99772,54.5764,53.15092,51.7214,49.99556
147.5188,147.8466,149.6952,149.9892,150.2608,149.722,150.7371,150.9421,151.1251,151.2862,151.4255,151.5431,152.4633,152.5429,152.6011,155.1541,156.8708,159.433,160.2964,162.8618,164.5712,167.1429,167.9786,170.5508,173.127,174.8236,176.5152,178.2013,172.7223,168.0745,162.4654,159.5102,157.4233,158.9569,159.5685,159.2473,159.8312,160.4028,160.9622,161.5094,161.1076,161.6271,162.1343,162.6292,163.1117,163.5817,163.0856,163.5281
125.9929,124.058,123.3992,121.4588,119.5228,116.9757,115.6647,113.743,111.8267,109.9158,108.0107,106.1116,104.7852,102.8915,101.0045,100.7582,99.93773,99.62482,98.22973,97.85723,96.93983,96.5,95.03775,94.53788,94.00028,92.95537,91.88797,90.7981,86.11618,81.9754,77.492,74.38081,71.74193,70.77218,69.38234,67.59649,66.20423,64.80694,63.40471,61.99766,60.23567,58.82746,57.41478,55.99772,54.5764,53.15092,51.42069,49.99556
147.5188,148.6126,149.6952,149.9892,150.2608,150.5101,150.7371,150.9421,151.1251,151.2862,151.4255,151.5431,151.6392,152.5429,153.435,155.1541,156.8708,159.433,160.2964,162.8618,164.5712,166.2769,167.9786,170.5508,173.127,174.8236,176.5152,178.2013,171.8274,168.0745,162.4654,159.5102,158.3333,158.9569,159.5685,160.1678,159.8312,160.4028,160.9622,160.5758,161.1076,161.6271,162.1343,162.6292,163.1117,163.5817,164.0393,162.5718
125.9929,124.7008,123.3992,121.4588,119.5228,117.5913,115.6647,113.743,111.8267,109.9158,108.0107,106.1116,104.2187,102.8915,101.5564,100.7582,99.93773,99.62482,98.22973,97.85723,96.93983,96,95.03775,94.53788,94.00028,92.95537,91.88797,90.7981,85.66998,81.9754,77.492,74.38081,72.15662,70.77218,69.38234,67.98722,66.20423,64.80694,63.40471,61.63929,60.23567,58.82746,57.41478,55.99772,54.5764,53.15092,51.7214,49.70319
146.7584,147.8466,149.6952,149.9892,150.2608,150.5101,150.7371,150.9421,151.1251,151.2862,151.4255,151.5431,151.6392,152.5429,153.435,155.1541,156.8708,158.585,160.2964,162.8618,164.5712,167.1429,167.9786,170.5508,173.127,174.8236,177.4022,178.2013,171.8274,168.0745,162.4654,160.4165,157.4233,158.9569,158.6514,159.2473,159.8312,160.4028,160.9622,160.5758,161.1076,161.6271,162.1343,162.6292,163.1117,163.5817,164.0393,162.5718
125.3435,124.058,123.3992,121.4588,119.5228,117.5913,115.6647,113.743,111.8267,109.9158,108.0107,106.1116,104.2187,102.8915,101.5564,100.7582,99.93773,99.0949,98.22973,97.85723,96.93983,96.5,95.03775,94.53788,94.00028,92.95537,92.34972,90.7981,85.66998,81.9754,77.492,74.80343,71.74193,70.77218,68.98359,67.59649,66.20423,64.80694,63.40471,61.63929,60.23567,58.82746,57.41478,55.99772,54.5764,53.15092,51.7214,49.70319
147.5188,147.8466,149.6952,149.9892,150.2608,150.5101,150.7371,150.9421,151.1251,151.2862,151.4255,151.5431,151.6392,152.5429,153.435,155.9927,156.8708,158.585,160.2964,162.8618,164.5712,167.1429,167.9786,170.5508,172.2482,174.8236,177.4022,178.2013,171.8274,168.0745,162.4654,159.5102,158.3333,158.9569,158.6514,159.2473,159.8312,160.4028,160.9622,161.5094,161.1076,161.6271,162.1343,162.6292,163.1117,163.5817,164.0393,164.4844
125.9929,124.058,123.3992,121.4588,119.5228,117.5913,115.6647,113.743,111.8267,109.9158,108.0107,106.1116,104.2187,102.8915,101.5564,101.3029,99.93773,99.0949,98.22973,97.85723,96.93983,96.5,95.03775,94.53788,93.52312,92.95537,92.34972,90.7981,85.66998,81.9754,77.492,74.38081,72.15662,70.77218,68.98359,67.59649,66.20423,64.80694,63.40471,61.99766,60.23567,58.82746,57.41478,55.99772,54.5764,53.15092,51.7214,50.28793
148.2792,147.8466,149.6952,149.9892,150.2608,150.5101,150.7371,150.9421,151.1251,151.2862,151.4255,151.5431,151.6392,152.5429,153.435,155.1541,156.8708,158.585,160.2964,162.8618,164.5712,167.1429,167.9786,170.5508,173.127,174.8236,177.4022,178.2013,172.7223,168.0745,162.4654,159.5102,158.3333,158.9569,159.5685,159.2473,159.8312,160.4028,160.9622,160.5758,162.0443,162.5668,162.1343,162.6292,163.1117,163.5817,164.0393,162.5718
126.6424,124.058,123.3992,121.4588,119.5228,117.5913,115.6647,113.743,111.8267,109.9158,108.0107,106.1116,104.2187,102.8915,101.5564,100.7582,99.93773,99.0949,98.22973,97.85723,96.93983,96.5,95.03775,94.53788,94.00028,92.95537,92.34972,90.7981,86.11618,81.9754,77.492,74.38081,72.15662,70.77218,69.38234,67.59649,66.20423,64.80694,63.40471,61.63929,60.58588,59.16948,57.41478,55.99772,54.5764,53.15092,51.7214,49.70319
147.5188,148.6126,149.6952,149.9892,150.2608,150.5101,150.7371,150.9421,151.1251,151.2862,151.4255,151.5431,151.6392,152.5429,153.435,154.3154,156.0274,158.585,160.2964,162.8618,164.5712,166.2769,167.9786,170.5508,173.127,174.8236,177.4022,178.2013,172.7223,168.0745,162.4654,159.5102,158.3333,158.9569,158.6514,159.2473,159.8312,160.4028,160.9622,160.5758,162.0443,162.5668,162.1343,162.6292,163.1117,163.5817,164.0393,162.5718
125.9929,124.7008,123.3992,121.4588,119.5228,117.5913,115.6647,113.743,111.8267,109.9158,108.0107,106.1116,104.2187,102.8915,101.5564,100.2136,99.40043,99.0949,98.22973,97.85723,96.93983,96,95.03775,94.53788,94.00028,92.95537,92.34972,90.7981,86.11618,81.9754,77.492,74.38081,72.15662,70.77218,68.98359,67.59649,66.20423,64.80694,63.40471,61.63929,60.58588,59.16948,57.41478,55.99772,54.5764,53.15092,51.7214,49.70319
147.5188,147.8466,149.6952,149.9892,150.2608,150.5101,150.7371,150.9421,151.1251,151.2862,151.4255,151.5431,152.4633,152.5429,153.435,155.1541,156.8708,158.585,160.2964,162.8618,164.5712,167.1429,167.9786,169.6762,173.127,174.8236,177.4022,178.2013,171.8274,168.0745,162.4654,159.5102,158.3333,158.9569,159.5685,159.2473,159.8312,160.4028,160.9622,160.5758,161.1076,161.6271,162.1343,162.6292,163.1117,163.5817,164.0393,162.5718
125.9929,124.058,123.3992,121.4588,119.5228,117.5913,115.6647,113.743,111.8267,109.9158,108.0107,106.1116,104.7852,102.8915,101.5564,100.7582,99.93773,99.0949,98.22973,97.85723,96.93983,96.5,95.03775,94.05307,94.00028,92.95537,92.34972,90.7981,85.66998,81.9754,77.492,74.38081,72.15662,70.77218,69.38234,67.59649,66.20423,64.80694,63.40471,61.63929,60.23567,58.82746,57.41478,55.99772,54.5764,53.15092,51.7214,49.70319
148.2792,148.6126,149.6952,149.9892,150.2608,150.5101,150.7371,150.9421,151.1251,151.2862,151.4255,151.5431,152.4633,152.5429,153.435,155.1541,157.7142,158.585,160.2964,162.8618,164.5712,166.2769,167.9786,170.5508,172.2482,174.8236,178.2892,178.2013,172.7223,168.0745,163.3679,159.5102,158.3333,158.9569,159.5685,159.2473,159.8312,160.4028,160.9622,161.5094,161.1076,161.6271,162.1343,162.6292,163.1117,163.5817,164.0393,162.5718
126.6424,124.7008,123.3992,121.4588,119.5228,117.5913,115.6647,113.743,111.8267,109.9158,108.0107,106.1116,104.7852,102.8915,101.5564,100.7582,100.475,99.0949,98.22973,97.85723,96.93983,96,95.03775,94.53788,93.52312,92.95537,92.81147,90.7981,86.11618,81.9754,77.92251,74.38081,72.15662,70.77218,69.38234,67.59649,66.20423,64.80694,63.40471,61.99766,60.23567,58.82746,57.41478,55.99772,54.5764,53.15092,51.7214,49.70319
147.5188,147.8466,149.6952,149.9892,150.2608,150.5101,150.7371,150.9421,151.1251,151.2862,151.4255,151.5431,152.4633,152.5429,153.435,155.1541,156.8708,159.433,161.149,162.0046,164.5712,167.1429,167.9786,169.6762,172.2482,174.8236,177.4022,178.2013,172.7223,168.0745,162.4654,160.4165,157.4233,158.0434,158.6514,159.2473,159.8312,160.4028,160.9622,161.5094,161.1076,161.6271,162.1343,162.6292,163.1117,163.5817,164.0393,163.5281
125.9929,124.058,123.3992,121.4588,119.5228,117.5913,115.6647,113.743,111.8267,109.9158,108.0107,106.1116,104.7852,102.8915,101.5564,100.7582,99.93773,99.62482,98.75223,97.3422,96.93983,96.5,95.03775,94.05307,93.52312,92.95537,92.34972,90.7981,86.11618,81.9754,77.492,74.80343,71.74193,70.36544,68.98359,67.59649,66.20423,64.80694,63.40471,61.99766,60.23567,58.82746,57.41478,55.99772,54.5764,53.15092,51.7214,49.99556
148.2792,148.6126,149.6952,149.9892,150.2608,150.5101,150.7371,150.9421,151.1251,151.2862,151.4255,151.5431,151.6392,152.5429,153.435,155.1541,156.8708,158.585,160.2964,162.8618,164.5712,167.1429,167.9786,170.5508,173.127,174.8236,177.4022,178.2013,172.7223,168.0745,162.4654,160.4165,158.3333,158.0434,159.5685,159.2473,159.8312,160.4028,160.9622,161.5094,161.1076,161.6271,162.1343,162.6292,163.1117,163.5817,164.0393,162.5718
126.6424,124.7008,123.3992,121.4588,119.5228,117.5913,115.6647,113.743,111.8267,109.9158,108.0107,106.1116,104.2187,102.8915,101.5564,100.7582,99.93773,99.0949,98.22973,97.85723,96.93983,96.5,95.03775,94.53788,94.00028,92.95537,92.34972,90.7981,86.11618,81.9754,77.492,74.80343,72.15662,70.36544,69.38234,67.59649,66.20423,64.80694,63.40471,61.99766,60.23567,58.82746,57.41478,55.99772,54.5764,53.15092,51.7214,49.70319
148.2792,148.6126,149.6952,149.9892,150.2608,150.5101,150.7371,150.9421,151.1251,151.2862,151.4255,151.5431,151.6392,152.5429,153.435,155.1541,156.8708,158.585,161.149,162.8618,164.5712,167.1429,167.9786,170.5508,172.2482,174.8236,177.4022,178.2013,172.7223,168.0745,162.4654,159.5102,158.3333,158.9569,159.5685,159.2473,159.8312,160.4028,160.9622,160.5758,161.1076,161.6271,162.1343,162.6292,163.1117,163.5817,164.0393,163.5281
126.6424,124.7008,123.3992,121.4588,119.5228,117.5913,115.6647,113.743,111.8267,109.9158,108.0107,106.1116,104.2187,102.8915,101.5564,100.7582,99.93773,99.0949,98.75223,97.85723,96.93983,96.5,95.03775,94.53788,93.52312,92.95537,92.34972,90.7981,86.11618,81.9754,77.492,74.38081,72.15662,70.77218,69.38234,67.59649,66.20423,64.80694,63.40471,61.63929,60.23567,58.82746,57.41478,55.99772,54.5764,53.15092,51.7214,49.99556
146.7584,148.6126,149.6952,149.9892,150.2608,150.5101,150.7371,150.9421,151.1251,151.2862,151.4255,151.5431,151.6392,152.5429,153.435,155.1541,156.8708,159.433,160.2964,162.8618,164.5712,167.1429,167.9786,170.5508,173.127,174.8236,178.2892,178.2013,172.7223,168.0745,162.4654,159.5102,158.3333,158.9569,159.5685,159.2473,159.8312,160.4028,160.9622,160.5758,161.1076,161.6271,162.1343,162.6292,162.1633,163.5817,164.0393,162.5718
125.3435,124.7008,123.3992,121.4588,119.5228,117.5913,115.6647,113.743,111.8267,109.9158,108.0107,106.1116,104.2187,102.8915,101.5564,100.7582,99.93773,99.62482,98.22973,97.85723,96.93983,96.5,95.03775,94.53788,94.00028,92.95537,92.81147,90.7981,86.11618,81.9754,77.492,74.38081,72.15662,70.77218,69.38234,67.59649,66.20423,64.80694,63.40471,61.63929,60.23567,58.82746,57.41478,55.99772,54.2591,53.15092,51.7214,49.70319
148.2792,148.6126,149.6952,149.9892,150.2608,150.5101,150.7371,150.9421,151.1251,151.2862,151.4255,151.5431,151.6392,152.5429,153.435,155.1541,156.8708,158.585,160.2964,162.8618,164.5712,166.2769,167.9786,170.5508,172.2482,174.8236,176.5152,178.2013,171.8274,168.0745,162.4654,159.5102,158.3333,158.9569,159.5685,159.2473,159.8312,160.4028,160.9622,161.5094,161.1076,161.6271,162.1343,162.6292,163.1117,162.6307,164.0393,162.5718
126.6424,124.7008,123.3992,121.4588,119.5228,117.5913,115.6647,113.743,111.8267,109.9158,108.0107,106.1116,104.2187,102.8915,101.5564,100.7582,99.93773,99.0949,98.22973,97.85723,96.93983,96,95.03775,94.53788,93.52312,92.95537,91.88797,90.7981,85.66998,81.9754,77.492,74.38081,72.15662,70.77218,69.38234,67.59649,66.20423,64.80694,63.40471,61.99766,60.23567,58.82746,57.41478,55.99772,54.5764,52.84191,51.7214,49.70319
146.7584,147.8466,149.6952,149.9892,150.2608,150.5101,150.7371,150.9421,151.1251,151.2862,151.4255,151.5431,151.6392,152.5429,153.435,155.1541,157.7142,159.433,160.2964,162.8618,164.5712,167.1429,167.9786,170.5508,172.2482,174.8236,177.4022,178.2013,172.7223,168.0745,162.4654,159.5102,158.3333,158.9569,158.6514,160.1678,159.8312,160.4028,160.9622,161.5094,161.1076,161.6271,162.1343,162.6292,163.1117,163.5817,164.0393,162.5718
125.3435,124.058,123.3992,121.4588,119.5228,117.5913,115.6647,113.743,111.8267,109.9158,108.0107,106.1116,104.2187,102.8915,101.5564,100.7582,100.475,99.62482,98.22973,97.85723,96.93983,96.5,95.03775,94.53788,93.52312,92.95537,92.34972,90.7981,86.11618,81.9754,77.492,74.38081,72.15662,70.77218,68.98359,67.98722,66.20423,64.80694,63.40471,61.99766,60.23567,58.82746,57.41478,55.99772,54.5764,53.15092,51.7214,49.70319
148.2792,148.6126,149.6952,149.9892,150.2608,149.722,150.7371,150.9421,151.1251,151.2862,151.4255,151.5431,151.6392,153.372,152.6011,155.1541,156.8708,159.433,160.2964,162.0046,164.5712,167.1429,167.9786,169.6762,172.2482,174.8236,177.4022,178.2013,172.7223,168.0745,162.4654,159.5102,158.3333,158.9569,159.5685,159.2473,159.8312,160.4028,160.9622,160.5758,161.1076,161.6271,162.1343,162.6292,163.1117,163.5817,164.0393,163.5281
126.6424,124.7008,123.3992,121.4588,119.5228,116.9757,115.6647,113.743,111.8267,109.9158,108.0107,106.1116,104.2187,103.4507,101.0045,100.7582,99.93773,99.62482,98.22973,97.3422,96.93983,96.5,95.03775,94.05307,93.52312,92.95537,92.34972,90.7981,86.11618,81.9754,77.492,74.38081,72.15662,70.77218,69.38234,67.59649,66.20423,64.80694,63.40471,61.63929,60.23567,58.82746,57.41478,55.99772,54.5764,53.15092,51.7214,49.99556
148.2792,147.8466,149.6952,149.9892,150.2608,150.5101,150.7371,150.9421,151.1251,151.2862,151.4255,151.5431,151.6392,152.5429,153.435,155.1541,156.8708,158.585,160.2964,162.8618,164.5712,166.2769,167.9786,170.5508,172.2482,174.8236,177.4022,178.2013,172.7223,168.0745,162.4654,159.5102,158.3333,158.9569,159.5685,159.2473,159.8312,160.4028,160.9622,161.5094,162.0443,161.6271,162.1343,162.6292,163.1117,163.5817,163.0856,163.5281
126.6424,124.058,123.3992,121.4588,119.5228,117.5913,115.6647,113.743,111.8267,109.9158,108.0107,106.1116,104.2187,102.8915,101.5564,100.7582,99.93773,99.0949,98.22973,97.85723,96.93983,96,95.03775,94.53788,93.52312,92.95537,92.34972,90.7981,86.11618,81.9754,77.492,74.38081,72.15662,70.77218,69.38234,67.59649,66.20423,64.80694,63.40471,61.99766,60.58588,58.82746,57.41478,55.99772,54.5764,53.15092,51.42069,49.99556
146.7584,147.8466,149.6952,149.9892,150.2608,150.5101,150.7371,150.9421,151.1251,151.2862,151.4255,151.5431,151.6392,152.5429,152.6011,155.1541,156.8708,158.585,160.2964,162.8618,164.5712,167.1429,167.9786,170.5508,172.2482,175.7066,178.2892,178.2013,171.8274,168.0745,162.4654,159.5102,158.3333,158.9569,159.5685,160.1678,160.755,160.4028,160.9622,160.5758,161.1076,161.6271,162.1343,161.6837,163.1117,163.5817,164.0393,163.5281
125.3435,124.058,123.3992,121.4588,119.5228,117.5913,115.6647,113.743,111.8267,109.9158,108.0107,106.1116,104.2187,102.8915,101.0045,100.7582,99.93773,99.0949,98.22973,97.85723,96.93983,96.5,95.03775,94.53788,93.52312,93.42484,92.81147,90.7981,85.66998,81.9754,77.492,74.38081,72.15662,70.77218,69.38234,67.98722,66.58692,64.80694,63.40471,61.63929,60.23567,58.82746,57.41478,55.67215,54.5764,53.15092,51.7214,49.99556
147.5188,147.8466,149.6952,149.9892,149.4782,150.5101,150.7371,150.9421,151.1251,151.2862,151.4255,151.5431,151.6392,152.5429,153.435,155.1541,156.8708,158.585,160.2964,162.8618,164.5712,167.1429,167.9786,169.6762,172.2482,174.8236,176.5152,178.2013,171.8274,168.0745,162.4654,159.5102,158.3333,158.9569,159.5685,159.2473,159.8312,160.4028,160.9622,161.5094,161.1076,161.6271,162.1343,161.6837,163.1117,163.5817,164.0393,163.5281
125.9929,124.058,123.3992,121.4588,118.9003,117.5913,115.6647,113.743,111.8267,109.9158,108.0107,106.1116,104.2187,102.8915,101.5564,100.7582,99.93773,99.0949,98.22973,97.85723,96.93983,96.5,95.03775,94.05307,93.52312,92.95537,91.88797,90.7981,85.66998,81.9754,77.492,74.38081,72.15662,70.77218,69.38234,67.59649,66.20423,64.80694,63.40471,61.99766,60.23567,58.82746,57.41478,55.67215,54.5764,53.15092,51.7214,49.99556
146.7584,147.8466,149.6952,149.9892,149.4782,150.5101,150.7371,150.9421,151.1251,151.2862,151.4255,151.5431,151.6392,152.5429,153.435,155.1541,156.8708,159.433,160.2964,162.8618,164.5712,167.1429,167.9786,170.5508,172.2482,174.8236,177.4022,178.2013,172.7223,168.0745,162.4654,159.5102,157.4233,158.9569,158.6514,159.2473,159.8312,160.4028,160.9622,161.5094,161.1076,161.6271,162.1343,162.6292,163.1117,163.5817,164.0393,163.5281
125.3435,124.058,123.3992,121.4588,118.9003,117.5913,115.6647,113.743,111.8267,109.9158,108.0107,106.1116,104.2187,102.8915,101.5564,100.7582,99.93773,99.62482,98.22973,97.85723,96.93983,96.5,95.03775,94.53788,93.52312,92.95537,92.34972,90.7981,86.11618,81.9754,77.492,74.38081,71.74193,70.77218,68.98359,67.59649,66.20423,64.80694,63.40471,61.99766,60.23567,58.82746,57.41478,55.99772,54.5764,53.15092,51.7214,49.99556
148.2792,147.8466,149.6952,149.9892,150.2608,150.5101,150.7371,150.9421,151.1251,151.2862,151.4255,151.5431,151.6392,152.5429,153.435,155.1541,157.7142,158.585,160.2964,162.8618,164.5712,166.2769,167.9786,170.5508,172.2482,174.8236,178.2892,178.2013,172.7223,168.0745,162.4654,160.4165,157.4233,158.9569,159.5685,159.2473,159.8312,160.4028,160.9622,160.5758,161.1076,161.6271,162.1343,162.6292,162.1633,163.5817,164.0393,162.5718
126.6424,124.058,123.3992,121.4588,119.5228,117.5913,115.6647,113.743,111.8267,109.9158,108.0107,106.1116,104.2187,102.8915,101.5564,100.7582,100.475,99.0949,98.22973,97.85723,96.93983,96,95.03775,94.53788,93.52312,92.95537,92.81147,90.7981,86.11618,81.9754,77.492,74.80343,71.74193,70.77218,69.38234,67.59649,66.20423,64.80694,63.40471,61.63929,60.23567,58.82746,57.41478,55.99772,54.2591,53.15092,51.7214,49.70319
147.5188,148.6126,149.6952,149.9892,150.2608,150.5101,150.7371,150.9421,151.1251,151.2862,151.4255,151.5431,151.6392,152.5429,152.6011,155.1541,156.8708,158.585,160.2964,162.8618,164.5712,167.1429,167.9786,170.5508,173.127,175.7066,176.5152,178.2013,171.8274,168.0745,162.4654,159.5102,158.3333,158.9569,158.6514,159.2473,159.8312,160.4028,160.0318,160.5758,161.1076,161.6271,162.1343,162.6292,163.1117,163.5817,164.0393,162.5718
125.9929,124.7008,123.3992,121.4588,119.5228,117.5913,115.6647,113.743,111.8267,109.9158,108.0107,106.1116,104.2187,102.8915,101.0045,100.7582,99.93773,99.0949,98.22973,97.85723,96.93983,96.5,95.03775,94.53788,94.00028,93.42484,91.88797,90.7981,85.66998,81.9754,77.492,74.38081,72.15662,70.77218,68.98359,67.59649,66.20423,64.80694,63.03821,61.63929,60.23567,58.82746,57.41478,55.99772,54.5764,53.15092,51.7214,49.70319
147.5188,148.6126,149.6952,149.9892,150.2608,150.5101,150.7371,150.9421,151.1251,151.2862,151.4255,151.5431,151.6392,152.5429,153.435,155.1541,157.7142,158.585,160.2964,162.0046,164.5712,166.2769,167.9786,170.5508,173.127,174.8236,177.4022,178.2013,172.7223,168.0745,163.3679,159.5102,158.3333,158.9569,158.6514,159.2473,159.8312,160.4028,160.9622,160.5758,161.1076,161.6271,162.1343,162.6292,163.1117,163.5817,164.0393,163.5281
125.9929,124.7008,123.3992,121.4588,119.5228,117.5913,115.6647,113.743,111.8267,109.9158,108.0107,106.1116,104.2187,102.8915,101.5564,100.7582,100.475,99.0949,98.22973,97.3422,96.93983,96,95.03775,94.53788,94.00028,92.95537,92.34972,90.7981,86.11618,81.9754,77.92251,74.38081,72.15662,70.77218,68.98359,67.59649,66.20423,64.80694,63.40471,61.63929,60.23567,58.82746,57.41478,55.99772,54.5764,53.15092,51.7214,49.99556
147.5188,148.6126,149.6952,149.9892,150.2608,150.5101,150.7371,150.9421,151.1251,151.2862,151.4255,151.5431,152.4633,152.5429,153.435,155.1541,156.8708,159.433,160.2964,162.0046,164.5712,167.1429,167.9786,170.5508,172.2482,174.8236,176.5152,178.2013,172.7223,168.0745,162.4654,159.5102,158.3333,158.9569,159.5685,159.2473,159.8312,160.4028,160.9622,160.5758,162.0443,161.6271,162.1343,162.6292,163.1117,163.5817,164.0393,164.4844
125.9929,124.7008,123.3992,121.4588,119.5228,117.5913,115.6647,113.743,111.8267,109.9158,108.0107,106.1116,104.7852,102.8915,101.5564,100.7582,99.93773,99.62482,98.22973,97.3422,96.93983,96.5,95.03775,94.53788,93.52312,92.95537,91.88797,90.7981,86.11618,81.9754,77.492,74.38081,72.15662,70.77218,69.38234,67.59649,66.20423,64.80694,63.40471,61.63929,60.58588,58.82746,57.41478,55.99772,54.5764,53.15092,51.7214,50.28793
148.2792,147.8466,149.6952,149.9892,150.2608,150.5101,150.7371,150.9421,151.1251,151.2862,151.4255,151.5431,151.6392,152.5429,153.435,155.1541,156.8708,158.585,161.149,162.8618,164.5712,167.1429,167.9786,170.5508,173.127,174.8236,177.4022,178.2013,171.8274,168.0745,162.4654,159.5102,158.3333,158.9569,159.5685,159.2473,159.8312,160.4028,160.9622,161.5094,161.1076,161.6271,163.077,162.6292,163.1117,163.5817,164.0393,163.5281
126.6424,124.058,123.3992,121.4588,119.5228,117.5913,115.6647,113.743,111.8267,109.9158,108.0107,106.1116,104.2187,102.8915,101.5564,100.7582,99.93773,99.0949,98.75223,97.85723,96.93983,96.5,95.03775,94.53788,94.00028,92.95537,92.34972,90.7981,85.66998,81.9754,77.492,74.38081,72.15662,70.77218,69.38234,67.59649,66.20423,64.80694,63.40471,61.99766,60.23567,58.82746,57.74859,55.99772,54.5764,53.15092,51.7214,49.99556
149.0396,148.6126,149.6952,149.9892,150.2608,150.5101,150.7371,150.9421,151.1251,151.2862,151.4255,151.5431,151.6392,152.5429,153.435,155.1541,156.8708,157.7369,160.2964,162.8618,164.5712,166.2769,168.849,169.6762,172.2482,174.8236,176.5152,178.2013,172.7223,168.0745,162.4654,159.5102,158.3333,158.0434,159.5685,160.1678,159.8312,160.4028,160.9622,161.5094,162.0443,161.6271,162.1343,162.6292,163.1117,163.5817,164.0393,162.5718
127.2918,124.7008,123.3992,121.4588,119.5228,117.5913,115.6647,113.743,111.8267,109.9158,108.0107,106.1116,104.2187,102.8915,101.5564,100.7582,99.93773,98.56498,98.22973,97.85723,96.93983,96,95.53017,94.05307,93.52312,92.95537,91.88797,90.7981,86.11618,81.9754,77.492,74.38081,72.15662,70.36544,69.38234,67.98722,66.20423,64.80694,63.40471,61.99766,60.58588,58.82746,57.41478,55.99772,54.5764,53.15092,51.7214,49.70319
147.5188,148.6126,149.6952,149.9892,150.2608,150.5101,150.7371,150.9421,151.1251,151.2862,151.4255,151.5431,151.6392,152.5429,153.435,155.1541,156.8708,158.585,161.149,162.8618,164.5712,167.1429,167.9786,170.5508,172.2482,174.8236,177.4022,178.2013,171.8274,168.0745,162.4654,159.5102,157.4233,158.9569,158.6514,159.2473,159.8312,160.4028,160.9622,161.5094,162.0443,161.6271,162.1343,162.6292,163.1117,163.5817,164.0393,163.5281
125.9929,124.7008,123.3992,121.4588,119.5228,117.5913,115.6647,113.743,111.8267,109.9158,108.0107,106.1116,104.2187,102.8915,101.5564,100.7582,99.93773,99.0949,98.75223,97.85723,96.93983,96.5,95.03775,94.53788,93.52312,92.95537,92.34972,90.7981,85.66998,81.9754,77.492,74.38081,71.74193,70.77218,68.98359,67.59649,66.20423,64.80694,63.40471,61.99766,60.58588,58.82746,57.41478,55.99772,54.5764,53.15092,51.7214,49.99556
147.5188,147.8466,149.6952,149.9892,150.2608,150.5101,150.7371,150.9421,151.1251,151.2862,151.4255,151.5431,151.6392,152.5429,153.435,155.1541,157.7142,159.433,160.2964,162.8618,164.5712,167.1429,167.9786,170.5508,173.127,174.8236,177.4022,178.2013,172.7223,168.0745,162.4654,159.5102,158.3333,158.9569,159.5685,159.2473,159.8312,160.4028,160.9622,160.5758,161.1076,161.6271,162.1343,162.6292,163.1117,163.5817,164.0393,163.5281
125.9929,124.058,123.3992,121.4588,119.5228,117.5913,115.6647,113.743,111.8267,109.9158,108.0107,106.1116,104.2187,102.8915,101.5564,100.7582,100.475,99.62482,98.22973,97.85723,96.93983,96.5,95.03775,94.53788,94.00028,92.95537,92.34972,90.7981,86.11618,81.9754,77.492,74.38081,72.15662,70.77218,69.38234,67.59649,66.20423,64.80694,63.40471,61.63929,60.23567,58.82746,57.41478,55.99772,54.5764,53.15092,51.7214,49.99556
