120.2188,118.2729,119.4984,120.0588,120.5968,121.1126,121.6062,122.7597,123.9038,124.3438,124.7618,125.1579,125.5321,126.6038,127.6659,129.4496,131.2354,133.7661,134.812,137.3571,139.1543,141.7182,143.5222,145.3263,147.9129,149.722,151.5305,154.9353,152.7328,149.6681,146.5408,144.1708,140.1015,139.2783,138.425,139.2193,140.003,140.776,140.6856,141.4326,142.1688,142.8942,143.6087,144.3123,145.0048,145.6864,146.3568,147.0161,147.6642,150.0986,154.3421
145.837,140.9522,139.9147,138.1119,136.3099,134.5092,132.7099,131.6437,130.5674,128.7618,126.9586,125.1579,123.36,122.2599,121.1504,120.7137,120.2551,120.4435,119.2716,119.4027,118.849,118.9157,118.3105,117.6829,117.6553,116.9757,116.2734,116.7521,113.0163,108.7403,104.5265,100.9495,96.28906,93.94441,91.62154,90.41008,89.19173,87.9666,86.21226,84.98128,83.74383,82.5,81.24989,79.99359,78.7312,77.46281,76.18852,74.90843,73.62264,73.20798,73.6174
119.5827,118.2729,118.849,119.4027,120.5968,121.1126,121.6062,122.7597,123.2155,124.3438,124.7618,125.1579,125.5321,126.6038,127.6659,130.181,131.2354,133.7661,135.561,137.3571,139.1543,141.7182,142.7505,145.3263,148.6955,150.5101,151.5305,154.1367,152.7328,148.8591,146.5408,143.3516,140.1015,139.2783,138.425,139.2193,140.003,140.776,141.5383,141.4326,142.1688,142.8942,143.6087,144.3123,145.0048,145.6864,146.3568,147.0161,147.6642,149.1998,151.6343
145.0654,140.9522,139.1543,137.3571,136.3099,134.5092,132.7099,131.6437,129.842,128.7618,126.9586,125.1579,123.36,122.2599,121.1504,121.3957,120.2551,120.4435,119.9342,119.4027,118.849,118.9157,117.6745,117.6829,118.2778,117.5913,116.2734,116.1503,113.0163,108.1525,104.5265,100.3759,96.28906,93.94441,91.62154,90.41008,89.19173,87.9666,86.73476,84.98128,83.74383,82.5,81.24989,79.99359,78.7312,77.46281,76.18852,74.90843,73.62264,72.76961,72.32586
119.5827,118.2729,118.849,120.0588,120.5968,121.1126,121.6062,122.7597,123.2155,124.3438,124.7618,125.1579,125.5321,126.6038,127.6659,129.4496,131.9726,133.7661,135.561,137.3571,139.1543,141.7182,143.5222,145.3263,147.1303,149.722,151.5305,154.1367,153.5367,149.6681,146.5408,144.1708,140.1015,139.2783,138.425,139.2193,140.003,139.9279,140.6856,141.4326,142.1688,142.8942,143.6087,144.3123,145.0048,145.6864,146.3568,147.0161,147.6642,148.301,155.2447
145.0654,140.9522,139.1543,138.1119,136.3099,134.5092,132.7099,131.6437,129.842,128.7618,126.9586,125.1579,123.36,122.2599,121.1504,120.7137,120.9306,120.4435,119.9342,119.4027,118.849,118.9157,118.3105,117.6829,117.0328,116.9757,116.2734,116.1503,113.6112,108.7403,104.5265,100.9495,96.28906,93.94441,91.62154,90.41008,89.19173,87.43668,86.21226,84.98128,83.74383,82.5,81.24989,79.99359,78.7312,77.46281,76.18852,74.90843,73.62264,72.33124,74.04791
120.8549,118.2729,118.849,120.0588,120.5968,121.1126,121.6062,122.7597,123.2155,124.3438,124.7618,125.1579,125.5321,126.6038,127.6659,130.181,131.9726,133.7661,134.812,137.3571,139.1543,141.7182,143.5222,145.3263,147.9129,150.5101,152.3238,154.1367,152.7328,149.6681,146.5408,143.3516,140.1015,139.2783,138.425,139.2193,139.1596,140.776,141.5383,141.4326,142.1688,142.8942,143.6087,144.3123,145.0048,145.6864,146.3568,147.0161,147.6642,149.1998,148.024
146.6087,140.9522,139.1543,138.1119,136.3099,134.5092,132.7099,131.6437,129.842,128.7618,126.9586,125.1579,123.36,122.2599,121.1504,121.3957,120.9306,120.4435,119.2716,119.4027,118.849,118.9157,118.3105,117.6829,117.6553,117.5913,116.8822,116.1503,113.0163,108.7403,104.5265,100.3759,96.28906,93.94441,91.62154,90.41008,88.65444,87.9666,86.73476,84.98128,83.74383,82.5,81.24989,79.99359,78.7312,77.46281,76.18852,74.90843,73.62264,72.76961,70.60382
120.8549,118.2729,118.849,120.0588,120.5968,121.1126,121.6062,122.7597,123.2155,124.3438,124.7618,125.1579,125.5321,126.6038,127.6659,129.4496,131.9726,133.7661,135.561,137.3571,139.1543,141.7182,143.5222,145.3263,147.9129,150.5101,152.3238,154.1367,152.7328,148.8591,146.5408,143.3516,140.1015,139.2783,139.2589,139.2193,140.003,140.776,140.6856,141.4326,142.1688,142.8942,143.6087,145.1869,145.0048,145.6864,146.3568,147.0161,147.6642,149.1998,149.8292
146.6087,140.9522,139.1543,138.1119,136.3099,134.5092,132.7099,131.6437,129.842,128.7618,126.9586,125.1579,123.36,122.2599,121.1504,120.7137,120.9306,120.4435,119.9342,119.4027,118.849,118.9157,118.3105,117.6829,117.6553,117.5913,116.8822,116.1503,113.0163,108.1525,104.5265,100.3759,96.28906,93.94441,92.17348,90.41008,89.19173,87.9666,86.21226,84.98128,83.74383,82.5,81.24989,80.4784,78.7312,77.46281,76.18852,74.90843,73.62264,72.76961,71.46484
