89.68978,90.11351,91,91.86444,92.70685,93.52724,94.32563,94.56473,95.85647,96.58897,97.85876,99.12109,99.22872,100.4616,101.6868,104.094,105.3176,107.142,108.9721,110.8076,113.2777,115.1302,116.9873,118.849,121.3709,123.2473,125.7966,127.6865,130.2617,127.3456,125.0385,122.6591,119.501,117.6863,117.2524,118.236,119.2107,120.1762,120.3895,121.3308,123.0177,123.1858,124.0992,125.0032,125.8976,125.9999,126.8697,127.7299,128.5803,129.421,129.4427
161.8046,159.2751,157.6166,155.9549,154.2901,152.6226,150.9526,148.4369,147.606,145.93,145.0816,144.2221,141.7133,140.842,139.9599,140.675,139.7612,139.6302,139.4779,139.3043,139.8863,139.664,139.4201,139.1543,139.6213,139.3058,139.7112,139.3454,139.6886,134.1943,129.4812,124.8188,119.501,115.65,113.2293,112.2018,111.1657,110.1212,108.3992,107.3444,106.9376,105.2106,104.1316,103.0447,101.9499,100.2249,99.1215,98.01059,96.89222,95.76647,94.04564
89.68978,90.11351,91,91.86444,92.70685,93.52724,94.32563,95.10203,95.85647,96.58897,97.85876,98.55469,99.8023,100.4616,102.2746,104.094,105.3176,106.5333,108.9721,110.8076,113.2777,115.1302,116.9873,118.849,121.3709,123.2473,125.7966,128.3621,130.2617,128.034,125.0385,122.6591,119.501,117.6863,117.2524,118.236,119.2107,119.4389,120.3895,121.3308,122.263,123.1858,124.0992,125.0032,125.1205,125.9999,126.8697,127.7299,129.379,129.421,130.2517
161.8046,159.2751,157.6166,155.9549,154.2901,152.6226,150.9526,149.2803,147.606,145.93,145.0816,143.398,142.5325,140.842,140.769,140.675,139.7612,138.8368,139.4779,139.3043,139.8863,139.664,139.4201,139.1543,139.6213,139.3058,139.7112,140.0827,139.6886,134.9196,129.4812,124.8188,119.501,115.65,113.2293,112.2018,111.1657,109.4456,108.3992,107.3444,106.2816,105.2106,104.1316,103.0447,101.3206,100.2249,99.1215,98.01059,97.49403,95.76647,94.63343
89.68978,90.11351,91,91.86444,92.70685,93.52724,94.32563,95.10203,95.85647,96.58897,97.85876,98.55469,99.22872,100.4616,102.2746,104.094,105.3176,107.142,108.9721,110.8076,113.2777,115.1302,116.9873,118.849,121.3709,123.2473,125.7966,127.6865,130.2617,127.3456,124.3438,121.9582,119.501,116.9731,117.2524,118.236,119.2107,119.4389,120.3895,121.3308,122.263,123.1858,124.0992,124.2316,125.8976,125.9999,126.8697,128.5232,128.5803,129.421,130.2517
161.8046,159.2751,157.6166,155.9549,154.2901,152.6226,150.9526,149.2803,147.606,145.93,145.0816,143.398,141.7133,140.842,140.769,140.675,139.7612,139.6302,139.4779,139.3043,139.8863,139.664,139.4201,139.1543,139.6213,139.3058,139.7112,139.3454,139.6886,134.1943,128.7618,124.1056,119.501,114.9491,113.2293,112.2018,111.1657,109.4456,108.3992,107.3444,106.2816,105.2106,104.1316,102.4086,101.9499,100.2249,99.1215,98.61935,96.89222,95.76647,94.63343
89.68978,90.11351,91,91.86444,92.70685,93.52724,94.32563,95.10203,95.85647,96.58897,97.85876,98.55469,99.8023,100.4616,101.6868,104.094,105.3176,107.7508,109.5877,110.8076,113.2777,115.1302,116.9873,118.849,121.3709,123.2473,125.7966,128.3621,130.2617,127.3456,125.0385,121.9582,120.2082,116.9731,117.2524,118.236,119.2107,119.4389,120.3895,121.3308,122.263,123.1858,124.0992,125.0032,125.1205,125.9999,126.8697,127.7299,128.5803,130.2248,130.2517
161.8046,159.2751,157.6166,155.9549,154.2901,152.6226,150.9526,149.2803,147.606,145.93,145.0816,143.398,142.5325,140.842,139.9599,140.675,139.7612,140.4235,140.2659,139.3043,139.8863,139.664,139.4201,139.1543,139.6213,139.3058,139.7112,140.0827,139.6886,134.1943,129.4812,124.1056,120.2082,114.9491,113.2293,112.2018,111.1657,109.4456,108.3992,107.3444,106.2816,105.2106,104.1316,103.0447,101.3206,100.2249,99.1215,98.01059,96.89222,96.36129,94.63343
89.68978,90.11351,91,91.86444,92.70685,93.52724,94.32563,95.10203,95.85647,96.58897,97.85876,98.55469,99.8023,100.4616,102.2746,104.094,105.3176,107.142,108.9721,111.4301,113.2777,115.1302,116.9873,118.849,120.7149,123.2473,125.7966,128.3621,130.2617,127.3456,125.0385,122.6591,119.501,116.9731,117.2524,118.236,118.4793,119.4389,120.3895,121.3308,122.263,123.1858,124.0992,125.0032,125.8976,125.9999,127.6577,127.7299,128.5803,129.421,129.4427
161.8046,159.2751,157.6166,155.9549,154.2901,152.6226,150.9526,149.2803,147.606,145.93,145.0816,143.398,142.5325,140.842,140.769,140.675,139.7612,139.6302,139.4779,140.0869,139.8863,139.664,139.4201,139.1543,138.8666,139.3058,139.7112,140.0827,139.6886,134.1943,129.4812,124.8188,119.501,114.9491,113.2293,112.2018,110.4837,109.4456,108.3992,107.3444,106.2816,105.2106,104.1316,103.0447,101.9499,100.2249,99.73716,98.01059,96.89222,95.76647,94.04564
89.68978,90.11351,91,91.86444,92.70685,93.52724,94.32563,95.10203,95.85647,96.58897,97.85876,98.55469,99.22872,100.4616,102.2746,104.094,105.3176,107.142,109.5877,110.8076,113.2777,115.1302,116.9873,118.849,121.3709,123.2473,125.7966,127.6865,130.2617,128.034,125.0385,122.6591,119.501,116.9731,117.2524,118.236,119.2107,120.1762,120.3895,121.3308,122.263,123.1858,124.0992,125.0032,125.8976,125.9999,126.8697,127.7299,129.379,129.421,130.2517
161.8046,159.2751,157.6166,155.9549,154.2901,152.6226,150.9526,149.2803,147.606,145.93,145.0816,143.398,141.7133,140.842,140.769,140.675,139.7612,139.6302,140.2659,139.3043,139.8863,139.664,139.4201,139.1543,139.6213,139.3058,139.7112,139.3454,139.6886,134.9196,129.4812,124.8188,119.501,114.9491,113.2293,112.2018,111.1657,110.1212,108.3992,107.3444,106.2816,105.2106,104.1316,103.0447,101.9499,100.2249,99.1215,98.01059,97.49403,95.76647,94.63343
89.68978,90.11351,91,91.86444,92.70685,93.52724,94.32563,95.10203,95.85647,96.58897,97.85876,98.55469,99.8023,100.4616,102.2746,104.094,105.3176,107.142,109.5877,111.4301,113.2777,115.1302,116.9873,118.849,121.3709,123.2473,125.7966,128.3621,130.2617,127.3456,125.0385,121.9582,119.501,116.9731,117.2524,118.236,119.2107,120.1762,120.3895,121.3308,121.5082,123.1858,124.0992,125.0032,125.8976,126.7825,127.6577,127.7299,128.5803,129.421,130.2517
161.8046,159.2751,157.6166,155.9549,154.2901,152.6226,150.9526,149.2803,147.606,145.93,145.0816,143.398,142.5325,140.842,140.769,140.675,139.7612,139.6302,140.2659,140.0869,139.8863,139.664,139.4201,139.1543,139.6213,139.3058,139.7112,140.0827,139.6886,134.1943,129.4812,124.1056,119.501,114.9491,113.2293,112.2018,111.1657,110.1212,108.3992,107.3444,105.6255,105.2106,104.1316,103.0447,101.9499,100.8474,99.73716,98.01059,96.89222,95.76647,94.63343
89.68978,90.11351,91,91.86444,92.70685,93.52724,94.32563,95.10203,95.85647,96.58897,97.85876,98.55469,99.22872,100.4616,101.6868,103.4992,105.3176,107.142,108.9721,110.8076,112.6483,115.1302,116.9873,118.849,121.3709,123.2473,125.7966,127.6865,130.2617,127.3456,125.0385,122.6591,119.501,116.9731,117.2524,118.236,119.2107,120.1762,120.3895,121.3308,122.263,123.1858,124.0992,125.0032,125.8976,125.9999,126.8697,128.5232,128.5803,129.421,129.4427
161.8046,159.2751,157.6166,155.9549,154.2901,152.6226,150.9526,149.2803,147.606,145.93,145.0816,143.398,141.7133,140.842,139.9599,139.8711,139.7612,139.6302,139.4779,139.3043,139.1091,139.664,139.4201,139.1543,139.6213,139.3058,139.7112,139.3454,139.6886,134.1943,129.4812,124.8188,119.501,114.9491,113.2293,112.2018,111.1657,110.1212,108.3992,107.3444,106.2816,105.2106,104.1316,103.0447,101.9499,100.2249,99.1215,98.61935,96.89222,95.76647,94.04564
89.68978,90.11351,91,91.86444,92.70685,94.04974,94.32563,95.10203,95.85647,96.58897,97.85876,98.55469,99.8023,100.4616,101.6868,104.094,104.7158,107.142,108.9721,110.8076,113.2777,115.7662,116.9873,118.849,121.3709,123.2473,125.7966,128.3621,130.2617,127.3456,125.0385,122.6591,119.501,116.9731,117.2524,118.236,119.2107,119.4389,120.3895,121.3308,122.263,123.1858,124.0992,125.0032,125.8976,126.7825,127.6577,127.7299,129.379,129.421,129.4427
161.8046,159.2751,157.6166,155.9549,154.2901,153.4752,150.9526,149.2803,147.606,145.93,145.0816,143.398,142.5325,140.842,139.9599,140.675,138.9626,139.6302,139.4779,139.3043,139.8863,140.4357,139.4201,139.1543,139.6213,139.3058,139.7112,140.0827,139.6886,134.1943,129.4812,124.8188,119.501,114.9491,113.2293,112.2018,111.1657,109.4456,108.3992,107.3444,106.2816,105.2106,104.1316,103.0447,101.9499,100.8474,99.73716,98.01059,97.49403,95.76647,94.04564
89.68978,90.11351,91,91.86444,92.70685,93.52724,94.32563,95.10203,95.85647,96.58897,97.85876,98.55469,99.8023,100.4616,101.6868,104.094,105.3176,107.142,108.9721,110.8076,113.2777,115.1302,116.9873,118.849,121.3709,123.2473,125.7966,128.3621,130.2617,127.3456,124.3438,121.9582,119.501,117.6863,117.2524,118.236,119.2107,119.4389,120.3895,121.3308,122.263,123.1858,124.0992,124.2316,125.8976,125.9999,126.8697,127.7299,128.5803,129.421,130.2517
161.8046,159.2751,157.6166,155.9549,154.2901,152.6226,150.9526,149.2803,147.606,145.93,145.0816,143.398,142.5325,140.842,139.9599,140.675,139.7612,139.6302,139.4779,139.3043,139.8863,139.664,139.4201,139.1543,139.6213,139.3058,139.7112,140.0827,139.6886,134.1943,128.7618,124.1056,119.501,115.65,113.2293,112.2018,111.1657,109.4456,108.3992,107.3444,106.2816,105.2106,104.1316,102.4086,101.9499,100.2249,99.1215,98.01059,96.89222,95.76647,94.63343
89.68978,90.11351,91,91.86444,92.70685,93.52724,94.32563,95.10203,95.85647,96.58897,97.85876,98.55469,99.22872,100.4616,102.2746,104.094,105.3176,107.142,109.5877,111.4301,113.2777,115.1302,116.9873,119.4984,121.3709,123.2473,125.7966,128.3621,130.2617,128.034,125.0385,122.6591,119.501,116.9731,117.2524,118.236,119.2107,119.4389,120.3895,121.3308,122.263,123.1858,124.0992,125.0032,125.8976,125.9999,127.6577,128.5232,129.379,129.421,130.2517
161.8046,159.2751,157.6166,155.9549,154.2901,152.6226,150.9526,149.2803,147.606,145.93,145.0816,143.398,141.7133,140.842,140.769,140.675,139.7612,139.6302,140.2659,140.0869,139.8863,139.664,139.4201,139.9147,139.6213,139.3058,139.7112,140.0827,139.6886,134.9196,129.4812,124.8188,119.501,114.9491,113.2293,112.2018,111.1657,109.4456,108.3992,107.3444,106.2816,105.2106,104.1316,103.0447,101.9499,100.2249,99.73716,98.61935,97.49403,95.76647,94.63343
89.68978,90.11351,91,91.86444,92.70685,93.52724,94.32563,95.10203,95.85647,96.58897,97.85876,98.55469,99.22872,100.4616,101.6868,104.094,105.3176,107.142,108.9721,110.8076,113.2777,115.1302,116.9873,118.849,120.7149,123.2473,125.7966,127.6865,130.2617,128.034,125.0385,122.6591,119.501,116.9731,117.2524,118.236,118.4793,120.1762,120.3895,121.3308,122.263,123.1858,124.0992,125.0032,125.1205,126.7825,126.8697,127.7299,128.5803,130.2248,129.4427
161.8046,159.2751,157.6166,155.9549,154.2901,152.6226,150.9526,149.2803,147.606,145.93,145.0816,143.398,141.7133,140.842,139.9599,140.675,139.7612,139.6302,139.4779,139.3043,139.8863,139.664,139.4201,139.1543,138.8666,139.3058,139.7112,139.3454,139.6886,134.9196,129.4812,124.8188,119.501,114.9491,113.2293,112.2018,110.4837,110.1212,108.3992,107.3444,106.2816,105.2106,104.1316,103.0447,101.3206,100.8474,99.1215,98.01059,96.89222,96.36129,94.04564
89.68978,90.11351,91,91.86444,92.70685,93.52724,94.32563,95.10203,95.85647,96.58897,97.85876,98.55469,99.8023,100.4616,101.6868,104.094,105.3176,107.142,108.9721,110.8076,112.6483,115.1302,116.9873,118.849,121.3709,123.9099,125.7966,127.6865,130.2617,127.3456,125.0385,121.9582,120.2082,116.9731,117.2524,118.236,119.2107,120.1762,121.1326,121.3308,122.263,123.1858,124.0992,125.0032,125.8976,126.7825,126.8697,128.5232,128.5803,129.421,130.2517
161.8046,159.2751,157.6166,155.9549,154.2901,152.6226,150.9526,149.2803,147.606,145.93,145.0816,143.398,142.5325,140.842,139.9599,140.675,139.7612,139.6302,139.4779,139.3043,139.1091,139.664,139.4201,139.1543,139.6213,140.0547,139.7112,139.3454,139.6886,134.1943,129.4812,124.1056,120.2082,114.9491,113.2293,112.2018,111.1657,110.1212,109.0683,107.3444,106.2816,105.2106,104.1316,103.0447,101.9499,100.8474,99.1215,98.61935,96.89222,95.76647,94.63343
89.68978,90.11351,91,91.86444,92.70685,93.52724,94.32563,94.56473,95.85647,96.58897,97.85876,98.55469,99.22872,100.4616,102.2746,104.094,105.3176,106.5333,108.9721,110.8076,113.2777,115.1302,116.9873,119.4984,121.3709,123.2473,125.7966,128.3621,130.9437,128.034,125.0385,122.6591,119.501,116.9731,117.2524,118.236,118.4793,119.4389,121.1326,121.3308,122.263,123.1858,124.0992,125.0032,125.1205,126.7825,126.8697,128.5232,128.5803,129.421,130.2517
161.8046,159.2751,157.6166,155.9549,154.2901,152.6226,150.9526,148.4369,147.606,145.93,145.0816,143.398,141.7133,140.842,140.769,140.675,139.7612,138.8368,139.4779,139.3043,139.8863,139.664,139.4201,139.9147,139.6213,139.3058,139.7112,140.0827,140.4199,134.9196,129.4812,124.8188,119.501,114.9491,113.2293,112.2018,110.4837,109.4456,109.0683,107.3444,106.2816,105.2106,104.1316,103.0447,101.3206,100.8474,99.1215,98.61935,96.89222,95.76647,94.63343
89.68978,90.11351,91,91.86444,92.70685,93.52724,94.32563,95.10203,95.85647,96.58897,97.85876,98.55469,99.8023,100.4616,102.2746,104.094,105.3176,107.142,108.9721,110.8076,113.2777,115.1302,116.9873,118.849,120.7149,123.9099,125.7966,127.6865,130.2617,127.3456,124.3438,122.6591,120.2082,116.9731,117.2524,118.236,119.2107,120.1762,120.3895,121.3308,122.263,123.1858,124.0992,125.0032,125.8976,126.7825,127.6577,128.5232,129.379,129.421,130.2517
161.8046,159.2751,157.6166,155.9549,154.2901,152.6226,150.9526,149.2803,147.606,145.93,145.0816,143.398,142.5325,140.842,140.769,140.675,139.7612,139.6302,139.4779,139.3043,139.8863,139.664,139.4201,139.1543,138.8666,140.0547,139.7112,139.3454,139.6886,134.1943,128.7618,124.8188,120.2082,114.9491,113.2293,112.2018,111.1657,110.1212,108.3992,107.3444,106.2816,105.2106,104.1316,103.0447,101.9499,100.8474,99.73716,98.61935,97.49403,95.76647,94.63343
89.68978,90.11351,91,91.86444,92.70685,93.52724,94.32563,95.10203,95.85647,96.58897,97.85876,98.55469,99.8023,100.4616,101.6868,104.094,105.3176,107.142,108.9721,110.8076,113.2777,115.1302,116.9873,118.849,121.3709,123.2473,125.7966,127.6865,130.2617,127.3456,125.0385,121.9582,119.501,116.9731,117.2524,118.236,119.2107,120.1762,121.1326,121.3308,122.263,123.1858,124.0992,125.0032,125.8976,125.9999,126.8697,127.7299,129.379,129.421,130.2517
161.8046,159.2751,157.6166,155.9549,154.2901,152.6226,150.9526,149.2803,147.606,145.93,145.0816,143.398,142.5325,140.842,139.9599,140.675,139.7612,139.6302,139.4779,139.3043,139.8863,139.664,139.4201,139.1543,139.6213,139.3058,139.7112,139.3454,139.6886,134.1943,129.4812,124.1056,119.501,114.9491,113.2293,112.2018,111.1657,110.1212,109.0683,107.3444,106.2816,105.2106,104.1316,103.0447,101.9499,100.2249,99.1215,98.01059,97.49403,95.76647,94.63343
89.68978,90.11351,91,91.86444,92.70685,93.52724,94.32563,95.10203,95.85647,96.58897,97.85876,98.55469,99.22872,100.4616,102.2746,104.094,105.3176,107.142,108.9721,110.8076,113.2777,115.1302,116.9873,118.849,121.3709,123.2473,125.7966,127.6865,130.2617,127.3456,125.0385,122.6591,119.501,116.9731,117.2524,118.236,119.2107,120.1762,120.3895,121.3308,122.263,123.1858,124.0992,124.2316,125.1205,125.9999,127.6577,127.7299,128.5803,130.2248,128.6337
161.8046,159.2751,157.6166,155.9549,154.2901,152.6226,150.9526,149.2803,147.606,145.93,145.0816,143.398,141.7133,140.842,140.769,140.675,139.7612,139.6302,139.4779,139.3043,139.8863,139.664,139.4201,139.1543,139.6213,139.3058,139.7112,139.3454,139.6886,134.1943,129.4812,124.8188,119.501,114.9491,113.2293,112.2018,111.1657,110.1212,108.3992,107.3444,106.2816,105.2106,104.1316,102.4086,101.3206,100.2249,99.73716,98.01059,96.89222,96.36129,93.45786
89.68978,90.11351,91,91.86444,92.70685,93.52724,94.32563,95.10203,95.85647,96.58897,97.85876,98.55469,99.8023,100.4616,102.2746,104.094,105.3176,107.142,108.9721,110.8076,113.2777,115.1302,116.9873,118.849,121.3709,123.2473,125.7966,128.3621,130.9437,127.3456,125.0385,122.6591,119.501,117.6863,117.2524,118.236,119.2107,119.4389,120.3895,121.3308,122.263,123.1858,124.0992,125.0032,125.8976,126.7825,126.8697,127.7299,128.5803,130.2248,129.4427
161.8046,159.2751,157.6166,155.9549,154.2901,152.6226,150.9526,149.2803,147.606,145.93,145.0816,143.398,142.5325,140.842,140.769,140.675,139.7612,139.6302,139.4779,139.3043,139.8863,139.664,139.4201,139.1543,139.6213,139.3058,139.7112,140.0827,140.4199,134.1943,129.4812,124.8188,119.501,115.65,113.2293,112.2018,111.1657,109.4456,108.3992,107.3444,106.2816,105.2106,104.1316,103.0447,101.9499,100.8474,99.1215,98.01059,96.89222,96.36129,94.04564
89.68978,90.11351,91,91.86444,92.70685,93.52724,94.32563,95.10203,95.85647,96.58897,97.85876,98.55469,99.22872,100.4616,101.6868,104.094,104.7158,107.7508,108.9721,110.8076,113.2777,115.1302,116.9873,118.849,121.3709,123.2473,125.7966,127.6865,130.2617,127.3456,125.0385,122.6591,119.501,116.9731,117.2524,118.236,119.2107,119.4389,120.3895,121.3308,122.263,123.1858,124.0992,125.0032,125.8976,126.7825,127.6577,128.5232,128.5803,130.2248,129.4427
161.8046,159.2751,157.6166,155.9549,154.2901,152.6226,150.9526,149.2803,147.606,145.93,145.0816,143.398,141.7133,140.842,139.9599,140.675,138.9626,140.4235,139.4779,139.3043,139.8863,139.664,139.4201,139.1543,139.6213,139.3058,139.7112,139.3454,139.6886,134.1943,129.4812,124.8188,119.501,114.9491,113.2293,112.2018,111.1657,109.4456,108.3992,107.3444,106.2816,105.2106,104.1316,103.0447,101.9499,100.8474,99.73716,98.61935,96.89222,96.36129,94.04564
89.68978,90.11351,91,91.86444,92.70685,93.52724,94.32563,95.10203,95.85647,96.58897,97.85876,98.55469,99.22872,100.4616,102.2746,104.094,105.3176,107.142,108.9721,110.8076,113.2777,115.1302,116.9873,118.849,120.7149,123.2473,125.7966,127.6865,130.2617,127.3456,125.0385,122.6591,119.501,116.9731,117.2524,118.236,119.2107,120.1762,120.3895,121.3308,122.263,123.1858,124.0992,125.0032,125.1205,125.9999,127.6577,127.7299,129.379,129.421,130.2517
161.8046,159.2751,157.6166,155.9549,154.2901,152.6226,150.9526,149.2803,147.606,145.93,145.0816,143.398,141.7133,140.842,140.769,140.675,139.7612,139.6302,139.4779,139.3043,139.8863,139.664,139.4201,139.1543,138.8666,139.3058,139.7112,139.3454,139.6886,134.1943,129.4812,124.8188,119.501,114.9491,113.2293,112.2018,111.1657,110.1212,108.3992,107.3444,106.2816,105.2106,104.1316,103.0447,101.3206,100.2249,99.73716,98.01059,97.49403,95.76647,94.63343
89.68978,90.11351,91,91.86444,92.70685,93.52724,94.32563,95.10203,95.85647,96.58897,97.85876,98.55469,99.8023,100.4616,102.2746,104.094,105.3176,107.7508,108.9721,110.8076,113.2777,115.1302,116.9873,118.849,121.3709,123.2473,125.7966,127.6865,130.2617,128.034,125.0385,122.6591,120.2082,116.9731,117.2524,118.236,119.2107,119.4389,120.3895,122.0798,122.263,123.1858,123.3332,125.0032,125.1205,125.9999,127.6577,127.7299,128.5803,129.421,130.2517
161.8046,159.2751,157.6166,155.9549,154.2901,152.6226,150.9526,149.2803,147.606,145.93,145.0816,143.398,142.5325,140.842,140.769,140.675,139.7612,140.4235,139.4779,139.3043,139.8863,139.664,139.4201,139.1543,139.6213,139.3058,139.7112,139.3454,139.6886,134.9196,129.4812,124.8188,120.2082,114.9491,113.2293,112.2018,111.1657,109.4456,108.3992,108.0071,106.2816,105.2106,103.4888,103.0447,101.3206,100.2249,99.73716,98.01059,96.89222,95.76647,94.63343
89.68978,90.11351,91,91.86444,92.70685,93.52724,94.32563,95.10203,95.85647,96.58897,97.85876,98.55469,99.22872,100.4616,102.2746,103.4992,105.3176,107.142,108.9721,110.8076,113.2777,115.1302,116.9873,118.849,120.7149,123.2473,125.7966,127.6865,130.2617,127.3456,125.0385,122.6591,119.501,116.9731,117.2524,118.236,119.2107,120.1762,120.3895,121.3308,122.263,123.1858,124.0992,125.0032,125.8976,126.7825,126.8697,128.5232,128.5803,129.421,130.2517
161.8046,159.2751,157.6166,155.9549,154.2901,152.6226,150.9526,149.2803,147.606,145.93,145.0816,143.398,141.7133,140.842,140.769,139.8711,139.7612,139.6302,139.4779,139.3043,139.8863,139.664,139.4201,139.1543,138.8666,139.3058,139.7112,139.3454,139.6886,134.1943,129.4812,124.8188,119.501,114.9491,113.2293,112.2018,111.1657,110.1212,108.3992,107.3444,106.2816,105.2106,104.1316,103.0447,101.9499,100.8474,99.1215,98.61935,96.89222,95.76647,94.63343
89.68978,90.11351,91,91.86444,92.70685,93.52724,94.32563,94.56473,95.85647,96.58897,97.85876,98.55469,99.22872,100.4616,102.2746,104.094,105.3176,107.142,108.9721,110.8076,113.2777,115.1302,116.9873,118.849,121.3709,123.2473,125.7966,127.6865,130.2617,128.034,125.0385,121.9582,119.501,116.9731,117.2524,118.236,119.2107,119.4389,120.3895,121.3308,122.263,123.1858,124.0992,125.0032,125.8976,126.7825,126.8697,128.5232,128.5803,130.2248,129.4427
161.8046,159.2751,157.6166,155.9549,154.2901,152.6226,150.9526,148.4369,147.606,145.93,145.0816,143.398,141.7133,140.842,140.769,140.675,139.7612,139.6302,139.4779,139.3043,139.8863,139.664,139.4201,139.1543,139.6213,139.3058,139.7112,139.3454,139.6886,134.9196,129.4812,124.1056,119.501,114.9491,113.2293,112.2018,111.1657,109.4456,108.3992,107.3444,106.2816,105.2106,104.1316,103.0447,101.9499,100.8474,99.1215,98.61935,96.89222,96.36129,94.04564
89.68978,90.11351,91,91.86444,92.70685,93.52724,94.32563,95.10203,95.85647,96.58897,97.85876,98.55469,99.22872,100.4616,102.2746,104.094,105.3176,107.142,109.5877,111.4301,113.2777,115.1302,116.9873,118.849,121.3709,123.2473,125.7966,127.6865,130.2617,128.034,125.0385,121.9582,120.2082,116.9731,117.2524,118.236,118.4793,120.1762,121.1326,121.3308,122.263,123.1858,124.0992,125.0032,125.8976,126.7825,127.6577,128.5232,128.5803,130.2248,130.2517
161.8046,159.2751,157.6166,155.9549,154.2901,152.6226,150.9526,149.2803,147.606,145.93,145.0816,143.398,141.7133,140.842,140.769,140.675,139.7612,139.6302,140.2659,140.0869,139.8863,139.664,139.4201,139.1543,139.6213,139.3058,139.7112,139.3454,139.6886,134.9196,129.4812,124.1056,120.2082,114.9491,113.2293,112.2018,110.4837,110.1212,109.0683,107.3444,106.2816,105.2106,104.1316,103.0447,101.9499,100.8474,99.73716,98.61935,96.89222,96.36129,94.63343
89.68978,90.11351,91,91.86444,92.70685,93.52724,94.32563,95.10203,95.85647,96.58897,97.85876,98.55469,99.22872,100.4616,102.2746,104.094,104.7158,107.142,108.9721,111.4301,113.2777,115.1302,116.9873,118.849,121.3709,123.2473,125.7966,127.6865,130.2617,127.3456,124.3438,122.6591,119.501,116.9731,117.2524,118.236,118.4793,120.1762,120.3895,121.3308,122.263,123.1858,124.0992,125.0032,125.1205,126.7825,127.6577,127.7299,128.5803,129.421,130.2517
161.8046,159.2751,157.6166,155.9549,154.2901,152.6226,150.9526,149.2803,147.606,145.93,145.0816,143.398,141.7133,140.842,140.769,140.675,138.9626,139.6302,139.4779,140.0869,139.8863,139.664,139.4201,139.1543,139.6213,139.3058,139.7112,139.3454,139.6886,134.1943,128.7618,124.8188,119.501,114.9491,113.2293,112.2018,110.4837,110.1212,108.3992,107.3444,106.2816,105.2106,104.1316,103.0447,101.3206,100.8474,99.73716,98.01059,96.89222,95.76647,94.63343
89.68978,90.11351,91,91.86444,92.70685,93.52724,94.32563,95.10203,95.85647,96.58897,97.85876,98.55469,99.22872,100.4616,102.2746,104.094,105.3176,107.142,108.9721,111.4301,113.2777,115.1302,116.9873,118.849,121.3709,123.2473,125.7966,127.6865,130.2617,127.3456,125.0385,122.6591,119.501,116.9731,117.2524,118.236,119.2107,120.1762,120.3895,121.3308,122.263,123.1858,124.0992,125.0032,125.1205,125.9999,127.6577,127.7299,129.379,130.2248,129.4427
161.8046,159.2751,157.6166,155.9549,154.2901,152.6226,150.9526,149.2803,147.606,145.93,145.0816,143.398,141.7133,140.842,140.769,140.675,139.7612,139.6302,139.4779,140.0869,139.8863,139.664,139.4201,139.1543,139.6213,139.3058,139.7112,139.3454,139.6886,134.1943,129.4812,124.8188,119.501,114.9491,113.2293,112.2018,111.1657,110.1212,108.3992,107.3444,106.2816,105.2106,104.1316,103.0447,101.3206,100.2249,99.73716,98.01059,97.49403,96.36129,94.04564
89.68978,90.11351,91,91.86444,92.70685,93.52724,94.32563,95.10203,95.85647,96.58897,97.85876,98.55469,99.8023,100.4616,102.2746,104.094,104.7158,107.142,108.9721,110.8076,113.2777,115.1302,116.9873,118.849,121.3709,123.2473,125.7966,128.3621,130.2617,127.3456,125.0385,122.6591,119.501,116.9731,117.2524,118.236,119.2107,120.1762,120.3895,121.3308,122.263,123.1858,124.0992,125.0032,125.8976,125.9999,126.8697,127.7299,129.379,129.421,130.2517
161.8046,159.2751,157.6166,155.9549,154.2901,152.6226,150.9526,149.2803,147.606,145.93,145.0816,143.398,142.5325,140.842,140.769,140.675,138.9626,139.6302,139.4779,139.3043,139.8863,139.664,139.4201,139.1543,139.6213,139.3058,139.7112,140.0827,139.6886,134.1943,129.4812,124.8188,119.501,114.9491,113.2293,112.2018,111.1657,110.1212,108.3992,107.3444,106.2816,105.2106,104.1316,103.0447,101.9499,100.2249,99.1215,98.01059,97.49403,95.76647,94.63343
89.68978,90.11351,91,91.86444,92.70685,93.52724,94.32563,95.10203,95.85647,96.58897,97.85876,98.55469,99.8023,100.4616,102.2746,104.094,105.3176,107.7508,108.9721,110.8076,113.2777,115.1302,116.9873,118.849,121.3709,123.2473,125.7966,127.6865,130.2617,127.3456,125.0385,122.6591,120.2082,116.9731,117.2524,118.236,119.2107,119.4389,121.1326,121.3308,122.263,123.1858,124.0992,125.0032,125.1205,125.9999,127.6577,127.7299,129.379,129.421,129.4427
161.8046,159.2751,157.6166,155.9549,154.2901,152.6226,150.9526,149.2803,147.606,145.93,145.0816,143.398,142.5325,140.842,140.769,140.675,139.7612,140.4235,139.4779,139.3043,139.8863,139.664,139.4201,139.1543,139.6213,139.3058,139.7112,139.3454,139.6886,134.1943,129.4812,124.8188,120.2082,114.9491,113.2293,112.2018,111.1657,109.4456,109.0683,107.3444,106.2816,105.2106,104.1316,103.0447,101.3206,100.2249,99.73716,98.01059,97.49403,95.76647,94.04564
89.68978,90.11351,91,91.86444,92.70685,93.00474,94.32563,95.10203,95.85647,96.58897,97.85876,98.55469,99.8023,100.4616,102.2746,104.094,105.3176,106.5333,108.9721,111.4301,113.2777,115.1302,116.9873,118.849,121.3709,123.2473,125.7966,127.6865,130.9437,128.034,125.0385,122.6591,119.501,117.6863,117.2524,118.236,119.2107,120.1762,121.1326,121.3308,122.263,123.1858,124.0992,125.0032,125.1205,125.9999,126.8697,127.7299,128.5803,130.2248,129.4427
161.8046,159.2751,157.6166,155.9549,154.2901,151.7699,150.9526,149.2803,147.606,145.93,145.0816,143.398,142.5325,140.842,140.769,140.675,139.7612,138.8368,139.4779,140.0869,139.8863,139.664,139.4201,139.1543,139.6213,139.3058,139.7112,139.3454,140.4199,134.9196,129.4812,124.8188,119.501,115.65,113.2293,112.2018,111.1657,110.1212,109.0683,107.3444,106.2816,105.2106,104.1316,103.0447,101.3206,100.2249,99.1215,98.01059,96.89222,96.36129,94.04564
