114.9067,113.4288,114.2405,114.2608,114.2616,114.2429,114.2049,114.1477,113.2624,113.1621,113.8621,113.7294,113.5781,114.2424,113.2205,113.8578,113.6384,114.2538,115.7176,117.1816,118.6455,120.1091,121.5721,122.1556,122.7297,124.1815,125.6319,127.0807,128.5275,129.9723,132.3209,132.8543,134.2912,135.7249,137.1552,137.6581,138.1504,133.9801,126.9669,121.7674,118.4013,115.9449,114.4077,113.7988,113.1757,113.4923,113.8003,114.0995,114.3901,113.7084,113.9792,114.2414,114.4949,113.7673,114.9757,114.2266,114.4433,114.6512,114.8504,115.0408,115.2225,115.3954,115.5595,116.7039,116.8516
96.41814,93.5035,92.5101,90.88714,89.27091,87.66165,86.05955,84.46484,82.28994,80.71771,79.72712,78.16406,76.60943,75.61537,73.52627,72.53545,71.00918,70.01481,69.53014,69.02522,68.5,67.95445,67.38854,66.32507,65.25655,64.64481,64.01266,63.36009,62.68707,61.9936,61.70227,60.54521,59.79029,59.01486,58.21894,57.01983,55.81638,52.77618,48.73804,45.52696,43.09454,41.05824,39.39375,38.07656,36.77302,35.78399,34.79223,33.79783,32.80085,31.53413,30.54065,29.54484,28.54678,27.31311,26.54422,25.32343,24.32567,23.32605,22.32465,21.32156,20.31684,19.31057,18.30283,17.44151,16.42243
114.9067,113.4288,114.2405,114.2608,114.2616,114.2429,114.2049,113.3438,114.0714,113.1621,113.8621,113.7294,114.4072,113.4085,114.0592,113.8578,113.6384,114.2538,115.7176,117.1816,118.6455,120.1091,121.5721,122.1556,123.6127,125.0685,125.6319,127.0807,128.5275,129.9723,131.4146,132.8543,134.2912,135.7249,137.1552,138.5819,138.1504,133.0497,126.9669,122.7041,118.4013,115.0023,114.4077,113.7988,113.1757,114.446,113.8003,114.0995,114.3901,113.7084,113.9792,114.2414,114.4949,114.7397,114.0013,114.2266,114.4433,114.6512,114.8504,115.0408,115.2225,115.3954,115.5595,115.7149,117.8419
96.41814,93.5035,92.5101,90.88714,89.27091,87.66165,86.05955,83.87001,82.87772,80.71771,79.72712,78.16406,77.16862,75.06343,74.07091,72.53545,71.00918,70.01481,69.53014,69.02522,68.5,67.95445,67.38854,66.32507,65.72602,65.10655,64.01266,63.36009,62.68707,61.9936,61.27965,60.54521,59.79029,59.01486,58.21894,57.40251,55.81638,52.40968,48.73804,45.87717,43.09454,40.72444,39.39375,38.07656,36.77302,36.0847,34.79223,33.79783,32.80085,31.53413,30.54065,29.54484,28.54678,27.54655,26.31927,25.32343,24.32567,23.32605,22.32465,21.32156,20.31684,19.31057,18.30283,17.2937,16.5616
114.9067,114.2004,114.2405,114.2608,114.2616,114.2429,114.2049,114.1477,114.0714,113.1621,113.8621,114.5535,113.5781,113.4085,113.2205,113.8578,113.6384,114.2538,115.7176,117.1816,118.6455,120.1091,121.5721,122.1556,122.7297,125.0685,125.6319,127.0807,128.5275,129.9723,131.4146,132.8543,134.2912,135.7249,137.1552,138.5819,138.1504,133.9801,126.9669,122.7041,118.4013,115.9449,114.4077,113.7988,113.1757,113.4923,113.8003,114.0995,114.3901,113.7084,113.9792,114.2414,114.4949,114.7397,114.9757,114.2266,114.4433,115.6311,114.8504,115.0408,115.2225,115.3954,115.5595,115.7149,117.8419
96.41814,94.13958,92.5101,90.88714,89.27091,87.66165,86.05955,84.46484,82.87772,80.71771,79.72712,78.73047,76.60943,75.06343,73.52627,72.53545,71.00918,70.01481,69.53014,69.02522,68.5,67.95445,67.38854,66.32507,65.25655,65.10655,64.01266,63.36009,62.68707,61.9936,61.27965,60.54521,59.79029,59.01486,58.21894,57.40251,55.81638,52.77618,48.73804,45.87717,43.09454,41.05824,39.39375,38.07656,36.77302,35.78399,34.79223,33.79783,32.80085,31.53413,30.54065,29.54484,28.54678,27.54655,26.54422,25.32343,24.32567,23.52542,22.32465,21.32156,20.31684,19.31057,18.30283,17.2937,16.5616
114.9067,113.4288,114.2405,114.2608,114.2616,114.2429,114.2049,114.1477,114.0714,113.9762,113.8621,114.5535,113.5781,113.4085,113.2205,113.8578,113.6384,114.2538,115.7176,117.1816,118.6455,120.1091,121.5721,122.1556,122.7297,124.1815,125.6319,127.0807,128.5275,130.8749,131.4146,132.8543,134.2912,135.7249,137.1552,138.5819,138.1504,133.0497,126.9669,121.7674,118.4013,115.0023,114.4077,113.7988,114.1268,113.4923,114.7566,114.0995,114.3901,114.672,114.9452,114.2414,114.4949,114.7397,114.0013,114.2266,114.4433,114.6512,114.8504,115.0408,115.2225,115.3954,115.5595,116.7039,117.8419
96.41814,93.5035,92.5101,90.88714,89.27091,87.66165,86.05955,84.46484,82.87772,81.29841,79.72712,78.73047,76.60943,75.06343,73.52627,72.53545,71.00918,70.01481,69.53014,69.02522,68.5,67.95445,67.38854,66.32507,65.25655,64.64481,64.01266,63.36009,62.68707,62.42411,61.27965,60.54521,59.79029,59.01486,58.21894,57.40251,55.81638,52.40968,48.73804,45.52696,43.09454,40.72444,39.39375,38.07656,37.08204,35.78399,35.0846,33.79783,32.80085,31.80137,30.79947,29.54484,28.54678,27.54655,26.31927,25.32343,24.32567,23.32605,22.32465,21.32156,20.31684,19.31057,18.30283,17.44151,16.5616
114.9067,113.4288,114.2405,114.2608,114.2616,114.2429,114.2049,114.1477,113.2624,113.1621,113.8621,114.5535,113.5781,113.4085,113.2205,113.8578,113.6384,114.2538,115.7176,117.1816,118.6455,120.1091,121.5721,122.1556,122.7297,124.1815,126.5229,127.0807,128.5275,130.8749,132.3209,132.8543,134.2912,135.7249,137.1552,138.5819,139.0776,133.0497,126.9669,121.7674,118.4013,115.0023,114.4077,113.7988,114.1268,113.4923,113.8003,114.0995,114.3901,114.672,113.9792,114.2414,114.4949,114.7397,114.9757,114.2266,114.4433,114.6512,114.8504,115.0408,115.2225,115.3954,115.5595,115.7149,117.8419
96.41814,93.5035,92.5101,90.88714,89.27091,87.66165,86.05955,84.46484,82.28994,80.71771,79.72712,78.73047,76.60943,75.06343,73.52627,72.53545,71.00918,70.01481,69.53014,69.02522,68.5,67.95445,67.38854,66.32507,65.25655,64.64481,64.46665,63.36009,62.68707,62.42411,61.70227,60.54521,59.79029,59.01486,58.21894,57.40251,56.19099,52.40968,48.73804,45.52696,43.09454,40.72444,39.39375,38.07656,37.08204,35.78399,34.79223,33.79783,32.80085,31.80137,30.54065,29.54484,28.54678,27.54655,26.54422,25.32343,24.32567,23.32605,22.32465,21.32156,20.31684,19.31057,18.30283,17.2937,16.5616
114.9067,113.4288,114.2405,114.2608,114.2616,114.2429,113.4062,114.1477,113.2624,113.1621,113.8621,113.7294,113.5781,114.2424,113.2205,113.8578,113.6384,114.2538,115.7176,117.1816,118.6455,120.1091,121.5721,122.1556,122.7297,124.1815,125.6319,127.0807,128.5275,129.9723,131.4146,132.8543,134.2912,135.7249,137.1552,138.5819,138.1504,133.9801,127.9005,122.7041,118.4013,115.0023,114.4077,113.7988,114.1268,113.4923,113.8003,114.0995,114.3901,114.672,114.9452,114.2414,114.4949,114.7397,114.0013,115.2029,114.4433,114.6512,114.8504,115.0408,115.2225,115.3954,115.5595,115.7149,116.8516
96.41814,93.5035,92.5101,90.88714,89.27091,87.66165,85.45773,84.46484,82.28994,80.71771,79.72712,78.16406,76.60943,75.61537,73.52627,72.53545,71.00918,70.01481,69.53014,69.02522,68.5,67.95445,67.38854,66.32507,65.25655,64.64481,64.01266,63.36009,62.68707,61.9936,61.27965,60.54521,59.79029,59.01486,58.21894,57.40251,55.81638,52.77618,49.09641,45.87717,43.09454,40.72444,39.39375,38.07656,37.08204,35.78399,34.79223,33.79783,32.80085,31.80137,30.79947,29.54484,28.54678,27.54655,26.31927,25.53987,24.32567,23.32605,22.32465,21.32156,20.31684,19.31057,18.30283,17.2937,16.42243
114.9067,113.4288,114.2405,114.2608,114.2616,114.2429,114.2049,114.1477,113.2624,113.1621,113.8621,113.7294,113.5781,113.4085,113.2205,113.8578,113.6384,114.2538,115.7176,117.1816,118.6455,120.1091,121.5721,122.1556,122.7297,124.1815,125.6319,127.0807,128.5275,130.8749,131.4146,132.8543,134.2912,135.7249,137.1552,138.5819,138.1504,133.9801,126.9669,122.7041,118.4013,115.0023,115.3533,113.7988,114.1268,113.4923,113.8003,114.0995,114.3901,113.7084,113.9792,114.2414,114.4949,114.7397,114.0013,114.2266,114.4433,114.6512,114.8504,115.0408,115.2225,115.3954,115.5595,115.7149,116.8516
96.41814,93.5035,92.5101,90.88714,89.27091,87.66165,86.05955,84.46484,82.28994,80.71771,79.72712,78.16406,76.60943,75.06343,73.52627,72.53545,71.00918,70.01481,69.53014,69.02522,68.5,67.95445,67.38854,66.32507,65.25655,64.64481,64.01266,63.36009,62.68707,62.42411,61.27965,60.54521,59.79029,59.01486,58.21894,57.40251,55.81638,52.77618,48.73804,45.87717,43.09454,40.72444,39.71931,38.07656,37.08204,35.78399,34.79223,33.79783,32.80085,31.53413,30.54065,29.54484,28.54678,27.54655,26.31927,25.32343,24.32567,23.32605,22.32465,21.32156,20.31684,19.31057,18.30283,17.2937,16.42243
114.9067,113.4288,114.2405,114.2608,114.2616,114.2429,114.2049,114.1477,113.2624,113.9762,113.8621,113.7294,114.4072,113.4085,113.2205,113.8578,113.6384,114.2538,115.7176,117.1816,117.7795,120.1091,121.5721,122.1556,122.7297,124.1815,125.6319,127.0807,128.5275,129.9723,131.4146,132.8543,134.2912,135.7249,137.1552,138.5819,138.1504,133.9801,126.9669,121.7674,118.4013,115.0023,114.4077,113.7988,113.1757,113.4923,113.8003,114.0995,113.4289,114.672,113.9792,114.2414,114.4949,114.7397,114.0013,115.2029,115.4214,114.6512,114.8504,115.0408,115.2225,115.3954,115.5595,115.7149,117.8419
96.41814,93.5035,92.5101,90.88714,89.27091,87.66165,86.05955,84.46484,82.28994,81.29841,79.72712,78.16406,77.16862,75.06343,73.52627,72.53545,71.00918,70.01481,69.53014,69.02522,68,67.95445,67.38854,66.32507,65.25655,64.64481,64.01266,63.36009,62.68707,61.9936,61.27965,60.54521,59.79029,59.01486,58.21894,57.40251,55.81638,52.77618,48.73804,45.52696,43.09454,40.72444,39.39375,38.07656,36.77302,35.78399,34.79223,33.79783,32.52521,31.80137,30.54065,29.54484,28.54678,27.54655,26.31927,25.53987,24.53358,23.32605,22.32465,21.32156,20.31684,19.31057,18.30283,17.2937,16.5616
114.9067,113.4288,114.2405,114.2608,114.2616,114.2429,114.2049,114.1477,114.0714,113.1621,113.8621,113.7294,114.4072,114.2424,113.2205,113.8578,113.6384,115.1064,115.7176,117.1816,118.6455,120.1091,120.6975,122.1556,122.7297,124.1815,125.6319,127.0807,128.5275,129.9723,131.4146,132.8543,134.2912,135.7249,137.1552,137.6581,138.1504,133.0497,126.9669,121.7674,117.4616,115.0023,114.4077,113.7988,113.1757,113.4923,113.8003,114.0995,114.3901,114.672,113.9792,114.2414,114.4949,113.7673,114.0013,114.2266,115.4214,114.6512,114.8504,115.0408,115.2225,115.3954,115.5595,115.7149,116.8516
96.41814,93.5035,92.5101,90.88714,89.27091,87.66165,86.05955,84.46484,82.87772,80.71771,79.72712,78.16406,77.16862,75.61537,73.52627,72.53545,71.00918,70.53731,69.53014,69.02522,68.5,67.95445,66.90373,66.32507,65.25655,64.64481,64.01266,63.36009,62.68707,61.9936,61.27965,60.54521,59.79029,59.01486,58.21894,57.01983,55.81638,52.40968,48.73804,45.52696,42.75252,40.72444,39.39375,38.07656,36.77302,35.78399,34.79223,33.79783,32.80085,31.80137,30.54065,29.54484,28.54678,27.31311,26.31927,25.32343,24.53358,23.32605,22.32465,21.32156,20.31684,19.31057,18.30283,17.2937,16.42243
114.9067,113.4288,114.2405,114.2608,114.2616,114.2429,113.4062,113.3438,114.0714,113.9762,113.8621,113.7294,113.5781,113.4085,113.2205,113.8578,113.6384,114.2538,115.7176,117.1816,118.6455,120.1091,121.5721,122.1556,122.7297,124.1815,126.5229,127.0807,128.5275,129.9723,131.4146,132.8543,134.2912,135.7249,137.1552,138.5819,138.1504,133.0497,126.9669,122.7041,118.4013,115.9449,114.4077,113.7988,114.1268,113.4923,113.8003,114.0995,114.3901,114.672,113.9792,114.2414,114.4949,114.7397,114.9757,114.2266,114.4433,114.6512,114.8504,115.0408,115.2225,115.3954,115.5595,115.7149,117.8419
96.41814,93.5035,92.5101,90.88714,89.27091,87.66165,85.45773,83.87001,82.87772,81.29841,79.72712,78.16406,76.60943,75.06343,73.52627,72.53545,71.00918,70.01481,69.53014,69.02522,68.5,67.95445,67.38854,66.32507,65.25655,64.64481,64.46665,63.36009,62.68707,61.9936,61.27965,60.54521,59.79029,59.01486,58.21894,57.40251,55.81638,52.40968,48.73804,45.87717,43.09454,41.05824,39.39375,38.07656,37.08204,35.78399,34.79223,33.79783,32.80085,31.80137,30.54065,29.54484,28.54678,27.54655,26.54422,25.32343,24.32567,23.32605,22.32465,21.32156,20.31684,19.31057,18.30283,17.2937,16.5616
114.9067,113.4288,114.2405,114.2608,114.2616,114.2429,114.2049,114.1477,113.2624,113.1621,113.8621,114.5535,114.4072,114.2424,114.0592,113.8578,114.4865,114.2538,115.7176,116.3199,118.6455,120.1091,121.5721,122.1556,122.7297,124.1815,126.5229,127.0807,129.4263,129.9723,132.3209,132.8543,134.2912,135.7249,137.1552,138.5819,138.1504,133.0497,126.9669,122.7041,118.4013,115.0023,114.4077,113.7988,114.1268,113.4923,113.8003,114.0995,113.4289,114.672,113.9792,114.2414,114.4949,114.7397,114.0013,115.2029,114.4433,115.6311,114.8504,115.0408,115.2225,115.3954,115.5595,115.7149,116.8516
96.41814,93.5035,92.5101,90.88714,89.27091,87.66165,86.05955,84.46484,82.28994,80.71771,79.72712,78.73047,77.16862,75.61537,74.07091,72.53545,71.5391,70.01481,69.53014,68.51768,68.5,67.95445,67.38854,66.32507,65.25655,64.64481,64.46665,63.36009,63.12545,61.9936,61.70227,60.54521,59.79029,59.01486,58.21894,57.40251,55.81638,52.40968,48.73804,45.87717,43.09454,40.72444,39.39375,38.07656,37.08204,35.78399,34.79223,33.79783,32.52521,31.80137,30.54065,29.54484,28.54678,27.54655,26.31927,25.53987,24.32567,23.52542,22.32465,21.32156,20.31684,19.31057,18.30283,17.2937,16.42243
114.9067,113.4288,114.2405,114.2608,114.2616,114.2429,114.2049,114.1477,113.2624,113.9762,113.8621,114.5535,113.5781,113.4085,113.2205,113.8578,113.6384,114.2538,115.7176,117.1816,118.6455,120.1091,121.5721,122.1556,122.7297,124.1815,126.5229,127.0807,128.5275,130.8749,131.4146,132.8543,134.2912,135.7249,137.1552,138.5819,139.0776,133.9801,126.9669,121.7674,118.4013,115.0023,114.4077,113.7988,114.1268,113.4923,113.8003,114.0995,114.3901,114.672,113.9792,114.2414,114.4949,114.7397,114.9757,115.2029,114.4433,114.6512,114.8504,115.0408,115.2225,116.3817,115.5595,115.7149,117.8419
96.41814,93.5035,92.5101,90.88714,89.27091,87.66165,86.05955,84.46484,82.28994,81.29841,79.72712,78.73047,76.60943,75.06343,73.52627,72.53545,71.00918,70.01481,69.53014,69.02522,68.5,67.95445,67.38854,66.32507,65.25655,64.64481,64.46665,63.36009,62.68707,62.42411,61.27965,60.54521,59.79029,59.01486,58.21894,57.40251,56.19099,52.77618,48.73804,45.52696,43.09454,40.72444,39.39375,38.07656,37.08204,35.78399,34.79223,33.79783,32.80085,31.80137,30.54065,29.54484,28.54678,27.54655,26.54422,25.53987,24.32567,23.32605,22.32465,21.32156,20.31684,19.47562,18.30283,17.2937,16.5616
114.9067,113.4288,114.2405,114.2608,114.2616,114.2429,114.2049,114.1477,113.2624,113.1621,113.8621,113.7294,113.5781,113.4085,114.0592,113.8578,113.6384,114.2538,115.7176,117.1816,118.6455,120.1091,121.5721,122.1556,122.7297,124.1815,125.6319,127.0807,128.5275,129.9723,131.4146,132.8543,134.2912,135.7249,137.1552,138.5819,138.1504,133.9801,126.9669,122.7041,118.4013,115.0023,114.4077,113.7988,114.1268,114.446,113.8003,114.0995,114.3901,113.7084,113.9792,114.2414,114.4949,114.7397,114.0013,114.2266,114.4433,114.6512,114.8504,115.0408,115.2225,115.3954,115.5595,115.7149,117.8419
96.41814,93.5035,92.5101,90.88714,89.27091,87.66165,86.05955,84.46484,82.28994,80.71771,79.72712,78.16406,76.60943,75.06343,74.07091,72.53545,71.00918,70.01481,69.53014,69.02522,68.5,67.95445,67.38854,66.32507,65.25655,64.64481,64.01266,63.36009,62.68707,61.9936,61.27965,60.54521,59.79029,59.01486,58.21894,57.40251,55.81638,52.77618,48.73804,45.87717,43.09454,40.72444,39.39375,38.07656,37.08204,36.0847,34.79223,33.79783,32.80085,31.53413,30.54065,29.54484,28.54678,27.54655,26.31927,25.32343,24.32567,23.32605,22.32465,21.32156,20.31684,19.31057,18.30283,17.2937,16.5616
114.9067,113.4288,113.4633,114.2608,114.2616,114.2429,113.4062,114.1477,113.2624,113.1621,113.8621,113.7294,114.4072,114.2424,113.2205,113.8578,113.6384,115.1064,115.7176,117.1816,118.6455,120.1091,120.6975,122.1556,122.7297,124.1815,125.6319,127.9756,128.5275,129.9723,132.3209,132.8543,134.2912,135.7249,137.1552,138.5819,138.1504,133.0497,126.9669,122.7041,118.4013,115.0023,114.4077,112.8505,114.1268,113.4923,113.8003,114.0995,114.3901,114.672,114.9452,114.2414,114.4949,114.7397,114.9757,114.2266,114.4433,114.6512,114.8504,115.0408,115.2225,115.3954,115.5595,115.7149,117.8419
96.41814,93.5035,91.88078,90.88714,89.27091,87.66165,85.45773,84.46484,82.28994,80.71771,79.72712,78.16406,77.16862,75.61537,73.52627,72.53545,71.00918,70.53731,69.53014,69.02522,68.5,67.95445,66.90373,66.32507,65.25655,64.64481,64.01266,63.80629,62.68707,61.9936,61.70227,60.54521,59.79029,59.01486,58.21894,57.40251,55.81638,52.40968,48.73804,45.87717,43.09454,40.72444,39.39375,37.75925,37.08204,35.78399,34.79223,33.79783,32.80085,31.80137,30.79947,29.54484,28.54678,27.54655,26.54422,25.32343,24.32567,23.32605,22.32465,21.32156,20.31684,19.31057,18.30283,17.2937,16.5616
114.9067,113.4288,113.4633,114.2608,114.2616,114.2429,114.2049,113.3438,114.0714,113.1621,113.8621,113.7294,113.5781,114.2424,113.2205,113.8578,113.6384,114.2538,115.7176,117.1816,118.6455,120.1091,121.5721,122.1556,122.7297,124.1815,126.5229,127.0807,128.5275,129.9723,132.3209,132.8543,134.2912,135.7249,137.1552,138.5819,139.0776,133.0497,127.9005,122.7041,118.4013,115.9449,114.4077,113.7988,114.1268,113.4923,113.8003,114.0995,114.3901,113.7084,113.9792,114.2414,114.4949,114.7397,114.9757,114.2266,114.4433,114.6512,114.8504,115.0408,115.2225,116.3817,115.5595,116.7039,117.8419
96.41814,93.5035,91.88078,90.88714,89.27091,87.66165,86.05955,83.87001,82.87772,80.71771,79.72712,78.16406,76.60943,75.61537,73.52627,72.53545,71.00918,70.01481,69.53014,69.02522,68.5,67.95445,67.38854,66.32507,65.25655,64.64481,64.46665,63.36009,62.68707,61.9936,61.70227,60.54521,59.79029,59.01486,58.21894,57.40251,56.19099,52.40968,49.09641,45.87717,43.09454,41.05824,39.39375,38.07656,37.08204,35.78399,34.79223,33.79783,32.80085,31.53413,30.54065,29.54484,28.54678,27.54655,26.54422,25.32343,24.32567,23.32605,22.32465,21.32156,20.31684,19.47562,18.30283,17.44151,16.5616
114.9067,113.4288,113.4633,114.2608,114.2616,114.2429,114.2049,114.1477,114.0714,113.1621,113.8621,113.7294,113.5781,113.4085,114.0592,113.8578,113.6384,115.1064,115.7176,117.1816,118.6455,120.1091,120.6975,122.1556,122.7297,124.1815,125.6319,127.0807,128.5275,129.9723,131.4146,132.8543,134.2912,135.7249,137.1552,137.6581,138.1504,133.0497,126.9669,121.7674,118.4013,115.9449,114.4077,113.7988,113.1757,113.4923,113.8003,114.0995,114.3901,114.672,114.9452,114.2414,113.5246,114.7397,114.9757,115.2029,114.4433,114.6512,114.8504,115.0408,115.2225,115.3954,115.5595,115.7149,117.8419
96.41814,93.5035,91.88078,90.88714,89.27091,87.66165,86.05955,84.46484,82.87772,80.71771,79.72712,78.16406,76.60943,75.06343,74.07091,72.53545,71.00918,70.53731,69.53014,69.02522,68.5,67.95445,66.90373,66.32507,65.25655,64.64481,64.01266,63.36009,62.68707,61.9936,61.27965,60.54521,59.79029,59.01486,58.21894,57.01983,55.81638,52.40968,48.73804,45.52696,43.09454,41.05824,39.39375,38.07656,36.77302,35.78399,34.79223,33.79783,32.80085,31.80137,30.79947,29.54484,28.30486,27.54655,26.54422,25.53987,24.32567,23.32605,22.32465,21.32156,20.31684,19.31057,18.30283,17.2937,16.5616
114.9067,113.4288,114.2405,114.2608,114.2616,114.2429,114.2049,114.1477,114.0714,113.9762,113.8621,113.7294,113.5781,114.2424,113.2205,113.8578,113.6384,114.2538,115.7176,117.1816,118.6455,120.1091,121.5721,122.1556,122.7297,125.0685,125.6319,127.0807,129.4263,129.9723,132.3209,132.8543,134.2912,135.7249,137.1552,138.5819,138.1504,133.0497,127.9005,121.7674,118.4013,115.0023,114.4077,113.7988,114.1268,113.4923,113.8003,114.0995,114.3901,114.672,113.9792,114.2414,114.4949,114.7397,114.0013,114.2266,114.4433,114.6512,114.8504,115.0408,115.2225,115.3954,115.5595,116.7039,117.8419
96.41814,93.5035,92.5101,90.88714,89.27091,87.66165,86.05955,84.46484,82.87772,81.29841,79.72712,78.16406,76.60943,75.61537,73.52627,72.53545,71.00918,70.01481,69.53014,69.02522,68.5,67.95445,67.38854,66.32507,65.25655,65.10655,64.01266,63.36009,63.12545,61.9936,61.70227,60.54521,59.79029,59.01486,58.21894,57.40251,55.81638,52.40968,49.09641,45.52696,43.09454,40.72444,39.39375,38.07656,37.08204,35.78399,34.79223,33.79783,32.80085,31.80137,30.54065,29.54484,28.54678,27.54655,26.31927,25.32343,24.32567,23.32605,22.32465,21.32156,20.31684,19.31057,18.30283,17.44151,16.5616
114.9067,113.4288,114.2405,114.2608,114.2616,114.2429,114.2049,114.1477,113.2624,113.1621,113.8621,114.5535,113.5781,113.4085,113.2205,113.8578,114.4865,114.2538,115.7176,117.1816,118.6455,120.1091,120.6975,122.1556,123.6127,124.1815,125.6319,127.0807,129.4263,129.9723,131.4146,132.8543,134.2912,135.7249,137.1552,138.5819,138.1504,133.0497,126.9669,121.7674,118.4013,115.0023,114.4077,113.7988,114.1268,114.446,113.8003,114.0995,113.4289,113.7084,113.9792,114.2414,114.4949,114.7397,114.9757,114.2266,114.4433,114.6512,114.8504,115.0408,115.2225,115.3954,115.5595,116.7039,117.8419
96.41814,93.5035,92.5101,90.88714,89.27091,87.66165,86.05955,84.46484,82.28994,80.71771,79.72712,78.73047,76.60943,75.06343,73.52627,72.53545,71.5391,70.01481,69.53014,69.02522,68.5,67.95445,66.90373,66.32507,65.72602,64.64481,64.01266,63.36009,63.12545,61.9936,61.27965,60.54521,59.79029,59.01486,58.21894,57.40251,55.81638,52.40968,48.73804,45.52696,43.09454,40.72444,39.39375,38.07656,37.08204,36.0847,34.79223,33.79783,32.52521,31.53413,30.54065,29.54484,28.54678,27.54655,26.54422,25.32343,24.32567,23.32605,22.32465,21.32156,20.31684,19.31057,18.30283,17.44151,16.5616
114.9067,113.4288,114.2405,114.2608,114.2616,114.2429,114.2049,114.1477,114.0714,113.1621,113.8621,114.5535,114.4072,114.2424,113.2205,113.8578,113.6384,115.1064,115.7176,117.1816,118.6455,120.1091,120.6975,122.1556,122.7297,124.1815,126.5229,127.0807,128.5275,129.9723,132.3209,132.8543,134.2912,134.8078,137.1552,138.5819,138.1504,133.0497,126.9669,122.7041,118.4013,115.0023,114.4077,113.7988,114.1268,113.4923,113.8003,114.0995,114.3901,114.672,113.9792,114.2414,114.4949,114.7397,114.9757,114.2266,115.4214,115.6311,115.832,116.0241,115.2225,116.3817,115.5595,115.7149,117.8419
96.41814,93.5035,92.5101,90.88714,89.27091,87.66165,86.05955,84.46484,82.87772,80.71771,79.72712,78.73047,77.16862,75.61537,73.52627,72.53545,71.00918,70.53731,69.53014,69.02522,68.5,67.95445,66.90373,66.32507,65.25655,64.64481,64.46665,63.36009,62.68707,61.9936,61.70227,60.54521,59.79029,58.61611,58.21894,57.40251,55.81638,52.40968,48.73804,45.87717,43.09454,40.72444,39.39375,38.07656,37.08204,35.78399,34.79223,33.79783,32.80085,31.80137,30.54065,29.54484,28.54678,27.54655,26.54422,25.32343,24.53358,23.52542,22.51546,21.50379,20.31684,19.47562,18.30283,17.2937,16.5616
114.9067,113.4288,113.4633,114.2608,114.2616,114.2429,114.2049,114.1477,114.0714,113.1621,113.8621,114.5535,113.5781,113.4085,113.2205,113.8578,113.6384,114.2538,115.7176,117.1816,118.6455,120.1091,120.6975,122.1556,122.7297,124.1815,125.6319,127.9756,129.4263,129.9723,131.4146,132.8543,134.2912,135.7249,137.1552,138.5819,138.1504,133.0497,126.9669,122.7041,118.4013,115.0023,114.4077,113.7988,113.1757,113.4923,113.8003,114.0995,114.3901,114.672,114.9452,114.2414,114.4949,114.7397,114.0013,114.2266,114.4433,114.6512,115.832,115.0408,116.2073,115.3954,115.5595,115.7149,117.8419
96.41814,93.5035,91.88078,90.88714,89.27091,87.66165,86.05955,84.46484,82.87772,80.71771,79.72712,78.73047,76.60943,75.06343,73.52627,72.53545,71.00918,70.01481,69.53014,69.02522,68.5,67.95445,66.90373,66.32507,65.25655,64.64481,64.01266,63.80629,63.12545,61.9936,61.27965,60.54521,59.79029,59.01486,58.21894,57.40251,55.81638,52.40968,48.73804,45.87717,43.09454,40.72444,39.39375,38.07656,36.77302,35.78399,34.79223,33.79783,32.80085,31.80137,30.79947,29.54484,28.54678,27.54655,26.31927,25.32343,24.32567,23.32605,22.51546,21.32156,20.49048,19.31057,18.30283,17.2937,16.5616
114.9067,113.4288,114.2405,114.2608,114.2616,114.2429,114.2049,114.1477,114.0714,113.1621,113.8621,113.7294,113.5781,113.4085,113.2205,113.8578,113.6384,114.2538,116.5748,117.1816,117.7795,120.1091,121.5721,122.1556,122.7297,124.1815,125.6319,127.0807,128.5275,129.9723,131.4146,132.8543,134.2912,135.7249,137.1552,138.5819,139.0776,133.9801,126.9669,121.7674,118.4013,115.9449,114.4077,113.7988,114.1268,114.446,113.8003,114.0995,114.3901,113.7084,113.9792,114.2414,114.4949,114.7397,114.0013,115.2029,114.4433,114.6512,114.8504,115.0408,115.2225,115.3954,116.5472,115.7149,116.8516
96.41814,93.5035,92.5101,90.88714,89.27091,87.66165,86.05955,84.46484,82.87772,80.71771,79.72712,78.16406,76.60943,75.06343,73.52627,72.53545,71.00918,70.01481,70.04518,69.02522,68,67.95445,67.38854,66.32507,65.25655,64.64481,64.01266,63.36009,62.68707,61.9936,61.27965,60.54521,59.79029,59.01486,58.21894,57.40251,56.19099,52.77618,48.73804,45.52696,43.09454,41.05824,39.39375,38.07656,37.08204,36.0847,34.79223,33.79783,32.80085,31.53413,30.54065,29.54484,28.54678,27.54655,26.31927,25.53987,24.32567,23.32605,22.32465,21.32156,20.31684,19.31057,18.45927,17.2937,16.42243
114.9067,113.4288,113.4633,114.2608,114.2616,114.2429,114.2049,114.1477,114.0714,113.1621,113.8621,114.5535,113.5781,114.2424,113.2205,113.8578,113.6384,114.2538,115.7176,117.1816,118.6455,120.1091,120.6975,122.1556,122.7297,125.0685,126.5229,127.0807,129.4263,130.8749,132.3209,132.8543,134.2912,135.7249,137.1552,138.5819,138.1504,133.0497,126.9669,122.7041,118.4013,115.0023,114.4077,113.7988,113.1757,113.4923,113.8003,114.0995,114.3901,113.7084,114.9452,114.2414,114.4949,114.7397,114.9757,114.2266,114.4433,114.6512,114.8504,115.0408,115.2225,115.3954,115.5595,115.7149,118.8322
96.41814,93.5035,91.88078,90.88714,89.27091,87.66165,86.05955,84.46484,82.87772,80.71771,79.72712,78.73047,76.60943,75.61537,73.52627,72.53545,71.00918,70.01481,69.53014,69.02522,68.5,67.95445,66.90373,66.32507,65.25655,65.10655,64.46665,63.36009,63.12545,62.42411,61.70227,60.54521,59.79029,59.01486,58.21894,57.40251,55.81638,52.40968,48.73804,45.87717,43.09454,40.72444,39.39375,38.07656,36.77302,35.78399,34.79223,33.79783,32.80085,31.53413,30.79947,29.54484,28.54678,27.54655,26.54422,25.32343,24.32567,23.32605,22.32465,21.32156,20.31684,19.31057,18.30283,17.2937,16.70077
114.9067,113.4288,114.2405,114.2608,114.2616,114.2429,114.2049,114.1477,114.0714,113.9762,113.8621,113.7294,113.5781,114.2424,113.2205,113.8578,113.6384,114.2538,115.7176,117.1816,118.6455,120.1091,121.5721,122.1556,122.7297,124.1815,125.6319,127.9756,128.5275,129.9723,132.3209,132.8543,134.2912,135.7249,137.1552,138.5819,138.1504,133.0497,127.9005,121.7674,118.4013,115.0023,114.4077,113.7988,114.1268,113.4923,113.8003,114.0995,113.4289,114.672,113.9792,114.2414,114.4949,114.7397,114.0013,114.2266,114.4433,114.6512,114.8504,115.0408,115.2225,116.3817,115.5595,116.7039,117.8419
96.41814,93.5035,92.5101,90.88714,89.27091,87.66165,86.05955,84.46484,82.87772,81.29841,79.72712,78.16406,76.60943,75.61537,73.52627,72.53545,71.00918,70.01481,69.53014,69.02522,68.5,67.95445,67.38854,66.32507,65.25655,64.64481,64.01266,63.80629,62.68707,61.9936,61.70227,60.54521,59.79029,59.01486,58.21894,57.40251,55.81638,52.40968,49.09641,45.52696,43.09454,40.72444,39.39375,38.07656,37.08204,35.78399,34.79223,33.79783,32.52521,31.80137,30.54065,29.54484,28.54678,27.54655,26.31927,25.32343,24.32567,23.32605,22.32465,21.32156,20.31684,19.47562,18.30283,17.44151,16.5616
114.9067,113.4288,114.2405,114.2608,114.2616,114.2429,114.2049,114.1477,113.2624,113.1621,113.8621,114.5535,113.5781,114.2424,114.0592,113.8578,113.6384,114.2538,116.5748,117.1816,118.6455,119.2387,121.5721,122.1556,122.7297,124.1815,126.5229,127.0807,129.4263,129.9723,132.3209,132.8543,134.2912,135.7249,137.1552,138.5819,138.1504,133.0497,126.9669,122.7041,119.341,115.0023,114.4077,113.7988,114.1268,113.4923,113.8003,114.0995,114.3901,113.7084,113.9792,114.2414,114.4949,114.7397,114.0013,114.2266,114.4433,114.6512,114.8504,115.0408,115.2225,115.3954,115.5595,115.7149,117.8419
96.41814,93.5035,92.5101,90.88714,89.27091,87.66165,86.05955,84.46484,82.28994,80.71771,79.72712,78.73047,76.60943,75.61537,74.07091,72.53545,71.00918,70.01481,70.04518,69.02522,68.5,67.46203,67.38854,66.32507,65.25655,64.64481,64.46665,63.36009,63.12545,61.9936,61.70227,60.54521,59.79029,59.01486,58.21894,57.40251,55.81638,52.40968,48.73804,45.87717,43.43656,40.72444,39.39375,38.07656,37.08204,35.78399,34.79223,33.79783,32.80085,31.53413,30.54065,29.54484,28.54678,27.54655,26.31927,25.32343,24.32567,23.32605,22.32465,21.32156,20.31684,19.31057,18.30283,17.2937,16.5616
114.9067,113.4288,114.2405,114.2608,113.4735,114.2429,113.4062,114.1477,113.2624,113.1621,113.8621,113.7294,113.5781,113.4085,113.2205,113.8578,113.6384,114.2538,115.7176,117.1816,118.6455,120.1091,121.5721,122.1556,122.7297,124.1815,125.6319,127.0807,128.5275,129.9723,131.4146,132.8543,134.2912,135.7249,137.1552,138.5819,138.1504,133.0497,127.9005,122.7041,118.4013,115.0023,114.4077,113.7988,114.1268,113.4923,113.8003,114.0995,114.3901,114.672,113.9792,114.2414,114.4949,114.7397,114.0013,115.2029,114.4433,114.6512,114.8504,115.0408,115.2225,115.3954,115.5595,115.7149,118.8322
96.41814,93.5035,92.5101,90.88714,88.65525,87.66165,85.45773,84.46484,82.28994,80.71771,79.72712,78.16406,76.60943,75.06343,73.52627,72.53545,71.00918,70.01481,69.53014,69.02522,68.5,67.95445,67.38854,66.32507,65.25655,64.64481,64.01266,63.36009,62.68707,61.9936,61.27965,60.54521,59.79029,59.01486,58.21894,57.40251,55.81638,52.40968,49.09641,45.87717,43.09454,40.72444,39.39375,38.07656,37.08204,35.78399,34.79223,33.79783,32.80085,31.80137,30.54065,29.54484,28.54678,27.54655,26.31927,25.53987,24.32567,23.32605,22.32465,21.32156,20.31684,19.31057,18.30283,17.2937,16.70077
114.9067,113.4288,114.2405,114.2608,114.2616,114.2429,114.2049,114.1477,114.0714,113.1621,113.8621,114.5535,113.5781,114.2424,113.2205,113.8578,113.6384,114.2538,115.7176,117.1816,118.6455,120.1091,121.5721,122.1556,122.7297,124.1815,125.6319,127.9756,128.5275,130.8749,131.4146,132.8543,134.2912,134.8078,137.1552,138.5819,138.1504,133.0497,127.9005,121.7674,118.4013,115.9449,115.3533,113.7988,113.1757,114.446,113.8003,114.0995,114.3901,114.672,113.9792,114.2414,114.4949,114.7397,114.9757,114.2266,114.4433,114.6512,114.8504,115.0408,115.2225,115.3954,115.5595,115.7149,117.8419
96.41814,93.5035,92.5101,90.88714,89.27091,87.66165,86.05955,84.46484,82.87772,80.71771,79.72712,78.73047,76.60943,75.61537,73.52627,72.53545,71.00918,70.01481,69.53014,69.02522,68.5,67.95445,67.38854,66.32507,65.25655,64.64481,64.01266,63.80629,62.68707,62.42411,61.27965,60.54521,59.79029,58.61611,58.21894,57.40251,55.81638,52.40968,49.09641,45.52696,43.09454,41.05824,39.71931,38.07656,36.77302,36.0847,34.79223,33.79783,32.80085,31.80137,30.54065,29.54484,28.54678,27.54655,26.54422,25.32343,24.32567,23.32605,22.32465,21.32156,20.31684,19.31057,18.30283,17.2937,16.5616
114.9067,113.4288,114.2405,114.2608,114.2616,114.2429,114.2049,114.1477,113.2624,113.1621,113.8621,114.5535,114.4072,114.2424,113.2205,113.0145,113.6384,114.2538,115.7176,117.1816,118.6455,120.1091,121.5721,122.1556,122.7297,124.1815,125.6319,127.0807,128.5275,130.8749,131.4146,132.8543,134.2912,135.7249,137.1552,137.6581,138.1504,133.0497,126.9669,121.7674,118.4013,115.9449,114.4077,113.7988,113.1757,113.4923,113.8003,114.0995,114.3901,114.672,113.9792,114.2414,114.4949,114.7397,114.9757,114.2266,114.4433,114.6512,114.8504,115.0408,115.2225,115.3954,115.5595,115.7149,117.8419
96.41814,93.5035,92.5101,90.88714,89.27091,87.66165,86.05955,84.46484,82.28994,80.71771,79.72712,78.73047,77.16862,75.61537,73.52627,71.99815,71.00918,70.01481,69.53014,69.02522,68.5,67.95445,67.38854,66.32507,65.25655,64.64481,64.01266,63.36009,62.68707,62.42411,61.27965,60.54521,59.79029,59.01486,58.21894,57.01983,55.81638,52.40968,48.73804,45.52696,43.09454,41.05824,39.39375,38.07656,36.77302,35.78399,34.79223,33.79783,32.80085,31.80137,30.54065,29.54484,28.54678,27.54655,26.54422,25.32343,24.32567,23.32605,22.32465,21.32156,20.31684,19.31057,18.30283,17.2937,16.5616
114.9067,113.4288,114.2405,114.2608,114.2616,114.2429,114.2049,114.1477,114.0714,113.1621,113.8621,114.5535,113.5781,114.2424,113.2205,113.8578,113.6384,114.2538,115.7176,117.1816,118.6455,119.2387,120.6975,122.1556,122.7297,124.1815,126.5229,127.0807,129.4263,129.9723,131.4146,132.8543,134.2912,135.7249,137.1552,138.5819,138.1504,133.0497,126.9669,122.7041,118.4013,115.0023,114.4077,113.7988,114.1268,113.4923,113.8003,114.0995,114.3901,113.7084,113.9792,114.2414,114.4949,113.7673,114.9757,114.2266,115.4214,114.6512,114.8504,116.0241,115.2225,115.3954,115.5595,116.7039,117.8419
96.41814,93.5035,92.5101,90.88714,89.27091,87.66165,86.05955,84.46484,82.87772,80.71771,79.72712,78.73047,76.60943,75.61537,73.52627,72.53545,71.00918,70.01481,69.53014,69.02522,68.5,67.46203,66.90373,66.32507,65.25655,64.64481,64.46665,63.36009,63.12545,61.9936,61.27965,60.54521,59.79029,59.01486,58.21894,57.40251,55.81638,52.40968,48.73804,45.87717,43.09454,40.72444,39.39375,38.07656,37.08204,35.78399,34.79223,33.79783,32.80085,31.53413,30.54065,29.54484,28.54678,27.31311,26.54422,25.32343,24.53358,23.32605,22.32465,21.50379,20.31684,19.31057,18.30283,17.44151,16.5616
114.9067,113.4288,114.2405,114.2608,114.2616,114.2429,114.2049,113.3438,114.0714,113.9762,113.8621,113.7294,113.5781,114.2424,113.2205,113.8578,113.6384,114.2538,115.7176,117.1816,118.6455,119.2387,120.6975,122.1556,122.7297,124.1815,125.6319,127.9756,128.5275,129.9723,132.3209,132.8543,134.2912,135.7249,137.1552,137.6581,139.0776,133.9801,126.9669,122.7041,118.4013,115.9449,114.4077,113.7988,113.1757,113.4923,113.8003,114.0995,114.3901,114.672,113.9792,114.2414,114.4949,114.7397,114.9757,115.2029,115.4214,115.6311,114.8504,115.0408,115.2225,115.3954,115.5595,115.7149,116.8516
96.41814,93.5035,92.5101,90.88714,89.27091,87.66165,86.05955,83.87001,82.87772,81.29841,79.72712,78.16406,76.60943,75.61537,73.52627,72.53545,71.00918,70.01481,69.53014,69.02522,68.5,67.46203,66.90373,66.32507,65.25655,64.64481,64.01266,63.80629,62.68707,61.9936,61.70227,60.54521,59.79029,59.01486,58.21894,57.01983,56.19099,52.77618,48.73804,45.87717,43.09454,41.05824,39.39375,38.07656,36.77302,35.78399,34.79223,33.79783,32.80085,31.80137,30.54065,29.54484,28.54678,27.54655,26.54422,25.53987,24.53358,23.52542,22.32465,21.32156,20.31684,19.31057,18.30283,17.2937,16.42243
114.9067,113.4288,114.2405,114.2608,114.2616,114.2429,114.2049,114.1477,113.2624,113.1621,113.8621,114.5535,114.4072,114.2424,113.2205,113.8578,113.6384,115.1064,115.7176,117.1816,118.6455,120.1091,120.6975,122.1556,122.7297,124.1815,126.5229,127.0807,129.4263,129.9723,131.4146,132.8543,134.2912,135.7249,137.1552,137.6581,138.1504,133.9801,127.9005,122.7041,118.4013,115.0023,114.4077,113.7988,113.1757,113.4923,113.8003,114.0995,114.3901,113.7084,113.9792,114.2414,114.4949,114.7397,114.9757,115.2029,114.4433,114.6512,114.8504,115.0408,115.2225,115.3954,115.5595,115.7149,116.8516
96.41814,93.5035,92.5101,90.88714,89.27091,87.66165,86.05955,84.46484,82.28994,80.71771,79.72712,78.73047,77.16862,75.61537,73.52627,72.53545,71.00918,70.53731,69.53014,69.02522,68.5,67.95445,66.90373,66.32507,65.25655,64.64481,64.46665,63.36009,63.12545,61.9936,61.27965,60.54521,59.79029,59.01486,58.21894,57.01983,55.81638,52.77618,49.09641,45.87717,43.09454,40.72444,39.39375,38.07656,36.77302,35.78399,34.79223,33.79783,32.80085,31.53413,30.54065,29.54484,28.54678,27.54655,26.54422,25.53987,24.32567,23.32605,22.32465,21.32156,20.31684,19.31057,18.30283,17.2937,16.42243
