168.566,169.1924,168.8315,168.4577,168.0711,167.6717,167.2595,167.7935,166.397,166.9005,166.4349,165.9566,165.4658,164.9623,165.3859,164.8543,165.2437,166.5447,169.6746,172.7655,176.7369,175.1585,173.5736,171.0727,169.4796,166.9783,164.4793,161.9831,160.3812,159.6619,159.8135,159.0659,159.1808,158.4047,158.4826,158.5398,158.576,157.7384,157.7369,157.7142,157.6701,157.6044
-38.91653,-40.61949,-42.09441,-43.56612,-45.03451,-46.49948,-47.9609,-49.70269,-50.87268,-52.62351,-54.07797,-55.52831,-56.97443,-58.4162,-60.19555,-61.6365,-63.43113,-65.60372,-68.55301,-71.5618,-75.02038,-76.16107,-77.27996,-77.96233,-79.02961,-79.64455,-80.22192,-80.7618,-81.71829,-83.11475,-84.97435,-86.36574,-88.23535,-89.62109,-91.5,-93.38706,-95.28204,-96.66223,-98.56498,-100.475,-102.3921,-104.3161
168.566,169.1924,167.8612,168.4577,168.0711,167.6717,167.2595,166.8346,166.397,166.9005,166.4349,165.9566,165.4658,164.9623,164.4462,164.8543,164.3102,166.5447,169.6746,172.7655,176.7369,175.1585,173.5736,171.0727,168.5732,166.0757,164.4793,161.9831,160.3812,159.6619,159.8135,159.0659,159.1808,159.2751,158.4826,158.5398,158.576,158.5911,157.7369,157.7142,157.6701,157.6044
-38.91653,-40.61949,-41.85249,-43.56612,-45.03451,-46.49948,-47.9609,-49.41867,-50.87268,-52.62351,-54.07797,-55.52831,-56.97443,-58.4162,-59.85353,-61.6365,-63.07276,-65.60372,-68.55301,-71.5618,-75.02038,-76.16107,-77.27996,-77.96233,-78.607,-79.21404,-80.22192,-80.7618,-81.71829,-83.11475,-84.97435,-86.36574,-88.23535,-90.11351,-91.5,-93.38706,-95.28204,-97.18473,-98.56498,-100.475,-102.3921,-104.3161
168.566,169.1924,169.8018,168.4577,168.0711,167.6717,168.2208,166.8346,167.3533,166.9005,165.4838,165.9566,165.4658,164.9623,165.3859,164.8543,165.2437,166.5447,169.6746,172.7655,176.7369,176.0755,173.5736,171.0727,168.5732,166.9783,164.4793,162.8781,160.3812,159.6619,160.6965,159.9447,159.1808,158.4047,158.4826,158.5398,157.7188,157.7384,157.7369,157.7142,157.6701,157.6044
-38.91653,-40.61949,-42.33633,-43.56612,-45.03451,-46.49948,-48.23654,-49.41867,-51.16505,-52.62351,-53.76896,-55.52831,-56.97443,-58.4162,-60.19555,-61.6365,-63.43113,-65.60372,-68.55301,-71.5618,-75.02038,-76.55982,-77.27996,-77.96233,-78.607,-79.64455,-80.22192,-81.208,-81.71829,-83.11475,-85.44382,-86.84289,-88.23535,-89.62109,-91.5,-93.38706,-94.76701,-96.66223,-98.56498,-100.475,-102.3921,-104.3161
168.566,169.1924,168.8315,168.4577,168.0711,167.6717,167.2595,166.8346,166.397,166.9005,166.4349,165.9566,165.4658,164.9623,165.3859,164.8543,165.2437,166.5447,169.6746,172.7655,176.7369,175.1585,173.5736,171.0727,167.6669,166.9783,164.4793,161.9831,160.3812,159.6619,159.8135,159.0659,159.1808,158.4047,158.4826,158.5398,158.576,158.5911,157.7369,157.7142,157.6701,157.6044
-38.91653,-40.61949,-42.09441,-43.56612,-45.03451,-46.49948,-47.9609,-49.41867,-50.87268,-52.62351,-54.07797,-55.52831,-56.97443,-58.4162,-60.19555,-61.6365,-63.43113,-65.60372,-68.55301,-71.5618,-75.02038,-76.16107,-77.27996,-77.96233,-78.18438,-79.64455,-80.22192,-80.7618,-81.71829,-83.11475,-84.97435,-86.36574,-88.23535,-89.62109,-91.5,-93.38706,-95.28204,-97.18473,-98.56498,-100.475,-102.3921,-104.3161
168.566,169.1924,168.8315,168.4577,168.0711,167.6717,167.2595,166.8346,166.397,166.9005,166.4349,165.9566,165.4658,164.9623,165.3859,164.8543,164.3102,166.5447,169.6746,172.7655,176.7369,175.1585,173.5736,171.0727,169.4796,166.9783,164.4793,161.9831,160.3812,159.6619,158.9306,159.0659,159.1808,158.4047,158.4826,158.5398,157.7188,157.7384,157.7369,157.7142,157.6701,157.6044
-38.91653,-40.61949,-42.09441,-43.56612,-45.03451,-46.49948,-47.9609,-49.41867,-50.87268,-52.62351,-54.07797,-55.52831,-56.97443,-58.4162,-60.19555,-61.6365,-63.07276,-65.60372,-68.55301,-71.5618,-75.02038,-76.16107,-77.27996,-77.96233,-79.02961,-79.64455,-80.22192,-80.7618,-81.71829,-83.11475,-84.50488,-86.36574,-88.23535,-89.62109,-91.5,-93.38706,-94.76701,-96.66223,-98.56498,-100.475,-102.3921,-104.3161
168.566,169.1924,168.8315,168.4577,168.0711,167.6717,167.2595,167.7935,166.397,166.9005,166.4349,165.9566,165.4658,164.9623,164.4462,164.8543,164.3102,166.5447,169.6746,172.7655,176.7369,175.1585,173.5736,170.1628,168.5732,166.9783,164.4793,161.9831,160.3812,159.6619,159.8135,159.0659,159.1808,158.4047,158.4826,158.5398,158.576,158.5911,157.7369,157.7142,157.6701,157.6044
-38.91653,-40.61949,-42.09441,-43.56612,-45.03451,-46.49948,-47.9609,-49.70269,-50.87268,-52.62351,-54.07797,-55.52831,-56.97443,-58.4162,-59.85353,-61.6365,-63.07276,-65.60372,-68.55301,-71.5618,-75.02038,-76.16107,-77.27996,-77.54764,-78.607,-79.64455,-80.22192,-80.7618,-81.71829,-83.11475,-84.97435,-86.36574,-88.23535,-89.62109,-91.5,-93.38706,-95.28204,-97.18473,-98.56498,-100.475,-102.3921,-104.3161
166.6173,169.1924,168.8315,168.4577,168.0711,167.6717,167.2595,166.8346,167.3533,166.9005,166.4349,165.9566,165.4658,164.9623,164.4462,164.8543,165.2437,166.5447,168.7475,172.7655,176.7369,175.1585,173.5736,171.0727,168.5732,166.0757,164.4793,161.9831,160.3812,159.6619,159.8135,159.0659,159.1808,158.4047,158.4826,158.5398,158.576,157.7384,157.7369,157.7142,157.6701,157.6044
-38.46663,-40.61949,-42.09441,-43.56612,-45.03451,-46.49948,-47.9609,-49.41867,-51.16505,-52.62351,-54.07797,-55.52831,-56.97443,-58.4162,-59.85353,-61.6365,-63.43113,-65.60372,-68.1784,-71.5618,-75.02038,-76.16107,-77.27996,-77.96233,-78.607,-79.21404,-80.22192,-80.7618,-81.71829,-83.11475,-84.97435,-86.36574,-88.23535,-89.62109,-91.5,-93.38706,-95.28204,-96.66223,-98.56498,-100.475,-102.3921,-104.3161
168.566,169.1924,168.8315,168.4577,168.0711,167.6717,167.2595,166.8346,166.397,166.9005,166.4349,165.9566,165.4658,164.9623,164.4462,163.9176,165.2437,166.5447,168.7475,173.6894,176.7369,175.1585,173.5736,171.0727,168.5732,166.0757,164.4793,161.9831,160.3812,159.6619,159.8135,159.0659,159.1808,158.4047,158.4826,158.5398,158.576,158.5911,157.7369,157.7142,157.6701,157.6044
-38.91653,-40.61949,-42.09441,-43.56612,-45.03451,-46.49948,-47.9609,-49.41867,-50.87268,-52.62351,-54.07797,-55.52831,-56.97443,-58.4162,-59.85353,-61.28629,-63.43113,-65.60372,-68.1784,-71.94449,-75.02038,-76.16107,-77.27996,-77.96233,-78.607,-79.21404,-80.22192,-80.7618,-81.71829,-83.11475,-84.97435,-86.36574,-88.23535,-89.62109,-91.5,-93.38706,-95.28204,-97.18473,-98.56498,-100.475,-102.3921,-104.3161
168.566,170.1647,168.8315,168.4577,168.0711,167.6717,167.2595,166.8346,166.397,165.9467,166.4349,165.9566,166.4113,164.9623,165.3859,163.9176,164.3102,166.5447,168.7475,172.7655,176.7369,175.1585,173.5736,171.0727,168.5732,166.9783,164.4793,161.9831,160.3812,159.6619,159.8135,159.0659,159.1808,158.4047,158.4826,158.5398,158.576,157.7384,158.585,157.7142,156.8314,157.6044
-38.91653,-40.85294,-42.09441,-43.56612,-45.03451,-46.49948,-47.9609,-49.41867,-50.87268,-52.32281,-54.07797,-55.52831,-57.3,-58.4162,-60.19555,-61.28629,-63.07276,-65.60372,-68.1784,-71.5618,-75.02038,-76.16107,-77.27996,-77.96233,-78.607,-79.64455,-80.22192,-80.7618,-81.71829,-83.11475,-84.97435,-86.36574,-88.23535,-89.62109,-91.5,-93.38706,-95.28204,-96.66223,-99.0949,-100.475,-101.8475,-104.3161
168.566,169.1924,168.8315,168.4577,168.0711,167.6717,167.2595,166.8346,166.397,166.9005,166.4349,165.9566,165.4658,164.9623,165.3859,164.8543,164.3102,166.5447,169.6746,173.6894,176.7369,175.1585,173.5736,171.0727,169.4796,166.9783,164.4793,161.9831,160.3812,159.6619,158.9306,159.0659,159.1808,158.4047,158.4826,158.5398,158.576,157.7384,158.585,157.7142,157.6701,157.6044
-38.91653,-40.61949,-42.09441,-43.56612,-45.03451,-46.49948,-47.9609,-49.41867,-50.87268,-52.62351,-54.07797,-55.52831,-56.97443,-58.4162,-60.19555,-61.6365,-63.07276,-65.60372,-68.55301,-71.94449,-75.02038,-76.16107,-77.27996,-77.96233,-79.02961,-79.64455,-80.22192,-80.7618,-81.71829,-83.11475,-84.50488,-86.36574,-88.23535,-89.62109,-91.5,-93.38706,-95.28204,-96.66223,-99.0949,-100.475,-102.3921,-104.3161
168.566,169.1924,168.8315,168.4577,168.0711,167.6717,167.2595,166.8346,166.397,166.9005,166.4349,165.9566,165.4658,164.9623,164.4462,164.8543,164.3102,166.5447,169.6746,172.7655,176.7369,175.1585,173.5736,171.0727,168.5732,166.0757,164.4793,161.9831,160.3812,159.6619,158.9306,159.0659,159.1808,158.4047,158.4826,158.5398,158.576,157.7384,157.7369,157.7142,157.6701,157.6044
-38.91653,-40.61949,-42.09441,-43.56612,-45.03451,-46.49948,-47.9609,-49.41867,-50.87268,-52.62351,-54.07797,-55.52831,-56.97443,-58.4162,-59.85353,-61.6365,-63.07276,-65.60372,-68.55301,-71.5618,-75.02038,-76.16107,-77.27996,-77.96233,-78.607,-79.21404,-80.22192,-80.7618,-81.71829,-83.11475,-84.50488,-86.36574,-88.23535,-89.62109,-91.5,-93.38706,-95.28204,-96.66223,-98.56498,-100.475,-102.3921,-104.3161
168.566,169.1924,168.8315,168.4577,168.0711,167.6717,167.2595,166.8346,166.397,166.9005,166.4349,165.9566,165.4658,164.9623,164.4462,164.8543,164.3102,166.5447,169.6746,172.7655,176.7369,175.1585,173.5736,171.0727,169.4796,166.0757,164.4793,161.9831,160.3812,159.6619,159.8135,159.0659,159.1808,158.4047,158.4826,158.5398,158.576,157.7384,157.7369,157.7142,157.6701,157.6044
-38.91653,-40.61949,-42.09441,-43.56612,-45.03451,-46.49948,-47.9609,-49.41867,-50.87268,-52.62351,-54.07797,-55.52831,-56.97443,-58.4162,-59.85353,-61.6365,-63.07276,-65.60372,-68.55301,-71.5618,-75.02038,-76.16107,-77.27996,-77.96233,-79.02961,-79.21404,-80.22192,-80.7618,-81.71829,-83.11475,-84.97435,-86.36574,-88.23535,-89.62109,-91.5,-93.38706,-95.28204,-96.66223,-98.56498,-100.475,-102.3921,-104.3161
168.566,169.1924,168.8315,168.4577,168.0711,167.6717,167.2595,166.8346,166.397,166.9005,166.4349,165.9566,165.4658,164.9623,164.4462,163.9176,164.3102,166.5447,168.7475,172.7655,176.7369,175.1585,173.5736,171.0727,168.5732,166.9783,164.4793,161.9831,160.3812,159.6619,159.8135,159.0659,159.1808,158.4047,158.4826,158.5398,158.576,157.7384,157.7369,157.7142,157.6701,157.6044
-38.91653,-40.61949,-42.09441,-43.56612,-45.03451,-46.49948,-47.9609,-49.41867,-50.87268,-52.62351,-54.07797,-55.52831,-56.97443,-58.4162,-59.85353,-61.28629,-63.07276,-65.60372,-68.1784,-71.5618,-75.02038,-76.16107,-77.27996,-77.96233,-78.607,-79.64455,-80.22192,-80.7618,-81.71829,-83.11475,-84.97435,-86.36574,-88.23535,-89.62109,-91.5,-93.38706,-95.28204,-96.66223,-98.56498,-100.475,-102.3921,-104.3161
168.566,169.1924,168.8315,168.4577,168.0711,168.6353,167.2595,166.8346,167.3533,166.9005,166.4349,165.9566,165.4658,164.9623,165.3859,163.9176,164.3102,166.5447,169.6746,172.7655,176.7369,175.1585,174.4872,171.0727,168.5732,166.0757,164.4793,161.9831,160.3812,159.6619,158.9306,159.0659,159.1808,158.4047,158.4826,158.5398,158.576,158.5911,157.7369,157.7142,157.6701,157.6044
-38.91653,-40.61949,-42.09441,-43.56612,-45.03451,-46.76672,-47.9609,-49.41867,-51.16505,-52.62351,-54.07797,-55.52831,-56.97443,-58.4162,-60.19555,-61.28629,-63.07276,-65.60372,-68.55301,-71.5618,-75.02038,-76.16107,-77.6867,-77.96233,-78.607,-79.21404,-80.22192,-80.7618,-81.71829,-83.11475,-84.50488,-86.36574,-88.23535,-89.62109,-91.5,-93.38706,-95.28204,-97.18473,-98.56498,-100.475,-102.3921,-104.3161
167.5917,170.1647,168.8315,168.4577,168.0711,167.6717,167.2595,166.8346,167.3533,165.9467,165.4838,165.9566,165.4658,164.9623,165.3859,163.9176,165.2437,166.5447,168.7475,172.7655,176.7369,175.1585,173.5736,171.0727,168.5732,166.9783,164.4793,161.9831,160.3812,159.6619,159.8135,159.0659,159.1808,159.2751,158.4826,158.5398,157.7188,158.5911,157.7369,157.7142,157.6701,157.6044
-38.69158,-40.85294,-42.09441,-43.56612,-45.03451,-46.49948,-47.9609,-49.41867,-51.16505,-52.32281,-53.76896,-55.52831,-56.97443,-58.4162,-60.19555,-61.28629,-63.43113,-65.60372,-68.1784,-71.5618,-75.02038,-76.16107,-77.27996,-77.96233,-78.607,-79.64455,-80.22192,-80.7618,-81.71829,-83.11475,-84.97435,-86.36574,-88.23535,-90.11351,-91.5,-93.38706,-94.76701,-97.18473,-98.56498,-100.475,-102.3921,-104.3161
167.5917,169.1924,168.8315,168.4577,168.0711,167.6717,167.2595,166.8346,166.397,166.9005,166.4349,165.9566,165.4658,164.9623,164.4462,164.8543,164.3102,166.5447,169.6746,172.7655,176.7369,175.1585,173.5736,171.0727,168.5732,166.9783,164.4793,161.9831,160.3812,159.6619,158.9306,159.0659,159.1808,158.4047,158.4826,158.5398,158.576,157.7384,158.585,157.7142,157.6701,157.6044
-38.69158,-40.61949,-42.09441,-43.56612,-45.03451,-46.49948,-47.9609,-49.41867,-50.87268,-52.62351,-54.07797,-55.52831,-56.97443,-58.4162,-59.85353,-61.6365,-63.07276,-65.60372,-68.55301,-71.5618,-75.02038,-76.16107,-77.27996,-77.96233,-78.607,-79.64455,-80.22192,-80.7618,-81.71829,-83.11475,-84.50488,-86.36574,-88.23535,-89.62109,-91.5,-93.38706,-95.28204,-96.66223,-99.0949,-100.475,-102.3921,-104.3161
168.566,169.1924,168.8315,168.4577,168.0711,167.6717,167.2595,166.8346,166.397,166.9005,166.4349,165.9566,165.4658,164.9623,165.3859,164.8543,164.3102,166.5447,169.6746,172.7655,176.7369,175.1585,173.5736,171.0727,169.4796,166.0757,164.4793,161.9831,160.3812,159.6619,159.8135,159.0659,159.1808,159.2751,158.4826,158.5398,158.576,157.7384,157.7369,157.7142,157.6701,157.6044
-38.91653,-40.61949,-42.09441,-43.56612,-45.03451,-46.49948,-47.9609,-49.41867,-50.87268,-52.62351,-54.07797,-55.52831,-56.97443,-58.4162,-60.19555,-61.6365,-63.07276,-65.60372,-68.55301,-71.5618,-75.02038,-76.16107,-77.27996,-77.96233,-79.02961,-79.21404,-80.22192,-80.7618,-81.71829,-83.11475,-84.97435,-86.36574,-88.23535,-90.11351,-91.5,-93.38706,-95.28204,-96.66223,-98.56498,-100.475,-102.3921,-104.3161
168.566,169.1924,168.8315,168.4577,168.0711,167.6717,167.2595,166.8346,166.397,166.9005,166.4349,165.9566,165.4658,164.9623,164.4462,163.9176,164.3102,166.5447,169.6746,172.7655,176.7369,175.1585,173.5736,171.0727,168.5732,166.9783,164.4793,161.9831,160.3812,159.6619,159.8135,159.0659,159.1808,159.2751,158.4826,158.5398,158.576,157.7384,157.7369,157.7142,157.6701,157.6044
-38.91653,-40.61949,-42.09441,-43.56612,-45.03451,-46.49948,-47.9609,-49.41867,-50.87268,-52.62351,-54.07797,-55.52831,-56.97443,-58.4162,-59.85353,-61.28629,-63.07276,-65.60372,-68.55301,-71.5618,-75.02038,-76.16107,-77.27996,-77.96233,-78.607,-79.64455,-80.22192,-80.7618,-81.71829,-83.11475,-84.97435,-86.36574,-88.23535,-90.11351,-91.5,-93.38706,-95.28204,-96.66223,-98.56498,-100.475,-102.3921,-104.3161
168.566,169.1924,168.8315,168.4577,168.0711,167.6717,167.2595,166.8346,167.3533,166.9005,166.4349,165.9566,165.4658,164.9623,164.4462,164.8543,164.3102,166.5447,169.6746,172.7655,176.7369,175.1585,173.5736,171.0727,168.5732,166.9783,164.4793,161.9831,160.3812,159.6619,160.6965,159.0659,159.1808,158.4047,158.4826,158.5398,158.576,158.5911,157.7369,157.7142,157.6701,157.6044
-38.91653,-40.61949,-42.09441,-43.56612,-45.03451,-46.49948,-47.9609,-49.41867,-51.16505,-52.62351,-54.07797,-55.52831,-56.97443,-58.4162,-59.85353,-61.6365,-63.07276,-65.60372,-68.55301,-71.5618,-75.02038,-76.16107,-77.27996,-77.96233,-78.607,-79.64455,-80.22192,-80.7618,-81.71829,-83.11475,-85.44382,-86.36574,-88.23535,-89.62109,-91.5,-93.38706,-95.28204,-97.18473,-98.56498,-100.475,-102.3921,-104.3161
168.566,170.1647,168.8315,168.4577,168.0711,167.6717,167.2595,166.8346,167.3533,165.9467,166.4349,165.9566,165.4658,164.9623,164.4462,163.9176,164.3102,166.5447,169.6746,172.7655,176.7369,175.1585,173.5736,171.0727,168.5732,166.9783,164.4793,161.9831,160.3812,159.6619,159.8135,159.0659,159.1808,158.4047,158.4826,158.5398,158.576,158.5911,157.7369,157.7142,157.6701,157.6044
-38.91653,-40.85294,-42.09441,-43.56612,-45.03451,-46.49948,-47.9609,-49.41867,-51.16505,-52.32281,-54.07797,-55.52831,-56.97443,-58.4162,-59.85353,-61.28629,-63.07276,-65.60372,-68.55301,-71.5618,-75.02038,-76.16107,-77.27996,-77.96233,-78.607,-79.64455,-80.22192,-80.7618,-81.71829,-83.11475,-84.97435,-86.36574,-88.23535,-89.62109,-91.5,-93.38706,-95.28204,-97.18473,-98.56498,-100.475,-102.3921,-104.3161
168.566,169.1924,168.8315,168.4577,168.0711,167.6717,167.2595,166.8346,166.397,166.9005,166.4349,165.9566,165.4658,164.9623,164.4462,164.8543,164.3102,166.5447,169.6746,173.6894,176.7369,175.1585,173.5736,171.0727,168.5732,166.0757,164.4793,161.9831,160.3812,159.6619,159.8135,159.0659,159.1808,159.2751,158.4826,157.6781,158.576,158.5911,157.7369,157.7142,157.6701,157.6044
-38.91653,-40.61949,-42.09441,-43.56612,-45.03451,-46.49948,-47.9609,-49.41867,-50.87268,-52.62351,-54.07797,-55.52831,-56.97443,-58.4162,-59.85353,-61.6365,-63.07276,-65.60372,-68.55301,-71.94449,-75.02038,-76.16107,-77.27996,-77.96233,-78.607,-79.21404,-80.22192,-80.7618,-81.71829,-83.11475,-84.97435,-86.36574,-88.23535,-90.11351,-91.5,-92.87952,-95.28204,-97.18473,-98.56498,-100.475,-102.3921,-104.3161
168.566,169.1924,168.8315,168.4577,168.0711,167.6717,167.2595,166.8346,167.3533,165.9467,166.4349,165.9566,165.4658,164.9623,164.4462,163.9176,164.3102,166.5447,168.7475,172.7655,176.7369,175.1585,173.5736,171.0727,168.5732,166.9783,164.4793,161.9831,160.3812,159.6619,159.8135,159.9447,159.1808,158.4047,158.4826,158.5398,158.576,158.5911,158.585,157.7142,157.6701,157.6044
-38.91653,-40.61949,-42.09441,-43.56612,-45.03451,-46.49948,-47.9609,-49.41867,-51.16505,-52.32281,-54.07797,-55.52831,-56.97443,-58.4162,-59.85353,-61.28629,-63.07276,-65.60372,-68.1784,-71.5618,-75.02038,-76.16107,-77.27996,-77.96233,-78.607,-79.64455,-80.22192,-80.7618,-81.71829,-83.11475,-84.97435,-86.84289,-88.23535,-89.62109,-91.5,-93.38706,-95.28204,-97.18473,-99.0949,-100.475,-102.3921,-104.3161
167.5917,169.1924,168.8315,168.4577,168.0711,167.6717,167.2595,166.8346,167.3533,166.9005,166.4349,165.9566,165.4658,164.9623,164.4462,163.9176,164.3102,166.5447,169.6746,172.7655,176.7369,175.1585,173.5736,171.0727,168.5732,166.9783,164.4793,161.9831,160.3812,159.6619,159.8135,159.0659,159.1808,158.4047,158.4826,158.5398,157.7188,157.7384,157.7369,157.7142,157.6701,157.6044
-38.69158,-40.61949,-42.09441,-43.56612,-45.03451,-46.49948,-47.9609,-49.41867,-51.16505,-52.62351,-54.07797,-55.52831,-56.97443,-58.4162,-59.85353,-61.28629,-63.07276,-65.60372,-68.55301,-71.5618,-75.02038,-76.16107,-77.27996,-77.96233,-78.607,-79.64455,-80.22192,-80.7618,-81.71829,-83.11475,-84.97435,-86.36574,-88.23535,-89.62109,-91.5,-93.38706,-94.76701,-96.66223,-98.56498,-100.475,-102.3921,-104.3161
168.566,169.1924,168.8315,168.4577,168.0711,167.6717,167.2595,166.8346,167.3533,166.9005,166.4349,165.9566,165.4658,164.9623,164.4462,164.8543,164.3102,165.6143,169.6746,172.7655,176.7369,175.1585,173.5736,171.0727,168.5732,166.9783,164.4793,161.9831,160.3812,159.6619,158.9306,159.0659,159.1808,158.4047,158.4826,158.5398,158.576,157.7384,157.7369,157.7142,157.6701,157.6044
-38.91653,-40.61949,-42.09441,-43.56612,-45.03451,-46.49948,-47.9609,-49.41867,-51.16505,-52.62351,-54.07797,-55.52831,-56.97443,-58.4162,-59.85353,-61.6365,-63.07276,-65.23722,-68.55301,-71.5618,-75.02038,-76.16107,-77.27996,-77.96233,-78.607,-79.64455,-80.22192,-80.7618,-81.71829,-83.11475,-84.50488,-86.36574,-88.23535,-89.62109,-91.5,-93.38706,-95.28204,-96.66223,-98.56498,-100.475,-102.3921,-104.3161
168.566,169.1924,168.8315,168.4577,168.0711,167.6717,167.2595,166.8346,166.397,165.9467,166.4349,165.9566,165.4658,164.9623,165.3859,164.8543,164.3102,166.5447,169.6746,172.7655,176.7369,175.1585,173.5736,171.0727,168.5732,166.0757,164.4793,161.9831,160.3812,159.6619,158.9306,159.0659,159.1808,159.2751,158.4826,158.5398,158.576,157.7384,157.7369,157.7142,157.6701,157.6044
-38.91653,-40.61949,-42.09441,-43.56612,-45.03451,-46.49948,-47.9609,-49.41867,-50.87268,-52.32281,-54.07797,-55.52831,-56.97443,-58.4162,-60.19555,-61.6365,-63.07276,-65.60372,-68.55301,-71.5618,-75.02038,-76.16107,-77.27996,-77.96233,-78.607,-79.21404,-80.22192,-80.7618,-81.71829,-83.11475,-84.50488,-86.36574,-88.23535,-90.11351,-91.5,-93.38706,-95.28204,-96.66223,-98.56498,-100.475,-102.3921,-104.3161
168.566,169.1924,168.8315,168.4577,168.0711,167.6717,167.2595,166.8346,167.3533,166.9005,166.4349,165.9566,165.4658,164.9623,164.4462,164.8543,165.2437,166.5447,169.6746,172.7655,176.7369,175.1585,173.5736,171.0727,168.5732,166.0757,164.4793,161.9831,160.3812,159.6619,159.8135,159.0659,159.1808,159.2751,158.4826,158.5398,158.576,157.7384,157.7369,157.7142,157.6701,157.6044
-38.91653,-40.61949,-42.09441,-43.56612,-45.03451,-46.49948,-47.9609,-49.41867,-51.16505,-52.62351,-54.07797,-55.52831,-56.97443,-58.4162,-59.85353,-61.6365,-63.43113,-65.60372,-68.55301,-71.5618,-75.02038,-76.16107,-77.27996,-77.96233,-78.607,-79.21404,-80.22192,-80.7618,-81.71829,-83.11475,-84.97435,-86.36574,-88.23535,-90.11351,-91.5,-93.38706,-95.28204,-96.66223,-98.56498,-100.475,-102.3921,-104.3161
168.566,169.1924,168.8315,168.4577,168.0711,167.6717,167.2595,166.8346,167.3533,166.9005,166.4349,165.9566,165.4658,164.9623,165.3859,164.8543,164.3102,166.5447,169.6746,172.7655,177.6574,175.1585,173.5736,171.0727,169.4796,166.9783,164.4793,161.9831,160.3812,159.6619,159.8135,159.0659,159.1808,158.4047,158.4826,158.5398,158.576,158.5911,157.7369,157.7142,157.6701,157.6044
-38.91653,-40.61949,-42.09441,-43.56612,-45.03451,-46.49948,-47.9609,-49.41867,-51.16505,-52.62351,-54.07797,-55.52831,-56.97443,-58.4162,-60.19555,-61.6365,-63.07276,-65.60372,-68.55301,-71.5618,-75.41111,-76.16107,-77.27996,-77.96233,-79.02961,-79.64455,-80.22192,-80.7618,-81.71829,-83.11475,-84.97435,-86.36574,-88.23535,-89.62109,-91.5,-93.38706,-95.28204,-97.18473,-98.56498,-100.475,-102.3921,-104.3161
169.5404,169.1924,168.8315,168.4577,168.0711,167.6717,167.2595,166.8346,166.397,165.9467,166.4349,165.9566,165.4658,165.9049,164.4462,164.8543,164.3102,166.5447,168.7475,172.7655,176.7369,175.1585,173.5736,171.0727,169.4796,166.0757,164.4793,161.9831,160.3812,159.6619,159.8135,159.0659,159.1808,158.4047,158.4826,158.5398,158.576,157.7384,157.7369,157.7142,157.6701,157.6044
-39.14148,-40.61949,-42.09441,-43.56612,-45.03451,-46.49948,-47.9609,-49.41867,-50.87268,-52.32281,-54.07797,-55.52831,-56.97443,-58.75001,-59.85353,-61.6365,-63.07276,-65.60372,-68.1784,-71.5618,-75.02038,-76.16107,-77.27996,-77.96233,-79.02961,-79.21404,-80.22192,-80.7618,-81.71829,-83.11475,-84.97435,-86.36574,-88.23535,-89.62109,-91.5,-93.38706,-95.28204,-96.66223,-98.56498,-100.475,-102.3921,-104.3161
168.566,169.1924,168.8315,168.4577,168.0711,167.6717,167.2595,166.8346,167.3533,166.9005,166.4349,165.9566,165.4658,164.9623,165.3859,164.8543,164.3102,166.5447,169.6746,172.7655,176.7369,175.1585,173.5736,171.0727,168.5732,166.9783,164.4793,161.9831,160.3812,159.6619,158.9306,159.0659,159.1808,158.4047,158.4826,158.5398,158.576,158.5911,157.7369,157.7142,157.6701,157.6044
-38.91653,-40.61949,-42.09441,-43.56612,-45.03451,-46.49948,-47.9609,-49.41867,-51.16505,-52.62351,-54.07797,-55.52831,-56.97443,-58.4162,-60.19555,-61.6365,-63.07276,-65.60372,-68.55301,-71.5618,-75.02038,-76.16107,-77.27996,-77.96233,-78.607,-79.64455,-80.22192,-80.7618,-81.71829,-83.11475,-84.50488,-86.36574,-88.23535,-89.62109,-91.5,-93.38706,-95.28204,-97.18473,-98.56498,-100.475,-102.3921,-104.3161
167.5917,169.1924,168.8315,168.4577,168.0711,167.6717,167.2595,166.8346,166.397,166.9005,166.4349,165.9566,165.4658,164.9623,164.4462,164.8543,164.3102,166.5447,169.6746,172.7655,176.7369,175.1585,173.5736,171.0727,169.4796,166.0757,164.4793,162.8781,160.3812,159.6619,159.8135,159.0659,159.1808,158.4047,158.4826,158.5398,157.7188,157.7384,157.7369,157.7142,157.6701,157.6044
-38.69158,-40.61949,-42.09441,-43.56612,-45.03451,-46.49948,-47.9609,-49.41867,-50.87268,-52.62351,-54.07797,-55.52831,-56.97443,-58.4162,-59.85353,-61.6365,-63.07276,-65.60372,-68.55301,-71.5618,-75.02038,-76.16107,-77.27996,-77.96233,-79.02961,-79.21404,-80.22192,-81.208,-81.71829,-83.11475,-84.97435,-86.36574,-88.23535,-89.62109,-91.5,-93.38706,-94.76701,-96.66223,-98.56498,-100.475,-102.3921,-104.3161
