169.5404,169.1924,168.8315,168.4577,168.0711,167.6717,167.2595,167.7935,167.3533,166.9005,166.4349,165.9566,165.4658,164.9623,164.4462,164.8543,164.3102,165.6143,169.6746,171.8416,175.8164,175.1585,173.5736,171.0727,169.4796,166.9783,164.4793,161.9831,161.2722,160.549,160.6965,159.9447,160.0554,159.2751,159.3487,159.4014,159.4331,159.4437,159.433,158.5576,158.5087,156.7705
-39.14148,-40.61949,-42.09441,-43.56612,-45.03451,-46.49948,-47.9609,-49.70269,-51.16505,-52.62351,-54.07797,-55.52831,-56.97443,-58.4162,-59.85353,-61.6365,-63.07276,-65.23722,-68.55301,-71.17912,-74.62965,-76.16107,-77.27996,-77.96233,-79.02961,-79.64455,-80.22192,-80.7618,-82.17228,-83.5765,-85.44382,-86.84289,-88.72016,-90.11351,-92,-93.8946,-95.79708,-97.70723,-99.62482,-101.0123,-102.9368,-103.7642
168.566,169.1924,168.8315,168.4577,168.0711,167.6717,167.2595,166.8346,167.3533,166.9005,166.4349,165.9566,165.4658,164.9623,164.4462,164.8543,164.3102,165.6143,169.6746,171.8416,175.8164,175.1585,173.5736,171.0727,168.5732,166.9783,164.4793,161.9831,161.2722,160.549,160.6965,159.9447,160.0554,159.2751,159.3487,159.4014,159.4331,158.5911,159.433,158.5576,158.5087,156.7705
-38.91653,-40.61949,-42.09441,-43.56612,-45.03451,-46.49948,-47.9609,-49.41867,-51.16505,-52.62351,-54.07797,-55.52831,-56.97443,-58.4162,-59.85353,-61.6365,-63.07276,-65.23722,-68.55301,-71.17912,-74.62965,-76.16107,-77.27996,-77.96233,-78.607,-79.64455,-80.22192,-80.7618,-82.17228,-83.5765,-85.44382,-86.84289,-88.72016,-90.11351,-92,-93.8946,-95.79708,-97.18473,-99.62482,-101.0123,-102.9368,-103.7642
168.566,169.1924,168.8315,168.4577,168.0711,167.6717,167.2595,166.8346,166.397,166.9005,166.4349,165.9566,165.4658,164.9623,165.3859,164.8543,164.3102,165.6143,169.6746,172.7655,175.8164,175.1585,173.5736,171.0727,168.5732,166.0757,164.4793,161.9831,162.1632,160.549,160.6965,159.9447,160.0554,159.2751,159.3487,159.4014,159.4331,158.5911,158.585,158.5576,158.5087,156.7705
-38.91653,-40.61949,-42.09441,-43.56612,-45.03451,-46.49948,-47.9609,-49.41867,-50.87268,-52.62351,-54.07797,-55.52831,-56.97443,-58.4162,-60.19555,-61.6365,-63.07276,-65.23722,-68.55301,-71.5618,-74.62965,-76.16107,-77.27996,-77.96233,-78.607,-79.21404,-80.22192,-80.7618,-82.62627,-83.5765,-85.44382,-86.84289,-88.72016,-90.11351,-92,-93.8946,-95.79708,-97.18473,-99.0949,-101.0123,-102.9368,-103.7642
169.5404,169.1924,168.8315,168.4577,168.0711,168.6353,167.2595,167.7935,167.3533,165.9467,166.4349,165.9566,165.4658,164.9623,165.3859,163.9176,164.3102,165.6143,168.7475,171.8416,175.8164,175.1585,173.5736,171.0727,168.5732,166.9783,164.4793,161.9831,161.2722,160.549,159.8135,160.8235,160.0554,160.1454,159.3487,159.4014,159.4331,159.4437,158.585,158.5576,158.5087,156.7705
-39.14148,-40.61949,-42.09441,-43.56612,-45.03451,-46.76672,-47.9609,-49.70269,-51.16505,-52.32281,-54.07797,-55.52831,-56.97443,-58.4162,-60.19555,-61.28629,-63.07276,-65.23722,-68.1784,-71.17912,-74.62965,-76.16107,-77.27996,-77.96233,-78.607,-79.64455,-80.22192,-80.7618,-82.17228,-83.5765,-84.97435,-87.32005,-88.72016,-90.60594,-92,-93.8946,-95.79708,-97.70723,-99.0949,-101.0123,-102.9368,-103.7642
169.5404,169.1924,168.8315,168.4577,168.0711,168.6353,168.2208,167.7935,167.3533,166.9005,166.4349,165.9566,165.4658,164.9623,165.3859,164.8543,164.3102,165.6143,169.6746,171.8416,175.8164,175.1585,173.5736,171.0727,169.4796,166.9783,164.4793,161.9831,161.2722,160.549,160.6965,160.8235,160.0554,159.2751,159.3487,159.4014,159.4331,159.4437,158.585,158.5576,158.5087,156.7705
-39.14148,-40.61949,-42.09441,-43.56612,-45.03451,-46.76672,-48.23654,-49.70269,-51.16505,-52.62351,-54.07797,-55.52831,-56.97443,-58.4162,-60.19555,-61.6365,-63.07276,-65.23722,-68.55301,-71.17912,-74.62965,-76.16107,-77.27996,-77.96233,-79.02961,-79.64455,-80.22192,-80.7618,-82.17228,-83.5765,-85.44382,-87.32005,-88.72016,-90.11351,-92,-93.8946,-95.79708,-97.70723,-99.0949,-101.0123,-102.9368,-103.7642
169.5404,169.1924,168.8315,168.4577,168.0711,167.6717,167.2595,166.8346,167.3533,166.9005,166.4349,165.9566,165.4658,164.9623,165.3859,164.8543,164.3102,165.6143,169.6746,171.8416,175.8164,175.1585,173.5736,171.0727,168.5732,166.9783,164.4793,161.9831,161.2722,160.549,160.6965,159.9447,160.0554,159.2751,159.3487,159.4014,159.4331,159.4437,158.585,158.5576,158.5087,156.7705
-39.14148,-40.61949,-42.09441,-43.56612,-45.03451,-46.49948,-47.9609,-49.41867,-51.16505,-52.62351,-54.07797,-55.52831,-56.97443,-58.4162,-60.19555,-61.6365,-63.07276,-65.23722,-68.55301,-71.17912,-74.62965,-76.16107,-77.27996,-77.96233,-78.607,-79.64455,-80.22192,-80.7618,-82.17228,-83.5765,-85.44382,-86.84289,-88.72016,-90.11351,-92,-93.8946,-95.79708,-97.70723,-99.0949,-101.0123,-102.9368,-103.7642
167.5917,169.1924,168.8315,168.4577,168.0711,167.6717,167.2595,167.7935,167.3533,166.9005,166.4349,165.9566,165.4658,164.9623,164.4462,164.8543,165.2437,165.6143,169.6746,171.8416,175.8164,175.1585,173.5736,171.0727,168.5732,166.9783,164.4793,161.9831,161.2722,160.549,160.6965,160.8235,160.0554,159.2751,159.3487,159.4014,159.4331,159.4437,158.585,158.5576,158.5087,156.7705
-38.69158,-40.61949,-42.09441,-43.56612,-45.03451,-46.49948,-47.9609,-49.70269,-51.16505,-52.62351,-54.07797,-55.52831,-56.97443,-58.4162,-59.85353,-61.6365,-63.43113,-65.23722,-68.55301,-71.17912,-74.62965,-76.16107,-77.27996,-77.96233,-78.607,-79.64455,-80.22192,-80.7618,-82.17228,-83.5765,-85.44382,-87.32005,-88.72016,-90.11351,-92,-93.8946,-95.79708,-97.70723,-99.0949,-101.0123,-102.9368,-103.7642
167.5917,169.1924,168.8315,168.4577,168.0711,167.6717,167.2595,167.7935,167.3533,166.9005,166.4349,165.9566,165.4658,164.9623,164.4462,164.8543,165.2437,165.6143,169.6746,171.8416,175.8164,175.1585,173.5736,171.0727,169.4796,166.9783,164.4793,162.8781,161.2722,160.549,160.6965,159.9447,160.0554,159.2751,159.3487,159.4014,159.4331,158.5911,159.433,158.5576,158.5087,156.7705
-38.69158,-40.61949,-42.09441,-43.56612,-45.03451,-46.49948,-47.9609,-49.70269,-51.16505,-52.62351,-54.07797,-55.52831,-56.97443,-58.4162,-59.85353,-61.6365,-63.43113,-65.23722,-68.55301,-71.17912,-74.62965,-76.16107,-77.27996,-77.96233,-79.02961,-79.64455,-80.22192,-81.208,-82.17228,-83.5765,-85.44382,-86.84289,-88.72016,-90.11351,-92,-93.8946,-95.79708,-97.18473,-99.62482,-101.0123,-102.9368,-103.7642
169.5404,169.1924,168.8315,168.4577,168.0711,167.6717,168.2208,166.8346,166.397,166.9005,166.4349,165.9566,165.4658,165.9049,165.3859,163.9176,164.3102,165.6143,169.6746,171.8416,175.8164,175.1585,173.5736,171.0727,168.5732,166.9783,164.4793,162.8781,162.1632,160.549,160.6965,159.9447,160.0554,159.2751,159.3487,159.4014,159.4331,159.4437,158.585,158.5576,158.5087,156.7705
-39.14148,-40.61949,-42.09441,-43.56612,-45.03451,-46.49948,-48.23654,-49.41867,-50.87268,-52.62351,-54.07797,-55.52831,-56.97443,-58.75001,-60.19555,-61.28629,-63.07276,-65.23722,-68.55301,-71.17912,-74.62965,-76.16107,-77.27996,-77.96233,-78.607,-79.64455,-80.22192,-81.208,-82.62627,-83.5765,-85.44382,-86.84289,-88.72016,-90.11351,-92,-93.8946,-95.79708,-97.70723,-99.0949,-101.0123,-102.9368,-103.7642
169.5404,169.1924,168.8315,168.4577,168.0711,168.6353,168.2208,166.8346,167.3533,166.9005,166.4349,165.9566,165.4658,164.9623,165.3859,163.9176,165.2437,165.6143,169.6746,171.8416,175.8164,175.1585,173.5736,171.0727,168.5732,166.9783,164.4793,161.9831,161.2722,160.549,160.6965,159.9447,160.0554,160.1454,159.3487,159.4014,159.4331,158.5911,158.585,158.5576,157.6701,156.7705
-39.14148,-40.61949,-42.09441,-43.56612,-45.03451,-46.76672,-48.23654,-49.41867,-51.16505,-52.62351,-54.07797,-55.52831,-56.97443,-58.4162,-60.19555,-61.28629,-63.43113,-65.23722,-68.55301,-71.17912,-74.62965,-76.16107,-77.27996,-77.96233,-78.607,-79.64455,-80.22192,-80.7618,-82.17228,-83.5765,-85.44382,-86.84289,-88.72016,-90.60594,-92,-93.8946,-95.79708,-97.18473,-99.0949,-101.0123,-102.3921,-103.7642
168.566,169.1924,168.8315,168.4577,168.0711,167.6717,167.2595,166.8346,167.3533,166.9005,166.4349,165.9566,165.4658,164.9623,165.3859,164.8543,165.2437,165.6143,169.6746,171.8416,175.8164,175.1585,173.5736,171.0727,168.5732,166.0757,164.4793,162.8781,161.2722,160.549,160.6965,159.9447,160.0554,159.2751,159.3487,159.4014,159.4331,159.4437,159.433,158.5576,158.5087,156.7705
-38.91653,-40.61949,-42.09441,-43.56612,-45.03451,-46.49948,-47.9609,-49.41867,-51.16505,-52.62351,-54.07797,-55.52831,-56.97443,-58.4162,-60.19555,-61.6365,-63.43113,-65.23722,-68.55301,-71.17912,-74.62965,-76.16107,-77.27996,-77.96233,-78.607,-79.21404,-80.22192,-81.208,-82.17228,-83.5765,-85.44382,-86.84289,-88.72016,-90.11351,-92,-93.8946,-95.79708,-97.70723,-99.62482,-101.0123,-102.9368,-103.7642
169.5404,169.1924,168.8315,168.4577,168.0711,167.6717,167.2595,167.7935,167.3533,166.9005,166.4349,165.9566,165.4658,164.9623,165.3859,163.9176,164.3102,165.6143,169.6746,171.8416,175.8164,175.1585,173.5736,171.0727,167.6669,166.9783,164.4793,161.9831,161.2722,160.549,160.6965,159.9447,160.0554,160.1454,159.3487,159.4014,159.4331,158.5911,158.585,158.5576,158.5087,156.7705
-39.14148,-40.61949,-42.09441,-43.56612,-45.03451,-46.49948,-47.9609,-49.70269,-51.16505,-52.62351,-54.07797,-55.52831,-56.97443,-58.4162,-60.19555,-61.28629,-63.07276,-65.23722,-68.55301,-71.17912,-74.62965,-76.16107,-77.27996,-77.96233,-78.18438,-79.64455,-80.22192,-80.7618,-82.17228,-83.5765,-85.44382,-86.84289,-88.72016,-90.60594,-92,-93.8946,-95.79708,-97.18473,-99.0949,-101.0123,-102.9368,-103.7642
169.5404,169.1924,168.8315,168.4577,168.0711,167.6717,167.2595,166.8346,166.397,166.9005,166.4349,165.9566,165.4658,164.9623,165.3859,164.8543,164.3102,165.6143,169.6746,171.8416,175.8164,175.1585,173.5736,171.0727,168.5732,166.0757,164.4793,161.9831,161.2722,160.549,160.6965,159.9447,160.0554,159.2751,159.3487,159.4014,159.4331,159.4437,158.585,158.5576,158.5087,156.7705
-39.14148,-40.61949,-42.09441,-43.56612,-45.03451,-46.49948,-47.9609,-49.41867,-50.87268,-52.62351,-54.07797,-55.52831,-56.97443,-58.4162,-60.19555,-61.6365,-63.07276,-65.23722,-68.55301,-71.17912,-74.62965,-76.16107,-77.27996,-77.96233,-78.607,-79.21404,-80.22192,-80.7618,-82.17228,-83.5765,-85.44382,-86.84289,-88.72016,-90.11351,-92,-93.8946,-95.79708,-97.70723,-99.0949,-101.0123,-102.9368,-103.7642
168.566,169.1924,168.8315,168.4577,168.0711,167.6717,167.2595,166.8346,167.3533,166.9005,166.4349,165.9566,165.4658,164.9623,165.3859,164.8543,164.3102,165.6143,168.7475,171.8416,175.8164,175.1585,173.5736,171.0727,168.5732,166.9783,164.4793,161.9831,161.2722,160.549,160.6965,159.9447,160.0554,159.2751,159.3487,159.4014,159.4331,158.5911,158.585,158.5576,158.5087,156.7705
-38.91653,-40.61949,-42.09441,-43.56612,-45.03451,-46.49948,-47.9609,-49.41867,-51.16505,-52.62351,-54.07797,-55.52831,-56.97443,-58.4162,-60.19555,-61.6365,-63.07276,-65.23722,-68.1784,-71.17912,-74.62965,-76.16107,-77.27996,-77.96233,-78.607,-79.64455,-80.22192,-80.7618,-82.17228,-83.5765,-85.44382,-86.84289,-88.72016,-90.11351,-92,-93.8946,-95.79708,-97.18473,-99.0949,-101.0123,-102.9368,-103.7642
169.5404,170.1647,168.8315,168.4577,168.0711,167.6717,167.2595,166.8346,167.3533,166.9005,166.4349,165.9566,165.4658,165.9049,164.4462,164.8543,164.3102,165.6143,169.6746,171.8416,175.8164,175.1585,173.5736,171.0727,168.5732,166.0757,164.4793,161.9831,161.2722,160.549,160.6965,160.8235,160.0554,160.1454,159.3487,159.4014,159.4331,159.4437,158.585,158.5576,158.5087,156.7705
-39.14148,-40.85294,-42.09441,-43.56612,-45.03451,-46.49948,-47.9609,-49.41867,-51.16505,-52.62351,-54.07797,-55.52831,-56.97443,-58.75001,-59.85353,-61.6365,-63.07276,-65.23722,-68.55301,-71.17912,-74.62965,-76.16107,-77.27996,-77.96233,-78.607,-79.21404,-80.22192,-80.7618,-82.17228,-83.5765,-85.44382,-87.32005,-88.72016,-90.60594,-92,-93.8946,-95.79708,-97.70723,-99.0949,-101.0123,-102.9368,-103.7642
169.5404,169.1924,168.8315,168.4577,168.0711,167.6717,167.2595,166.8346,166.397,166.9005,166.4349,165.9566,165.4658,164.9623,164.4462,164.8543,165.2437,165.6143,169.6746,171.8416,175.8164,175.1585,173.5736,171.0727,169.4796,166.9783,164.4793,161.9831,161.2722,160.549,159.8135,160.8235,160.0554,159.2751,159.3487,159.4014,159.4331,158.5911,158.585,158.5576,158.5087,156.7705
-39.14148,-40.61949,-42.09441,-43.56612,-45.03451,-46.49948,-47.9609,-49.41867,-50.87268,-52.62351,-54.07797,-55.52831,-56.97443,-58.4162,-59.85353,-61.6365,-63.43113,-65.23722,-68.55301,-71.17912,-74.62965,-76.16107,-77.27996,-77.96233,-79.02961,-79.64455,-80.22192,-80.7618,-82.17228,-83.5765,-84.97435,-87.32005,-88.72016,-90.11351,-92,-93.8946,-95.79708,-97.18473,-99.0949,-101.0123,-102.9368,-103.7642
168.566,169.1924,168.8315,168.4577,168.0711,167.6717,167.2595,166.8346,166.397,166.9005,166.4349,165.9566,165.4658,164.9623,164.4462,164.8543,164.3102,165.6143,169.6746,171.8416,175.8164,175.1585,173.5736,171.0727,169.4796,166.9783,164.4793,161.9831,161.2722,160.549,159.8135,159.9447,160.0554,159.2751,159.3487,159.4014,159.4331,158.5911,158.585,158.5576,158.5087,156.7705
-38.91653,-40.61949,-42.09441,-43.56612,-45.03451,-46.49948,-47.9609,-49.41867,-50.87268,-52.62351,-54.07797,-55.52831,-56.97443,-58.4162,-59.85353,-61.6365,-63.07276,-65.23722,-68.55301,-71.17912,-74.62965,-76.16107,-77.27996,-77.96233,-79.02961,-79.64455,-80.22192,-80.7618,-82.17228,-83.5765,-84.97435,-86.84289,-88.72016,-90.11351,-92,-93.8946,-95.79708,-97.18473,-99.0949,-101.0123,-102.9368,-103.7642
168.566,169.1924,168.8315,168.4577,168.0711,167.6717,167.2595,166.8346,167.3533,166.9005,166.4349,165.9566,165.4658,164.9623,164.4462,164.8543,164.3102,165.6143,169.6746,171.8416,175.8164,175.1585,173.5736,171.0727,168.5732,166.9783,164.4793,161.9831,161.2722,160.549,160.6965,159.9447,160.0554,160.1454,159.3487,159.4014,159.4331,158.5911,158.585,158.5576,158.5087,156.7705
-38.91653,-40.61949,-42.09441,-43.56612,-45.03451,-46.49948,-47.9609,-49.41867,-51.16505,-52.62351,-54.07797,-55.52831,-56.97443,-58.4162,-59.85353,-61.6365,-63.07276,-65.23722,-68.55301,-71.17912,-74.62965,-76.16107,-77.27996,-77.96233,-78.607,-79.64455,-80.22192,-80.7618,-82.17228,-83.5765,-85.44382,-86.84289,-88.72016,-90.60594,-92,-93.8946,-95.79708,-97.18473,-99.0949,-101.0123,-102.9368,-103.7642
168.566,169.1924,168.8315,168.4577,168.0711,167.6717,167.2595,167.7935,167.3533,165.9467,166.4349,165.9566,165.4658,164.9623,164.4462,164.8543,164.3102,165.6143,169.6746,171.8416,175.8164,175.1585,173.5736,171.0727,168.5732,166.9783,164.4793,161.9831,162.1632,160.549,160.6965,159.9447,160.0554,159.2751,159.3487,159.4014,159.4331,158.5911,159.433,158.5576,158.5087,156.7705
-38.91653,-40.61949,-42.09441,-43.56612,-45.03451,-46.49948,-47.9609,-49.70269,-51.16505,-52.32281,-54.07797,-55.52831,-56.97443,-58.4162,-59.85353,-61.6365,-63.07276,-65.23722,-68.55301,-71.17912,-74.62965,-76.16107,-77.27996,-77.96233,-78.607,-79.64455,-80.22192,-80.7618,-82.62627,-83.5765,-85.44382,-86.84289,-88.72016,-90.11351,-92,-93.8946,-95.79708,-97.18473,-99.62482,-101.0123,-102.9368,-103.7642
169.5404,169.1924,168.8315,168.4577,168.0711,167.6717,167.2595,166.8346,167.3533,166.9005,166.4349,165.9566,165.4658,164.9623,165.3859,164.8543,164.3102,165.6143,169.6746,171.8416,175.8164,175.1585,173.5736,171.0727,168.5732,166.9783,164.4793,161.9831,162.1632,160.549,160.6965,159.9447,160.0554,159.2751,159.3487,159.4014,159.4331,159.4437,159.433,158.5576,158.5087,156.7705
-39.14148,-40.61949,-42.09441,-43.56612,-45.03451,-46.49948,-47.9609,-49.41867,-51.16505,-52.62351,-54.07797,-55.52831,-56.97443,-58.4162,-60.19555,-61.6365,-63.07276,-65.23722,-68.55301,-71.17912,-74.62965,-76.16107,-77.27996,-77.96233,-78.607,-79.64455,-80.22192,-80.7618,-82.62627,-83.5765,-85.44382,-86.84289,-88.72016,-90.11351,-92,-93.8946,-95.79708,-97.70723,-99.62482,-101.0123,-102.9368,-103.7642
169.5404,169.1924,168.8315,168.4577,168.0711,167.6717,167.2595,167.7935,167.3533,166.9005,166.4349,165.9566,165.4658,164.9623,165.3859,164.8543,165.2437,166.5447,168.7475,172.7655,175.8164,175.1585,173.5736,171.0727,169.4796,166.9783,164.4793,161.9831,161.2722,160.549,160.6965,159.9447,160.0554,160.1454,159.3487,159.4014,159.4331,159.4437,158.585,158.5576,158.5087,156.7705
-39.14148,-40.61949,-42.09441,-43.56612,-45.03451,-46.49948,-47.9609,-49.70269,-51.16505,-52.62351,-54.07797,-55.52831,-56.97443,-58.4162,-60.19555,-61.6365,-63.43113,-65.60372,-68.1784,-71.5618,-74.62965,-76.16107,-77.27996,-77.96233,-79.02961,-79.64455,-80.22192,-80.7618,-82.17228,-83.5765,-85.44382,-86.84289,-88.72016,-90.60594,-92,-93.8946,-95.79708,-97.70723,-99.0949,-101.0123,-102.9368,-103.7642
169.5404,169.1924,168.8315,168.4577,168.0711,167.6717,167.2595,167.7935,167.3533,166.9005,166.4349,165.9566,165.4658,164.9623,165.3859,164.8543,164.3102,165.6143,169.6746,171.8416,175.8164,175.1585,173.5736,171.0727,168.5732,166.9783,164.4793,161.9831,161.2722,160.549,160.6965,159.9447,160.0554,160.1454,159.3487,159.4014,159.4331,158.5911,158.585,158.5576,158.5087,156.7705
-39.14148,-40.61949,-42.09441,-43.56612,-45.03451,-46.49948,-47.9609,-49.70269,-51.16505,-52.62351,-54.07797,-55.52831,-56.97443,-58.4162,-60.19555,-61.6365,-63.07276,-65.23722,-68.55301,-71.17912,-74.62965,-76.16107,-77.27996,-77.96233,-78.607,-79.64455,-80.22192,-80.7618,-82.17228,-83.5765,-85.44382,-86.84289,-88.72016,-90.60594,-92,-93.8946,-95.79708,-97.18473,-99.0949,-101.0123,-102.9368,-103.7642
169.5404,169.1924,168.8315,168.4577,168.0711,168.6353,168.2208,166.8346,166.397,166.9005,166.4349,165.9566,165.4658,164.9623,165.3859,164.8543,164.3102,165.6143,169.6746,171.8416,175.8164,176.0755,173.5736,171.0727,169.4796,166.9783,164.4793,161.9831,161.2722,160.549,159.8135,159.9447,160.0554,159.2751,159.3487,159.4014,159.4331,158.5911,159.433,158.5576,158.5087,156.7705
-39.14148,-40.61949,-42.09441,-43.56612,-45.03451,-46.76672,-48.23654,-49.41867,-50.87268,-52.62351,-54.07797,-55.52831,-56.97443,-58.4162,-60.19555,-61.6365,-63.07276,-65.23722,-68.55301,-71.17912,-74.62965,-76.55982,-77.27996,-77.96233,-79.02961,-79.64455,-80.22192,-80.7618,-82.17228,-83.5765,-84.97435,-86.84289,-88.72016,-90.11351,-92,-93.8946,-95.79708,-97.18473,-99.62482,-101.0123,-102.9368,-103.7642
169.5404,170.1647,168.8315,168.4577,168.0711,167.6717,167.2595,166.8346,167.3533,166.9005,166.4349,165.9566,165.4658,164.9623,164.4462,163.9176,164.3102,165.6143,169.6746,171.8416,175.8164,175.1585,173.5736,171.0727,169.4796,166.0757,164.4793,161.9831,161.2722,160.549,160.6965,159.9447,160.0554,159.2751,159.3487,159.4014,159.4331,159.4437,159.433,158.5576,158.5087,156.7705
-39.14148,-40.85294,-42.09441,-43.56612,-45.03451,-46.49948,-47.9609,-49.41867,-51.16505,-52.62351,-54.07797,-55.52831,-56.97443,-58.4162,-59.85353,-61.28629,-63.07276,-65.23722,-68.55301,-71.17912,-74.62965,-76.16107,-77.27996,-77.96233,-79.02961,-79.21404,-80.22192,-80.7618,-82.17228,-83.5765,-85.44382,-86.84289,-88.72016,-90.11351,-92,-93.8946,-95.79708,-97.70723,-99.62482,-101.0123,-102.9368,-103.7642
169.5404,169.1924,168.8315,168.4577,168.0711,167.6717,167.2595,166.8346,167.3533,166.9005,166.4349,165.9566,165.4658,164.9623,165.3859,164.8543,165.2437,165.6143,169.6746,171.8416,175.8164,175.1585,173.5736,171.0727,168.5732,166.9783,164.4793,161.9831,161.2722,160.549,160.6965,159.9447,160.0554,159.2751,159.3487,159.4014,159.4331,158.5911,159.433,158.5576,158.5087,156.7705
-39.14148,-40.61949,-42.09441,-43.56612,-45.03451,-46.49948,-47.9609,-49.41867,-51.16505,-52.62351,-54.07797,-55.52831,-56.97443,-58.4162,-60.19555,-61.6365,-63.43113,-65.23722,-68.55301,-71.17912,-74.62965,-76.16107,-77.27996,-77.96233,-78.607,-79.64455,-80.22192,-80.7618,-82.17228,-83.5765,-85.44382,-86.84289,-88.72016,-90.11351,-92,-93.8946,-95.79708,-97.18473,-99.62482,-101.0123,-102.9368,-103.7642
167.5917,169.1924,168.8315,168.4577,168.0711,167.6717,167.2595,166.8346,167.3533,166.9005,166.4349,165.9566,165.4658,164.9623,164.4462,164.8543,164.3102,165.6143,169.6746,171.8416,175.8164,175.1585,173.5736,171.0727,168.5732,166.9783,164.4793,161.9831,161.2722,160.549,160.6965,159.9447,160.0554,160.1454,159.3487,159.4014,159.4331,158.5911,158.585,158.5576,158.5087,156.7705
-38.69158,-40.61949,-42.09441,-43.56612,-45.03451,-46.49948,-47.9609,-49.41867,-51.16505,-52.62351,-54.07797,-55.52831,-56.97443,-58.4162,-59.85353,-61.6365,-63.07276,-65.23722,-68.55301,-71.17912,-74.62965,-76.16107,-77.27996,-77.96233,-78.607,-79.64455,-80.22192,-80.7618,-82.17228,-83.5765,-85.44382,-86.84289,-88.72016,-90.60594,-92,-93.8946,-95.79708,-97.18473,-99.0949,-101.0123,-102.9368,-103.7642
169.5404,169.1924,168.8315,168.4577,168.0711,167.6717,167.2595,166.8346,167.3533,166.9005,166.4349,165.9566,165.4658,164.9623,165.3859,164.8543,165.2437,165.6143,169.6746,171.8416,175.8164,176.0755,173.5736,171.0727,168.5732,166.9783,164.4793,162.8781,161.2722,160.549,160.6965,159.9447,160.0554,159.2751,159.3487,159.4014,159.4331,159.4437,158.585,158.5576,158.5087,156.7705
-39.14148,-40.61949,-42.09441,-43.56612,-45.03451,-46.49948,-47.9609,-49.41867,-51.16505,-52.62351,-54.07797,-55.52831,-56.97443,-58.4162,-60.19555,-61.6365,-63.43113,-65.23722,-68.55301,-71.17912,-74.62965,-76.55982,-77.27996,-77.96233,-78.607,-79.64455,-80.22192,-81.208,-82.17228,-83.5765,-85.44382,-86.84289,-88.72016,-90.11351,-92,-93.8946,-95.79708,-97.70723,-99.0949,-101.0123,-102.9368,-103.7642
167.5917,170.1647,168.8315,168.4577,168.0711,167.6717,167.2595,166.8346,166.397,165.9467,166.4349,165.9566,165.4658,164.9623,164.4462,164.8543,164.3102,165.6143,169.6746,171.8416,175.8164,175.1585,173.5736,171.0727,168.5732,166.9783,164.4793,162.8781,161.2722,160.549,160.6965,159.9447,160.0554,160.1454,159.3487,159.4014,159.4331,158.5911,158.585,159.401,158.5087,156.7705
-38.69158,-40.85294,-42.09441,-43.56612,-45.03451,-46.49948,-47.9609,-49.41867,-50.87268,-52.32281,-54.07797,-55.52831,-56.97443,-58.4162,-59.85353,-61.6365,-63.07276,-65.23722,-68.55301,-71.17912,-74.62965,-76.16107,-77.27996,-77.96233,-78.607,-79.64455,-80.22192,-81.208,-82.17228,-83.5765,-85.44382,-86.84289,-88.72016,-90.60594,-92,-93.8946,-95.79708,-97.18473,-99.0949,-101.5496,-102.9368,-103.7642
169.5404,169.1924,168.8315,168.4577,168.0711,167.6717,167.2595,167.7935,167.3533,166.9005,166.4349,165.9566,165.4658,164.9623,165.3859,164.8543,165.2437,165.6143,168.7475,171.8416,175.8164,175.1585,173.5736,171.0727,168.5732,166.0757,164.4793,161.9831,161.2722,160.549,160.6965,160.8235,160.0554,160.1454,159.3487,159.4014,159.4331,159.4437,158.585,159.401,158.5087,156.7705
-39.14148,-40.61949,-42.09441,-43.56612,-45.03451,-46.49948,-47.9609,-49.70269,-51.16505,-52.62351,-54.07797,-55.52831,-56.97443,-58.4162,-60.19555,-61.6365,-63.43113,-65.23722,-68.1784,-71.17912,-74.62965,-76.16107,-77.27996,-77.96233,-78.607,-79.21404,-80.22192,-80.7618,-82.17228,-83.5765,-85.44382,-87.32005,-88.72016,-90.60594,-92,-93.8946,-95.79708,-97.70723,-99.0949,-101.5496,-102.9368,-103.7642
169.5404,169.1924,168.8315,168.4577,168.0711,167.6717,167.2595,166.8346,167.3533,166.9005,166.4349,165.9566,165.4658,164.9623,164.4462,164.8543,164.3102,165.6143,169.6746,171.8416,175.8164,175.1585,173.5736,171.0727,168.5732,166.9783,164.4793,161.9831,161.2722,160.549,160.6965,159.9447,160.0554,159.2751,159.3487,159.4014,159.4331,159.4437,159.433,158.5576,158.5087,156.7705
-39.14148,-40.61949,-42.09441,-43.56612,-45.03451,-46.49948,-47.9609,-49.41867,-51.16505,-52.62351,-54.07797,-55.52831,-56.97443,-58.4162,-59.85353,-61.6365,-63.07276,-65.23722,-68.55301,-71.17912,-74.62965,-76.16107,-77.27996,-77.96233,-78.607,-79.64455,-80.22192,-80.7618,-82.17228,-83.5765,-85.44382,-86.84289,-88.72016,-90.11351,-92,-93.8946,-95.79708,-97.70723,-99.62482,-101.0123,-102.9368,-103.7642
