133.3452,134.8191,134.4852,135.0399,134.6743,135.2047,135.7249,136.2347,136.7342,137.2232,137.7018,138.1699,138.6275,139.0745,139.5109,139.9367,140.3519,140.7564,141.1501,143.4457,143.823,148.0343,151.29,154.5481,159.7444,163.98,168.22,172.4635,176.7096,182.9136,187.1656,186.5092,183.8687,183.1742,180.4903,180.747,178.0229,177.258,176.4772,174.6881,172.8815,172.0523,170.2127,169.3531,168.479,167.5908,164.6922,163.7752,162.8449,160.9019,159.9452,158.9758,159.9939,160,160.9939,160.9755,161.9445,162.9007,162.8449,163.7752,164.6922,165.5956,166.4852,166.3645,168.222,169.0687,169.9008
66.48347,65.75567,64.14615,62.97012,61.3746,60.19702,59.01486,57.82821,56.63715,55.44178,54.24218,53.03846,51.83069,50.61898,49.40342,48.18409,46.96109,45.73452,44.50446,43.85576,42.6023,42.44815,41.95643,41.41105,41.3127,40.8848,40.38605,39.81634,39.17557,38.87949,38.07928,36.25371,34.07804,32.29856,30.20371,28.62751,26.60569,24.91199,23.23366,21.449,19.69736,18.08342,16.38962,14.81648,13.25959,11.71909,10.07301,8.583097,7.10996,5.618819,4.188312,2.774933,1.396246,0,-1.404972,-2.809837,-4.240666,-5.688618,-7.10996,-8.583097,-10.07301,-11.57957,-13.10267,-14.55501,-16.19793,-17.76984,-19.35775
133.3452,134.8191,135.3878,135.0399,136.4942,135.2047,135.7249,136.2347,136.7342,137.2232,137.7018,138.1699,138.6275,139.0745,140.4536,139.9367,141.3002,140.7564,142.1038,143.4457,144.7818,148.0343,151.29,154.5481,160.7125,163.98,169.1924,172.4635,176.7096,182.9136,187.1656,186.5092,183.8687,182.1894,181.4766,179.7593,178.0229,177.258,176.4772,174.6881,173.8751,172.0523,170.2127,169.3531,168.479,167.5908,164.6922,163.7752,162.8449,161.9013,160.9448,159.9756,159.9939,160,160.9939,161.9753,162.9441,162.9007,162.8449,163.7752,164.6922,165.5956,166.4852,168.3569,169.2174,169.0687,169.9008
66.48347,65.75567,64.57666,62.97012,62.20399,60.19702,59.01486,57.82821,56.63715,55.44178,54.24218,53.03846,51.83069,50.61898,49.73722,48.18409,47.27839,45.73452,44.80516,43.85576,42.88632,42.44815,41.95643,41.41105,41.56308,40.8848,40.61949,39.81634,39.17557,38.87949,38.07928,36.25371,34.07804,32.12491,30.36876,28.47107,26.60569,24.91199,23.23366,21.449,19.81056,18.08342,16.38962,14.81648,13.25959,11.71909,10.07301,8.583097,7.10996,5.653718,4.214489,2.792385,1.396246,0,-1.404972,-2.82729,-4.266843,-5.688618,-7.10996,-8.583097,-10.07301,-11.57957,-13.10267,-14.72932,-16.29378,-17.76984,-19.35775
132.4503,133.9203,135.3878,135.9462,135.5842,136.1183,136.642,137.1552,137.6581,138.1504,138.6322,139.1035,139.5642,140.0142,140.4536,140.8823,141.3002,141.7074,142.1038,144.402,144.7818,147.073,151.29,155.5141,159.7444,163.98,167.2476,172.4635,176.7096,182.9136,187.1656,186.5092,183.8687,182.1894,181.4766,179.7593,178.0229,176.2677,176.4772,174.6881,172.8815,172.0523,171.2081,169.3531,168.479,167.5908,164.6922,163.7752,161.8458,160.9019,160.9448,159.9756,159.9939,160,161.9938,160.9755,162.9441,163.9001,164.843,163.7752,164.6922,165.5956,166.4852,166.3645,168.222,169.0687,169.9008
66.03728,65.3173,64.57666,63.39274,61.78929,60.60376,59.41361,58.21894,57.01983,55.81638,54.60868,53.39682,52.1809,50.961,49.73722,48.50966,47.27839,46.04353,44.80516,44.14813,42.88632,42.17252,41.95643,41.66987,41.3127,40.8848,40.1526,39.81634,39.17557,38.87949,38.07928,36.25371,34.07804,32.12491,30.36876,28.47107,26.60569,24.77281,23.23366,21.449,19.69736,18.08342,16.48547,14.81648,13.25959,11.71909,10.07301,8.583097,7.066341,5.618819,4.214489,2.792385,1.396246,0,-1.413699,-2.809837,-4.266843,-5.723517,-7.197199,-8.583097,-10.07301,-11.57957,-13.10267,-14.55501,-16.19793,-17.76984,-19.35775
133.3452,133.9203,135.3878,135.9462,135.5842,136.1183,136.642,137.1552,137.6581,138.1504,138.6322,139.1035,139.5642,140.0142,140.4536,140.8823,141.3002,141.7074,142.1038,144.402,143.823,148.0343,151.29,155.5141,159.7444,163.98,168.22,172.4635,176.7096,182.9136,187.1656,186.5092,183.8687,183.1742,181.4766,179.7593,178.0229,178.2483,175.4857,174.6881,172.8815,172.0523,169.2174,169.3531,168.479,167.5908,164.6922,163.7752,161.8458,161.9013,160.9448,159.9756,159.9939,160,160.9939,160.9755,162.9441,163.9001,162.8449,163.7752,164.6922,165.5956,166.4852,166.3645,168.222,169.0687,169.9008
66.48347,65.3173,64.57666,63.39274,61.78929,60.60376,59.41361,58.21894,57.01983,55.81638,54.60868,53.39682,52.1809,50.961,49.73722,48.50966,47.27839,46.04353,44.80516,44.14813,42.6023,42.44815,41.95643,41.66987,41.3127,40.8848,40.38605,39.81634,39.17557,38.87949,38.07928,36.25371,34.07804,32.29856,30.36876,28.47107,26.60569,25.05116,23.10314,21.449,19.69736,18.08342,16.29378,14.81648,13.25959,11.71909,10.07301,8.583097,7.066341,5.653718,4.214489,2.792385,1.396246,0,-1.404972,-2.809837,-4.266843,-5.723517,-7.10996,-8.583097,-10.07301,-11.57957,-13.10267,-14.55501,-16.19793,-17.76984,-19.35775
130.6604,133.9203,135.3878,135.0399,136.4942,136.1183,136.642,137.1552,137.6581,138.1504,138.6322,139.1035,139.5642,140.0142,140.4536,140.8823,141.3002,141.7074,142.1038,144.402,143.823,148.0343,151.29,155.5141,159.7444,163.98,169.1924,172.4635,177.6859,181.9355,187.1656,186.5092,183.8687,183.1742,181.4766,179.7593,178.0229,178.2483,176.4772,174.6881,172.8815,171.0578,170.2127,168.3569,168.479,167.5908,164.6922,163.7752,162.8449,160.9019,160.9448,159.9756,159.9939,161,160.9939,161.9753,161.9445,163.9001,163.8439,163.7752,164.6922,165.5956,166.4852,168.3569,168.222,169.0687,169.9008
65.14488,65.3173,64.57666,62.97012,62.20399,60.60376,59.41361,58.21894,57.01983,55.81638,54.60868,53.39682,52.1809,50.961,49.73722,48.50966,47.27839,46.04353,44.80516,44.14813,42.6023,42.44815,41.95643,41.66987,41.3127,40.8848,40.61949,39.81634,39.39201,38.67157,38.07928,36.25371,34.07804,32.29856,30.36876,28.47107,26.60569,25.05116,23.23366,21.449,19.69736,17.9789,16.38962,14.72932,13.25959,11.71909,10.07301,8.583097,7.10996,5.618819,4.214489,2.792385,1.396246,0,-1.404972,-2.82729,-4.240666,-5.723517,-7.15358,-8.583097,-10.07301,-11.57957,-13.10267,-14.72932,-16.19793,-17.76984,-19.35775
132.4503,134.8191,135.3878,135.0399,135.5842,136.1183,136.642,137.1552,137.6581,138.1504,138.6322,139.1035,139.5642,140.0142,140.4536,140.8823,141.3002,141.7074,142.1038,143.4457,144.7818,148.0343,151.29,155.5141,159.7444,163.98,169.1924,172.4635,177.6859,182.9136,187.1656,186.5092,184.8519,182.1894,181.4766,179.7593,178.0229,177.258,176.4772,174.6881,172.8815,172.0523,171.2081,169.3531,168.479,167.5908,164.6922,163.7752,161.8458,160.9019,160.9448,159.9756,159.9939,160,161.9938,162.9752,162.9441,163.9001,162.8449,164.7739,165.6904,165.5956,166.4852,166.3645,168.222,169.0687,169.9008
66.03728,65.75567,64.57666,62.97012,61.78929,60.60376,59.41361,58.21894,57.01983,55.81638,54.60868,53.39682,52.1809,50.961,49.73722,48.50966,47.27839,46.04353,44.80516,43.85576,42.88632,42.44815,41.95643,41.66987,41.3127,40.8848,40.61949,39.81634,39.39201,38.87949,38.07928,36.25371,34.26028,32.12491,30.36876,28.47107,26.60569,24.91199,23.23366,21.449,19.69736,18.08342,16.48547,14.81648,13.25959,11.71909,10.07301,8.583097,7.066341,5.618819,4.214489,2.792385,1.396246,0,-1.413699,-2.844742,-4.266843,-5.723517,-7.10996,-8.635433,-10.13406,-11.57957,-13.10267,-14.55501,-16.19793,-17.76984,-19.35775
133.3452,133.9203,135.3878,135.9462,135.5842,136.1183,136.642,137.1552,137.6581,138.1504,138.6322,139.1035,139.5642,140.0142,140.4536,140.8823,141.3002,141.7074,143.0575,143.4457,143.823,148.0343,151.29,155.5141,159.7444,163.98,169.1924,172.4635,176.7096,182.9136,187.1656,186.5092,183.8687,182.1894,181.4766,179.7593,178.0229,177.258,176.4772,174.6881,172.8815,172.0523,170.2127,169.3531,168.479,167.5908,164.6922,163.7752,161.8458,161.9013,160.9448,159.9756,159.9939,160,161.9938,160.9755,161.9445,162.9007,162.8449,164.7739,164.6922,165.5956,166.4852,168.3569,168.222,169.0687,169.9008
66.48347,65.3173,64.57666,63.39274,61.78929,60.60376,59.41361,58.21894,57.01983,55.81638,54.60868,53.39682,52.1809,50.961,49.73722,48.50966,47.27839,46.04353,45.10587,43.85576,42.6023,42.44815,41.95643,41.66987,41.3127,40.8848,40.61949,39.81634,39.17557,38.87949,38.07928,36.25371,34.07804,32.12491,30.36876,28.47107,26.60569,24.91199,23.23366,21.449,19.69736,18.08342,16.38962,14.81648,13.25959,11.71909,10.07301,8.583097,7.066341,5.653718,4.214489,2.792385,1.396246,0,-1.413699,-2.809837,-4.240666,-5.688618,-7.10996,-8.635433,-10.07301,-11.57957,-13.10267,-14.72932,-16.19793,-17.76984,-19.35775
129.7655,134.8191,135.3878,135.9462,136.4942,136.1183,137.559,137.1552,138.5819,138.1504,138.6322,139.1035,139.5642,140.0142,140.4536,140.8823,141.3002,141.7074,143.0575,143.4457,143.823,147.073,151.29,155.5141,159.7444,163.98,168.22,172.4635,176.7096,182.9136,188.1455,186.5092,183.8687,182.1894,181.4766,179.7593,179.0119,177.258,174.4943,174.6881,171.8879,172.0523,171.2081,170.3493,168.479,165.5956,164.6922,163.7752,161.8458,161.9013,160.9448,160.9755,159.9939,160,160.9939,161.9753,162.9441,163.9001,163.8439,164.7739,165.6904,165.5956,165.4883,168.3569,168.222,170.0632,169.9008
64.69868,65.75567,64.57666,63.39274,62.20399,60.60376,59.81236,58.21894,57.40251,55.81638,54.60868,53.39682,52.1809,50.961,49.73722,48.50966,47.27839,46.04353,45.10587,43.85576,42.6023,42.17252,41.95643,41.66987,41.3127,40.8848,40.38605,39.81634,39.17557,38.87949,38.27864,36.25371,34.07804,32.12491,30.36876,28.47107,26.7535,24.91199,22.97261,21.449,19.58416,18.08342,16.48547,14.90363,13.25959,11.57957,10.07301,8.583097,7.066341,5.653718,4.214489,2.809837,1.396246,0,-1.404972,-2.82729,-4.266843,-5.723517,-7.15358,-8.635433,-10.13406,-11.57957,-13.02421,-14.72932,-16.19793,-17.87437,-19.35775
132.4503,134.8191,135.3878,135.9462,135.5842,136.1183,136.642,138.0757,137.6581,138.1504,138.6322,139.1035,139.5642,140.0142,140.4536,140.8823,141.3002,141.7074,142.1038,143.4457,143.823,148.0343,151.29,154.5481,159.7444,163.98,169.1924,172.4635,177.6859,182.9136,187.1656,186.5092,184.8519,183.1742,181.4766,179.7593,179.0119,177.258,176.4772,174.6881,173.8751,172.0523,171.2081,169.3531,168.479,167.5908,164.6922,163.7752,161.8458,161.9013,160.9448,159.9756,159.9939,161,160.9939,160.9755,162.9441,163.9001,163.8439,164.7739,164.6922,165.5956,166.4852,168.3569,168.222,169.0687,169.9008
66.03728,65.75567,64.57666,63.39274,61.78929,60.60376,59.41361,58.60967,57.01983,55.81638,54.60868,53.39682,52.1809,50.961,49.73722,48.50966,47.27839,46.04353,44.80516,43.85576,42.6023,42.44815,41.95643,41.41105,41.3127,40.8848,40.61949,39.81634,39.39201,38.87949,38.07928,36.25371,34.26028,32.29856,30.36876,28.47107,26.7535,24.91199,23.23366,21.449,19.81056,18.08342,16.48547,14.81648,13.25959,11.71909,10.07301,8.583097,7.066341,5.653718,4.214489,2.792385,1.396246,0,-1.404972,-2.809837,-4.266843,-5.723517,-7.15358,-8.635433,-10.07301,-11.57957,-13.10267,-14.72932,-16.19793,-17.76984,-19.35775
131.5554,134.8191,135.3878,135.9462,135.5842,136.1183,136.642,137.1552,137.6581,138.1504,138.6322,139.1035,139.5642,140.0142,140.4536,140.8823,141.3002,141.7074,143.0575,144.402,143.823,147.073,151.29,154.5481,159.7444,163.98,167.2476,172.4635,177.6859,182.9136,187.1656,186.5092,183.8687,183.1742,180.4903,179.7593,178.0229,177.258,175.4857,173.6956,172.8815,172.0523,170.2127,169.3531,168.479,167.5908,164.6922,163.7752,161.8458,160.9019,159.9452,159.9756,159.9939,160,160.9939,161.9753,161.9445,163.9001,163.8439,163.7752,165.6904,165.5956,166.4852,168.3569,168.222,169.0687,168.9072
65.59108,65.75567,64.57666,63.39274,61.78929,60.60376,59.41361,58.21894,57.01983,55.81638,54.60868,53.39682,52.1809,50.961,49.73722,48.50966,47.27839,46.04353,45.10587,44.14813,42.6023,42.17252,41.95643,41.41105,41.3127,40.8848,40.1526,39.81634,39.39201,38.87949,38.07928,36.25371,34.07804,32.29856,30.20371,28.47107,26.60569,24.91199,23.10314,21.32714,19.69736,18.08342,16.38962,14.81648,13.25959,11.71909,10.07301,8.583097,7.066341,5.618819,4.188312,2.792385,1.396246,0,-1.404972,-2.82729,-4.240666,-5.723517,-7.15358,-8.583097,-10.13406,-11.57957,-13.10267,-14.72932,-16.19793,-17.76984,-19.24455
130.6604,134.8191,135.3878,135.9462,136.4942,136.1183,136.642,137.1552,137.6581,138.1504,138.6322,138.1699,139.5642,140.0142,140.4536,140.8823,141.3002,141.7074,143.0575,143.4457,143.823,148.0343,151.29,155.5141,160.7125,163.98,168.22,172.4635,176.7096,182.9136,187.1656,186.5092,183.8687,183.1742,181.4766,179.7593,178.0229,178.2483,176.4772,174.6881,173.8751,172.0523,170.2127,169.3531,168.479,167.5908,164.6922,163.7752,161.8458,161.9013,160.9448,159.9756,159.9939,160,160.9939,161.9753,162.9441,163.9001,163.8439,164.7739,164.6922,165.5956,166.4852,168.3569,168.222,169.0687,169.9008
65.14488,65.75567,64.57666,63.39274,62.20399,60.60376,59.41361,58.21894,57.01983,55.81638,54.60868,53.03846,52.1809,50.961,49.73722,48.50966,47.27839,46.04353,45.10587,43.85576,42.6023,42.44815,41.95643,41.66987,41.56308,40.8848,40.38605,39.81634,39.17557,38.87949,38.07928,36.25371,34.07804,32.29856,30.36876,28.47107,26.60569,25.05116,23.23366,21.449,19.81056,18.08342,16.38962,14.81648,13.25959,11.71909,10.07301,8.583097,7.066341,5.653718,4.214489,2.792385,1.396246,0,-1.404972,-2.82729,-4.266843,-5.723517,-7.15358,-8.635433,-10.07301,-11.57957,-13.10267,-14.72932,-16.19793,-17.76984,-19.35775
131.5554,133.9203,135.3878,135.9462,135.5842,137.0318,136.642,137.1552,137.6581,138.1504,138.6322,139.1035,139.5642,140.0142,140.4536,140.8823,141.3002,141.7074,142.1038,144.402,144.7818,148.0343,151.29,155.5141,159.7444,163.98,168.22,172.4635,176.7096,182.9136,187.1656,186.5092,184.8519,183.1742,180.4903,179.7593,178.0229,178.2483,176.4772,173.6956,172.8815,171.0578,171.2081,169.3531,168.479,167.5908,164.6922,163.7752,161.8458,162.9007,160.9448,159.9756,159.9939,160,160.9939,161.9753,162.9441,163.9001,163.8439,163.7752,164.6922,165.5956,166.4852,168.3569,169.2174,169.0687,169.9008
65.59108,65.3173,64.57666,63.39274,61.78929,61.0105,59.41361,58.21894,57.01983,55.81638,54.60868,53.39682,52.1809,50.961,49.73722,48.50966,47.27839,46.04353,44.80516,44.14813,42.88632,42.44815,41.95643,41.66987,41.3127,40.8848,40.38605,39.81634,39.17557,38.87949,38.07928,36.25371,34.26028,32.29856,30.20371,28.47107,26.60569,25.05116,23.23366,21.32714,19.69736,17.9789,16.48547,14.81648,13.25959,11.71909,10.07301,8.583097,7.066341,5.688618,4.214489,2.792385,1.396246,0,-1.404972,-2.82729,-4.266843,-5.723517,-7.15358,-8.583097,-10.07301,-11.57957,-13.10267,-14.72932,-16.29378,-17.76984,-19.35775
132.4503,134.8191,135.3878,135.9462,136.4942,136.1183,136.642,137.1552,137.6581,138.1504,138.6322,139.1035,139.5642,140.0142,140.4536,140.8823,141.3002,141.7074,142.1038,143.4457,144.7818,148.0343,151.29,155.5141,159.7444,163.98,168.22,172.4635,176.7096,182.9136,187.1656,186.5092,183.8687,182.1894,181.4766,179.7593,178.0229,178.2483,176.4772,174.6881,172.8815,172.0523,171.2081,169.3531,168.479,167.5908,164.6922,163.7752,161.8458,161.9013,160.9448,159.9756,159.9939,160,160.9939,160.9755,162.9441,163.9001,163.8439,163.7752,164.6922,165.5956,166.4852,168.3569,168.222,169.0687,169.9008
66.03728,65.75567,64.57666,63.39274,62.20399,60.60376,59.41361,58.21894,57.01983,55.81638,54.60868,53.39682,52.1809,50.961,49.73722,48.50966,47.27839,46.04353,44.80516,43.85576,42.88632,42.44815,41.95643,41.66987,41.3127,40.8848,40.38605,39.81634,39.17557,38.87949,38.07928,36.25371,34.07804,32.12491,30.36876,28.47107,26.60569,25.05116,23.23366,21.449,19.69736,18.08342,16.48547,14.81648,13.25959,11.71909,10.07301,8.583097,7.066341,5.653718,4.214489,2.792385,1.396246,0,-1.404972,-2.809837,-4.266843,-5.723517,-7.15358,-8.583097,-10.07301,-11.57957,-13.10267,-14.72932,-16.19793,-17.76984,-19.35775
132.4503,134.8191,135.3878,135.0399,135.5842,136.1183,136.642,137.1552,137.6581,138.1504,138.6322,139.1035,139.5642,140.0142,140.4536,140.8823,141.3002,141.7074,142.1038,143.4457,144.7818,148.0343,151.29,154.5481,159.7444,163.98,167.2476,172.4635,176.7096,182.9136,187.1656,186.5092,183.8687,182.1894,181.4766,179.7593,178.0229,177.258,176.4772,174.6881,172.8815,172.0523,170.2127,169.3531,168.479,167.5908,164.6922,163.7752,162.8449,160.9019,160.9448,159.9756,159.9939,160,160.9939,160.9755,162.9441,163.9001,163.8439,163.7752,164.6922,165.5956,166.4852,168.3569,168.222,169.0687,169.9008
66.03728,65.75567,64.57666,62.97012,61.78929,60.60376,59.41361,58.21894,57.01983,55.81638,54.60868,53.39682,52.1809,50.961,49.73722,48.50966,47.27839,46.04353,44.80516,43.85576,42.88632,42.44815,41.95643,41.41105,41.3127,40.8848,40.1526,39.81634,39.17557,38.87949,38.07928,36.25371,34.07804,32.12491,30.36876,28.47107,26.60569,24.91199,23.23366,21.449,19.69736,18.08342,16.38962,14.81648,13.25959,11.71909,10.07301,8.583097,7.10996,5.618819,4.214489,2.792385,1.396246,0,-1.404972,-2.809837,-4.266843,-5.723517,-7.15358,-8.583097,-10.07301,-11.57957,-13.10267,-14.72932,-16.19793,-17.76984,-19.35775
132.4503,134.8191,135.3878,135.9462,136.4942,136.1183,136.642,137.1552,137.6581,138.1504,138.6322,139.1035,139.5642,140.0142,140.4536,140.8823,141.3002,141.7074,142.1038,143.4457,143.823,148.0343,151.29,155.5141,159.7444,163.98,167.2476,171.4891,177.6859,182.9136,187.1656,186.5092,183.8687,182.1894,181.4766,179.7593,179.0119,178.2483,176.4772,174.6881,171.8879,172.0523,171.2081,169.3531,168.479,167.5908,164.6922,163.7752,161.8458,161.9013,160.9448,159.9756,159.9939,160,160.9939,160.9755,162.9441,162.9007,162.8449,163.7752,164.6922,165.5956,166.4852,166.3645,168.222,169.0687,169.9008
66.03728,65.75567,64.57666,63.39274,62.20399,60.60376,59.41361,58.21894,57.01983,55.81638,54.60868,53.39682,52.1809,50.961,49.73722,48.50966,47.27839,46.04353,44.80516,43.85576,42.6023,42.44815,41.95643,41.66987,41.3127,40.8848,40.1526,39.59139,39.39201,38.87949,38.07928,36.25371,34.07804,32.12491,30.36876,28.47107,26.7535,25.05116,23.23366,21.449,19.58416,18.08342,16.48547,14.81648,13.25959,11.71909,10.07301,8.583097,7.066341,5.653718,4.214489,2.792385,1.396246,0,-1.404972,-2.809837,-4.266843,-5.688618,-7.10996,-8.583097,-10.07301,-11.57957,-13.10267,-14.55501,-16.19793,-17.76984,-19.35775
132.4503,133.9203,135.3878,135.0399,135.5842,137.0318,136.642,137.1552,137.6581,138.1504,138.6322,139.1035,139.5642,140.0142,140.4536,140.8823,141.3002,141.7074,142.1038,143.4457,143.823,148.0343,150.3264,155.5141,160.7125,163.98,168.22,172.4635,176.7096,182.9136,187.1656,186.5092,183.8687,183.1742,181.4766,179.7593,178.0229,176.2677,176.4772,174.6881,172.8815,172.0523,171.2081,169.3531,168.479,167.5908,164.6922,163.7752,161.8458,161.9013,159.9452,159.9756,159.9939,160,160.9939,161.9753,162.9441,162.9007,162.8449,163.7752,164.6922,165.5956,166.4852,168.3569,168.222,169.0687,169.9008
66.03728,65.3173,64.57666,62.97012,61.78929,61.0105,59.41361,58.21894,57.01983,55.81638,54.60868,53.39682,52.1809,50.961,49.73722,48.50966,47.27839,46.04353,44.80516,43.85576,42.6023,42.44815,41.68919,41.66987,41.56308,40.8848,40.38605,39.81634,39.17557,38.87949,38.07928,36.25371,34.07804,32.29856,30.36876,28.47107,26.60569,24.77281,23.23366,21.449,19.69736,18.08342,16.48547,14.81648,13.25959,11.71909,10.07301,8.583097,7.066341,5.653718,4.188312,2.792385,1.396246,0,-1.404972,-2.82729,-4.266843,-5.688618,-7.10996,-8.583097,-10.07301,-11.57957,-13.10267,-14.72932,-16.19793,-17.76984,-19.35775
132.4503,133.9203,135.3878,135.0399,136.4942,136.1183,136.642,137.1552,137.6581,138.1504,138.6322,139.1035,139.5642,140.0142,140.4536,140.8823,141.3002,141.7074,142.1038,144.402,143.823,148.0343,150.3264,155.5141,159.7444,163.98,167.2476,172.4635,177.6859,181.9355,187.1656,186.5092,183.8687,182.1894,180.4903,179.7593,178.0229,177.258,176.4772,174.6881,172.8815,172.0523,171.2081,169.3531,168.479,167.5908,164.6922,163.7752,161.8458,161.9013,160.9448,159.9756,159.9939,160,161.9938,160.9755,161.9445,162.9007,164.843,163.7752,164.6922,165.5956,166.4852,166.3645,168.222,169.0687,169.9008
66.03728,65.3173,64.57666,62.97012,62.20399,60.60376,59.41361,58.21894,57.01983,55.81638,54.60868,53.39682,52.1809,50.961,49.73722,48.50966,47.27839,46.04353,44.80516,44.14813,42.6023,42.44815,41.68919,41.66987,41.3127,40.8848,40.1526,39.81634,39.39201,38.67157,38.07928,36.25371,34.07804,32.12491,30.20371,28.47107,26.60569,24.91199,23.23366,21.449,19.69736,18.08342,16.48547,14.81648,13.25959,11.71909,10.07301,8.583097,7.066341,5.653718,4.214489,2.792385,1.396246,0,-1.413699,-2.809837,-4.240666,-5.688618,-7.197199,-8.583097,-10.07301,-11.57957,-13.10267,-14.55501,-16.19793,-17.76984,-19.35775
131.5554,133.9203,135.3878,135.9462,135.5842,136.1183,136.642,137.1552,137.6581,138.1504,138.6322,139.1035,139.5642,140.0142,140.4536,140.8823,141.3002,141.7074,143.0575,143.4457,143.823,148.0343,151.29,155.5141,159.7444,163.98,168.22,172.4635,176.7096,182.9136,187.1656,186.5092,183.8687,183.1742,180.4903,179.7593,178.0229,176.2677,176.4772,174.6881,172.8815,172.0523,171.2081,169.3531,168.479,167.5908,164.6922,163.7752,161.8458,161.9013,159.9452,159.9756,159.9939,160,160.9939,160.9755,162.9441,162.9007,163.8439,164.7739,164.6922,166.5932,166.4852,168.3569,168.222,169.0687,169.9008
65.59108,65.3173,64.57666,63.39274,61.78929,60.60376,59.41361,58.21894,57.01983,55.81638,54.60868,53.39682,52.1809,50.961,49.73722,48.50966,47.27839,46.04353,45.10587,43.85576,42.6023,42.44815,41.95643,41.66987,41.3127,40.8848,40.38605,39.81634,39.17557,38.87949,38.07928,36.25371,34.07804,32.29856,30.20371,28.47107,26.60569,24.77281,23.23366,21.449,19.69736,18.08342,16.48547,14.81648,13.25959,11.71909,10.07301,8.583097,7.066341,5.653718,4.188312,2.792385,1.396246,0,-1.404972,-2.809837,-4.266843,-5.688618,-7.15358,-8.635433,-10.07301,-11.64933,-13.10267,-14.72932,-16.19793,-17.76984,-19.35775
132.4503,133.9203,135.3878,135.9462,136.4942,136.1183,136.642,137.1552,137.6581,138.1504,138.6322,139.1035,139.5642,140.0142,140.4536,140.8823,141.3002,141.7074,142.1038,143.4457,143.823,148.0343,151.29,155.5141,159.7444,163.98,168.22,171.4891,176.7096,182.9136,187.1656,186.5092,183.8687,182.1894,181.4766,179.7593,178.0229,178.2483,176.4772,174.6881,172.8815,171.0578,170.2127,169.3531,168.479,167.5908,164.6922,163.7752,162.8449,160.9019,160.9448,159.9756,159.9939,160,160.9939,161.9753,162.9441,163.9001,163.8439,164.7739,164.6922,165.5956,166.4852,168.3569,168.222,169.0687,169.9008
66.03728,65.3173,64.57666,63.39274,62.20399,60.60376,59.41361,58.21894,57.01983,55.81638,54.60868,53.39682,52.1809,50.961,49.73722,48.50966,47.27839,46.04353,44.80516,43.85576,42.6023,42.44815,41.95643,41.66987,41.3127,40.8848,40.38605,39.59139,39.17557,38.87949,38.07928,36.25371,34.07804,32.12491,30.36876,28.47107,26.60569,25.05116,23.23366,21.449,19.69736,17.9789,16.38962,14.81648,13.25959,11.71909,10.07301,8.583097,7.10996,5.618819,4.214489,2.792385,1.396246,0,-1.404972,-2.82729,-4.266843,-5.723517,-7.15358,-8.635433,-10.07301,-11.57957,-13.10267,-14.72932,-16.19793,-17.76984,-19.35775
129.7655,134.8191,135.3878,135.9462,135.5842,136.1183,136.642,137.1552,137.6581,138.1504,138.6322,139.1035,139.5642,140.0142,140.4536,140.8823,141.3002,141.7074,142.1038,143.4457,143.823,148.0343,151.29,154.5481,159.7444,163.98,168.22,172.4635,176.7096,182.9136,188.1455,186.5092,183.8687,182.1894,181.4766,179.7593,178.0229,176.2677,176.4772,174.6881,172.8815,171.0578,170.2127,169.3531,168.479,165.5956,164.6922,163.7752,161.8458,160.9019,160.9448,159.9756,159.9939,160,161.9938,160.9755,162.9441,163.9001,163.8439,163.7752,164.6922,165.5956,166.4852,168.3569,168.222,169.0687,169.9008
64.69868,65.75567,64.57666,63.39274,61.78929,60.60376,59.41361,58.21894,57.01983,55.81638,54.60868,53.39682,52.1809,50.961,49.73722,48.50966,47.27839,46.04353,44.80516,43.85576,42.6023,42.44815,41.95643,41.41105,41.3127,40.8848,40.38605,39.81634,39.17557,38.87949,38.27864,36.25371,34.07804,32.12491,30.36876,28.47107,26.60569,24.77281,23.23366,21.449,19.69736,17.9789,16.38962,14.81648,13.25959,11.57957,10.07301,8.583097,7.066341,5.618819,4.214489,2.792385,1.396246,0,-1.413699,-2.809837,-4.266843,-5.723517,-7.15358,-8.583097,-10.07301,-11.57957,-13.10267,-14.72932,-16.19793,-17.76984,-19.35775
134.2402,133.9203,135.3878,135.0399,136.4942,136.1183,136.642,137.1552,137.6581,138.1504,138.6322,139.1035,139.5642,140.0142,140.4536,140.8823,141.3002,141.7074,143.0575,143.4457,144.7818,148.0343,151.29,154.5481,160.7125,163.98,168.22,172.4635,176.7096,183.8917,187.1656,186.5092,183.8687,182.1894,181.4766,179.7593,178.0229,177.258,176.4772,174.6881,172.8815,171.0578,171.2081,169.3531,168.479,167.5908,164.6922,163.7752,162.8449,160.9019,160.9448,159.9756,159.9939,161,160.9939,161.9753,162.9441,163.9001,162.8449,163.7752,164.6922,165.5956,166.4852,168.3569,169.2174,169.0687,169.9008
66.92967,65.3173,64.57666,62.97012,62.20399,60.60376,59.41361,58.21894,57.01983,55.81638,54.60868,53.39682,52.1809,50.961,49.73722,48.50966,47.27839,46.04353,45.10587,43.85576,42.88632,42.44815,41.95643,41.41105,41.56308,40.8848,40.38605,39.81634,39.17557,39.0874,38.07928,36.25371,34.07804,32.12491,30.36876,28.47107,26.60569,24.91199,23.23366,21.449,19.69736,17.9789,16.48547,14.81648,13.25959,11.71909,10.07301,8.583097,7.10996,5.618819,4.214489,2.792385,1.396246,0,-1.404972,-2.82729,-4.266843,-5.723517,-7.10996,-8.583097,-10.07301,-11.57957,-13.10267,-14.72932,-16.29378,-17.76984,-19.35775
132.4503,134.8191,135.3878,135.9462,135.5842,137.0318,136.642,137.1552,137.6581,138.1504,138.6322,139.1035,139.5642,140.0142,140.4536,140.8823,141.3002,141.7074,142.1038,143.4457,145.7406,148.0343,151.29,155.5141,159.7444,163.98,168.22,172.4635,177.6859,182.9136,188.1455,186.5092,183.8687,182.1894,181.4766,179.7593,179.0119,177.258,176.4772,174.6881,172.8815,172.0523,170.2127,169.3531,168.479,167.5908,164.6922,163.7752,163.8439,162.9007,160.9448,160.9755,159.9939,160,161.9938,161.9753,162.9441,163.9001,164.843,164.7739,164.6922,165.5956,166.4852,168.3569,169.2174,170.0632,169.9008
66.03728,65.75567,64.57666,63.39274,61.78929,61.0105,59.41361,58.21894,57.01983,55.81638,54.60868,53.39682,52.1809,50.961,49.73722,48.50966,47.27839,46.04353,44.80516,43.85576,43.17033,42.44815,41.95643,41.66987,41.3127,40.8848,40.38605,39.81634,39.39201,38.87949,38.27864,36.25371,34.07804,32.12491,30.36876,28.47107,26.7535,24.91199,23.23366,21.449,19.69736,18.08342,16.38962,14.81648,13.25959,11.71909,10.07301,8.583097,7.15358,5.688618,4.214489,2.809837,1.396246,0,-1.413699,-2.82729,-4.266843,-5.723517,-7.197199,-8.635433,-10.07301,-11.57957,-13.10267,-14.72932,-16.29378,-17.87437,-19.35775
133.3452,134.8191,135.3878,135.9462,136.4942,136.1183,136.642,137.1552,137.6581,138.1504,138.6322,139.1035,139.5642,140.0142,140.4536,140.8823,141.3002,141.7074,142.1038,144.402,143.823,148.0343,151.29,156.48,159.7444,163.98,168.22,172.4635,176.7096,183.8917,187.1656,186.5092,183.8687,182.1894,180.4903,180.747,178.0229,177.258,176.4772,174.6881,172.8815,172.0523,171.2081,169.3531,168.479,167.5908,164.6922,163.7752,162.8449,161.9013,159.9452,160.9755,159.9939,161,160.9939,162.9752,162.9441,163.9001,162.8449,163.7752,164.6922,165.5956,166.4852,166.3645,168.222,169.0687,169.9008
66.48347,65.75567,64.57666,63.39274,62.20399,60.60376,59.41361,58.21894,57.01983,55.81638,54.60868,53.39682,52.1809,50.961,49.73722,48.50966,47.27839,46.04353,44.80516,44.14813,42.6023,42.44815,41.95643,41.92869,41.3127,40.8848,40.38605,39.81634,39.17557,39.0874,38.07928,36.25371,34.07804,32.12491,30.20371,28.62751,26.60569,24.91199,23.23366,21.449,19.69736,18.08342,16.48547,14.81648,13.25959,11.71909,10.07301,8.583097,7.10996,5.653718,4.188312,2.809837,1.396246,0,-1.404972,-2.844742,-4.266843,-5.723517,-7.10996,-8.583097,-10.07301,-11.57957,-13.10267,-14.55501,-16.19793,-17.76984,-19.35775
129.7655,134.8191,135.3878,135.9462,135.5842,136.1183,136.642,137.1552,137.6581,138.1504,138.6322,139.1035,139.5642,140.0142,140.4536,140.8823,141.3002,141.7074,142.1038,143.4457,144.7818,148.0343,151.29,156.48,159.7444,163.98,168.22,172.4635,176.7096,183.8917,187.1656,186.5092,183.8687,182.1894,181.4766,179.7593,178.0229,178.2483,176.4772,173.6956,172.8815,171.0578,170.2127,169.3531,168.479,167.5908,165.6904,163.7752,162.8449,160.9019,160.9448,159.9756,159.9939,160,160.9939,160.9755,162.9441,163.9001,163.8439,163.7752,165.6904,165.5956,166.4852,168.3569,169.2174,169.0687,169.9008
64.69868,65.75567,64.57666,63.39274,61.78929,60.60376,59.41361,58.21894,57.01983,55.81638,54.60868,53.39682,52.1809,50.961,49.73722,48.50966,47.27839,46.04353,44.80516,43.85576,42.88632,42.44815,41.95643,41.92869,41.3127,40.8848,40.38605,39.81634,39.17557,39.0874,38.07928,36.25371,34.07804,32.12491,30.36876,28.47107,26.60569,25.05116,23.23366,21.32714,19.69736,17.9789,16.38962,14.81648,13.25959,11.71909,10.13406,8.583097,7.10996,5.618819,4.214489,2.792385,1.396246,0,-1.404972,-2.809837,-4.266843,-5.723517,-7.15358,-8.583097,-10.13406,-11.57957,-13.10267,-14.72932,-16.29378,-17.76984,-19.35775
133.3452,134.8191,135.3878,135.9462,135.5842,136.1183,137.559,137.1552,137.6581,138.1504,138.6322,139.1035,139.5642,140.9539,140.4536,140.8823,141.3002,141.7074,142.1038,143.4457,144.7818,148.0343,151.29,155.5141,159.7444,163.98,167.2476,172.4635,176.7096,183.8917,188.1455,186.5092,183.8687,183.1742,181.4766,179.7593,178.0229,177.258,176.4772,173.6956,173.8751,171.0578,171.2081,169.3531,168.479,167.5908,164.6922,163.7752,162.8449,161.9013,159.9452,159.9756,159.9939,160,160.9939,161.9753,162.9441,163.9001,164.843,163.7752,164.6922,165.5956,166.4852,168.3569,168.222,169.0687,169.9008
66.48347,65.75567,64.57666,63.39274,61.78929,60.60376,59.81236,58.21894,57.01983,55.81638,54.60868,53.39682,52.1809,51.30302,49.73722,48.50966,47.27839,46.04353,44.80516,43.85576,42.88632,42.44815,41.95643,41.66987,41.3127,40.8848,40.1526,39.81634,39.17557,39.0874,38.27864,36.25371,34.07804,32.29856,30.36876,28.47107,26.60569,24.91199,23.23366,21.32714,19.81056,17.9789,16.48547,14.81648,13.25959,11.71909,10.07301,8.583097,7.10996,5.653718,4.188312,2.792385,1.396246,0,-1.404972,-2.82729,-4.266843,-5.723517,-7.197199,-8.583097,-10.07301,-11.57957,-13.10267,-14.72932,-16.19793,-17.76984,-19.35775
132.4503,133.9203,135.3878,135.9462,135.5842,136.1183,136.642,137.1552,137.6581,138.1504,138.6322,139.1035,139.5642,140.0142,140.4536,140.8823,141.3002,141.7074,142.1038,144.402,144.7818,148.0343,151.29,155.5141,159.7444,163.98,169.1924,172.4635,176.7096,182.9136,187.1656,186.5092,183.8687,182.1894,180.4903,179.7593,178.0229,178.2483,176.4772,174.6881,172.8815,172.0523,171.2081,169.3531,168.479,167.5908,164.6922,163.7752,162.8449,161.9013,160.9448,159.9756,159.9939,160,160.9939,160.9755,162.9441,163.9001,163.8439,163.7752,164.6922,165.5956,166.4852,168.3569,169.2174,169.0687,169.9008
66.03728,65.3173,64.57666,63.39274,61.78929,60.60376,59.41361,58.21894,57.01983,55.81638,54.60868,53.39682,52.1809,50.961,49.73722,48.50966,47.27839,46.04353,44.80516,44.14813,42.88632,42.44815,41.95643,41.66987,41.3127,40.8848,40.61949,39.81634,39.17557,38.87949,38.07928,36.25371,34.07804,32.12491,30.20371,28.47107,26.60569,25.05116,23.23366,21.449,19.69736,18.08342,16.48547,14.81648,13.25959,11.71909,10.07301,8.583097,7.10996,5.653718,4.214489,2.792385,1.396246,0,-1.404972,-2.809837,-4.266843,-5.723517,-7.15358,-8.583097,-10.07301,-11.57957,-13.10267,-14.72932,-16.29378,-17.76984,-19.35775
132.4503,134.8191,135.3878,135.9462,135.5842,136.1183,136.642,137.1552,137.6581,138.1504,138.6322,139.1035,139.5642,140.0142,140.4536,140.8823,141.3002,141.7074,142.1038,144.402,143.823,148.0343,151.29,155.5141,160.7125,163.98,168.22,173.4379,176.7096,183.8917,187.1656,186.5092,183.8687,182.1894,181.4766,179.7593,178.0229,178.2483,176.4772,174.6881,172.8815,171.0578,171.2081,169.3531,168.479,167.5908,164.6922,163.7752,163.8439,161.9013,160.9448,159.9756,159.9939,160,160.9939,160.9755,162.9441,163.9001,163.8439,163.7752,164.6922,165.5956,166.4852,168.3569,169.2174,169.0687,169.9008
66.03728,65.75567,64.57666,63.39274,61.78929,60.60376,59.41361,58.21894,57.01983,55.81638,54.60868,53.39682,52.1809,50.961,49.73722,48.50966,47.27839,46.04353,44.80516,44.14813,42.6023,42.44815,41.95643,41.66987,41.56308,40.8848,40.38605,40.04129,39.17557,39.0874,38.07928,36.25371,34.07804,32.12491,30.36876,28.47107,26.60569,25.05116,23.23366,21.449,19.69736,17.9789,16.48547,14.81648,13.25959,11.71909,10.07301,8.583097,7.15358,5.653718,4.214489,2.792385,1.396246,0,-1.404972,-2.809837,-4.266843,-5.723517,-7.15358,-8.583097,-10.07301,-11.57957,-13.10267,-14.72932,-16.29378,-17.76984,-19.35775
133.3452,134.8191,135.3878,135.0399,136.4942,136.1183,136.642,137.1552,137.6581,138.1504,138.6322,139.1035,139.5642,140.0142,140.4536,140.8823,141.3002,141.7074,142.1038,143.4457,143.823,148.0343,151.29,155.5141,159.7444,163.98,168.22,172.4635,176.7096,183.8917,187.1656,186.5092,184.8519,183.1742,181.4766,179.7593,178.0229,178.2483,176.4772,174.6881,171.8879,172.0523,170.2127,169.3531,168.479,167.5908,164.6922,163.7752,162.8449,161.9013,160.9448,159.9756,159.9939,161,160.9939,161.9753,162.9441,163.9001,162.8449,163.7752,164.6922,165.5956,166.4852,166.3645,169.2174,169.0687,169.9008
66.48347,65.75567,64.57666,62.97012,62.20399,60.60376,59.41361,58.21894,57.01983,55.81638,54.60868,53.39682,52.1809,50.961,49.73722,48.50966,47.27839,46.04353,44.80516,43.85576,42.6023,42.44815,41.95643,41.66987,41.3127,40.8848,40.38605,39.81634,39.17557,39.0874,38.07928,36.25371,34.26028,32.29856,30.36876,28.47107,26.60569,25.05116,23.23366,21.449,19.58416,18.08342,16.38962,14.81648,13.25959,11.71909,10.07301,8.583097,7.10996,5.653718,4.214489,2.792385,1.396246,0,-1.404972,-2.82729,-4.266843,-5.723517,-7.10996,-8.583097,-10.07301,-11.57957,-13.10267,-14.55501,-16.29378,-17.76984,-19.35775
132.4503,133.9203,135.3878,135.9462,135.5842,136.1183,136.642,137.1552,137.6581,138.1504,138.6322,139.1035,139.5642,140.0142,140.4536,140.8823,141.3002,141.7074,142.1038,144.402,144.7818,148.0343,150.3264,155.5141,160.7125,163.98,167.2476,172.4635,177.6859,182.9136,187.1656,186.5092,183.8687,182.1894,181.4766,179.7593,178.0229,177.258,176.4772,174.6881,173.8751,171.0578,171.2081,169.3531,168.479,167.5908,164.6922,163.7752,163.8439,161.9013,159.9452,159.9756,159.9939,160,160.9939,160.9755,162.9441,163.9001,163.8439,164.7739,164.6922,165.5956,166.4852,168.3569,168.222,169.0687,169.9008
66.03728,65.3173,64.57666,63.39274,61.78929,60.60376,59.41361,58.21894,57.01983,55.81638,54.60868,53.39682,52.1809,50.961,49.73722,48.50966,47.27839,46.04353,44.80516,44.14813,42.88632,42.44815,41.68919,41.66987,41.56308,40.8848,40.1526,39.81634,39.39201,38.87949,38.07928,36.25371,34.07804,32.12491,30.36876,28.47107,26.60569,24.91199,23.23366,21.449,19.81056,17.9789,16.48547,14.81648,13.25959,11.71909,10.07301,8.583097,7.15358,5.653718,4.188312,2.792385,1.396246,0,-1.404972,-2.809837,-4.266843,-5.723517,-7.15358,-8.635433,-10.07301,-11.57957,-13.10267,-14.72932,-16.19793,-17.76984,-19.35775
132.4503,134.8191,135.3878,135.9462,136.4942,136.1183,136.642,137.1552,137.6581,138.1504,138.6322,139.1035,139.5642,140.0142,140.4536,140.8823,141.3002,141.7074,142.1038,143.4457,143.823,148.0343,151.29,155.5141,159.7444,163.98,169.1924,172.4635,177.6859,182.9136,187.1656,186.5092,183.8687,182.1894,181.4766,179.7593,178.0229,177.258,176.4772,174.6881,173.8751,172.0523,170.2127,169.3531,168.479,167.5908,164.6922,163.7752,161.8458,161.9013,160.9448,159.9756,159.9939,160,160.9939,161.9753,162.9441,163.9001,163.8439,163.7752,164.6922,165.5956,165.4883,168.3569,168.222,169.0687,169.9008
66.03728,65.75567,64.57666,63.39274,62.20399,60.60376,59.41361,58.21894,57.01983,55.81638,54.60868,53.39682,52.1809,50.961,49.73722,48.50966,47.27839,46.04353,44.80516,43.85576,42.6023,42.44815,41.95643,41.66987,41.3127,40.8848,40.61949,39.81634,39.39201,38.87949,38.07928,36.25371,34.07804,32.12491,30.36876,28.47107,26.60569,24.91199,23.23366,21.449,19.81056,18.08342,16.38962,14.81648,13.25959,11.71909,10.07301,8.583097,7.066341,5.653718,4.214489,2.792385,1.396246,0,-1.404972,-2.82729,-4.266843,-5.723517,-7.15358,-8.583097,-10.07301,-11.57957,-13.02421,-14.72932,-16.19793,-17.76984,-19.35775
