132.4503,134.8191,134.4852,135.0399,135.5842,136.1183,135.7249,136.2347,136.7342,137.2232,137.7018,138.1699,138.6275,139.0745,139.5109,139.9367,140.3519,140.7564,141.1501,143.4457,144.7818,148.0343,151.29,155.5141,159.7444,163.98,168.22,173.4379,177.6859,182.9136,187.1656,186.5092,183.8687,183.1742,182.4628,179.7593,179.0119,178.2483,176.4772,174.6881,173.8751,172.0523,171.2081,169.3531,168.479,167.5908,166.6885,162.7766,162.8449,161.9013,159.9452,158.9758,159.9939,160,160.9939,160.9755,161.9445,162.9007,162.8449,163.7752,164.6922,166.5932,167.4821,168.3569,168.222,169.0687,169.9008
66.03728,65.75567,64.14615,62.97012,61.78929,60.60376,59.01486,57.82821,56.63715,55.44178,54.24218,53.03846,51.83069,50.61898,49.40342,48.18409,46.96109,45.73452,44.50446,43.85576,42.88632,42.44815,41.95643,41.66987,41.3127,40.8848,40.38605,40.04129,39.39201,38.87949,38.07928,36.25371,34.07804,32.29856,30.53381,28.47107,26.7535,25.05116,23.23366,21.449,19.81056,18.08342,16.48547,14.81648,13.25959,11.71909,10.19511,8.530761,7.10996,5.653718,4.188312,2.774933,1.396246,0,-1.404972,-2.809837,-4.240666,-5.688618,-7.10996,-8.583097,-10.07301,-11.64933,-13.18113,-14.72932,-16.19793,-17.76984,-19.35775
133.3452,135.7179,134.4852,135.0399,135.5842,135.2047,135.7249,136.2347,136.7342,137.2232,137.7018,138.1699,138.6275,139.0745,139.5109,139.9367,140.3519,140.7564,141.1501,143.4457,144.7818,148.0343,151.29,156.48,160.7125,163.0097,168.22,173.4379,177.6859,181.9355,187.1656,186.5092,184.8519,183.1742,181.4766,178.7716,179.0119,178.2483,176.4772,174.6881,172.8815,172.0523,171.2081,169.3531,168.479,167.5908,165.6904,163.7752,161.8458,161.9013,159.9452,158.9758,159.9939,160,160.9939,160.9755,161.9445,162.9007,162.8449,163.7752,164.6922,166.5932,167.4821,167.3607,168.222,169.0687,169.9008
66.48347,66.19404,64.14615,62.97012,61.78929,60.19702,59.01486,57.82821,56.63715,55.44178,54.24218,53.03846,51.83069,50.61898,49.40342,48.18409,46.96109,45.73452,44.50446,43.85576,42.88632,42.44815,41.95643,41.92869,41.56308,40.64288,40.38605,40.04129,39.39201,38.67157,38.07928,36.25371,34.26028,32.29856,30.36876,28.31464,26.7535,25.05116,23.23366,21.449,19.69736,18.08342,16.48547,14.81648,13.25959,11.71909,10.13406,8.583097,7.066341,5.653718,4.188312,2.774933,1.396246,0,-1.404972,-2.809837,-4.240666,-5.688618,-7.10996,-8.583097,-10.07301,-11.64933,-13.18113,-14.64216,-16.19793,-17.76984,-19.35775
132.4503,133.9203,133.5826,135.0399,134.6743,135.2047,135.7249,136.2347,136.7342,137.2232,137.7018,138.1699,138.6275,139.0745,139.5109,139.9367,140.3519,140.7564,141.1501,143.4457,144.7818,147.073,151.29,155.5141,159.7444,163.98,169.1924,172.4635,177.6859,182.9136,187.1656,186.5092,183.8687,183.1742,181.4766,180.747,179.0119,178.2483,176.4772,174.6881,172.8815,172.0523,171.2081,169.3531,168.479,167.5908,165.6904,163.7752,161.8458,160.9019,159.9452,158.9758,158.9939,160,160.9939,160.9755,161.9445,162.9007,162.8449,163.7752,164.6922,166.5932,167.4821,167.3607,168.222,169.0687,169.9008
66.03728,65.3173,63.71564,62.97012,61.3746,60.19702,59.01486,57.82821,56.63715,55.44178,54.24218,53.03846,51.83069,50.61898,49.40342,48.18409,46.96109,45.73452,44.50446,43.85576,42.88632,42.17252,41.95643,41.66987,41.3127,40.8848,40.61949,39.81634,39.39201,38.87949,38.07928,36.25371,34.07804,32.29856,30.36876,28.62751,26.7535,25.05116,23.23366,21.449,19.69736,18.08342,16.48547,14.81648,13.25959,11.71909,10.13406,8.583097,7.066341,5.618819,4.188312,2.774933,1.387519,0,-1.404972,-2.809837,-4.240666,-5.688618,-7.10996,-8.583097,-10.07301,-11.64933,-13.18113,-14.64216,-16.19793,-17.76984,-19.35775
131.5554,134.8191,134.4852,135.0399,134.6743,136.1183,135.7249,136.2347,136.7342,137.2232,137.7018,138.1699,138.6275,139.0745,139.5109,139.9367,140.3519,140.7564,141.1501,142.4894,144.7818,148.0343,151.29,156.48,159.7444,163.98,168.22,173.4379,178.6622,182.9136,187.1656,186.5092,184.8519,182.1894,181.4766,179.7593,179.0119,177.258,176.4772,174.6881,172.8815,172.0523,171.2081,169.3531,168.479,167.5908,165.6904,163.7752,162.8449,160.9019,159.9452,158.9758,159.9939,160,160.9939,161.9753,161.9445,162.9007,163.8439,163.7752,166.6885,166.5932,166.4852,168.3569,168.222,169.0687,169.9008
65.59108,65.75567,64.14615,62.97012,61.3746,60.60376,59.01486,57.82821,56.63715,55.44178,54.24218,53.03846,51.83069,50.61898,49.40342,48.18409,46.96109,45.73452,44.50446,43.56338,42.88632,42.44815,41.95643,41.92869,41.3127,40.8848,40.38605,40.04129,39.60845,38.87949,38.07928,36.25371,34.26028,32.12491,30.36876,28.47107,26.7535,24.91199,23.23366,21.449,19.69736,18.08342,16.48547,14.81648,13.25959,11.71909,10.13406,8.583097,7.10996,5.618819,4.188312,2.774933,1.396246,0,-1.404972,-2.82729,-4.240666,-5.688618,-7.15358,-8.583097,-10.19511,-11.64933,-13.10267,-14.72932,-16.19793,-17.76984,-19.35775
132.4503,135.7179,134.4852,135.0399,134.6743,135.2047,135.7249,136.2347,136.7342,137.2232,137.7018,138.1699,138.6275,139.0745,139.5109,139.9367,140.3519,141.7074,141.1501,143.4457,144.7818,148.0343,151.29,156.48,159.7444,163.98,168.22,173.4379,178.6622,182.9136,187.1656,186.5092,183.8687,183.1742,181.4766,179.7593,179.0119,177.258,176.4772,175.6807,172.8815,172.0523,171.2081,169.3531,168.479,167.5908,165.6904,163.7752,162.8449,160.9019,159.9452,158.9758,159.9939,160,160.9939,160.9755,161.9445,162.9007,162.8449,163.7752,164.6922,166.5932,167.4821,168.3569,168.222,169.0687,169.9008
66.03728,66.19404,64.14615,62.97012,61.3746,60.19702,59.01486,57.82821,56.63715,55.44178,54.24218,53.03846,51.83069,50.61898,49.40342,48.18409,46.96109,46.04353,44.50446,43.85576,42.88632,42.44815,41.95643,41.92869,41.3127,40.8848,40.38605,40.04129,39.60845,38.87949,38.07928,36.25371,34.07804,32.29856,30.36876,28.47107,26.7535,24.91199,23.23366,21.57087,19.69736,18.08342,16.48547,14.81648,13.25959,11.71909,10.13406,8.583097,7.10996,5.618819,4.188312,2.774933,1.396246,0,-1.404972,-2.809837,-4.240666,-5.688618,-7.10996,-8.583097,-10.07301,-11.64933,-13.18113,-14.72932,-16.19793,-17.76984,-19.35775
127.9756,133.9203,134.4852,135.0399,134.6743,135.2047,135.7249,136.2347,136.7342,137.2232,137.7018,138.1699,138.6275,139.0745,139.5109,139.9367,140.3519,140.7564,141.1501,143.4457,145.7406,148.0343,151.29,155.5141,159.7444,163.98,168.22,173.4379,177.6859,182.9136,187.1656,186.5092,183.8687,182.1894,181.4766,179.7593,179.0119,178.2483,176.4772,174.6881,172.8815,172.0523,170.2127,169.3531,168.479,167.5908,165.6904,163.7752,161.8458,160.9019,159.9452,158.9758,159.9939,160,160.9939,160.9755,161.9445,162.9007,163.8439,163.7752,164.6922,166.5932,167.4821,167.3607,168.222,169.0687,169.9008
63.80629,65.3173,64.14615,62.97012,61.3746,60.19702,59.01486,57.82821,56.63715,55.44178,54.24218,53.03846,51.83069,50.61898,49.40342,48.18409,46.96109,45.73452,44.50446,43.85576,43.17033,42.44815,41.95643,41.66987,41.3127,40.8848,40.38605,40.04129,39.39201,38.87949,38.07928,36.25371,34.07804,32.12491,30.36876,28.47107,26.7535,25.05116,23.23366,21.449,19.69736,18.08342,16.38962,14.81648,13.25959,11.71909,10.13406,8.583097,7.066341,5.618819,4.188312,2.774933,1.396246,0,-1.404972,-2.809837,-4.240666,-5.688618,-7.15358,-8.583097,-10.07301,-11.64933,-13.18113,-14.64216,-16.19793,-17.76984,-19.35775
131.5554,134.8191,134.4852,134.1336,135.5842,135.2047,135.7249,136.2347,136.7342,137.2232,137.7018,138.1699,138.6275,139.0745,139.5109,139.9367,140.3519,140.7564,141.1501,143.4457,144.7818,148.0343,151.29,156.48,159.7444,163.98,169.1924,173.4379,177.6859,182.9136,187.1656,186.5092,184.8519,183.1742,181.4766,179.7593,178.0229,177.258,176.4772,174.6881,173.8751,172.0523,171.2081,169.3531,168.479,167.5908,165.6904,163.7752,162.8449,160.9019,159.9452,158.9758,159.9939,160,160.9939,160.9755,161.9445,162.9007,162.8449,163.7752,164.6922,166.5932,167.4821,168.3569,168.222,169.0687,169.9008
65.59108,65.75567,64.14615,62.5475,61.78929,60.19702,59.01486,57.82821,56.63715,55.44178,54.24218,53.03846,51.83069,50.61898,49.40342,48.18409,46.96109,45.73452,44.50446,43.85576,42.88632,42.44815,41.95643,41.92869,41.3127,40.8848,40.61949,40.04129,39.39201,38.87949,38.07928,36.25371,34.26028,32.29856,30.36876,28.47107,26.60569,24.91199,23.23366,21.449,19.81056,18.08342,16.48547,14.81648,13.25959,11.71909,10.13406,8.583097,7.10996,5.618819,4.188312,2.774933,1.396246,0,-1.404972,-2.809837,-4.240666,-5.688618,-7.10996,-8.583097,-10.07301,-11.64933,-13.18113,-14.72932,-16.19793,-17.76984,-19.35775
132.4503,134.8191,134.4852,135.0399,134.6743,135.2047,135.7249,136.2347,136.7342,137.2232,137.7018,138.1699,138.6275,139.0745,139.5109,139.9367,140.3519,140.7564,141.1501,144.402,144.7818,148.0343,151.29,155.5141,160.7125,163.98,169.1924,173.4379,177.6859,182.9136,187.1656,186.5092,183.8687,182.1894,181.4766,180.747,179.0119,178.2483,176.4772,174.6881,172.8815,172.0523,171.2081,169.3531,168.479,167.5908,165.6904,163.7752,161.8458,161.9013,159.9452,158.9758,159.9939,160,160.9939,160.9755,161.9445,162.9007,162.8449,163.7752,164.6922,166.5932,167.4821,168.3569,169.2174,169.0687,169.9008
66.03728,65.75567,64.14615,62.97012,61.3746,60.19702,59.01486,57.82821,56.63715,55.44178,54.24218,53.03846,51.83069,50.61898,49.40342,48.18409,46.96109,45.73452,44.50446,44.14813,42.88632,42.44815,41.95643,41.66987,41.56308,40.8848,40.61949,40.04129,39.39201,38.87949,38.07928,36.25371,34.07804,32.12491,30.36876,28.62751,26.7535,25.05116,23.23366,21.449,19.69736,18.08342,16.48547,14.81648,13.25959,11.71909,10.13406,8.583097,7.066341,5.653718,4.188312,2.774933,1.396246,0,-1.404972,-2.809837,-4.240666,-5.688618,-7.10996,-8.583097,-10.07301,-11.64933,-13.18113,-14.72932,-16.29378,-17.76984,-19.35775
132.4503,133.9203,134.4852,135.0399,134.6743,135.2047,135.7249,136.2347,136.7342,137.2232,137.7018,138.1699,138.6275,139.0745,139.5109,139.9367,140.3519,140.7564,141.1501,143.4457,144.7818,148.0343,151.29,156.48,160.7125,163.98,168.22,173.4379,178.6622,183.8917,187.1656,186.5092,183.8687,183.1742,182.4628,180.747,178.0229,178.2483,176.4772,174.6881,173.8751,172.0523,171.2081,169.3531,168.479,167.5908,165.6904,163.7752,162.8449,160.9019,160.9448,158.9758,159.9939,160,160.9939,160.9755,161.9445,162.9007,162.8449,163.7752,164.6922,166.5932,167.4821,168.3569,169.2174,169.0687,169.9008
66.03728,65.3173,64.14615,62.97012,61.3746,60.19702,59.01486,57.82821,56.63715,55.44178,54.24218,53.03846,51.83069,50.61898,49.40342,48.18409,46.96109,45.73452,44.50446,43.85576,42.88632,42.44815,41.95643,41.92869,41.56308,40.8848,40.38605,40.04129,39.60845,39.0874,38.07928,36.25371,34.07804,32.29856,30.53381,28.62751,26.60569,25.05116,23.23366,21.449,19.81056,18.08342,16.48547,14.81648,13.25959,11.71909,10.13406,8.583097,7.10996,5.618819,4.214489,2.774933,1.396246,0,-1.404972,-2.809837,-4.240666,-5.688618,-7.10996,-8.583097,-10.07301,-11.64933,-13.18113,-14.72932,-16.29378,-17.76984,-19.35775
133.3452,135.7179,134.4852,135.0399,134.6743,135.2047,135.7249,136.2347,136.7342,137.2232,137.7018,138.1699,138.6275,139.0745,139.5109,139.9367,140.3519,140.7564,142.1038,144.402,145.7406,148.0343,151.29,157.4459,160.7125,163.98,169.1924,173.4379,177.6859,183.8917,187.1656,186.5092,184.8519,183.1742,182.4628,179.7593,179.0119,178.2483,176.4772,174.6881,172.8815,172.0523,171.2081,169.3531,168.479,167.5908,165.6904,163.7752,162.8449,160.9019,159.9452,158.9758,159.9939,160,160.9939,160.9755,161.9445,162.9007,162.8449,163.7752,164.6922,166.5932,167.4821,168.3569,168.222,169.0687,169.9008
66.48347,66.19404,64.14615,62.97012,61.3746,60.19702,59.01486,57.82821,56.63715,55.44178,54.24218,53.03846,51.83069,50.61898,49.40342,48.18409,46.96109,45.73452,44.80516,44.14813,43.17033,42.44815,41.95643,42.1875,41.56308,40.8848,40.61949,40.04129,39.39201,39.0874,38.07928,36.25371,34.26028,32.29856,30.53381,28.47107,26.7535,25.05116,23.23366,21.449,19.69736,18.08342,16.48547,14.81648,13.25959,11.71909,10.13406,8.583097,7.10996,5.618819,4.188312,2.774933,1.396246,0,-1.404972,-2.809837,-4.240666,-5.688618,-7.10996,-8.583097,-10.07301,-11.64933,-13.18113,-14.72932,-16.19793,-17.76984,-19.35775
131.5554,134.8191,134.4852,135.0399,135.5842,135.2047,135.7249,136.2347,136.7342,137.2232,137.7018,138.1699,138.6275,139.0745,139.5109,139.9367,140.3519,140.7564,141.1501,144.402,144.7818,148.0343,151.29,157.4459,160.7125,163.98,169.1924,173.4379,178.6622,183.8917,187.1656,186.5092,184.8519,183.1742,181.4766,180.747,178.0229,178.2483,176.4772,174.6881,172.8815,172.0523,171.2081,169.3531,168.479,167.5908,166.6885,163.7752,162.8449,160.9019,159.9452,159.9756,159.9939,160,160.9939,160.9755,161.9445,162.9007,162.8449,163.7752,164.6922,166.5932,167.4821,168.3569,168.222,169.0687,169.9008
65.59108,65.75567,64.14615,62.97012,61.78929,60.19702,59.01486,57.82821,56.63715,55.44178,54.24218,53.03846,51.83069,50.61898,49.40342,48.18409,46.96109,45.73452,44.50446,44.14813,42.88632,42.44815,41.95643,42.1875,41.56308,40.8848,40.61949,40.04129,39.60845,39.0874,38.07928,36.25371,34.26028,32.29856,30.36876,28.62751,26.60569,25.05116,23.23366,21.449,19.69736,18.08342,16.48547,14.81648,13.25959,11.71909,10.19511,8.583097,7.10996,5.618819,4.188312,2.792385,1.396246,0,-1.404972,-2.809837,-4.240666,-5.688618,-7.10996,-8.583097,-10.07301,-11.64933,-13.18113,-14.72932,-16.19793,-17.76984,-19.35775
133.3452,135.7179,134.4852,135.0399,134.6743,136.1183,135.7249,136.2347,136.7342,137.2232,137.7018,138.1699,138.6275,139.0745,139.5109,139.9367,140.3519,140.7564,141.1501,144.402,144.7818,148.0343,151.29,156.48,159.7444,163.98,169.1924,172.4635,178.6622,183.8917,187.1656,186.5092,183.8687,184.159,182.4628,179.7593,179.0119,178.2483,176.4772,174.6881,172.8815,172.0523,171.2081,169.3531,168.479,167.5908,165.6904,163.7752,161.8458,160.9019,159.9452,158.9758,159.9939,160,160.9939,161.9753,161.9445,162.9007,163.8439,163.7752,164.6922,166.5932,167.4821,168.3569,168.222,169.0687,169.9008
66.48347,66.19404,64.14615,62.97012,61.3746,60.60376,59.01486,57.82821,56.63715,55.44178,54.24218,53.03846,51.83069,50.61898,49.40342,48.18409,46.96109,45.73452,44.50446,44.14813,42.88632,42.44815,41.95643,41.92869,41.3127,40.8848,40.61949,39.81634,39.60845,39.0874,38.07928,36.25371,34.07804,32.47221,30.53381,28.47107,26.7535,25.05116,23.23366,21.449,19.69736,18.08342,16.48547,14.81648,13.25959,11.71909,10.13406,8.583097,7.066341,5.618819,4.188312,2.774933,1.396246,0,-1.404972,-2.82729,-4.240666,-5.688618,-7.15358,-8.583097,-10.07301,-11.64933,-13.18113,-14.72932,-16.19793,-17.76984,-19.35775
132.4503,135.7179,134.4852,135.0399,135.5842,135.2047,135.7249,136.2347,136.7342,137.2232,137.7018,138.1699,138.6275,139.0745,139.5109,139.9367,140.3519,140.7564,141.1501,143.4457,143.823,148.0343,151.29,157.4459,160.7125,163.98,169.1924,172.4635,177.6859,183.8917,187.1656,186.5092,184.8519,183.1742,182.4628,180.747,179.0119,178.2483,176.4772,174.6881,172.8815,172.0523,170.2127,169.3531,168.479,167.5908,165.6904,163.7752,162.8449,160.9019,159.9452,158.9758,159.9939,160,160.9939,160.9755,161.9445,162.9007,162.8449,163.7752,164.6922,166.5932,167.4821,168.3569,169.2174,169.0687,169.9008
66.03728,66.19404,64.14615,62.97012,61.78929,60.19702,59.01486,57.82821,56.63715,55.44178,54.24218,53.03846,51.83069,50.61898,49.40342,48.18409,46.96109,45.73452,44.50446,43.85576,42.6023,42.44815,41.95643,42.1875,41.56308,40.8848,40.61949,39.81634,39.39201,39.0874,38.07928,36.25371,34.26028,32.29856,30.53381,28.62751,26.7535,25.05116,23.23366,21.449,19.69736,18.08342,16.38962,14.81648,13.25959,11.71909,10.13406,8.583097,7.10996,5.618819,4.188312,2.774933,1.396246,0,-1.404972,-2.809837,-4.240666,-5.688618,-7.10996,-8.583097,-10.07301,-11.64933,-13.18113,-14.72932,-16.29378,-17.76984,-19.35775
132.4503,134.8191,133.5826,135.0399,134.6743,135.2047,135.7249,136.2347,136.7342,137.2232,137.7018,138.1699,138.6275,139.0745,139.5109,139.9367,140.3519,140.7564,142.1038,143.4457,144.7818,148.0343,151.29,156.48,159.7444,163.98,169.1924,172.4635,177.6859,183.8917,187.1656,186.5092,185.8352,184.159,182.4628,179.7593,179.0119,178.2483,176.4772,174.6881,173.8751,172.0523,171.2081,169.3531,168.479,167.5908,165.6904,163.7752,161.8458,160.9019,159.9452,158.9758,159.9939,160,160.9939,160.9755,161.9445,162.9007,162.8449,163.7752,164.6922,166.5932,167.4821,167.3607,168.222,169.0687,169.9008
66.03728,65.75567,63.71564,62.97012,61.3746,60.19702,59.01486,57.82821,56.63715,55.44178,54.24218,53.03846,51.83069,50.61898,49.40342,48.18409,46.96109,45.73452,44.80516,43.85576,42.88632,42.44815,41.95643,41.92869,41.3127,40.8848,40.61949,39.81634,39.39201,39.0874,38.07928,36.25371,34.44251,32.47221,30.53381,28.47107,26.7535,25.05116,23.23366,21.449,19.81056,18.08342,16.48547,14.81648,13.25959,11.71909,10.13406,8.583097,7.066341,5.618819,4.188312,2.774933,1.396246,0,-1.404972,-2.809837,-4.240666,-5.688618,-7.10996,-8.583097,-10.07301,-11.64933,-13.18113,-14.64216,-16.19793,-17.76984,-19.35775
131.5554,135.7179,134.4852,135.0399,135.5842,135.2047,135.7249,136.2347,137.6581,138.1504,137.7018,138.1699,138.6275,140.0142,139.5109,140.8823,140.3519,140.7564,141.1501,144.402,144.7818,148.0343,151.29,155.5141,159.7444,163.98,169.1924,172.4635,177.6859,183.8917,187.1656,186.5092,183.8687,184.159,181.4766,180.747,179.0119,177.258,176.4772,175.6807,173.8751,172.0523,171.2081,169.3531,168.479,167.5908,166.6885,163.7752,162.8449,161.9013,159.9452,159.9756,159.9939,160,160.9939,161.9753,161.9445,162.9007,162.8449,163.7752,164.6922,166.5932,167.4821,168.3569,169.2174,169.0687,169.9008
65.59108,66.19404,64.14615,62.97012,61.78929,60.19702,59.01486,57.82821,57.01983,55.81638,54.24218,53.03846,51.83069,50.961,49.40342,48.50966,46.96109,45.73452,44.50446,44.14813,42.88632,42.44815,41.95643,41.66987,41.3127,40.8848,40.61949,39.81634,39.39201,39.0874,38.07928,36.25371,34.07804,32.47221,30.36876,28.62751,26.7535,24.91199,23.23366,21.57087,19.81056,18.08342,16.48547,14.81648,13.25959,11.71909,10.19511,8.583097,7.10996,5.653718,4.188312,2.792385,1.396246,0,-1.404972,-2.82729,-4.240666,-5.688618,-7.10996,-8.583097,-10.07301,-11.64933,-13.18113,-14.72932,-16.29378,-17.76984,-19.35775
133.3452,134.8191,134.4852,135.0399,134.6743,135.2047,135.7249,136.2347,136.7342,137.2232,137.7018,138.1699,138.6275,139.0745,139.5109,139.9367,140.3519,140.7564,141.1501,143.4457,143.823,148.0343,151.29,155.5141,159.7444,163.98,168.22,171.4891,176.7096,182.9136,187.1656,186.5092,184.8519,183.1742,182.4628,179.7593,179.0119,178.2483,176.4772,174.6881,172.8815,172.0523,171.2081,169.3531,168.479,167.5908,165.6904,163.7752,162.8449,160.9019,159.9452,158.9758,159.9939,160,160.9939,160.9755,161.9445,162.9007,162.8449,163.7752,164.6922,166.5932,167.4821,168.3569,168.222,169.0687,169.9008
66.48347,65.75567,64.14615,62.97012,61.3746,60.19702,59.01486,57.82821,56.63715,55.44178,54.24218,53.03846,51.83069,50.61898,49.40342,48.18409,46.96109,45.73452,44.50446,43.85576,42.6023,42.44815,41.95643,41.66987,41.3127,40.8848,40.38605,39.59139,39.17557,38.87949,38.07928,36.25371,34.26028,32.29856,30.53381,28.47107,26.7535,25.05116,23.23366,21.449,19.69736,18.08342,16.48547,14.81648,13.25959,11.71909,10.13406,8.583097,7.10996,5.618819,4.188312,2.774933,1.396246,0,-1.404972,-2.809837,-4.240666,-5.688618,-7.10996,-8.583097,-10.07301,-11.64933,-13.18113,-14.72932,-16.19793,-17.76984,-19.35775
133.3452,134.8191,134.4852,135.0399,134.6743,136.1183,136.642,136.2347,136.7342,137.2232,137.7018,138.1699,138.6275,139.0745,139.5109,139.9367,140.3519,140.7564,141.1501,143.4457,144.7818,148.0343,151.29,156.48,159.7444,163.98,169.1924,173.4379,178.6622,183.8917,187.1656,186.5092,184.8519,183.1742,182.4628,180.747,179.0119,178.2483,176.4772,174.6881,172.8815,172.0523,171.2081,169.3531,168.479,167.5908,165.6904,163.7752,161.8458,160.9019,159.9452,158.9758,159.9939,160,160.9939,160.9755,161.9445,162.9007,162.8449,163.7752,164.6922,166.5932,167.4821,168.3569,168.222,169.0687,169.9008
66.48347,65.75567,64.14615,62.97012,61.3746,60.60376,59.41361,57.82821,56.63715,55.44178,54.24218,53.03846,51.83069,50.61898,49.40342,48.18409,46.96109,45.73452,44.50446,43.85576,42.88632,42.44815,41.95643,41.92869,41.3127,40.8848,40.61949,40.04129,39.60845,39.0874,38.07928,36.25371,34.26028,32.29856,30.53381,28.62751,26.7535,25.05116,23.23366,21.449,19.69736,18.08342,16.48547,14.81648,13.25959,11.71909,10.13406,8.583097,7.066341,5.618819,4.188312,2.774933,1.396246,0,-1.404972,-2.809837,-4.240666,-5.688618,-7.10996,-8.583097,-10.07301,-11.64933,-13.18113,-14.72932,-16.19793,-17.76984,-19.35775
128.8705,134.8191,134.4852,135.0399,134.6743,135.2047,135.7249,136.2347,136.7342,137.2232,137.7018,138.1699,138.6275,139.0745,139.5109,139.9367,140.3519,140.7564,142.1038,143.4457,144.7818,148.0343,151.29,156.48,159.7444,163.98,169.1924,173.4379,177.6859,183.8917,187.1656,186.5092,184.8519,184.159,182.4628,179.7593,179.0119,177.258,176.4772,174.6881,172.8815,172.0523,171.2081,169.3531,168.479,167.5908,165.6904,163.7752,161.8458,161.9013,159.9452,158.9758,159.9939,160,160.9939,160.9755,161.9445,162.9007,162.8449,163.7752,164.6922,166.5932,167.4821,167.3607,169.2174,169.0687,169.9008
64.25249,65.75567,64.14615,62.97012,61.3746,60.19702,59.01486,57.82821,56.63715,55.44178,54.24218,53.03846,51.83069,50.61898,49.40342,48.18409,46.96109,45.73452,44.80516,43.85576,42.88632,42.44815,41.95643,41.92869,41.3127,40.8848,40.61949,40.04129,39.39201,39.0874,38.07928,36.25371,34.26028,32.47221,30.53381,28.47107,26.7535,24.91199,23.23366,21.449,19.69736,18.08342,16.48547,14.81648,13.25959,11.71909,10.13406,8.583097,7.066341,5.653718,4.188312,2.774933,1.396246,0,-1.404972,-2.809837,-4.240666,-5.688618,-7.10996,-8.583097,-10.07301,-11.64933,-13.18113,-14.64216,-16.29378,-17.76984,-19.35775
131.5554,133.9203,134.4852,135.0399,134.6743,135.2047,135.7249,136.2347,136.7342,137.2232,137.7018,138.1699,138.6275,139.0745,139.5109,139.9367,140.3519,140.7564,141.1501,143.4457,143.823,148.0343,151.29,155.5141,159.7444,163.98,169.1924,172.4635,177.6859,182.9136,187.1656,186.5092,184.8519,184.159,181.4766,179.7593,179.0119,178.2483,176.4772,174.6881,173.8751,172.0523,171.2081,169.3531,168.479,167.5908,165.6904,163.7752,162.8449,161.9013,159.9452,158.9758,159.9939,160,160.9939,160.9755,161.9445,162.9007,162.8449,163.7752,164.6922,166.5932,167.4821,168.3569,168.222,169.0687,169.9008
65.59108,65.3173,64.14615,62.97012,61.3746,60.19702,59.01486,57.82821,56.63715,55.44178,54.24218,53.03846,51.83069,50.61898,49.40342,48.18409,46.96109,45.73452,44.50446,43.85576,42.6023,42.44815,41.95643,41.66987,41.3127,40.8848,40.61949,39.81634,39.39201,38.87949,38.07928,36.25371,34.26028,32.47221,30.36876,28.47107,26.7535,25.05116,23.23366,21.449,19.81056,18.08342,16.48547,14.81648,13.25959,11.71909,10.13406,8.583097,7.10996,5.653718,4.188312,2.774933,1.396246,0,-1.404972,-2.809837,-4.240666,-5.688618,-7.10996,-8.583097,-10.07301,-11.64933,-13.18113,-14.72932,-16.19793,-17.76984,-19.35775
132.4503,134.8191,134.4852,135.0399,135.5842,135.2047,135.7249,136.2347,136.7342,137.2232,137.7018,138.1699,138.6275,139.0745,139.5109,139.9367,140.3519,140.7564,141.1501,144.402,144.7818,148.0343,151.29,156.48,160.7125,163.98,168.22,172.4635,177.6859,182.9136,187.1656,186.5092,184.8519,182.1894,181.4766,180.747,178.0229,178.2483,176.4772,174.6881,172.8815,172.0523,171.2081,169.3531,168.479,167.5908,166.6885,163.7752,162.8449,160.9019,159.9452,158.9758,159.9939,160,160.9939,160.9755,161.9445,162.9007,162.8449,163.7752,164.6922,166.5932,166.4852,167.3607,168.222,169.0687,169.9008
66.03728,65.75567,64.14615,62.97012,61.78929,60.19702,59.01486,57.82821,56.63715,55.44178,54.24218,53.03846,51.83069,50.61898,49.40342,48.18409,46.96109,45.73452,44.50446,44.14813,42.88632,42.44815,41.95643,41.92869,41.56308,40.8848,40.38605,39.81634,39.39201,38.87949,38.07928,36.25371,34.26028,32.12491,30.36876,28.62751,26.60569,25.05116,23.23366,21.449,19.69736,18.08342,16.48547,14.81648,13.25959,11.71909,10.19511,8.583097,7.10996,5.618819,4.188312,2.774933,1.396246,0,-1.404972,-2.809837,-4.240666,-5.688618,-7.10996,-8.583097,-10.07301,-11.64933,-13.10267,-14.64216,-16.19793,-17.76984,-19.35775
132.4503,134.8191,134.4852,135.0399,134.6743,135.2047,135.7249,136.2347,136.7342,137.2232,137.7018,138.1699,138.6275,139.0745,139.5109,139.9367,140.3519,140.7564,141.1501,144.402,144.7818,148.0343,151.29,156.48,160.7125,163.98,169.1924,172.4635,177.6859,182.9136,187.1656,186.5092,184.8519,183.1742,181.4766,180.747,179.0119,177.258,176.4772,174.6881,172.8815,172.0523,171.2081,169.3531,168.479,167.5908,165.6904,163.7752,162.8449,160.9019,159.9452,159.9756,159.9939,160,160.9939,160.9755,161.9445,162.9007,162.8449,163.7752,164.6922,166.5932,167.4821,168.3569,169.2174,169.0687,169.9008
66.03728,65.75567,64.14615,62.97012,61.3746,60.19702,59.01486,57.82821,56.63715,55.44178,54.24218,53.03846,51.83069,50.61898,49.40342,48.18409,46.96109,45.73452,44.50446,44.14813,42.88632,42.44815,41.95643,41.92869,41.56308,40.8848,40.61949,39.81634,39.39201,38.87949,38.07928,36.25371,34.26028,32.29856,30.36876,28.62751,26.7535,24.91199,23.23366,21.449,19.69736,18.08342,16.48547,14.81648,13.25959,11.71909,10.13406,8.583097,7.10996,5.618819,4.188312,2.792385,1.396246,0,-1.404972,-2.809837,-4.240666,-5.688618,-7.10996,-8.583097,-10.07301,-11.64933,-13.18113,-14.72932,-16.29378,-17.76984,-19.35775
128.8705,134.8191,134.4852,134.1336,135.5842,135.2047,135.7249,136.2347,136.7342,137.2232,137.7018,138.1699,138.6275,139.0745,139.5109,139.9367,140.3519,140.7564,141.1501,144.402,143.823,148.0343,151.29,156.48,159.7444,163.98,168.22,172.4635,176.7096,182.9136,187.1656,186.5092,184.8519,183.1742,182.4628,179.7593,179.0119,178.2483,176.4772,174.6881,172.8815,172.0523,171.2081,169.3531,168.479,167.5908,165.6904,163.7752,161.8458,161.9013,159.9452,158.9758,159.9939,160,160.9939,160.9755,161.9445,162.9007,162.8449,163.7752,164.6922,166.5932,167.4821,168.3569,168.222,169.0687,169.9008
64.25249,65.75567,64.14615,62.5475,61.78929,60.19702,59.01486,57.82821,56.63715,55.44178,54.24218,53.03846,51.83069,50.61898,49.40342,48.18409,46.96109,45.73452,44.50446,44.14813,42.6023,42.44815,41.95643,41.92869,41.3127,40.8848,40.38605,39.81634,39.17557,38.87949,38.07928,36.25371,34.26028,32.29856,30.53381,28.47107,26.7535,25.05116,23.23366,21.449,19.69736,18.08342,16.48547,14.81648,13.25959,11.71909,10.13406,8.583097,7.066341,5.653718,4.188312,2.774933,1.396246,0,-1.404972,-2.809837,-4.240666,-5.688618,-7.10996,-8.583097,-10.07301,-11.64933,-13.18113,-14.72932,-16.19793,-17.76984,-19.35775
133.3452,134.8191,134.4852,135.0399,135.5842,135.2047,135.7249,136.2347,136.7342,137.2232,137.7018,138.1699,138.6275,139.0745,139.5109,139.9367,140.3519,140.7564,142.1038,144.402,143.823,148.0343,151.29,155.5141,159.7444,163.98,168.22,173.4379,176.7096,182.9136,187.1656,186.5092,183.8687,182.1894,181.4766,179.7593,178.0229,177.258,176.4772,174.6881,172.8815,172.0523,171.2081,169.3531,168.479,167.5908,165.6904,163.7752,162.8449,161.9013,159.9452,158.9758,159.9939,160,160.9939,160.9755,161.9445,162.9007,162.8449,163.7752,164.6922,166.5932,167.4821,167.3607,169.2174,169.0687,169.9008
66.48347,65.75567,64.14615,62.97012,61.78929,60.19702,59.01486,57.82821,56.63715,55.44178,54.24218,53.03846,51.83069,50.61898,49.40342,48.18409,46.96109,45.73452,44.80516,44.14813,42.6023,42.44815,41.95643,41.66987,41.3127,40.8848,40.38605,40.04129,39.17557,38.87949,38.07928,36.25371,34.07804,32.12491,30.36876,28.47107,26.60569,24.91199,23.23366,21.449,19.69736,18.08342,16.48547,14.81648,13.25959,11.71909,10.13406,8.583097,7.10996,5.653718,4.188312,2.774933,1.396246,0,-1.404972,-2.809837,-4.240666,-5.688618,-7.10996,-8.583097,-10.07301,-11.64933,-13.18113,-14.64216,-16.29378,-17.76984,-19.35775
130.6604,134.8191,134.4852,135.0399,135.5842,136.1183,135.7249,136.2347,136.7342,137.2232,137.7018,138.1699,138.6275,139.0745,139.5109,139.9367,140.3519,140.7564,141.1501,144.402,143.823,148.0343,151.29,156.48,159.7444,163.98,169.1924,172.4635,177.6859,182.9136,187.1656,186.5092,183.8687,183.1742,182.4628,180.747,179.0119,178.2483,176.4772,174.6881,172.8815,172.0523,171.2081,169.3531,168.479,167.5908,165.6904,163.7752,161.8458,161.9013,159.9452,159.9756,159.9939,160,160.9939,161.9753,161.9445,162.9007,162.8449,163.7752,164.6922,166.5932,167.4821,167.3607,168.222,169.0687,169.9008
65.14488,65.75567,64.14615,62.97012,61.78929,60.60376,59.01486,57.82821,56.63715,55.44178,54.24218,53.03846,51.83069,50.61898,49.40342,48.18409,46.96109,45.73452,44.50446,44.14813,42.6023,42.44815,41.95643,41.92869,41.3127,40.8848,40.61949,39.81634,39.39201,38.87949,38.07928,36.25371,34.07804,32.29856,30.53381,28.62751,26.7535,25.05116,23.23366,21.449,19.69736,18.08342,16.48547,14.81648,13.25959,11.71909,10.13406,8.583097,7.066341,5.653718,4.188312,2.792385,1.396246,0,-1.404972,-2.82729,-4.240666,-5.688618,-7.10996,-8.583097,-10.07301,-11.64933,-13.18113,-14.64216,-16.19793,-17.76984,-19.35775
132.4503,134.8191,134.4852,134.1336,135.5842,135.2047,135.7249,136.2347,136.7342,137.2232,137.7018,138.1699,138.6275,139.0745,139.5109,139.9367,140.3519,140.7564,141.1501,144.402,144.7818,147.073,151.29,155.5141,159.7444,163.98,168.22,172.4635,177.6859,182.9136,187.1656,186.5092,183.8687,183.1742,182.4628,179.7593,179.0119,178.2483,176.4772,174.6881,172.8815,172.0523,171.2081,169.3531,168.479,167.5908,165.6904,163.7752,161.8458,160.9019,159.9452,158.9758,159.9939,160,160.9939,160.9755,161.9445,162.9007,162.8449,163.7752,164.6922,166.5932,166.4852,168.3569,168.222,169.0687,169.9008
66.03728,65.75567,64.14615,62.5475,61.78929,60.19702,59.01486,57.82821,56.63715,55.44178,54.24218,53.03846,51.83069,50.61898,49.40342,48.18409,46.96109,45.73452,44.50446,44.14813,42.88632,42.17252,41.95643,41.66987,41.3127,40.8848,40.38605,39.81634,39.39201,38.87949,38.07928,36.25371,34.07804,32.29856,30.53381,28.47107,26.7535,25.05116,23.23366,21.449,19.69736,18.08342,16.48547,14.81648,13.25959,11.71909,10.13406,8.583097,7.066341,5.618819,4.188312,2.774933,1.396246,0,-1.404972,-2.809837,-4.240666,-5.688618,-7.10996,-8.583097,-10.07301,-11.64933,-13.10267,-14.72932,-16.19793,-17.76984,-19.35775
132.4503,134.8191,134.4852,135.0399,135.5842,135.2047,135.7249,136.2347,136.7342,137.2232,137.7018,138.1699,138.6275,139.0745,139.5109,139.9367,140.3519,140.7564,141.1501,143.4457,143.823,148.0343,151.29,156.48,159.7444,163.98,168.22,173.4379,178.6622,182.9136,188.1455,186.5092,184.8519,184.159,182.4628,179.7593,179.0119,177.258,176.4772,174.6881,173.8751,172.0523,171.2081,169.3531,168.479,167.5908,165.6904,163.7752,161.8458,160.9019,159.9452,158.9758,159.9939,160,160.9939,160.9755,161.9445,162.9007,162.8449,163.7752,164.6922,166.5932,167.4821,168.3569,168.222,169.0687,169.9008
66.03728,65.75567,64.14615,62.97012,61.78929,60.19702,59.01486,57.82821,56.63715,55.44178,54.24218,53.03846,51.83069,50.61898,49.40342,48.18409,46.96109,45.73452,44.50446,43.85576,42.6023,42.44815,41.95643,41.92869,41.3127,40.8848,40.38605,40.04129,39.60845,38.87949,38.27864,36.25371,34.26028,32.47221,30.53381,28.47107,26.7535,24.91199,23.23366,21.449,19.81056,18.08342,16.48547,14.81648,13.25959,11.71909,10.13406,8.583097,7.066341,5.618819,4.188312,2.774933,1.396246,0,-1.404972,-2.809837,-4.240666,-5.688618,-7.10996,-8.583097,-10.07301,-11.64933,-13.18113,-14.72932,-16.19793,-17.76984,-19.35775
133.3452,133.9203,134.4852,135.0399,134.6743,135.2047,135.7249,136.2347,136.7342,137.2232,137.7018,138.1699,138.6275,139.0745,139.5109,139.9367,140.3519,140.7564,141.1501,143.4457,143.823,148.0343,151.29,156.48,159.7444,163.98,169.1924,173.4379,177.6859,182.9136,187.1656,186.5092,184.8519,183.1742,182.4628,179.7593,178.0229,177.258,176.4772,174.6881,172.8815,172.0523,171.2081,169.3531,168.479,167.5908,165.6904,163.7752,161.8458,160.9019,159.9452,159.9756,159.9939,160,160.9939,160.9755,161.9445,162.9007,162.8449,163.7752,164.6922,166.5932,166.4852,167.3607,169.2174,169.0687,169.9008
66.48347,65.3173,64.14615,62.97012,61.3746,60.19702,59.01486,57.82821,56.63715,55.44178,54.24218,53.03846,51.83069,50.61898,49.40342,48.18409,46.96109,45.73452,44.50446,43.85576,42.6023,42.44815,41.95643,41.92869,41.3127,40.8848,40.61949,40.04129,39.39201,38.87949,38.07928,36.25371,34.26028,32.29856,30.53381,28.47107,26.60569,24.91199,23.23366,21.449,19.69736,18.08342,16.48547,14.81648,13.25959,11.71909,10.13406,8.583097,7.066341,5.618819,4.188312,2.792385,1.396246,0,-1.404972,-2.809837,-4.240666,-5.688618,-7.10996,-8.583097,-10.07301,-11.64933,-13.10267,-14.64216,-16.29378,-17.76984,-19.35775
129.7655,135.7179,134.4852,135.0399,134.6743,135.2047,135.7249,136.2347,136.7342,137.2232,137.7018,138.1699,138.6275,139.0745,140.4536,139.9367,140.3519,140.7564,142.1038,143.4457,143.823,148.0343,151.29,156.48,159.7444,163.98,169.1924,173.4379,178.6622,181.9355,187.1656,186.5092,184.8519,183.1742,181.4766,180.747,179.0119,178.2483,176.4772,174.6881,172.8815,172.0523,171.2081,169.3531,168.479,167.5908,165.6904,163.7752,161.8458,160.9019,159.9452,159.9756,159.9939,160,160.9939,160.9755,161.9445,162.9007,162.8449,164.7739,164.6922,166.5932,167.4821,168.3569,169.2174,169.0687,169.9008
64.69868,66.19404,64.14615,62.97012,61.3746,60.19702,59.01486,57.82821,56.63715,55.44178,54.24218,53.03846,51.83069,50.61898,49.73722,48.18409,46.96109,45.73452,44.80516,43.85576,42.6023,42.44815,41.95643,41.92869,41.3127,40.8848,40.61949,40.04129,39.60845,38.67157,38.07928,36.25371,34.26028,32.29856,30.36876,28.62751,26.7535,25.05116,23.23366,21.449,19.69736,18.08342,16.48547,14.81648,13.25959,11.71909,10.13406,8.583097,7.066341,5.618819,4.188312,2.792385,1.396246,0,-1.404972,-2.809837,-4.240666,-5.688618,-7.10996,-8.635433,-10.07301,-11.64933,-13.18113,-14.72932,-16.29378,-17.76984,-19.35775
132.4503,134.8191,134.4852,135.0399,135.5842,136.1183,135.7249,136.2347,136.7342,137.2232,137.7018,138.1699,138.6275,139.0745,139.5109,139.9367,140.3519,141.7074,141.1501,144.402,143.823,148.0343,151.29,155.5141,159.7444,163.98,168.22,172.4635,178.6622,181.9355,187.1656,186.5092,184.8519,183.1742,182.4628,180.747,179.0119,178.2483,175.4857,174.6881,172.8815,172.0523,171.2081,170.3493,168.479,167.5908,165.6904,163.7752,162.8449,160.9019,159.9452,158.9758,159.9939,160,160.9939,161.9753,161.9445,162.9007,162.8449,163.7752,164.6922,166.5932,167.4821,168.3569,168.222,170.0632,169.9008
66.03728,65.75567,64.14615,62.97012,61.78929,60.60376,59.01486,57.82821,56.63715,55.44178,54.24218,53.03846,51.83069,50.61898,49.40342,48.18409,46.96109,46.04353,44.50446,44.14813,42.6023,42.44815,41.95643,41.66987,41.3127,40.8848,40.38605,39.81634,39.60845,38.67157,38.07928,36.25371,34.26028,32.29856,30.53381,28.62751,26.7535,25.05116,23.10314,21.449,19.69736,18.08342,16.48547,14.90363,13.25959,11.71909,10.13406,8.583097,7.10996,5.618819,4.188312,2.774933,1.396246,0,-1.404972,-2.82729,-4.240666,-5.688618,-7.10996,-8.583097,-10.07301,-11.64933,-13.18113,-14.72932,-16.19793,-17.87437,-19.35775
130.6604,134.8191,134.4852,134.1336,134.6743,135.2047,135.7249,136.2347,136.7342,137.2232,137.7018,138.1699,138.6275,139.0745,139.5109,139.9367,140.3519,140.7564,141.1501,144.402,144.7818,148.0343,151.29,155.5141,159.7444,163.98,168.22,173.4379,177.6859,182.9136,187.1656,186.5092,184.8519,183.1742,181.4766,179.7593,178.0229,177.258,176.4772,174.6881,172.8815,172.0523,171.2081,169.3531,168.479,167.5908,165.6904,163.7752,161.8458,160.9019,159.9452,158.9758,159.9939,160,160.9939,160.9755,161.9445,162.9007,163.8439,163.7752,164.6922,166.5932,167.4821,167.3607,169.2174,169.0687,169.9008
65.14488,65.75567,64.14615,62.5475,61.3746,60.19702,59.01486,57.82821,56.63715,55.44178,54.24218,53.03846,51.83069,50.61898,49.40342,48.18409,46.96109,45.73452,44.50446,44.14813,42.88632,42.44815,41.95643,41.66987,41.3127,40.8848,40.38605,40.04129,39.39201,38.87949,38.07928,36.25371,34.26028,32.29856,30.36876,28.47107,26.60569,24.91199,23.23366,21.449,19.69736,18.08342,16.48547,14.81648,13.25959,11.71909,10.13406,8.583097,7.066341,5.618819,4.188312,2.774933,1.396246,0,-1.404972,-2.809837,-4.240666,-5.688618,-7.15358,-8.583097,-10.07301,-11.64933,-13.18113,-14.64216,-16.29378,-17.76984,-19.35775
