173.0018,173.9386,173.1478,173.1875,173.2051,173.2008,173.1747,173.127,173.0577,172.9671,172.8553,172.7223,173.4673,174.199,175.8237,177.4424,179.0549,180.6608,183.1805,185.6998,187.2911,189.8052,190.4504,192.9545,195.4561,196.0694,188.1582,182.0781,175.9455,173.5765,174.0475,173.5464,173.9884,174.4171,174.8326,175.2347,175.6235,175.999,175.3866,175.7333,176.0666,176.3864,176.6929,176.9859,177.2654
108.1035,106.5897,104.0377,102.0152,100,97.99229,95.9923,94.00028,92.01643,90.04098,88.07416,86.11618,84.60563,83.08864,81.98794,80.86518,79.72038,78.55357,77.75549,76.91937,75.67053,74.76625,73.10706,72.14272,71.14019,69.43183,64.78806,60.92249,57.16814,54.72846,53.21165,51.40678,49.89036,48.37015,46.84625,45.31878,43.78786,42.25361,40.49119,38.95913,37.4241,35.88623,34.34562,32.80239,31.25667
171.3057,173.9386,173.1478,173.1875,173.2051,173.2008,173.1747,173.127,173.0577,172.9671,172.8553,172.7223,173.4673,174.199,175.8237,178.3524,179.0549,181.5779,183.1805,185.6998,187.2911,189.8052,190.4504,192.9545,195.4561,196.0694,188.1582,183.0265,175.9455,174.5302,174.0475,173.5464,173.9884,174.4171,174.8326,175.2347,175.6235,175.999,175.3866,175.7333,176.0666,176.3864,176.6929,176.9859,177.2654
107.0437,106.5897,104.0377,102.0152,100,97.99229,95.9923,94.00028,92.01643,90.04098,88.07416,86.11618,84.60563,83.08864,81.98794,81.27988,79.72038,78.95232,77.75549,76.91937,75.67053,74.76625,73.10706,72.14272,71.14019,69.43183,64.78806,61.2398,57.16814,55.02916,53.21165,51.40678,49.89036,48.37015,46.84625,45.31878,43.78786,42.25361,40.49119,38.95913,37.4241,35.88623,34.34562,32.80239,31.25667
173.0018,173.9386,174.005,173.1875,173.2051,173.2008,173.1747,173.127,173.0577,172.9671,172.8553,172.7223,173.4673,174.199,175.8237,177.4424,179.0549,180.6608,183.1805,184.7759,187.2911,189.8052,190.4504,192.9545,195.4561,196.0694,188.1582,182.0781,176.8965,173.5765,174.0475,173.5464,173.9884,174.4171,174.8326,175.2347,175.6235,175.999,175.3866,175.7333,176.0666,176.3864,176.6929,176.9859,179.235
108.1035,106.5897,104.5527,102.0152,100,97.99229,95.9923,94.00028,92.01643,90.04098,88.07416,86.11618,84.60563,83.08864,81.98794,80.86518,79.72038,78.55357,77.75549,76.53669,75.67053,74.76625,73.10706,72.14272,71.14019,69.43183,64.78806,60.92249,57.47716,54.72846,53.21165,51.40678,49.89036,48.37015,46.84625,45.31878,43.78786,42.25361,40.49119,38.95913,37.4241,35.88623,34.34562,32.80239,31.60397
172.1538,173.9386,173.1478,174.0491,173.2051,173.2008,173.1747,173.127,173.0577,172.9671,172.8553,172.7223,173.4673,174.199,175.8237,177.4424,179.0549,181.5779,183.1805,185.6998,187.2911,189.8052,190.4504,192.9545,195.4561,196.0694,189.1037,182.0781,175.9455,173.5765,173.0912,173.5464,173.9884,174.4171,174.8326,175.2347,175.6235,175.999,175.3866,175.7333,176.0666,176.3864,176.6929,176.9859,179.235
107.5736,106.5897,104.0377,102.5227,100,97.99229,95.9923,94.00028,92.01643,90.04098,88.07416,86.11618,84.60563,83.08864,81.98794,80.86518,79.72038,78.95232,77.75549,76.91937,75.67053,74.76625,73.10706,72.14272,71.14019,69.43183,65.11363,60.92249,57.16814,54.72846,52.91928,51.40678,49.89036,48.37015,46.84625,45.31878,43.78786,42.25361,40.49119,38.95913,37.4241,35.88623,34.34562,32.80239,31.60397
172.1538,173.9386,174.005,173.1875,173.2051,173.2008,173.1747,173.127,173.0577,172.9671,172.8553,172.7223,173.4673,174.199,175.8237,178.3524,179.0549,180.6608,183.1805,185.6998,187.2911,189.8052,190.4504,192.9545,195.4561,196.0694,188.1582,182.0781,175.9455,173.5765,174.0475,173.5464,173.9884,174.4171,174.8326,175.2347,175.6235,175.999,175.3866,175.7333,176.0666,176.3864,176.6929,176.9859,178.2502
107.5736,106.5897,104.5527,102.0152,100,97.99229,95.9923,94.00028,92.01643,90.04098,88.07416,86.11618,84.60563,83.08864,81.98794,81.27988,79.72038,78.55357,77.75549,76.91937,75.67053,74.76625,73.10706,72.14272,71.14019,69.43183,64.78806,60.92249,57.16814,54.72846,53.21165,51.40678,49.89036,48.37015,46.84625,45.31878,43.78786,42.25361,40.49119,38.95913,37.4241,35.88623,34.34562,32.80239,31.43032
171.3057,173.9386,173.1478,173.1875,173.2051,173.2008,173.1747,173.127,173.0577,172.9671,172.8553,172.7223,173.4673,174.199,175.8237,178.3524,179.0549,181.5779,183.1805,184.7759,187.2911,189.8052,190.4504,192.9545,196.3958,196.0694,189.1037,182.0781,175.9455,174.5302,173.0912,173.5464,173.9884,174.4171,174.8326,175.2347,175.6235,175.999,175.3866,175.7333,176.0666,176.3864,175.7113,176.9859,176.2806
107.0437,106.5897,104.0377,102.0152,100,97.99229,95.9923,94.00028,92.01643,90.04098,88.07416,86.11618,84.60563,83.08864,81.98794,81.27988,79.72038,78.95232,77.75549,76.53669,75.67053,74.76625,73.10706,72.14272,71.48221,69.43183,65.11363,60.92249,57.16814,55.02916,52.91928,51.40678,49.89036,48.37015,46.84625,45.31878,43.78786,42.25361,40.49119,38.95913,37.4241,35.88623,34.15481,32.80239,31.08302
172.1538,173.9386,173.1478,173.1875,173.2051,173.2008,173.1747,173.127,173.0577,172.9671,172.8553,172.7223,173.4673,174.199,175.8237,177.4424,179.0549,181.5779,183.1805,184.7759,187.2911,189.8052,190.4504,192.9545,195.4561,196.0694,188.1582,182.0781,175.9455,173.5765,173.0912,173.5464,173.9884,174.4171,174.8326,175.2347,175.6235,175.0266,175.3866,175.7333,176.0666,176.3864,176.6929,176.9859,177.2654
107.5736,106.5897,104.0377,102.0152,100,97.99229,95.9923,94.00028,92.01643,90.04098,88.07416,86.11618,84.60563,83.08864,81.98794,80.86518,79.72038,78.95232,77.75549,76.53669,75.67053,74.76625,73.10706,72.14272,71.14019,69.43183,64.78806,60.92249,57.16814,54.72846,52.91928,51.40678,49.89036,48.37015,46.84625,45.31878,43.78786,42.02017,40.49119,38.95913,37.4241,35.88623,34.34562,32.80239,31.25667
172.1538,173.086,174.005,173.1875,173.2051,173.2008,173.1747,173.127,173.0577,172.9671,172.8553,172.7223,173.4673,174.199,174.9174,178.3524,179.9685,181.5779,183.1805,184.7759,187.2911,189.8052,190.4504,192.9545,196.3958,196.0694,189.1037,182.0781,175.9455,174.5302,174.0475,173.5464,173.9884,174.4171,174.8326,175.2347,175.6235,175.999,175.3866,175.7333,176.0666,176.3864,176.6929,176.9859,178.2502
107.5736,106.0672,104.5527,102.0152,100,97.99229,95.9923,94.00028,92.01643,90.04098,88.07416,86.11618,84.60563,83.08864,81.56532,81.27988,80.12712,78.95232,77.75549,76.53669,75.67053,74.76625,73.10706,72.14272,71.48221,69.43183,65.11363,60.92249,57.16814,55.02916,53.21165,51.40678,49.89036,48.37015,46.84625,45.31878,43.78786,42.25361,40.49119,38.95913,37.4241,35.88623,34.34562,32.80239,31.43032
172.1538,173.9386,174.005,173.1875,173.2051,173.2008,173.1747,173.127,173.0577,172.9671,172.8553,172.7223,173.4673,174.199,175.8237,178.3524,179.0549,181.5779,183.1805,184.7759,187.2911,189.8052,190.4504,192.9545,195.4561,196.0694,188.1582,182.0781,175.9455,173.5765,174.0475,173.5464,173.9884,174.4171,174.8326,175.2347,175.6235,175.999,175.3866,175.7333,176.0666,176.3864,176.6929,176.9859,177.2654
107.5736,106.5897,104.5527,102.0152,100,97.99229,95.9923,94.00028,92.01643,90.04098,88.07416,86.11618,84.60563,83.08864,81.98794,81.27988,79.72038,78.95232,77.75549,76.53669,75.67053,74.76625,73.10706,72.14272,71.14019,69.43183,64.78806,60.92249,57.16814,54.72846,53.21165,51.40678,49.89036,48.37015,46.84625,45.31878,43.78786,42.25361,40.49119,38.95913,37.4241,35.88623,34.34562,32.80239,31.25667
171.3057,173.9386,173.1478,173.1875,173.2051,173.2008,173.1747,173.127,173.0577,172.9671,172.8553,172.7223,173.4673,174.199,175.8237,177.4424,179.0549,181.5779,183.1805,185.6998,187.2911,189.8052,190.4504,192.9545,196.3958,196.0694,188.1582,183.0265,175.9455,173.5765,173.0912,173.5464,173.9884,174.4171,174.8326,175.2347,175.6235,175.999,175.3866,175.7333,176.0666,176.3864,175.7113,176.9859,178.2502
107.0437,106.5897,104.0377,102.0152,100,97.99229,95.9923,94.00028,92.01643,90.04098,88.07416,86.11618,84.60563,83.08864,81.98794,80.86518,79.72038,78.95232,77.75549,76.91937,75.67053,74.76625,73.10706,72.14272,71.48221,69.43183,64.78806,61.2398,57.16814,54.72846,52.91928,51.40678,49.89036,48.37015,46.84625,45.31878,43.78786,42.25361,40.49119,38.95913,37.4241,35.88623,34.15481,32.80239,31.43032
172.1538,173.086,173.1478,173.1875,173.2051,173.2008,173.1747,173.127,173.0577,172.9671,172.8553,172.7223,173.4673,174.199,175.8237,176.5325,179.0549,180.6608,183.1805,185.6998,187.2911,189.8052,190.4504,192.9545,195.4561,196.0694,188.1582,182.0781,175.9455,174.5302,173.0912,173.5464,173.9884,174.4171,174.8326,175.2347,175.6235,175.0266,175.3866,175.7333,176.0666,176.3864,176.6929,176.9859,178.2502
107.5736,106.0672,104.0377,102.0152,100,97.99229,95.9923,94.00028,92.01643,90.04098,88.07416,86.11618,84.60563,83.08864,81.98794,80.45049,79.72038,78.55357,77.75549,76.91937,75.67053,74.76625,73.10706,72.14272,71.14019,69.43183,64.78806,60.92249,57.16814,55.02916,52.91928,51.40678,49.89036,48.37015,46.84625,45.31878,43.78786,42.02017,40.49119,38.95913,37.4241,35.88623,34.34562,32.80239,31.43032
171.3057,173.086,173.1478,173.1875,174.0711,173.2008,173.1747,173.127,173.0577,172.9671,172.8553,172.7223,173.4673,174.199,176.73,177.4424,179.0549,180.6608,183.1805,184.7759,187.2911,188.8748,190.4504,192.9545,195.4561,196.0694,189.1037,182.0781,175.9455,173.5765,173.0912,173.5464,173.9884,174.4171,174.8326,175.2347,175.6235,175.0266,175.3866,175.7333,176.0666,176.3864,176.6929,176.9859,181.2046
107.0437,106.0672,104.0377,102.0152,100.5,97.99229,95.9923,94.00028,92.01643,90.04098,88.07416,86.11618,84.60563,83.08864,82.41056,80.86518,79.72038,78.55357,77.75549,76.53669,75.67053,74.39975,73.10706,72.14272,71.14019,69.43183,65.11363,60.92249,57.16814,54.72846,52.91928,51.40678,49.89036,48.37015,46.84625,45.31878,43.78786,42.02017,40.49119,38.95913,37.4241,35.88623,34.34562,32.80239,31.95126
173.0018,173.9386,173.1478,173.1875,174.0711,173.2008,173.1747,173.127,173.0577,172.9671,172.8553,172.7223,173.4673,174.199,175.8237,177.4424,179.0549,181.5779,183.1805,184.7759,187.2911,189.8052,190.4504,192.9545,195.4561,196.0694,188.1582,182.0781,175.9455,173.5765,174.0475,173.5464,173.9884,174.4171,174.8326,175.2347,174.6532,175.0266,175.3866,175.7333,176.0666,176.3864,176.6929,176.9859,177.2654
108.1035,106.5897,104.0377,102.0152,100.5,97.99229,95.9923,94.00028,92.01643,90.04098,88.07416,86.11618,84.60563,83.08864,81.98794,80.86518,79.72038,78.95232,77.75549,76.53669,75.67053,74.76625,73.10706,72.14272,71.14019,69.43183,64.78806,60.92249,57.16814,54.72846,53.21165,51.40678,49.89036,48.37015,46.84625,45.31878,43.54594,42.02017,40.49119,38.95913,37.4241,35.88623,34.34562,32.80239,31.25667
171.3057,173.9386,173.1478,173.1875,173.2051,173.2008,173.1747,173.127,173.0577,172.9671,172.8553,172.7223,173.4673,174.199,176.73,177.4424,179.0549,180.6608,183.1805,185.6998,187.2911,189.8052,190.4504,192.9545,195.4561,196.0694,188.1582,182.0781,175.9455,173.5765,174.0475,173.5464,173.9884,174.4171,174.8326,175.2347,174.6532,175.0266,175.3866,175.7333,176.0666,176.3864,175.7113,176.9859,177.2654
107.0437,106.5897,104.0377,102.0152,100,97.99229,95.9923,94.00028,92.01643,90.04098,88.07416,86.11618,84.60563,83.08864,82.41056,80.86518,79.72038,78.55357,77.75549,76.91937,75.67053,74.76625,73.10706,72.14272,71.14019,69.43183,64.78806,60.92249,57.16814,54.72846,53.21165,51.40678,49.89036,48.37015,46.84625,45.31878,43.54594,42.02017,40.49119,38.95913,37.4241,35.88623,34.15481,32.80239,31.25667
171.3057,173.9386,173.1478,173.1875,173.2051,173.2008,173.1747,173.127,173.0577,172.9671,172.8553,172.7223,173.4673,174.199,176.73,176.5325,179.0549,180.6608,183.1805,184.7759,187.2911,189.8052,190.4504,192.9545,195.4561,196.0694,188.1582,182.0781,175.9455,173.5765,174.0475,173.5464,173.9884,174.4171,174.8326,175.2347,175.6235,175.0266,175.3866,175.7333,176.0666,176.3864,176.6929,176.9859,177.2654
107.0437,106.5897,104.0377,102.0152,100,97.99229,95.9923,94.00028,92.01643,90.04098,88.07416,86.11618,84.60563,83.08864,82.41056,80.45049,79.72038,78.55357,77.75549,76.53669,75.67053,74.76625,73.10706,72.14272,71.14019,69.43183,64.78806,60.92249,57.16814,54.72846,53.21165,51.40678,49.89036,48.37015,46.84625,45.31878,43.78786,42.02017,40.49119,38.95913,37.4241,35.88623,34.34562,32.80239,31.25667
171.3057,173.9386,174.005,173.1875,173.2051,173.2008,173.1747,173.127,173.0577,172.9671,172.8553,172.7223,173.4673,174.199,175.8237,178.3524,179.0549,181.5779,183.1805,184.7759,187.2911,189.8052,190.4504,192.9545,195.4561,196.0694,188.1582,182.0781,175.9455,173.5765,174.0475,173.5464,173.9884,174.4171,174.8326,175.2347,175.6235,175.999,175.3866,175.7333,176.0666,176.3864,175.7113,176.9859,176.2806
107.0437,106.5897,104.5527,102.0152,100,97.99229,95.9923,94.00028,92.01643,90.04098,88.07416,86.11618,84.60563,83.08864,81.98794,81.27988,79.72038,78.95232,77.75549,76.53669,75.67053,74.76625,73.10706,72.14272,71.14019,69.43183,64.78806,60.92249,57.16814,54.72846,53.21165,51.40678,49.89036,48.37015,46.84625,45.31878,43.78786,42.25361,40.49119,38.95913,37.4241,35.88623,34.15481,32.80239,31.08302
171.3057,173.086,173.1478,173.1875,173.2051,173.2008,173.1747,173.127,173.0577,172.9671,172.8553,172.7223,173.4673,174.199,175.8237,177.4424,179.0549,181.5779,183.1805,185.6998,187.2911,189.8052,190.4504,192.9545,195.4561,196.0694,189.1037,182.0781,175.9455,173.5765,173.0912,173.5464,173.9884,174.4171,174.8326,175.2347,175.6235,175.999,176.361,175.7333,176.0666,176.3864,175.7113,176.9859,176.2806
107.0437,106.0672,104.0377,102.0152,100,97.99229,95.9923,94.00028,92.01643,90.04098,88.07416,86.11618,84.60563,83.08864,81.98794,80.86518,79.72038,78.95232,77.75549,76.91937,75.67053,74.76625,73.10706,72.14272,71.14019,69.43183,65.11363,60.92249,57.16814,54.72846,52.91928,51.40678,49.89036,48.37015,46.84625,45.31878,43.78786,42.25361,40.71614,38.95913,37.4241,35.88623,34.15481,32.80239,31.08302
172.1538,173.9386,173.1478,173.1875,173.2051,173.2008,173.1747,173.127,173.0577,172.9671,172.8553,172.7223,173.4673,174.199,176.73,177.4424,179.0549,180.6608,183.1805,184.7759,187.2911,188.8748,190.4504,192.9545,195.4561,196.0694,188.1582,182.0781,175.9455,173.5765,174.0475,173.5464,173.9884,174.4171,174.8326,175.2347,175.6235,175.999,175.3866,175.7333,176.0666,176.3864,176.6929,176.9859,177.2654
107.5736,106.5897,104.0377,102.0152,100,97.99229,95.9923,94.00028,92.01643,90.04098,88.07416,86.11618,84.60563,83.08864,82.41056,80.86518,79.72038,78.55357,77.75549,76.53669,75.67053,74.39975,73.10706,72.14272,71.14019,69.43183,64.78806,60.92249,57.16814,54.72846,53.21165,51.40678,49.89036,48.37015,46.84625,45.31878,43.78786,42.25361,40.49119,38.95913,37.4241,35.88623,34.34562,32.80239,31.25667
172.1538,173.9386,173.1478,173.1875,173.2051,173.2008,173.1747,173.127,173.0577,172.9671,172.8553,172.7223,173.4673,174.199,175.8237,176.5325,179.0549,181.5779,183.1805,185.6998,187.2911,189.8052,190.4504,192.9545,196.3958,196.0694,189.1037,182.0781,175.9455,173.5765,174.0475,173.5464,173.9884,174.4171,174.8326,175.2347,175.6235,175.0266,175.3866,175.7333,176.0666,176.3864,176.6929,176.9859,177.2654
107.5736,106.5897,104.0377,102.0152,100,97.99229,95.9923,94.00028,92.01643,90.04098,88.07416,86.11618,84.60563,83.08864,81.98794,80.45049,79.72038,78.95232,77.75549,76.91937,75.67053,74.76625,73.10706,72.14272,71.48221,69.43183,65.11363,60.92249,57.16814,54.72846,53.21165,51.40678,49.89036,48.37015,46.84625,45.31878,43.78786,42.02017,40.49119,38.95913,37.4241,35.88623,34.34562,32.80239,31.25667
171.3057,173.086,174.005,173.1875,173.2051,173.2008,173.1747,173.127,173.0577,172.9671,172.8553,172.7223,173.4673,174.199,176.73,178.3524,179.0549,181.5779,183.1805,184.7759,187.2911,188.8748,190.4504,192.9545,195.4561,196.0694,188.1582,182.0781,175.9455,173.5765,174.0475,173.5464,173.9884,174.4171,174.8326,175.2347,175.6235,175.999,175.3866,175.7333,176.0666,176.3864,176.6929,176.9859,179.235
107.0437,106.0672,104.5527,102.0152,100,97.99229,95.9923,94.00028,92.01643,90.04098,88.07416,86.11618,84.60563,83.08864,82.41056,81.27988,79.72038,78.95232,77.75549,76.53669,75.67053,74.39975,73.10706,72.14272,71.14019,69.43183,64.78806,60.92249,57.16814,54.72846,53.21165,51.40678,49.89036,48.37015,46.84625,45.31878,43.78786,42.25361,40.49119,38.95913,37.4241,35.88623,34.34562,32.80239,31.60397
172.1538,173.9386,174.005,173.1875,173.2051,173.2008,173.1747,173.127,173.0577,172.9671,172.8553,172.7223,173.4673,174.199,176.73,177.4424,179.0549,180.6608,183.1805,185.6998,187.2911,189.8052,190.4504,193.8911,195.4561,196.0694,189.1037,182.0781,175.9455,173.5765,174.0475,173.5464,173.9884,174.4171,174.8326,175.2347,175.6235,175.999,176.361,175.7333,176.0666,176.3864,176.6929,176.9859,176.2806
107.5736,106.5897,104.5527,102.0152,100,97.99229,95.9923,94.00028,92.01643,90.04098,88.07416,86.11618,84.60563,83.08864,82.41056,80.86518,79.72038,78.55357,77.75549,76.91937,75.67053,74.76625,73.10706,72.49293,71.14019,69.43183,65.11363,60.92249,57.16814,54.72846,53.21165,51.40678,49.89036,48.37015,46.84625,45.31878,43.78786,42.25361,40.71614,38.95913,37.4241,35.88623,34.34562,32.80239,31.08302
171.3057,173.9386,174.005,173.1875,173.2051,174.0711,173.1747,173.127,173.0577,172.9671,172.8553,172.7223,173.4673,174.199,175.8237,177.4424,179.0549,181.5779,183.1805,185.6998,187.2911,189.8052,190.4504,192.9545,195.4561,196.0694,188.1582,182.0781,175.9455,174.5302,174.0475,173.5464,173.9884,174.4171,174.8326,175.2347,175.6235,175.0266,175.3866,175.7333,176.0666,176.3864,176.6929,176.9859,180.2198
107.0437,106.5897,104.5527,102.0152,100,98.48471,95.9923,94.00028,92.01643,90.04098,88.07416,86.11618,84.60563,83.08864,81.98794,80.86518,79.72038,78.95232,77.75549,76.91937,75.67053,74.76625,73.10706,72.14272,71.14019,69.43183,64.78806,60.92249,57.16814,55.02916,53.21165,51.40678,49.89036,48.37015,46.84625,45.31878,43.78786,42.02017,40.49119,38.95913,37.4241,35.88623,34.34562,32.80239,31.77762
172.1538,173.9386,174.005,173.1875,173.2051,173.2008,173.1747,173.127,173.0577,172.9671,172.8553,172.7223,173.4673,174.199,175.8237,178.3524,179.0549,181.5779,183.1805,184.7759,187.2911,189.8052,190.4504,192.9545,195.4561,196.0694,188.1582,182.0781,175.9455,173.5765,173.0912,173.5464,173.9884,174.4171,174.8326,175.2347,175.6235,175.0266,175.3866,175.7333,176.0666,176.3864,176.6929,176.9859,178.2502
107.5736,106.5897,104.5527,102.0152,100,97.99229,95.9923,94.00028,92.01643,90.04098,88.07416,86.11618,84.60563,83.08864,81.98794,81.27988,79.72038,78.95232,77.75549,76.53669,75.67053,74.76625,73.10706,72.14272,71.14019,69.43183,64.78806,60.92249,57.16814,54.72846,52.91928,51.40678,49.89036,48.37015,46.84625,45.31878,43.78786,42.02017,40.49119,38.95913,37.4241,35.88623,34.34562,32.80239,31.43032
172.1538,173.086,173.1478,173.1875,174.0711,173.2008,173.1747,173.127,173.0577,172.9671,172.8553,172.7223,172.5685,174.199,176.73,177.4424,179.0549,181.5779,183.1805,184.7759,187.2911,189.8052,190.4504,192.9545,196.3958,196.0694,188.1582,182.0781,175.9455,173.5765,173.0912,173.5464,173.9884,174.4171,174.8326,175.2347,175.6235,175.999,175.3866,175.7333,176.0666,176.3864,176.6929,176.9859,179.235
107.5736,106.0672,104.0377,102.0152,100.5,97.99229,95.9923,94.00028,92.01643,90.04098,88.07416,86.11618,84.16726,83.08864,82.41056,80.86518,79.72038,78.95232,77.75549,76.53669,75.67053,74.76625,73.10706,72.14272,71.48221,69.43183,64.78806,60.92249,57.16814,54.72846,52.91928,51.40678,49.89036,48.37015,46.84625,45.31878,43.78786,42.25361,40.49119,38.95913,37.4241,35.88623,34.34562,32.80239,31.60397
172.1538,173.9386,174.005,173.1875,173.2051,173.2008,173.1747,173.127,173.0577,172.9671,172.8553,172.7223,173.4673,174.199,176.73,177.4424,179.0549,180.6608,183.1805,184.7759,187.2911,189.8052,190.4504,192.9545,195.4561,196.0694,188.1582,182.0781,175.9455,173.5765,174.0475,173.5464,173.9884,174.4171,174.8326,175.2347,175.6235,175.999,176.361,175.7333,176.0666,176.3864,176.6929,176.9859,177.2654
107.5736,106.5897,104.5527,102.0152,100,97.99229,95.9923,94.00028,92.01643,90.04098,88.07416,86.11618,84.60563,83.08864,82.41056,80.86518,79.72038,78.55357,77.75549,76.53669,75.67053,74.76625,73.10706,72.14272,71.14019,69.43183,64.78806,60.92249,57.16814,54.72846,53.21165,51.40678,49.89036,48.37015,46.84625,45.31878,43.78786,42.25361,40.71614,38.95913,37.4241,35.88623,34.34562,32.80239,31.25667
171.3057,173.086,174.005,173.1875,173.2051,173.2008,173.1747,173.127,173.0577,172.9671,172.8553,172.7223,173.4673,174.199,175.8237,178.3524,179.0549,181.5779,183.1805,184.7759,187.2911,189.8052,190.4504,192.9545,195.4561,196.0694,188.1582,182.0781,175.9455,173.5765,174.0475,173.5464,173.9884,174.4171,174.8326,175.2347,175.6235,175.999,175.3866,175.7333,176.0666,176.3864,176.6929,176.9859,180.2198
107.0437,106.0672,104.5527,102.0152,100,97.99229,95.9923,94.00028,92.01643,90.04098,88.07416,86.11618,84.60563,83.08864,81.98794,81.27988,79.72038,78.95232,77.75549,76.53669,75.67053,74.76625,73.10706,72.14272,71.14019,69.43183,64.78806,60.92249,57.16814,54.72846,53.21165,51.40678,49.89036,48.37015,46.84625,45.31878,43.78786,42.25361,40.49119,38.95913,37.4241,35.88623,34.34562,32.80239,31.77762
172.1538,173.9386,173.1478,173.1875,173.2051,173.2008,173.1747,173.127,173.0577,172.9671,172.8553,172.7223,173.4673,174.199,175.8237,178.3524,179.0549,181.5779,183.1805,185.6998,187.2911,189.8052,190.4504,192.9545,196.3958,196.0694,189.1037,182.0781,175.9455,173.5765,174.0475,173.5464,173.9884,174.4171,174.8326,175.2347,175.6235,175.999,175.3866,175.7333,176.0666,176.3864,176.6929,176.9859,177.2654
107.5736,106.5897,104.0377,102.0152,100,97.99229,95.9923,94.00028,92.01643,90.04098,88.07416,86.11618,84.60563,83.08864,81.98794,81.27988,79.72038,78.95232,77.75549,76.91937,75.67053,74.76625,73.10706,72.14272,71.48221,69.43183,65.11363,60.92249,57.16814,54.72846,53.21165,51.40678,49.89036,48.37015,46.84625,45.31878,43.78786,42.25361,40.49119,38.95913,37.4241,35.88623,34.34562,32.80239,31.25667
171.3057,173.9386,173.1478,173.1875,173.2051,173.2008,173.1747,173.127,173.0577,172.9671,172.8553,172.7223,173.4673,174.199,174.9174,178.3524,179.0549,181.5779,183.1805,185.6998,187.2911,189.8052,190.4504,192.9545,195.4561,196.0694,188.1582,182.0781,175.9455,173.5765,173.0912,173.5464,173.9884,174.4171,174.8326,175.2347,175.6235,175.999,175.3866,175.7333,176.0666,176.3864,176.6929,176.9859,178.2502
107.0437,106.5897,104.0377,102.0152,100,97.99229,95.9923,94.00028,92.01643,90.04098,88.07416,86.11618,84.60563,83.08864,81.56532,81.27988,79.72038,78.95232,77.75549,76.91937,75.67053,74.76625,73.10706,72.14272,71.14019,69.43183,64.78806,60.92249,57.16814,54.72846,52.91928,51.40678,49.89036,48.37015,46.84625,45.31878,43.78786,42.25361,40.49119,38.95913,37.4241,35.88623,34.34562,32.80239,31.43032
172.1538,173.9386,174.005,173.1875,173.2051,173.2008,173.1747,173.127,173.0577,172.9671,172.8553,172.7223,173.4673,174.199,174.9174,177.4424,179.9685,182.495,183.1805,185.6998,187.2911,189.8052,190.4504,192.9545,196.3958,196.0694,188.1582,182.0781,175.9455,174.5302,174.0475,173.5464,173.9884,174.4171,174.8326,175.2347,175.6235,175.0266,175.3866,175.7333,176.0666,176.3864,176.6929,176.9859,176.2806
107.5736,106.5897,104.5527,102.0152,100,97.99229,95.9923,94.00028,92.01643,90.04098,88.07416,86.11618,84.60563,83.08864,81.56532,80.86518,80.12712,79.35106,77.75549,76.91937,75.67053,74.76625,73.10706,72.14272,71.48221,69.43183,64.78806,60.92249,57.16814,55.02916,53.21165,51.40678,49.89036,48.37015,46.84625,45.31878,43.78786,42.02017,40.49119,38.95913,37.4241,35.88623,34.34562,32.80239,31.08302
172.1538,173.9386,173.1478,173.1875,173.2051,173.2008,173.1747,173.127,173.0577,172.9671,172.8553,172.7223,173.4673,174.199,175.8237,177.4424,179.0549,181.5779,183.1805,184.7759,187.2911,189.8052,190.4504,192.9545,195.4561,196.0694,188.1582,182.0781,175.9455,174.5302,174.0475,173.5464,173.9884,174.4171,174.8326,175.2347,175.6235,175.999,176.361,175.7333,176.0666,176.3864,176.6929,176.9859,179.235
107.5736,106.5897,104.0377,102.0152,100,97.99229,95.9923,94.00028,92.01643,90.04098,88.07416,86.11618,84.60563,83.08864,81.98794,80.86518,79.72038,78.95232,77.75549,76.53669,75.67053,74.76625,73.10706,72.14272,71.14019,69.43183,64.78806,60.92249,57.16814,55.02916,53.21165,51.40678,49.89036,48.37015,46.84625,45.31878,43.78786,42.25361,40.71614,38.95913,37.4241,35.88623,34.34562,32.80239,31.60397
