147.485,148.1266,147.7867,147.4355,147.073,146.6994,146.3146,145.9187,145.5116,146.0418,145.6099,145.1668,144.7127,144.2475,143.7714,143.2843,142.7863,143.2013,143.5988,143.0614,146.1673,148.3237,151.3534,155.2447,159.9853,161.0882,159.4902,157.8879,154.5158,153.793,151.3092,149.7012,148.0903,145.6153,144.0041,142.3909,140.776,139.1596,136.7033,135.9234,136.7912,135.9808,135.9792,135.9573,135.1058,135.048,134.9694,134.8701,133.9618,133.0434,133.6691,132.7194,139.4201
-36.77213,-38.30814,-39.59931,-40.88747,-42.17252,-43.45435,-44.73287,-46.00799,-47.2796,-48.86492,-50.1375,-51.40626,-52.6711,-53.93194,-55.18866,-56.44119,-57.68942,-59.31593,-60.95406,-62.20485,-65.07786,-67.595,-70.57725,-74.04791,-78.03006,-80.31561,-81.2643,-82.19125,-82.15752,-83.50278,-83.87206,-84.69685,-85.5,-85.77398,-86.5264,-87.25726,-87.9666,-88.65444,-88.77616,-89.96573,-92.26683,-93.45703,-95.21369,-96.97739,-98.16014,-99.93023,-101.7067,-103.4894,-104.6625,-105.8275,-108.2431,-109.4055,-116.9873
148.4552,148.1266,147.7867,147.4355,147.073,146.6994,146.3146,145.9187,145.5116,145.0935,145.6099,144.2241,144.7127,144.2475,143.7714,143.2843,142.7863,142.2774,143.5988,143.0614,146.1673,149.2336,151.3534,155.2447,159.9853,161.0882,159.4902,157.8879,154.5158,153.793,151.3092,149.7012,148.0903,146.477,144.0041,142.3909,140.776,139.1596,136.7033,135.9234,136.7912,135.9808,135.9792,135.9573,135.9149,135.8518,134.9694,134.8701,134.7498,134.6086,133.6691,132.7194,139.4201
-37.01405,-38.30814,-39.59931,-40.88747,-42.17252,-43.45435,-44.73287,-46.00799,-47.2796,-48.54761,-50.1375,-51.07245,-52.6711,-53.93194,-55.18866,-56.44119,-57.68942,-58.93325,-60.95406,-62.20485,-65.07786,-68.00969,-70.57725,-74.04791,-78.03006,-80.31561,-81.2643,-82.19125,-82.15752,-83.50278,-83.87206,-84.69685,-85.5,-86.28152,-86.5264,-87.25726,-87.9666,-88.65444,-88.77616,-89.96573,-92.26683,-93.45703,-95.21369,-96.97739,-98.74792,-100.5251,-101.7067,-103.4894,-105.2781,-107.0725,-108.2431,-109.4055,-116.9873
142.6335,148.1266,146.8207,147.4355,147.073,146.6994,146.3146,145.9187,145.5116,145.0935,145.6099,145.1668,144.7127,144.2475,143.7714,143.2843,142.7863,142.2774,143.5988,143.0614,146.1673,149.2336,151.3534,155.2447,159.0865,161.0882,159.4902,157.8879,154.5158,153.793,152.1838,149.7012,148.0903,145.6153,144.0041,142.3909,140.776,139.1596,136.7033,135.9234,136.7912,136.8049,135.9792,135.9573,135.9149,135.048,134.9694,134.8701,133.9618,133.826,133.6691,132.7194,139.4201
-35.56252,-38.30814,-39.34049,-40.88747,-42.17252,-43.45435,-44.73287,-46.00799,-47.2796,-48.54761,-50.1375,-51.40626,-52.6711,-53.93194,-55.18866,-56.44119,-57.68942,-58.93325,-60.95406,-62.20485,-65.07786,-68.00969,-70.57725,-74.04791,-77.59169,-80.31561,-81.2643,-82.19125,-82.15752,-83.50278,-84.35687,-84.69685,-85.5,-85.77398,-86.5264,-87.25726,-87.9666,-88.65444,-88.77616,-89.96573,-92.26683,-94.02344,-95.21369,-96.97739,-98.74792,-99.93023,-101.7067,-103.4894,-104.6625,-106.45,-108.2431,-109.4055,-116.9873
147.485,148.1266,147.7867,147.4355,147.073,146.6994,146.3146,145.9187,145.5116,145.0935,145.6099,145.1668,144.7127,144.2475,143.7714,143.2843,142.7863,143.2013,143.5988,143.0614,146.1673,148.3237,151.3534,155.2447,159.9853,161.0882,160.3812,157.8879,155.3988,152.9142,152.1838,149.7012,148.0903,145.6153,144.8613,142.3909,140.776,139.1596,136.7033,135.9234,136.7912,135.9808,135.9792,135.9573,135.1058,135.048,134.9694,134.8701,134.7498,133.826,132.892,132.7194,139.4201
-36.77213,-38.30814,-39.59931,-40.88747,-42.17252,-43.45435,-44.73287,-46.00799,-47.2796,-48.54761,-50.1375,-51.40626,-52.6711,-53.93194,-55.18866,-56.44119,-57.68942,-59.31593,-60.95406,-62.20485,-65.07786,-67.595,-70.57725,-74.04791,-78.03006,-80.31561,-81.71829,-82.19125,-82.627,-83.02562,-84.35687,-84.69685,-85.5,-85.77398,-87.04143,-87.25726,-87.9666,-88.65444,-88.77616,-89.96573,-92.26683,-93.45703,-95.21369,-96.97739,-98.16014,-99.93023,-101.7067,-103.4894,-105.2781,-106.45,-107.6138,-109.4055,-116.9873
146.5147,149.0947,147.7867,146.4718,147.073,146.6994,146.3146,145.9187,145.5116,145.0935,145.6099,145.1668,144.7127,144.2475,143.7714,143.2843,142.7863,144.1252,143.5988,143.0614,146.1673,149.2336,152.2597,155.2447,159.9853,161.9831,158.5992,157.8879,154.5158,153.793,150.4346,148.8308,148.0903,145.6153,144.0041,142.3909,140.776,139.1596,136.7033,135.9234,136.7912,136.8049,135.9792,135.9573,135.1058,135.048,134.9694,134.0767,134.7498,134.6086,132.892,133.4911,139.4201
-36.53021,-38.55852,-39.59931,-40.62023,-42.17252,-43.45435,-44.73287,-46.00799,-47.2796,-48.54761,-50.1375,-51.40626,-52.6711,-53.93194,-55.18866,-56.44119,-57.68942,-59.69862,-60.95406,-62.20485,-65.07786,-68.00969,-70.99987,-74.04791,-78.03006,-80.7618,-80.81031,-82.19125,-82.15752,-83.50278,-83.38725,-84.20443,-85.5,-85.77398,-86.5264,-87.25726,-87.9666,-88.65444,-88.77616,-89.96573,-92.26683,-94.02344,-95.21369,-96.97739,-98.16014,-99.93023,-101.7067,-102.8807,-105.2781,-107.0725,-107.6138,-110.0415,-116.9873
148.4552,148.1266,147.7867,147.4355,147.073,146.6994,146.3146,145.9187,145.5116,145.0935,144.6643,145.1668,144.7127,144.2475,143.7714,143.2843,142.7863,142.2774,143.5988,143.0614,146.1673,149.2336,151.3534,155.2447,159.9853,161.0882,159.4902,157.8879,154.5158,152.9142,151.3092,149.7012,148.0903,145.6153,144.8613,143.2435,141.624,139.1596,138.3806,135.9234,136.7912,135.9808,135.9792,135.9573,135.9149,135.048,134.9694,134.8701,134.7498,133.0434,133.6691,133.4911,139.4201
-37.01405,-38.30814,-39.59931,-40.88747,-42.17252,-43.45435,-44.73287,-46.00799,-47.2796,-48.54761,-49.81193,-51.40626,-52.6711,-53.93194,-55.18866,-56.44119,-57.68942,-58.93325,-60.95406,-62.20485,-65.07786,-68.00969,-70.57725,-74.04791,-78.03006,-80.31561,-81.2643,-82.19125,-82.15752,-83.02562,-83.87206,-84.69685,-85.5,-85.77398,-87.04143,-87.77976,-88.49652,-88.65444,-89.86544,-89.96573,-92.26683,-93.45703,-95.21369,-96.97739,-98.74792,-99.93023,-101.7067,-103.4894,-105.2781,-105.8275,-108.2431,-110.0415,-116.9873
146.5147,148.1266,147.7867,147.4355,147.073,146.6994,146.3146,145.9187,145.5116,145.0935,144.6643,145.1668,144.7127,144.2475,143.7714,143.2843,142.7863,143.2013,142.6783,143.0614,145.2537,148.3237,151.3534,155.2447,159.9853,161.0882,159.4902,157.8879,155.3988,152.9142,151.3092,149.7012,148.0903,145.6153,144.0041,142.3909,140.776,139.1596,136.7033,135.9234,136.7912,136.8049,135.9792,135.9573,135.9149,135.048,134.9694,134.8701,133.9618,133.826,132.892,132.7194,139.4201
-36.53021,-38.30814,-39.59931,-40.88747,-42.17252,-43.45435,-44.73287,-46.00799,-47.2796,-48.54761,-49.81193,-51.40626,-52.6711,-53.93194,-55.18866,-56.44119,-57.68942,-59.31593,-60.56332,-62.20485,-64.67113,-67.595,-70.57725,-74.04791,-78.03006,-80.31561,-81.2643,-82.19125,-82.627,-83.02562,-83.87206,-84.69685,-85.5,-85.77398,-86.5264,-87.25726,-87.9666,-88.65444,-88.77616,-89.96573,-92.26683,-94.02344,-95.21369,-96.97739,-98.74792,-99.93023,-101.7067,-103.4894,-104.6625,-106.45,-107.6138,-109.4055,-116.9873
148.4552,148.1266,147.7867,147.4355,147.073,146.6994,146.3146,145.9187,145.5116,145.0935,144.6643,145.1668,144.7127,144.2475,143.7714,143.2843,142.7863,143.2013,143.5988,143.0614,146.1673,148.3237,151.3534,155.2447,159.9853,161.0882,159.4902,157.8879,154.5158,152.9142,152.1838,149.7012,148.0903,145.6153,144.8613,142.3909,140.776,139.1596,136.7033,135.9234,136.7912,135.9808,135.9792,135.9573,135.9149,135.048,134.9694,134.8701,133.9618,133.826,133.6691,132.7194,140.1861
-37.01405,-38.30814,-39.59931,-40.88747,-42.17252,-43.45435,-44.73287,-46.00799,-47.2796,-48.54761,-49.81193,-51.40626,-52.6711,-53.93194,-55.18866,-56.44119,-57.68942,-59.31593,-60.95406,-62.20485,-65.07786,-67.595,-70.57725,-74.04791,-78.03006,-80.31561,-81.2643,-82.19125,-82.15752,-83.02562,-84.35687,-84.69685,-85.5,-85.77398,-87.04143,-87.25726,-87.9666,-88.65444,-88.77616,-89.96573,-92.26683,-93.45703,-95.21369,-96.97739,-98.74792,-99.93023,-101.7067,-103.4894,-104.6625,-106.45,-108.2431,-109.4055,-117.6301
148.4552,148.1266,147.7867,147.4355,147.073,146.6994,146.3146,145.9187,145.5116,145.0935,144.6643,145.1668,144.7127,144.2475,143.7714,143.2843,142.7863,142.2774,142.6783,143.0614,146.1673,148.3237,152.2597,155.2447,159.0865,161.0882,159.4902,157.8879,154.5158,152.9142,151.3092,149.7012,148.0903,146.477,144.0041,142.3909,140.776,139.1596,136.7033,135.9234,136.7912,136.8049,135.9792,135.9573,135.9149,135.048,134.9694,134.8701,134.7498,133.826,133.6691,132.7194,139.4201
-37.01405,-38.30814,-39.59931,-40.88747,-42.17252,-43.45435,-44.73287,-46.00799,-47.2796,-48.54761,-49.81193,-51.40626,-52.6711,-53.93194,-55.18866,-56.44119,-57.68942,-58.93325,-60.56332,-62.20485,-65.07786,-67.595,-70.99987,-74.04791,-77.59169,-80.31561,-81.2643,-82.19125,-82.15752,-83.02562,-83.87206,-84.69685,-85.5,-86.28152,-86.5264,-87.25726,-87.9666,-88.65444,-88.77616,-89.96573,-92.26683,-94.02344,-95.21369,-96.97739,-98.74792,-99.93023,-101.7067,-103.4894,-105.2781,-106.45,-108.2431,-109.4055,-116.9873
148.4552,148.1266,147.7867,147.4355,147.073,146.6994,146.3146,145.9187,145.5116,145.0935,144.6643,145.1668,144.7127,144.2475,143.7714,143.2843,142.7863,142.2774,143.5988,143.0614,146.1673,148.3237,151.3534,155.2447,159.0865,161.0882,159.4902,157.8879,154.5158,153.793,150.4346,149.7012,147.2243,145.6153,144.0041,143.2435,140.776,139.1596,136.7033,135.9234,136.7912,135.9808,135.9792,135.9573,135.1058,135.048,134.9694,134.8701,134.7498,133.826,132.892,132.7194,139.4201
-37.01405,-38.30814,-39.59931,-40.88747,-42.17252,-43.45435,-44.73287,-46.00799,-47.2796,-48.54761,-49.81193,-51.40626,-52.6711,-53.93194,-55.18866,-56.44119,-57.68942,-58.93325,-60.95406,-62.20485,-65.07786,-67.595,-70.57725,-74.04791,-77.59169,-80.31561,-81.2643,-82.19125,-82.15752,-83.50278,-83.38725,-84.69685,-85,-85.77398,-86.5264,-87.77976,-87.9666,-88.65444,-88.77616,-89.96573,-92.26683,-93.45703,-95.21369,-96.97739,-98.16014,-99.93023,-101.7067,-103.4894,-105.2781,-106.45,-107.6138,-109.4055,-116.9873
146.5147,148.1266,147.7867,147.4355,147.073,146.6994,146.3146,145.9187,145.5116,145.0935,144.6643,145.1668,144.7127,144.2475,143.7714,143.2843,142.7863,142.2774,142.6783,143.0614,146.1673,148.3237,152.2597,155.2447,159.0865,161.0882,159.4902,157.0009,154.5158,152.9142,150.4346,148.8308,147.2243,145.6153,143.1469,141.5383,139.9279,138.3162,136.7033,135.9234,135.9622,135.1567,135.1601,135.1432,135.9149,134.2441,134.1708,134.0767,133.9618,133.0434,133.6691,132.7194,139.4201
-36.53021,-38.30814,-39.59931,-40.88747,-42.17252,-43.45435,-44.73287,-46.00799,-47.2796,-48.54761,-49.81193,-51.40626,-52.6711,-53.93194,-55.18866,-56.44119,-57.68942,-58.93325,-60.56332,-62.20485,-65.07786,-67.595,-70.99987,-74.04791,-77.59169,-80.31561,-81.2643,-81.7295,-82.15752,-83.02562,-83.38725,-84.20443,-85,-85.77398,-86.01136,-86.73476,-87.43668,-88.11714,-88.77616,-89.96573,-91.70764,-92.89062,-94.64011,-96.39669,-98.74792,-99.33541,-101.1049,-102.8807,-104.6625,-105.8275,-108.2431,-109.4055,-116.9873
147.485,148.1266,147.7867,147.4355,147.073,146.6994,146.3146,145.9187,145.5116,145.0935,144.6643,145.1668,144.7127,144.2475,143.7714,143.2843,142.7863,142.2774,143.5988,143.0614,146.1673,148.3237,152.2597,155.2447,159.0865,161.0882,159.4902,157.0009,154.5158,152.9142,151.3092,148.8308,147.2243,145.6153,143.1469,141.5383,139.9279,138.3162,136.7033,135.9234,135.9622,135.9808,135.1601,135.1432,135.1058,134.2441,134.1708,134.0767,133.9618,133.0434,132.892,132.7194,139.4201
-36.77213,-38.30814,-39.59931,-40.88747,-42.17252,-43.45435,-44.73287,-46.00799,-47.2796,-48.54761,-49.81193,-51.40626,-52.6711,-53.93194,-55.18866,-56.44119,-57.68942,-58.93325,-60.95406,-62.20485,-65.07786,-67.595,-70.99987,-74.04791,-77.59169,-80.31561,-81.2643,-81.7295,-82.15752,-83.02562,-83.87206,-84.20443,-85,-85.77398,-86.01136,-86.73476,-87.43668,-88.11714,-88.77616,-89.96573,-91.70764,-93.45703,-94.64011,-96.39669,-98.16014,-99.33541,-101.1049,-102.8807,-104.6625,-105.8275,-107.6138,-109.4055,-116.9873
145.5444,148.1266,147.7867,147.4355,147.073,146.6994,146.3146,145.9187,145.5116,145.0935,144.6643,145.1668,144.7127,144.2475,143.7714,143.2843,143.7135,142.2774,143.5988,143.0614,146.1673,148.3237,151.3534,155.2447,159.0865,161.0882,159.4902,157.0009,155.3988,152.9142,150.4346,148.8308,147.2243,144.7537,143.1469,141.5383,139.9279,138.3162,136.7033,137.5912,135.9622,135.1567,135.1601,135.1432,135.1058,134.2441,134.1708,134.0767,133.9618,133.0434,132.892,133.4911,139.4201
-36.28828,-38.30814,-39.59931,-40.88747,-42.17252,-43.45435,-44.73287,-46.00799,-47.2796,-48.54761,-49.81193,-51.40626,-52.6711,-53.93194,-55.18866,-56.44119,-58.06402,-58.93325,-60.95406,-62.20485,-65.07786,-67.595,-70.57725,-74.04791,-77.59169,-80.31561,-81.2643,-81.7295,-82.627,-83.02562,-83.38725,-84.20443,-85,-85.26644,-86.01136,-86.73476,-87.43668,-88.11714,-88.77616,-91.0696,-91.70764,-92.89062,-94.64011,-96.39669,-98.16014,-99.33541,-101.1049,-102.8807,-104.6625,-105.8275,-107.6138,-110.0415,-116.9873
144.5741,149.0947,146.8207,147.4355,146.1118,146.6994,146.3146,145.9187,145.5116,146.0418,145.6099,145.1668,144.7127,144.2475,143.7714,143.2843,142.7863,142.2774,142.6783,143.0614,145.2537,148.3237,151.3534,155.2447,159.0865,161.0882,158.5992,157.0009,154.5158,152.0354,150.4346,148.8308,147.2243,144.7537,143.1469,141.5383,139.9279,138.3162,136.7033,137.5912,135.9622,135.1567,135.1601,135.1432,134.2968,134.2441,134.1708,134.0767,133.9618,133.826,132.892,133.4911,138.654
-36.04636,-38.55852,-39.34049,-40.88747,-41.89688,-43.45435,-44.73287,-46.00799,-47.2796,-48.86492,-50.1375,-51.40626,-52.6711,-53.93194,-55.18866,-56.44119,-57.68942,-58.93325,-60.56332,-62.20485,-64.67113,-67.595,-70.57725,-74.04791,-77.59169,-80.31561,-80.81031,-81.7295,-82.15752,-82.54847,-83.38725,-84.20443,-85,-85.26644,-86.01136,-86.73476,-87.43668,-88.11714,-88.77616,-91.0696,-91.70764,-92.89062,-94.64011,-96.39669,-97.57235,-99.33541,-101.1049,-102.8807,-104.6625,-106.45,-107.6138,-110.0415,-116.3446
148.4552,148.1266,147.7867,147.4355,147.073,146.6994,146.3146,145.9187,145.5116,145.0935,145.6099,144.2241,144.7127,144.2475,143.7714,143.2843,142.7863,142.2774,143.5988,143.0614,146.1673,148.3237,151.3534,155.2447,159.0865,161.0882,158.5992,157.0009,154.5158,152.9142,150.4346,148.8308,147.2243,144.7537,144.0041,141.5383,139.9279,139.1596,136.7033,135.9234,135.9622,135.9808,135.1601,135.1432,135.9149,134.2441,134.1708,134.0767,133.9618,133.826,132.892,132.7194,139.4201
-37.01405,-38.30814,-39.59931,-40.88747,-42.17252,-43.45435,-44.73287,-46.00799,-47.2796,-48.54761,-50.1375,-51.07245,-52.6711,-53.93194,-55.18866,-56.44119,-57.68942,-58.93325,-60.95406,-62.20485,-65.07786,-67.595,-70.57725,-74.04791,-77.59169,-80.31561,-80.81031,-81.7295,-82.15752,-83.02562,-83.38725,-84.20443,-85,-85.26644,-86.5264,-86.73476,-87.43668,-88.65444,-88.77616,-89.96573,-91.70764,-93.45703,-94.64011,-96.39669,-98.74792,-99.33541,-101.1049,-102.8807,-104.6625,-106.45,-107.6138,-109.4055,-116.9873
147.485,148.1266,147.7867,147.4355,147.073,145.7406,146.3146,145.9187,145.5116,145.0935,144.6643,145.1668,144.7127,144.2475,143.7714,143.2843,142.7863,142.2774,142.6783,143.0614,145.2537,148.3237,152.2597,155.2447,159.0865,161.0882,159.4902,157.0009,154.5158,152.0354,150.4346,148.8308,147.2243,144.7537,143.1469,141.5383,139.9279,138.3162,136.7033,135.9234,135.9622,135.9808,135.9792,135.9573,135.1058,134.2441,134.1708,134.0767,133.9618,133.0434,132.892,132.7194,138.654
-36.77213,-38.30814,-39.59931,-40.88747,-42.17252,-43.17033,-44.73287,-46.00799,-47.2796,-48.54761,-49.81193,-51.40626,-52.6711,-53.93194,-55.18866,-56.44119,-57.68942,-58.93325,-60.56332,-62.20485,-64.67113,-67.595,-70.99987,-74.04791,-77.59169,-80.31561,-81.2643,-81.7295,-82.15752,-82.54847,-83.38725,-84.20443,-85,-85.26644,-86.01136,-86.73476,-87.43668,-88.11714,-88.77616,-89.96573,-91.70764,-93.45703,-95.21369,-96.97739,-98.16014,-99.33541,-101.1049,-102.8807,-104.6625,-105.8275,-107.6138,-109.4055,-116.3446
144.5741,149.0947,147.7867,147.4355,147.073,146.6994,146.3146,145.9187,145.5116,145.0935,144.6643,144.2241,144.7127,144.2475,143.7714,143.2843,143.7135,142.2774,143.5988,143.0614,146.1673,148.3237,152.2597,155.2447,159.0865,161.0882,159.4902,157.0009,154.5158,152.9142,150.4346,148.8308,147.2243,145.6153,143.1469,141.5383,139.9279,138.3162,136.7033,135.9234,135.9622,135.9808,135.1601,135.1432,135.1058,134.2441,134.1708,134.0767,133.1738,133.826,132.892,133.4911,140.1861
-36.04636,-38.55852,-39.59931,-40.88747,-42.17252,-43.45435,-44.73287,-46.00799,-47.2796,-48.54761,-49.81193,-51.07245,-52.6711,-53.93194,-55.18866,-56.44119,-58.06402,-58.93325,-60.95406,-62.20485,-65.07786,-67.595,-70.99987,-74.04791,-77.59169,-80.31561,-81.2643,-81.7295,-82.15752,-83.02562,-83.38725,-84.20443,-85,-85.77398,-86.01136,-86.73476,-87.43668,-88.11714,-88.77616,-89.96573,-91.70764,-93.45703,-94.64011,-96.39669,-98.16014,-99.33541,-101.1049,-102.8807,-104.0468,-106.45,-107.6138,-110.0415,-117.6301
147.485,148.1266,147.7867,147.4355,147.073,146.6994,146.3146,145.9187,145.5116,145.0935,145.6099,144.2241,144.7127,144.2475,143.7714,143.2843,142.7863,142.2774,143.5988,143.0614,146.1673,148.3237,151.3534,155.2447,159.0865,161.0882,159.4902,157.0009,154.5158,152.9142,151.3092,148.8308,147.2243,144.7537,143.1469,141.5383,139.9279,138.3162,136.7033,135.9234,136.7912,135.1567,135.1601,135.1432,135.1058,134.2441,134.1708,134.0767,133.9618,133.0434,132.892,132.7194,139.4201
-36.77213,-38.30814,-39.59931,-40.88747,-42.17252,-43.45435,-44.73287,-46.00799,-47.2796,-48.54761,-50.1375,-51.07245,-52.6711,-53.93194,-55.18866,-56.44119,-57.68942,-58.93325,-60.95406,-62.20485,-65.07786,-67.595,-70.57725,-74.04791,-77.59169,-80.31561,-81.2643,-81.7295,-82.15752,-83.02562,-83.87206,-84.20443,-85,-85.26644,-86.01136,-86.73476,-87.43668,-88.11714,-88.77616,-89.96573,-92.26683,-92.89062,-94.64011,-96.39669,-98.16014,-99.33541,-101.1049,-102.8807,-104.6625,-105.8275,-107.6138,-109.4055,-116.9873
148.4552,148.1266,147.7867,147.4355,147.073,146.6994,146.3146,145.9187,145.5116,145.0935,145.6099,145.1668,144.7127,144.2475,143.7714,143.2843,142.7863,142.2774,142.6783,143.0614,146.1673,148.3237,152.2597,155.2447,159.0865,161.0882,159.4902,157.0009,154.5158,152.9142,151.3092,148.8308,147.2243,144.7537,143.1469,141.5383,139.9279,138.3162,136.7033,137.5912,135.9622,135.1567,135.1601,135.9573,134.2968,134.2441,134.1708,134.0767,133.9618,133.826,132.892,132.7194,139.4201
-37.01405,-38.30814,-39.59931,-40.88747,-42.17252,-43.45435,-44.73287,-46.00799,-47.2796,-48.54761,-50.1375,-51.40626,-52.6711,-53.93194,-55.18866,-56.44119,-57.68942,-58.93325,-60.56332,-62.20485,-65.07786,-67.595,-70.99987,-74.04791,-77.59169,-80.31561,-81.2643,-81.7295,-82.15752,-83.02562,-83.87206,-84.20443,-85,-85.26644,-86.01136,-86.73476,-87.43668,-88.11714,-88.77616,-91.0696,-91.70764,-92.89062,-94.64011,-96.97739,-97.57235,-99.33541,-101.1049,-102.8807,-104.6625,-106.45,-107.6138,-109.4055,-116.9873
147.485,148.1266,147.7867,147.4355,147.073,145.7406,146.3146,145.9187,145.5116,145.0935,144.6643,144.2241,144.7127,144.2475,143.7714,143.2843,142.7863,142.2774,143.5988,143.0614,146.1673,149.2336,152.2597,155.2447,159.0865,161.0882,159.4902,157.0009,154.5158,152.9142,150.4346,148.8308,147.2243,144.7537,143.1469,141.5383,139.9279,138.3162,136.7033,135.9234,135.9622,135.1567,135.1601,135.9573,135.9149,134.2441,134.1708,134.0767,133.9618,133.826,132.892,133.4911,139.4201
-36.77213,-38.30814,-39.59931,-40.88747,-42.17252,-43.17033,-44.73287,-46.00799,-47.2796,-48.54761,-49.81193,-51.07245,-52.6711,-53.93194,-55.18866,-56.44119,-57.68942,-58.93325,-60.95406,-62.20485,-65.07786,-68.00969,-70.99987,-74.04791,-77.59169,-80.31561,-81.2643,-81.7295,-82.15752,-83.02562,-83.38725,-84.20443,-85,-85.26644,-86.01136,-86.73476,-87.43668,-88.11714,-88.77616,-89.96573,-91.70764,-92.89062,-94.64011,-96.97739,-98.74792,-99.33541,-101.1049,-102.8807,-104.6625,-106.45,-107.6138,-110.0415,-116.9873
144.5741,148.1266,147.7867,147.4355,147.073,146.6994,146.3146,145.9187,145.5116,146.0418,144.6643,144.2241,144.7127,144.2475,143.7714,143.2843,142.7863,142.2774,142.6783,143.0614,146.1673,148.3237,152.2597,155.2447,159.0865,161.0882,159.4902,156.1139,154.5158,152.9142,151.3092,148.8308,147.2243,144.7537,143.1469,141.5383,139.9279,138.3162,136.7033,135.9234,135.9622,135.1567,135.1601,135.9573,134.2968,134.2441,134.1708,134.0767,133.9618,133.0434,132.892,132.7194,139.4201
-36.04636,-38.30814,-39.59931,-40.88747,-42.17252,-43.45435,-44.73287,-46.00799,-47.2796,-48.86492,-49.81193,-51.07245,-52.6711,-53.93194,-55.18866,-56.44119,-57.68942,-58.93325,-60.56332,-62.20485,-65.07786,-67.595,-70.99987,-74.04791,-77.59169,-80.31561,-81.2643,-81.26776,-82.15752,-83.02562,-83.87206,-84.20443,-85,-85.26644,-86.01136,-86.73476,-87.43668,-88.11714,-88.77616,-89.96573,-91.70764,-92.89062,-94.64011,-96.97739,-97.57235,-99.33541,-101.1049,-102.8807,-104.6625,-105.8275,-107.6138,-109.4055,-116.9873
144.5741,148.1266,147.7867,147.4355,147.073,146.6994,146.3146,145.9187,145.5116,145.0935,144.6643,145.1668,144.7127,144.2475,143.7714,143.2843,142.7863,143.2013,142.6783,143.0614,146.1673,148.3237,152.2597,155.2447,159.0865,161.0882,159.4902,157.0009,155.3988,152.9142,150.4346,148.8308,147.2243,144.7537,143.1469,141.5383,139.9279,138.3162,136.7033,135.9234,135.9622,135.1567,135.1601,135.1432,135.1058,134.2441,134.1708,133.2834,133.9618,133.0434,133.6691,133.4911,138.654
-36.04636,-38.30814,-39.59931,-40.88747,-42.17252,-43.45435,-44.73287,-46.00799,-47.2796,-48.54761,-49.81193,-51.40626,-52.6711,-53.93194,-55.18866,-56.44119,-57.68942,-59.31593,-60.56332,-62.20485,-65.07786,-67.595,-70.99987,-74.04791,-77.59169,-80.31561,-81.2643,-81.7295,-82.627,-83.02562,-83.38725,-84.20443,-85,-85.26644,-86.01136,-86.73476,-87.43668,-88.11714,-88.77616,-89.96573,-91.70764,-92.89062,-94.64011,-96.39669,-98.16014,-99.33541,-101.1049,-102.2719,-104.6625,-105.8275,-108.2431,-110.0415,-116.3446
145.5444,149.0947,147.7867,147.4355,147.073,146.6994,146.3146,145.9187,145.5116,145.0935,144.6643,145.1668,144.7127,144.2475,143.7714,143.2843,142.7863,142.2774,142.6783,143.0614,146.1673,148.3237,151.3534,155.2447,159.0865,161.0882,159.4902,157.0009,155.3988,152.9142,151.3092,148.8308,147.2243,145.6153,143.1469,141.5383,139.9279,138.3162,136.7033,135.9234,135.9622,135.1567,135.1601,135.1432,135.1058,134.2441,134.1708,134.0767,133.1738,133.826,132.892,133.4911,139.4201
-36.28828,-38.55852,-39.59931,-40.88747,-42.17252,-43.45435,-44.73287,-46.00799,-47.2796,-48.54761,-49.81193,-51.40626,-52.6711,-53.93194,-55.18866,-56.44119,-57.68942,-58.93325,-60.56332,-62.20485,-65.07786,-67.595,-70.57725,-74.04791,-77.59169,-80.31561,-81.2643,-81.7295,-82.627,-83.02562,-83.87206,-84.20443,-85,-85.77398,-86.01136,-86.73476,-87.43668,-88.11714,-88.77616,-89.96573,-91.70764,-92.89062,-94.64011,-96.39669,-98.16014,-99.33541,-101.1049,-102.8807,-104.0468,-106.45,-107.6138,-110.0415,-116.9873
148.4552,148.1266,147.7867,147.4355,147.073,145.7406,146.3146,145.9187,145.5116,145.0935,145.6099,145.1668,144.7127,144.2475,143.7714,143.2843,142.7863,142.2774,143.5988,143.0614,146.1673,148.3237,152.2597,155.2447,159.0865,161.0882,159.4902,157.0009,154.5158,152.9142,150.4346,148.8308,147.2243,144.7537,143.1469,141.5383,139.9279,138.3162,136.7033,135.9234,135.9622,135.1567,135.1601,135.1432,135.9149,134.2441,134.1708,134.0767,133.9618,133.826,132.892,132.7194,139.4201
-37.01405,-38.30814,-39.59931,-40.88747,-42.17252,-43.17033,-44.73287,-46.00799,-47.2796,-48.54761,-50.1375,-51.40626,-52.6711,-53.93194,-55.18866,-56.44119,-57.68942,-58.93325,-60.95406,-62.20485,-65.07786,-67.595,-70.99987,-74.04791,-77.59169,-80.31561,-81.2643,-81.7295,-82.15752,-83.02562,-83.38725,-84.20443,-85,-85.26644,-86.01136,-86.73476,-87.43668,-88.11714,-88.77616,-89.96573,-91.70764,-92.89062,-94.64011,-96.39669,-98.74792,-99.33541,-101.1049,-102.8807,-104.6625,-106.45,-107.6138,-109.4055,-116.9873
147.485,148.1266,147.7867,147.4355,147.073,146.6994,146.3146,145.9187,145.5116,146.0418,144.6643,145.1668,144.7127,144.2475,143.7714,143.2843,142.7863,142.2774,142.6783,143.0614,146.1673,148.3237,151.3534,155.2447,159.0865,161.0882,159.4902,157.0009,154.5158,152.9142,150.4346,148.8308,147.2243,144.7537,143.1469,141.5383,139.9279,138.3162,136.7033,135.9234,135.9622,135.1567,135.1601,135.1432,135.9149,134.2441,134.1708,134.0767,133.1738,133.0434,132.892,132.7194,138.654
-36.77213,-38.30814,-39.59931,-40.88747,-42.17252,-43.45435,-44.73287,-46.00799,-47.2796,-48.86492,-49.81193,-51.40626,-52.6711,-53.93194,-55.18866,-56.44119,-57.68942,-58.93325,-60.56332,-62.20485,-65.07786,-67.595,-70.57725,-74.04791,-77.59169,-80.31561,-81.2643,-81.7295,-82.15752,-83.02562,-83.38725,-84.20443,-85,-85.26644,-86.01136,-86.73476,-87.43668,-88.11714,-88.77616,-89.96573,-91.70764,-92.89062,-94.64011,-96.39669,-98.74792,-99.33541,-101.1049,-102.8807,-104.0468,-105.8275,-107.6138,-109.4055,-116.3446
148.4552,148.1266,147.7867,147.4355,147.073,146.6994,146.3146,145.9187,145.5116,145.0935,145.6099,145.1668,144.7127,144.2475,143.7714,143.2843,142.7863,142.2774,143.5988,143.0614,146.1673,148.3237,152.2597,156.1473,159.0865,161.0882,159.4902,157.0009,155.3988,152.9142,151.3092,148.8308,146.3583,144.7537,144.0041,141.5383,139.9279,138.3162,136.7033,135.9234,135.9622,135.1567,135.1601,135.1432,135.1058,134.2441,134.1708,134.0767,133.1738,133.826,133.6691,132.7194,140.1861
-37.01405,-38.30814,-39.59931,-40.88747,-42.17252,-43.45435,-44.73287,-46.00799,-47.2796,-48.54761,-50.1375,-51.40626,-52.6711,-53.93194,-55.18866,-56.44119,-57.68942,-58.93325,-60.95406,-62.20485,-65.07786,-67.595,-70.99987,-74.47842,-77.59169,-80.31561,-81.2643,-81.7295,-82.627,-83.02562,-83.87206,-84.20443,-84.5,-85.26644,-86.5264,-86.73476,-87.43668,-88.11714,-88.77616,-89.96573,-91.70764,-92.89062,-94.64011,-96.39669,-98.16014,-99.33541,-101.1049,-102.8807,-104.0468,-106.45,-108.2431,-109.4055,-117.6301
148.4552,148.1266,146.8207,147.4355,147.073,146.6994,146.3146,145.9187,145.5116,145.0935,145.6099,144.2241,144.7127,144.2475,143.7714,143.2843,142.7863,143.2013,142.6783,143.0614,146.1673,148.3237,151.3534,155.2447,159.0865,161.0882,159.4902,157.0009,155.3988,152.9142,150.4346,148.8308,147.2243,144.7537,143.1469,141.5383,139.9279,138.3162,136.7033,135.9234,135.9622,135.1567,135.1601,135.1432,135.1058,134.2441,134.1708,133.2834,133.9618,133.826,132.892,132.7194,139.4201
-37.01405,-38.30814,-39.34049,-40.88747,-42.17252,-43.45435,-44.73287,-46.00799,-47.2796,-48.54761,-50.1375,-51.07245,-52.6711,-53.93194,-55.18866,-56.44119,-57.68942,-59.31593,-60.56332,-62.20485,-65.07786,-67.595,-70.57725,-74.04791,-77.59169,-80.31561,-81.2643,-81.7295,-82.627,-83.02562,-83.38725,-84.20443,-85,-85.26644,-86.01136,-86.73476,-87.43668,-88.11714,-88.77616,-89.96573,-91.70764,-92.89062,-94.64011,-96.39669,-98.16014,-99.33541,-101.1049,-102.2719,-104.6625,-106.45,-107.6138,-109.4055,-116.9873
147.485,148.1266,147.7867,147.4355,147.073,146.6994,146.3146,145.9187,145.5116,145.0935,145.6099,144.2241,144.7127,144.2475,143.7714,143.2843,142.7863,142.2774,143.5988,143.0614,146.1673,148.3237,151.3534,155.2447,159.0865,161.0882,159.4902,157.0009,155.3988,152.9142,150.4346,148.8308,147.2243,144.7537,144.0041,141.5383,139.9279,138.3162,136.7033,135.9234,135.9622,135.1567,135.1601,135.1432,135.1058,135.048,134.1708,134.0767,133.9618,133.0434,133.6691,133.4911,139.4201
-36.77213,-38.30814,-39.59931,-40.88747,-42.17252,-43.45435,-44.73287,-46.00799,-47.2796,-48.54761,-50.1375,-51.07245,-52.6711,-53.93194,-55.18866,-56.44119,-57.68942,-58.93325,-60.95406,-62.20485,-65.07786,-67.595,-70.57725,-74.04791,-77.59169,-80.31561,-81.2643,-81.7295,-82.627,-83.02562,-83.38725,-84.20443,-85,-85.26644,-86.5264,-86.73476,-87.43668,-88.11714,-88.77616,-89.96573,-91.70764,-92.89062,-94.64011,-96.39669,-98.16014,-99.93023,-101.1049,-102.8807,-104.6625,-105.8275,-108.2431,-110.0415,-116.9873
