113.9002,115.3114,116.7219,117.2364,117.742,118.2387,118.7263,119.2049,120.588,121.0519,121.5066,121.9521,123.3155,123.7455,124.1662,124.5774,125.9188,126.314,126.6995,128.0237,129.3437,139.2427,147.2709,154.37,153.8019,153.2172,152.6163,152.9673,152.3364,151.6897,151.0274,150.3496,149.6566,149.9285,149.2073,148.4715,147.7212,146.9566,147.1656,146.3743,146.5597,144.7509,144.9117,146.0551,147.1892,148.314,149.4292,150.5345,151.6297,151.7165,152.7903,154.8525,155.905,156.9462,156.9761,157.994,160,160.9939
60.56183,60.02732,59.47276,58.45191,57.42662,56.39695,55.36299,54.32481,53.68924,52.63488,51.57651,50.51421,49.82268,48.74466,47.66294,46.57758,45.8307,44.73012,43.62613,42.83613,42.02631,43.90305,45.02524,45.72647,44.10198,42.4909,40.89341,39.56004,37.98174,36.41748,34.86741,33.3317,31.81049,30.50329,29.00297,27.51756,26.04723,24.59209,23.30874,21.87579,20.59762,19.05682,17.79292,16.64087,15.47021,14.28102,13.07336,11.84732,10.60298,9.279378,8.007401,6.761005,5.444321,4.109781,2.740028,1.378793,0,-1.404972
113.9002,116.1984,116.7219,117.2364,117.742,118.2387,118.7263,120.1149,120.588,121.0519,121.5066,122.876,123.3155,123.7455,124.1662,124.5774,125.9188,126.314,126.6995,128.0237,129.3437,139.2427,147.2709,153.4112,153.8019,153.2172,152.6163,152.9673,152.3364,151.6897,151.0274,150.3496,149.6566,149.9285,149.2073,148.4715,147.7212,147.9428,147.1656,147.3634,146.5597,144.7509,144.9117,146.0551,147.1892,148.314,149.4292,149.5376,150.6322,152.7146,152.7903,154.8525,155.905,156.9462,157.9759,157.994,162,159.9939
60.56183,60.48907,59.47276,58.45191,57.42662,56.39695,55.36299,54.73951,53.68924,52.63488,51.57651,50.8969,49.82268,48.74466,47.66294,46.57758,45.8307,44.73012,43.62613,42.83613,42.02631,43.90305,45.02524,45.44246,44.10198,42.4909,40.89341,39.56004,37.98174,36.41748,34.86741,33.3317,31.81049,30.50329,29.00297,27.51756,26.04723,24.75714,23.30874,22.0236,20.59762,19.05682,17.79292,16.64087,15.47021,14.28102,13.07336,11.76886,10.53323,9.340427,8.007401,6.761005,5.444321,4.109781,2.75748,1.378793,0,-1.396246
113.9002,116.1984,116.7219,117.2364,117.742,118.2387,118.7263,119.2049,120.588,121.0519,122.4271,121.9521,123.3155,123.7455,124.1662,124.5774,125.9188,126.314,126.6995,128.0237,129.3437,139.2427,147.2709,154.37,153.8019,154.1809,152.6163,152.9673,152.3364,151.6897,151.0274,150.3496,150.6347,148.9486,149.2073,148.4715,148.706,146.9566,147.1656,146.3743,146.5597,144.7509,144.9117,146.0551,147.1892,148.314,148.433,150.5345,151.6297,152.7146,153.7889,154.8525,155.905,156.9462,156.9761,157.994,160,160.9939
60.56183,60.48907,59.47276,58.45191,57.42662,56.39695,55.36299,54.32481,53.68924,52.63488,51.96724,50.51421,49.82268,48.74466,47.66294,46.57758,45.8307,44.73012,43.62613,42.83613,42.02631,43.90305,45.02524,45.72647,44.10198,42.75814,40.89341,39.56004,37.98174,36.41748,34.86741,33.3317,32.0184,30.30393,29.00297,27.51756,26.22087,24.59209,23.30874,21.87579,20.59762,19.05682,17.79292,16.64087,15.47021,14.28102,12.98621,11.84732,10.60298,9.340427,8.059737,6.761005,5.444321,4.109781,2.740028,1.378793,0,-1.404972
113.9002,116.1984,116.7219,117.2364,117.742,118.2387,118.7263,120.1149,119.6745,121.0519,121.5066,121.9521,123.3155,123.7455,124.1662,124.5774,125.9188,126.314,127.645,127.0754,129.3437,138.289,147.2709,153.4112,153.8019,153.2172,152.6163,152.9673,152.3364,151.6897,151.0274,150.3496,149.6566,149.9285,149.2073,148.4715,147.7212,147.9428,147.1656,146.3743,146.5597,144.7509,144.9117,146.0551,147.1892,148.314,149.4292,150.5345,150.6322,152.7146,152.7903,154.8525,155.905,155.9465,156.9761,157.994,160,160.9939
60.56183,60.48907,59.47276,58.45191,57.42662,56.39695,55.36299,54.73951,53.2825,52.63488,51.57651,50.51421,49.82268,48.74466,47.66294,46.57758,45.8307,44.73012,43.9517,42.51882,42.02631,43.60234,45.02524,45.44246,44.10198,42.4909,40.89341,39.56004,37.98174,36.41748,34.86741,33.3317,31.81049,30.50329,29.00297,27.51756,26.04723,24.75714,23.30874,21.87579,20.59762,19.05682,17.79292,16.64087,15.47021,14.28102,13.07336,11.84732,10.53323,9.340427,8.007401,6.761005,5.444321,4.083604,2.740028,1.378793,0,-1.404972
113.9002,116.1984,116.7219,117.2364,117.742,118.2387,118.7263,119.2049,120.588,121.0519,121.5066,121.9521,122.3883,123.7455,124.1662,124.5774,125.9188,126.314,126.6995,128.0237,129.3437,138.289,147.2709,153.4112,153.8019,154.1809,152.6163,152.9673,152.3364,151.6897,151.0274,150.3496,149.6566,148.9486,149.2073,148.4715,147.7212,147.9428,147.1656,146.3743,144.5791,144.7509,144.9117,146.0551,147.1892,148.314,149.4292,150.5345,151.6297,152.7146,153.7889,154.8525,155.905,156.9462,156.9761,157.994,160,159.9939
60.56183,60.48907,59.47276,58.45191,57.42662,56.39695,55.36299,54.32481,53.68924,52.63488,51.57651,50.51421,49.44807,48.74466,47.66294,46.57758,45.8307,44.73012,43.62613,42.83613,42.02631,43.60234,45.02524,45.44246,44.10198,42.75814,40.89341,39.56004,37.98174,36.41748,34.86741,33.3317,31.81049,30.30393,29.00297,27.51756,26.04723,24.75714,23.30874,21.87579,20.31927,19.05682,17.79292,16.64087,15.47021,14.28102,13.07336,11.84732,10.60298,9.340427,8.059737,6.761005,5.444321,4.109781,2.740028,1.378793,0,-1.396246
113.9002,116.1984,116.7219,117.2364,117.742,118.2387,118.7263,119.2049,120.588,121.0519,121.5066,121.9521,123.3155,123.7455,124.1662,125.5141,125.9188,126.314,126.6995,128.0237,128.3926,139.2427,147.2709,153.4112,153.8019,154.1809,152.6163,152.9673,152.3364,151.6897,151.0274,150.3496,149.6566,148.9486,149.2073,148.4715,147.7212,147.9428,147.1656,146.3743,146.5597,144.7509,144.9117,146.0551,147.1892,148.314,149.4292,149.5376,151.6297,152.7146,153.7889,154.8525,155.905,156.9462,156.9761,157.994,160,159.9939
60.56183,60.48907,59.47276,58.45191,57.42662,56.39695,55.36299,54.32481,53.68924,52.63488,51.57651,50.51421,49.82268,48.74466,47.66294,46.92779,45.8307,44.73012,43.62613,42.83613,41.71729,43.90305,45.02524,45.44246,44.10198,42.75814,40.89341,39.56004,37.98174,36.41748,34.86741,33.3317,31.81049,30.30393,29.00297,27.51756,26.04723,24.75714,23.30874,21.87579,20.59762,19.05682,17.79292,16.64087,15.47021,14.28102,13.07336,11.76886,10.60298,9.340427,8.059737,6.761005,5.444321,4.109781,2.740028,1.378793,0,-1.396246
113.9002,116.1984,116.7219,117.2364,117.742,118.2387,118.7263,119.2049,120.588,120.1349,121.5066,121.9521,123.3155,123.7455,124.1662,124.5774,125.9188,126.314,126.6995,128.0237,129.3437,139.2427,147.2709,154.37,153.8019,153.2172,152.6163,152.9673,152.3364,151.6897,151.0274,150.3496,149.6566,148.9486,149.2073,148.4715,147.7212,147.9428,147.1656,147.3634,146.5597,144.7509,144.9117,146.0551,147.1892,148.314,149.4292,150.5345,150.6322,152.7146,153.7889,154.8525,155.905,156.9462,156.9761,157.994,162,159.9939
60.56183,60.48907,59.47276,58.45191,57.42662,56.39695,55.36299,54.32481,53.68924,52.23613,51.57651,50.51421,49.82268,48.74466,47.66294,46.57758,45.8307,44.73012,43.62613,42.83613,42.02631,43.90305,45.02524,45.72647,44.10198,42.4909,40.89341,39.56004,37.98174,36.41748,34.86741,33.3317,31.81049,30.30393,29.00297,27.51756,26.04723,24.75714,23.30874,22.0236,20.59762,19.05682,17.79292,16.64087,15.47021,14.28102,13.07336,11.84732,10.53323,9.340427,8.059737,6.761005,5.444321,4.109781,2.740028,1.378793,0,-1.396246
113.9002,116.1984,115.8308,117.2364,117.742,118.2387,119.6326,120.1149,120.588,121.0519,121.5066,121.9521,123.3155,123.7455,124.1662,124.5774,125.9188,126.314,126.6995,128.0237,129.3437,139.2427,147.2709,153.4112,153.8019,153.2172,152.6163,152.9673,152.3364,151.6897,151.0274,150.3496,149.6566,148.9486,149.2073,148.4715,147.7212,147.9428,147.1656,146.3743,144.5791,144.7509,144.9117,146.0551,147.1892,148.314,149.4292,150.5345,151.6297,152.7146,153.7889,154.8525,155.905,156.9462,156.9761,157.994,160,160.9939
60.56183,60.48907,59.01876,58.45191,57.42662,56.39695,55.78561,54.73951,53.68924,52.63488,51.57651,50.51421,49.82268,48.74466,47.66294,46.57758,45.8307,44.73012,43.62613,42.83613,42.02631,43.90305,45.02524,45.44246,44.10198,42.4909,40.89341,39.56004,37.98174,36.41748,34.86741,33.3317,31.81049,30.30393,29.00297,27.51756,26.04723,24.75714,23.30874,21.87579,20.31927,19.05682,17.79292,16.64087,15.47021,14.28102,13.07336,11.84732,10.60298,9.340427,8.059737,6.761005,5.444321,4.109781,2.740028,1.378793,0,-1.404972
113.9002,116.1984,116.7219,117.2364,117.742,118.2387,119.6326,120.1149,120.588,121.0519,121.5066,121.9521,123.3155,123.7455,124.1662,124.5774,125.9188,126.314,126.6995,128.0237,129.3437,138.289,148.2272,153.4112,153.8019,153.2172,152.6163,151.9992,152.3364,151.6897,151.0274,150.3496,149.6566,149.9285,149.2073,148.4715,147.7212,147.9428,147.1656,147.3634,146.5597,144.7509,144.9117,146.0551,147.1892,148.314,149.4292,149.5376,150.6322,151.7165,153.7889,154.8525,155.905,156.9462,157.9759,157.994,160,160.9939
60.56183,60.48907,59.47276,58.45191,57.42662,56.39695,55.78561,54.73951,53.68924,52.63488,51.57651,50.51421,49.82268,48.74466,47.66294,46.57758,45.8307,44.73012,43.62613,42.83613,42.02631,43.60234,45.31761,45.44246,44.10198,42.4909,40.89341,39.30966,37.98174,36.41748,34.86741,33.3317,31.81049,30.50329,29.00297,27.51756,26.04723,24.75714,23.30874,22.0236,20.59762,19.05682,17.79292,16.64087,15.47021,14.28102,13.07336,11.76886,10.53323,9.279378,8.059737,6.761005,5.444321,4.109781,2.75748,1.378793,0,-1.404972
113.9002,116.1984,116.7219,117.2364,117.742,118.2387,119.6326,119.2049,120.588,121.0519,121.5066,121.9521,122.3883,123.7455,124.1662,125.5141,124.9791,126.314,126.6995,128.0237,129.3437,139.2427,147.2709,153.4112,153.8019,153.2172,152.6163,152.9673,152.3364,151.6897,151.0274,150.3496,149.6566,149.9285,149.2073,148.4715,148.706,146.9566,147.1656,146.3743,144.5791,144.7509,144.9117,146.0551,147.1892,148.314,149.4292,150.5345,151.6297,151.7165,152.7903,154.8525,155.905,156.9462,156.9761,157.994,160,159.9939
60.56183,60.48907,59.47276,58.45191,57.42662,56.39695,55.78561,54.32481,53.68924,52.63488,51.57651,50.51421,49.44807,48.74466,47.66294,46.92779,45.48868,44.73012,43.62613,42.83613,42.02631,43.90305,45.02524,45.44246,44.10198,42.4909,40.89341,39.56004,37.98174,36.41748,34.86741,33.3317,31.81049,30.50329,29.00297,27.51756,26.22087,24.59209,23.30874,21.87579,20.31927,19.05682,17.79292,16.64087,15.47021,14.28102,13.07336,11.84732,10.60298,9.279378,8.007401,6.761005,5.444321,4.109781,2.740028,1.378793,0,-1.396246
113.9002,116.1984,116.7219,117.2364,117.742,118.2387,118.7263,120.1149,120.588,121.0519,121.5066,122.876,123.3155,123.7455,124.1662,125.5141,125.9188,126.314,126.6995,128.0237,129.3437,138.289,148.2272,153.4112,153.8019,153.2172,152.6163,152.9673,152.3364,151.6897,151.0274,150.3496,149.6566,148.9486,149.2073,148.4715,148.706,147.9428,147.1656,147.3634,146.5597,144.7509,144.9117,147.0486,147.1892,148.314,149.4292,149.5376,151.6297,152.7146,153.7889,154.8525,154.9056,156.9462,156.9761,157.994,160,160.9939
60.56183,60.48907,59.47276,58.45191,57.42662,56.39695,55.36299,54.73951,53.68924,52.63488,51.57651,50.8969,49.82268,48.74466,47.66294,46.92779,45.8307,44.73012,43.62613,42.83613,42.02631,43.60234,45.31761,45.44246,44.10198,42.4909,40.89341,39.56004,37.98174,36.41748,34.86741,33.3317,31.81049,30.30393,29.00297,27.51756,26.22087,24.75714,23.30874,22.0236,20.59762,19.05682,17.79292,16.75408,15.47021,14.28102,13.07336,11.76886,10.60298,9.340427,8.059737,6.761005,5.409422,4.109781,2.740028,1.378793,0,-1.404972
113.9002,116.1984,116.7219,117.2364,117.742,118.2387,118.7263,120.1149,120.588,121.0519,121.5066,121.9521,123.3155,123.7455,124.1662,125.5141,125.9188,126.314,126.6995,128.0237,129.3437,139.2427,147.2709,153.4112,153.8019,153.2172,152.6163,152.9673,152.3364,151.6897,151.0274,150.3496,149.6566,149.9285,149.2073,148.4715,147.7212,147.9428,147.1656,146.3743,146.5597,144.7509,144.9117,146.0551,147.1892,148.314,149.4292,150.5345,150.6322,152.7146,152.7903,153.8534,154.9056,156.9462,156.9761,157.994,160,160.9939
60.56183,60.48907,59.47276,58.45191,57.42662,56.39695,55.36299,54.73951,53.68924,52.63488,51.57651,50.51421,49.82268,48.74466,47.66294,46.92779,45.8307,44.73012,43.62613,42.83613,42.02631,43.90305,45.02524,45.44246,44.10198,42.4909,40.89341,39.56004,37.98174,36.41748,34.86741,33.3317,31.81049,30.50329,29.00297,27.51756,26.04723,24.75714,23.30874,21.87579,20.59762,19.05682,17.79292,16.64087,15.47021,14.28102,13.07336,11.84732,10.53323,9.340427,8.007401,6.717386,5.409422,4.109781,2.740028,1.378793,0,-1.404972
113.9002,116.1984,116.7219,117.2364,117.742,118.2387,118.7263,120.1149,119.6745,121.0519,121.5066,122.876,123.3155,123.7455,124.1662,124.5774,125.9188,126.314,126.6995,128.0237,129.3437,139.2427,147.2709,153.4112,154.7631,154.1809,152.6163,152.9673,152.3364,151.6897,151.0274,150.3496,149.6566,149.9285,149.2073,148.4715,147.7212,147.9428,147.1656,147.3634,144.5791,144.7509,144.9117,146.0551,147.1892,148.314,149.4292,150.5345,151.6297,152.7146,153.7889,154.8525,155.905,156.9462,157.9759,157.994,160,159.9939
60.56183,60.48907,59.47276,58.45191,57.42662,56.39695,55.36299,54.73951,53.2825,52.63488,51.57651,50.8969,49.82268,48.74466,47.66294,46.57758,45.8307,44.73012,43.62613,42.83613,42.02631,43.90305,45.02524,45.44246,44.37761,42.75814,40.89341,39.56004,37.98174,36.41748,34.86741,33.3317,31.81049,30.50329,29.00297,27.51756,26.04723,24.75714,23.30874,22.0236,20.31927,19.05682,17.79292,16.64087,15.47021,14.28102,13.07336,11.84732,10.60298,9.340427,8.059737,6.761005,5.444321,4.109781,2.75748,1.378793,0,-1.396246
113.9002,116.1984,116.7219,117.2364,117.742,118.2387,118.7263,120.1149,120.588,121.0519,121.5066,121.9521,123.3155,123.7455,124.1662,125.5141,125.9188,126.314,126.6995,128.0237,129.3437,139.2427,147.2709,153.4112,153.8019,154.1809,152.6163,152.9673,152.3364,151.6897,151.0274,150.3496,149.6566,149.9285,149.2073,148.4715,148.706,147.9428,147.1656,146.3743,146.5597,144.7509,144.9117,146.0551,147.1892,148.314,149.4292,150.5345,150.6322,152.7146,153.7889,154.8525,155.905,156.9462,156.9761,157.994,160,160.9939
60.56183,60.48907,59.47276,58.45191,57.42662,56.39695,55.36299,54.73951,53.68924,52.63488,51.57651,50.51421,49.82268,48.74466,47.66294,46.92779,45.8307,44.73012,43.62613,42.83613,42.02631,43.90305,45.02524,45.44246,44.10198,42.75814,40.89341,39.56004,37.98174,36.41748,34.86741,33.3317,31.81049,30.50329,29.00297,27.51756,26.22087,24.75714,23.30874,21.87579,20.59762,19.05682,17.79292,16.64087,15.47021,14.28102,13.07336,11.84732,10.53323,9.340427,8.059737,6.761005,5.444321,4.109781,2.740028,1.378793,0,-1.404972
113.9002,116.1984,116.7219,117.2364,117.742,118.2387,118.7263,119.2049,120.588,121.0519,121.5066,122.876,123.3155,123.7455,124.1662,125.5141,125.9188,126.314,126.6995,128.0237,129.3437,139.2427,147.2709,154.37,153.8019,153.2172,152.6163,151.9992,152.3364,151.6897,151.0274,150.3496,149.6566,148.9486,149.2073,148.4715,147.7212,147.9428,147.1656,146.3743,146.5597,144.7509,144.9117,146.0551,147.1892,148.314,149.4292,150.5345,151.6297,151.7165,152.7903,154.8525,155.905,156.9462,157.9759,157.994,160,160.9939
60.56183,60.48907,59.47276,58.45191,57.42662,56.39695,55.36299,54.32481,53.68924,52.63488,51.57651,50.8969,49.82268,48.74466,47.66294,46.92779,45.8307,44.73012,43.62613,42.83613,42.02631,43.90305,45.02524,45.72647,44.10198,42.4909,40.89341,39.30966,37.98174,36.41748,34.86741,33.3317,31.81049,30.30393,29.00297,27.51756,26.04723,24.75714,23.30874,21.87579,20.59762,19.05682,17.79292,16.64087,15.47021,14.28102,13.07336,11.84732,10.60298,9.279378,8.007401,6.761005,5.444321,4.109781,2.75748,1.378793,0,-1.404972
113.0173,116.1984,116.7219,117.2364,117.742,118.2387,118.7263,120.1149,120.588,121.0519,121.5066,121.9521,123.3155,123.7455,124.1662,124.5774,125.9188,126.314,126.6995,128.0237,129.3437,139.2427,147.2709,154.37,153.8019,153.2172,152.6163,152.9673,152.3364,151.6897,151.0274,150.3496,149.6566,149.9285,148.2257,148.4715,147.7212,147.9428,147.1656,147.3634,146.5597,144.7509,144.9117,146.0551,147.1892,148.314,149.4292,150.5345,151.6297,151.7165,152.7903,154.8525,155.905,156.9462,156.9761,157.994,162,160.9939
60.09236,60.48907,59.47276,58.45191,57.42662,56.39695,55.36299,54.73951,53.68924,52.63488,51.57651,50.51421,49.82268,48.74466,47.66294,46.57758,45.8307,44.73012,43.62613,42.83613,42.02631,43.90305,45.02524,45.72647,44.10198,42.4909,40.89341,39.56004,37.98174,36.41748,34.86741,33.3317,31.81049,30.50329,28.81216,27.51756,26.04723,24.75714,23.30874,22.0236,20.59762,19.05682,17.79292,16.64087,15.47021,14.28102,13.07336,11.84732,10.60298,9.279378,8.007401,6.761005,5.444321,4.109781,2.740028,1.378793,0,-1.404972
113.9002,116.1984,116.7219,117.2364,117.742,118.2387,118.7263,120.1149,120.588,121.0519,121.5066,121.9521,123.3155,123.7455,124.1662,125.5141,125.9188,126.314,127.645,127.0754,129.3437,139.2427,147.2709,154.37,153.8019,154.1809,152.6163,152.9673,152.3364,151.6897,151.0274,150.3496,149.6566,148.9486,149.2073,148.4715,147.7212,147.9428,147.1656,146.3743,146.5597,144.7509,144.9117,146.0551,147.1892,148.314,149.4292,150.5345,151.6297,152.7146,153.7889,154.8525,155.905,156.9462,156.9761,157.994,160,159.9939
60.56183,60.48907,59.47276,58.45191,57.42662,56.39695,55.36299,54.73951,53.68924,52.63488,51.57651,50.51421,49.82268,48.74466,47.66294,46.92779,45.8307,44.73012,43.9517,42.51882,42.02631,43.90305,45.02524,45.72647,44.10198,42.75814,40.89341,39.56004,37.98174,36.41748,34.86741,33.3317,31.81049,30.30393,29.00297,27.51756,26.04723,24.75714,23.30874,21.87579,20.59762,19.05682,17.79292,16.64087,15.47021,14.28102,13.07336,11.84732,10.60298,9.340427,8.059737,6.761005,5.444321,4.109781,2.740028,1.378793,0,-1.396246
113.9002,116.1984,116.7219,117.2364,117.742,118.2387,118.7263,120.1149,120.588,121.0519,121.5066,122.876,122.3883,123.7455,124.1662,124.5774,125.9188,125.3713,126.6995,128.0237,129.3437,139.2427,147.2709,154.37,153.8019,154.1809,152.6163,152.9673,152.3364,151.6897,151.0274,150.3496,149.6566,149.9285,149.2073,148.4715,147.7212,147.9428,147.1656,146.3743,146.5597,144.7509,144.9117,146.0551,147.1892,148.314,149.4292,150.5345,150.6322,151.7165,152.7903,154.8525,155.905,156.9462,156.9761,157.994,160,159.9939
60.56183,60.48907,59.47276,58.45191,57.42662,56.39695,55.36299,54.73951,53.68924,52.63488,51.57651,50.8969,49.44807,48.74466,47.66294,46.57758,45.8307,44.39631,43.62613,42.83613,42.02631,43.90305,45.02524,45.72647,44.10198,42.75814,40.89341,39.56004,37.98174,36.41748,34.86741,33.3317,31.81049,30.50329,29.00297,27.51756,26.04723,24.75714,23.30874,21.87579,20.59762,19.05682,17.79292,16.64087,15.47021,14.28102,13.07336,11.84732,10.53323,9.279378,8.007401,6.761005,5.444321,4.109781,2.740028,1.378793,0,-1.396246
113.9002,116.1984,116.7219,117.2364,117.742,118.2387,118.7263,120.1149,120.588,121.0519,121.5066,122.876,123.3155,123.7455,124.1662,124.5774,125.9188,126.314,126.6995,128.0237,129.3437,139.2427,147.2709,154.37,153.8019,153.2172,152.6163,152.9673,152.3364,151.6897,151.0274,150.3496,149.6566,149.9285,149.2073,148.4715,147.7212,147.9428,147.1656,147.3634,146.5597,144.7509,144.9117,146.0551,147.1892,148.314,149.4292,150.5345,150.6322,151.7165,153.7889,153.8534,155.905,156.9462,155.9762,157.994,160,160.9939
60.56183,60.48907,59.47276,58.45191,57.42662,56.39695,55.36299,54.73951,53.68924,52.63488,51.57651,50.8969,49.82268,48.74466,47.66294,46.57758,45.8307,44.73012,43.62613,42.83613,42.02631,43.90305,45.02524,45.72647,44.10198,42.4909,40.89341,39.56004,37.98174,36.41748,34.86741,33.3317,31.81049,30.50329,29.00297,27.51756,26.04723,24.75714,23.30874,22.0236,20.59762,19.05682,17.79292,16.64087,15.47021,14.28102,13.07336,11.84732,10.53323,9.279378,8.059737,6.717386,5.444321,4.109781,2.722575,1.378793,0,-1.404972
113.9002,116.1984,115.8308,117.2364,117.742,118.2387,118.7263,119.2049,120.588,121.0519,121.5066,121.9521,123.3155,123.7455,124.1662,124.5774,125.9188,126.314,127.645,128.0237,129.3437,138.289,148.2272,154.37,153.8019,153.2172,151.6504,152.9673,152.3364,151.6897,151.0274,150.3496,149.6566,148.9486,149.2073,148.4715,148.706,146.9566,147.1656,146.3743,146.5597,144.7509,146.8968,146.0551,147.1892,148.314,149.4292,150.5345,151.6297,151.7165,152.7903,154.8525,155.905,156.9462,157.9759,157.994,160,160.9939
60.56183,60.48907,59.01876,58.45191,57.42662,56.39695,55.36299,54.32481,53.68924,52.63488,51.57651,50.51421,49.82268,48.74466,47.66294,46.57758,45.8307,44.73012,43.9517,42.83613,42.02631,43.60234,45.31761,45.72647,44.10198,42.4909,40.63459,39.56004,37.98174,36.41748,34.86741,33.3317,31.81049,30.30393,29.00297,27.51756,26.22087,24.59209,23.30874,21.87579,20.59762,19.05682,18.03666,16.64087,15.47021,14.28102,13.07336,11.84732,10.60298,9.279378,8.007401,6.761005,5.444321,4.109781,2.75748,1.378793,0,-1.404972
113.9002,116.1984,116.7219,117.2364,117.742,118.2387,118.7263,119.2049,120.588,121.0519,121.5066,122.876,123.3155,123.7455,124.1662,125.5141,124.9791,126.314,126.6995,128.0237,129.3437,138.289,147.2709,154.37,153.8019,153.2172,152.6163,152.9673,152.3364,151.6897,151.0274,150.3496,149.6566,149.9285,149.2073,148.4715,147.7212,147.9428,147.1656,146.3743,146.5597,144.7509,144.9117,146.0551,147.1892,148.314,149.4292,150.5345,151.6297,152.7146,153.7889,154.8525,155.905,156.9462,157.9759,157.994,160,160.9939
60.56183,60.48907,59.47276,58.45191,57.42662,56.39695,55.36299,54.32481,53.68924,52.63488,51.57651,50.8969,49.82268,48.74466,47.66294,46.92779,45.48868,44.73012,43.62613,42.83613,42.02631,43.60234,45.02524,45.72647,44.10198,42.4909,40.89341,39.56004,37.98174,36.41748,34.86741,33.3317,31.81049,30.50329,29.00297,27.51756,26.04723,24.75714,23.30874,21.87579,20.59762,19.05682,17.79292,16.64087,15.47021,14.28102,13.07336,11.84732,10.60298,9.340427,8.059737,6.761005,5.444321,4.109781,2.75748,1.378793,0,-1.404972
113.9002,116.1984,116.7219,117.2364,117.742,118.2387,119.6326,119.2049,120.588,121.0519,122.4271,121.9521,123.3155,123.7455,124.1662,125.5141,125.9188,126.314,126.6995,128.0237,129.3437,139.2427,147.2709,153.4112,153.8019,153.2172,152.6163,152.9673,152.3364,151.6897,151.0274,150.3496,149.6566,149.9285,149.2073,148.4715,147.7212,147.9428,147.1656,146.3743,146.5597,144.7509,144.9117,146.0551,147.1892,148.314,149.4292,150.5345,150.6322,152.7146,153.7889,153.8534,155.905,156.9462,156.9761,157.994,160,160.9939
60.56183,60.48907,59.47276,58.45191,57.42662,56.39695,55.78561,54.32481,53.68924,52.63488,51.96724,50.51421,49.82268,48.74466,47.66294,46.92779,45.8307,44.73012,43.62613,42.83613,42.02631,43.90305,45.02524,45.44246,44.10198,42.4909,40.89341,39.56004,37.98174,36.41748,34.86741,33.3317,31.81049,30.50329,29.00297,27.51756,26.04723,24.75714,23.30874,21.87579,20.59762,19.05682,17.79292,16.64087,15.47021,14.28102,13.07336,11.84732,10.53323,9.340427,8.059737,6.717386,5.444321,4.109781,2.740028,1.378793,0,-1.404972
113.9002,116.1984,115.8308,117.2364,117.742,118.2387,118.7263,120.1149,120.588,121.0519,121.5066,121.9521,122.3883,123.7455,124.1662,125.5141,125.9188,126.314,127.645,128.0237,129.3437,138.289,148.2272,153.4112,153.8019,153.2172,152.6163,152.9673,152.3364,151.6897,151.0274,150.3496,149.6566,149.9285,149.2073,148.4715,147.7212,147.9428,147.1656,146.3743,146.5597,144.7509,144.9117,146.0551,147.1892,148.314,149.4292,150.5345,150.6322,152.7146,152.7903,154.8525,155.905,156.9462,156.9761,157.994,160,159.9939
60.56183,60.48907,59.01876,58.45191,57.42662,56.39695,55.36299,54.73951,53.68924,52.63488,51.57651,50.51421,49.44807,48.74466,47.66294,46.92779,45.8307,44.73012,43.9517,42.83613,42.02631,43.60234,45.31761,45.44246,44.10198,42.4909,40.89341,39.56004,37.98174,36.41748,34.86741,33.3317,31.81049,30.50329,29.00297,27.51756,26.04723,24.75714,23.30874,21.87579,20.59762,19.05682,17.79292,16.64087,15.47021,14.28102,13.07336,11.84732,10.53323,9.340427,8.007401,6.761005,5.444321,4.109781,2.740028,1.378793,0,-1.396246
113.9002,115.3114,116.7219,117.2364,117.742,118.2387,118.7263,119.2049,120.588,121.0519,121.5066,121.9521,123.3155,123.7455,124.1662,124.5774,125.9188,126.314,126.6995,128.0237,129.3437,139.2427,147.2709,154.37,153.8019,153.2172,152.6163,152.9673,152.3364,151.6897,151.0274,150.3496,149.6566,148.9486,149.2073,148.4715,147.7212,147.9428,147.1656,146.3743,146.5597,144.7509,144.9117,146.0551,147.1892,148.314,149.4292,150.5345,151.6297,152.7146,153.7889,154.8525,155.905,156.9462,157.9759,157.994,160,159.9939
60.56183,60.02732,59.47276,58.45191,57.42662,56.39695,55.36299,54.32481,53.68924,52.63488,51.57651,50.51421,49.82268,48.74466,47.66294,46.57758,45.8307,44.73012,43.62613,42.83613,42.02631,43.90305,45.02524,45.72647,44.10198,42.4909,40.89341,39.56004,37.98174,36.41748,34.86741,33.3317,31.81049,30.30393,29.00297,27.51756,26.04723,24.75714,23.30874,21.87579,20.59762,19.05682,17.79292,16.64087,15.47021,14.28102,13.07336,11.84732,10.60298,9.340427,8.059737,6.761005,5.444321,4.109781,2.75748,1.378793,0,-1.396246
113.9002,115.3114,116.7219,117.2364,117.742,118.2387,118.7263,119.2049,120.588,121.0519,121.5066,122.876,123.3155,123.7455,124.1662,125.5141,125.9188,126.314,126.6995,128.0237,129.3437,138.289,147.2709,154.37,153.8019,153.2172,152.6163,152.9673,152.3364,151.6897,151.0274,150.3496,149.6566,149.9285,149.2073,148.4715,147.7212,147.9428,147.1656,146.3743,146.5597,144.7509,144.9117,146.0551,147.1892,148.314,149.4292,150.5345,151.6297,152.7146,153.7889,153.8534,155.905,156.9462,157.9759,157.994,160,160.9939
60.56183,60.02732,59.47276,58.45191,57.42662,56.39695,55.36299,54.32481,53.68924,52.63488,51.57651,50.8969,49.82268,48.74466,47.66294,46.92779,45.8307,44.73012,43.62613,42.83613,42.02631,43.60234,45.02524,45.72647,44.10198,42.4909,40.89341,39.56004,37.98174,36.41748,34.86741,33.3317,31.81049,30.50329,29.00297,27.51756,26.04723,24.75714,23.30874,21.87579,20.59762,19.05682,17.79292,16.64087,15.47021,14.28102,13.07336,11.84732,10.60298,9.340427,8.059737,6.717386,5.444321,4.109781,2.75748,1.378793,0,-1.404972
113.9002,116.1984,116.7219,117.2364,117.742,118.2387,118.7263,119.2049,120.588,121.0519,121.5066,122.876,123.3155,123.7455,124.1662,125.5141,125.9188,126.314,126.6995,128.0237,129.3437,139.2427,147.2709,153.4112,153.8019,153.2172,152.6163,152.9673,152.3364,151.6897,151.0274,150.3496,149.6566,148.9486,148.2257,148.4715,147.7212,147.9428,147.1656,146.3743,146.5597,144.7509,144.9117,146.0551,147.1892,148.314,149.4292,150.5345,150.6322,152.7146,153.7889,153.8534,154.9056,156.9462,156.9761,157.994,160,160.9939
60.56183,60.48907,59.47276,58.45191,57.42662,56.39695,55.36299,54.32481,53.68924,52.63488,51.57651,50.8969,49.82268,48.74466,47.66294,46.92779,45.8307,44.73012,43.62613,42.83613,42.02631,43.90305,45.02524,45.44246,44.10198,42.4909,40.89341,39.56004,37.98174,36.41748,34.86741,33.3317,31.81049,30.30393,28.81216,27.51756,26.04723,24.75714,23.30874,21.87579,20.59762,19.05682,17.79292,16.64087,15.47021,14.28102,13.07336,11.84732,10.53323,9.340427,8.059737,6.717386,5.409422,4.109781,2.740028,1.378793,0,-1.404972
113.9002,115.3114,116.7219,117.2364,117.742,118.2387,118.7263,120.1149,120.588,121.0519,121.5066,122.876,123.3155,123.7455,124.1662,124.5774,125.9188,126.314,126.6995,128.0237,129.3437,139.2427,147.2709,155.3288,153.8019,153.2172,152.6163,151.9992,152.3364,151.6897,151.0274,150.3496,149.6566,149.9285,149.2073,148.4715,147.7212,147.9428,147.1656,146.3743,144.5791,144.7509,144.9117,146.0551,147.1892,148.314,149.4292,150.5345,150.6322,151.7165,152.7903,153.8534,155.905,156.9462,157.9759,157.994,160,159.9939
60.56183,60.02732,59.47276,58.45191,57.42662,56.39695,55.36299,54.73951,53.68924,52.63488,51.57651,50.8969,49.82268,48.74466,47.66294,46.57758,45.8307,44.73012,43.62613,42.83613,42.02631,43.90305,45.02524,46.01049,44.10198,42.4909,40.89341,39.30966,37.98174,36.41748,34.86741,33.3317,31.81049,30.50329,29.00297,27.51756,26.04723,24.75714,23.30874,21.87579,20.31927,19.05682,17.79292,16.64087,15.47021,14.28102,13.07336,11.84732,10.53323,9.279378,8.007401,6.717386,5.444321,4.109781,2.75748,1.378793,0,-1.396246
113.9002,115.3114,116.7219,116.3415,117.742,118.2387,118.7263,119.2049,120.588,121.0519,122.4271,121.9521,123.3155,123.7455,124.1662,125.5141,125.9188,126.314,126.6995,128.0237,129.3437,139.2427,147.2709,154.37,154.7631,153.2172,152.6163,152.9673,152.3364,151.6897,151.0274,150.3496,150.6347,148.9486,149.2073,148.4715,148.706,147.9428,147.1656,146.3743,146.5597,144.7509,144.9117,146.0551,147.1892,148.314,149.4292,150.5345,151.6297,151.7165,153.7889,154.8525,154.9056,156.9462,155.9762,157.994,160,159.9939
60.56183,60.02732,59.47276,58.00572,57.42662,56.39695,55.36299,54.32481,53.68924,52.63488,51.96724,50.51421,49.82268,48.74466,47.66294,46.92779,45.8307,44.73012,43.62613,42.83613,42.02631,43.90305,45.02524,45.72647,44.37761,42.4909,40.89341,39.56004,37.98174,36.41748,34.86741,33.3317,32.0184,30.30393,29.00297,27.51756,26.22087,24.75714,23.30874,21.87579,20.59762,19.05682,17.79292,16.64087,15.47021,14.28102,13.07336,11.84732,10.60298,9.279378,8.059737,6.761005,5.409422,4.109781,2.722575,1.378793,0,-1.396246
113.9002,116.1984,116.7219,117.2364,117.742,118.2387,118.7263,119.2049,120.588,121.0519,121.5066,121.9521,123.3155,123.7455,124.1662,124.5774,125.9188,126.314,127.645,128.0237,129.3437,139.2427,148.2272,154.37,153.8019,153.2172,151.6504,152.9673,152.3364,151.6897,151.0274,150.3496,149.6566,148.9486,149.2073,148.4715,147.7212,147.9428,147.1656,146.3743,146.5597,144.7509,144.9117,146.0551,147.1892,148.314,149.4292,150.5345,151.6297,152.7146,153.7889,154.8525,155.905,156.9462,156.9761,157.994,160,159.9939
60.56183,60.48907,59.47276,58.45191,57.42662,56.39695,55.36299,54.32481,53.68924,52.63488,51.57651,50.51421,49.82268,48.74466,47.66294,46.57758,45.8307,44.73012,43.9517,42.83613,42.02631,43.90305,45.31761,45.72647,44.10198,42.4909,40.63459,39.56004,37.98174,36.41748,34.86741,33.3317,31.81049,30.30393,29.00297,27.51756,26.04723,24.75714,23.30874,21.87579,20.59762,19.05682,17.79292,16.64087,15.47021,14.28102,13.07336,11.84732,10.60298,9.340427,8.059737,6.761005,5.444321,4.109781,2.740028,1.378793,0,-1.396246
113.9002,116.1984,116.7219,117.2364,117.742,118.2387,118.7263,119.2049,120.588,121.0519,121.5066,121.9521,123.3155,123.7455,124.1662,124.5774,125.9188,126.314,126.6995,128.0237,129.3437,138.289,147.2709,153.4112,153.8019,153.2172,152.6163,152.9673,152.3364,151.6897,151.0274,150.3496,149.6566,148.9486,149.2073,148.4715,147.7212,147.9428,147.1656,146.3743,146.5597,144.7509,144.9117,146.0551,147.1892,148.314,149.4292,149.5376,151.6297,152.7146,153.7889,154.8525,155.905,156.9462,156.9761,157.994,160,160.9939
60.56183,60.48907,59.47276,58.45191,57.42662,56.39695,55.36299,54.32481,53.68924,52.63488,51.57651,50.51421,49.82268,48.74466,47.66294,46.57758,45.8307,44.73012,43.62613,42.83613,42.02631,43.60234,45.02524,45.44246,44.10198,42.4909,40.89341,39.56004,37.98174,36.41748,34.86741,33.3317,31.81049,30.30393,29.00297,27.51756,26.04723,24.75714,23.30874,21.87579,20.59762,19.05682,17.79292,16.64087,15.47021,14.28102,13.07336,11.76886,10.60298,9.340427,8.059737,6.761005,5.444321,4.109781,2.740028,1.378793,0,-1.404972
