144.2938,144.5491,145.5651,146.57,146.7704,146.9489,147.9097,148.8591,149.7973,149.9048,149.991,150.0558,150.9333,150.9607,151.8105,151.8006,154.3279,156.0044,157.6781,160.2147,162.7565,165.3031,167.8541,170.4089,172.0801,174.6373,177.197,179.7588,176.0041,173.1048,170.1628,167.1788,165.0708,162.9294,160.755,161.33,161.8927,162.443,163.9176,164.4462,164.0196,165.4658,165.9566,166.4349,166.9005,167.3533,167.7935,168.2208,168.6353,169.037
118.9466,117.0536,115.7877,114.513,112.6209,110.734,109.4474,108.1525,106.8493,104.9645,103.0859,101.2139,99.90059,98.03503,96.71393,94.85555,94.57224,93.73693,92.87952,92.5,92.08321,91.62902,91.13732,90.60801,89.57923,88.98214,88.34717,87.67423,83.94966,80.72009,77.54764,74.43281,71.77483,69.15941,66.58692,65.18155,63.77121,62.35602,61.28629,59.85353,58.08239,56.97443,55.52831,54.07797,52.62351,51.16505,49.70269,48.23654,46.76672,45.29333
143.5222,144.5491,145.5651,146.57,146.7704,146.9489,147.9097,148.8591,148.9831,149.9048,149.991,150.0558,150.9333,150.9607,151.8105,151.8006,154.3279,156.8616,157.6781,160.2147,162.7565,165.3031,167.8541,170.4089,172.0801,175.5283,178.0919,178.86,176.0041,173.1048,170.1628,168.0924,165.9879,162.9294,160.755,161.33,161.8927,162.443,162.981,163.5065,164.0196,165.4658,165.9566,166.4349,166.9005,167.3533,167.7935,168.2208,168.6353,169.037
118.3105,117.0536,115.7877,114.513,112.6209,110.734,109.4474,108.1525,106.2686,104.9645,103.0859,101.2139,99.90059,98.03503,96.71393,94.85555,94.57224,94.25197,92.87952,92.5,92.08321,91.62902,91.13732,90.60801,89.57923,89.43613,88.79336,87.23586,83.94966,80.72009,77.54764,74.83954,72.17358,69.15941,66.58692,65.18155,63.77121,62.35602,60.93608,59.5115,58.08239,56.97443,55.52831,54.07797,52.62351,51.16505,49.70269,48.23654,46.76672,45.29333
142.7505,144.5491,145.5651,146.57,146.7704,146.9489,147.9097,148.8591,148.9831,149.9048,149.991,150.0558,150.9333,150.9607,151.8105,152.6487,154.3279,156.8616,157.6781,160.2147,162.7565,165.3031,167.8541,170.4089,172.0801,175.5283,178.0919,178.86,176.0041,173.1048,170.1628,167.1788,165.0708,162.9294,160.755,161.33,161.8927,162.443,162.981,164.4462,164.9623,165.4658,165.9566,166.4349,166.9005,167.3533,167.7935,168.2208,168.6353,169.037
117.6745,117.0536,115.7877,114.513,112.6209,110.734,109.4474,108.1525,106.2686,104.9645,103.0859,101.2139,99.90059,98.03503,96.71393,95.38547,94.57224,94.25197,92.87952,92.5,92.08321,91.62902,91.13732,90.60801,89.57923,89.43613,88.79336,87.23586,83.94966,80.72009,77.54764,74.43281,71.77483,69.15941,66.58692,65.18155,63.77121,62.35602,60.93608,59.85353,58.4162,56.97443,55.52831,54.07797,52.62351,51.16505,49.70269,48.23654,46.76672,45.29333
145.0654,145.3263,145.5651,146.57,146.7704,146.9489,147.9097,148.8591,148.9831,149.0857,149.991,150.0558,150.9333,150.9607,151.8105,151.8006,154.3279,156.8616,158.5398,160.2147,162.7565,165.3031,167.8541,170.4089,172.0801,174.6373,178.0919,179.7588,176.0041,173.1048,169.2528,167.1788,165.9879,162.9294,160.755,161.33,161.8927,162.443,162.981,164.4462,164.9623,165.4658,165.9566,166.4349,166.9005,167.3533,167.7935,168.2208,168.6353,169.037
119.5827,117.6829,115.7877,114.513,112.6209,110.734,109.4474,108.1525,106.2686,104.3909,103.0859,101.2139,99.90059,98.03503,96.71393,94.85555,94.57224,94.25197,93.38706,92.5,92.08321,91.62902,91.13732,90.60801,89.57923,88.98214,88.79336,87.67423,83.94966,80.72009,77.13294,74.43281,72.17358,69.15941,66.58692,65.18155,63.77121,62.35602,60.93608,59.85353,58.4162,56.97443,55.52831,54.07797,52.62351,51.16505,49.70269,48.23654,46.76672,45.29333
144.2938,145.3263,145.5651,146.57,145.977,147.7476,147.9097,148.8591,148.9831,149.0857,149.991,150.0558,150.9333,150.9607,151.8105,151.8006,154.3279,156.8616,157.6781,160.2147,162.7565,165.3031,167.8541,170.4089,172.0801,175.5283,178.0919,178.86,176.0041,173.1048,170.1628,167.1788,165.0708,162.9294,160.755,161.33,161.8927,162.443,163.9176,163.5065,164.0196,165.4658,165.9566,166.4349,166.9005,167.3533,167.7935,168.2208,168.6353,169.037
118.9466,117.6829,115.7877,114.513,112.0121,111.3358,109.4474,108.1525,106.2686,104.3909,103.0859,101.2139,99.90059,98.03503,96.71393,94.85555,94.57224,94.25197,92.87952,92.5,92.08321,91.62902,91.13732,90.60801,89.57923,89.43613,88.79336,87.23586,83.94966,80.72009,77.54764,74.43281,71.77483,69.15941,66.58692,65.18155,63.77121,62.35602,61.28629,59.5115,58.08239,56.97443,55.52831,54.07797,52.62351,51.16505,49.70269,48.23654,46.76672,45.29333
145.0654,145.3263,145.5651,145.782,146.7704,146.9489,147.9097,148.8591,148.9831,149.0857,149.991,150.0558,150.9333,150.9607,151.8105,151.8006,154.3279,156.0044,157.6781,160.2147,162.7565,165.3031,167.8541,170.4089,172.0801,175.5283,178.0919,178.86,176.0041,172.1985,170.1628,167.1788,165.9879,162.9294,160.755,161.33,161.8927,162.443,163.9176,164.4462,164.9623,165.4658,165.0083,166.4349,166.9005,167.3533,167.7935,168.2208,168.6353,169.037
119.5827,117.6829,115.7877,113.8974,112.6209,110.734,109.4474,108.1525,106.2686,104.3909,103.0859,101.2139,99.90059,98.03503,96.71393,94.85555,94.57224,93.73693,92.87952,92.5,92.08321,91.62902,91.13732,90.60801,89.57923,89.43613,88.79336,87.23586,83.94966,80.29747,77.54764,74.43281,72.17358,69.15941,66.58692,65.18155,63.77121,62.35602,61.28629,59.85353,58.4162,56.97443,55.21101,54.07797,52.62351,51.16505,49.70269,48.23654,46.76672,45.29333
145.0654,145.3263,145.5651,146.57,146.7704,146.9489,147.9097,148.8591,148.9831,149.9048,149.991,150.8848,150.9333,150.9607,151.8105,151.8006,154.3279,156.8616,158.5398,160.2147,162.7565,165.3031,167.8541,170.4089,172.0801,175.5283,177.197,178.86,176.0041,173.1048,170.1628,167.1788,165.9879,162.0089,160.755,161.33,161.8927,162.443,162.981,163.5065,164.9623,165.4658,165.9566,166.4349,166.9005,167.3533,167.7935,168.2208,168.6353,169.037
119.5827,117.6829,115.7877,114.513,112.6209,110.734,109.4474,108.1525,106.2686,104.9645,103.0859,101.7731,99.90059,98.03503,96.71393,94.85555,94.57224,94.25197,93.38706,92.5,92.08321,91.62902,91.13732,90.60801,89.57923,89.43613,88.34717,87.23586,83.94966,80.72009,77.54764,74.43281,72.17358,68.76868,66.58692,65.18155,63.77121,62.35602,60.93608,59.5115,58.4162,56.97443,55.52831,54.07797,52.62351,51.16505,49.70269,48.23654,46.76672,45.29333
144.2938,144.5491,145.5651,145.782,146.7704,146.9489,147.9097,148.8591,149.7973,149.9048,149.991,150.0558,150.9333,150.9607,151.8105,152.6487,154.3279,156.8616,158.5398,160.2147,162.7565,165.3031,167.8541,170.4089,172.0801,175.5283,178.0919,178.86,176.0041,173.1048,170.1628,167.1788,165.9879,162.9294,160.755,162.2572,161.8927,162.443,162.981,164.4462,164.9623,165.4658,165.9566,166.4349,166.9005,167.3533,167.7935,168.2208,168.6353,170.0029
118.9466,117.0536,115.7877,113.8974,112.6209,110.734,109.4474,108.1525,106.8493,104.9645,103.0859,101.2139,99.90059,98.03503,96.71393,95.38547,94.57224,94.25197,93.38706,92.5,92.08321,91.62902,91.13732,90.60801,89.57923,89.43613,88.79336,87.23586,83.94966,80.72009,77.54764,74.43281,72.17358,69.15941,66.58692,65.55615,63.77121,62.35602,60.93608,59.85353,58.4162,56.97443,55.52831,54.07797,52.62351,51.16505,49.70269,48.23654,46.76672,45.55215
144.2938,145.3263,146.3477,145.782,146.7704,146.9489,147.9097,148.8591,148.9831,149.9048,149.991,150.0558,150.9333,150.9607,151.8105,151.8006,154.3279,156.8616,158.5398,160.2147,162.7565,165.3031,167.8541,170.4089,172.0801,174.6373,178.0919,178.86,176.0041,172.1985,170.1628,167.1788,165.9879,162.9294,161.6789,161.33,161.8927,163.3766,162.981,164.4462,164.9623,165.4658,165.9566,166.4349,166.9005,167.3533,167.7935,168.2208,168.6353,169.037
118.9466,117.6829,116.4102,113.8974,112.6209,110.734,109.4474,108.1525,106.2686,104.9645,103.0859,101.2139,99.90059,98.03503,96.71393,94.85555,94.57224,94.25197,93.38706,92.5,92.08321,91.62902,91.13732,90.60801,89.57923,88.98214,88.79336,87.23586,83.94966,80.29747,77.54764,74.43281,72.17358,69.15941,66.9696,65.18155,63.77121,62.71439,60.93608,59.85353,58.4162,56.97443,55.52831,54.07797,52.62351,51.16505,49.70269,48.23654,46.76672,45.29333
145.0654,145.3263,145.5651,146.57,146.7704,146.9489,147.9097,148.8591,148.9831,149.9048,149.991,150.0558,150.9333,150.9607,151.8105,152.6487,154.3279,156.8616,157.6781,160.2147,162.7565,165.3031,167.8541,170.4089,172.0801,174.6373,178.0919,178.86,176.0041,173.1048,169.2528,167.1788,165.9879,162.0089,160.755,162.2572,161.8927,163.3766,163.9176,163.5065,164.9623,165.4658,165.9566,166.4349,166.9005,167.3533,167.7935,168.2208,168.6353,170.0029
119.5827,117.6829,115.7877,114.513,112.6209,110.734,109.4474,108.1525,106.2686,104.9645,103.0859,101.2139,99.90059,98.03503,96.71393,95.38547,94.57224,94.25197,92.87952,92.5,92.08321,91.62902,91.13732,90.60801,89.57923,88.98214,88.79336,87.23586,83.94966,80.72009,77.13294,74.43281,72.17358,68.76868,66.58692,65.55615,63.77121,62.71439,61.28629,59.5115,58.4162,56.97443,55.52831,54.07797,52.62351,51.16505,49.70269,48.23654,46.76672,45.55215
143.5222,144.5491,145.5651,145.782,146.7704,146.9489,147.9097,148.8591,148.9831,149.9048,149.991,150.0558,150.9333,150.9607,151.8105,151.8006,154.3279,156.0044,157.6781,160.2147,162.7565,165.3031,167.8541,170.4089,172.0801,175.5283,178.0919,178.86,176.0041,173.1048,169.2528,168.0924,165.9879,162.9294,161.6789,161.33,161.8927,162.443,163.9176,163.5065,164.9623,165.4658,165.9566,166.4349,166.9005,167.3533,167.7935,168.2208,168.6353,169.037
118.3105,117.0536,115.7877,113.8974,112.6209,110.734,109.4474,108.1525,106.2686,104.9645,103.0859,101.2139,99.90059,98.03503,96.71393,94.85555,94.57224,93.73693,92.87952,92.5,92.08321,91.62902,91.13732,90.60801,89.57923,89.43613,88.79336,87.23586,83.94966,80.72009,77.13294,74.83954,72.17358,69.15941,66.9696,65.18155,63.77121,62.35602,61.28629,59.5115,58.4162,56.97443,55.52831,54.07797,52.62351,51.16505,49.70269,48.23654,46.76672,45.29333
142.7505,144.5491,145.5651,145.782,146.7704,146.9489,147.9097,148.8591,148.9831,149.9048,149.991,150.0558,150.9333,150.9607,151.8105,151.8006,154.3279,156.8616,157.6781,160.2147,162.7565,165.3031,167.8541,170.4089,172.0801,175.5283,178.0919,178.86,176.0041,172.1985,171.0727,167.1788,165.9879,162.9294,161.6789,161.33,161.8927,162.443,162.981,164.4462,164.9623,165.4658,165.9566,166.4349,166.9005,167.3533,167.7935,168.2208,168.6353,170.0029
117.6745,117.0536,115.7877,113.8974,112.6209,110.734,109.4474,108.1525,106.2686,104.9645,103.0859,101.2139,99.90059,98.03503,96.71393,94.85555,94.57224,94.25197,92.87952,92.5,92.08321,91.62902,91.13732,90.60801,89.57923,89.43613,88.79336,87.23586,83.94966,80.29747,77.96233,74.43281,72.17358,69.15941,66.9696,65.18155,63.77121,62.35602,60.93608,59.85353,58.4162,56.97443,55.52831,54.07797,52.62351,51.16505,49.70269,48.23654,46.76672,45.55215
145.0654,145.3263,145.5651,146.57,146.7704,146.9489,147.9097,148.8591,148.9831,149.9048,149.991,150.0558,150.9333,150.9607,151.8105,152.6487,154.3279,156.8616,157.6781,160.2147,162.7565,165.3031,167.8541,170.4089,172.0801,175.5283,178.0919,178.86,176.0041,173.1048,171.0727,167.1788,165.9879,162.9294,160.755,161.33,161.8927,163.3766,163.9176,163.5065,164.9623,165.4658,165.9566,166.4349,166.9005,167.3533,167.7935,168.2208,168.6353,169.037
119.5827,117.6829,115.7877,114.513,112.6209,110.734,109.4474,108.1525,106.2686,104.9645,103.0859,101.2139,99.90059,98.03503,96.71393,95.38547,94.57224,94.25197,92.87952,92.5,92.08321,91.62902,91.13732,90.60801,89.57923,89.43613,88.79336,87.23586,83.94966,80.72009,77.96233,74.43281,72.17358,69.15941,66.58692,65.18155,63.77121,62.71439,61.28629,59.5115,58.4162,56.97443,55.52831,54.07797,52.62351,51.16505,49.70269,48.23654,46.76672,45.29333
145.0654,145.3263,145.5651,145.782,146.7704,146.9489,147.9097,148.8591,148.9831,149.9048,149.991,150.0558,150.9333,150.9607,151.8105,151.8006,154.3279,156.8616,158.5398,160.2147,162.7565,165.3031,167.8541,170.4089,172.0801,174.6373,178.0919,178.86,176.0041,172.1985,171.0727,167.1788,165.0708,162.9294,160.755,161.33,161.8927,162.443,162.981,164.4462,164.9623,165.4658,165.9566,166.4349,166.9005,167.3533,167.7935,168.2208,168.6353,169.037
119.5827,117.6829,115.7877,113.8974,112.6209,110.734,109.4474,108.1525,106.2686,104.9645,103.0859,101.2139,99.90059,98.03503,96.71393,94.85555,94.57224,94.25197,93.38706,92.5,92.08321,91.62902,91.13732,90.60801,89.57923,88.98214,88.79336,87.23586,83.94966,80.29747,77.96233,74.43281,71.77483,69.15941,66.58692,65.18155,63.77121,62.35602,60.93608,59.85353,58.4162,56.97443,55.52831,54.07797,52.62351,51.16505,49.70269,48.23654,46.76672,45.29333
145.837,144.5491,145.5651,146.57,146.7704,146.9489,147.9097,148.8591,149.7973,149.9048,149.991,150.0558,150.9333,150.9607,151.8105,152.6487,154.3279,156.8616,157.6781,160.2147,162.7565,165.3031,167.8541,170.4089,172.0801,175.5283,177.197,178.86,176.0041,173.1048,169.2528,167.1788,165.0708,162.9294,160.755,162.2572,161.8927,162.443,163.9176,163.5065,164.9623,164.5202,165.9566,166.4349,166.9005,167.3533,167.7935,168.2208,168.6353,169.037
120.2188,117.0536,115.7877,114.513,112.6209,110.734,109.4474,108.1525,106.8493,104.9645,103.0859,101.2139,99.90059,98.03503,96.71393,95.38547,94.57224,94.25197,92.87952,92.5,92.08321,91.62902,91.13732,90.60801,89.57923,89.43613,88.34717,87.23586,83.94966,80.72009,77.13294,74.43281,71.77483,69.15941,66.58692,65.55615,63.77121,62.35602,61.28629,59.5115,58.4162,56.64886,55.52831,54.07797,52.62351,51.16505,49.70269,48.23654,46.76672,45.29333
145.0654,144.5491,145.5651,145.782,146.7704,146.9489,147.9097,148.8591,148.9831,149.9048,149.991,150.0558,150.9333,151.7994,151.8105,151.8006,154.3279,156.0044,157.6781,160.2147,162.7565,165.3031,167.8541,170.4089,172.0801,175.5283,178.0919,178.86,176.0041,172.1985,170.1628,167.1788,165.9879,162.9294,161.6789,161.33,161.8927,163.3766,162.981,164.4462,164.9623,165.4658,165.9566,166.4349,166.9005,167.3533,167.7935,168.2208,168.6353,169.037
119.5827,117.0536,115.7877,113.8974,112.6209,110.734,109.4474,108.1525,106.2686,104.9645,103.0859,101.2139,99.90059,98.57967,96.71393,94.85555,94.57224,93.73693,92.87952,92.5,92.08321,91.62902,91.13732,90.60801,89.57923,89.43613,88.79336,87.23586,83.94966,80.29747,77.54764,74.43281,72.17358,69.15941,66.9696,65.18155,63.77121,62.71439,60.93608,59.85353,58.4162,56.97443,55.52831,54.07797,52.62351,51.16505,49.70269,48.23654,46.76672,45.29333
145.0654,145.3263,145.5651,145.782,146.7704,146.9489,147.9097,148.8591,148.9831,149.9048,149.991,150.0558,150.9333,150.9607,151.8105,151.8006,154.3279,156.8616,158.5398,160.2147,162.7565,165.3031,167.8541,170.4089,172.0801,174.6373,178.0919,178.86,176.0041,173.1048,170.1628,167.1788,165.0708,162.9294,160.755,161.33,161.8927,162.443,162.981,163.5065,164.9623,165.4658,165.9566,166.4349,166.9005,167.3533,167.7935,168.2208,168.6353,169.037
119.5827,117.6829,115.7877,113.8974,112.6209,110.734,109.4474,108.1525,106.2686,104.9645,103.0859,101.2139,99.90059,98.03503,96.71393,94.85555,94.57224,94.25197,93.38706,92.5,92.08321,91.62902,91.13732,90.60801,89.57923,88.98214,88.79336,87.23586,83.94966,80.72009,77.54764,74.43281,71.77483,69.15941,66.58692,65.18155,63.77121,62.35602,60.93608,59.5115,58.4162,56.97443,55.52831,54.07797,52.62351,51.16505,49.70269,48.23654,46.76672,45.29333
145.0654,144.5491,145.5651,146.57,146.7704,146.9489,147.9097,148.8591,149.7973,149.0857,149.991,150.0558,150.9333,150.9607,151.8105,151.8006,154.3279,156.8616,158.5398,160.2147,162.7565,165.3031,167.8541,170.4089,172.0801,174.6373,178.0919,179.7588,176.0041,172.1985,170.1628,167.1788,165.9879,162.9294,160.755,161.33,161.8927,162.443,163.9176,163.5065,164.9623,165.4658,165.9566,166.4349,166.9005,167.3533,167.7935,168.2208,168.6353,169.037
119.5827,117.0536,115.7877,114.513,112.6209,110.734,109.4474,108.1525,106.8493,104.3909,103.0859,101.2139,99.90059,98.03503,96.71393,94.85555,94.57224,94.25197,93.38706,92.5,92.08321,91.62902,91.13732,90.60801,89.57923,88.98214,88.79336,87.67423,83.94966,80.29747,77.54764,74.43281,72.17358,69.15941,66.58692,65.18155,63.77121,62.35602,61.28629,59.5115,58.4162,56.97443,55.52831,54.07797,52.62351,51.16505,49.70269,48.23654,46.76672,45.29333
142.7505,144.5491,145.5651,145.782,146.7704,146.9489,147.9097,148.8591,148.9831,149.0857,149.991,150.8848,150.9333,150.9607,151.8105,152.6487,154.3279,156.8616,157.6781,160.2147,162.7565,165.3031,167.8541,170.4089,172.0801,175.5283,177.197,179.7588,176.0041,172.1985,170.1628,168.0924,165.9879,162.9294,160.755,162.2572,161.8927,163.3766,162.981,163.5065,164.9623,165.4658,165.9566,166.4349,166.9005,167.3533,167.7935,168.2208,168.6353,169.037
117.6745,117.0536,115.7877,113.8974,112.6209,110.734,109.4474,108.1525,106.2686,104.3909,103.0859,101.7731,99.90059,98.03503,96.71393,95.38547,94.57224,94.25197,92.87952,92.5,92.08321,91.62902,91.13732,90.60801,89.57923,89.43613,88.34717,87.67423,83.94966,80.29747,77.54764,74.83954,72.17358,69.15941,66.58692,65.55615,63.77121,62.71439,60.93608,59.5115,58.4162,56.97443,55.52831,54.07797,52.62351,51.16505,49.70269,48.23654,46.76672,45.29333
145.0654,144.5491,145.5651,146.57,146.7704,146.9489,147.9097,148.8591,149.7973,149.9048,149.991,150.0558,150.9333,150.9607,151.8105,151.8006,154.3279,156.8616,158.5398,160.2147,162.7565,165.3031,167.8541,170.4089,172.0801,174.6373,178.0919,178.86,176.0041,172.1985,170.1628,167.1788,165.9879,162.9294,160.755,161.33,161.8927,162.443,162.981,164.4462,164.9623,165.4658,165.9566,166.4349,166.9005,167.3533,167.7935,168.2208,168.6353,169.037
119.5827,117.0536,115.7877,114.513,112.6209,110.734,109.4474,108.1525,106.8493,104.9645,103.0859,101.2139,99.90059,98.03503,96.71393,94.85555,94.57224,94.25197,93.38706,92.5,92.08321,91.62902,91.13732,90.60801,89.57923,88.98214,88.79336,87.23586,83.94966,80.29747,77.54764,74.43281,72.17358,69.15941,66.58692,65.18155,63.77121,62.35602,60.93608,59.85353,58.4162,56.97443,55.52831,54.07797,52.62351,51.16505,49.70269,48.23654,46.76672,45.29333
144.2938,144.5491,145.5651,145.782,146.7704,146.9489,147.9097,148.8591,148.9831,149.9048,149.991,150.0558,150.9333,151.7994,151.8105,151.8006,154.3279,156.8616,158.5398,160.2147,162.7565,165.3031,167.8541,170.4089,172.0801,175.5283,177.197,178.86,176.0041,173.1048,170.1628,168.0924,165.0708,162.9294,160.755,162.2572,161.8927,162.443,163.9176,164.4462,164.9623,165.4658,165.9566,166.4349,166.9005,167.3533,167.7935,168.2208,168.6353,169.037
118.9466,117.0536,115.7877,113.8974,112.6209,110.734,109.4474,108.1525,106.2686,104.9645,103.0859,101.2139,99.90059,98.57967,96.71393,94.85555,94.57224,94.25197,93.38706,92.5,92.08321,91.62902,91.13732,90.60801,89.57923,89.43613,88.34717,87.23586,83.94966,80.72009,77.54764,74.83954,71.77483,69.15941,66.58692,65.55615,63.77121,62.35602,61.28629,59.85353,58.4162,56.97443,55.52831,54.07797,52.62351,51.16505,49.70269,48.23654,46.76672,45.29333
145.0654,144.5491,145.5651,146.57,146.7704,146.9489,147.9097,148.8591,148.9831,149.9048,149.991,150.0558,150.9333,150.9607,151.8105,152.6487,154.3279,156.8616,157.6781,160.2147,162.7565,165.3031,167.8541,170.4089,172.0801,175.5283,178.0919,178.86,176.0041,173.1048,170.1628,167.1788,165.0708,162.9294,160.755,161.33,161.8927,162.443,162.981,164.4462,164.9623,165.4658,165.9566,166.4349,166.9005,167.3533,167.7935,168.2208,168.6353,169.037
119.5827,117.0536,115.7877,114.513,112.6209,110.734,109.4474,108.1525,106.2686,104.9645,103.0859,101.2139,99.90059,98.03503,96.71393,95.38547,94.57224,94.25197,92.87952,92.5,92.08321,91.62902,91.13732,90.60801,89.57923,89.43613,88.79336,87.23586,83.94966,80.72009,77.54764,74.43281,71.77483,69.15941,66.58692,65.18155,63.77121,62.35602,60.93608,59.85353,58.4162,56.97443,55.52831,54.07797,52.62351,51.16505,49.70269,48.23654,46.76672,45.29333
144.2938,144.5491,145.5651,145.782,146.7704,146.9489,147.9097,148.8591,149.7973,149.9048,149.991,150.0558,150.9333,150.9607,151.8105,151.8006,154.3279,156.8616,158.5398,160.2147,162.7565,165.3031,167.8541,170.4089,172.0801,174.6373,178.0919,178.86,176.0041,172.1985,171.0727,167.1788,165.9879,162.0089,160.755,161.33,161.8927,163.3766,163.9176,163.5065,164.9623,165.4658,165.9566,166.4349,166.9005,167.3533,167.7935,168.2208,168.6353,169.037
118.9466,117.0536,115.7877,113.8974,112.6209,110.734,109.4474,108.1525,106.8493,104.9645,103.0859,101.2139,99.90059,98.03503,96.71393,94.85555,94.57224,94.25197,93.38706,92.5,92.08321,91.62902,91.13732,90.60801,89.57923,88.98214,88.79336,87.23586,83.94966,80.29747,77.96233,74.43281,72.17358,68.76868,66.58692,65.18155,63.77121,62.71439,61.28629,59.5115,58.4162,56.97443,55.52831,54.07797,52.62351,51.16505,49.70269,48.23654,46.76672,45.29333
145.0654,144.5491,145.5651,145.782,146.7704,146.9489,147.9097,148.8591,148.9831,149.9048,149.991,150.0558,150.9333,150.9607,151.8105,151.8006,154.3279,156.8616,158.5398,160.2147,162.7565,165.3031,167.8541,170.4089,172.0801,174.6373,178.0919,178.86,176.0041,173.1048,170.1628,167.1788,165.9879,162.9294,160.755,161.33,161.8927,163.3766,163.9176,164.4462,164.0196,165.4658,165.9566,166.4349,166.9005,167.3533,167.7935,168.2208,168.6353,169.037
119.5827,117.0536,115.7877,113.8974,112.6209,110.734,109.4474,108.1525,106.2686,104.9645,103.0859,101.2139,99.90059,98.03503,96.71393,94.85555,94.57224,94.25197,93.38706,92.5,92.08321,91.62902,91.13732,90.60801,89.57923,88.98214,88.79336,87.23586,83.94966,80.72009,77.54764,74.43281,72.17358,69.15941,66.58692,65.18155,63.77121,62.71439,61.28629,59.85353,58.08239,56.97443,55.52831,54.07797,52.62351,51.16505,49.70269,48.23654,46.76672,45.29333
145.0654,144.5491,145.5651,146.57,146.7704,146.9489,147.9097,148.8591,148.9831,149.9048,149.991,150.8848,150.9333,150.9607,151.8105,152.6487,154.3279,156.8616,158.5398,160.2147,162.7565,165.3031,167.8541,170.4089,172.0801,175.5283,177.197,178.86,176.0041,173.1048,170.1628,167.1788,165.9879,162.9294,161.6789,161.33,161.8927,163.3766,162.981,164.4462,164.9623,165.4658,165.9566,166.4349,166.9005,167.3533,167.7935,168.2208,168.6353,169.037
119.5827,117.0536,115.7877,114.513,112.6209,110.734,109.4474,108.1525,106.2686,104.9645,103.0859,101.7731,99.90059,98.03503,96.71393,95.38547,94.57224,94.25197,93.38706,92.5,92.08321,91.62902,91.13732,90.60801,89.57923,89.43613,88.34717,87.23586,83.94966,80.72009,77.54764,74.43281,72.17358,69.15941,66.9696,65.18155,63.77121,62.71439,60.93608,59.85353,58.4162,56.97443,55.52831,54.07797,52.62351,51.16505,49.70269,48.23654,46.76672,45.29333
