197.0884,195.9208,195.7337,196.5241,195.3146,196.0731,195.8251,195.5623,195.2845,194.9919,195.6677,194.3622,194.0251,194.6514,196.2355,196.8228,201.2806,205.7027,211.0562,212.5037,210.0714,207.6325,205.1874,203.6929,201.2343,198.7708,197.2513,194.7768,194.1841,193.5767,193.8911,194.1847,193.5269,193.7814,194.0147,194.2265,194.4167,194.5852,194.7317,193.9499
-18.97746,-20.59211,-22.30103,-24.13013,-25.71366,-27.55627,-29.26626,-30.97402,-32.67943,-34.38234,-36.26487,-37.78018,-39.47485,-41.37443,-43.50436,-45.44011,-48.32319,-51.28744,-54.58284,-56.94019,-58.25797,-59.53767,-60.77928,-62.27517,-63.44892,-64.58455,-65.99937,-67.06704,-68.76421,-70.45615,-72.49293,-74.54053,-76.23226,-78.29278,-80.36352,-82.44427,-84.5348,-86.6349,-88.74435,-90.44031
197.0884,196.9153,196.7272,195.5316,197.2975,197.0633,195.8251,195.5623,196.2708,194.9919,194.6845,195.3438,195.005,193.6732,195.2592,196.8228,201.2806,205.7027,211.0562,211.5378,210.0714,207.6325,205.1874,203.6929,201.2343,198.7708,197.2513,194.7768,194.1841,193.5767,193.8911,193.2511,193.5269,193.7814,194.0147,194.2265,194.4167,194.5852,194.7317,193.9499
-18.97746,-20.69664,-22.41424,-24.00826,-25.97471,-27.69545,-29.26626,-30.97402,-32.84447,-34.38234,-36.08263,-37.97099,-39.67422,-41.16651,-43.28792,-45.44011,-48.32319,-51.28744,-54.58284,-56.68137,-58.25797,-59.53767,-60.77928,-62.27517,-63.44892,-64.58455,-65.99937,-67.06704,-68.76421,-70.45615,-72.49293,-74.18217,-76.23226,-78.29278,-80.36352,-82.44427,-84.5348,-86.6349,-88.74435,-90.44031
197.0884,196.9153,196.7272,197.5167,196.3061,196.0731,195.8251,195.5623,195.2845,194.9919,195.6677,194.3622,195.005,194.6514,195.2592,196.8228,201.2806,205.7027,211.0562,211.5378,210.0714,207.6325,205.1874,203.6929,201.2343,198.7708,196.303,194.7768,194.1841,193.5767,193.8911,193.2511,193.5269,193.7814,194.0147,194.2265,194.4167,194.5852,194.7317,193.9499
-18.97746,-20.69664,-22.41424,-24.252,-25.84419,-27.55627,-29.26626,-30.97402,-32.67943,-34.38234,-36.26487,-37.78018,-39.67422,-41.37443,-43.28792,-45.44011,-48.32319,-51.28744,-54.58284,-56.68137,-58.25797,-59.53767,-60.77928,-62.27517,-63.44892,-64.58455,-65.68206,-67.06704,-68.76421,-70.45615,-72.49293,-74.18217,-76.23226,-78.29278,-80.36352,-82.44427,-84.5348,-86.6349,-88.74435,-90.44031
197.0884,196.9153,196.7272,196.5241,196.3061,196.0731,196.8142,195.5623,195.2845,194.9919,195.6677,195.3438,195.005,194.6514,195.2592,197.7971,201.2806,205.7027,211.0562,211.5378,210.0714,207.6325,205.1874,203.6929,201.2343,198.7708,196.303,194.7768,194.1841,193.5767,193.8911,193.2511,194.4573,193.7814,194.0147,194.2265,194.4167,194.5852,194.7317,193.9499
-18.97746,-20.69664,-22.41424,-24.13013,-25.84419,-27.55627,-29.41407,-30.97402,-32.67943,-34.38234,-36.26487,-37.97099,-39.67422,-41.37443,-43.28792,-45.66506,-48.32319,-51.28744,-54.58284,-56.68137,-58.25797,-59.53767,-60.77928,-62.27517,-63.44892,-64.58455,-65.68206,-67.06704,-68.76421,-70.45615,-72.49293,-74.18217,-76.59876,-78.29278,-80.36352,-82.44427,-84.5348,-86.6349,-88.74435,-90.44031
197.0884,196.9153,196.7272,197.5167,196.3061,196.0731,195.8251,195.5623,195.2845,195.9767,195.6677,196.3254,195.005,194.6514,195.2592,197.7971,201.2806,205.7027,211.0562,211.5378,210.0714,207.6325,206.1462,203.6929,201.2343,198.7708,196.303,194.7768,193.2415,193.5767,193.8911,193.2511,194.4573,193.7814,194.0147,194.2265,194.4167,194.5852,193.8218,193.9499
-18.97746,-20.69664,-22.41424,-24.252,-25.84419,-27.55627,-29.26626,-30.97402,-32.67943,-34.55599,-36.26487,-38.1618,-39.67422,-41.37443,-43.28792,-45.66506,-48.32319,-51.28744,-54.58284,-56.68137,-58.25797,-59.53767,-61.0633,-62.27517,-63.44892,-64.58455,-65.68206,-67.06704,-68.43041,-70.45615,-72.49293,-74.18217,-76.59876,-78.29278,-80.36352,-82.44427,-84.5348,-86.6349,-88.32966,-90.44031
197.0884,195.9208,197.7208,197.5167,196.3061,196.0731,196.8142,195.5623,196.2708,195.9767,195.6677,195.3438,195.005,193.6732,196.2355,196.8228,201.2806,205.7027,211.0562,211.5378,210.0714,207.6325,205.1874,203.6929,201.2343,198.7708,196.303,194.7768,193.2415,193.5767,193.8911,193.2511,193.5269,193.7814,194.0147,194.2265,194.4167,194.5852,194.7317,194.8562
-18.97746,-20.59211,-22.52744,-24.252,-25.84419,-27.55627,-29.41407,-30.97402,-32.84447,-34.55599,-36.26487,-37.97099,-39.67422,-41.16651,-43.50436,-45.44011,-48.32319,-51.28744,-54.58284,-56.68137,-58.25797,-59.53767,-60.77928,-62.27517,-63.44892,-64.58455,-65.68206,-67.06704,-68.43041,-70.45615,-72.49293,-74.18217,-76.23226,-78.29278,-80.36352,-82.44427,-84.5348,-86.6349,-88.74435,-90.86293
197.0884,197.9099,196.7272,197.5167,196.3061,197.0633,195.8251,195.5623,195.2845,194.9919,195.6677,194.3622,195.005,194.6514,196.2355,196.8228,201.2806,204.7324,211.0562,211.5378,210.0714,207.6325,206.1462,203.6929,201.2343,198.7708,196.303,194.7768,194.1841,193.5767,192.9545,193.2511,193.5269,193.7814,194.0147,194.2265,194.4167,194.5852,194.7317,193.9499
-18.97746,-20.80116,-22.41424,-24.252,-25.84419,-27.69545,-29.26626,-30.97402,-32.67943,-34.38234,-36.26487,-37.78018,-39.67422,-41.37443,-43.50436,-45.44011,-48.32319,-51.04552,-54.58284,-56.68137,-58.25797,-59.53767,-61.0633,-62.27517,-63.44892,-64.58455,-65.68206,-67.06704,-68.76421,-70.45615,-72.14272,-74.18217,-76.23226,-78.29278,-80.36352,-82.44427,-84.5348,-86.6349,-88.74435,-90.44031
197.0884,197.9099,197.7208,197.5167,197.2975,197.0633,195.8251,195.5623,195.2845,194.9919,195.6677,195.3438,195.005,194.6514,196.2355,196.8228,201.2806,205.7027,211.0562,211.5378,210.0714,207.6325,205.1874,203.6929,201.2343,198.7708,197.2513,194.7768,194.1841,193.5767,193.8911,193.2511,193.5269,193.7814,194.0147,194.2265,194.4167,194.5852,194.7317,193.9499
-18.97746,-20.80116,-22.52744,-24.252,-25.97471,-27.69545,-29.26626,-30.97402,-32.67943,-34.38234,-36.26487,-37.97099,-39.67422,-41.37443,-43.50436,-45.44011,-48.32319,-51.28744,-54.58284,-56.68137,-58.25797,-59.53767,-60.77928,-62.27517,-63.44892,-64.58455,-65.99937,-67.06704,-68.76421,-70.45615,-72.49293,-74.18217,-76.23226,-78.29278,-80.36352,-82.44427,-84.5348,-86.6349,-88.74435,-90.44031
197.0884,196.9153,196.7272,196.5241,196.3061,196.0731,195.8251,195.5623,195.2845,195.9767,195.6677,195.3438,194.0251,194.6514,196.2355,197.7971,201.2806,205.7027,211.0562,211.5378,210.0714,207.6325,205.1874,203.6929,201.2343,198.7708,196.303,194.7768,193.2415,193.5767,193.8911,194.1847,193.5269,193.7814,194.0147,194.2265,194.4167,194.5852,194.7317,193.9499
-18.97746,-20.69664,-22.41424,-24.13013,-25.84419,-27.55627,-29.26626,-30.97402,-32.67943,-34.55599,-36.26487,-37.97099,-39.47485,-41.37443,-43.50436,-45.66506,-48.32319,-51.28744,-54.58284,-56.68137,-58.25797,-59.53767,-60.77928,-62.27517,-63.44892,-64.58455,-65.68206,-67.06704,-68.43041,-70.45615,-72.49293,-74.54053,-76.23226,-78.29278,-80.36352,-82.44427,-84.5348,-86.6349,-88.74435,-90.44031
196.0931,196.9153,197.7208,196.5241,196.3061,197.0633,195.8251,195.5623,196.2708,195.9767,194.6845,195.3438,195.005,194.6514,195.2592,196.8228,201.2806,205.7027,211.0562,211.5378,210.0714,207.6325,205.1874,203.6929,201.2343,198.7708,196.303,194.7768,194.1841,193.5767,193.8911,193.2511,193.5269,193.7814,194.0147,194.2265,194.4167,194.5852,194.7317,193.9499
-18.88161,-20.69664,-22.52744,-24.13013,-25.84419,-27.69545,-29.26626,-30.97402,-32.84447,-34.55599,-36.08263,-37.97099,-39.67422,-41.37443,-43.28792,-45.44011,-48.32319,-51.28744,-54.58284,-56.68137,-58.25797,-59.53767,-60.77928,-62.27517,-63.44892,-64.58455,-65.68206,-67.06704,-68.76421,-70.45615,-72.49293,-74.18217,-76.23226,-78.29278,-80.36352,-82.44427,-84.5348,-86.6349,-88.74435,-90.44031
196.0931,196.9153,197.7208,197.5167,197.2975,196.0731,195.8251,195.5623,195.2845,195.9767,195.6677,195.3438,195.005,194.6514,196.2355,196.8228,201.2806,205.7027,211.0562,211.5378,210.0714,207.6325,205.1874,203.6929,201.2343,198.7708,197.2513,194.7768,194.1841,193.5767,193.8911,194.1847,193.5269,193.7814,194.0147,194.2265,194.4167,194.5852,194.7317,193.9499
-18.88161,-20.69664,-22.52744,-24.252,-25.97471,-27.55627,-29.26626,-30.97402,-32.67943,-34.55599,-36.26487,-37.97099,-39.67422,-41.37443,-43.50436,-45.44011,-48.32319,-51.28744,-54.58284,-56.68137,-58.25797,-59.53767,-60.77928,-62.27517,-63.44892,-64.58455,-65.99937,-67.06704,-68.76421,-70.45615,-72.49293,-74.54053,-76.23226,-78.29278,-80.36352,-82.44427,-84.5348,-86.6349,-88.74435,-90.44031
197.0884,197.9099,196.7272,196.5241,197.2975,197.0633,195.8251,195.5623,195.2845,194.9919,195.6677,195.3438,195.005,194.6514,195.2592,196.8228,201.2806,205.7027,211.0562,211.5378,210.0714,207.6325,206.1462,203.6929,201.2343,198.7708,196.303,194.7768,194.1841,193.5767,193.8911,194.1847,193.5269,193.7814,194.0147,194.2265,194.4167,194.5852,194.7317,193.9499
-18.97746,-20.80116,-22.41424,-24.13013,-25.97471,-27.69545,-29.26626,-30.97402,-32.67943,-34.38234,-36.26487,-37.97099,-39.67422,-41.37443,-43.28792,-45.44011,-48.32319,-51.28744,-54.58284,-56.68137,-58.25797,-59.53767,-61.0633,-62.27517,-63.44892,-64.58455,-65.68206,-67.06704,-68.76421,-70.45615,-72.49293,-74.54053,-76.23226,-78.29278,-80.36352,-82.44427,-84.5348,-86.6349,-88.74435,-90.44031
197.0884,196.9153,196.7272,195.5316,196.3061,196.0731,195.8251,195.5623,195.2845,194.9919,195.6677,194.3622,195.005,194.6514,195.2592,196.8228,201.2806,205.7027,211.0562,211.5378,210.0714,207.6325,205.1874,203.6929,201.2343,198.7708,196.303,194.7768,194.1841,193.5767,193.8911,193.2511,194.4573,193.7814,194.0147,194.2265,194.4167,194.5852,193.8218,193.9499
-18.97746,-20.69664,-22.41424,-24.00826,-25.84419,-27.55627,-29.26626,-30.97402,-32.67943,-34.38234,-36.26487,-37.78018,-39.67422,-41.37443,-43.28792,-45.44011,-48.32319,-51.28744,-54.58284,-56.68137,-58.25797,-59.53767,-60.77928,-62.27517,-63.44892,-64.58455,-65.68206,-67.06704,-68.76421,-70.45615,-72.49293,-74.18217,-76.59876,-78.29278,-80.36352,-82.44427,-84.5348,-86.6349,-88.32966,-90.44031
196.0931,195.9208,197.7208,196.5241,196.3061,196.0731,196.8142,195.5623,195.2845,195.9767,195.6677,195.3438,195.005,194.6514,196.2355,196.8228,201.2806,205.7027,211.0562,211.5378,210.0714,207.6325,206.1462,203.6929,201.2343,198.7708,197.2513,194.7768,194.1841,193.5767,193.8911,194.1847,194.4573,193.7814,194.0147,194.2265,194.4167,194.5852,194.7317,193.9499
-18.88161,-20.59211,-22.52744,-24.13013,-25.84419,-27.55627,-29.41407,-30.97402,-32.67943,-34.55599,-36.26487,-37.97099,-39.67422,-41.37443,-43.50436,-45.44011,-48.32319,-51.28744,-54.58284,-56.68137,-58.25797,-59.53767,-61.0633,-62.27517,-63.44892,-64.58455,-65.99937,-67.06704,-68.76421,-70.45615,-72.49293,-74.54053,-76.59876,-78.29278,-80.36352,-82.44427,-84.5348,-86.6349,-88.74435,-90.44031
197.0884,195.9208,197.7208,196.5241,196.3061,196.0731,195.8251,195.5623,195.2845,195.9767,194.6845,195.3438,195.005,195.6295,196.2355,196.8228,201.2806,205.7027,211.0562,211.5378,210.0714,207.6325,205.1874,203.6929,201.2343,198.7708,196.303,194.7768,194.1841,193.5767,193.8911,193.2511,193.5269,193.7814,194.0147,194.2265,194.4167,194.5852,194.7317,193.9499
-18.97746,-20.59211,-22.52744,-24.13013,-25.84419,-27.55627,-29.26626,-30.97402,-32.67943,-34.55599,-36.08263,-37.97099,-39.67422,-41.58234,-43.50436,-45.44011,-48.32319,-51.28744,-54.58284,-56.68137,-58.25797,-59.53767,-60.77928,-62.27517,-63.44892,-64.58455,-65.68206,-67.06704,-68.76421,-70.45615,-72.49293,-74.18217,-76.23226,-78.29278,-80.36352,-82.44427,-84.5348,-86.6349,-88.74435,-90.44031
197.0884,195.9208,195.7337,196.5241,196.3061,196.0731,195.8251,195.5623,195.2845,194.9919,195.6677,195.3438,195.005,194.6514,196.2355,196.8228,201.2806,205.7027,211.0562,211.5378,210.0714,207.6325,206.1462,203.6929,201.2343,198.7708,196.303,194.7768,194.1841,193.5767,193.8911,194.1847,193.5269,193.7814,194.0147,194.2265,194.4167,194.5852,194.7317,193.9499
-18.97746,-20.59211,-22.30103,-24.13013,-25.84419,-27.55627,-29.26626,-30.97402,-32.67943,-34.38234,-36.26487,-37.97099,-39.67422,-41.37443,-43.50436,-45.44011,-48.32319,-51.28744,-54.58284,-56.68137,-58.25797,-59.53767,-61.0633,-62.27517,-63.44892,-64.58455,-65.68206,-67.06704,-68.76421,-70.45615,-72.49293,-74.54053,-76.23226,-78.29278,-80.36352,-82.44427,-84.5348,-86.6349,-88.74435,-90.44031
197.0884,196.9153,196.7272,197.5167,196.3061,196.0731,195.8251,195.5623,195.2845,195.9767,194.6845,194.3622,194.0251,194.6514,196.2355,196.8228,201.2806,205.7027,211.0562,211.5378,210.0714,207.6325,206.1462,203.6929,201.2343,198.7708,197.2513,194.7768,194.1841,193.5767,193.8911,193.2511,193.5269,193.7814,194.0147,194.2265,194.4167,194.5852,194.7317,193.9499
-18.97746,-20.69664,-22.41424,-24.252,-25.84419,-27.55627,-29.26626,-30.97402,-32.67943,-34.55599,-36.08263,-37.78018,-39.47485,-41.37443,-43.50436,-45.44011,-48.32319,-51.28744,-54.58284,-56.68137,-58.25797,-59.53767,-61.0633,-62.27517,-63.44892,-64.58455,-65.99937,-67.06704,-68.76421,-70.45615,-72.49293,-74.18217,-76.23226,-78.29278,-80.36352,-82.44427,-84.5348,-86.6349,-88.74435,-90.44031
197.0884,196.9153,196.7272,196.5241,196.3061,196.0731,195.8251,196.55,196.2708,194.9919,194.6845,194.3622,194.0251,194.6514,195.2592,196.8228,201.2806,205.7027,211.0562,211.5378,210.0714,207.6325,206.1462,203.6929,201.2343,198.7708,196.303,194.7768,193.2415,193.5767,193.8911,193.2511,193.5269,193.7814,194.0147,194.2265,194.4167,194.5852,194.7317,193.9499
-18.97746,-20.69664,-22.41424,-24.13013,-25.84419,-27.55627,-29.26626,-31.13046,-32.84447,-34.38234,-36.08263,-37.78018,-39.47485,-41.37443,-43.28792,-45.44011,-48.32319,-51.28744,-54.58284,-56.68137,-58.25797,-59.53767,-61.0633,-62.27517,-63.44892,-64.58455,-65.68206,-67.06704,-68.43041,-70.45615,-72.49293,-74.18217,-76.23226,-78.29278,-80.36352,-82.44427,-84.5348,-86.6349,-88.74435,-90.44031
197.0884,197.9099,196.7272,196.5241,197.2975,196.0731,195.8251,195.5623,195.2845,195.9767,195.6677,195.3438,195.005,193.6732,195.2592,196.8228,201.2806,204.7324,211.0562,211.5378,210.0714,207.6325,206.1462,203.6929,201.2343,198.7708,197.2513,194.7768,194.1841,193.5767,193.8911,193.2511,193.5269,193.7814,194.0147,194.2265,193.4997,194.5852,193.8218,193.9499
-18.97746,-20.80116,-22.41424,-24.13013,-25.97471,-27.55627,-29.26626,-30.97402,-32.67943,-34.55599,-36.26487,-37.97099,-39.67422,-41.16651,-43.28792,-45.44011,-48.32319,-51.04552,-54.58284,-56.68137,-58.25797,-59.53767,-61.0633,-62.27517,-63.44892,-64.58455,-65.99937,-67.06704,-68.76421,-70.45615,-72.49293,-74.18217,-76.23226,-78.29278,-80.36352,-82.44427,-84.13605,-86.6349,-88.32966,-90.44031
196.0931,196.9153,196.7272,196.5241,197.2975,196.0731,195.8251,195.5623,195.2845,194.9919,195.6677,194.3622,195.005,194.6514,195.2592,196.8228,201.2806,204.7324,211.0562,211.5378,210.0714,207.6325,206.1462,203.6929,201.2343,198.7708,196.303,194.7768,193.2415,193.5767,193.8911,193.2511,193.5269,193.7814,194.0147,194.2265,194.4167,194.5852,194.7317,193.9499
-18.88161,-20.69664,-22.41424,-24.13013,-25.97471,-27.55627,-29.26626,-30.97402,-32.67943,-34.38234,-36.26487,-37.78018,-39.67422,-41.37443,-43.28792,-45.44011,-48.32319,-51.04552,-54.58284,-56.68137,-58.25797,-59.53767,-61.0633,-62.27517,-63.44892,-64.58455,-65.68206,-67.06704,-68.43041,-70.45615,-72.49293,-74.18217,-76.23226,-78.29278,-80.36352,-82.44427,-84.5348,-86.6349,-88.74435,-90.44031
197.0884,196.9153,196.7272,197.5167,197.2975,196.0731,196.8142,195.5623,195.2845,195.9767,194.6845,196.3254,195.005,193.6732,196.2355,197.7971,201.2806,204.7324,211.0562,211.5378,210.0714,207.6325,205.1874,203.6929,201.2343,198.7708,197.2513,194.7768,194.1841,193.5767,193.8911,193.2511,193.5269,193.7814,194.0147,194.2265,194.4167,194.5852,194.7317,193.9499
-18.97746,-20.69664,-22.41424,-24.252,-25.97471,-27.55627,-29.41407,-30.97402,-32.67943,-34.55599,-36.08263,-38.1618,-39.67422,-41.16651,-43.50436,-45.66506,-48.32319,-51.04552,-54.58284,-56.68137,-58.25797,-59.53767,-60.77928,-62.27517,-63.44892,-64.58455,-65.99937,-67.06704,-68.76421,-70.45615,-72.49293,-74.18217,-76.23226,-78.29278,-80.36352,-82.44427,-84.5348,-86.6349,-88.74435,-90.44031
197.0884,196.9153,196.7272,196.5241,197.2975,196.0731,195.8251,195.5623,195.2845,194.9919,195.6677,195.3438,195.005,194.6514,196.2355,196.8228,201.2806,205.7027,211.0562,211.5378,210.0714,207.6325,205.1874,203.6929,201.2343,199.7219,197.2513,194.7768,194.1841,193.5767,193.8911,193.2511,193.5269,194.7086,194.0147,194.2265,194.4167,194.5852,194.7317,193.9499
-18.97746,-20.69664,-22.41424,-24.13013,-25.97471,-27.55627,-29.26626,-30.97402,-32.67943,-34.38234,-36.26487,-37.97099,-39.67422,-41.37443,-43.50436,-45.44011,-48.32319,-51.28744,-54.58284,-56.68137,-58.25797,-59.53767,-60.77928,-62.27517,-63.44892,-64.89357,-65.99937,-67.06704,-68.76421,-70.45615,-72.49293,-74.18217,-76.23226,-78.66738,-80.36352,-82.44427,-84.5348,-86.6349,-88.74435,-90.44031
197.0884,196.9153,196.7272,197.5167,197.2975,196.0731,195.8251,195.5623,195.2845,194.9919,194.6845,195.3438,195.005,194.6514,195.2592,196.8228,201.2806,205.7027,211.0562,211.5378,210.0714,207.6325,205.1874,203.6929,201.2343,198.7708,196.303,194.7768,194.1841,193.5767,193.8911,193.2511,193.5269,193.7814,194.0147,194.2265,194.4167,194.5852,194.7317,193.9499
-18.97746,-20.69664,-22.41424,-24.252,-25.97471,-27.55627,-29.26626,-30.97402,-32.67943,-34.38234,-36.08263,-37.97099,-39.67422,-41.37443,-43.28792,-45.44011,-48.32319,-51.28744,-54.58284,-56.68137,-58.25797,-59.53767,-60.77928,-62.27517,-63.44892,-64.58455,-65.68206,-67.06704,-68.76421,-70.45615,-72.49293,-74.18217,-76.23226,-78.29278,-80.36352,-82.44427,-84.5348,-86.6349,-88.74435,-90.44031
197.0884,197.9099,197.7208,197.5167,196.3061,196.0731,195.8251,195.5623,195.2845,195.9767,195.6677,195.3438,195.005,194.6514,196.2355,196.8228,201.2806,205.7027,211.0562,211.5378,210.0714,207.6325,205.1874,203.6929,201.2343,198.7708,197.2513,194.7768,194.1841,193.5767,193.8911,193.2511,193.5269,193.7814,194.0147,194.2265,194.4167,194.5852,194.7317,193.9499
-18.97746,-20.80116,-22.52744,-24.252,-25.84419,-27.55627,-29.26626,-30.97402,-32.67943,-34.55599,-36.26487,-37.97099,-39.67422,-41.37443,-43.50436,-45.44011,-48.32319,-51.28744,-54.58284,-56.68137,-58.25797,-59.53767,-60.77928,-62.27517,-63.44892,-64.58455,-65.99937,-67.06704,-68.76421,-70.45615,-72.49293,-74.18217,-76.23226,-78.29278,-80.36352,-82.44427,-84.5348,-86.6349,-88.74435,-90.44031
197.0884,197.9099,196.7272,196.5241,197.2975,196.0731,195.8251,195.5623,195.2845,194.9919,195.6677,195.3438,195.005,194.6514,196.2355,196.8228,201.2806,205.7027,211.0562,211.5378,210.0714,207.6325,205.1874,203.6929,201.2343,198.7708,196.303,194.7768,194.1841,193.5767,193.8911,194.1847,193.5269,193.7814,194.0147,194.2265,194.4167,194.5852,194.7317,193.9499
-18.97746,-20.80116,-22.41424,-24.13013,-25.97471,-27.55627,-29.26626,-30.97402,-32.67943,-34.38234,-36.26487,-37.97099,-39.67422,-41.37443,-43.50436,-45.44011,-48.32319,-51.28744,-54.58284,-56.68137,-58.25797,-59.53767,-60.77928,-62.27517,-63.44892,-64.58455,-65.68206,-67.06704,-68.76421,-70.45615,-72.49293,-74.54053,-76.23226,-78.29278,-80.36352,-82.44427,-84.5348,-86.6349,-88.74435,-90.44031
197.0884,197.9099,196.7272,196.5241,196.3061,196.0731,195.8251,195.5623,195.2845,194.9919,195.6677,195.3438,195.005,194.6514,195.2592,196.8228,201.2806,205.7027,211.0562,211.5378,210.0714,207.6325,205.1874,203.6929,201.2343,198.7708,196.303,194.7768,194.1841,193.5767,193.8911,193.2511,193.5269,193.7814,194.0147,194.2265,194.4167,194.5852,194.7317,193.9499
-18.97746,-20.80116,-22.41424,-24.13013,-25.84419,-27.55627,-29.26626,-30.97402,-32.67943,-34.38234,-36.26487,-37.97099,-39.67422,-41.37443,-43.28792,-45.44011,-48.32319,-51.28744,-54.58284,-56.68137,-58.25797,-59.53767,-60.77928,-62.27517,-63.44892,-64.58455,-65.68206,-67.06704,-68.76421,-70.45615,-72.49293,-74.18217,-76.23226,-78.29278,-80.36352,-82.44427,-84.5348,-86.6349,-88.74435,-90.44031
197.0884,196.9153,196.7272,196.5241,197.2975,196.0731,195.8251,196.55,195.2845,194.9919,195.6677,195.3438,195.005,194.6514,195.2592,196.8228,201.2806,205.7027,211.0562,211.5378,210.0714,207.6325,205.1874,203.6929,201.2343,198.7708,196.303,194.7768,194.1841,193.5767,193.8911,194.1847,193.5269,193.7814,194.0147,194.2265,194.4167,194.5852,194.7317,193.9499
-18.97746,-20.69664,-22.41424,-24.13013,-25.97471,-27.55627,-29.26626,-31.13046,-32.67943,-34.38234,-36.26487,-37.97099,-39.67422,-41.37443,-43.28792,-45.44011,-48.32319,-51.28744,-54.58284,-56.68137,-58.25797,-59.53767,-60.77928,-62.27517,-63.44892,-64.58455,-65.68206,-67.06704,-68.76421,-70.45615,-72.49293,-74.54053,-76.23226,-78.29278,-80.36352,-82.44427,-84.5348,-86.6349,-88.74435,-90.44031
196.0931,196.9153,196.7272,197.5167,197.2975,196.0731,195.8251,195.5623,195.2845,194.9919,194.6845,194.3622,195.005,195.6295,196.2355,196.8228,201.2806,205.7027,211.0562,211.5378,210.0714,207.6325,206.1462,203.6929,201.2343,198.7708,196.303,194.7768,194.1841,193.5767,193.8911,194.1847,193.5269,193.7814,194.0147,194.2265,194.4167,194.5852,194.7317,193.9499
-18.88161,-20.69664,-22.41424,-24.252,-25.97471,-27.55627,-29.26626,-30.97402,-32.67943,-34.38234,-36.08263,-37.78018,-39.67422,-41.58234,-43.50436,-45.44011,-48.32319,-51.28744,-54.58284,-56.68137,-58.25797,-59.53767,-61.0633,-62.27517,-63.44892,-64.58455,-65.68206,-67.06704,-68.76421,-70.45615,-72.49293,-74.54053,-76.23226,-78.29278,-80.36352,-82.44427,-84.5348,-86.6349,-88.74435,-90.44031
197.0884,197.9099,197.7208,197.5167,196.3061,196.0731,195.8251,195.5623,196.2708,194.9919,195.6677,195.3438,195.005,194.6514,195.2592,196.8228,201.2806,205.7027,211.0562,211.5378,210.0714,207.6325,205.1874,203.6929,201.2343,198.7708,196.303,194.7768,194.1841,193.5767,193.8911,194.1847,193.5269,193.7814,194.0147,194.2265,194.4167,194.5852,194.7317,193.9499
-18.97746,-20.80116,-22.52744,-24.252,-25.84419,-27.55627,-29.26626,-30.97402,-32.84447,-34.38234,-36.26487,-37.97099,-39.67422,-41.37443,-43.28792,-45.44011,-48.32319,-51.28744,-54.58284,-56.68137,-58.25797,-59.53767,-60.77928,-62.27517,-63.44892,-64.58455,-65.68206,-67.06704,-68.76421,-70.45615,-72.49293,-74.54053,-76.23226,-78.29278,-80.36352,-82.44427,-84.5348,-86.6349,-88.74435,-90.44031
197.0884,196.9153,197.7208,196.5241,196.3061,196.0731,195.8251,195.5623,196.2708,194.9919,195.6677,194.3622,195.005,194.6514,196.2355,196.8228,201.2806,205.7027,211.0562,211.5378,210.0714,207.6325,206.1462,203.6929,201.2343,198.7708,196.303,194.7768,194.1841,193.5767,193.8911,193.2511,194.4573,193.7814,194.0147,194.2265,194.4167,194.5852,194.7317,193.9499
-18.97746,-20.69664,-22.52744,-24.13013,-25.84419,-27.55627,-29.26626,-30.97402,-32.84447,-34.38234,-36.26487,-37.78018,-39.67422,-41.37443,-43.50436,-45.44011,-48.32319,-51.28744,-54.58284,-56.68137,-58.25797,-59.53767,-61.0633,-62.27517,-63.44892,-64.58455,-65.68206,-67.06704,-68.76421,-70.45615,-72.49293,-74.18217,-76.59876,-78.29278,-80.36352,-82.44427,-84.5348,-86.6349,-88.74435,-90.44031
