165.1868,164.4629,163.7234,161.9809,161.2096,161.4137,160.6141,159.7999,157.9779,157.1345,157.2726,155.4064,154.5222,153.6249,152.7146,153.7889,153.8534,154.9056,155.9465,156.9761,157.994,159,159.9939,161.9753,161.9445,162.9007,162.8449,164.7739,165.6904,166.5932,167.4821,169.3531,169.2174,161.1125,152.0165,143.9192,139.7937,138.6375,138.4622,137.2887,137.0937,135.9035,135.6892,135.4646,134.2497,134.0062,133.7526,133.4887,132.2423,131.9602,131.6681,131.3659,131.0537,129.7703,130.3995,133.8827
30.61557,28.99925,27.3979,25.65525,24.09293,22.68522,21.14524,19.62096,17.99931,16.5155,15.14363,13.5963,12.16116,10.7425,9.340427,8.059737,6.717386,5.409422,4.083604,2.740028,1.378793,0,-1.396246,-2.82729,-4.240666,-5.688618,-7.10996,-8.635433,-10.13406,-11.64933,-13.18113,-14.81648,-16.29378,-16.93361,-17.32009,-17.67105,-18.40419,-19.48423,-20.69332,-21.74439,-22.94162,-23.96345,-25.1485,-26.33164,-27.31341,-28.4839,-29.65223,-30.81829,-31.74857,-32.90138,-34.05168,-35.19939,-36.34442,-37.21104,-38.62609,-40.93204
166.1701,164.4629,163.7234,162.9686,161.2096,160.4234,160.6141,158.8074,157.9779,157.1345,157.2726,155.4064,154.5222,153.6249,152.7146,152.7903,154.8525,154.9056,155.9465,156.9761,157.994,159,159.9939,160.9755,161.9445,162.9007,162.8449,163.7752,165.6904,166.5932,167.4821,169.3531,169.2174,161.1125,152.0165,142.9266,139.7937,138.6375,137.4732,137.2887,136.1074,135.9035,135.6892,135.4646,134.2497,134.0062,133.7526,133.4887,132.2423,131.9602,131.6681,131.3659,131.0537,129.7703,130.3995,132.9264
30.7978,28.99925,27.3979,25.81169,24.09293,22.54604,21.14524,19.49909,17.99931,16.5155,15.14363,13.5963,12.16116,10.7425,9.340427,8.007401,6.761005,5.409422,4.083604,2.740028,1.378793,0,-1.396246,-2.809837,-4.240666,-5.688618,-7.10996,-8.583097,-10.13406,-11.64933,-13.18113,-14.81648,-16.29378,-16.93361,-17.32009,-17.54919,-18.40419,-19.48423,-20.54551,-21.74439,-22.77657,-23.96345,-25.1485,-26.33164,-27.31341,-28.4839,-29.65223,-30.81829,-31.74857,-32.90138,-34.05168,-35.19939,-36.34442,-37.21104,-38.62609,-40.63967
166.1701,164.4629,163.7234,161.9809,161.2096,161.4137,160.6141,158.8074,157.9779,158.129,156.2772,155.4064,154.5222,153.6249,152.7146,152.7903,153.8534,154.9056,155.9465,156.9761,157.994,159,159.9939,160.9755,161.9445,162.9007,163.8439,163.7752,165.6904,166.5932,167.4821,168.3569,169.2174,161.1125,152.0165,143.9192,139.7937,138.6375,137.4732,137.2887,136.1074,136.8883,135.6892,134.4829,134.2497,134.0062,133.7526,133.4887,132.2423,131.9602,131.6681,131.3659,131.0537,130.7316,129.4407,132.9264
30.7978,28.99925,27.3979,25.65525,24.09293,22.68522,21.14524,19.49909,17.99931,16.62003,15.04778,13.5963,12.16116,10.7425,9.340427,8.007401,6.717386,5.409422,4.083604,2.740028,1.378793,0,-1.396246,-2.809837,-4.240666,-5.688618,-7.15358,-8.583097,-10.13406,-11.64933,-13.18113,-14.72932,-16.29378,-16.93361,-17.32009,-17.67105,-18.40419,-19.48423,-20.54551,-21.74439,-22.77657,-24.1371,-25.1485,-26.14083,-27.31341,-28.4839,-29.65223,-30.81829,-31.74857,-32.90138,-34.05168,-35.19939,-36.34442,-37.48668,-38.34207,-40.63967
166.1701,164.4629,163.7234,161.9809,161.2096,161.4137,160.6141,158.8074,157.9779,158.129,156.2772,155.4064,154.5222,153.6249,153.7128,153.7889,153.8534,155.905,155.9465,156.9761,157.994,159,159.9939,160.9755,161.9445,162.9007,162.8449,163.7752,165.6904,166.5932,167.4821,169.3531,169.2174,160.118,152.0165,142.9266,139.7937,138.6375,137.4732,137.2887,137.0937,135.9035,135.6892,135.4646,134.2497,134.0062,133.7526,133.4887,133.2147,131.9602,131.6681,131.3659,131.0537,130.7316,129.4407,132.9264
30.7978,28.99925,27.3979,25.65525,24.09293,22.68522,21.14524,19.49909,17.99931,16.62003,15.04778,13.5963,12.16116,10.7425,9.401475,8.059737,6.717386,5.444321,4.083604,2.740028,1.378793,0,-1.396246,-2.809837,-4.240666,-5.688618,-7.10996,-8.583097,-10.13406,-11.64933,-13.18113,-14.81648,-16.29378,-16.82908,-17.32009,-17.54919,-18.40419,-19.48423,-20.54551,-21.74439,-22.94162,-23.96345,-25.1485,-26.33164,-27.31341,-28.4839,-29.65223,-30.81829,-31.98201,-32.90138,-34.05168,-35.19939,-36.34442,-37.48668,-38.34207,-40.63967
165.1868,164.4629,163.7234,161.9809,161.2096,161.4137,160.6141,158.8074,157.9779,158.129,156.2772,155.4064,154.5222,153.6249,152.7146,152.7903,153.8534,154.9056,155.9465,156.9761,157.994,159,159.9939,160.9755,161.9445,162.9007,162.8449,164.7739,165.6904,165.5956,167.4821,168.3569,169.2174,161.1125,152.0165,142.9266,139.7937,138.6375,137.4732,137.2887,136.1074,135.9035,135.6892,135.4646,134.2497,134.0062,133.7526,133.4887,132.2423,131.9602,131.6681,131.3659,131.0537,130.7316,130.3995,133.8827
30.61557,28.99925,27.3979,25.65525,24.09293,22.68522,21.14524,19.49909,17.99931,16.62003,15.04778,13.5963,12.16116,10.7425,9.340427,8.007401,6.717386,5.409422,4.083604,2.740028,1.378793,0,-1.396246,-2.809837,-4.240666,-5.688618,-7.10996,-8.635433,-10.13406,-11.57957,-13.18113,-14.72932,-16.29378,-16.93361,-17.32009,-17.54919,-18.40419,-19.48423,-20.54551,-21.74439,-22.77657,-23.96345,-25.1485,-26.33164,-27.31341,-28.4839,-29.65223,-30.81829,-31.74857,-32.90138,-34.05168,-35.19939,-36.34442,-37.48668,-38.62609,-40.93204
165.1868,164.4629,163.7234,161.9809,161.2096,161.4137,160.6141,159.7999,157.9779,157.1345,156.2772,155.4064,154.5222,153.6249,152.7146,152.7903,153.8534,154.9056,155.9465,156.9761,157.994,159,159.9939,160.9755,161.9445,162.9007,162.8449,164.7739,165.6904,166.5932,167.4821,169.3531,169.2174,161.1125,152.0165,142.9266,139.7937,138.6375,137.4732,137.2887,136.1074,135.9035,135.6892,135.4646,135.2296,134.0062,133.7526,133.4887,133.2147,131.9602,131.6681,130.4,131.0537,130.7316,130.3995,132.9264
30.61557,28.99925,27.3979,25.65525,24.09293,22.68522,21.14524,19.62096,17.99931,16.5155,15.04778,13.5963,12.16116,10.7425,9.340427,8.007401,6.717386,5.409422,4.083604,2.740028,1.378793,0,-1.396246,-2.809837,-4.240666,-5.688618,-7.10996,-8.635433,-10.13406,-11.64933,-13.18113,-14.81648,-16.29378,-16.93361,-17.32009,-17.54919,-18.40419,-19.48423,-20.54551,-21.74439,-22.77657,-23.96345,-25.1485,-26.33164,-27.51277,-28.4839,-29.65223,-30.81829,-31.98201,-32.90138,-34.05168,-34.94057,-36.34442,-37.48668,-38.62609,-40.63967
166.1701,164.4629,163.7234,161.9809,161.2096,161.4137,160.6141,159.7999,157.9779,158.129,156.2772,155.4064,154.5222,153.6249,153.7128,152.7903,153.8534,154.9056,155.9465,156.9761,157.994,159,159.9939,160.9755,161.9445,162.9007,162.8449,163.7752,165.6904,166.5932,167.4821,168.3569,169.2174,161.1125,152.0165,142.9266,139.7937,138.6375,137.4732,137.2887,137.0937,135.9035,135.6892,135.4646,134.2497,134.0062,133.7526,133.4887,132.2423,131.9602,131.6681,131.3659,131.0537,130.7316,130.3995,133.8827
30.7978,28.99925,27.3979,25.65525,24.09293,22.68522,21.14524,19.62096,17.99931,16.62003,15.04778,13.5963,12.16116,10.7425,9.401475,8.007401,6.717386,5.409422,4.083604,2.740028,1.378793,0,-1.396246,-2.809837,-4.240666,-5.688618,-7.10996,-8.583097,-10.13406,-11.64933,-13.18113,-14.72932,-16.29378,-16.93361,-17.32009,-17.54919,-18.40419,-19.48423,-20.54551,-21.74439,-22.94162,-23.96345,-25.1485,-26.33164,-27.31341,-28.4839,-29.65223,-30.81829,-31.74857,-32.90138,-34.05168,-35.19939,-36.34442,-37.48668,-38.62609,-40.93204
166.1701,164.4629,163.7234,161.9809,161.2096,161.4137,160.6141,159.7999,157.9779,157.1345,156.2772,155.4064,154.5222,153.6249,152.7146,152.7903,154.8525,155.905,155.9465,157.9759,157.994,159,159.9939,160.9755,161.9445,162.9007,162.8449,163.7752,165.6904,166.5932,167.4821,169.3531,168.222,161.1125,153.0101,142.9266,139.7937,138.6375,137.4732,137.2887,137.0937,135.9035,135.6892,135.4646,134.2497,134.0062,133.7526,132.5143,132.2423,131.9602,131.6681,131.3659,130.0901,130.7316,130.3995,133.8827
30.7978,28.99925,27.3979,25.65525,24.09293,22.68522,21.14524,19.62096,17.99931,16.5155,15.04778,13.5963,12.16116,10.7425,9.340427,8.007401,6.761005,5.444321,4.083604,2.75748,1.378793,0,-1.396246,-2.809837,-4.240666,-5.688618,-7.10996,-8.583097,-10.13406,-11.64933,-13.18113,-14.81648,-16.19793,-16.93361,-17.43329,-17.54919,-18.40419,-19.48423,-20.54551,-21.74439,-22.94162,-23.96345,-25.1485,-26.33164,-27.31341,-28.4839,-29.65223,-30.59334,-31.74857,-32.90138,-34.05168,-35.19939,-36.07718,-37.48668,-38.62609,-40.93204
166.1701,164.4629,163.7234,161.9809,161.2096,161.4137,160.6141,159.7999,157.9779,158.129,156.2772,155.4064,154.5222,153.6249,152.7146,152.7903,154.8525,154.9056,155.9465,156.9761,157.994,159,159.9939,160.9755,161.9445,162.9007,162.8449,163.7752,165.6904,165.5956,167.4821,169.3531,169.2174,161.1125,152.0165,143.9192,139.7937,138.6375,137.4732,137.2887,137.0937,135.9035,135.6892,135.4646,134.2497,134.0062,133.7526,133.4887,132.2423,131.9602,131.6681,131.3659,131.0537,129.7703,130.3995,132.9264
30.7978,28.99925,27.3979,25.65525,24.09293,22.68522,21.14524,19.62096,17.99931,16.62003,15.04778,13.5963,12.16116,10.7425,9.340427,8.007401,6.761005,5.409422,4.083604,2.740028,1.378793,0,-1.396246,-2.809837,-4.240666,-5.688618,-7.10996,-8.583097,-10.13406,-11.57957,-13.18113,-14.81648,-16.29378,-16.93361,-17.32009,-17.67105,-18.40419,-19.48423,-20.54551,-21.74439,-22.94162,-23.96345,-25.1485,-26.33164,-27.31341,-28.4839,-29.65223,-30.81829,-31.74857,-32.90138,-34.05168,-35.19939,-36.34442,-37.21104,-38.62609,-40.63967
166.1701,164.4629,163.7234,161.9809,161.2096,161.4137,160.6141,158.8074,157.9779,157.1345,156.2772,156.4026,154.5222,153.6249,153.7128,152.7903,153.8534,155.905,155.9465,156.9761,157.994,159,159.9939,160.9755,161.9445,162.9007,162.8449,163.7752,165.6904,166.5932,167.4821,169.3531,169.2174,161.1125,152.0165,142.9266,139.7937,138.6375,137.4732,137.2887,136.1074,135.9035,135.6892,135.4646,134.2497,134.0062,133.7526,133.4887,132.2423,131.9602,131.6681,131.3659,131.0537,129.7703,130.3995,132.9264
30.7978,28.99925,27.3979,25.65525,24.09293,22.68522,21.14524,19.49909,17.99931,16.5155,15.04778,13.68345,12.16116,10.7425,9.401475,8.007401,6.717386,5.444321,4.083604,2.740028,1.378793,0,-1.396246,-2.809837,-4.240666,-5.688618,-7.10996,-8.583097,-10.13406,-11.64933,-13.18113,-14.81648,-16.29378,-16.93361,-17.32009,-17.54919,-18.40419,-19.48423,-20.54551,-21.74439,-22.77657,-23.96345,-25.1485,-26.33164,-27.31341,-28.4839,-29.65223,-30.81829,-31.74857,-32.90138,-34.05168,-35.19939,-36.34442,-37.21104,-38.62609,-40.63967
166.1701,164.4629,163.7234,161.9809,161.2096,161.4137,160.6141,159.7999,157.9779,157.1345,156.2772,155.4064,154.5222,153.6249,152.7146,152.7903,153.8534,154.9056,155.9465,156.9761,157.994,159,159.9939,160.9755,161.9445,162.9007,162.8449,163.7752,165.6904,166.5932,167.4821,169.3531,169.2174,161.1125,152.0165,142.9266,139.7937,138.6375,138.4622,137.2887,137.0937,136.8883,135.6892,135.4646,134.2497,134.0062,133.7526,133.4887,132.2423,131.9602,131.6681,131.3659,131.0537,129.7703,129.4407,132.9264
30.7978,28.99925,27.3979,25.65525,24.09293,22.68522,21.14524,19.62096,17.99931,16.5155,15.04778,13.5963,12.16116,10.7425,9.340427,8.007401,6.717386,5.409422,4.083604,2.740028,1.378793,0,-1.396246,-2.809837,-4.240666,-5.688618,-7.10996,-8.583097,-10.13406,-11.64933,-13.18113,-14.81648,-16.29378,-16.93361,-17.32009,-17.54919,-18.40419,-19.48423,-20.69332,-21.74439,-22.94162,-24.1371,-25.1485,-26.33164,-27.31341,-28.4839,-29.65223,-30.81829,-31.74857,-32.90138,-34.05168,-35.19939,-36.34442,-37.21104,-38.34207,-40.63967
165.1868,164.4629,163.7234,161.9809,161.2096,161.4137,160.6141,159.7999,157.9779,157.1345,156.2772,155.4064,154.5222,153.6249,152.7146,152.7903,153.8534,154.9056,155.9465,156.9761,157.994,159,159.9939,160.9755,161.9445,162.9007,162.8449,163.7752,165.6904,165.5956,167.4821,168.3569,169.2174,161.1125,152.0165,142.9266,139.7937,138.6375,137.4732,137.2887,137.0937,135.9035,135.6892,135.4646,134.2497,134.0062,133.7526,133.4887,133.2147,131.9602,131.6681,131.3659,131.0537,130.7316,130.3995,133.8827
30.61557,28.99925,27.3979,25.65525,24.09293,22.68522,21.14524,19.62096,17.99931,16.5155,15.04778,13.5963,12.16116,10.7425,9.340427,8.007401,6.717386,5.409422,4.083604,2.740028,1.378793,0,-1.396246,-2.809837,-4.240666,-5.688618,-7.10996,-8.583097,-10.13406,-11.57957,-13.18113,-14.72932,-16.29378,-16.93361,-17.32009,-17.54919,-18.40419,-19.48423,-20.54551,-21.74439,-22.94162,-23.96345,-25.1485,-26.33164,-27.31341,-28.4839,-29.65223,-30.81829,-31.98201,-32.90138,-34.05168,-35.19939,-36.34442,-37.48668,-38.62609,-40.93204
166.1701,164.4629,163.7234,161.9809,161.2096,161.4137,160.6141,158.8074,157.9779,157.1345,157.2726,155.4064,154.5222,153.6249,152.7146,153.7889,153.8534,155.905,155.9465,156.9761,157.994,159,159.9939,160.9755,161.9445,162.9007,162.8449,164.7739,165.6904,166.5932,167.4821,168.3569,169.2174,161.1125,152.0165,142.9266,139.7937,137.6473,137.4732,137.2887,137.0937,135.9035,135.6892,134.4829,135.2296,134.0062,133.7526,132.5143,132.2423,131.9602,131.6681,131.3659,130.0901,130.7316,130.3995,132.9264
30.7978,28.99925,27.3979,25.65525,24.09293,22.68522,21.14524,19.49909,17.99931,16.5155,15.14363,13.5963,12.16116,10.7425,9.340427,8.059737,6.717386,5.444321,4.083604,2.740028,1.378793,0,-1.396246,-2.809837,-4.240666,-5.688618,-7.10996,-8.635433,-10.13406,-11.64933,-13.18113,-14.72932,-16.29378,-16.93361,-17.32009,-17.54919,-18.40419,-19.34506,-20.54551,-21.74439,-22.94162,-23.96345,-25.1485,-26.14083,-27.51277,-28.4839,-29.65223,-30.59334,-31.74857,-32.90138,-34.05168,-35.19939,-36.07718,-37.48668,-38.62609,-40.63967
165.1868,164.4629,163.7234,161.9809,161.2096,161.4137,160.6141,159.7999,157.9779,158.129,156.2772,155.4064,154.5222,153.6249,152.7146,153.7889,153.8534,154.9056,155.9465,156.9761,157.994,159,159.9939,160.9755,161.9445,162.9007,162.8449,164.7739,165.6904,166.5932,167.4821,168.3569,169.2174,161.1125,152.0165,142.9266,139.7937,138.6375,137.4732,137.2887,137.0937,135.9035,135.6892,135.4646,135.2296,134.0062,133.7526,133.4887,132.2423,131.9602,131.6681,130.4,131.0537,130.7316,130.3995,133.8827
30.61557,28.99925,27.3979,25.65525,24.09293,22.68522,21.14524,19.62096,17.99931,16.62003,15.04778,13.5963,12.16116,10.7425,9.340427,8.059737,6.717386,5.409422,4.083604,2.740028,1.378793,0,-1.396246,-2.809837,-4.240666,-5.688618,-7.10996,-8.635433,-10.13406,-11.64933,-13.18113,-14.72932,-16.29378,-16.93361,-17.32009,-17.54919,-18.40419,-19.48423,-20.54551,-21.74439,-22.94162,-23.96345,-25.1485,-26.33164,-27.51277,-28.4839,-29.65223,-30.81829,-31.74857,-32.90138,-34.05168,-34.94057,-36.34442,-37.48668,-38.62609,-40.93204
166.1701,164.4629,163.7234,161.9809,161.2096,161.4137,160.6141,158.8074,157.9779,157.1345,156.2772,155.4064,154.5222,153.6249,152.7146,152.7903,153.8534,154.9056,155.9465,156.9761,157.994,159,159.9939,160.9755,161.9445,162.9007,162.8449,163.7752,165.6904,166.5932,167.4821,169.3531,169.2174,161.1125,152.0165,142.9266,139.7937,138.6375,137.4732,137.2887,136.1074,135.9035,135.6892,134.4829,134.2497,134.0062,133.7526,133.4887,132.2423,131.9602,131.6681,131.3659,131.0537,129.7703,129.4407,132.9264
30.7978,28.99925,27.3979,25.65525,24.09293,22.68522,21.14524,19.49909,17.99931,16.5155,15.04778,13.5963,12.16116,10.7425,9.340427,8.007401,6.717386,5.409422,4.083604,2.740028,1.378793,0,-1.396246,-2.809837,-4.240666,-5.688618,-7.10996,-8.583097,-10.13406,-11.64933,-13.18113,-14.81648,-16.29378,-16.93361,-17.32009,-17.54919,-18.40419,-19.48423,-20.54551,-21.74439,-22.77657,-23.96345,-25.1485,-26.14083,-27.31341,-28.4839,-29.65223,-30.81829,-31.74857,-32.90138,-34.05168,-35.19939,-36.34442,-37.21104,-38.34207,-40.63967
165.1868,164.4629,164.7097,161.9809,162.1986,161.4137,161.6055,159.7999,158.9715,157.1345,157.2726,155.4064,155.5191,153.6249,153.7128,152.7903,153.8534,154.9056,154.9469,156.9761,158.9939,159,160.9939,160.9755,162.9441,162.9007,163.8439,163.7752,166.6885,166.5932,168.479,169.3531,169.2174,161.1125,152.0165,142.9266,140.7852,138.6375,137.4732,137.2887,136.1074,135.9035,135.6892,135.4646,134.2497,134.0062,133.7526,133.4887,132.2423,131.9602,131.6681,131.3659,131.0537,130.7316,129.4407,133.8827
30.61557,28.99925,27.56295,25.65525,24.24074,22.68522,21.27577,19.62096,18.11251,16.5155,15.14363,13.5963,12.23962,10.7425,9.401475,8.007401,6.717386,5.409422,4.057427,2.740028,1.387519,0,-1.404972,-2.809837,-4.266843,-5.688618,-7.15358,-8.583097,-10.19511,-11.64933,-13.25959,-14.81648,-16.29378,-16.93361,-17.32009,-17.54919,-18.53472,-19.48423,-20.54551,-21.74439,-22.77657,-23.96345,-25.1485,-26.33164,-27.31341,-28.4839,-29.65223,-30.81829,-31.74857,-32.90138,-34.05168,-35.19939,-36.34442,-37.48668,-38.34207,-40.93204
165.1868,165.4477,164.7097,163.9563,162.1986,162.404,161.6055,160.7925,158.9715,158.129,157.2726,156.4026,155.5191,155.62,153.7128,154.7876,154.8525,155.905,156.9462,157.9759,158.9939,160,160.9939,161.9753,162.9441,163.9001,163.8439,164.7739,166.6885,167.5908,168.479,170.3493,169.2174,161.1125,152.0165,143.9192,140.7852,139.6278,138.4622,138.2764,137.0937,136.8883,136.6724,136.4462,135.2296,134.9844,134.7288,133.4887,133.2147,132.9305,132.6362,133.2978,131.0537,132.6541,130.3995,133.8827
30.61557,29.17289,27.56295,25.96812,24.24074,22.82439,21.27577,19.74283,18.11251,16.62003,15.14363,13.68345,12.23962,10.88201,9.401475,8.112073,6.761005,5.444321,4.109781,2.75748,1.387519,0,-1.404972,-2.82729,-4.266843,-5.723517,-7.15358,-8.635433,-10.19511,-11.71909,-13.25959,-14.90363,-16.29378,-16.93361,-17.32009,-17.67105,-18.53472,-19.62341,-20.69332,-21.90083,-22.94162,-24.1371,-25.33074,-26.52245,-27.51277,-28.69181,-29.86867,-30.81829,-31.98201,-33.1433,-34.30206,-35.71703,-36.34442,-38.03796,-38.62609,-40.93204
165.1868,166.4325,164.7097,162.9686,162.1986,162.404,161.6055,159.7999,158.9715,158.129,157.2726,156.4026,155.5191,154.6224,154.7109,153.7889,154.8525,155.905,156.9462,157.9759,158.9939,160,160.9939,161.9753,162.9441,163.9001,163.8439,164.7739,166.6885,167.5908,168.479,170.3493,169.2174,161.1125,152.0165,142.9266,140.7852,138.6375,138.4622,138.2764,138.08,136.8883,136.6724,135.4646,135.2296,134.9844,134.7288,134.4631,134.187,132.9305,132.6362,132.3318,132.0174,131.6929,131.3583,133.8827
30.61557,29.34654,27.56295,25.81169,24.24074,22.82439,21.27577,19.62096,18.11251,16.62003,15.14363,13.68345,12.23962,10.81225,9.462524,8.059737,6.761005,5.444321,4.109781,2.75748,1.387519,0,-1.404972,-2.82729,-4.266843,-5.723517,-7.15358,-8.635433,-10.19511,-11.71909,-13.25959,-14.90363,-16.29378,-16.93361,-17.32009,-17.54919,-18.53472,-19.48423,-20.69332,-21.90083,-23.10666,-24.1371,-25.33074,-26.33164,-27.51277,-28.69181,-29.86867,-31.04325,-32.21546,-33.1433,-34.30206,-35.45821,-36.61166,-37.76232,-38.9101,-40.93204
166.1701,165.4477,164.7097,162.9686,162.1986,162.404,161.6055,159.7999,158.9715,158.129,157.2726,156.4026,155.5191,154.6224,153.7128,153.7889,154.8525,155.905,156.9462,157.9759,158.9939,160,160.9939,161.9753,162.9441,163.9001,163.8439,164.7739,165.6904,167.5908,168.479,170.3493,169.2174,161.1125,152.0165,143.9192,140.7852,138.6375,138.4622,138.2764,137.0937,136.8883,136.6724,136.4462,135.2296,134.9844,134.7288,134.4631,134.187,132.9305,132.6362,132.3318,132.981,130.7316,131.3583,133.8827
30.7978,29.17289,27.56295,25.81169,24.24074,22.82439,21.27577,19.62096,18.11251,16.62003,15.14363,13.68345,12.23962,10.81225,9.401475,8.059737,6.761005,5.444321,4.109781,2.75748,1.387519,0,-1.404972,-2.82729,-4.266843,-5.723517,-7.15358,-8.635433,-10.13406,-11.71909,-13.25959,-14.90363,-16.29378,-16.93361,-17.32009,-17.67105,-18.53472,-19.48423,-20.69332,-21.90083,-22.94162,-24.1371,-25.33074,-26.52245,-27.51277,-28.69181,-29.86867,-31.04325,-32.21546,-33.1433,-34.30206,-35.45821,-36.8789,-37.48668,-38.9101,-40.93204
165.1868,165.4477,164.7097,162.9686,162.1986,162.404,161.6055,160.7925,158.9715,158.129,157.2726,156.4026,155.5191,154.6224,153.7128,154.7876,154.8525,156.9044,156.9462,157.9759,158.9939,160,160.9939,161.9753,162.9441,163.9001,163.8439,165.7725,166.6885,167.5908,168.479,170.3493,169.2174,161.1125,152.0165,142.9266,140.7852,139.6278,138.4622,138.2764,138.08,136.8883,136.6724,135.4646,136.2095,134.9844,134.7288,134.4631,133.2147,132.9305,133.6044,132.3318,132.0174,130.7316,130.3995,132.9264
30.61557,29.17289,27.56295,25.81169,24.24074,22.82439,21.27577,19.74283,18.11251,16.62003,15.14363,13.68345,12.23962,10.81225,9.401475,8.112073,6.761005,5.479221,4.109781,2.75748,1.387519,0,-1.404972,-2.82729,-4.266843,-5.723517,-7.15358,-8.687769,-10.19511,-11.71909,-13.25959,-14.90363,-16.29378,-16.93361,-17.32009,-17.54919,-18.53472,-19.62341,-20.69332,-21.90083,-23.10666,-24.1371,-25.33074,-26.33164,-27.71214,-28.69181,-29.86867,-31.04325,-31.98201,-33.1433,-34.55244,-35.45821,-36.61166,-37.48668,-38.62609,-40.63967
165.1868,165.4477,163.7234,162.9686,162.1986,162.404,161.6055,159.7999,158.9715,158.129,157.2726,156.4026,155.5191,154.6224,153.7128,154.7876,154.8525,155.905,156.9462,157.9759,158.9939,160,160.9939,161.9753,162.9441,163.9001,163.8439,165.7725,166.6885,167.5908,168.479,170.3493,169.2174,161.1125,152.0165,142.9266,140.7852,138.6375,138.4622,138.2764,138.08,136.8883,136.6724,136.4462,135.2296,134.9844,134.7288,134.4631,134.187,132.9305,132.6362,132.3318,132.981,131.6929,131.3583,132.9264
30.61557,29.17289,27.3979,25.81169,24.24074,22.82439,21.27577,19.62096,18.11251,16.62003,15.14363,13.68345,12.23962,10.81225,9.401475,8.112073,6.761005,5.444321,4.109781,2.75748,1.387519,0,-1.404972,-2.82729,-4.266843,-5.723517,-7.15358,-8.687769,-10.19511,-11.71909,-13.25959,-14.90363,-16.29378,-16.93361,-17.32009,-17.54919,-18.53472,-19.48423,-20.69332,-21.90083,-23.10666,-24.1371,-25.33074,-26.52245,-27.51277,-28.69181,-29.86867,-31.04325,-32.21546,-33.1433,-34.30206,-35.45821,-36.8789,-37.76232,-38.9101,-40.63967
165.1868,165.4477,164.7097,162.9686,162.1986,162.404,161.6055,160.7925,158.9715,158.129,157.2726,156.4026,155.5191,154.6224,153.7128,154.7876,154.8525,155.905,156.9462,157.9759,158.9939,160,160.9939,161.9753,163.9438,163.9001,163.8439,164.7739,166.6885,167.5908,168.479,170.3493,169.2174,161.1125,152.0165,142.9266,140.7852,139.6278,138.4622,138.2764,138.08,136.8883,136.6724,135.4646,135.2296,134.9844,134.7288,133.4887,133.2147,132.9305,132.6362,133.2978,132.0174,131.6929,130.3995,133.8827
30.61557,29.17289,27.56295,25.81169,24.24074,22.82439,21.27577,19.74283,18.11251,16.62003,15.14363,13.68345,12.23962,10.81225,9.401475,8.112073,6.761005,5.444321,4.109781,2.75748,1.387519,0,-1.404972,-2.82729,-4.29302,-5.723517,-7.15358,-8.635433,-10.19511,-11.71909,-13.25959,-14.90363,-16.29378,-16.93361,-17.32009,-17.54919,-18.53472,-19.62341,-20.69332,-21.90083,-23.10666,-24.1371,-25.33074,-26.33164,-27.51277,-28.69181,-29.86867,-30.81829,-31.98201,-33.1433,-34.30206,-35.71703,-36.61166,-37.76232,-38.62609,-40.93204
166.1701,165.4477,164.7097,162.9686,162.1986,162.404,161.6055,160.7925,158.9715,159.1235,157.2726,156.4026,155.5191,154.6224,153.7128,154.7876,154.8525,155.905,156.9462,157.9759,158.9939,160,160.9939,161.9753,162.9441,163.9001,163.8439,164.7739,166.6885,166.5932,168.479,170.3493,170.2127,161.1125,152.0165,142.9266,140.7852,139.6278,138.4622,138.2764,138.08,136.8883,136.6724,136.4462,135.2296,134.9844,134.7288,134.4631,133.2147,132.9305,132.6362,132.3318,132.981,131.6929,131.3583,133.8827
30.7978,29.17289,27.56295,25.81169,24.24074,22.82439,21.27577,19.74283,18.11251,16.72455,15.14363,13.68345,12.23962,10.81225,9.401475,8.112073,6.761005,5.444321,4.109781,2.75748,1.387519,0,-1.404972,-2.82729,-4.266843,-5.723517,-7.15358,-8.635433,-10.19511,-11.64933,-13.25959,-14.90363,-16.38962,-16.93361,-17.32009,-17.54919,-18.53472,-19.62341,-20.69332,-21.90083,-23.10666,-24.1371,-25.33074,-26.52245,-27.51277,-28.69181,-29.86867,-31.04325,-31.98201,-33.1433,-34.30206,-35.45821,-36.8789,-37.76232,-38.9101,-40.93204
166.1701,165.4477,164.7097,162.9686,162.1986,162.404,161.6055,160.7925,158.9715,159.1235,157.2726,156.4026,155.5191,154.6224,153.7128,153.7889,155.8515,155.905,156.9462,157.9759,158.9939,160,160.9939,161.9753,162.9441,163.9001,163.8439,164.7739,166.6885,167.5908,168.479,170.3493,169.2174,161.1125,152.0165,142.9266,140.7852,139.6278,138.4622,138.2764,138.08,136.8883,136.6724,136.4462,135.2296,134.9844,134.7288,133.4887,133.2147,132.9305,132.6362,132.3318,132.0174,131.6929,131.3583,132.9264
30.7978,29.17289,27.56295,25.81169,24.24074,22.82439,21.27577,19.74283,18.11251,16.72455,15.14363,13.68345,12.23962,10.81225,9.401475,8.059737,6.804624,5.444321,4.109781,2.75748,1.387519,0,-1.404972,-2.82729,-4.266843,-5.723517,-7.15358,-8.635433,-10.19511,-11.71909,-13.25959,-14.90363,-16.29378,-16.93361,-17.32009,-17.54919,-18.53472,-19.62341,-20.69332,-21.90083,-23.10666,-24.1371,-25.33074,-26.52245,-27.51277,-28.69181,-29.86867,-30.81829,-31.98201,-33.1433,-34.30206,-35.45821,-36.61166,-37.76232,-38.9101,-40.63967
164.2036,165.4477,164.7097,162.9686,162.1986,162.404,161.6055,160.7925,158.9715,159.1235,157.2726,156.4026,155.5191,154.6224,154.7109,153.7889,154.8525,156.9044,156.9462,157.9759,158.9939,160,160.9939,161.9753,162.9441,163.9001,163.8439,165.7725,166.6885,167.5908,168.479,170.3493,169.2174,161.1125,152.0165,142.9266,140.7852,138.6375,138.4622,138.2764,138.08,136.8883,136.6724,136.4462,135.2296,134.9844,134.7288,134.4631,133.2147,132.9305,133.6044,132.3318,131.0537,131.6929,130.3995,133.8827
30.43333,29.17289,27.56295,25.81169,24.24074,22.82439,21.27577,19.74283,18.11251,16.72455,15.14363,13.68345,12.23962,10.81225,9.462524,8.059737,6.761005,5.479221,4.109781,2.75748,1.387519,0,-1.404972,-2.82729,-4.266843,-5.723517,-7.15358,-8.687769,-10.19511,-11.71909,-13.25959,-14.90363,-16.29378,-16.93361,-17.32009,-17.54919,-18.53472,-19.48423,-20.69332,-21.90083,-23.10666,-24.1371,-25.33074,-26.52245,-27.51277,-28.69181,-29.86867,-31.04325,-31.98201,-33.1433,-34.55244,-35.45821,-36.34442,-37.76232,-38.62609,-40.93204
165.1868,165.4477,164.7097,162.9686,162.1986,162.404,161.6055,159.7999,158.9715,158.129,157.2726,156.4026,155.5191,154.6224,153.7128,153.7889,154.8525,155.905,156.9462,157.9759,159.9939,160,160.9939,161.9753,162.9441,163.9001,163.8439,164.7739,166.6885,167.5908,168.479,170.3493,169.2174,161.1125,152.0165,142.9266,140.7852,138.6375,138.4622,138.2764,138.08,136.8883,136.6724,136.4462,135.2296,134.9844,134.7288,133.4887,133.2147,132.9305,132.6362,133.2978,132.0174,131.6929,131.3583,133.8827
30.61557,29.17289,27.56295,25.81169,24.24074,22.82439,21.27577,19.62096,18.11251,16.62003,15.14363,13.68345,12.23962,10.81225,9.401475,8.059737,6.761005,5.444321,4.109781,2.75748,1.396246,0,-1.404972,-2.82729,-4.266843,-5.723517,-7.15358,-8.635433,-10.19511,-11.71909,-13.25959,-14.90363,-16.29378,-16.93361,-17.32009,-17.54919,-18.53472,-19.48423,-20.69332,-21.90083,-23.10666,-24.1371,-25.33074,-26.52245,-27.51277,-28.69181,-29.86867,-30.81829,-31.98201,-33.1433,-34.30206,-35.71703,-36.61166,-37.76232,-38.9101,-40.93204
165.1868,165.4477,164.7097,162.9686,162.1986,162.404,161.6055,160.7925,158.9715,158.129,157.2726,156.4026,155.5191,154.6224,153.7128,153.7889,154.8525,155.905,156.9462,157.9759,158.9939,160,160.9939,161.9753,162.9441,163.9001,163.8439,165.7725,166.6885,167.5908,168.479,170.3493,169.2174,160.118,152.0165,142.9266,140.7852,139.6278,138.4622,138.2764,137.0937,136.8883,136.6724,136.4462,136.2095,134.9844,134.7288,133.4887,133.2147,132.9305,132.6362,132.3318,132.0174,131.6929,131.3583,133.8827
30.61557,29.17289,27.56295,25.81169,24.24074,22.82439,21.27577,19.74283,18.11251,16.62003,15.14363,13.68345,12.23962,10.81225,9.401475,8.059737,6.761005,5.444321,4.109781,2.75748,1.387519,0,-1.404972,-2.82729,-4.266843,-5.723517,-7.15358,-8.687769,-10.19511,-11.71909,-13.25959,-14.90363,-16.29378,-16.82908,-17.32009,-17.54919,-18.53472,-19.62341,-20.69332,-21.90083,-22.94162,-24.1371,-25.33074,-26.52245,-27.71214,-28.69181,-29.86867,-30.81829,-31.98201,-33.1433,-34.30206,-35.45821,-36.61166,-37.76232,-38.9101,-40.93204
165.1868,165.4477,163.7234,162.9686,162.1986,162.404,161.6055,160.7925,158.9715,158.129,157.2726,156.4026,154.5222,154.6224,153.7128,153.7889,155.8515,155.905,156.9462,157.9759,158.9939,160,160.9939,162.9752,162.9441,163.9001,163.8439,165.7725,166.6885,167.5908,168.479,170.3493,169.2174,161.1125,152.0165,142.9266,140.7852,139.6278,138.4622,138.2764,138.08,136.8883,136.6724,136.4462,135.2296,134.9844,134.7288,133.4887,133.2147,133.9008,132.6362,132.3318,132.0174,131.6929,131.3583,133.8827
30.61557,29.17289,27.3979,25.81169,24.24074,22.82439,21.27577,19.74283,18.11251,16.62003,15.14363,13.68345,12.16116,10.81225,9.401475,8.059737,6.804624,5.444321,4.109781,2.75748,1.387519,0,-1.404972,-2.844742,-4.266843,-5.723517,-7.15358,-8.687769,-10.19511,-11.71909,-13.25959,-14.90363,-16.29378,-16.93361,-17.32009,-17.54919,-18.53472,-19.62341,-20.69332,-21.90083,-23.10666,-24.1371,-25.33074,-26.52245,-27.51277,-28.69181,-29.86867,-30.81829,-31.98201,-33.38522,-34.30206,-35.45821,-36.61166,-37.76232,-38.9101,-40.93204
166.1701,165.4477,164.7097,162.9686,162.1986,162.404,161.6055,159.7999,158.9715,158.129,157.2726,156.4026,155.5191,154.6224,153.7128,153.7889,154.8525,155.905,156.9462,158.9758,158.9939,160,160.9939,161.9753,162.9441,163.9001,163.8439,165.7725,166.6885,167.5908,168.479,170.3493,169.2174,161.1125,152.0165,143.9192,140.7852,139.6278,138.4622,138.2764,138.08,136.8883,136.6724,135.4646,135.2296,134.9844,134.7288,134.4631,134.187,132.9305,132.6362,133.2978,132.0174,131.6929,131.3583,132.9264
30.7978,29.17289,27.56295,25.81169,24.24074,22.82439,21.27577,19.62096,18.11251,16.62003,15.14363,13.68345,12.23962,10.81225,9.401475,8.059737,6.761005,5.444321,4.109781,2.774933,1.387519,0,-1.404972,-2.82729,-4.266843,-5.723517,-7.15358,-8.687769,-10.19511,-11.71909,-13.25959,-14.90363,-16.29378,-16.93361,-17.32009,-17.67105,-18.53472,-19.62341,-20.69332,-21.90083,-23.10666,-24.1371,-25.33074,-26.33164,-27.51277,-28.69181,-29.86867,-31.04325,-32.21546,-33.1433,-34.30206,-35.71703,-36.61166,-37.76232,-38.9101,-40.63967
165.1868,165.4477,164.7097,162.9686,162.1986,162.404,161.6055,160.7925,158.9715,158.129,157.2726,156.4026,155.5191,154.6224,154.7109,154.7876,154.8525,156.9044,156.9462,157.9759,158.9939,160,160.9939,161.9753,162.9441,163.9001,163.8439,164.7739,166.6885,167.5908,168.479,170.3493,169.2174,161.1125,152.0165,143.9192,139.7937,139.6278,138.4622,138.2764,138.08,136.8883,136.6724,135.4646,136.2095,134.9844,134.7288,134.4631,133.2147,133.9008,133.6044,132.3318,132.0174,131.6929,131.3583,132.9264
30.61557,29.17289,27.56295,25.81169,24.24074,22.82439,21.27577,19.74283,18.11251,16.62003,15.14363,13.68345,12.23962,10.81225,9.462524,8.112073,6.761005,5.479221,4.109781,2.75748,1.387519,0,-1.404972,-2.82729,-4.266843,-5.723517,-7.15358,-8.635433,-10.19511,-11.71909,-13.25959,-14.90363,-16.29378,-16.93361,-17.32009,-17.67105,-18.40419,-19.62341,-20.69332,-21.90083,-23.10666,-24.1371,-25.33074,-26.33164,-27.71214,-28.69181,-29.86867,-31.04325,-31.98201,-33.38522,-34.55244,-35.45821,-36.61166,-37.76232,-38.9101,-40.63967
