210.6064,209.7122,209.8001,207.8733,205.9294,205.9686,204.9922,205,203.9922,201.9692,200.9311,199.8782,199.8096,200.7245,202.6214,203.5031,204.3681,206.2123,207.0424,208.8496,208.6501,211.4123,213.1606,212.9076,204.7263,196.55,190.3531,187.1135,186.8184,185.5275,185.2058,184.8699,184.5199,184.1559,183.7779,183.3859,182.9799,181.5941,181.1625,180.7172,180.2581,178.829
12.88124,10.99055,9.160071,7.259095,5.392451,3.595196,1.78894,0,-1.780213,-3.525386,-5.261567,-6.979899,-8.723877,-10.51953,-12.39285,-14.23032,-16.08411,-18.04124,-19.93592,-21.95098,-23.77267,-25.95817,-28.06313,-29.92222,-30.59655,-31.13046,-31.85419,-32.99315,-34.62475,-36.0629,-37.68054,-39.29531,-40.90709,-42.51575,-44.12117,-45.72324,-47.32182,-48.65798,-50.24081,-51.81982,-53.39488,-54.67351
210.6064,209.7122,208.8011,207.8733,205.9294,205.9686,203.9922,205,203.9922,201.9692,200.9311,199.8782,200.8087,201.7232,202.6214,203.5031,204.3681,205.2161,207.0424,208.8496,208.6501,211.4123,212.1692,212.9076,204.7263,196.55,189.3668,187.1135,186.8184,185.5275,185.2058,184.8699,184.5199,184.1559,183.7779,182.4156,182.0118,181.5941,181.1625,180.7172,180.2581,181.6979
12.88124,10.99055,9.116452,7.259095,5.392451,3.595196,1.780213,0,-1.780213,-3.525386,-5.261567,-6.979899,-8.767497,-10.57186,-12.39285,-14.23032,-16.08411,-17.95408,-19.93592,-21.95098,-23.77267,-25.95817,-27.93261,-29.92222,-30.59655,-31.13046,-31.68914,-32.99315,-34.62475,-36.0629,-37.68054,-39.29531,-40.90709,-42.51575,-44.12117,-45.48132,-47.07144,-48.65798,-50.24081,-51.81982,-53.39488,-55.55062
210.6064,209.7122,208.8011,207.8733,205.9294,205.9686,204.9922,204,203.9922,202.9691,200.9311,199.8782,199.8096,200.7245,202.6214,203.5031,204.3681,206.2123,207.0424,208.8496,209.6437,211.4123,213.1606,212.9076,204.7263,196.55,189.3668,186.1287,186.8184,185.5275,185.2058,184.8699,184.5199,184.1559,183.7779,183.3859,182.0118,181.5941,181.1625,180.7172,180.2581,181.6979
12.88124,10.99055,9.116452,7.259095,5.392451,3.595196,1.78894,0,-1.780213,-3.542839,-5.261567,-6.979899,-8.723877,-10.51953,-12.39285,-14.23032,-16.08411,-18.04124,-19.93592,-21.95098,-23.88588,-25.95817,-28.06313,-29.92222,-30.59655,-31.13046,-31.68914,-32.81951,-34.62475,-36.0629,-37.68054,-39.29531,-40.90709,-42.51575,-44.12117,-45.72324,-47.07144,-48.65798,-50.24081,-51.81982,-53.39488,-55.55062
210.6064,209.7122,208.8011,207.8733,205.9294,204.9688,204.9922,205,203.9922,201.9692,200.9311,199.8782,199.8096,201.7232,203.6195,203.5031,204.3681,206.2123,207.0424,208.8496,209.6437,210.4198,213.1606,213.8979,204.7263,196.55,189.3668,187.1135,186.8184,185.5275,185.2058,184.8699,184.5199,184.1559,183.7779,183.3859,182.9799,182.56,181.1625,180.7172,180.2581,177.8727
12.88124,10.99055,9.116452,7.259095,5.392451,3.577743,1.78894,0,-1.780213,-3.525386,-5.261567,-6.979899,-8.723877,-10.57186,-12.4539,-14.23032,-16.08411,-18.04124,-19.93592,-21.95098,-23.88588,-25.8363,-28.06313,-30.06139,-30.59655,-31.13046,-31.68914,-32.99315,-34.62475,-36.0629,-37.68054,-39.29531,-40.90709,-42.51575,-44.12117,-45.72324,-47.32182,-48.9168,-50.24081,-51.81982,-53.39488,-54.38114
210.6064,209.7122,207.802,207.8733,205.9294,205.9686,204.9922,205,203.9922,202.9691,200.9311,199.8782,199.8096,201.7232,203.6195,203.5031,204.3681,205.2161,207.0424,208.8496,208.6501,211.4123,212.1692,213.8979,204.7263,196.55,189.3668,186.1287,185.8352,185.5275,185.2058,184.8699,184.5199,184.1559,183.7779,183.3859,182.0118,181.5941,181.1625,180.7172,180.2581,177.8727
12.88124,10.99055,9.072833,7.259095,5.392451,3.595196,1.78894,0,-1.780213,-3.542839,-5.261567,-6.979899,-8.723877,-10.57186,-12.4539,-14.23032,-16.08411,-17.95408,-19.93592,-21.95098,-23.77267,-25.95817,-27.93261,-30.06139,-30.59655,-31.13046,-31.68914,-32.81951,-34.44251,-36.0629,-37.68054,-39.29531,-40.90709,-42.51575,-44.12117,-45.72324,-47.07144,-48.65798,-50.24081,-51.81982,-53.39488,-54.38114
210.6064,209.7122,208.8011,208.8727,205.9294,204.9688,203.9922,205,203.9922,202.9691,200.9311,199.8782,199.8096,201.7232,202.6214,203.5031,204.3681,206.2123,207.0424,208.8496,209.6437,211.4123,213.1606,212.9076,204.7263,196.55,189.3668,187.1135,186.8184,185.5275,185.2058,184.8699,184.5199,184.1559,183.7779,183.3859,182.0118,181.5941,181.1625,179.7559,180.2581,179.7853
12.88124,10.99055,9.116452,7.293995,5.392451,3.577743,1.780213,0,-1.780213,-3.542839,-5.261567,-6.979899,-8.723877,-10.57186,-12.39285,-14.23032,-16.08411,-18.04124,-19.93592,-21.95098,-23.88588,-25.95817,-28.06313,-29.92222,-30.59655,-31.13046,-31.68914,-32.99315,-34.62475,-36.0629,-37.68054,-39.29531,-40.90709,-42.51575,-44.12117,-45.72324,-47.07144,-48.65798,-50.24081,-51.54419,-53.39488,-54.96588
210.6064,209.7122,208.8011,207.8733,205.9294,204.9688,204.9922,205,203.9922,201.9692,201.9308,199.8782,199.8096,200.7245,202.6214,203.5031,204.3681,206.2123,207.0424,208.8496,208.6501,211.4123,213.1606,212.9076,204.7263,196.55,190.3531,187.1135,186.8184,185.5275,185.2058,184.8699,184.5199,184.1559,183.7779,183.3859,182.0118,181.5941,181.1625,180.7172,180.2581,181.6979
12.88124,10.99055,9.116452,7.259095,5.392451,3.577743,1.78894,0,-1.780213,-3.525386,-5.287744,-6.979899,-8.723877,-10.51953,-12.39285,-14.23032,-16.08411,-18.04124,-19.93592,-21.95098,-23.77267,-25.95817,-28.06313,-29.92222,-30.59655,-31.13046,-31.85419,-32.99315,-34.62475,-36.0629,-37.68054,-39.29531,-40.90709,-42.51575,-44.12117,-45.72324,-47.07144,-48.65798,-50.24081,-51.81982,-53.39488,-55.55062
210.6064,208.7136,208.8011,208.8727,206.9291,204.9688,204.9922,205,203.9922,202.9691,200.9311,199.8782,199.8096,200.7245,202.6214,203.5031,204.3681,206.2123,207.0424,208.8496,208.6501,211.4123,213.1606,212.9076,204.7263,196.55,189.3668,187.1135,185.8352,185.5275,185.2058,184.8699,184.5199,184.1559,183.7779,183.3859,182.0118,181.5941,181.1625,180.7172,180.2581,182.6542
12.88124,10.93821,9.116452,7.293995,5.418628,3.577743,1.78894,0,-1.780213,-3.542839,-5.261567,-6.979899,-8.723877,-10.51953,-12.39285,-14.23032,-16.08411,-18.04124,-19.93592,-21.95098,-23.77267,-25.95817,-28.06313,-29.92222,-30.59655,-31.13046,-31.68914,-32.99315,-34.44251,-36.0629,-37.68054,-39.29531,-40.90709,-42.51575,-44.12117,-45.72324,-47.07144,-48.65798,-50.24081,-51.81982,-53.39488,-55.843
210.6064,209.7122,208.8011,207.8733,205.9294,204.9688,204.9922,204,203.9922,202.9691,200.9311,199.8782,199.8096,201.7232,202.6214,204.5006,204.3681,206.2123,207.0424,208.8496,209.6437,211.4123,212.1692,212.9076,204.7263,196.55,190.3531,187.1135,186.8184,185.5275,185.2058,184.8699,184.5199,184.1559,183.7779,183.3859,182.0118,181.5941,181.1625,180.7172,180.2581,178.829
12.88124,10.99055,9.116452,7.259095,5.392451,3.577743,1.78894,0,-1.780213,-3.542839,-5.261567,-6.979899,-8.723877,-10.57186,-12.39285,-14.30008,-16.08411,-18.04124,-19.93592,-21.95098,-23.88588,-25.95817,-27.93261,-29.92222,-30.59655,-31.13046,-31.85419,-32.99315,-34.62475,-36.0629,-37.68054,-39.29531,-40.90709,-42.51575,-44.12117,-45.72324,-47.07144,-48.65798,-50.24081,-51.81982,-53.39488,-54.67351
210.6064,209.7122,207.802,207.8733,206.9291,205.9686,204.9922,205,203.9922,202.9691,200.9311,199.8782,199.8096,200.7245,202.6214,203.5031,204.3681,206.2123,208.0378,208.8496,208.6501,211.4123,213.1606,212.9076,204.7263,196.55,190.3531,187.1135,186.8184,185.5275,185.2058,184.8699,184.5199,184.1559,183.7779,183.3859,182.0118,181.5941,181.1625,180.7172,180.2581,185.5231
12.88124,10.99055,9.072833,7.259095,5.418628,3.595196,1.78894,0,-1.780213,-3.542839,-5.261567,-6.979899,-8.723877,-10.51953,-12.39285,-14.23032,-16.08411,-18.04124,-20.03176,-21.95098,-23.77267,-25.95817,-28.06313,-29.92222,-30.59655,-31.13046,-31.85419,-32.99315,-34.62475,-36.0629,-37.68054,-39.29531,-40.90709,-42.51575,-44.12117,-45.72324,-47.07144,-48.65798,-50.24081,-51.81982,-53.39488,-56.72011
210.6064,209.7122,209.8001,207.8733,205.9294,205.9686,204.9922,205,203.9922,202.9691,200.9311,199.8782,199.8096,202.7218,202.6214,203.5031,204.3681,206.2123,207.0424,208.8496,208.6501,211.4123,212.1692,212.9076,204.7263,196.55,190.3531,187.1135,186.8184,185.5275,185.2058,184.8699,184.5199,184.1559,183.7779,183.3859,182.0118,181.5941,181.1625,180.7172,180.2581,178.829
12.88124,10.99055,9.160071,7.259095,5.392451,3.595196,1.78894,0,-1.780213,-3.542839,-5.261567,-6.979899,-8.723877,-10.6242,-12.39285,-14.23032,-16.08411,-18.04124,-19.93592,-21.95098,-23.77267,-25.95817,-27.93261,-29.92222,-30.59655,-31.13046,-31.85419,-32.99315,-34.62475,-36.0629,-37.68054,-39.29531,-40.90709,-42.51575,-44.12117,-45.72324,-47.07144,-48.65798,-50.24081,-51.81982,-53.39488,-54.67351
210.6064,209.7122,208.8011,206.8739,205.9294,205.9686,204.9922,205,203.9922,202.9691,201.9308,199.8782,199.8096,201.7232,202.6214,203.5031,204.3681,206.2123,207.0424,208.8496,209.6437,211.4123,213.1606,212.9076,204.7263,196.55,189.3668,187.1135,185.8352,185.5275,185.2058,184.8699,184.5199,184.1559,183.7779,183.3859,182.0118,181.5941,181.1625,180.7172,180.2581,179.7853
12.88124,10.99055,9.116452,7.224196,5.392451,3.595196,1.78894,0,-1.780213,-3.542839,-5.287744,-6.979899,-8.723877,-10.57186,-12.39285,-14.23032,-16.08411,-18.04124,-19.93592,-21.95098,-23.88588,-25.95817,-28.06313,-29.92222,-30.59655,-31.13046,-31.68914,-32.99315,-34.44251,-36.0629,-37.68054,-39.29531,-40.90709,-42.51575,-44.12117,-45.72324,-47.07144,-48.65798,-50.24081,-51.81982,-53.39488,-54.96588
210.6064,209.7122,208.8011,207.8733,205.9294,205.9686,204.9922,205,203.9922,201.9692,200.9311,199.8782,199.8096,200.7245,202.6214,203.5031,204.3681,206.2123,207.0424,208.8496,209.6437,210.4198,212.1692,212.9076,205.7153,196.55,189.3668,186.1287,186.8184,185.5275,185.2058,184.8699,184.5199,184.1559,183.7779,182.4156,182.0118,181.5941,181.1625,180.7172,180.2581,179.7853
12.88124,10.99055,9.116452,7.259095,5.392451,3.595196,1.78894,0,-1.780213,-3.525386,-5.261567,-6.979899,-8.723877,-10.51953,-12.39285,-14.23032,-16.08411,-18.04124,-19.93592,-21.95098,-23.88588,-25.8363,-27.93261,-29.92222,-30.74436,-31.13046,-31.68914,-32.81951,-34.62475,-36.0629,-37.68054,-39.29531,-40.90709,-42.51575,-44.12117,-45.48132,-47.07144,-48.65798,-50.24081,-51.81982,-53.39488,-54.96588
210.6064,209.7122,207.802,207.8733,205.9294,205.9686,204.9922,205,202.9923,201.9692,200.9311,199.8782,200.8087,201.7232,203.6195,203.5031,204.3681,205.2161,207.0424,208.8496,208.6501,211.4123,212.1692,212.9076,204.7263,196.55,189.3668,187.1135,186.8184,185.5275,185.2058,184.8699,184.5199,184.1559,183.7779,182.4156,182.0118,181.5941,181.1625,180.7172,180.2581,183.6105
12.88124,10.99055,9.072833,7.259095,5.392451,3.595196,1.78894,0,-1.771487,-3.525386,-5.261567,-6.979899,-8.767497,-10.57186,-12.4539,-14.23032,-16.08411,-17.95408,-19.93592,-21.95098,-23.77267,-25.95817,-27.93261,-29.92222,-30.59655,-31.13046,-31.68914,-32.99315,-34.62475,-36.0629,-37.68054,-39.29531,-40.90709,-42.51575,-44.12117,-45.48132,-47.07144,-48.65798,-50.24081,-51.81982,-53.39488,-56.13537
210.6064,209.7122,209.8001,207.8733,205.9294,204.9688,204.9922,205,203.9922,202.9691,200.9311,199.8782,200.8087,201.7232,202.6214,203.5031,204.3681,206.2123,207.0424,208.8496,208.6501,211.4123,213.1606,212.9076,204.7263,196.55,190.3531,187.1135,186.8184,185.5275,185.2058,184.8699,184.5199,184.1559,183.7779,183.3859,182.0118,181.5941,181.1625,180.7172,180.2581,177.8727
12.88124,10.99055,9.160071,7.259095,5.392451,3.577743,1.78894,0,-1.780213,-3.542839,-5.261567,-6.979899,-8.767497,-10.57186,-12.39285,-14.23032,-16.08411,-18.04124,-19.93592,-21.95098,-23.77267,-25.95817,-28.06313,-29.92222,-30.59655,-31.13046,-31.85419,-32.99315,-34.62475,-36.0629,-37.68054,-39.29531,-40.90709,-42.51575,-44.12117,-45.72324,-47.07144,-48.65798,-50.24081,-51.81982,-53.39488,-54.38114
210.6064,209.7122,208.8011,207.8733,205.9294,205.9686,204.9922,205,203.9922,201.9692,200.9311,199.8782,199.8096,200.7245,202.6214,203.5031,204.3681,206.2123,207.0424,208.8496,208.6501,211.4123,212.1692,212.9076,204.7263,196.55,189.3668,187.1135,186.8184,185.5275,185.2058,184.8699,184.5199,184.1559,183.7779,183.3859,182.0118,181.5941,181.1625,179.7559,180.2581,180.7416
12.88124,10.99055,9.116452,7.259095,5.392451,3.595196,1.78894,0,-1.780213,-3.525386,-5.261567,-6.979899,-8.723877,-10.51953,-12.39285,-14.23032,-16.08411,-18.04124,-19.93592,-21.95098,-23.77267,-25.95817,-27.93261,-29.92222,-30.59655,-31.13046,-31.68914,-32.99315,-34.62475,-36.0629,-37.68054,-39.29531,-40.90709,-42.51575,-44.12117,-45.72324,-47.07144,-48.65798,-50.24081,-51.54419,-53.39488,-55.25825
210.6064,209.7122,208.8011,207.8733,205.9294,205.9686,204.9922,205,203.9922,201.9692,201.9308,199.8782,199.8096,200.7245,203.6195,203.5031,204.3681,206.2123,207.0424,208.8496,209.6437,211.4123,212.1692,212.9076,204.7263,196.55,189.3668,187.1135,186.8184,185.5275,185.2058,184.8699,184.5199,184.1559,183.7779,183.3859,182.0118,181.5941,181.1625,180.7172,180.2581,179.7853
12.88124,10.99055,9.116452,7.259095,5.392451,3.595196,1.78894,0,-1.780213,-3.525386,-5.287744,-6.979899,-8.723877,-10.51953,-12.4539,-14.23032,-16.08411,-18.04124,-19.93592,-21.95098,-23.88588,-25.95817,-27.93261,-29.92222,-30.59655,-31.13046,-31.68914,-32.99315,-34.62475,-36.0629,-37.68054,-39.29531,-40.90709,-42.51575,-44.12117,-45.72324,-47.07144,-48.65798,-50.24081,-51.81982,-53.39488,-54.96588
210.6064,209.7122,208.8011,207.8733,205.9294,205.9686,204.9922,204,203.9922,201.9692,200.9311,199.8782,200.8087,200.7245,202.6214,203.5031,204.3681,206.2123,207.0424,208.8496,209.6437,211.4123,212.1692,212.9076,204.7263,196.55,189.3668,187.1135,185.8352,185.5275,185.2058,184.8699,184.5199,184.1559,183.7779,183.3859,182.0118,181.5941,181.1625,180.7172,180.2581,181.6979
12.88124,10.99055,9.116452,7.259095,5.392451,3.595196,1.78894,0,-1.780213,-3.525386,-5.261567,-6.979899,-8.767497,-10.51953,-12.39285,-14.23032,-16.08411,-18.04124,-19.93592,-21.95098,-23.88588,-25.95817,-27.93261,-29.92222,-30.59655,-31.13046,-31.68914,-32.99315,-34.44251,-36.0629,-37.68054,-39.29531,-40.90709,-42.51575,-44.12117,-45.72324,-47.07144,-48.65798,-50.24081,-51.81982,-53.39488,-55.55062
210.6064,209.7122,208.8011,207.8733,205.9294,205.9686,204.9922,205,203.9922,202.9691,200.9311,199.8782,199.8096,201.7232,202.6214,203.5031,204.3681,206.2123,207.0424,208.8496,209.6437,211.4123,213.1606,212.9076,204.7263,196.55,190.3531,187.1135,186.8184,186.5092,185.2058,184.8699,184.5199,184.1559,183.7779,183.3859,182.0118,181.5941,181.1625,180.7172,180.2581,181.6979
12.88124,10.99055,9.116452,7.259095,5.392451,3.595196,1.78894,0,-1.780213,-3.542839,-5.261567,-6.979899,-8.723877,-10.57186,-12.39285,-14.23032,-16.08411,-18.04124,-19.93592,-21.95098,-23.88588,-25.95817,-28.06313,-29.92222,-30.59655,-31.13046,-31.85419,-32.99315,-34.62475,-36.25371,-37.68054,-39.29531,-40.90709,-42.51575,-44.12117,-45.72324,-47.07144,-48.65798,-50.24081,-51.81982,-53.39488,-55.55062
210.6064,209.7122,208.8011,207.8733,206.9291,205.9686,204.9922,205,203.9922,202.9691,200.9311,199.8782,199.8096,201.7232,203.6195,203.5031,204.3681,205.2161,207.0424,208.8496,209.6437,211.4123,213.1606,212.9076,204.7263,196.55,190.3531,187.1135,186.8184,186.5092,185.2058,184.8699,184.5199,184.1559,183.7779,183.3859,182.9799,181.5941,181.1625,180.7172,180.2581,178.829
12.88124,10.99055,9.116452,7.259095,5.418628,3.595196,1.78894,0,-1.780213,-3.542839,-5.261567,-6.979899,-8.723877,-10.57186,-12.4539,-14.23032,-16.08411,-17.95408,-19.93592,-21.95098,-23.88588,-25.95817,-28.06313,-29.92222,-30.59655,-31.13046,-31.85419,-32.99315,-34.62475,-36.25371,-37.68054,-39.29531,-40.90709,-42.51575,-44.12117,-45.72324,-47.32182,-48.65798,-50.24081,-51.81982,-53.39488,-54.67351
210.6064,209.7122,208.8011,206.8739,205.9294,205.9686,204.9922,205,203.9922,201.9692,200.9311,199.8782,199.8096,200.7245,203.6195,203.5031,204.3681,206.2123,207.0424,208.8496,209.6437,211.4123,213.1606,212.9076,204.7263,196.55,189.3668,187.1135,186.8184,185.5275,185.2058,184.8699,184.5199,184.1559,183.7779,183.3859,182.0118,181.5941,181.1625,180.7172,180.2581,179.7853
12.88124,10.99055,9.116452,7.224196,5.392451,3.595196,1.78894,0,-1.780213,-3.525386,-5.261567,-6.979899,-8.723877,-10.51953,-12.4539,-14.23032,-16.08411,-18.04124,-19.93592,-21.95098,-23.88588,-25.95817,-28.06313,-29.92222,-30.59655,-31.13046,-31.68914,-32.99315,-34.62475,-36.0629,-37.68054,-39.29531,-40.90709,-42.51575,-44.12117,-45.72324,-47.07144,-48.65798,-50.24081,-51.81982,-53.39488,-54.96588
210.6064,209.7122,207.802,207.8733,205.9294,205.9686,204.9922,205,203.9922,202.9691,200.9311,199.8782,199.8096,201.7232,202.6214,203.5031,204.3681,206.2123,207.0424,208.8496,209.6437,211.4123,213.1606,212.9076,204.7263,196.55,190.3531,187.1135,186.8184,185.5275,185.2058,184.8699,184.5199,184.1559,183.7779,183.3859,182.0118,181.5941,181.1625,180.7172,180.2581,185.5231
12.88124,10.99055,9.072833,7.259095,5.392451,3.595196,1.78894,0,-1.780213,-3.542839,-5.261567,-6.979899,-8.723877,-10.57186,-12.39285,-14.23032,-16.08411,-18.04124,-19.93592,-21.95098,-23.88588,-25.95817,-28.06313,-29.92222,-30.59655,-31.13046,-31.85419,-32.99315,-34.62475,-36.0629,-37.68054,-39.29531,-40.90709,-42.51575,-44.12117,-45.72324,-47.07144,-48.65798,-50.24081,-51.81982,-53.39488,-56.72011
210.6064,209.7122,208.8011,206.8739,205.9294,205.9686,204.9922,205,203.9922,202.9691,201.9308,199.8782,199.8096,200.7245,202.6214,203.5031,204.3681,205.2161,207.0424,208.8496,208.6501,211.4123,212.1692,212.9076,204.7263,196.55,189.3668,187.1135,186.8184,185.5275,185.2058,184.8699,184.5199,184.1559,183.7779,183.3859,182.0118,181.5941,181.1625,180.7172,180.2581,180.7416
12.88124,10.99055,9.116452,7.224196,5.392451,3.595196,1.78894,0,-1.780213,-3.542839,-5.287744,-6.979899,-8.723877,-10.51953,-12.39285,-14.23032,-16.08411,-17.95408,-19.93592,-21.95098,-23.77267,-25.95817,-27.93261,-29.92222,-30.59655,-31.13046,-31.68914,-32.99315,-34.62475,-36.0629,-37.68054,-39.29531,-40.90709,-42.51575,-44.12117,-45.72324,-47.07144,-48.65798,-50.24081,-51.81982,-53.39488,-55.25825
210.6064,209.7122,208.8011,207.8733,205.9294,205.9686,204.9922,205,203.9922,202.9691,201.9308,199.8782,199.8096,201.7232,203.6195,203.5031,204.3681,206.2123,207.0424,208.8496,209.6437,211.4123,213.1606,212.9076,204.7263,196.55,190.3531,187.1135,185.8352,185.5275,185.2058,184.8699,184.5199,184.1559,183.7779,183.3859,182.0118,181.5941,181.1625,179.7559,180.2581,180.7416
12.88124,10.99055,9.116452,7.259095,5.392451,3.595196,1.78894,0,-1.780213,-3.542839,-5.287744,-6.979899,-8.723877,-10.57186,-12.4539,-14.23032,-16.08411,-18.04124,-19.93592,-21.95098,-23.88588,-25.95817,-28.06313,-29.92222,-30.59655,-31.13046,-31.85419,-32.99315,-34.44251,-36.0629,-37.68054,-39.29531,-40.90709,-42.51575,-44.12117,-45.72324,-47.07144,-48.65798,-50.24081,-51.54419,-53.39488,-55.25825
210.6064,209.7122,208.8011,207.8733,206.9291,204.9688,204.9922,205,203.9922,201.9692,200.9311,199.8782,199.8096,201.7232,203.6195,203.5031,204.3681,206.2123,208.0378,208.8496,209.6437,211.4123,213.1606,213.8979,204.7263,196.55,189.3668,186.1287,186.8184,185.5275,185.2058,184.8699,184.5199,184.1559,183.7779,183.3859,182.0118,181.5941,181.1625,180.7172,180.2581,181.6979
12.88124,10.99055,9.116452,7.259095,5.418628,3.577743,1.78894,0,-1.780213,-3.525386,-5.261567,-6.979899,-8.723877,-10.57186,-12.4539,-14.23032,-16.08411,-18.04124,-20.03176,-21.95098,-23.88588,-25.95817,-28.06313,-30.06139,-30.59655,-31.13046,-31.68914,-32.81951,-34.62475,-36.0629,-37.68054,-39.29531,-40.90709,-42.51575,-44.12117,-45.72324,-47.07144,-48.65798,-50.24081,-51.81982,-53.39488,-55.55062
