144.5064,143.427,145.2974,145.6589,145.9979,146.3145,146.6087,146.8806,147.9129,148.146,148.3571,148.5462,148.7135,149.6681,150.6114,152.3623,154.1116,156.6881,158.4383,161.0247,162.7745,163.6733,167.1175,168.862,171.4642,174.0711,175.8119,171.4255,166.9753,163.3453,160.549,159.4902,158.4034,158.1878,158.855,159.5102,160.1532,160.784,161.4026,161.0883,162.6028,163.1844,163.7535,164.3102,164.8543,165.3859,165.9049,172.0844
132.4157,129.1422,128.5483,126.6194,124.694,122.7724,120.8549,118.9416,117.6553,115.7444,113.8384,111.9376,110.0422,108.7403,107.43,106.6852,105.918,105.6875,104.868,104.5707,103.6988,102.2744,102.4097,101.4625,101.0001,100.5,99.46956,95.02269,90.66016,86.85224,83.5765,81.2643,78.97701,77.15332,75.76995,74.38081,72.98601,71.58565,70.17984,68.37795,67.35228,65.93076,64.50422,63.07276,61.6365,60.19555,58.75001,59.2534
145.2436,143.427,145.2974,145.6589,145.9979,146.3145,146.6087,146.8806,147.9129,148.146,148.3571,148.5462,149.5174,149.6681,150.6114,152.3623,154.1116,156.6881,159.2722,161.0247,162.7745,164.5213,167.1175,168.862,171.4642,174.0711,175.8119,171.4255,166.9753,163.3453,159.6619,158.5992,157.5084,158.1878,159.7576,159.5102,161.0631,160.784,161.4026,161.0883,162.6028,163.1844,163.7535,164.3102,164.8543,165.3859,165.9049,164.5202
133.0913,129.1422,128.5483,126.6194,124.694,122.7724,120.8549,118.9416,117.6553,115.7444,113.8384,111.9376,110.637,108.7403,107.43,106.6852,105.918,105.6875,105.42,104.5707,103.6988,102.8043,102.4097,101.4625,101.0001,100.5,99.46956,95.02269,90.66016,86.85224,83.11475,80.81031,78.53082,77.15332,76.20046,74.38081,73.4007,71.58565,70.17984,68.37795,67.35228,65.93076,64.50422,63.07276,61.6365,60.19555,58.75001,56.64886
143.7691,143.427,145.2974,145.6589,145.9979,146.3145,146.6087,147.6577,147.9129,148.146,148.3571,148.5462,149.5174,149.6681,150.6114,152.3623,154.1116,156.6881,158.4383,160.1861,163.6179,163.6733,166.2648,168.862,171.4642,174.0711,175.8119,172.3001,166.9753,164.2283,160.549,158.5992,158.4034,158.1878,158.855,159.5102,160.1532,160.784,161.4026,162.0089,162.6028,163.1844,163.7535,164.3102,164.8543,165.3859,165.9049,168.3023
131.7401,129.1422,128.5483,126.6194,124.694,122.7724,120.8549,119.5709,117.6553,115.7444,113.8384,111.9376,110.637,108.7403,107.43,106.6852,105.918,105.6875,104.868,104.0261,104.2361,102.2744,101.8872,101.4625,101.0001,100.5,99.46956,95.5075,90.66016,87.32171,83.5765,80.81031,78.97701,77.15332,75.76995,74.38081,72.98601,71.58565,70.17984,68.76868,67.35228,65.93076,64.50422,63.07276,61.6365,60.19555,58.75001,57.95113
144.5064,143.427,145.2974,145.6589,145.9979,146.3145,146.6087,146.8806,147.9129,148.146,148.3571,148.5462,148.7135,149.6681,150.6114,152.3623,154.9357,156.6881,158.4383,161.0247,162.7745,164.5213,166.2648,168.862,171.4642,174.0711,175.8119,172.3001,166.9753,163.3453,160.549,158.5992,158.4034,158.1878,158.855,159.5102,160.1532,160.784,161.4026,162.0089,162.6028,163.1844,163.7535,164.3102,164.8543,165.3859,165.9049,165.4658
132.4157,129.1422,128.5483,126.6194,124.694,122.7724,120.8549,118.9416,117.6553,115.7444,113.8384,111.9376,110.0422,108.7403,107.43,106.6852,106.4844,105.6875,104.868,104.5707,103.6988,102.8043,101.8872,101.4625,101.0001,100.5,99.46956,95.5075,90.66016,86.85224,83.5765,80.81031,78.97701,77.15332,75.76995,74.38081,72.98601,71.58565,70.17984,68.76868,67.35228,65.93076,64.50422,63.07276,61.6365,60.19555,58.75001,56.97443
143.7691,143.427,145.2974,145.6589,145.9979,146.3145,146.6087,146.8806,147.9129,148.146,148.3571,149.3448,149.5174,149.6681,150.6114,152.3623,154.9357,156.6881,158.4383,160.1861,162.7745,163.6733,167.1175,168.862,171.4642,174.0711,175.8119,172.3001,166.9753,164.2283,160.549,158.5992,158.4034,159.0865,158.855,159.5102,160.1532,160.784,161.4026,162.0089,162.6028,163.1844,163.7535,164.3102,164.8543,164.4462,165.9049,166.4113
131.7401,129.1422,128.5483,126.6194,124.694,122.7724,120.8549,118.9416,117.6553,115.7444,113.8384,112.5394,110.637,108.7403,107.43,106.6852,106.4844,105.6875,104.868,104.0261,103.6988,102.2744,102.4097,101.4625,101.0001,100.5,99.46956,95.5075,90.66016,87.32171,83.5765,80.81031,78.97701,77.59169,75.76995,74.38081,72.98601,71.58565,70.17984,68.76868,67.35228,65.93076,64.50422,63.07276,61.6365,59.85353,58.75001,57.3
145.9809,143.427,145.2974,145.6589,145.9979,146.3145,146.6087,146.8806,147.9129,148.146,148.3571,148.5462,148.7135,149.6681,150.6114,152.3623,154.1116,156.6881,159.2722,161.0247,163.6179,164.5213,166.2648,168.862,172.3258,174.0711,175.8119,172.3001,166.9753,163.3453,160.549,158.5992,158.4034,159.0865,158.855,159.5102,160.1532,160.784,161.4026,162.0089,162.6028,163.1844,163.7535,164.3102,164.8543,165.3859,165.9049,166.4113
133.7669,129.1422,128.5483,126.6194,124.694,122.7724,120.8549,118.9416,117.6553,115.7444,113.8384,111.9376,110.0422,108.7403,107.43,106.6852,105.918,105.6875,105.42,104.5707,104.2361,102.8043,101.8872,101.4625,101.5077,100.5,99.46956,95.5075,90.66016,86.85224,83.5765,80.81031,78.97701,77.59169,75.76995,74.38081,72.98601,71.58565,70.17984,68.76868,67.35228,65.93076,64.50422,63.07276,61.6365,60.19555,58.75001,57.3
143.7691,143.427,145.2974,145.6589,145.9979,146.3145,146.6087,146.8806,147.9129,148.146,148.3571,149.3448,148.7135,149.6681,150.6114,152.3623,154.1116,156.6881,159.2722,161.0247,162.7745,164.5213,166.2648,168.862,171.4642,174.0711,175.8119,171.4255,166.9753,163.3453,160.549,158.5992,158.4034,159.0865,158.855,159.5102,160.1532,160.784,161.4026,162.0089,162.6028,163.1844,163.7535,164.3102,164.8543,165.3859,165.9049,167.3568
131.7401,129.1422,128.5483,126.6194,124.694,122.7724,120.8549,118.9416,117.6553,115.7444,113.8384,112.5394,110.0422,108.7403,107.43,106.6852,105.918,105.6875,105.42,104.5707,103.6988,102.8043,101.8872,101.4625,101.0001,100.5,99.46956,95.02269,90.66016,86.85224,83.5765,80.81031,78.97701,77.59169,75.76995,74.38081,72.98601,71.58565,70.17984,68.76868,67.35228,65.93076,64.50422,63.07276,61.6365,60.19555,58.75001,57.62556
144.5064,143.427,145.2974,145.6589,145.9979,146.3145,147.3803,146.8806,147.9129,148.146,148.3571,148.5462,149.5174,149.6681,150.6114,152.3623,154.9357,156.6881,159.2722,161.0247,162.7745,163.6733,167.1175,168.862,171.4642,174.0711,175.8119,171.4255,166.9753,164.2283,160.549,158.5992,158.4034,159.0865,158.855,159.5102,160.1532,160.784,161.4026,162.0089,162.6028,162.2572,162.8231,164.3102,164.8543,165.3859,165.9049,166.4113
132.4157,129.1422,128.5483,126.6194,124.694,122.7724,121.4909,118.9416,117.6553,115.7444,113.8384,111.9376,110.637,108.7403,107.43,106.6852,106.4844,105.6875,105.42,104.5707,103.6988,102.2744,102.4097,101.4625,101.0001,100.5,99.46956,95.02269,90.66016,87.32171,83.5765,80.81031,78.97701,77.59169,75.76995,74.38081,72.98601,71.58565,70.17984,68.76868,67.35228,65.55615,64.13771,63.07276,61.6365,60.19555,58.75001,57.3
145.2436,143.427,145.2974,145.6589,145.9979,146.3145,146.6087,146.8806,147.9129,148.146,148.3571,148.5462,149.5174,149.6681,150.6114,152.3623,154.9357,156.6881,159.2722,161.0247,162.7745,163.6733,166.2648,168.862,171.4642,174.0711,175.8119,171.4255,166.9753,163.3453,160.549,158.5992,158.4034,158.1878,158.855,159.5102,160.1532,160.784,161.4026,162.0089,162.6028,163.1844,163.7535,164.3102,164.8543,165.3859,165.9049,169.2478
133.0913,129.1422,128.5483,126.6194,124.694,122.7724,120.8549,118.9416,117.6553,115.7444,113.8384,111.9376,110.637,108.7403,107.43,106.6852,106.4844,105.6875,105.42,104.5707,103.6988,102.2744,101.8872,101.4625,101.0001,100.5,99.46956,95.02269,90.66016,86.85224,83.5765,80.81031,78.97701,77.15332,75.76995,74.38081,72.98601,71.58565,70.17984,68.76868,67.35228,65.93076,64.50422,63.07276,61.6365,60.19555,58.75001,58.2767
144.5064,143.427,145.2974,145.6589,145.9979,146.3145,146.6087,146.8806,147.9129,148.146,148.3571,148.5462,149.5174,149.6681,150.6114,152.3623,154.9357,156.6881,157.6044,160.1861,162.7745,164.5213,166.2648,168.862,171.4642,174.0711,176.6822,172.3001,167.8541,163.3453,160.549,158.5992,158.4034,158.1878,158.855,159.5102,160.1532,160.784,161.4026,162.0089,162.6028,163.1844,162.8231,163.3766,164.8543,164.4462,165.9049,166.4113
132.4157,129.1422,128.5483,126.6194,124.694,122.7724,120.8549,118.9416,117.6553,115.7444,113.8384,111.9376,110.637,108.7403,107.43,106.6852,106.4844,105.6875,104.3161,104.0261,103.6988,102.8043,101.8872,101.4625,101.0001,100.5,99.96198,95.5075,91.13732,86.85224,83.5765,80.81031,78.97701,77.15332,75.76995,74.38081,72.98601,71.58565,70.17984,68.76868,67.35228,65.93076,64.13771,62.71439,61.6365,59.85353,58.75001,57.3
142.2945,143.427,145.2974,145.6589,145.9979,146.3145,146.6087,146.8806,147.9129,148.146,148.3571,148.5462,149.5174,149.6681,150.6114,152.3623,154.1116,156.6881,159.2722,161.0247,162.7745,164.5213,166.2648,168.862,171.4642,174.0711,175.8119,171.4255,166.9753,164.2283,160.549,158.5992,158.4034,158.1878,158.855,159.5102,160.1532,160.784,161.4026,162.0089,162.6028,162.2572,163.7535,163.3766,164.8543,164.4462,165.9049,166.4113
130.3889,129.1422,128.5483,126.6194,124.694,122.7724,120.8549,118.9416,117.6553,115.7444,113.8384,111.9376,110.637,108.7403,107.43,106.6852,105.918,105.6875,105.42,104.5707,103.6988,102.8043,101.8872,101.4625,101.0001,100.5,99.46956,95.02269,90.66016,87.32171,83.5765,80.81031,78.97701,77.15332,75.76995,74.38081,72.98601,71.58565,70.17984,68.76868,67.35228,65.55615,64.50422,62.71439,61.6365,59.85353,58.75001,57.3
143.7691,143.427,145.2974,145.6589,145.9979,146.3145,146.6087,146.8806,147.9129,148.146,148.3571,148.5462,149.5174,149.6681,150.6114,152.3623,154.1116,156.6881,159.2722,161.0247,162.7745,164.5213,167.1175,168.862,172.3258,174.0711,175.8119,171.4255,166.0964,164.2283,160.549,158.5992,158.4034,158.1878,158.855,159.5102,160.1532,160.784,161.4026,162.0089,162.6028,163.1844,163.7535,164.3102,164.8543,165.3859,165.9049,165.4658
131.7401,129.1422,128.5483,126.6194,124.694,122.7724,120.8549,118.9416,117.6553,115.7444,113.8384,111.9376,110.637,108.7403,107.43,106.6852,105.918,105.6875,105.42,104.5707,103.6988,102.8043,102.4097,101.4625,101.5077,100.5,99.46956,95.02269,90.18301,87.32171,83.5765,80.81031,78.97701,77.15332,75.76995,74.38081,72.98601,71.58565,70.17984,68.76868,67.35228,65.93076,64.50422,63.07276,61.6365,60.19555,58.75001,56.97443
143.7691,143.427,145.2974,145.6589,145.9979,146.3145,146.6087,146.8806,147.9129,148.146,148.3571,148.5462,148.7135,149.6681,150.6114,152.3623,154.9357,156.6881,159.2722,161.0247,162.7745,163.6733,166.2648,169.7191,171.4642,174.0711,176.6822,171.4255,166.9753,163.3453,160.549,158.5992,158.4034,158.1878,158.855,159.5102,160.1532,160.784,161.4026,162.0089,162.6028,162.2572,163.7535,164.3102,164.8543,164.4462,165.9049,166.4113
131.7401,129.1422,128.5483,126.6194,124.694,122.7724,120.8549,118.9416,117.6553,115.7444,113.8384,111.9376,110.0422,108.7403,107.43,106.6852,106.4844,105.6875,105.42,104.5707,103.6988,102.2744,101.8872,101.9775,101.0001,100.5,99.96198,95.02269,90.66016,86.85224,83.5765,80.81031,78.97701,77.15332,75.76995,74.38081,72.98601,71.58565,70.17984,68.76868,67.35228,65.55615,64.50422,63.07276,61.6365,59.85353,58.75001,57.3
145.9809,143.427,145.2974,145.6589,145.9979,147.0805,146.6087,147.6577,147.9129,148.146,148.3571,148.5462,149.5174,149.6681,150.6114,152.3623,154.9357,156.6881,158.4383,161.0247,162.7745,164.5213,167.1175,168.862,171.4642,174.0711,175.8119,173.1747,166.9753,163.3453,159.6619,158.5992,157.5084,159.0865,158.855,159.5102,160.1532,160.784,161.4026,162.0089,162.6028,163.1844,163.7535,163.3766,164.8543,164.4462,165.9049,165.4658
133.7669,129.1422,128.5483,126.6194,124.694,123.4152,120.8549,119.5709,117.6553,115.7444,113.8384,111.9376,110.637,108.7403,107.43,106.6852,106.4844,105.6875,104.868,104.5707,103.6988,102.8043,102.4097,101.4625,101.0001,100.5,99.46956,95.9923,90.66016,86.85224,83.11475,80.81031,78.53082,77.59169,75.76995,74.38081,72.98601,71.58565,70.17984,68.76868,67.35228,65.93076,64.50422,62.71439,61.6365,59.85353,58.75001,56.97443
143.7691,143.427,145.2974,145.6589,145.9979,146.3145,146.6087,146.8806,147.1303,148.146,148.3571,149.3448,148.7135,149.6681,150.6114,152.3623,154.1116,156.6881,158.4383,161.0247,162.7745,164.5213,166.2648,168.862,171.4642,174.0711,175.8119,173.1747,166.9753,163.3453,160.549,158.5992,158.4034,158.1878,158.855,159.5102,160.1532,160.784,161.4026,162.0089,162.6028,163.1844,163.7535,164.3102,164.8543,165.3859,165.9049,164.5202
131.7401,129.1422,128.5483,126.6194,124.694,122.7724,120.8549,118.9416,117.0328,115.7444,113.8384,112.5394,110.0422,108.7403,107.43,106.6852,105.918,105.6875,104.868,104.5707,103.6988,102.8043,101.8872,101.4625,101.0001,100.5,99.46956,95.9923,90.66016,86.85224,83.5765,80.81031,78.97701,77.15332,75.76995,74.38081,72.98601,71.58565,70.17984,68.76868,67.35228,65.93076,64.50422,63.07276,61.6365,60.19555,58.75001,56.64886
143.7691,143.427,145.2974,145.6589,145.9979,146.3145,146.6087,146.8806,147.9129,148.146,148.3571,148.5462,149.5174,149.6681,150.6114,152.3623,154.9357,155.8591,159.2722,161.0247,162.7745,163.6733,167.1175,169.7191,171.4642,174.0711,176.6822,172.3001,166.9753,163.3453,160.549,158.5992,158.4034,159.0865,158.855,159.5102,160.1532,160.784,161.4026,162.0089,162.6028,163.1844,163.7535,164.3102,164.8543,165.3859,165.9049,168.3023
131.7401,129.1422,128.5483,126.6194,124.694,122.7724,120.8549,118.9416,117.6553,115.7444,113.8384,111.9376,110.637,108.7403,107.43,106.6852,106.4844,105.1283,105.42,104.5707,103.6988,102.2744,102.4097,101.9775,101.0001,100.5,99.96198,95.5075,90.66016,86.85224,83.5765,80.81031,78.97701,77.59169,75.76995,74.38081,72.98601,71.58565,70.17984,68.76868,67.35228,65.93076,64.50422,63.07276,61.6365,60.19555,58.75001,57.95113
142.2945,143.427,145.2974,145.6589,145.9979,146.3145,146.6087,146.8806,147.9129,148.146,148.3571,148.5462,149.5174,149.6681,150.6114,152.3623,154.9357,156.6881,158.4383,161.0247,162.7745,163.6733,167.1175,168.862,171.4642,174.0711,175.8119,172.3001,166.9753,164.2283,160.549,158.5992,158.4034,158.1878,159.7576,159.5102,161.0631,160.784,161.4026,162.0089,162.6028,163.1844,163.7535,163.3766,164.8543,164.4462,165.9049,167.3568
130.3889,129.1422,128.5483,126.6194,124.694,122.7724,120.8549,118.9416,117.6553,115.7444,113.8384,111.9376,110.637,108.7403,107.43,106.6852,106.4844,105.6875,104.868,104.5707,103.6988,102.2744,102.4097,101.4625,101.0001,100.5,99.46956,95.5075,90.66016,87.32171,83.5765,80.81031,78.97701,77.15332,76.20046,74.38081,73.4007,71.58565,70.17984,68.76868,67.35228,65.93076,64.50422,62.71439,61.6365,59.85353,58.75001,57.62556
145.2436,143.427,145.2974,145.6589,145.9979,146.3145,146.6087,147.6577,147.9129,148.146,148.3571,148.5462,149.5174,149.6681,150.6114,152.3623,154.9357,156.6881,158.4383,161.0247,162.7745,164.5213,167.1175,169.7191,171.4642,174.0711,176.6822,171.4255,166.9753,163.3453,160.549,159.4902,158.4034,159.0865,158.855,159.5102,160.1532,160.784,161.4026,162.0089,162.6028,163.1844,162.8231,164.3102,164.8543,165.3859,165.9049,165.4658
133.0913,129.1422,128.5483,126.6194,124.694,122.7724,120.8549,119.5709,117.6553,115.7444,113.8384,111.9376,110.637,108.7403,107.43,106.6852,106.4844,105.6875,104.868,104.5707,103.6988,102.8043,102.4097,101.9775,101.0001,100.5,99.96198,95.02269,90.66016,86.85224,83.5765,81.2643,78.97701,77.59169,75.76995,74.38081,72.98601,71.58565,70.17984,68.76868,67.35228,65.93076,64.13771,63.07276,61.6365,60.19555,58.75001,56.97443
143.0318,143.427,145.2974,145.6589,145.9979,146.3145,146.6087,146.8806,147.9129,148.146,148.3571,148.5462,149.5174,149.6681,150.6114,152.3623,154.9357,156.6881,159.2722,161.0247,162.7745,164.5213,166.2648,168.862,171.4642,174.0711,175.8119,171.4255,166.9753,163.3453,160.549,158.5992,157.5084,158.1878,159.7576,159.5102,160.1532,160.784,161.4026,162.0089,162.6028,163.1844,162.8231,164.3102,163.9176,165.3859,165.9049,164.5202
131.0645,129.1422,128.5483,126.6194,124.694,122.7724,120.8549,118.9416,117.6553,115.7444,113.8384,111.9376,110.637,108.7403,107.43,106.6852,106.4844,105.6875,105.42,104.5707,103.6988,102.8043,101.8872,101.4625,101.0001,100.5,99.46956,95.02269,90.66016,86.85224,83.5765,80.81031,78.53082,77.15332,76.20046,74.38081,72.98601,71.58565,70.17984,68.76868,67.35228,65.93076,64.13771,63.07276,61.28629,60.19555,58.75001,56.64886
148.93,143.427,145.2974,145.6589,145.9979,146.3145,146.6087,146.8806,147.9129,148.146,148.3571,148.5462,149.5174,149.6681,151.4255,152.3623,154.9357,156.6881,159.2722,161.0247,162.7745,164.5213,167.1175,168.862,171.4642,174.0711,175.8119,171.4255,166.9753,165.1112,160.549,158.5992,158.4034,159.0865,158.855,160.4165,160.1532,159.8705,161.4026,162.0089,162.6028,163.1844,163.7535,164.3102,164.8543,165.3859,165.9049,165.4658
136.4692,129.1422,128.5483,126.6194,124.694,122.7724,120.8549,118.9416,117.6553,115.7444,113.8384,111.9376,110.637,108.7403,108.0107,106.6852,106.4844,105.6875,105.42,104.5707,103.6988,102.8043,102.4097,101.4625,101.0001,100.5,99.46956,95.02269,90.66016,87.79118,83.5765,80.81031,78.97701,77.59169,75.76995,74.80343,72.98601,71.17891,70.17984,68.76868,67.35228,65.93076,64.50422,63.07276,61.6365,60.19555,58.75001,56.97443
142.2945,143.427,145.2974,145.6589,145.9979,147.0805,147.3803,146.8806,147.9129,148.146,148.3571,148.5462,149.5174,149.6681,150.6114,152.3623,154.9357,156.6881,159.2722,161.0247,162.7745,164.5213,166.2648,168.862,171.4642,174.0711,175.8119,172.3001,166.9753,164.2283,160.549,158.5992,158.4034,158.1878,158.855,159.5102,160.1532,160.784,161.4026,162.0089,162.6028,163.1844,162.8231,164.3102,163.9176,165.3859,165.9049,169.2478
130.3889,129.1422,128.5483,126.6194,124.694,123.4152,121.4909,118.9416,117.6553,115.7444,113.8384,111.9376,110.637,108.7403,107.43,106.6852,106.4844,105.6875,105.42,104.5707,103.6988,102.8043,101.8872,101.4625,101.0001,100.5,99.46956,95.5075,90.66016,87.32171,83.5765,80.81031,78.97701,77.15332,75.76995,74.38081,72.98601,71.58565,70.17984,68.76868,67.35228,65.93076,64.13771,63.07276,61.28629,60.19555,58.75001,58.2767
143.7691,143.427,145.2974,145.6589,145.9979,146.3145,146.6087,146.8806,147.9129,148.146,148.3571,148.5462,148.7135,149.6681,150.6114,152.3623,154.9357,156.6881,159.2722,161.0247,162.7745,164.5213,166.2648,168.862,171.4642,174.0711,175.8119,171.4255,166.9753,163.3453,160.549,158.5992,158.4034,158.1878,158.855,159.5102,160.1532,160.784,161.4026,162.0089,162.6028,163.1844,162.8231,164.3102,163.9176,165.3859,165.9049,168.3023
131.7401,129.1422,128.5483,126.6194,124.694,122.7724,120.8549,118.9416,117.6553,115.7444,113.8384,111.9376,110.0422,108.7403,107.43,106.6852,106.4844,105.6875,105.42,104.5707,103.6988,102.8043,101.8872,101.4625,101.0001,100.5,99.46956,95.02269,90.66016,86.85224,83.5765,80.81031,78.97701,77.15332,75.76995,74.38081,72.98601,71.58565,70.17984,68.76868,67.35228,65.93076,64.13771,63.07276,61.28629,60.19555,58.75001,57.95113
141.5572,143.427,145.2974,145.6589,145.9979,146.3145,146.6087,147.6577,147.9129,148.146,148.3571,148.5462,148.7135,149.6681,151.4255,152.3623,154.9357,156.6881,159.2722,160.1861,162.7745,164.5213,166.2648,168.862,171.4642,174.0711,176.6822,171.4255,167.8541,163.3453,160.549,158.5992,158.4034,158.1878,158.855,159.5102,160.1532,160.784,161.4026,162.0089,162.6028,163.1844,163.7535,164.3102,164.8543,165.3859,165.9049,167.3568
129.7133,129.1422,128.5483,126.6194,124.694,122.7724,120.8549,119.5709,117.6553,115.7444,113.8384,111.9376,110.0422,108.7403,108.0107,106.6852,106.4844,105.6875,105.42,104.0261,103.6988,102.8043,101.8872,101.4625,101.0001,100.5,99.96198,95.02269,91.13732,86.85224,83.5765,80.81031,78.97701,77.15332,75.76995,74.38081,72.98601,71.58565,70.17984,68.76868,67.35228,65.93076,64.50422,63.07276,61.6365,60.19555,58.75001,57.62556
145.2436,143.427,145.2974,145.6589,145.9979,146.3145,147.3803,146.8806,147.9129,148.146,148.3571,148.5462,149.5174,149.6681,150.6114,152.3623,154.9357,157.5171,159.2722,160.1861,162.7745,164.5213,166.2648,169.7191,171.4642,174.0711,175.8119,171.4255,166.9753,164.2283,160.549,158.5992,158.4034,158.1878,158.855,159.5102,160.1532,160.784,161.4026,162.0089,162.6028,163.1844,163.7535,163.3766,164.8543,165.3859,165.9049,167.3568
133.0913,129.1422,128.5483,126.6194,124.694,122.7724,121.4909,118.9416,117.6553,115.7444,113.8384,111.9376,110.637,108.7403,107.43,106.6852,106.4844,106.2467,105.42,104.0261,103.6988,102.8043,101.8872,101.9775,101.0001,100.5,99.46956,95.02269,90.66016,87.32171,83.5765,80.81031,78.97701,77.15332,75.76995,74.38081,72.98601,71.58565,70.17984,68.76868,67.35228,65.93076,64.50422,62.71439,61.6365,60.19555,58.75001,57.62556
143.7691,143.427,145.2974,145.6589,145.9979,146.3145,146.6087,146.8806,147.9129,148.146,148.3571,148.5462,149.5174,149.6681,150.6114,152.3623,154.9357,156.6881,158.4383,161.0247,162.7745,164.5213,167.1175,168.862,172.3258,174.0711,175.8119,171.4255,166.9753,163.3453,160.549,158.5992,158.4034,158.1878,158.855,159.5102,160.1532,160.784,161.4026,162.0089,162.6028,162.2572,163.7535,164.3102,164.8543,165.3859,165.9049,164.5202
131.7401,129.1422,128.5483,126.6194,124.694,122.7724,120.8549,118.9416,117.6553,115.7444,113.8384,111.9376,110.637,108.7403,107.43,106.6852,106.4844,105.6875,104.868,104.5707,103.6988,102.8043,102.4097,101.4625,101.5077,100.5,99.46956,95.02269,90.66016,86.85224,83.5765,80.81031,78.97701,77.15332,75.76995,74.38081,72.98601,71.58565,70.17984,68.76868,67.35228,65.55615,64.50422,63.07276,61.6365,60.19555,58.75001,56.64886
143.7691,143.427,145.2974,145.6589,145.9979,146.3145,146.6087,146.8806,147.9129,148.146,148.3571,148.5462,149.5174,149.6681,150.6114,152.3623,154.9357,156.6881,159.2722,160.1861,162.7745,164.5213,167.1175,168.862,171.4642,174.0711,175.8119,171.4255,166.9753,163.3453,160.549,158.5992,158.4034,158.1878,158.855,159.5102,160.1532,160.784,161.4026,162.0089,162.6028,163.1844,163.7535,164.3102,164.8543,165.3859,165.9049,166.4113
131.7401,129.1422,128.5483,126.6194,124.694,122.7724,120.8549,118.9416,117.6553,115.7444,113.8384,111.9376,110.637,108.7403,107.43,106.6852,106.4844,105.6875,105.42,104.0261,103.6988,102.8043,102.4097,101.4625,101.0001,100.5,99.46956,95.02269,90.66016,86.85224,83.5765,80.81031,78.97701,77.15332,75.76995,74.38081,72.98601,71.58565,70.17984,68.76868,67.35228,65.93076,64.50422,63.07276,61.6365,60.19555,58.75001,57.3
143.0318,142.6838,145.2974,145.6589,145.9979,147.0805,146.6087,146.8806,147.1303,148.146,148.3571,148.5462,149.5174,149.6681,150.6114,152.3623,154.9357,156.6881,158.4383,160.1861,162.7745,164.5213,167.1175,168.862,171.4642,174.0711,176.6822,171.4255,167.8541,163.3453,160.549,158.5992,158.4034,158.1878,158.855,159.5102,160.1532,160.784,161.4026,162.0089,162.6028,163.1844,162.8231,164.3102,163.9176,165.3859,164.9623,167.3568
131.0645,128.4731,128.5483,126.6194,124.694,123.4152,120.8549,118.9416,117.0328,115.7444,113.8384,111.9376,110.637,108.7403,107.43,106.6852,106.4844,105.6875,104.868,104.0261,103.6988,102.8043,102.4097,101.4625,101.0001,100.5,99.96198,95.02269,91.13732,86.85224,83.5765,80.81031,78.97701,77.15332,75.76995,74.38081,72.98601,71.58565,70.17984,68.76868,67.35228,65.93076,64.13771,63.07276,61.28629,60.19555,58.4162,57.62556
144.5064,143.427,145.2974,145.6589,145.9979,146.3145,146.6087,146.8806,147.9129,148.146,148.3571,148.5462,149.5174,149.6681,150.6114,152.3623,154.1116,156.6881,158.4383,160.1861,162.7745,163.6733,166.2648,168.862,171.4642,174.0711,175.8119,172.3001,166.9753,163.3453,160.549,158.5992,158.4034,158.1878,158.855,159.5102,160.1532,160.784,161.4026,162.0089,162.6028,163.1844,163.7535,164.3102,163.9176,165.3859,165.9049,168.3023
132.4157,129.1422,128.5483,126.6194,124.694,122.7724,120.8549,118.9416,117.6553,115.7444,113.8384,111.9376,110.637,108.7403,107.43,106.6852,105.918,105.6875,104.868,104.0261,103.6988,102.2744,101.8872,101.4625,101.0001,100.5,99.46956,95.5075,90.66016,86.85224,83.5765,80.81031,78.97701,77.15332,75.76995,74.38081,72.98601,71.58565,70.17984,68.76868,67.35228,65.93076,64.50422,63.07276,61.28629,60.19555,58.75001,57.95113
