102.8155,100.2249,100.6913,101.1364,101.5604,101.9633,102.3452,102.7061,103.0461,103.3653,103.6638,104.6299,105.5881,105.8373,106.066,106.9876,107.901,109.5315,111.1658,112.0662,113.7012,115.3392,116.98,118.6233,120.269,122.6883,123.5662,125.9999,127.6577,129.3166,130.9762,132.6364,134.2968,135.9573,131.0643,127.7396,123.5266,120.0796,117.4139,117.2314,116.1826,115.9591,116.5748,117.1816,117.7795,118.3684,118.9483,118.6403,119.1979,119.7465,120.2859,120.8161,121.3372,121.849,122.3516,122.8448,123.3286,123.8031,123.3477,127.4954
131.5978,125.9999,124.3434,122.6883,121.035,119.3837,117.7347,116.0881,114.4443,112.8034,111.1658,110.2569,109.3396,107.7008,106.066,105.1364,104.1988,103.9415,103.6638,102.6897,102.377,102.0435,101.6891,101.3139,100.9177,101.1364,100.0619,100.2249,99.73716,99.22811,98.69766,98.14576,97.57235,96.97739,91.77223,87.79297,83.31974,79.47893,76.24946,74.68465,72.59894,71.0598,70.04518,69.02522,68,66.9696,65.93411,64.41643,63.37866,62.33606,61.28872,60.2367,59.1801,58.119,57.05347,55.98359,54.90945,53.83112,52.35797,52.81031
102.8155,100.2249,100.6913,101.1364,101.5604,101.9633,102.3452,102.7061,103.0461,103.3653,103.6638,104.6299,104.8934,105.8373,106.066,106.9876,107.901,109.5315,111.1658,112.0662,113.7012,115.3392,116.98,118.6233,120.269,121.9167,124.3434,125.9999,127.6577,129.3166,130.9762,132.6364,134.2968,135.1432,131.0643,127.7396,123.5266,120.0796,117.4139,117.2314,116.1826,115.9591,117.4319,117.1816,117.7795,118.3684,118.9483,119.5191,119.1979,119.7465,120.2859,120.8161,121.3372,121.849,122.3516,122.8448,123.3286,123.8031,123.3477,124.7237
131.5978,125.9999,124.3434,122.6883,121.035,119.3837,117.7347,116.0881,114.4443,112.8034,111.1658,110.2569,108.6203,107.7008,106.066,105.1364,104.1988,103.9415,103.6638,102.6897,102.377,102.0435,101.6891,101.3139,100.9177,100.5004,100.6913,100.2249,99.73716,99.22811,98.69766,98.14576,97.57235,96.39669,91.77223,87.79297,83.31974,79.47893,76.24946,74.68465,72.59894,71.0598,70.56022,69.02522,68,66.9696,65.93411,64.89359,63.37866,62.33606,61.28872,60.2367,59.1801,58.119,57.05347,55.98359,54.90945,53.83112,52.35797,51.66226
102.8155,100.2249,100.6913,101.1364,101.5604,101.9633,102.3452,102.7061,103.0461,103.3653,103.6638,104.6299,105.5881,105.1364,106.066,106.2743,107.901,109.5315,111.1658,112.0662,113.7012,114.5902,116.98,119.3837,120.269,122.6883,123.5662,125.9999,127.6577,129.3166,130.1776,132.6364,134.2968,135.9573,131.0643,127.7396,123.5266,120.0796,117.4139,117.2314,116.1826,116.8117,116.5748,117.1816,117.7795,118.3684,118.0737,118.6403,119.1979,119.7465,120.2859,120.8161,121.3372,121.849,122.3516,122.8448,123.3286,123.8031,123.3477,123.7999
131.5978,125.9999,124.3434,122.6883,121.035,119.3837,117.7347,116.0881,114.4443,112.8034,111.1658,110.2569,109.3396,106.9876,106.066,104.4355,104.1988,103.9415,103.6638,102.6897,102.377,101.3809,101.6891,101.9633,100.9177,101.1364,100.0619,100.2249,99.73716,99.22811,98.09585,98.14576,97.57235,96.97739,91.77223,87.79297,83.31974,79.47893,76.24946,74.68465,72.59894,71.5823,70.04518,69.02522,68,66.9696,65.4493,64.41643,63.37866,62.33606,61.28872,60.2367,59.1801,58.119,57.05347,55.98359,54.90945,53.83112,52.35797,51.27958
102.8155,100.2249,100.6913,101.1364,101.5604,101.9633,102.3452,102.7061,103.0461,103.3653,104.3457,104.6299,104.8934,105.8373,106.066,106.9876,107.901,109.5315,111.1658,112.0662,113.7012,115.3392,117.7347,118.6233,121.035,122.6883,124.3434,125.9999,127.6577,129.3166,130.9762,132.6364,134.2968,135.9573,131.8835,127.7396,123.5266,120.0796,117.4139,117.2314,116.1826,116.8117,116.5748,117.1816,117.7795,118.3684,118.9483,118.6403,120.0809,119.7465,120.2859,120.8161,121.3372,121.849,122.3516,122.8448,123.3286,122.886,124.2682,123.7999
131.5978,125.9999,124.3434,122.6883,121.035,119.3837,117.7347,116.0881,114.4443,112.8034,111.8971,110.2569,108.6203,107.7008,106.066,105.1364,104.1988,103.9415,103.6638,102.6897,102.377,102.0435,102.3452,101.3139,101.5604,101.1364,100.6913,100.2249,99.73716,99.22811,98.69766,98.14576,97.57235,96.97739,92.34581,87.79297,83.31974,79.47893,76.24946,74.68465,72.59894,71.5823,70.04518,69.02522,68,66.9696,65.93411,64.41643,63.84813,62.33606,61.28872,60.2367,59.1801,58.119,57.05347,55.98359,54.90945,53.43238,52.7487,51.27958
102.1998,100.2249,100.6913,101.1364,101.5604,101.9633,102.3452,102.7061,103.0461,103.3653,103.6638,104.6299,104.8934,105.1364,106.066,106.9876,107.901,109.5315,111.1658,112.0662,113.7012,115.3392,116.98,118.6233,121.035,122.6883,124.3434,125.9999,127.6577,128.5232,130.9762,132.6364,133.4878,135.9573,131.0643,127.7396,123.5266,120.0796,118.2526,117.2314,116.1826,116.8117,116.5748,117.1816,117.7795,118.3684,118.0737,119.5191,119.1979,119.7465,120.2859,120.8161,121.3372,121.849,122.3516,122.8448,123.3286,123.8031,123.3477,125.6476
130.8098,125.9999,124.3434,122.6883,121.035,119.3837,117.7347,116.0881,114.4443,112.8034,111.1658,110.2569,108.6203,106.9876,106.066,105.1364,104.1988,103.9415,103.6638,102.6897,102.377,102.0435,101.6891,101.3139,101.5604,101.1364,100.6913,100.2249,99.73716,98.61935,98.69766,98.14576,96.98457,96.97739,91.77223,87.79297,83.31974,79.47893,76.7941,74.68465,72.59894,71.5823,70.04518,69.02522,68,66.9696,65.4493,64.89359,63.37866,62.33606,61.28872,60.2367,59.1801,58.119,57.05347,55.98359,54.90945,53.83112,52.35797,52.04495
102.8155,100.2249,100.6913,101.1364,101.5604,101.9633,102.3452,102.7061,103.0461,103.3653,103.6638,104.6299,104.8934,105.8373,106.066,106.9876,107.901,109.5315,111.1658,112.0662,113.7012,115.3392,116.98,118.6233,120.269,121.9167,123.5662,125.9999,127.6577,129.3166,130.9762,132.6364,134.2968,135.9573,131.0643,127.7396,123.5266,120.0796,117.4139,117.2314,116.1826,116.8117,117.4319,117.1816,117.7795,118.3684,118.9483,118.6403,119.1979,119.7465,120.2859,120.8161,121.3372,121.849,122.3516,122.8448,123.3286,122.886,123.3477,125.6476
131.5978,125.9999,124.3434,122.6883,121.035,119.3837,117.7347,116.0881,114.4443,112.8034,111.1658,110.2569,108.6203,107.7008,106.066,105.1364,104.1988,103.9415,103.6638,102.6897,102.377,102.0435,101.6891,101.3139,100.9177,100.5004,100.0619,100.2249,99.73716,99.22811,98.69766,98.14576,97.57235,96.97739,91.77223,87.79297,83.31974,79.47893,76.24946,74.68465,72.59894,71.5823,70.56022,69.02522,68,66.9696,65.93411,64.41643,63.37866,62.33606,61.28872,60.2367,59.1801,58.119,57.05347,55.98359,54.90945,53.43238,52.35797,52.04495
102.8155,100.2249,100.6913,101.1364,101.5604,101.9633,102.3452,102.7061,103.0461,103.3653,103.6638,104.6299,104.8934,105.8373,106.066,106.2743,107.901,109.5315,111.1658,112.0662,113.7012,115.3392,116.98,118.6233,121.035,121.9167,124.3434,125.9999,127.6577,129.3166,130.9762,132.6364,134.2968,135.9573,131.0643,127.7396,123.5266,120.0796,117.4139,117.2314,116.1826,115.9591,116.5748,117.1816,117.7795,118.3684,118.0737,118.6403,119.1979,119.7465,120.2859,120.8161,121.3372,121.849,121.4452,122.8448,123.3286,123.8031,123.3477,125.6476
131.5978,125.9999,124.3434,122.6883,121.035,119.3837,117.7347,116.0881,114.4443,112.8034,111.1658,110.2569,108.6203,107.7008,106.066,104.4355,104.1988,103.9415,103.6638,102.6897,102.377,102.0435,101.6891,101.3139,101.5604,100.5004,100.6913,100.2249,99.73716,99.22811,98.69766,98.14576,97.57235,96.97739,91.77223,87.79297,83.31974,79.47893,76.24946,74.68465,72.59894,71.0598,70.04518,69.02522,68,66.9696,65.4493,64.41643,63.37866,62.33606,61.28872,60.2367,59.1801,58.119,56.63085,55.98359,54.90945,53.83112,52.35797,52.04495
102.8155,100.2249,100.6913,101.1364,101.5604,101.9633,102.3452,102.7061,103.0461,103.3653,103.6638,104.6299,105.5881,105.1364,106.066,106.9876,107.901,109.5315,111.1658,112.0662,113.7012,115.3392,116.98,118.6233,121.035,121.9167,124.3434,125.9999,127.6577,129.3166,130.9762,132.6364,134.2968,135.1432,131.8835,127.7396,123.5266,120.0796,117.4139,117.2314,116.1826,116.8117,116.5748,117.1816,117.7795,118.3684,118.0737,118.6403,119.1979,119.7465,120.2859,120.8161,121.3372,121.849,122.3516,122.8448,123.3286,123.8031,124.2682,125.6476
131.5978,125.9999,124.3434,122.6883,121.035,119.3837,117.7347,116.0881,114.4443,112.8034,111.1658,110.2569,109.3396,106.9876,106.066,105.1364,104.1988,103.9415,103.6638,102.6897,102.377,102.0435,101.6891,101.3139,101.5604,100.5004,100.6913,100.2249,99.73716,99.22811,98.69766,98.14576,97.57235,96.39669,92.34581,87.79297,83.31974,79.47893,76.24946,74.68465,72.59894,71.5823,70.04518,69.02522,68,66.9696,65.4493,64.41643,63.37866,62.33606,61.28872,60.2367,59.1801,58.119,57.05347,55.98359,54.90945,53.83112,52.7487,52.04495
102.8155,100.2249,100.6913,101.1364,101.5604,101.9633,102.3452,102.7061,103.0461,103.3653,103.6638,104.6299,104.8934,105.1364,106.066,106.9876,107.901,109.5315,111.1658,112.0662,113.7012,115.3392,116.98,118.6233,120.269,122.6883,123.5662,125.9999,127.6577,129.3166,130.9762,132.6364,134.2968,135.9573,131.0643,128.5637,123.5266,120.9134,117.4139,117.2314,116.1826,116.8117,116.5748,117.1816,117.7795,117.498,118.0737,118.6403,119.1979,119.7465,120.2859,120.8161,121.3372,121.849,122.3516,122.8448,122.4151,122.886,123.3477,123.7999
131.5978,125.9999,124.3434,122.6883,121.035,119.3837,117.7347,116.0881,114.4443,112.8034,111.1658,110.2569,108.6203,106.9876,106.066,105.1364,104.1988,103.9415,103.6638,102.6897,102.377,102.0435,101.6891,101.3139,100.9177,101.1364,100.0619,100.2249,99.73716,99.22811,98.69766,98.14576,97.57235,96.97739,91.77223,88.35937,83.31974,80.03086,76.24946,74.68465,72.59894,71.5823,70.04518,69.02522,68,66.47718,65.4493,64.41643,63.37866,62.33606,61.28872,60.2367,59.1801,58.119,57.05347,55.98359,54.50271,53.43238,52.35797,51.27958
102.8155,100.2249,100.6913,101.1364,101.5604,101.9633,102.3452,102.7061,103.0461,103.3653,103.6638,104.6299,105.5881,105.1364,106.066,106.2743,107.901,109.5315,111.1658,112.0662,113.7012,115.3392,116.98,118.6233,120.269,121.9167,124.3434,125.9999,127.6577,129.3166,130.9762,132.6364,134.2968,135.9573,131.8835,127.7396,123.5266,120.0796,118.2526,117.2314,116.1826,115.9591,116.5748,117.1816,117.7795,118.3684,118.9483,118.6403,119.1979,119.7465,120.2859,120.8161,121.3372,121.849,122.3516,122.8448,123.3286,123.8031,123.3477,126.5715
131.5978,125.9999,124.3434,122.6883,121.035,119.3837,117.7347,116.0881,114.4443,112.8034,111.1658,110.2569,109.3396,106.9876,106.066,104.4355,104.1988,103.9415,103.6638,102.6897,102.377,102.0435,101.6891,101.3139,100.9177,100.5004,100.6913,100.2249,99.73716,99.22811,98.69766,98.14576,97.57235,96.97739,92.34581,87.79297,83.31974,79.47893,76.7941,74.68465,72.59894,71.0598,70.04518,69.02522,68,66.9696,65.93411,64.41643,63.37866,62.33606,61.28872,60.2367,59.1801,58.119,57.05347,55.98359,54.90945,53.83112,52.35797,52.42763
102.8155,100.2249,100.6913,101.1364,101.5604,101.9633,102.3452,102.7061,103.0461,103.3653,103.6638,104.6299,105.5881,104.4355,106.066,106.9876,107.901,109.5315,111.1658,112.0662,113.7012,115.3392,116.98,118.6233,121.035,122.6883,124.3434,125.9999,127.6577,129.3166,130.9762,132.6364,134.2968,135.9573,131.0643,127.7396,123.5266,120.0796,117.4139,117.2314,116.1826,115.9591,116.5748,117.1816,117.7795,118.3684,118.0737,118.6403,119.1979,119.7465,120.2859,120.8161,121.3372,120.9464,122.3516,122.8448,123.3286,123.8031,123.3477,125.6476
131.5978,125.9999,124.3434,122.6883,121.035,119.3837,117.7347,116.0881,114.4443,112.8034,111.1658,110.2569,109.3396,106.2743,106.066,105.1364,104.1988,103.9415,103.6638,102.6897,102.377,102.0435,101.6891,101.3139,101.5604,101.1364,100.6913,100.2249,99.73716,99.22811,98.69766,98.14576,97.57235,96.97739,91.77223,87.79297,83.31974,79.47893,76.24946,74.68465,72.59894,71.0598,70.04518,69.02522,68,66.9696,65.4493,64.41643,63.37866,62.33606,61.28872,60.2367,59.1801,57.68849,57.05347,55.98359,54.90945,53.83112,52.35797,52.04495
102.8155,100.2249,100.6913,101.1364,100.9177,101.9633,101.6891,102.7061,103.0461,103.3653,103.6638,104.6299,105.5881,105.8373,106.066,106.9876,107.901,109.5315,111.1658,112.0662,113.7012,115.3392,116.98,118.6233,120.269,122.6883,124.3434,125.9999,127.6577,129.3166,130.9762,132.6364,134.2968,135.9573,131.8835,127.7396,123.5266,120.0796,117.4139,117.2314,116.1826,116.8117,116.5748,117.1816,117.7795,117.498,118.0737,118.6403,119.1979,119.7465,120.2859,119.9212,121.3372,121.849,122.3516,121.9348,123.3286,123.8031,123.3477,124.7237
131.5978,125.9999,124.3434,122.6883,120.269,119.3837,116.98,116.0881,114.4443,112.8034,111.1658,110.2569,109.3396,107.7008,106.066,105.1364,104.1988,103.9415,103.6638,102.6897,102.377,102.0435,101.6891,101.3139,100.9177,101.1364,100.6913,100.2249,99.73716,99.22811,98.69766,98.14576,97.57235,96.97739,92.34581,87.79297,83.31974,79.47893,76.24946,74.68465,72.59894,71.5823,70.04518,69.02522,68,66.47718,65.4493,64.41643,63.37866,62.33606,61.28872,59.79051,59.1801,58.119,57.05347,55.56889,54.90945,53.83112,52.35797,51.66226
102.8155,100.2249,100.6913,101.1364,101.5604,101.9633,102.3452,102.7061,103.0461,103.3653,104.3457,104.6299,104.8934,105.1364,106.066,106.9876,107.901,109.5315,111.1658,112.0662,113.7012,115.3392,116.98,118.6233,120.269,121.9167,124.3434,125.9999,127.6577,128.5232,130.1776,132.6364,133.4878,135.9573,131.0643,127.7396,123.5266,120.0796,117.4139,117.2314,116.1826,116.8117,117.4319,117.1816,117.7795,118.3684,118.9483,118.6403,119.1979,119.7465,120.2859,120.8161,121.3372,121.849,121.4452,122.8448,123.3286,123.8031,124.2682,123.7999
131.5978,125.9999,124.3434,122.6883,121.035,119.3837,117.7347,116.0881,114.4443,112.8034,111.8971,110.2569,108.6203,106.9876,106.066,105.1364,104.1988,103.9415,103.6638,102.6897,102.377,102.0435,101.6891,101.3139,100.9177,100.5004,100.6913,100.2249,99.73716,98.61935,98.09585,98.14576,96.98457,96.97739,91.77223,87.79297,83.31974,79.47893,76.24946,74.68465,72.59894,71.5823,70.56022,69.02522,68,66.9696,65.93411,64.41643,63.37866,62.33606,61.28872,60.2367,59.1801,58.119,56.63085,55.98359,54.90945,53.83112,52.7487,51.27958
102.8155,100.2249,100.6913,101.1364,101.5604,101.9633,102.3452,102.7061,103.0461,103.3653,103.6638,104.6299,104.8934,105.8373,106.066,106.9876,107.901,109.5315,111.1658,112.0662,113.7012,115.3392,116.98,118.6233,120.269,121.9167,124.3434,125.9999,127.6577,128.5232,130.9762,132.6364,134.2968,135.1432,131.0643,127.7396,123.5266,120.0796,117.4139,117.2314,116.1826,116.8117,117.4319,117.1816,117.7795,117.498,118.9483,118.6403,119.1979,119.7465,120.2859,120.8161,121.3372,121.849,122.3516,122.8448,123.3286,123.8031,123.3477,125.6476
131.5978,125.9999,124.3434,122.6883,121.035,119.3837,117.7347,116.0881,114.4443,112.8034,111.1658,110.2569,108.6203,107.7008,106.066,105.1364,104.1988,103.9415,103.6638,102.6897,102.377,102.0435,101.6891,101.3139,100.9177,100.5004,100.6913,100.2249,99.73716,98.61935,98.69766,98.14576,97.57235,96.39669,91.77223,87.79297,83.31974,79.47893,76.24946,74.68465,72.59894,71.5823,70.56022,69.02522,68,66.47718,65.93411,64.41643,63.37866,62.33606,61.28872,60.2367,59.1801,58.119,57.05347,55.98359,54.90945,53.83112,52.35797,52.04495
102.8155,100.2249,100.6913,101.1364,101.5604,101.9633,102.3452,102.7061,103.0461,103.3653,103.6638,104.6299,104.8934,105.8373,106.066,106.2743,107.901,109.5315,111.1658,112.0662,113.7012,115.3392,116.98,118.6233,120.269,121.9167,124.3434,125.9999,127.6577,128.5232,130.9762,132.6364,133.4878,135.9573,131.0643,127.7396,123.5266,120.0796,117.4139,116.388,116.1826,115.9591,116.5748,117.1816,117.7795,118.3684,118.9483,119.5191,119.1979,119.7465,120.2859,120.8161,121.3372,121.849,122.3516,122.8448,123.3286,123.8031,123.3477,127.4954
131.5978,125.9999,124.3434,122.6883,121.035,119.3837,117.7347,116.0881,114.4443,112.8034,111.1658,110.2569,108.6203,107.7008,106.066,104.4355,104.1988,103.9415,103.6638,102.6897,102.377,102.0435,101.6891,101.3139,100.9177,100.5004,100.6913,100.2249,99.73716,98.61935,98.69766,98.14576,96.98457,96.97739,91.77223,87.79297,83.31974,79.47893,76.24946,74.14735,72.59894,71.0598,70.04518,69.02522,68,66.9696,65.93411,64.89359,63.37866,62.33606,61.28872,60.2367,59.1801,58.119,57.05347,55.98359,54.90945,53.83112,52.35797,52.81031
102.8155,100.2249,100.6913,101.1364,101.5604,101.9633,102.3452,102.7061,103.0461,103.3653,103.6638,104.6299,105.5881,105.1364,106.066,106.2743,107.901,109.5315,111.1658,112.0662,113.7012,115.3392,116.98,118.6233,120.269,121.9167,124.3434,125.9999,127.6577,129.3166,130.9762,132.6364,134.2968,135.1432,131.0643,128.5637,123.5266,120.0796,117.4139,117.2314,116.1826,116.8117,116.5748,117.1816,117.7795,118.3684,118.9483,118.6403,119.1979,119.7465,120.2859,120.8161,121.3372,121.849,122.3516,122.8448,123.3286,123.8031,123.3477,126.5715
131.5978,125.9999,124.3434,122.6883,121.035,119.3837,117.7347,116.0881,114.4443,112.8034,111.1658,110.2569,109.3396,106.9876,106.066,104.4355,104.1988,103.9415,103.6638,102.6897,102.377,102.0435,101.6891,101.3139,100.9177,100.5004,100.6913,100.2249,99.73716,99.22811,98.69766,98.14576,97.57235,96.39669,91.77223,88.35937,83.31974,79.47893,76.24946,74.68465,72.59894,71.5823,70.04518,69.02522,68,66.9696,65.93411,64.41643,63.37866,62.33606,61.28872,60.2367,59.1801,58.119,57.05347,55.98359,54.90945,53.83112,52.35797,52.42763
102.8155,100.2249,100.6913,101.1364,101.5604,101.9633,102.3452,102.7061,103.0461,103.3653,103.6638,104.6299,105.5881,105.8373,106.066,106.9876,107.901,109.5315,111.1658,112.0662,113.7012,115.3392,116.98,118.6233,121.035,121.9167,124.3434,125.9999,127.6577,128.5232,130.9762,132.6364,134.2968,135.1432,131.0643,127.7396,123.5266,120.0796,117.4139,117.2314,116.1826,115.9591,117.4319,117.1816,117.7795,118.3684,118.0737,118.6403,119.1979,119.7465,120.2859,120.8161,121.3372,121.849,122.3516,122.8448,123.3286,123.8031,123.3477,125.6476
131.5978,125.9999,124.3434,122.6883,121.035,119.3837,117.7347,116.0881,114.4443,112.8034,111.1658,110.2569,109.3396,107.7008,106.066,105.1364,104.1988,103.9415,103.6638,102.6897,102.377,102.0435,101.6891,101.3139,101.5604,100.5004,100.6913,100.2249,99.73716,98.61935,98.69766,98.14576,97.57235,96.39669,91.77223,87.79297,83.31974,79.47893,76.24946,74.68465,72.59894,71.0598,70.56022,69.02522,68,66.9696,65.4493,64.41643,63.37866,62.33606,61.28872,60.2367,59.1801,58.119,57.05347,55.98359,54.90945,53.83112,52.35797,52.04495
102.8155,100.2249,100.6913,101.7725,101.5604,101.9633,102.3452,102.7061,103.0461,103.3653,103.6638,104.6299,105.5881,105.8373,106.066,106.9876,107.901,109.5315,111.1658,112.0662,113.7012,115.3392,116.98,118.6233,120.269,122.6883,124.3434,125.9999,127.6577,129.3166,130.9762,132.6364,134.2968,135.9573,131.0643,127.7396,123.5266,120.0796,117.4139,117.2314,116.1826,115.9591,116.5748,117.1816,117.7795,118.3684,118.0737,118.6403,119.1979,119.7465,120.2859,120.8161,121.3372,120.9464,122.3516,122.8448,122.4151,123.8031,123.3477,124.7237
131.5978,125.9999,124.3434,123.4599,121.035,119.3837,117.7347,116.0881,114.4443,112.8034,111.1658,110.2569,109.3396,107.7008,106.066,105.1364,104.1988,103.9415,103.6638,102.6897,102.377,102.0435,101.6891,101.3139,100.9177,101.1364,100.6913,100.2249,99.73716,99.22811,98.69766,98.14576,97.57235,96.97739,91.77223,87.79297,83.31974,79.47893,76.24946,74.68465,72.59894,71.0598,70.04518,69.02522,68,66.9696,65.4493,64.41643,63.37866,62.33606,61.28872,60.2367,59.1801,57.68849,57.05347,55.98359,54.50271,53.83112,52.35797,51.66226
102.8155,100.2249,100.6913,101.1364,101.5604,101.9633,102.3452,102.7061,103.0461,103.3653,103.6638,104.6299,104.8934,105.8373,105.3589,106.2743,107.901,109.5315,111.1658,112.0662,113.7012,115.3392,116.98,118.6233,120.269,121.9167,123.5662,125.9999,127.6577,129.3166,130.9762,132.6364,134.2968,135.9573,131.0643,127.7396,123.5266,120.0796,117.4139,117.2314,116.1826,116.8117,117.4319,117.1816,117.7795,118.3684,118.0737,118.6403,119.1979,119.7465,120.2859,120.8161,121.3372,121.849,122.3516,122.8448,123.3286,123.8031,123.3477,125.6476
131.5978,125.9999,124.3434,122.6883,121.035,119.3837,117.7347,116.0881,114.4443,112.8034,111.1658,110.2569,108.6203,107.7008,105.3589,104.4355,104.1988,103.9415,103.6638,102.6897,102.377,102.0435,101.6891,101.3139,100.9177,100.5004,100.0619,100.2249,99.73716,99.22811,98.69766,98.14576,97.57235,96.97739,91.77223,87.79297,83.31974,79.47893,76.24946,74.68465,72.59894,71.5823,70.56022,69.02522,68,66.9696,65.4493,64.41643,63.37866,62.33606,61.28872,60.2367,59.1801,58.119,57.05347,55.98359,54.90945,53.83112,52.35797,52.04495
102.8155,100.2249,100.6913,101.1364,101.5604,101.9633,102.3452,102.7061,103.0461,103.3653,103.6638,104.6299,104.8934,105.8373,106.066,106.2743,107.1816,109.5315,111.1658,112.0662,113.7012,115.3392,116.98,118.6233,120.269,122.6883,124.3434,125.9999,127.6577,129.3166,130.9762,132.6364,134.2968,135.1432,131.0643,127.7396,123.5266,120.0796,117.4139,117.2314,116.1826,116.8117,116.5748,117.1816,117.7795,117.498,118.9483,118.6403,119.1979,119.7465,120.2859,120.8161,121.3372,121.849,122.3516,121.9348,123.3286,123.8031,123.3477,123.7999
131.5978,125.9999,124.3434,122.6883,121.035,119.3837,117.7347,116.0881,114.4443,112.8034,111.1658,110.2569,108.6203,107.7008,106.066,104.4355,103.5041,103.9415,103.6638,102.6897,102.377,102.0435,101.6891,101.3139,100.9177,101.1364,100.6913,100.2249,99.73716,99.22811,98.69766,98.14576,97.57235,96.39669,91.77223,87.79297,83.31974,79.47893,76.24946,74.68465,72.59894,71.5823,70.04518,69.02522,68,66.47718,65.93411,64.41643,63.37866,62.33606,61.28872,60.2367,59.1801,58.119,57.05347,55.56889,54.90945,53.83112,52.35797,51.27958
102.8155,100.2249,100.6913,101.1364,101.5604,101.9633,102.3452,102.7061,103.0461,103.3653,103.6638,104.6299,104.8934,105.8373,106.066,106.9876,107.901,109.5315,111.1658,112.0662,113.7012,115.3392,116.98,118.6233,120.269,121.9167,124.3434,125.9999,127.6577,129.3166,130.9762,132.6364,134.2968,135.9573,131.0643,127.7396,123.5266,120.0796,117.4139,117.2314,116.1826,116.8117,117.4319,117.1816,117.7795,117.498,118.0737,118.6403,119.1979,119.7465,120.2859,120.8161,121.3372,121.849,122.3516,122.8448,123.3286,123.8031,123.3477,126.5715
131.5978,125.9999,124.3434,122.6883,121.035,119.3837,117.7347,116.0881,114.4443,112.8034,111.1658,110.2569,108.6203,107.7008,106.066,105.1364,104.1988,103.9415,103.6638,102.6897,102.377,102.0435,101.6891,101.3139,100.9177,100.5004,100.6913,100.2249,99.73716,99.22811,98.69766,98.14576,97.57235,96.97739,91.77223,87.79297,83.31974,79.47893,76.24946,74.68465,72.59894,71.5823,70.56022,69.02522,68,66.47718,65.4493,64.41643,63.37866,62.33606,61.28872,60.2367,59.1801,58.119,57.05347,55.98359,54.90945,53.83112,52.35797,52.42763
102.8155,100.2249,100.6913,101.1364,101.5604,101.9633,102.3452,102.7061,103.0461,103.3653,103.6638,104.6299,104.8934,105.8373,106.066,106.9876,107.901,109.5315,111.1658,112.0662,113.7012,115.3392,116.98,118.6233,120.269,122.6883,123.5662,125.9999,127.6577,129.3166,130.9762,132.6364,134.2968,135.9573,131.0643,127.7396,123.5266,120.0796,117.4139,117.2314,116.1826,116.8117,116.5748,117.1816,117.7795,118.3684,118.9483,118.6403,119.1979,119.7465,120.2859,120.8161,121.3372,121.849,122.3516,121.9348,122.4151,122.886,123.3477,126.5715
131.5978,125.9999,124.3434,122.6883,121.035,119.3837,117.7347,116.0881,114.4443,112.8034,111.1658,110.2569,108.6203,107.7008,106.066,105.1364,104.1988,103.9415,103.6638,102.6897,102.377,102.0435,101.6891,101.3139,100.9177,101.1364,100.0619,100.2249,99.73716,99.22811,98.69766,98.14576,97.57235,96.97739,91.77223,87.79297,83.31974,79.47893,76.24946,74.68465,72.59894,71.5823,70.04518,69.02522,68,66.9696,65.93411,64.41643,63.37866,62.33606,61.28872,60.2367,59.1801,58.119,57.05347,55.56889,54.50271,53.43238,52.35797,52.42763
102.8155,100.2249,100.6913,101.1364,101.5604,101.9633,102.3452,102.7061,103.0461,103.3653,103.6638,104.6299,105.5881,105.8373,106.066,106.2743,107.901,109.5315,111.1658,112.0662,113.7012,115.3392,116.98,118.6233,121.035,121.9167,123.5662,125.9999,127.6577,129.3166,130.9762,132.6364,134.2968,135.9573,131.0643,127.7396,123.5266,120.0796,117.4139,117.2314,116.1826,116.8117,116.5748,117.1816,117.7795,117.498,118.9483,118.6403,119.1979,119.7465,120.2859,120.8161,121.3372,121.849,122.3516,121.9348,123.3286,123.8031,123.3477,124.7237
131.5978,125.9999,124.3434,122.6883,121.035,119.3837,117.7347,116.0881,114.4443,112.8034,111.1658,110.2569,109.3396,107.7008,106.066,104.4355,104.1988,103.9415,103.6638,102.6897,102.377,102.0435,101.6891,101.3139,101.5604,100.5004,100.0619,100.2249,99.73716,99.22811,98.69766,98.14576,97.57235,96.97739,91.77223,87.79297,83.31974,79.47893,76.24946,74.68465,72.59894,71.5823,70.04518,69.02522,68,66.47718,65.93411,64.41643,63.37866,62.33606,61.28872,60.2367,59.1801,58.119,57.05347,55.56889,54.90945,53.83112,52.35797,51.66226
102.8155,100.2249,100.6913,101.1364,101.5604,101.9633,102.3452,102.7061,103.0461,103.3653,103.6638,104.6299,104.8934,105.1364,106.066,106.2743,107.1816,109.5315,111.1658,112.0662,113.7012,115.3392,116.98,118.6233,120.269,121.9167,124.3434,125.9999,127.6577,128.5232,130.1776,132.6364,134.2968,135.9573,131.0643,127.7396,123.5266,120.0796,117.4139,117.2314,116.1826,116.8117,116.5748,117.1816,117.7795,118.3684,118.9483,118.6403,119.1979,119.7465,120.2859,120.8161,121.3372,121.849,122.3516,121.9348,123.3286,123.8031,122.4271,123.7999
131.5978,125.9999,124.3434,122.6883,121.035,119.3837,117.7347,116.0881,114.4443,112.8034,111.1658,110.2569,108.6203,106.9876,106.066,104.4355,103.5041,103.9415,103.6638,102.6897,102.377,102.0435,101.6891,101.3139,100.9177,100.5004,100.6913,100.2249,99.73716,98.61935,98.09585,98.14576,97.57235,96.97739,91.77223,87.79297,83.31974,79.47893,76.24946,74.68465,72.59894,71.5823,70.04518,69.02522,68,66.9696,65.93411,64.41643,63.37866,62.33606,61.28872,60.2367,59.1801,58.119,57.05347,55.56889,54.90945,53.83112,51.96724,51.27958
102.8155,100.2249,100.6913,101.1364,101.5604,101.9633,102.3452,102.7061,103.0461,103.3653,103.6638,104.6299,104.8934,105.8373,106.066,106.9876,107.901,109.5315,111.1658,112.0662,113.7012,115.3392,116.98,118.6233,120.269,122.6883,124.3434,125.9999,127.6577,129.3166,130.9762,132.6364,134.2968,135.9573,131.0643,127.7396,123.5266,120.0796,117.4139,117.2314,116.1826,115.9591,116.5748,117.1816,117.7795,117.498,118.9483,119.5191,119.1979,119.7465,120.2859,120.8161,120.4384,121.849,122.3516,121.9348,123.3286,122.886,123.3477,123.7999
131.5978,125.9999,124.3434,122.6883,121.035,119.3837,117.7347,116.0881,114.4443,112.8034,111.1658,110.2569,108.6203,107.7008,106.066,105.1364,104.1988,103.9415,103.6638,102.6897,102.377,102.0435,101.6891,101.3139,100.9177,101.1364,100.6913,100.2249,99.73716,99.22811,98.69766,98.14576,97.57235,96.97739,91.77223,87.79297,83.31974,79.47893,76.24946,74.68465,72.59894,71.0598,70.04518,69.02522,68,66.47718,65.93411,64.89359,63.37866,62.33606,61.28872,60.2367,58.74173,58.119,57.05347,55.56889,54.90945,53.43238,52.35797,51.27958
102.8155,100.2249,100.6913,101.1364,101.5604,101.9633,102.3452,102.7061,103.0461,103.3653,103.6638,104.6299,105.5881,105.8373,106.066,106.2743,107.901,109.5315,111.1658,112.0662,113.7012,115.3392,116.98,118.6233,120.269,122.6883,124.3434,125.9999,127.6577,128.5232,130.1776,132.6364,134.2968,135.9573,131.0643,127.7396,123.5266,120.0796,117.4139,117.2314,116.1826,116.8117,116.5748,117.1816,117.7795,118.3684,118.0737,118.6403,119.1979,119.7465,120.2859,120.8161,121.3372,121.849,122.3516,122.8448,122.4151,123.8031,123.3477,124.7237
131.5978,125.9999,124.3434,122.6883,121.035,119.3837,117.7347,116.0881,114.4443,112.8034,111.1658,110.2569,109.3396,107.7008,106.066,104.4355,104.1988,103.9415,103.6638,102.6897,102.377,102.0435,101.6891,101.3139,100.9177,101.1364,100.6913,100.2249,99.73716,98.61935,98.09585,98.14576,97.57235,96.97739,91.77223,87.79297,83.31974,79.47893,76.24946,74.68465,72.59894,71.5823,70.04518,69.02522,68,66.9696,65.4493,64.41643,63.37866,62.33606,61.28872,60.2367,59.1801,58.119,57.05347,55.98359,54.50271,53.83112,52.35797,51.66226
102.8155,100.2249,100.6913,101.1364,101.5604,101.9633,102.3452,102.7061,103.0461,103.3653,103.6638,104.6299,104.8934,105.8373,106.066,106.2743,107.901,109.5315,111.1658,112.0662,113.7012,115.3392,116.98,118.6233,120.269,122.6883,124.3434,125.9999,127.6577,129.3166,130.9762,132.6364,134.2968,135.9573,131.0643,127.7396,123.5266,120.0796,117.4139,117.2314,116.1826,116.8117,116.5748,117.1816,117.7795,117.498,118.9483,118.6403,120.0809,119.7465,120.2859,120.8161,121.3372,121.849,122.3516,122.8448,123.3286,123.8031,125.1887,125.6476
131.5978,125.9999,124.3434,122.6883,121.035,119.3837,117.7347,116.0881,114.4443,112.8034,111.1658,110.2569,108.6203,107.7008,106.066,104.4355,104.1988,103.9415,103.6638,102.6897,102.377,102.0435,101.6891,101.3139,100.9177,101.1364,100.6913,100.2249,99.73716,99.22811,98.69766,98.14576,97.57235,96.97739,91.77223,87.79297,83.31974,79.47893,76.24946,74.68465,72.59894,71.5823,70.04518,69.02522,68,66.47718,65.93411,64.41643,63.84813,62.33606,61.28872,60.2367,59.1801,58.119,57.05347,55.98359,54.90945,53.83112,53.13943,52.04495
102.8155,100.2249,100.6913,101.1364,101.5604,101.9633,102.3452,102.7061,103.0461,103.3653,103.6638,104.6299,105.5881,105.1364,106.066,106.9876,107.901,109.5315,111.1658,112.0662,113.7012,115.3392,116.98,118.6233,120.269,121.9167,124.3434,125.9999,127.6577,129.3166,130.1776,132.6364,133.4878,135.9573,131.0643,127.7396,123.5266,120.0796,117.4139,117.2314,116.1826,116.8117,116.5748,117.1816,117.7795,118.3684,118.9483,118.6403,119.1979,119.7465,120.2859,120.8161,121.3372,121.849,122.3516,122.8448,123.3286,123.8031,125.1887,127.4954
131.5978,125.9999,124.3434,122.6883,121.035,119.3837,117.7347,116.0881,114.4443,112.8034,111.1658,110.2569,109.3396,106.9876,106.066,105.1364,104.1988,103.9415,103.6638,102.6897,102.377,102.0435,101.6891,101.3139,100.9177,100.5004,100.6913,100.2249,99.73716,99.22811,98.09585,98.14576,96.98457,96.97739,91.77223,87.79297,83.31974,79.47893,76.24946,74.68465,72.59894,71.5823,70.04518,69.02522,68,66.9696,65.93411,64.41643,63.37866,62.33606,61.28872,60.2367,59.1801,58.119,57.05347,55.98359,54.90945,53.83112,53.13943,52.81031
102.8155,100.2249,100.6913,101.1364,101.5604,101.9633,102.3452,102.7061,103.0461,103.3653,103.6638,104.6299,105.5881,105.8373,106.066,106.9876,107.901,109.5315,111.1658,112.0662,113.7012,115.3392,116.98,118.6233,120.269,121.9167,124.3434,125.9999,127.6577,129.3166,130.9762,132.6364,134.2968,136.7714,131.0643,127.7396,123.5266,120.0796,117.4139,117.2314,116.1826,116.8117,117.4319,117.1816,117.7795,118.3684,118.0737,118.6403,119.1979,119.7465,120.2859,120.8161,121.3372,121.849,122.3516,122.8448,122.4151,123.8031,125.1887,128.4193
131.5978,125.9999,124.3434,122.6883,121.035,119.3837,117.7347,116.0881,114.4443,112.8034,111.1658,110.2569,109.3396,107.7008,106.066,105.1364,104.1988,103.9415,103.6638,102.6897,102.377,102.0435,101.6891,101.3139,100.9177,100.5004,100.6913,100.2249,99.73716,99.22811,98.69766,98.14576,97.57235,97.5581,91.77223,87.79297,83.31974,79.47893,76.24946,74.68465,72.59894,71.5823,70.56022,69.02522,68,66.9696,65.4493,64.41643,63.37866,62.33606,61.28872,60.2367,59.1801,58.119,57.05347,55.98359,54.50271,53.83112,53.13943,53.193
