136.6724,139.8427,140.0526,141.2394,141.4293,141.6083,141.7766,141.9341,142.0808,142.2166,143.3371,143.452,143.5561,143.6492,143.7314,144.8013,144.862,144.9117,145.95,146.9776,147.9944,152,157.994,160.9755,159.9452,158.9031,157.8496,156.7848,155.709,154.6224,153.5253,152.4178,152.2956,153.1564,153.0101,153.8447,154.6654,153.4916,154.2865,156.0548,156.8194,156.5844,157.3208,158.042,157.7679,157.4818,159.1362
25.33074,24.65804,23.43676,22.37013,21.13675,19.90175,18.66525,17.42732,16.18806,14.94757,13.80179,12.55043,11.29811,10.04493,8.79099,7.588714,6.324811,5.060427,3.821834,2.565504,1.291527,0,-1.378793,-2.809837,-4.188312,-5.54902,-6.891863,-8.216745,-9.523572,-10.81225,-12.0827,-13.33483,-14.6644,-16.09738,-17.43329,-18.88975,-20.36209,-21.57183,-23.05827,-24.71665,-26.24257,-27.61006,-29.15768,-30.72025,-32.09824,-33.47378,-35.27966
139.6222,140.8275,140.0526,141.2394,141.4293,141.6083,141.7766,141.9341,142.0808,143.2112,143.3371,143.452,143.5561,143.6492,143.7314,144.8013,144.862,144.9117,144.9503,146.9776,147.9944,152,156.994,160.9755,159.9452,158.9031,157.8496,156.7848,155.709,154.6224,153.5253,152.4178,152.2956,152.1618,153.0101,153.8447,154.6654,153.4916,154.2865,154.0794,154.8468,156.5844,156.3375,158.042,156.788,157.4818,159.1362
25.87744,24.83169,23.43676,22.37013,21.13675,19.90175,18.66525,17.42732,16.18806,15.0521,13.80179,12.55043,11.29811,10.04493,8.79099,7.588714,6.324811,5.060427,3.795658,2.565504,1.291527,0,-1.370066,-2.809837,-4.188312,-5.54902,-6.891863,-8.216745,-9.523572,-10.81225,-12.0827,-13.33483,-14.6644,-15.99285,-17.43329,-18.88975,-20.36209,-21.57183,-23.05827,-24.40378,-25.91247,-27.61006,-28.97545,-30.72025,-31.89887,-33.47378,-35.27966
138.6389,139.8427,140.0526,141.2394,141.4293,141.6083,141.7766,141.9341,142.0808,143.2112,143.3371,143.452,143.5561,143.6492,144.7295,144.8013,144.862,144.9117,144.9503,146.9776,147.9944,152,157.994,160.9755,159.9452,158.9031,157.8496,156.7848,155.709,154.6224,153.5253,152.4178,152.2956,152.1618,153.0101,153.8447,153.674,153.4916,154.2865,156.0548,156.8194,156.5844,157.3208,157.0603,157.7679,157.4818,159.1362
25.69521,24.65804,23.43676,22.37013,21.13675,19.90175,18.66525,17.42732,16.18806,15.0521,13.80179,12.55043,11.29811,10.04493,8.852038,7.588714,6.324811,5.060427,3.795658,2.565504,1.291527,0,-1.378793,-2.809837,-4.188312,-5.54902,-6.891863,-8.216745,-9.523572,-10.81225,-12.0827,-13.33483,-14.6644,-15.99285,-17.43329,-18.88975,-20.23156,-21.57183,-23.05827,-24.71665,-26.24257,-27.61006,-29.15768,-30.52944,-32.09824,-33.47378,-35.27966
138.6389,139.8427,140.0526,141.2394,141.4293,141.6083,141.7766,141.9341,142.0808,142.2166,143.3371,143.452,143.5561,143.6492,144.7295,144.8013,144.862,144.9117,144.9503,146.9776,147.9944,152,157.994,160.9755,159.9452,158.9031,157.8496,156.7848,155.709,154.6224,153.5253,152.4178,152.2956,152.1618,153.0101,153.8447,154.6654,153.4916,154.2865,156.0548,155.8331,155.5996,157.3208,158.042,157.7679,157.4818,159.1362
25.69521,24.65804,23.43676,22.37013,21.13675,19.90175,18.66525,17.42732,16.18806,14.94757,13.80179,12.55043,11.29811,10.04493,8.852038,7.588714,6.324811,5.060427,3.795658,2.565504,1.291527,0,-1.378793,-2.809837,-4.188312,-5.54902,-6.891863,-8.216745,-9.523572,-10.81225,-12.0827,-13.33483,-14.6644,-15.99285,-17.43329,-18.88975,-20.36209,-21.57183,-23.05827,-24.71665,-26.07752,-27.43641,-29.15768,-30.72025,-32.09824,-33.47378,-35.27966
139.6222,140.8275,140.0526,141.2394,141.4293,141.6083,141.7766,141.9341,142.0808,142.2166,143.3371,143.452,143.5561,143.6492,144.7295,144.8013,144.862,144.9117,144.9503,146.9776,147.9944,152,156.994,160.9755,159.9452,158.9031,157.8496,156.7848,155.709,154.6224,153.5253,152.4178,152.2956,152.1618,153.0101,153.8447,153.674,154.4818,154.2865,155.0671,155.8331,156.5844,157.3208,158.042,158.7478,158.4599,159.1362
25.87744,24.83169,23.43676,22.37013,21.13675,19.90175,18.66525,17.42732,16.18806,14.94757,13.80179,12.55043,11.29811,10.04493,8.852038,7.588714,6.324811,5.060427,3.795658,2.565504,1.291527,0,-1.370066,-2.809837,-4.188312,-5.54902,-6.891863,-8.216745,-9.523572,-10.81225,-12.0827,-13.33483,-14.6644,-15.99285,-17.43329,-18.88975,-20.23156,-21.711,-23.05827,-24.56021,-26.07752,-27.61006,-29.15768,-30.72025,-32.29761,-33.68169,-35.27966
138.6389,140.8275,140.0526,141.2394,141.4293,141.6083,141.7766,141.9341,142.0808,143.2112,143.3371,143.452,143.5561,143.6492,143.7314,144.8013,144.862,144.9117,144.9503,146.9776,146.9944,152,156.994,160.9755,159.9452,159.9025,157.8496,156.7848,155.709,154.6224,153.5253,152.4178,152.2956,152.1618,153.0101,153.8447,154.6654,153.4916,154.2865,155.0671,154.8468,156.5844,157.3208,158.042,158.7478,157.4818,159.1362
25.69521,24.83169,23.43676,22.37013,21.13675,19.90175,18.66525,17.42732,16.18806,15.0521,13.80179,12.55043,11.29811,10.04493,8.79099,7.588714,6.324811,5.060427,3.795658,2.565504,1.282801,0,-1.370066,-2.809837,-4.188312,-5.583919,-6.891863,-8.216745,-9.523572,-10.81225,-12.0827,-13.33483,-14.6644,-15.99285,-17.43329,-18.88975,-20.36209,-21.57183,-23.05827,-24.56021,-25.91247,-27.61006,-29.15768,-30.72025,-32.29761,-33.47378,-35.27966
138.6389,139.8427,140.0526,141.2394,141.4293,141.6083,141.7766,141.9341,142.0808,142.2166,143.3371,143.452,143.5561,143.6492,144.7295,144.8013,144.862,144.9117,144.9503,146.9776,146.9944,152,157.994,160.9755,159.9452,158.9031,157.8496,156.7848,155.709,154.6224,153.5253,152.4178,152.2956,152.1618,153.0101,153.8447,153.674,153.4916,154.2865,155.0671,155.8331,156.5844,157.3208,158.042,157.7679,158.4599,159.1362
25.69521,24.65804,23.43676,22.37013,21.13675,19.90175,18.66525,17.42732,16.18806,14.94757,13.80179,12.55043,11.29811,10.04493,8.852038,7.588714,6.324811,5.060427,3.795658,2.565504,1.282801,0,-1.378793,-2.809837,-4.188312,-5.54902,-6.891863,-8.216745,-9.523572,-10.81225,-12.0827,-13.33483,-14.6644,-15.99285,-17.43329,-18.88975,-20.23156,-21.57183,-23.05827,-24.56021,-26.07752,-27.61006,-29.15768,-30.72025,-32.09824,-33.68169,-35.27966
137.6557,140.8275,140.0526,141.2394,141.4293,141.6083,141.7766,141.9341,142.0808,143.2112,143.3371,143.452,143.5561,143.6492,143.7314,144.8013,144.862,144.9117,144.9503,146.9776,147.9944,152,156.994,160.9755,159.9452,158.9031,157.8496,156.7848,155.709,154.6224,153.5253,152.4178,152.2956,152.1618,153.0101,153.8447,153.674,153.4916,154.2865,155.0671,154.8468,156.5844,157.3208,158.042,156.788,157.4818,159.1362
25.51297,24.83169,23.43676,22.37013,21.13675,19.90175,18.66525,17.42732,16.18806,15.0521,13.80179,12.55043,11.29811,10.04493,8.79099,7.588714,6.324811,5.060427,3.795658,2.565504,1.291527,0,-1.370066,-2.809837,-4.188312,-5.54902,-6.891863,-8.216745,-9.523572,-10.81225,-12.0827,-13.33483,-14.6644,-15.99285,-17.43329,-18.88975,-20.23156,-21.57183,-23.05827,-24.56021,-25.91247,-27.61006,-29.15768,-30.72025,-31.89887,-33.47378,-35.27966
139.6222,139.8427,140.0526,141.2394,141.4293,141.6083,141.7766,141.9341,142.0808,142.2166,143.3371,143.452,143.5561,143.6492,144.7295,144.8013,144.862,144.9117,144.9503,146.9776,146.9944,152,157.994,160.9755,159.9452,158.9031,157.8496,156.7848,155.709,154.6224,153.5253,152.4178,152.2956,152.1618,153.0101,153.8447,153.674,153.4916,154.2865,156.0548,156.8194,156.5844,157.3208,158.042,157.7679,157.4818,159.1362
25.87744,24.65804,23.43676,22.37013,21.13675,19.90175,18.66525,17.42732,16.18806,14.94757,13.80179,12.55043,11.29811,10.04493,8.852038,7.588714,6.324811,5.060427,3.795658,2.565504,1.282801,0,-1.378793,-2.809837,-4.188312,-5.54902,-6.891863,-8.216745,-9.523572,-10.81225,-12.0827,-13.33483,-14.6644,-15.99285,-17.43329,-18.88975,-20.23156,-21.57183,-23.05827,-24.71665,-26.24257,-27.61006,-29.15768,-30.72025,-32.09824,-33.47378,-35.27966
139.6222,139.8427,141.0388,140.2517,141.4293,141.6083,141.7766,141.9341,142.0808,142.2166,142.3417,142.4558,143.5561,144.6468,143.7314,144.8013,144.862,144.9117,145.95,146.9776,147.9944,152,157.994,160.9755,159.9452,159.9025,157.8496,156.7848,155.709,154.6224,153.5253,152.4178,152.2956,153.1564,153.0101,153.8447,154.6654,153.4916,154.2865,155.0671,155.8331,155.5996,157.3208,158.042,157.7679,157.4818,157.1837
25.87744,24.65804,23.60181,22.21369,21.13675,19.90175,18.66525,17.42732,16.18806,14.94757,13.70594,12.46327,11.29811,10.11469,8.79099,7.588714,6.324811,5.060427,3.821834,2.565504,1.291527,0,-1.378793,-2.809837,-4.188312,-5.583919,-6.891863,-8.216745,-9.523572,-10.81225,-12.0827,-13.33483,-14.6644,-16.09738,-17.43329,-18.88975,-20.36209,-21.57183,-23.05827,-24.56021,-26.07752,-27.43641,-29.15768,-30.72025,-32.09824,-33.47378,-34.84678
138.6389,139.8427,140.0526,140.2517,141.4293,141.6083,141.7766,141.9341,142.0808,143.2112,143.3371,143.452,143.5561,144.6468,143.7314,144.8013,144.862,144.9117,144.9503,146.9776,146.9944,152,157.994,159.9756,159.9452,158.9031,157.8496,156.7848,155.709,154.6224,153.5253,152.4178,152.2956,152.1618,153.0101,153.8447,153.674,153.4916,154.2865,154.0794,154.8468,156.5844,157.3208,157.0603,158.7478,157.4818,159.1362
25.69521,24.65804,23.43676,22.21369,21.13675,19.90175,18.66525,17.42732,16.18806,15.0521,13.80179,12.55043,11.29811,10.11469,8.79099,7.588714,6.324811,5.060427,3.795658,2.565504,1.282801,0,-1.378793,-2.792385,-4.188312,-5.54902,-6.891863,-8.216745,-9.523572,-10.81225,-12.0827,-13.33483,-14.6644,-15.99285,-17.43329,-18.88975,-20.23156,-21.57183,-23.05827,-24.40378,-25.91247,-27.61006,-29.15768,-30.52944,-32.29761,-33.47378,-35.27966
139.6222,139.8427,140.0526,140.2517,141.4293,141.6083,141.7766,141.9341,142.0808,142.2166,143.3371,143.452,143.5561,143.6492,143.7314,144.8013,144.862,144.9117,144.9503,146.9776,147.9944,152,156.994,160.9755,159.9452,158.9031,157.8496,156.7848,155.709,154.6224,153.5253,152.4178,152.2956,152.1618,153.0101,153.8447,153.674,153.4916,154.2865,154.0794,155.8331,155.5996,157.3208,158.042,157.7679,157.4818,159.1362
25.87744,24.65804,23.43676,22.21369,21.13675,19.90175,18.66525,17.42732,16.18806,14.94757,13.80179,12.55043,11.29811,10.04493,8.79099,7.588714,6.324811,5.060427,3.795658,2.565504,1.291527,0,-1.370066,-2.809837,-4.188312,-5.54902,-6.891863,-8.216745,-9.523572,-10.81225,-12.0827,-13.33483,-14.6644,-15.99285,-17.43329,-18.88975,-20.23156,-21.57183,-23.05827,-24.40378,-26.07752,-27.43641,-29.15768,-30.72025,-32.09824,-33.47378,-35.27966
139.6222,140.8275,140.0526,140.2517,141.4293,141.6083,141.7766,141.9341,142.0808,142.2166,143.3371,143.452,143.5561,143.6492,144.7295,143.8027,144.862,144.9117,144.9503,146.9776,147.9944,152,157.994,160.9755,159.9452,159.9025,157.8496,156.7848,155.709,154.6224,153.5253,152.4178,152.2956,152.1618,153.0101,153.8447,154.6654,153.4916,154.2865,154.0794,155.8331,156.5844,157.3208,158.042,157.7679,157.4818,159.1362
25.87744,24.83169,23.43676,22.21369,21.13675,19.90175,18.66525,17.42732,16.18806,14.94757,13.80179,12.55043,11.29811,10.04493,8.852038,7.536378,6.324811,5.060427,3.795658,2.565504,1.291527,0,-1.378793,-2.809837,-4.188312,-5.583919,-6.891863,-8.216745,-9.523572,-10.81225,-12.0827,-13.33483,-14.6644,-15.99285,-17.43329,-18.88975,-20.36209,-21.57183,-23.05827,-24.40378,-26.07752,-27.61006,-29.15768,-30.72025,-32.09824,-33.47378,-35.27966
137.6557,139.8427,140.0526,141.2394,141.4293,141.6083,141.7766,141.9341,142.0808,143.2112,143.3371,143.452,143.5561,144.6468,144.7295,144.8013,144.862,144.9117,144.9503,146.9776,147.9944,153,157.994,160.9755,159.9452,158.9031,157.8496,156.7848,155.709,154.6224,153.5253,152.4178,152.2956,153.1564,153.0101,153.8447,154.6654,153.4916,154.2865,155.0671,155.8331,156.5844,157.3208,158.042,157.7679,157.4818,158.16
25.51297,24.65804,23.43676,22.37013,21.13675,19.90175,18.66525,17.42732,16.18806,15.0521,13.80179,12.55043,11.29811,10.11469,8.852038,7.588714,6.324811,5.060427,3.795658,2.565504,1.291527,0,-1.378793,-2.809837,-4.188312,-5.54902,-6.891863,-8.216745,-9.523572,-10.81225,-12.0827,-13.33483,-14.6644,-16.09738,-17.43329,-18.88975,-20.36209,-21.57183,-23.05827,-24.56021,-26.07752,-27.61006,-29.15768,-30.72025,-32.09824,-33.47378,-35.06322
137.6557,140.8275,141.0388,140.2517,141.4293,141.6083,141.7766,141.9341,142.0808,143.2112,143.3371,143.452,143.5561,143.6492,144.7295,144.8013,144.862,144.9117,144.9503,146.9776,147.9944,152,157.994,160.9755,159.9452,158.9031,157.8496,156.7848,155.709,154.6224,153.5253,152.4178,152.2956,152.1618,153.0101,153.8447,154.6654,153.4916,154.2865,155.0671,155.8331,155.5996,157.3208,158.042,157.7679,157.4818,159.1362
25.51297,24.83169,23.60181,22.21369,21.13675,19.90175,18.66525,17.42732,16.18806,15.0521,13.80179,12.55043,11.29811,10.04493,8.852038,7.588714,6.324811,5.060427,3.795658,2.565504,1.291527,0,-1.378793,-2.809837,-4.188312,-5.54902,-6.891863,-8.216745,-9.523572,-10.81225,-12.0827,-13.33483,-14.6644,-15.99285,-17.43329,-18.88975,-20.36209,-21.57183,-23.05827,-24.56021,-26.07752,-27.43641,-29.15768,-30.72025,-32.09824,-33.47378,-35.27966
137.6557,139.8427,141.0388,141.2394,141.4293,141.6083,141.7766,141.9341,142.0808,143.2112,143.3371,143.452,143.5561,143.6492,143.7314,144.8013,144.862,144.9117,144.9503,147.9775,147.9944,152,157.994,160.9755,159.9452,158.9031,157.8496,156.7848,155.709,154.6224,153.5253,152.4178,152.2956,153.1564,153.0101,153.8447,153.674,153.4916,154.2865,155.0671,155.8331,156.5844,157.3208,158.042,158.7478,157.4818,159.1362
25.51297,24.65804,23.60181,22.37013,21.13675,19.90175,18.66525,17.42732,16.18806,15.0521,13.80179,12.55043,11.29811,10.04493,8.79099,7.588714,6.324811,5.060427,3.795658,2.582956,1.291527,0,-1.378793,-2.809837,-4.188312,-5.54902,-6.891863,-8.216745,-9.523572,-10.81225,-12.0827,-13.33483,-14.6644,-16.09738,-17.43329,-18.88975,-20.23156,-21.57183,-23.05827,-24.56021,-26.07752,-27.61006,-29.15768,-30.72025,-32.29761,-33.47378,-35.27966
138.6389,139.8427,140.0526,140.2517,141.4293,141.6083,141.7766,141.9341,142.0808,143.2112,143.3371,143.452,143.5561,143.6492,143.7314,144.8013,144.862,144.9117,144.9503,146.9776,147.9944,153,156.994,160.9755,159.9452,158.9031,157.8496,156.7848,155.709,154.6224,153.5253,152.4178,152.2956,152.1618,153.0101,153.8447,154.6654,154.4818,154.2865,155.0671,154.8468,156.5844,157.3208,158.042,158.7478,158.4599,159.1362
25.69521,24.65804,23.43676,22.21369,21.13675,19.90175,18.66525,17.42732,16.18806,15.0521,13.80179,12.55043,11.29811,10.04493,8.79099,7.588714,6.324811,5.060427,3.795658,2.565504,1.291527,0,-1.370066,-2.809837,-4.188312,-5.54902,-6.891863,-8.216745,-9.523572,-10.81225,-12.0827,-13.33483,-14.6644,-15.99285,-17.43329,-18.88975,-20.36209,-21.711,-23.05827,-24.56021,-25.91247,-27.61006,-29.15768,-30.72025,-32.29761,-33.68169,-35.27966
139.6222,139.8427,140.0526,141.2394,140.4403,141.6083,141.7766,141.9341,142.0808,143.2112,143.3371,143.452,143.5561,143.6492,144.7295,144.8013,144.862,144.9117,144.9503,146.9776,146.9944,153,156.994,160.9755,159.9452,159.9025,157.8496,156.7848,155.709,154.6224,153.5253,152.4178,152.2956,152.1618,153.0101,153.8447,154.6654,154.4818,154.2865,155.0671,156.8194,155.5996,157.3208,157.0603,157.7679,158.4599,159.1362
25.87744,24.65804,23.43676,22.37013,20.98894,19.90175,18.66525,17.42732,16.18806,15.0521,13.80179,12.55043,11.29811,10.04493,8.852038,7.588714,6.324811,5.060427,3.795658,2.565504,1.282801,0,-1.370066,-2.809837,-4.188312,-5.583919,-6.891863,-8.216745,-9.523572,-10.81225,-12.0827,-13.33483,-14.6644,-15.99285,-17.43329,-18.88975,-20.36209,-21.711,-23.05827,-24.56021,-26.24257,-27.43641,-29.15768,-30.52944,-32.09824,-33.68169,-35.27966
137.6557,139.8427,140.0526,141.2394,141.4293,141.6083,141.7766,141.9341,142.0808,142.2166,143.3371,143.452,143.5561,143.6492,144.7295,144.8013,144.862,144.9117,144.9503,146.9776,145.9944,152,156.994,160.9755,159.9452,159.9025,157.8496,156.7848,155.709,154.6224,153.5253,152.4178,152.2956,152.1618,153.0101,153.8447,154.6654,154.4818,154.2865,156.0548,155.8331,156.5844,157.3208,158.042,156.788,157.4818,159.1362
25.51297,24.65804,23.43676,22.37013,21.13675,19.90175,18.66525,17.42732,16.18806,14.94757,13.80179,12.55043,11.29811,10.04493,8.852038,7.588714,6.324811,5.060427,3.795658,2.565504,1.274074,0,-1.370066,-2.809837,-4.188312,-5.583919,-6.891863,-8.216745,-9.523572,-10.81225,-12.0827,-13.33483,-14.6644,-15.99285,-17.43329,-18.88975,-20.36209,-21.711,-23.05827,-24.71665,-26.07752,-27.61006,-29.15768,-30.72025,-31.89887,-33.47378,-35.27966
138.6389,139.8427,140.0526,140.2517,141.4293,141.6083,141.7766,141.9341,142.0808,142.2166,143.3371,143.452,143.5561,143.6492,144.7295,144.8013,144.862,144.9117,144.9503,146.9776,146.9944,152,157.994,160.9755,159.9452,158.9031,157.8496,156.7848,155.709,154.6224,153.5253,152.4178,152.2956,153.1564,153.0101,153.8447,154.6654,153.4916,154.2865,155.0671,155.8331,156.5844,157.3208,157.0603,158.7478,157.4818,159.1362
25.69521,24.65804,23.43676,22.21369,21.13675,19.90175,18.66525,17.42732,16.18806,14.94757,13.80179,12.55043,11.29811,10.04493,8.852038,7.588714,6.324811,5.060427,3.795658,2.565504,1.282801,0,-1.378793,-2.809837,-4.188312,-5.54902,-6.891863,-8.216745,-9.523572,-10.81225,-12.0827,-13.33483,-14.6644,-16.09738,-17.43329,-18.88975,-20.36209,-21.57183,-23.05827,-24.56021,-26.07752,-27.61006,-29.15768,-30.52944,-32.29761,-33.47378,-35.27966
139.6222,139.8427,140.0526,141.2394,141.4293,141.6083,141.7766,141.9341,142.0808,142.2166,143.3371,143.452,143.5561,143.6492,144.7295,144.8013,144.862,144.9117,144.9503,146.9776,147.9944,152,156.994,160.9755,159.9452,158.9031,157.8496,156.7848,155.709,154.6224,153.5253,152.4178,152.2956,152.1618,153.0101,153.8447,153.674,154.4818,154.2865,155.0671,154.8468,155.5996,157.3208,158.042,157.7679,158.4599,159.1362
25.87744,24.65804,23.43676,22.37013,21.13675,19.90175,18.66525,17.42732,16.18806,14.94757,13.80179,12.55043,11.29811,10.04493,8.852038,7.588714,6.324811,5.060427,3.795658,2.565504,1.291527,0,-1.370066,-2.809837,-4.188312,-5.54902,-6.891863,-8.216745,-9.523572,-10.81225,-12.0827,-13.33483,-14.6644,-15.99285,-17.43329,-18.88975,-20.23156,-21.711,-23.05827,-24.56021,-25.91247,-27.43641,-29.15768,-30.72025,-32.09824,-33.68169,-35.27966
139.6222,139.8427,140.0526,141.2394,141.4293,141.6083,141.7766,141.9341,142.0808,143.2112,142.3417,143.452,143.5561,143.6492,144.7295,144.8013,144.862,144.9117,144.9503,146.9776,145.9944,152,157.994,160.9755,159.9452,158.9031,157.8496,156.7848,155.709,154.6224,153.5253,152.4178,152.2956,152.1618,153.0101,153.8447,153.674,154.4818,154.2865,155.0671,156.8194,156.5844,157.3208,158.042,157.7679,158.4599,158.16
25.87744,24.65804,23.43676,22.37013,21.13675,19.90175,18.66525,17.42732,16.18806,15.0521,13.70594,12.55043,11.29811,10.04493,8.852038,7.588714,6.324811,5.060427,3.795658,2.565504,1.274074,0,-1.378793,-2.809837,-4.188312,-5.54902,-6.891863,-8.216745,-9.523572,-10.81225,-12.0827,-13.33483,-14.6644,-15.99285,-17.43329,-18.88975,-20.23156,-21.711,-23.05827,-24.56021,-26.24257,-27.61006,-29.15768,-30.72025,-32.09824,-33.68169,-35.06322
139.6222,139.8427,140.0526,141.2394,140.4403,141.6083,141.7766,141.9341,143.0743,143.2112,143.3371,143.452,143.5561,143.6492,144.7295,144.8013,144.862,144.9117,144.9503,146.9776,146.9944,152,156.994,160.9755,159.9452,159.9025,158.8487,156.7848,155.709,154.6224,153.5253,152.4178,152.2956,153.1564,153.0101,153.8447,154.6654,153.4916,154.2865,154.0794,154.8468,156.5844,157.3208,158.042,157.7679,158.4599,160.1125
25.87744,24.65804,23.43676,22.37013,20.98894,19.90175,18.66525,17.42732,16.30126,15.0521,13.80179,12.55043,11.29811,10.04493,8.852038,7.588714,6.324811,5.060427,3.795658,2.565504,1.282801,0,-1.370066,-2.809837,-4.188312,-5.583919,-6.935483,-8.216745,-9.523572,-10.81225,-12.0827,-13.33483,-14.6644,-16.09738,-17.43329,-18.88975,-20.36209,-21.57183,-23.05827,-24.40378,-25.91247,-27.61006,-29.15768,-30.72025,-32.09824,-33.68169,-35.4961
138.6389,139.8427,140.0526,140.2517,141.4293,141.6083,141.7766,141.9341,142.0808,142.2166,143.3371,143.452,143.5561,143.6492,144.7295,144.8013,144.862,144.9117,144.9503,146.9776,146.9944,152,157.994,160.9755,159.9452,158.9031,157.8496,156.7848,155.709,154.6224,153.5253,152.4178,152.2956,153.1564,153.0101,153.8447,153.674,153.4916,154.2865,154.0794,155.8331,156.5844,157.3208,158.042,156.788,158.4599,159.1362
25.69521,24.65804,23.43676,22.21369,21.13675,19.90175,18.66525,17.42732,16.18806,14.94757,13.80179,12.55043,11.29811,10.04493,8.852038,7.588714,6.324811,5.060427,3.795658,2.565504,1.282801,0,-1.378793,-2.809837,-4.188312,-5.54902,-6.891863,-8.216745,-9.523572,-10.81225,-12.0827,-13.33483,-14.6644,-16.09738,-17.43329,-18.88975,-20.23156,-21.57183,-23.05827,-24.40378,-26.07752,-27.61006,-29.15768,-30.72025,-31.89887,-33.68169,-35.27966
139.6222,139.8427,140.0526,140.2517,141.4293,141.6083,141.7766,141.9341,142.0808,142.2166,142.3417,143.452,143.5561,143.6492,144.7295,144.8013,144.862,144.9117,144.9503,146.9776,147.9944,152,157.994,160.9755,159.9452,158.9031,157.8496,156.7848,155.709,154.6224,153.5253,152.4178,151.3002,152.1618,153.0101,153.8447,154.6654,153.4916,154.2865,154.0794,155.8331,156.5844,157.3208,157.0603,158.7478,157.4818,159.1362
25.87744,24.65804,23.43676,22.21369,21.13675,19.90175,18.66525,17.42732,16.18806,14.94757,13.70594,12.55043,11.29811,10.04493,8.852038,7.588714,6.324811,5.060427,3.795658,2.565504,1.291527,0,-1.378793,-2.809837,-4.188312,-5.54902,-6.891863,-8.216745,-9.523572,-10.81225,-12.0827,-13.33483,-14.56855,-15.99285,-17.43329,-18.88975,-20.36209,-21.57183,-23.05827,-24.40378,-26.07752,-27.61006,-29.15768,-30.52944,-32.29761,-33.47378,-35.27966
137.6557,139.8427,141.0388,140.2517,141.4293,141.6083,141.7766,141.9341,142.0808,143.2112,143.3371,143.452,143.5561,143.6492,143.7314,144.8013,144.862,144.9117,145.95,146.9776,147.9944,152,156.994,160.9755,159.9452,158.9031,157.8496,156.7848,155.709,154.6224,153.5253,152.4178,152.2956,153.1564,153.0101,153.8447,154.6654,153.4916,154.2865,155.0671,155.8331,156.5844,157.3208,158.042,157.7679,158.4599,159.1362
25.51297,24.65804,23.60181,22.21369,21.13675,19.90175,18.66525,17.42732,16.18806,15.0521,13.80179,12.55043,11.29811,10.04493,8.79099,7.588714,6.324811,5.060427,3.821834,2.565504,1.291527,0,-1.370066,-2.809837,-4.188312,-5.54902,-6.891863,-8.216745,-9.523572,-10.81225,-12.0827,-13.33483,-14.6644,-16.09738,-17.43329,-18.88975,-20.36209,-21.57183,-23.05827,-24.56021,-26.07752,-27.61006,-29.15768,-30.72025,-32.09824,-33.68169,-35.27966
137.6557,139.8427,140.0526,141.2394,141.4293,141.6083,141.7766,141.9341,142.0808,143.2112,143.3371,143.452,143.5561,144.6468,143.7314,144.8013,144.862,144.9117,144.9503,146.9776,147.9944,152,157.994,160.9755,159.9452,158.9031,157.8496,156.7848,155.709,154.6224,153.5253,152.4178,152.2956,153.1564,153.0101,153.8447,153.674,153.4916,154.2865,155.0671,154.8468,155.5996,157.3208,157.0603,156.788,157.4818,159.1362
25.51297,24.65804,23.43676,22.37013,21.13675,19.90175,18.66525,17.42732,16.18806,15.0521,13.80179,12.55043,11.29811,10.11469,8.79099,7.588714,6.324811,5.060427,3.795658,2.565504,1.291527,0,-1.378793,-2.809837,-4.188312,-5.54902,-6.891863,-8.216745,-9.523572,-10.81225,-12.0827,-13.33483,-14.6644,-16.09738,-17.43329,-18.88975,-20.23156,-21.57183,-23.05827,-24.56021,-25.91247,-27.43641,-29.15768,-30.52944,-31.89887,-33.47378,-35.27966
137.6557,140.8275,140.0526,141.2394,141.4293,141.6083,141.7766,141.9341,143.0743,143.2112,143.3371,143.452,143.5561,143.6492,144.7295,144.8013,144.862,144.9117,144.9503,146.9776,147.9944,152,157.994,160.9755,159.9452,158.9031,157.8496,156.7848,155.709,154.6224,153.5253,152.4178,152.2956,152.1618,153.0101,153.8447,154.6654,153.4916,155.2755,156.0548,156.8194,156.5844,156.3375,158.042,158.7478,158.4599,159.1362
25.51297,24.83169,23.43676,22.37013,21.13675,19.90175,18.66525,17.42732,16.30126,15.0521,13.80179,12.55043,11.29811,10.04493,8.852038,7.588714,6.324811,5.060427,3.795658,2.565504,1.291527,0,-1.378793,-2.809837,-4.188312,-5.54902,-6.891863,-8.216745,-9.523572,-10.81225,-12.0827,-13.33483,-14.6644,-15.99285,-17.43329,-18.88975,-20.36209,-21.57183,-23.20608,-24.71665,-26.24257,-27.61006,-28.97545,-30.72025,-32.29761,-33.68169,-35.27966
138.6389,140.8275,140.0526,141.2394,141.4293,141.6083,141.7766,141.9341,143.0743,143.2112,143.3371,143.452,143.5561,143.6492,144.7295,144.8013,144.862,144.9117,144.9503,147.9775,147.9944,153,157.994,160.9755,159.9452,158.9031,157.8496,156.7848,155.709,154.6224,153.5253,152.4178,152.2956,152.1618,153.0101,153.8447,154.6654,153.4916,154.2865,155.0671,155.8331,156.5844,157.3208,157.0603,158.7478,157.4818,159.1362
25.69521,24.83169,23.43676,22.37013,21.13675,19.90175,18.66525,17.42732,16.30126,15.0521,13.80179,12.55043,11.29811,10.04493,8.852038,7.588714,6.324811,5.060427,3.795658,2.582956,1.291527,0,-1.378793,-2.809837,-4.188312,-5.54902,-6.891863,-8.216745,-9.523572,-10.81225,-12.0827,-13.33483,-14.6644,-15.99285,-17.43329,-18.88975,-20.36209,-21.57183,-23.05827,-24.56021,-26.07752,-27.61006,-29.15768,-30.52944,-32.29761,-33.47378,-35.27966
139.6222,139.8427,141.0388,141.2394,141.4293,141.6083,141.7766,141.9341,142.0808,143.2112,143.3371,143.452,143.5561,143.6492,143.7314,144.8013,144.862,144.9117,144.9503,146.9776,147.9944,152,156.994,160.9755,159.9452,158.9031,157.8496,156.7848,155.709,154.6224,153.5253,152.4178,152.2956,153.1564,153.0101,153.8447,153.674,153.4916,154.2865,155.0671,155.8331,156.5844,157.3208,158.042,156.788,157.4818,159.1362
25.87744,24.65804,23.60181,22.37013,21.13675,19.90175,18.66525,17.42732,16.18806,15.0521,13.80179,12.55043,11.29811,10.04493,8.79099,7.588714,6.324811,5.060427,3.795658,2.565504,1.291527,0,-1.370066,-2.809837,-4.188312,-5.54902,-6.891863,-8.216745,-9.523572,-10.81225,-12.0827,-13.33483,-14.6644,-16.09738,-17.43329,-18.88975,-20.23156,-21.57183,-23.05827,-24.56021,-26.07752,-27.61006,-29.15768,-30.72025,-31.89887,-33.47378,-35.27966
