155.2269,155.0351,155.7186,155.4914,155.2447,154.9786,154.6934,153.4756,154.0661,152.8038,153.364,152.9853,152.5885,153.1072,152.6776,153.1699,155.5358,156.0106,158.3701,159.7775,161.1782,162.5718,163.9582,166.2983,167.6717,169.037,170.394,172.7126,174.0542,175.3866,173.7807,167.2632,161.6876,156.0787,152.4045,150.6756,150.9017,151.1163,150.3304,151.511,150.6996,150.867,151.0229,151.1673,150.3048,150.4254,150.5345,150.6322,150.7184,150.7931,150.8563,150.908,150.9483
80.80601,78.99435,77.63842,75.83821,74.04791,72.26772,70.49785,68.33176,66.98984,64.86137,63.52545,61.81009,60.1062,58.77234,57.0838,55.74928,55.07813,53.71875,52.98988,51.91486,50.81928,49.70319,48.56662,47.68526,46.49948,45.29333,44.06688,43.0621,41.78672,40.49119,38.52625,35.5529,32.89571,30.33863,28.24651,26.56817,25.25228,23.93447,22.46703,21.29348,19.83998,18.52414,17.20689,15.88833,14.47271,13.16052,11.84732,10.53323,9.218329,7.902729,6.586527,5.269824,3.952719
155.2269,155.0351,155.7186,155.4914,155.2447,154.0723,154.6934,154.3892,154.0661,153.7243,153.364,152.9853,152.5885,153.1072,152.6776,153.1699,154.5932,156.0106,157.4217,158.8264,161.1782,162.5718,164.917,166.2983,167.6717,168.0711,170.394,172.7126,174.0542,175.3866,173.7807,168.2414,162.6675,157.0603,152.4045,150.6756,150.9017,151.1163,150.3304,150.5207,150.6996,150.867,151.0229,151.1673,151.3002,150.4254,150.5345,150.6322,150.7184,150.7931,150.8563,150.908,150.9483
80.80601,78.99435,77.63842,75.83821,74.04791,71.8451,70.49785,68.73849,66.98984,65.2521,63.52545,61.81009,60.1062,58.77234,57.0838,55.74928,54.74432,53.71875,52.67257,51.60584,50.81928,49.70319,48.85064,47.68526,46.49948,45.03451,44.06688,43.0621,41.78672,40.49119,38.52625,35.76081,33.09508,30.52944,28.24651,26.56817,25.25228,23.93447,22.46703,21.15431,19.83998,18.52414,17.20689,15.88833,14.56855,13.16052,11.84732,10.53323,9.218329,7.902729,6.586527,5.269824,3.952719
155.2269,155.0351,155.7186,155.4914,155.2447,154.9786,153.7835,154.3892,154.0661,153.7243,153.364,152.9853,152.5885,152.1736,152.6776,153.1699,155.5358,156.0106,157.4217,159.7775,161.1782,162.5718,164.917,166.2983,167.6717,169.037,170.394,172.7126,175.0266,175.3866,174.757,167.2632,161.6876,157.0603,152.4045,150.6756,150.9017,151.1163,150.3304,150.5207,150.6996,150.867,151.0229,151.1673,151.3002,150.4254,150.5345,150.6322,150.7184,150.7931,150.8563,150.908,150.9483
80.80601,78.99435,77.63842,75.83821,74.04791,72.26772,70.08316,68.73849,66.98984,65.2521,63.52545,61.81009,60.1062,58.41398,57.0838,55.74928,55.07813,53.71875,52.67257,51.91486,50.81928,49.70319,48.85064,47.68526,46.49948,45.29333,44.06688,43.0621,42.02017,40.49119,38.74269,35.5529,32.89571,30.52944,28.24651,26.56817,25.25228,23.93447,22.46703,21.15431,19.83998,18.52414,17.20689,15.88833,14.56855,13.16052,11.84732,10.53323,9.218329,7.902729,6.586527,5.269824,3.952719
155.2269,155.0351,155.7186,155.4914,155.2447,154.9786,154.6934,154.3892,153.149,153.7243,152.4401,152.9853,152.5885,153.1072,152.6776,153.1699,154.5932,156.0106,157.4217,159.7775,161.1782,162.5718,164.917,166.2983,167.6717,169.037,171.3621,172.7126,174.0542,175.3866,173.7807,167.2632,162.6675,156.0787,152.4045,150.6756,150.9017,151.1163,151.3194,150.5207,150.6996,150.867,151.0229,151.1673,150.3048,150.4254,150.5345,150.6322,150.7184,150.7931,150.8563,150.908,150.9483
80.80601,78.99435,77.63842,75.83821,74.04791,72.26772,70.49785,68.73849,66.59109,65.2521,63.14277,61.81009,60.1062,58.77234,57.0838,55.74928,54.74432,53.71875,52.67257,51.91486,50.81928,49.70319,48.85064,47.68526,46.49948,45.29333,44.31726,43.0621,41.78672,40.49119,38.52625,35.5529,33.09508,30.33863,28.24651,26.56817,25.25228,23.93447,22.61484,21.15431,19.83998,18.52414,17.20689,15.88833,14.47271,13.16052,11.84732,10.53323,9.218329,7.902729,6.586527,5.269824,3.952719
156.1139,155.0351,155.7186,155.4914,155.2447,154.9786,154.6934,154.3892,154.0661,153.7243,153.364,152.9853,152.5885,152.1736,152.6776,153.1699,154.5932,156.0106,157.4217,159.7775,161.1782,162.5718,163.9582,166.2983,167.6717,169.037,170.394,172.7126,175.0266,175.3866,173.7807,167.2632,162.6675,157.0603,152.4045,150.6756,150.9017,151.1163,150.3304,150.5207,150.6996,150.867,151.0229,151.1673,150.3048,150.4254,150.5345,150.6322,150.7184,150.7931,150.8563,150.908,150.9483
81.26776,78.99435,77.63842,75.83821,74.04791,72.26772,70.49785,68.73849,66.98984,65.2521,63.52545,61.81009,60.1062,58.41398,57.0838,55.74928,54.74432,53.71875,52.67257,51.91486,50.81928,49.70319,48.56662,47.68526,46.49948,45.29333,44.06688,43.0621,42.02017,40.49119,38.52625,35.5529,33.09508,30.52944,28.24651,26.56817,25.25228,23.93447,22.46703,21.15431,19.83998,18.52414,17.20689,15.88833,14.47271,13.16052,11.84732,10.53323,9.218329,7.902729,6.586527,5.269824,3.952719
155.2269,155.0351,155.7186,155.4914,155.2447,154.9786,154.6934,154.3892,153.149,153.7243,153.364,152.9853,152.5885,152.1736,152.6776,153.1699,154.5932,156.0106,158.3701,159.7775,161.1782,162.5718,163.9582,166.2983,167.6717,168.0711,170.394,172.7126,175.0266,175.3866,173.7807,168.2414,162.6675,156.0787,152.4045,150.6756,150.9017,151.1163,151.3194,150.5207,150.6996,150.867,151.0229,151.1673,150.3048,150.4254,150.5345,150.6322,150.7184,150.7931,150.8563,150.908,150.9483
80.80601,78.99435,77.63842,75.83821,74.04791,72.26772,70.49785,68.73849,66.59109,65.2521,63.52545,61.81009,60.1062,58.41398,57.0838,55.74928,54.74432,53.71875,52.98988,51.91486,50.81928,49.70319,48.56662,47.68526,46.49948,45.03451,44.06688,43.0621,42.02017,40.49119,38.52625,35.76081,33.09508,30.33863,28.24651,26.56817,25.25228,23.93447,22.61484,21.15431,19.83998,18.52414,17.20689,15.88833,14.47271,13.16052,11.84732,10.53323,9.218329,7.902729,6.586527,5.269824,3.952719
155.2269,155.0351,155.7186,155.4914,155.2447,154.0723,154.6934,154.3892,154.0661,153.7243,153.364,152.9853,152.5885,152.1736,152.6776,153.1699,155.5358,156.0106,157.4217,159.7775,161.1782,162.5718,163.9582,166.2983,167.6717,169.037,170.394,172.7126,174.0542,175.3866,173.7807,167.2632,161.6876,156.0787,152.4045,150.6756,150.9017,151.1163,151.3194,151.511,150.6996,150.867,151.0229,151.1673,151.3002,150.4254,150.5345,150.6322,150.7184,150.7931,150.8563,150.908,150.9483
80.80601,78.99435,77.63842,75.83821,74.04791,71.8451,70.49785,68.73849,66.98984,65.2521,63.52545,61.81009,60.1062,58.41398,57.0838,55.74928,55.07813,53.71875,52.67257,51.91486,50.81928,49.70319,48.56662,47.68526,46.49948,45.29333,44.06688,43.0621,41.78672,40.49119,38.52625,35.5529,32.89571,30.33863,28.24651,26.56817,25.25228,23.93447,22.61484,21.29348,19.83998,18.52414,17.20689,15.88833,14.56855,13.16052,11.84732,10.53323,9.218329,7.902729,6.586527,5.269824,3.952719
155.2269,155.9261,155.7186,155.4914,155.2447,154.0723,154.6934,154.3892,154.0661,153.7243,152.4401,152.9853,152.5885,152.1736,152.6776,153.1699,154.5932,156.0106,157.4217,159.7775,161.1782,162.5718,164.917,166.2983,167.6717,168.0711,170.394,172.7126,174.0542,175.3866,173.7807,168.2414,161.6876,156.0787,152.4045,150.6756,150.9017,151.1163,151.3194,150.5207,150.6996,150.867,151.0229,150.1728,150.3048,150.4254,150.5345,150.6322,150.7184,150.7931,150.8563,150.908,150.9483
80.80601,79.44834,77.63842,75.83821,74.04791,71.8451,70.49785,68.73849,66.98984,65.2521,63.14277,61.81009,60.1062,58.41398,57.0838,55.74928,54.74432,53.71875,52.67257,51.91486,50.81928,49.70319,48.85064,47.68526,46.49948,45.03451,44.06688,43.0621,41.78672,40.49119,38.52625,35.76081,32.89571,30.33863,28.24651,26.56817,25.25228,23.93447,22.61484,21.15431,19.83998,18.52414,17.20689,15.7838,14.47271,13.16052,11.84732,10.53323,9.218329,7.902729,6.586527,5.269824,3.952719
155.2269,155.0351,155.7186,155.4914,155.2447,154.9786,153.7835,154.3892,154.0661,153.7243,153.364,152.9853,152.5885,152.1736,152.6776,153.1699,154.5932,156.0106,158.3701,158.8264,161.1782,162.5718,163.9582,166.2983,167.6717,169.037,170.394,172.7126,174.0542,175.3866,173.7807,168.2414,161.6876,156.0787,151.4213,150.6756,150.9017,151.1163,151.3194,150.5207,150.6996,150.867,151.0229,150.1728,150.3048,150.4254,150.5345,150.6322,150.7184,150.7931,150.8563,150.908,150.9483
80.80601,78.99435,77.63842,75.83821,74.04791,72.26772,70.08316,68.73849,66.98984,65.2521,63.52545,61.81009,60.1062,58.41398,57.0838,55.74928,54.74432,53.71875,52.98988,51.60584,50.81928,49.70319,48.56662,47.68526,46.49948,45.29333,44.06688,43.0621,41.78672,40.49119,38.52625,35.76081,32.89571,30.33863,28.06427,26.56817,25.25228,23.93447,22.61484,21.15431,19.83998,18.52414,17.20689,15.7838,14.47271,13.16052,11.84732,10.53323,9.218329,7.902729,6.586527,5.269824,3.952719
156.1139,155.9261,155.7186,155.4914,155.2447,154.9786,154.6934,154.3892,153.149,153.7243,153.364,152.9853,152.5885,152.1736,152.6776,153.1699,154.5932,156.0106,157.4217,159.7775,161.1782,162.5718,163.9582,166.2983,167.6717,169.037,170.394,172.7126,174.0542,175.3866,174.757,167.2632,161.6876,156.0787,152.4045,150.6756,150.9017,151.1163,151.3194,150.5207,150.6996,150.867,151.0229,151.1673,151.3002,150.4254,150.5345,150.6322,150.7184,150.7931,150.8563,150.908,150.9483
81.26776,79.44834,77.63842,75.83821,74.04791,72.26772,70.49785,68.73849,66.59109,65.2521,63.52545,61.81009,60.1062,58.41398,57.0838,55.74928,54.74432,53.71875,52.67257,51.91486,50.81928,49.70319,48.56662,47.68526,46.49948,45.29333,44.06688,43.0621,41.78672,40.49119,38.74269,35.5529,32.89571,30.33863,28.24651,26.56817,25.25228,23.93447,22.61484,21.15431,19.83998,18.52414,17.20689,15.88833,14.56855,13.16052,11.84732,10.53323,9.218329,7.902729,6.586527,5.269824,3.952719
155.2269,155.0351,155.7186,155.4914,155.2447,154.9786,154.6934,154.3892,153.149,153.7243,153.364,152.9853,152.5885,152.1736,152.6776,153.1699,154.5932,156.0106,157.4217,158.8264,161.1782,162.5718,164.917,166.2983,167.6717,169.037,170.394,172.7126,175.0266,175.3866,173.7807,167.2632,162.6675,156.0787,152.4045,150.6756,150.9017,151.1163,151.3194,150.5207,150.6996,150.867,151.0229,150.1728,151.3002,150.4254,150.5345,151.6297,150.7184,150.7931,150.8563,150.908,150.9483
80.80601,78.99435,77.63842,75.83821,74.04791,72.26772,70.49785,68.73849,66.59109,65.2521,63.52545,61.81009,60.1062,58.41398,57.0838,55.74928,54.74432,53.71875,52.67257,51.60584,50.81928,49.70319,48.85064,47.68526,46.49948,45.29333,44.06688,43.0621,42.02017,40.49119,38.52625,35.5529,33.09508,30.33863,28.24651,26.56817,25.25228,23.93447,22.61484,21.15431,19.83998,18.52414,17.20689,15.7838,14.56855,13.16052,11.84732,10.60298,9.218329,7.902729,6.586527,5.269824,3.952719
155.2269,155.9261,155.7186,155.4914,155.2447,154.9786,154.6934,154.3892,154.0661,153.7243,152.4401,152.9853,152.5885,152.1736,152.6776,153.1699,154.5932,156.0106,157.4217,159.7775,161.1782,162.5718,163.9582,165.337,167.6717,168.0711,170.394,172.7126,174.0542,176.361,173.7807,167.2632,161.6876,156.0787,152.4045,150.6756,150.9017,151.1163,150.3304,150.5207,150.6996,150.867,151.0229,151.1673,151.3002,150.4254,150.5345,150.6322,150.7184,150.7931,150.8563,150.908,150.9483
80.80601,79.44834,77.63842,75.83821,74.04791,72.26772,70.49785,68.73849,66.98984,65.2521,63.14277,61.81009,60.1062,58.41398,57.0838,55.74928,54.74432,53.71875,52.67257,51.91486,50.81928,49.70319,48.56662,47.40963,46.49948,45.03451,44.06688,43.0621,41.78672,40.71614,38.52625,35.5529,32.89571,30.33863,28.24651,26.56817,25.25228,23.93447,22.46703,21.15431,19.83998,18.52414,17.20689,15.88833,14.56855,13.16052,11.84732,10.53323,9.218329,7.902729,6.586527,5.269824,3.952719
155.2269,155.0351,155.7186,155.4914,155.2447,154.0723,154.6934,154.3892,154.0661,152.8038,153.364,152.9853,152.5885,152.1736,152.6776,153.1699,154.5932,156.0106,157.4217,159.7775,161.1782,162.5718,163.9582,166.2983,167.6717,169.037,170.394,172.7126,174.0542,175.3866,173.7807,168.2414,162.6675,156.0787,152.4045,150.6756,150.9017,151.1163,150.3304,150.5207,150.6996,150.867,151.0229,151.1673,150.3048,151.4216,150.5345,150.6322,150.7184,150.7931,150.8563,150.908,150.9483
80.80601,78.99435,77.63842,75.83821,74.04791,71.8451,70.49785,68.73849,66.98984,64.86137,63.52545,61.81009,60.1062,58.41398,57.0838,55.74928,54.74432,53.71875,52.67257,51.91486,50.81928,49.70319,48.56662,47.68526,46.49948,45.29333,44.06688,43.0621,41.78672,40.49119,38.52625,35.76081,33.09508,30.33863,28.24651,26.56817,25.25228,23.93447,22.46703,21.15431,19.83998,18.52414,17.20689,15.88833,14.47271,13.24767,11.84732,10.53323,9.218329,7.902729,6.586527,5.269824,3.952719
155.2269,155.0351,155.7186,155.4914,155.2447,154.9786,154.6934,154.3892,154.0661,153.7243,153.364,152.9853,152.5885,152.1736,152.6776,153.1699,154.5932,156.0106,157.4217,159.7775,161.1782,162.5718,163.9582,166.2983,167.6717,169.037,170.394,172.7126,174.0542,175.3866,173.7807,167.2632,161.6876,156.0787,152.4045,150.6756,149.9154,151.1163,151.3194,150.5207,150.6996,150.867,151.0229,151.1673,151.3002,150.4254,150.5345,150.6322,150.7184,150.7931,150.8563,150.908,150.9483
80.80601,78.99435,77.63842,75.83821,74.04791,72.26772,70.49785,68.73849,66.98984,65.2521,63.52545,61.81009,60.1062,58.41398,57.0838,55.74928,54.74432,53.71875,52.67257,51.91486,50.81928,49.70319,48.56662,47.68526,46.49948,45.29333,44.06688,43.0621,41.78672,40.49119,38.52625,35.5529,32.89571,30.33863,28.24651,26.56817,25.08724,23.93447,22.61484,21.15431,19.83998,18.52414,17.20689,15.88833,14.56855,13.16052,11.84732,10.53323,9.218329,7.902729,6.586527,5.269824,3.952719
155.2269,155.0351,155.7186,155.4914,155.2447,154.9786,154.6934,154.3892,154.0661,153.7243,152.4401,152.9853,152.5885,152.1736,152.6776,153.1699,154.5932,156.0106,157.4217,159.7775,161.1782,163.5281,163.9582,166.2983,167.6717,168.0711,170.394,172.7126,175.0266,175.3866,173.7807,168.2414,161.6876,156.0787,152.4045,150.6756,150.9017,151.1163,151.3194,150.5207,150.6996,150.867,151.0229,151.1673,151.3002,150.4254,150.5345,150.6322,150.7184,150.7931,150.8563,150.908,150.9483
80.80601,78.99435,77.63842,75.83821,74.04791,72.26772,70.49785,68.73849,66.98984,65.2521,63.14277,61.81009,60.1062,58.41398,57.0838,55.74928,54.74432,53.71875,52.67257,51.91486,50.81928,49.99556,48.56662,47.68526,46.49948,45.03451,44.06688,43.0621,42.02017,40.49119,38.52625,35.76081,32.89571,30.33863,28.24651,26.56817,25.25228,23.93447,22.61484,21.15431,19.83998,18.52414,17.20689,15.88833,14.56855,13.16052,11.84732,10.53323,9.218329,7.902729,6.586527,5.269824,3.952719
155.2269,155.0351,155.7186,155.4914,155.2447,154.9786,154.6934,154.3892,154.0661,153.7243,153.364,152.9853,152.5885,152.1736,152.6776,153.1699,154.5932,156.0106,157.4217,159.7775,161.1782,162.5718,163.9582,166.2983,167.6717,169.037,170.394,172.7126,175.0266,176.361,174.757,168.2414,161.6876,156.0787,152.4045,150.6756,150.9017,151.1163,150.3304,150.5207,150.6996,150.867,151.0229,151.1673,150.3048,150.4254,150.5345,150.6322,149.7202,150.7931,149.8572,150.908,150.9483
80.80601,78.99435,77.63842,75.83821,74.04791,72.26772,70.49785,68.73849,66.98984,65.2521,63.52545,61.81009,60.1062,58.41398,57.0838,55.74928,54.74432,53.71875,52.67257,51.91486,50.81928,49.70319,48.56662,47.68526,46.49948,45.29333,44.06688,43.0621,42.02017,40.71614,38.74269,35.76081,32.89571,30.33863,28.24651,26.56817,25.25228,23.93447,22.46703,21.15431,19.83998,18.52414,17.20689,15.88833,14.47271,13.16052,11.84732,10.53323,9.157281,7.902729,6.542908,5.269824,3.952719
155.2269,155.0351,155.7186,155.4914,155.2447,154.9786,154.6934,154.3892,154.0661,153.7243,153.364,152.9853,152.5885,152.1736,152.6776,153.1699,155.5358,156.0106,157.4217,159.7775,161.1782,162.5718,164.917,166.2983,167.6717,169.037,170.394,172.7126,174.0542,175.3866,173.7807,167.2632,162.6675,156.0787,152.4045,150.6756,150.9017,151.1163,150.3304,150.5207,150.6996,150.867,151.0229,151.1673,151.3002,150.4254,150.5345,150.6322,150.7184,150.7931,150.8563,150.908,150.9483
80.80601,78.99435,77.63842,75.83821,74.04791,72.26772,70.49785,68.73849,66.98984,65.2521,63.52545,61.81009,60.1062,58.41398,57.0838,55.74928,55.07813,53.71875,52.67257,51.91486,50.81928,49.70319,48.85064,47.68526,46.49948,45.29333,44.06688,43.0621,41.78672,40.49119,38.52625,35.5529,33.09508,30.33863,28.24651,26.56817,25.25228,23.93447,22.46703,21.15431,19.83998,18.52414,17.20689,15.88833,14.56855,13.16052,11.84732,10.53323,9.218329,7.902729,6.586527,5.269824,3.952719
155.2269,155.0351,155.7186,155.4914,155.2447,154.9786,154.6934,154.3892,154.0661,153.7243,153.364,152.9853,152.5885,152.1736,152.6776,154.1096,154.5932,156.9561,158.3701,159.7775,161.1782,162.5718,163.9582,166.2983,167.6717,168.0711,170.394,172.7126,174.0542,175.3866,173.7807,167.2632,161.6876,156.0787,152.4045,150.6756,149.9154,151.1163,151.3194,150.5207,150.6996,150.867,150.0294,151.1673,150.3048,150.4254,150.5345,150.6322,150.7184,150.7931,150.8563,150.908,150.9483
80.80601,78.99435,77.63842,75.83821,74.04791,72.26772,70.49785,68.73849,66.98984,65.2521,63.52545,61.81009,60.1062,58.41398,57.0838,56.0913,54.74432,54.04431,52.98988,51.91486,50.81928,49.70319,48.56662,47.68526,46.49948,45.03451,44.06688,43.0621,41.78672,40.49119,38.52625,35.5529,32.89571,30.33863,28.24651,26.56817,25.08724,23.93447,22.61484,21.15431,19.83998,18.52414,17.09369,15.88833,14.47271,13.16052,11.84732,10.53323,9.218329,7.902729,6.586527,5.269824,3.952719
155.2269,155.0351,155.7186,155.4914,155.2447,154.9786,154.6934,154.3892,154.0661,153.7243,153.364,152.9853,152.5885,152.1736,152.6776,153.1699,154.5932,156.0106,157.4217,158.8264,161.1782,162.5718,163.9582,166.2983,167.6717,168.0711,170.394,172.7126,175.0266,175.3866,173.7807,167.2632,161.6876,156.0787,152.4045,150.6756,150.9017,151.1163,150.3304,150.5207,150.6996,150.867,151.0229,150.1728,149.3094,150.4254,150.5345,150.6322,150.7184,149.7944,150.8563,150.908,150.9483
80.80601,78.99435,77.63842,75.83821,74.04791,72.26772,70.49785,68.73849,66.98984,65.2521,63.52545,61.81009,60.1062,58.41398,57.0838,55.74928,54.74432,53.71875,52.67257,51.60584,50.81928,49.70319,48.56662,47.68526,46.49948,45.03451,44.06688,43.0621,42.02017,40.49119,38.52625,35.5529,32.89571,30.33863,28.24651,26.56817,25.25228,23.93447,22.46703,21.15431,19.83998,18.52414,17.20689,15.7838,14.37686,13.16052,11.84732,10.53323,9.218329,7.850393,6.586527,5.269824,3.952719
155.2269,155.0351,155.7186,155.4914,155.2447,154.9786,153.7835,154.3892,154.0661,153.7243,153.364,152.9853,152.5885,152.1736,152.6776,153.1699,154.5932,156.0106,157.4217,159.7775,161.1782,162.5718,163.9582,166.2983,167.6717,169.037,170.394,172.7126,174.0542,176.361,174.757,168.2414,161.6876,156.0787,152.4045,150.6756,150.9017,150.1286,150.3304,150.5207,150.6996,150.867,151.0229,151.1673,150.3048,150.4254,150.5345,150.6322,150.7184,150.7931,150.8563,150.908,150.9483
80.80601,78.99435,77.63842,75.83821,74.04791,72.26772,70.08316,68.73849,66.98984,65.2521,63.52545,61.81009,60.1062,58.41398,57.0838,55.74928,54.74432,53.71875,52.67257,51.91486,50.81928,49.70319,48.56662,47.68526,46.49948,45.29333,44.06688,43.0621,41.78672,40.71614,38.74269,35.76081,32.89571,30.33863,28.24651,26.56817,25.25228,23.77804,22.46703,21.15431,19.83998,18.52414,17.20689,15.88833,14.47271,13.16052,11.84732,10.53323,9.218329,7.902729,6.586527,5.269824,3.952719
