163.4944,162.3797,163.245,163.1016,162.9458,163.7701,163.5884,164.3845,164.1766,163.9563,164.7097,164.4629,164.2036,163.9317,164.6274,166.2851,166.9466,184.1559,198.3635,210.5542,209.1199,206.7081,205.2533,203.7875,201.3521,199.8677,198.3731,196.8687,194.4063,192.8858,191.3562,189.8179,188.2711,186.7161,185.1531,183.5824,182.0043,180.419,178.8267,177.2278,175.6225,174.0111,173.2964,173.4673,174.5122,174.6373,175.6281,175.7066,176.6422,177.5478,177.5526,178.4012,178.3572
-12.86729,-14.20639,-15.7187,-17.14267,-18.56533,-20.10844,-21.53682,-23.10273,-24.53636,-25.96812,-27.56295,-28.99925,-30.43333,-31.8651,-33.49381,-35.34499,-37.01117,-42.51575,-47.62285,-52.49705,-54.08208,-55.38728,-56.92177,-58.43512,-59.64322,-61.10569,-62.54681,-63.96652,-65.04745,-66.4159,-67.76279,-69.08807,-70.39168,-71.67359,-72.93374,-74.17211,-75.38864,-76.5833,-77.75607,-78.90691,-80.0358,-81.14271,-82.65813,-84.60563,-87.00857,-88.98214,-91.42623,-93.42484,-95.90891,-98.41635,-100.4544,-103,-105.0604
163.4944,163.3759,163.245,163.1016,162.9458,163.7701,163.5884,164.3845,164.1766,163.9563,164.7097,164.4629,164.2036,164.9134,164.6274,166.2851,166.9466,184.1559,197.3911,210.5542,208.1517,206.7081,205.2533,203.7875,201.3521,199.8677,198.3731,195.9176,195.3547,192.8858,191.3562,190.7576,188.2711,186.7161,184.2227,183.5824,182.0043,179.4984,178.8267,177.2278,175.6225,174.0111,172.3938,173.4673,174.5122,174.6373,175.6281,175.7066,176.6422,177.5478,177.5526,178.4012,178.3572
-12.86729,-14.29354,-15.7187,-17.14267,-18.56533,-20.10844,-21.53682,-23.10273,-24.53636,-25.96812,-27.56295,-28.99925,-30.43333,-32.05591,-33.49381,-35.34499,-37.01117,-42.51575,-47.38941,-52.49705,-53.8317,-55.38728,-56.92177,-58.43512,-59.64322,-61.10569,-62.54681,-63.6575,-65.36476,-66.4159,-67.76279,-69.43009,-70.39168,-71.67359,-72.56724,-74.17211,-75.38864,-76.19257,-77.75607,-78.90691,-80.0358,-81.14271,-82.22762,-84.60563,-87.00857,-88.98214,-91.42623,-93.42484,-95.90891,-98.41635,-100.4544,-103,-105.0604
163.4944,163.3759,163.245,164.0961,163.9394,163.7701,163.5884,163.3942,165.1656,164.944,164.7097,164.4629,164.2036,163.9317,164.6274,166.2851,167.9229,183.1816,198.3635,210.5542,209.1199,206.7081,206.2169,203.7875,201.3521,199.8677,198.3731,195.9176,195.3547,192.8858,191.3562,189.8179,188.2711,186.7161,185.1531,182.6552,182.0043,180.419,177.9097,177.2278,175.6225,174.0111,173.2964,173.4673,174.5122,174.6373,175.6281,176.5895,176.6422,177.5478,177.5526,178.4012,178.3572
-12.86729,-14.29354,-15.7187,-17.2472,-18.67853,-20.10844,-21.53682,-22.96356,-24.68417,-26.12456,-27.56295,-28.99925,-30.43333,-31.8651,-33.49381,-35.34499,-37.22761,-42.2908,-47.62285,-52.49705,-54.08208,-55.38728,-57.18901,-58.43512,-59.64322,-61.10569,-62.54681,-63.6575,-65.36476,-66.4159,-67.76279,-69.08807,-70.39168,-71.67359,-72.93374,-73.7975,-75.38864,-76.5833,-77.35732,-78.90691,-80.0358,-81.14271,-82.65813,-84.60563,-87.00857,-88.98214,-91.42623,-93.89431,-95.90891,-98.41635,-100.4544,-103,-105.0604
163.4944,163.3759,163.245,164.0961,163.9394,163.7701,164.5798,164.3845,164.1766,163.9563,163.7234,164.4629,164.2036,163.9317,164.6274,166.2851,165.9703,185.1303,197.3911,210.5542,209.1199,206.7081,205.2533,203.7875,201.3521,199.8677,198.3731,195.9176,195.3547,192.8858,191.3562,189.8179,188.2711,186.7161,185.1531,183.5824,181.0804,180.419,178.8267,177.2278,175.6225,174.0111,173.2964,174.366,174.5122,175.5283,175.6281,176.5895,176.6422,177.5478,177.5526,177.5352,178.3572
-12.86729,-14.29354,-15.7187,-17.2472,-18.67853,-20.10844,-21.66735,-23.10273,-24.53636,-25.96812,-27.3979,-28.99925,-30.43333,-31.8651,-33.49381,-35.34499,-36.79473,-42.7407,-47.38941,-52.49705,-54.08208,-55.38728,-56.92177,-58.43512,-59.64322,-61.10569,-62.54681,-63.6575,-65.36476,-66.4159,-67.76279,-69.08807,-70.39168,-71.67359,-72.93374,-74.17211,-75.00595,-76.5833,-77.75607,-78.90691,-80.0358,-81.14271,-82.65813,-85.044,-87.00857,-89.43613,-91.42623,-93.89431,-95.90891,-98.41635,-100.4544,-102.5,-105.0604
163.4944,163.3759,163.245,163.1016,163.9394,162.7776,164.5798,163.3942,164.1766,163.9563,164.7097,164.4629,164.2036,164.9134,164.6274,166.2851,167.9229,184.1559,198.3635,210.5542,209.1199,207.6741,205.2533,203.7875,201.3521,200.824,198.3731,196.8687,195.3547,193.8313,191.3562,190.7576,188.2711,187.6497,184.2227,183.5824,182.0043,180.419,177.9097,177.2278,175.6225,174.0111,173.2964,173.4673,174.5122,174.6373,175.6281,176.5895,177.5211,177.5478,177.5526,178.4012,178.3572
-12.86729,-14.29354,-15.7187,-17.14267,-18.67853,-19.98657,-21.66735,-22.96356,-24.53636,-25.96812,-27.56295,-28.99925,-30.43333,-32.05591,-33.49381,-35.34499,-37.22761,-42.51575,-47.62285,-52.49705,-54.08208,-55.64609,-56.92177,-58.43512,-59.64322,-61.39806,-62.54681,-63.96652,-65.36476,-66.74147,-67.76279,-69.43009,-70.39168,-72.03196,-72.56724,-74.17211,-75.38864,-76.5833,-77.35732,-78.90691,-80.0358,-81.14271,-82.65813,-84.60563,-87.00857,-88.98214,-91.42623,-93.89431,-96.38607,-98.41635,-100.4544,-103,-105.0604
163.4944,163.3759,163.245,163.1016,162.9458,163.7701,163.5884,164.3845,164.1766,163.9563,164.7097,164.4629,165.1868,163.9317,164.6274,166.2851,166.9466,184.1559,197.3911,210.5542,208.1517,206.7081,205.2533,203.7875,201.3521,199.8677,198.3731,196.8687,195.3547,193.8313,191.3562,190.7576,188.2711,186.7161,185.1531,183.5824,181.0804,179.4984,178.8267,176.3143,175.6225,174.0111,173.2964,173.4673,174.5122,174.6373,176.5152,175.7066,176.6422,177.5478,177.5526,177.5352,178.3572
-12.86729,-14.29354,-15.7187,-17.14267,-18.56533,-20.10844,-21.53682,-23.10273,-24.53636,-25.96812,-27.56295,-28.99925,-30.61557,-31.8651,-33.49381,-35.34499,-37.01117,-42.51575,-47.38941,-52.49705,-53.8317,-55.38728,-56.92177,-58.43512,-59.64322,-61.10569,-62.54681,-63.96652,-65.36476,-66.74147,-67.76279,-69.43009,-70.39168,-71.67359,-72.93374,-74.17211,-75.00595,-76.19257,-77.75607,-78.50017,-80.0358,-81.14271,-82.65813,-84.60563,-87.00857,-88.98214,-91.88797,-93.42484,-95.90891,-98.41635,-100.4544,-102.5,-105.0604
163.4944,163.3759,163.245,163.1016,163.9394,163.7701,164.5798,164.3845,164.1766,164.944,164.7097,164.4629,164.2036,164.9134,164.6274,166.2851,166.9466,184.1559,198.3635,210.5542,209.1199,206.7081,205.2533,202.8262,201.3521,199.8677,198.3731,196.8687,195.3547,192.8858,191.3562,189.8179,188.2711,186.7161,185.1531,183.5824,182.0043,179.4984,178.8267,176.3143,175.6225,174.0111,173.2964,173.4673,174.5122,174.6373,174.7411,175.7066,176.6422,177.5478,177.5526,177.5352,178.3572
-12.86729,-14.29354,-15.7187,-17.14267,-18.67853,-20.10844,-21.66735,-23.10273,-24.53636,-26.12456,-27.56295,-28.99925,-30.43333,-32.05591,-33.49381,-35.34499,-37.01117,-42.51575,-47.62285,-52.49705,-54.08208,-55.38728,-56.92177,-58.15948,-59.64322,-61.10569,-62.54681,-63.96652,-65.36476,-66.4159,-67.76279,-69.08807,-70.39168,-71.67359,-72.93374,-74.17211,-75.38864,-76.19257,-77.75607,-78.50017,-80.0358,-81.14271,-82.65813,-84.60563,-87.00857,-88.98214,-90.96448,-93.42484,-95.90891,-98.41635,-100.4544,-102.5,-105.0604
163.4944,163.3759,163.245,163.1016,162.9458,163.7701,163.5884,164.3845,164.1766,163.9563,164.7097,164.4629,164.2036,164.9134,164.6274,166.2851,167.9229,184.1559,197.3911,210.5542,209.1199,206.7081,205.2533,203.7875,201.3521,199.8677,198.3731,196.8687,195.3547,192.8858,191.3562,189.8179,188.2711,186.7161,184.2227,182.6552,182.0043,179.4984,178.8267,177.2278,174.7126,173.1048,173.2964,173.4673,174.5122,174.6373,175.6281,175.7066,176.6422,177.5478,177.5526,178.4012,178.3572
-12.86729,-14.29354,-15.7187,-17.14267,-18.56533,-20.10844,-21.53682,-23.10273,-24.53636,-25.96812,-27.56295,-28.99925,-30.43333,-32.05591,-33.49381,-35.34499,-37.22761,-42.51575,-47.38941,-52.49705,-54.08208,-55.38728,-56.92177,-58.43512,-59.64322,-61.10569,-62.54681,-63.96652,-65.36476,-66.4159,-67.76279,-69.08807,-70.39168,-71.67359,-72.56724,-73.7975,-75.38864,-76.19257,-77.75607,-78.90691,-79.6211,-80.72009,-82.65813,-84.60563,-87.00857,-88.98214,-91.42623,-93.42484,-95.90891,-98.41635,-100.4544,-103,-105.0604
163.4944,163.3759,163.245,163.1016,163.9394,163.7701,163.5884,164.3845,164.1766,163.9563,164.7097,164.4629,164.2036,163.9317,164.6274,166.2851,166.9466,184.1559,198.3635,210.5542,208.1517,206.7081,205.2533,203.7875,201.3521,199.8677,198.3731,196.8687,194.4063,192.8858,191.3562,189.8179,188.2711,186.7161,185.1531,182.6552,181.0804,179.4984,178.8267,177.2278,175.6225,174.0111,173.2964,173.4673,174.5122,174.6373,175.6281,176.5895,176.6422,177.5478,177.5526,177.5352,178.3572
-12.86729,-14.29354,-15.7187,-17.14267,-18.67853,-20.10844,-21.53682,-23.10273,-24.53636,-25.96812,-27.56295,-28.99925,-30.43333,-31.8651,-33.49381,-35.34499,-37.01117,-42.51575,-47.62285,-52.49705,-53.8317,-55.38728,-56.92177,-58.43512,-59.64322,-61.10569,-62.54681,-63.96652,-65.04745,-66.4159,-67.76279,-69.08807,-70.39168,-71.67359,-72.93374,-73.7975,-75.00595,-76.19257,-77.75607,-78.90691,-80.0358,-81.14271,-82.65813,-84.60563,-87.00857,-88.98214,-91.42623,-93.89431,-95.90891,-98.41635,-100.4544,-102.5,-105.0604
163.4944,163.3759,163.245,163.1016,162.9458,163.7701,163.5884,164.3845,164.1766,163.9563,163.7234,164.4629,164.2036,164.9134,164.6274,166.2851,167.9229,186.1047,198.3635,210.5542,209.1199,206.7081,205.2533,203.7875,201.3521,199.8677,198.3731,196.8687,195.3547,192.8858,191.3562,189.8179,188.2711,186.7161,185.1531,183.5824,182.0043,180.419,178.8267,177.2278,175.6225,174.0111,173.2964,173.4673,174.5122,174.6373,175.6281,175.7066,176.6422,177.5478,177.5526,178.4012,178.3572
-12.86729,-14.29354,-15.7187,-17.14267,-18.56533,-20.10844,-21.53682,-23.10273,-24.53636,-25.96812,-27.3979,-28.99925,-30.43333,-32.05591,-33.49381,-35.34499,-37.22761,-42.96565,-47.62285,-52.49705,-54.08208,-55.38728,-56.92177,-58.43512,-59.64322,-61.10569,-62.54681,-63.96652,-65.36476,-66.4159,-67.76279,-69.08807,-70.39168,-71.67359,-72.93374,-74.17211,-75.38864,-76.5833,-77.75607,-78.90691,-80.0358,-81.14271,-82.65813,-84.60563,-87.00857,-88.98214,-91.42623,-93.42484,-95.90891,-98.41635,-100.4544,-103,-105.0604
163.4944,162.3797,163.245,163.1016,163.9394,163.7701,164.5798,163.3942,164.1766,163.9563,164.7097,164.4629,164.2036,164.9134,164.6274,166.2851,168.8992,183.1816,197.3911,210.5542,209.1199,206.7081,205.2533,203.7875,201.3521,199.8677,198.3731,196.8687,194.4063,192.8858,191.3562,189.8179,188.2711,186.7161,185.1531,183.5824,181.0804,180.419,177.9097,177.2278,175.6225,174.0111,173.2964,173.4673,174.5122,174.6373,175.6281,176.5895,176.6422,177.5478,177.5526,178.4012,178.3572
-12.86729,-14.20639,-15.7187,-17.14267,-18.67853,-20.10844,-21.66735,-22.96356,-24.53636,-25.96812,-27.56295,-28.99925,-30.43333,-32.05591,-33.49381,-35.34499,-37.44405,-42.2908,-47.38941,-52.49705,-54.08208,-55.38728,-56.92177,-58.43512,-59.64322,-61.10569,-62.54681,-63.96652,-65.04745,-66.4159,-67.76279,-69.08807,-70.39168,-71.67359,-72.93374,-74.17211,-75.00595,-76.5833,-77.35732,-78.90691,-80.0358,-81.14271,-82.65813,-84.60563,-87.00857,-88.98214,-91.42623,-93.89431,-95.90891,-98.41635,-100.4544,-103,-105.0604
163.4944,163.3759,163.245,163.1016,163.9394,163.7701,163.5884,164.3845,164.1766,164.944,163.7234,163.4781,164.2036,164.9134,164.6274,166.2851,166.9466,184.1559,198.3635,210.5542,208.1517,206.7081,205.2533,203.7875,202.311,199.8677,198.3731,196.8687,195.3547,193.8313,191.3562,189.8179,188.2711,186.7161,185.1531,183.5824,182.0043,180.419,178.8267,177.2278,175.6225,174.0111,173.2964,173.4673,174.5122,174.6373,174.7411,176.5895,176.6422,176.6732,178.4229,178.4012,178.3572
-12.86729,-14.29354,-15.7187,-17.14267,-18.67853,-20.10844,-21.53682,-23.10273,-24.53636,-26.12456,-27.3979,-28.8256,-30.43333,-32.05591,-33.49381,-35.34499,-37.01117,-42.51575,-47.62285,-52.49705,-53.8317,-55.38728,-56.92177,-58.43512,-59.92724,-61.10569,-62.54681,-63.96652,-65.36476,-66.74147,-67.76279,-69.08807,-70.39168,-71.67359,-72.93374,-74.17211,-75.38864,-76.5833,-77.75607,-78.90691,-80.0358,-81.14271,-82.65813,-84.60563,-87.00857,-88.98214,-90.96448,-93.89431,-95.90891,-97.93154,-100.9468,-103,-105.0604
163.4944,163.3759,163.245,163.1016,163.9394,163.7701,163.5884,164.3845,164.1766,163.9563,164.7097,164.4629,164.2036,163.9317,164.6274,166.2851,167.9229,183.1816,197.3911,210.5542,209.1199,206.7081,205.2533,203.7875,201.3521,199.8677,198.3731,196.8687,195.3547,192.8858,191.3562,189.8179,188.2711,186.7161,184.2227,183.5824,181.0804,180.419,177.9097,177.2278,175.6225,174.0111,173.2964,173.4673,174.5122,174.6373,175.6281,175.7066,176.6422,176.6732,177.5526,178.4012,178.3572
-12.86729,-14.29354,-15.7187,-17.14267,-18.67853,-20.10844,-21.53682,-23.10273,-24.53636,-25.96812,-27.56295,-28.99925,-30.43333,-31.8651,-33.49381,-35.34499,-37.22761,-42.2908,-47.38941,-52.49705,-54.08208,-55.38728,-56.92177,-58.43512,-59.64322,-61.10569,-62.54681,-63.96652,-65.36476,-66.4159,-67.76279,-69.08807,-70.39168,-71.67359,-72.56724,-74.17211,-75.00595,-76.5833,-77.35732,-78.90691,-80.0358,-81.14271,-82.65813,-84.60563,-87.00857,-88.98214,-91.42623,-93.42484,-95.90891,-97.93154,-100.4544,-103,-105.0604
163.4944,163.3759,163.245,163.1016,162.9458,163.7701,164.5798,164.3845,164.1766,163.9563,164.7097,164.4629,164.2036,164.9134,164.6274,166.2851,166.9466,184.1559,197.3911,210.5542,209.1199,206.7081,205.2533,203.7875,201.3521,199.8677,198.3731,195.9176,194.4063,192.8858,191.3562,189.8179,188.2711,186.7161,185.1531,182.6552,182.0043,179.4984,177.9097,177.2278,174.7126,174.0111,173.2964,173.4673,174.5122,174.6373,175.6281,176.5895,176.6422,177.5478,177.5526,178.4012,178.3572
-12.86729,-14.29354,-15.7187,-17.14267,-18.56533,-20.10844,-21.66735,-23.10273,-24.53636,-25.96812,-27.56295,-28.99925,-30.43333,-32.05591,-33.49381,-35.34499,-37.01117,-42.51575,-47.38941,-52.49705,-54.08208,-55.38728,-56.92177,-58.43512,-59.64322,-61.10569,-62.54681,-63.6575,-65.04745,-66.4159,-67.76279,-69.08807,-70.39168,-71.67359,-72.93374,-73.7975,-75.38864,-76.19257,-77.35732,-78.90691,-79.6211,-81.14271,-82.65813,-84.60563,-87.00857,-88.98214,-91.42623,-93.89431,-95.90891,-98.41635,-100.4544,-103,-105.0604
163.4944,163.3759,163.245,163.1016,163.9394,163.7701,163.5884,164.3845,165.1656,164.944,164.7097,164.4629,164.2036,164.9134,164.6274,166.2851,167.9229,184.1559,198.3635,210.5542,209.1199,206.7081,205.2533,202.8262,201.3521,199.8677,198.3731,196.8687,195.3547,193.8313,191.3562,189.8179,188.2711,186.7161,185.1531,183.5824,181.0804,179.4984,178.8267,177.2278,175.6225,174.0111,173.2964,173.4673,174.5122,174.6373,175.6281,175.7066,176.6422,177.5478,177.5526,177.5352,178.3572
-12.86729,-14.29354,-15.7187,-17.14267,-18.67853,-20.10844,-21.53682,-23.10273,-24.68417,-26.12456,-27.56295,-28.99925,-30.43333,-32.05591,-33.49381,-35.34499,-37.22761,-42.51575,-47.62285,-52.49705,-54.08208,-55.38728,-56.92177,-58.15948,-59.64322,-61.10569,-62.54681,-63.96652,-65.36476,-66.74147,-67.76279,-69.08807,-70.39168,-71.67359,-72.93374,-74.17211,-75.00595,-76.19257,-77.75607,-78.90691,-80.0358,-81.14271,-82.65813,-84.60563,-87.00857,-88.98214,-91.42623,-93.42484,-95.90891,-98.41635,-100.4544,-102.5,-105.0604
163.4944,162.3797,163.245,163.1016,163.9394,163.7701,163.5884,164.3845,164.1766,163.9563,164.7097,164.4629,164.2036,164.9134,164.6274,166.2851,166.9466,184.1559,198.3635,210.5542,208.1517,206.7081,205.2533,203.7875,201.3521,199.8677,198.3731,196.8687,195.3547,192.8858,191.3562,189.8179,188.2711,186.7161,185.1531,183.5824,182.0043,179.4984,178.8267,177.2278,175.6225,174.0111,173.2964,174.366,174.5122,175.5283,175.6281,176.5895,176.6422,177.5478,177.5526,178.4012,178.3572
-12.86729,-14.20639,-15.7187,-17.14267,-18.67853,-20.10844,-21.53682,-23.10273,-24.53636,-25.96812,-27.56295,-28.99925,-30.43333,-32.05591,-33.49381,-35.34499,-37.01117,-42.51575,-47.62285,-52.49705,-53.8317,-55.38728,-56.92177,-58.43512,-59.64322,-61.10569,-62.54681,-63.96652,-65.36476,-66.4159,-67.76279,-69.08807,-70.39168,-71.67359,-72.93374,-74.17211,-75.38864,-76.19257,-77.75607,-78.90691,-80.0358,-81.14271,-82.65813,-85.044,-87.00857,-89.43613,-91.42623,-93.89431,-95.90891,-98.41635,-100.4544,-103,-105.0604
163.4944,163.3759,163.245,163.1016,162.9458,163.7701,163.5884,164.3845,164.1766,164.944,164.7097,164.4629,164.2036,164.9134,164.6274,166.2851,166.9466,184.1559,197.3911,210.5542,209.1199,206.7081,205.2533,203.7875,201.3521,199.8677,198.3731,196.8687,194.4063,192.8858,191.3562,189.8179,188.2711,186.7161,185.1531,183.5824,182.0043,180.419,178.8267,177.2278,175.6225,174.0111,173.2964,173.4673,174.5122,174.6373,175.6281,176.5895,176.6422,177.5478,177.5526,178.4012,178.3572
-12.86729,-14.29354,-15.7187,-17.14267,-18.56533,-20.10844,-21.53682,-23.10273,-24.53636,-26.12456,-27.56295,-28.99925,-30.43333,-32.05591,-33.49381,-35.34499,-37.01117,-42.51575,-47.38941,-52.49705,-54.08208,-55.38728,-56.92177,-58.43512,-59.64322,-61.10569,-62.54681,-63.96652,-65.04745,-66.4159,-67.76279,-69.08807,-70.39168,-71.67359,-72.93374,-74.17211,-75.38864,-76.5833,-77.75607,-78.90691,-80.0358,-81.14271,-82.65813,-84.60563,-87.00857,-88.98214,-91.42623,-93.89431,-95.90891,-98.41635,-100.4544,-103,-105.0604
163.4944,163.3759,163.245,163.1016,163.9394,163.7701,163.5884,164.3845,164.1766,163.9563,164.7097,164.4629,164.2036,163.9317,164.6274,166.2851,166.9466,184.1559,197.3911,210.5542,208.1517,206.7081,205.2533,203.7875,201.3521,199.8677,198.3731,196.8687,194.4063,192.8858,191.3562,189.8179,188.2711,186.7161,185.1531,182.6552,182.0043,180.419,177.9097,177.2278,175.6225,174.0111,173.2964,173.4673,174.5122,174.6373,175.6281,176.5895,176.6422,177.5478,176.6822,177.5352,178.3572
-12.86729,-14.29354,-15.7187,-17.14267,-18.67853,-20.10844,-21.53682,-23.10273,-24.53636,-25.96812,-27.56295,-28.99925,-30.43333,-31.8651,-33.49381,-35.34499,-37.01117,-42.51575,-47.38941,-52.49705,-53.8317,-55.38728,-56.92177,-58.43512,-59.64322,-61.10569,-62.54681,-63.96652,-65.04745,-66.4159,-67.76279,-69.08807,-70.39168,-71.67359,-72.93374,-73.7975,-75.38864,-76.5833,-77.35732,-78.90691,-80.0358,-81.14271,-82.65813,-84.60563,-87.00857,-88.98214,-91.42623,-93.89431,-95.90891,-98.41635,-99.96198,-102.5,-105.0604
163.4944,163.3759,163.245,163.1016,163.9394,163.7701,163.5884,163.3942,164.1766,163.9563,164.7097,164.4629,164.2036,163.9317,164.6274,166.2851,166.9466,184.1559,198.3635,210.5542,209.1199,206.7081,205.2533,203.7875,202.311,199.8677,198.3731,196.8687,195.3547,192.8858,191.3562,189.8179,188.2711,186.7161,185.1531,183.5824,181.0804,180.419,178.8267,177.2278,175.6225,174.0111,173.2964,174.366,174.5122,175.5283,175.6281,175.7066,176.6422,177.5478,177.5526,178.4012,178.3572
-12.86729,-14.29354,-15.7187,-17.14267,-18.67853,-20.10844,-21.53682,-22.96356,-24.53636,-25.96812,-27.56295,-28.99925,-30.43333,-31.8651,-33.49381,-35.34499,-37.01117,-42.51575,-47.62285,-52.49705,-54.08208,-55.38728,-56.92177,-58.43512,-59.92724,-61.10569,-62.54681,-63.96652,-65.36476,-66.4159,-67.76279,-69.08807,-70.39168,-71.67359,-72.93374,-74.17211,-75.00595,-76.5833,-77.75607,-78.90691,-80.0358,-81.14271,-82.65813,-85.044,-87.00857,-89.43613,-91.42623,-93.42484,-95.90891,-98.41635,-100.4544,-103,-105.0604
163.4944,162.3797,163.245,163.1016,162.9458,163.7701,163.5884,164.3845,164.1766,163.9563,164.7097,164.4629,164.2036,164.9134,164.6274,166.2851,166.9466,184.1559,198.3635,210.5542,208.1517,206.7081,205.2533,203.7875,201.3521,199.8677,198.3731,196.8687,194.4063,193.8313,191.3562,189.8179,188.2711,186.7161,185.1531,183.5824,182.0043,180.419,178.8267,177.2278,175.6225,174.0111,173.2964,173.4673,174.5122,174.6373,175.6281,175.7066,176.6422,176.6732,177.5526,178.4012,178.3572
-12.86729,-14.20639,-15.7187,-17.14267,-18.56533,-20.10844,-21.53682,-23.10273,-24.53636,-25.96812,-27.56295,-28.99925,-30.43333,-32.05591,-33.49381,-35.34499,-37.01117,-42.51575,-47.62285,-52.49705,-53.8317,-55.38728,-56.92177,-58.43512,-59.64322,-61.10569,-62.54681,-63.96652,-65.04745,-66.74147,-67.76279,-69.08807,-70.39168,-71.67359,-72.93374,-74.17211,-75.38864,-76.5833,-77.75607,-78.90691,-80.0358,-81.14271,-82.65813,-84.60563,-87.00857,-88.98214,-91.42623,-93.42484,-95.90891,-97.93154,-100.4544,-103,-105.0604
163.4944,163.3759,163.245,163.1016,163.9394,163.7701,163.5884,164.3845,164.1766,163.9563,164.7097,164.4629,164.2036,164.9134,164.6274,166.2851,166.9466,184.1559,197.3911,210.5542,209.1199,206.7081,205.2533,203.7875,201.3521,199.8677,198.3731,196.8687,195.3547,192.8858,191.3562,189.8179,188.2711,186.7161,185.1531,183.5824,182.0043,179.4984,178.8267,177.2278,175.6225,174.0111,173.2964,174.366,174.5122,175.5283,175.6281,175.7066,176.6422,177.5478,176.6822,177.5352,178.3572
-12.86729,-14.29354,-15.7187,-17.14267,-18.67853,-20.10844,-21.53682,-23.10273,-24.53636,-25.96812,-27.56295,-28.99925,-30.43333,-32.05591,-33.49381,-35.34499,-37.01117,-42.51575,-47.38941,-52.49705,-54.08208,-55.38728,-56.92177,-58.43512,-59.64322,-61.10569,-62.54681,-63.96652,-65.36476,-66.4159,-67.76279,-69.08807,-70.39168,-71.67359,-72.93374,-74.17211,-75.38864,-76.19257,-77.75607,-78.90691,-80.0358,-81.14271,-82.65813,-85.044,-87.00857,-89.43613,-91.42623,-93.42484,-95.90891,-98.41635,-99.96198,-102.5,-105.0604
163.4944,162.3797,163.245,163.1016,162.9458,163.7701,163.5884,164.3845,164.1766,163.9563,164.7097,164.4629,164.2036,164.9134,164.6274,166.2851,166.9466,184.1559,198.3635,210.5542,208.1517,206.7081,205.2533,203.7875,201.3521,199.8677,198.3731,196.8687,195.3547,192.8858,191.3562,189.8179,188.2711,186.7161,185.1531,183.5824,182.0043,180.419,178.8267,177.2278,175.6225,174.0111,173.2964,173.4673,174.5122,174.6373,175.6281,175.7066,176.6422,177.5478,177.5526,178.4012,178.3572
-12.86729,-14.20639,-15.7187,-17.14267,-18.56533,-20.10844,-21.53682,-23.10273,-24.53636,-25.96812,-27.56295,-28.99925,-30.43333,-32.05591,-33.49381,-35.34499,-37.01117,-42.51575,-47.62285,-52.49705,-53.8317,-55.38728,-56.92177,-58.43512,-59.64322,-61.10569,-62.54681,-63.96652,-65.36476,-66.4159,-67.76279,-69.08807,-70.39168,-71.67359,-72.93374,-74.17211,-75.38864,-76.5833,-77.75607,-78.90691,-80.0358,-81.14271,-82.65813,-84.60563,-87.00857,-88.98214,-91.42623,-93.42484,-95.90891,-98.41635,-100.4544,-103,-105.0604
163.4944,162.3797,163.245,163.1016,163.9394,163.7701,163.5884,164.3845,164.1766,163.9563,164.7097,164.4629,165.1868,164.9134,164.6274,166.2851,167.9229,184.1559,198.3635,210.5542,208.1517,206.7081,205.2533,203.7875,201.3521,199.8677,198.3731,196.8687,195.3547,192.8858,191.3562,189.8179,188.2711,186.7161,185.1531,182.6552,181.0804,180.419,178.8267,177.2278,175.6225,174.0111,173.2964,173.4673,174.5122,174.6373,175.6281,175.7066,176.6422,177.5478,177.5526,178.4012,178.3572
-12.86729,-14.20639,-15.7187,-17.14267,-18.67853,-20.10844,-21.53682,-23.10273,-24.53636,-25.96812,-27.56295,-28.99925,-30.61557,-32.05591,-33.49381,-35.34499,-37.22761,-42.51575,-47.62285,-52.49705,-53.8317,-55.38728,-56.92177,-58.43512,-59.64322,-61.10569,-62.54681,-63.96652,-65.36476,-66.4159,-67.76279,-69.08807,-70.39168,-71.67359,-72.93374,-73.7975,-75.00595,-76.5833,-77.75607,-78.90691,-80.0358,-81.14271,-82.65813,-84.60563,-87.00857,-88.98214,-91.42623,-93.42484,-95.90891,-98.41635,-100.4544,-103,-105.0604
163.4944,162.3797,163.245,163.1016,163.9394,163.7701,163.5884,164.3845,164.1766,163.9563,164.7097,164.4629,164.2036,164.9134,164.6274,166.2851,167.9229,184.1559,198.3635,210.5542,208.1517,206.7081,205.2533,202.8262,201.3521,199.8677,198.3731,196.8687,194.4063,192.8858,191.3562,189.8179,188.2711,186.7161,185.1531,182.6552,182.0043,179.4984,178.8267,177.2278,175.6225,174.0111,173.2964,173.4673,174.5122,174.6373,175.6281,175.7066,176.6422,177.5478,177.5526,178.4012,178.3572
-12.86729,-14.20639,-15.7187,-17.14267,-18.67853,-20.10844,-21.53682,-23.10273,-24.53636,-25.96812,-27.56295,-28.99925,-30.43333,-32.05591,-33.49381,-35.34499,-37.22761,-42.51575,-47.62285,-52.49705,-53.8317,-55.38728,-56.92177,-58.15948,-59.64322,-61.10569,-62.54681,-63.96652,-65.04745,-66.4159,-67.76279,-69.08807,-70.39168,-71.67359,-72.93374,-73.7975,-75.38864,-76.19257,-77.75607,-78.90691,-80.0358,-81.14271,-82.65813,-84.60563,-87.00857,-88.98214,-91.42623,-93.42484,-95.90891,-98.41635,-100.4544,-103,-105.0604
163.4944,163.3759,163.245,163.1016,163.9394,163.7701,163.5884,164.3845,164.1766,163.9563,164.7097,164.4629,164.2036,164.9134,164.6274,166.2851,167.9229,184.1559,198.3635,210.5542,208.1517,206.7081,205.2533,203.7875,201.3521,199.8677,198.3731,196.8687,194.4063,192.8858,191.3562,189.8179,188.2711,186.7161,185.1531,183.5824,182.0043,180.419,178.8267,177.2278,175.6225,174.0111,173.2964,173.4673,174.5122,174.6373,175.6281,175.7066,176.6422,177.5478,177.5526,178.4012,178.3572
-12.86729,-14.29354,-15.7187,-17.14267,-18.67853,-20.10844,-21.53682,-23.10273,-24.53636,-25.96812,-27.56295,-28.99925,-30.43333,-32.05591,-33.49381,-35.34499,-37.22761,-42.51575,-47.62285,-52.49705,-53.8317,-55.38728,-56.92177,-58.43512,-59.64322,-61.10569,-62.54681,-63.96652,-65.04745,-66.4159,-67.76279,-69.08807,-70.39168,-71.67359,-72.93374,-74.17211,-75.38864,-76.5833,-77.75607,-78.90691,-80.0358,-81.14271,-82.65813,-84.60563,-87.00857,-88.98214,-91.42623,-93.42484,-95.90891,-98.41635,-100.4544,-103,-105.0604
163.4944,162.3797,163.245,163.1016,163.9394,163.7701,164.5798,164.3845,164.1766,163.9563,164.7097,164.4629,164.2036,164.9134,164.6274,166.2851,167.9229,184.1559,197.3911,210.5542,208.1517,206.7081,205.2533,203.7875,201.3521,199.8677,198.3731,196.8687,195.3547,192.8858,191.3562,189.8179,188.2711,186.7161,185.1531,183.5824,182.0043,179.4984,178.8267,177.2278,175.6225,174.0111,173.2964,173.4673,174.5122,174.6373,175.6281,175.7066,176.6422,177.5478,177.5526,177.5352,178.3572
-12.86729,-14.20639,-15.7187,-17.14267,-18.67853,-20.10844,-21.66735,-23.10273,-24.53636,-25.96812,-27.56295,-28.99925,-30.43333,-32.05591,-33.49381,-35.34499,-37.22761,-42.51575,-47.38941,-52.49705,-53.8317,-55.38728,-56.92177,-58.43512,-59.64322,-61.10569,-62.54681,-63.96652,-65.36476,-66.4159,-67.76279,-69.08807,-70.39168,-71.67359,-72.93374,-74.17211,-75.38864,-76.19257,-77.75607,-78.90691,-80.0358,-81.14271,-82.65813,-84.60563,-87.00857,-88.98214,-91.42623,-93.42484,-95.90891,-98.41635,-100.4544,-102.5,-105.0604
163.4944,162.3797,163.245,163.1016,163.9394,163.7701,163.5884,164.3845,164.1766,163.9563,164.7097,164.4629,164.2036,164.9134,164.6274,166.2851,167.9229,184.1559,197.3911,210.5542,209.1199,206.7081,205.2533,203.7875,201.3521,199.8677,198.3731,196.8687,195.3547,192.8858,191.3562,189.8179,188.2711,186.7161,185.1531,183.5824,181.0804,179.4984,178.8267,177.2278,175.6225,174.0111,173.2964,173.4673,174.5122,174.6373,175.6281,176.5895,176.6422,177.5478,177.5526,178.4012,178.3572
-12.86729,-14.20639,-15.7187,-17.14267,-18.67853,-20.10844,-21.53682,-23.10273,-24.53636,-25.96812,-27.56295,-28.99925,-30.43333,-32.05591,-33.49381,-35.34499,-37.22761,-42.51575,-47.38941,-52.49705,-54.08208,-55.38728,-56.92177,-58.43512,-59.64322,-61.10569,-62.54681,-63.96652,-65.36476,-66.4159,-67.76279,-69.08807,-70.39168,-71.67359,-72.93374,-74.17211,-75.00595,-76.19257,-77.75607,-78.90691,-80.0358,-81.14271,-82.65813,-84.60563,-87.00857,-88.98214,-91.42623,-93.89431,-95.90891,-98.41635,-100.4544,-103,-105.0604
163.4944,163.3759,163.245,163.1016,163.9394,163.7701,163.5884,164.3845,164.1766,163.9563,164.7097,164.4629,164.2036,164.9134,164.6274,166.2851,167.9229,184.1559,198.3635,210.5542,208.1517,206.7081,205.2533,203.7875,201.3521,199.8677,198.3731,196.8687,195.3547,192.8858,191.3562,189.8179,188.2711,186.7161,185.1531,183.5824,182.0043,180.419,178.8267,177.2278,175.6225,174.0111,173.2964,173.4673,174.5122,174.6373,175.6281,176.5895,176.6422,177.5478,177.5526,177.5352,178.3572
-12.86729,-14.29354,-15.7187,-17.14267,-18.67853,-20.10844,-21.53682,-23.10273,-24.53636,-25.96812,-27.56295,-28.99925,-30.43333,-32.05591,-33.49381,-35.34499,-37.22761,-42.51575,-47.62285,-52.49705,-53.8317,-55.38728,-56.92177,-58.43512,-59.64322,-61.10569,-62.54681,-63.96652,-65.36476,-66.4159,-67.76279,-69.08807,-70.39168,-71.67359,-72.93374,-74.17211,-75.38864,-76.5833,-77.75607,-78.90691,-80.0358,-81.14271,-82.65813,-84.60563,-87.00857,-88.98214,-91.42623,-93.89431,-95.90891,-98.41635,-100.4544,-102.5,-105.0604
163.4944,162.3797,163.245,163.1016,163.9394,163.7701,163.5884,164.3845,164.1766,164.944,164.7097,164.4629,164.2036,164.9134,164.6274,166.2851,167.9229,185.1303,198.3635,210.5542,208.1517,206.7081,205.2533,203.7875,201.3521,199.8677,198.3731,196.8687,195.3547,192.8858,191.3562,189.8179,188.2711,186.7161,185.1531,183.5824,182.0043,179.4984,177.9097,177.2278,175.6225,174.0111,172.3938,173.4673,174.5122,174.6373,175.6281,176.5895,176.6422,177.5478,178.4229,177.5352,178.3572
-12.86729,-14.20639,-15.7187,-17.14267,-18.67853,-20.10844,-21.53682,-23.10273,-24.53636,-26.12456,-27.56295,-28.99925,-30.43333,-32.05591,-33.49381,-35.34499,-37.22761,-42.7407,-47.62285,-52.49705,-53.8317,-55.38728,-56.92177,-58.43512,-59.64322,-61.10569,-62.54681,-63.96652,-65.36476,-66.4159,-67.76279,-69.08807,-70.39168,-71.67359,-72.93374,-74.17211,-75.38864,-76.19257,-77.35732,-78.90691,-80.0358,-81.14271,-82.22762,-84.60563,-87.00857,-88.98214,-91.42623,-93.89431,-95.90891,-98.41635,-100.9468,-102.5,-105.0604
163.4944,162.3797,163.245,163.1016,163.9394,163.7701,163.5884,164.3845,164.1766,164.944,164.7097,164.4629,164.2036,164.9134,164.6274,166.2851,167.9229,184.1559,198.3635,210.5542,209.1199,206.7081,205.2533,203.7875,201.3521,199.8677,198.3731,196.8687,195.3547,192.8858,191.3562,189.8179,188.2711,186.7161,185.1531,183.5824,182.0043,179.4984,178.8267,177.2278,175.6225,174.0111,173.2964,173.4673,174.5122,175.5283,175.6281,175.7066,176.6422,177.5478,177.5526,177.5352,178.3572
-12.86729,-14.20639,-15.7187,-17.14267,-18.67853,-20.10844,-21.53682,-23.10273,-24.53636,-26.12456,-27.56295,-28.99925,-30.43333,-32.05591,-33.49381,-35.34499,-37.22761,-42.51575,-47.62285,-52.49705,-54.08208,-55.38728,-56.92177,-58.43512,-59.64322,-61.10569,-62.54681,-63.96652,-65.36476,-66.4159,-67.76279,-69.08807,-70.39168,-71.67359,-72.93374,-74.17211,-75.38864,-76.19257,-77.75607,-78.90691,-80.0358,-81.14271,-82.65813,-84.60563,-87.00857,-89.43613,-91.42623,-93.42484,-95.90891,-98.41635,-100.4544,-102.5,-105.0604
