163.4944,163.3759,164.2404,164.0961,164.9329,164.7627,165.5713,165.3748,165.1656,164.944,165.696,165.4477,165.1868,165.895,165.6073,166.2851,166.9466,185.1303,199.3358,210.5542,209.1199,206.7081,205.2533,203.7875,201.3521,199.8677,198.3731,196.8687,195.3547,192.8858,191.3562,189.8179,188.2711,186.7161,186.0835,183.5824,182.0043,180.419,179.7438,177.2278,176.5325,174.9174,173.2964,172.5685,173.6173,173.7463,174.7411,174.8236,175.7634,176.6732,177.5526,177.5352,178.3572
-12.86729,-14.29354,-15.81455,-17.2472,-18.79173,-20.23031,-21.79787,-23.24191,-24.68417,-26.12456,-27.728,-29.17289,-30.61557,-32.24672,-33.69318,-35.34499,-37.01117,-42.7407,-47.8563,-52.49705,-54.08208,-55.38728,-56.92177,-58.43512,-59.64322,-61.10569,-62.54681,-63.96652,-65.36476,-66.4159,-67.76279,-69.08807,-70.39168,-71.67359,-73.30025,-74.17211,-75.38864,-76.5833,-78.15482,-78.90691,-80.45049,-81.56532,-82.65813,-84.16726,-86.56238,-88.52815,-90.96448,-92.95537,-95.43175,-97.93154,-100.4544,-102.5,-105.0604
163.4944,163.3759,164.2404,164.0961,164.9329,164.7627,164.5798,165.3748,165.1656,164.944,165.696,165.4477,165.1868,165.895,165.6073,166.2851,167.9229,184.1559,199.3358,210.5542,210.088,206.7081,205.2533,203.7875,202.311,199.8677,198.3731,196.8687,195.3547,192.8858,191.3562,189.8179,188.2711,186.7161,186.0835,183.5824,182.9281,180.419,179.7438,178.1414,176.5325,174.9174,173.2964,172.5685,173.6173,174.6373,174.7411,175.7066,175.7634,176.6732,176.6822,176.6692,178.3572
-12.86729,-14.29354,-15.81455,-17.2472,-18.79173,-20.23031,-21.66735,-23.24191,-24.68417,-26.12456,-27.728,-29.17289,-30.61557,-32.24672,-33.69318,-35.34499,-37.22761,-42.51575,-47.8563,-52.49705,-54.33246,-55.38728,-56.92177,-58.43512,-59.92724,-61.10569,-62.54681,-63.96652,-65.36476,-66.4159,-67.76279,-69.08807,-70.39168,-71.67359,-73.30025,-74.17211,-75.77132,-76.5833,-78.15482,-79.31365,-80.45049,-81.56532,-82.65813,-84.16726,-86.56238,-88.98214,-90.96448,-93.42484,-95.43175,-97.93154,-99.96198,-102,-105.0604
163.4944,164.3721,164.2404,164.0961,163.9394,164.7627,164.5798,165.3748,165.1656,164.944,165.696,165.4477,165.1868,164.9134,165.6073,166.2851,167.9229,185.1303,199.3358,210.5542,209.1199,207.6741,205.2533,203.7875,201.3521,199.8677,198.3731,196.8687,195.3547,193.8313,191.3562,189.8179,189.2078,186.7161,185.1531,183.5824,182.0043,180.419,179.7438,178.1414,176.5325,174.9174,173.2964,172.5685,173.6173,173.7463,174.7411,174.8236,175.7634,176.6732,176.6822,177.5352,178.3572
-12.86729,-14.3807,-15.81455,-17.2472,-18.67853,-20.23031,-21.66735,-23.24191,-24.68417,-26.12456,-27.728,-29.17289,-30.61557,-32.05591,-33.69318,-35.34499,-37.22761,-42.7407,-47.8563,-52.49705,-54.08208,-55.64609,-56.92177,-58.43512,-59.64322,-61.10569,-62.54681,-63.96652,-65.36476,-66.74147,-67.76279,-69.08807,-70.74189,-71.67359,-72.93374,-74.17211,-75.38864,-76.5833,-78.15482,-79.31365,-80.45049,-81.56532,-82.65813,-84.16726,-86.56238,-88.52815,-90.96448,-92.95537,-95.43175,-97.93154,-99.96198,-102.5,-105.0604
163.4944,164.3721,164.2404,164.0961,164.9329,164.7627,164.5798,165.3748,165.1656,164.944,165.696,165.4477,165.1868,165.895,165.6073,166.2851,167.9229,185.1303,200.3082,210.5542,209.1199,206.7081,205.2533,203.7875,202.311,199.8677,198.3731,196.8687,194.4063,192.8858,191.3562,189.8179,188.2711,186.7161,185.1531,182.6552,182.9281,181.3395,178.8267,178.1414,176.5325,174.9174,173.2964,172.5685,173.6173,173.7463,174.7411,175.7066,175.7634,176.6732,175.8119,177.5352,178.3572
-12.86729,-14.3807,-15.81455,-17.2472,-18.79173,-20.23031,-21.66735,-23.24191,-24.68417,-26.12456,-27.728,-29.17289,-30.61557,-32.24672,-33.69318,-35.34499,-37.22761,-42.7407,-48.08974,-52.49705,-54.08208,-55.38728,-56.92177,-58.43512,-59.92724,-61.10569,-62.54681,-63.96652,-65.04745,-66.4159,-67.76279,-69.08807,-70.39168,-71.67359,-72.93374,-73.7975,-75.77132,-76.97403,-77.75607,-79.31365,-80.45049,-81.56532,-82.65813,-84.16726,-86.56238,-88.52815,-90.96448,-93.42484,-95.43175,-97.93154,-99.46956,-102.5,-105.0604
163.4944,163.3759,164.2404,164.0961,164.9329,164.7627,164.5798,165.3748,165.1656,165.9316,165.696,165.4477,165.1868,165.895,165.6073,166.2851,167.9229,185.1303,199.3358,210.5542,210.088,206.7081,205.2533,203.7875,202.311,199.8677,198.3731,196.8687,195.3547,192.8858,191.3562,189.8179,188.2711,186.7161,185.1531,184.5096,182.0043,180.419,179.7438,178.1414,176.5325,174.9174,173.2964,172.5685,173.6173,173.7463,174.7411,175.7066,175.7634,176.6732,176.6822,177.5352,178.3572
-12.86729,-14.29354,-15.81455,-17.2472,-18.79173,-20.23031,-21.66735,-23.24191,-24.68417,-26.28099,-27.728,-29.17289,-30.61557,-32.24672,-33.69318,-35.34499,-37.22761,-42.7407,-47.8563,-52.49705,-54.33246,-55.38728,-56.92177,-58.43512,-59.92724,-61.10569,-62.54681,-63.96652,-65.36476,-66.4159,-67.76279,-69.08807,-70.39168,-71.67359,-72.93374,-74.54671,-75.38864,-76.5833,-78.15482,-79.31365,-80.45049,-81.56532,-82.65813,-84.16726,-86.56238,-88.52815,-90.96448,-93.42484,-95.43175,-97.93154,-99.96198,-102.5,-105.0604
163.4944,164.3721,164.2404,164.0961,164.9329,164.7627,164.5798,165.3748,165.1656,164.944,164.7097,165.4477,165.1868,165.895,165.6073,166.2851,166.9466,185.1303,199.3358,210.5542,209.1199,206.7081,205.2533,203.7875,201.3521,199.8677,198.3731,196.8687,194.4063,192.8858,191.3562,189.8179,188.2711,186.7161,185.1531,183.5824,181.0804,181.3395,179.7438,178.1414,175.6225,174.9174,173.2964,172.5685,173.6173,173.7463,174.7411,174.8236,175.7634,176.6732,176.6822,177.5352,178.3572
-12.86729,-14.3807,-15.81455,-17.2472,-18.79173,-20.23031,-21.66735,-23.24191,-24.68417,-26.12456,-27.56295,-29.17289,-30.61557,-32.24672,-33.69318,-35.34499,-37.01117,-42.7407,-47.8563,-52.49705,-54.08208,-55.38728,-56.92177,-58.43512,-59.64322,-61.10569,-62.54681,-63.96652,-65.04745,-66.4159,-67.76279,-69.08807,-70.39168,-71.67359,-72.93374,-74.17211,-75.00595,-76.97403,-78.15482,-79.31365,-80.0358,-81.56532,-82.65813,-84.16726,-86.56238,-88.52815,-90.96448,-92.95537,-95.43175,-97.93154,-99.96198,-102.5,-105.0604
163.4944,164.3721,164.2404,164.0961,164.9329,164.7627,164.5798,165.3748,165.1656,164.944,165.696,165.4477,165.1868,165.895,165.6073,166.2851,167.9229,184.1559,199.3358,210.5542,210.088,206.7081,205.2533,203.7875,201.3521,199.8677,198.3731,196.8687,195.3547,192.8858,191.3562,189.8179,188.2711,186.7161,184.2227,182.6552,182.0043,180.419,178.8267,178.1414,176.5325,174.9174,173.2964,172.5685,173.6173,173.7463,174.7411,174.8236,175.7634,176.6732,176.6822,177.5352,178.3572
-12.86729,-14.3807,-15.81455,-17.2472,-18.79173,-20.23031,-21.66735,-23.24191,-24.68417,-26.12456,-27.728,-29.17289,-30.61557,-32.24672,-33.69318,-35.34499,-37.22761,-42.51575,-47.8563,-52.49705,-54.33246,-55.38728,-56.92177,-58.43512,-59.64322,-61.10569,-62.54681,-63.96652,-65.36476,-66.4159,-67.76279,-69.08807,-70.39168,-71.67359,-72.56724,-73.7975,-75.38864,-76.5833,-77.75607,-79.31365,-80.45049,-81.56532,-82.65813,-84.16726,-86.56238,-88.52815,-90.96448,-92.95537,-95.43175,-97.93154,-99.96198,-102.5,-105.0604
163.4944,164.3721,164.2404,164.0961,164.9329,164.7627,164.5798,165.3748,165.1656,164.944,165.696,165.4477,165.1868,165.895,165.6073,166.2851,167.9229,185.1303,199.3358,210.5542,210.088,206.7081,205.2533,203.7875,201.3521,199.8677,198.3731,195.9176,195.3547,192.8858,191.3562,189.8179,188.2711,186.7161,184.2227,184.5096,182.9281,180.419,179.7438,178.1414,176.5325,174.9174,173.2964,172.5685,173.6173,173.7463,174.7411,175.7066,175.7634,176.6732,176.6822,177.5352,178.3572
-12.86729,-14.3807,-15.81455,-17.2472,-18.79173,-20.23031,-21.66735,-23.24191,-24.68417,-26.12456,-27.728,-29.17289,-30.61557,-32.24672,-33.69318,-35.34499,-37.22761,-42.7407,-47.8563,-52.49705,-54.33246,-55.38728,-56.92177,-58.43512,-59.64322,-61.10569,-62.54681,-63.6575,-65.36476,-66.4159,-67.76279,-69.08807,-70.39168,-71.67359,-72.56724,-74.54671,-75.77132,-76.5833,-78.15482,-79.31365,-80.45049,-81.56532,-82.65813,-84.16726,-86.56238,-88.52815,-90.96448,-93.42484,-95.43175,-97.93154,-99.96198,-102.5,-105.0604
163.4944,164.3721,164.2404,164.0961,163.9394,164.7627,164.5798,165.3748,165.1656,164.944,165.696,165.4477,165.1868,165.895,165.6073,166.2851,166.9466,184.1559,199.3358,210.5542,209.1199,207.6741,205.2533,203.7875,201.3521,199.8677,198.3731,196.8687,195.3547,192.8858,191.3562,189.8179,188.2711,186.7161,185.1531,184.5096,182.9281,181.3395,179.7438,178.1414,176.5325,174.9174,173.2964,172.5685,173.6173,173.7463,174.7411,175.7066,175.7634,176.6732,176.6822,177.5352,178.3572
-12.86729,-14.3807,-15.81455,-17.2472,-18.67853,-20.23031,-21.66735,-23.24191,-24.68417,-26.12456,-27.728,-29.17289,-30.61557,-32.24672,-33.69318,-35.34499,-37.01117,-42.51575,-47.8563,-52.49705,-54.08208,-55.64609,-56.92177,-58.43512,-59.64322,-61.10569,-62.54681,-63.96652,-65.36476,-66.4159,-67.76279,-69.08807,-70.39168,-71.67359,-72.93374,-74.54671,-75.77132,-76.97403,-78.15482,-79.31365,-80.45049,-81.56532,-82.65813,-84.16726,-86.56238,-88.52815,-90.96448,-93.42484,-95.43175,-97.93154,-99.96198,-102.5,-105.0604
163.4944,164.3721,164.2404,164.0961,163.9394,164.7627,164.5798,165.3748,165.1656,164.944,165.696,165.4477,165.1868,165.895,165.6073,166.2851,166.9466,185.1303,198.3635,210.5542,210.088,206.7081,205.2533,203.7875,201.3521,199.8677,198.3731,196.8687,194.4063,192.8858,191.3562,189.8179,188.2711,186.7161,185.1531,183.5824,182.9281,181.3395,179.7438,177.2278,176.5325,174.9174,173.2964,172.5685,173.6173,173.7463,174.7411,175.7066,175.7634,176.6732,176.6822,177.5352,178.3572
-12.86729,-14.3807,-15.81455,-17.2472,-18.67853,-20.23031,-21.66735,-23.24191,-24.68417,-26.12456,-27.728,-29.17289,-30.61557,-32.24672,-33.69318,-35.34499,-37.01117,-42.7407,-47.62285,-52.49705,-54.33246,-55.38728,-56.92177,-58.43512,-59.64322,-61.10569,-62.54681,-63.96652,-65.04745,-66.4159,-67.76279,-69.08807,-70.39168,-71.67359,-72.93374,-74.17211,-75.77132,-76.97403,-78.15482,-78.90691,-80.45049,-81.56532,-82.65813,-84.16726,-86.56238,-88.52815,-90.96448,-93.42484,-95.43175,-97.93154,-99.96198,-102.5,-105.0604
163.4944,163.3759,164.2404,164.0961,164.9329,164.7627,164.5798,165.3748,165.1656,164.944,165.696,165.4477,165.1868,165.895,165.6073,166.2851,166.9466,185.1303,198.3635,210.5542,209.1199,206.7081,205.2533,203.7875,201.3521,199.8677,198.3731,196.8687,195.3547,193.8313,191.3562,189.8179,188.2711,186.7161,186.0835,184.5096,182.9281,180.419,179.7438,178.1414,176.5325,174.9174,173.2964,172.5685,173.6173,173.7463,174.7411,175.7066,175.7634,176.6732,176.6822,177.5352,178.3572
-12.86729,-14.29354,-15.81455,-17.2472,-18.79173,-20.23031,-21.66735,-23.24191,-24.68417,-26.12456,-27.728,-29.17289,-30.61557,-32.24672,-33.69318,-35.34499,-37.01117,-42.7407,-47.62285,-52.49705,-54.08208,-55.38728,-56.92177,-58.43512,-59.64322,-61.10569,-62.54681,-63.96652,-65.36476,-66.74147,-67.76279,-69.08807,-70.39168,-71.67359,-73.30025,-74.54671,-75.77132,-76.5833,-78.15482,-79.31365,-80.45049,-81.56532,-82.65813,-84.16726,-86.56238,-88.52815,-90.96448,-93.42484,-95.43175,-97.93154,-99.96198,-102.5,-105.0604
163.4944,164.3721,164.2404,164.0961,164.9329,164.7627,164.5798,165.3748,165.1656,165.9316,165.696,165.4477,165.1868,165.895,165.6073,166.2851,167.9229,185.1303,198.3635,210.5542,209.1199,206.7081,205.2533,203.7875,201.3521,199.8677,198.3731,195.9176,195.3547,192.8858,191.3562,189.8179,188.2711,186.7161,185.1531,183.5824,182.0043,181.3395,179.7438,178.1414,175.6225,174.9174,173.2964,172.5685,173.6173,173.7463,174.7411,175.7066,175.7634,176.6732,176.6822,177.5352,178.3572
-12.86729,-14.3807,-15.81455,-17.2472,-18.79173,-20.23031,-21.66735,-23.24191,-24.68417,-26.28099,-27.728,-29.17289,-30.61557,-32.24672,-33.69318,-35.34499,-37.22761,-42.7407,-47.62285,-52.49705,-54.08208,-55.38728,-56.92177,-58.43512,-59.64322,-61.10569,-62.54681,-63.6575,-65.36476,-66.4159,-67.76279,-69.08807,-70.39168,-71.67359,-72.93374,-74.17211,-75.38864,-76.97403,-78.15482,-79.31365,-80.0358,-81.56532,-82.65813,-84.16726,-86.56238,-88.52815,-90.96448,-93.42484,-95.43175,-97.93154,-99.96198,-102.5,-105.0604
163.4944,164.3721,164.2404,164.0961,164.9329,164.7627,165.5713,165.3748,165.1656,164.944,165.696,165.4477,166.1701,165.895,165.6073,166.2851,167.9229,184.1559,199.3358,210.5542,210.088,206.7081,205.2533,203.7875,201.3521,199.8677,198.3731,196.8687,195.3547,192.8858,191.3562,189.8179,188.2711,186.7161,185.1531,183.5824,182.0043,181.3395,178.8267,177.2278,176.5325,174.9174,173.2964,172.5685,173.6173,174.6373,174.7411,174.8236,175.7634,176.6732,177.5526,177.5352,178.3572
-12.86729,-14.3807,-15.81455,-17.2472,-18.79173,-20.23031,-21.79787,-23.24191,-24.68417,-26.12456,-27.728,-29.17289,-30.7978,-32.24672,-33.69318,-35.34499,-37.22761,-42.51575,-47.8563,-52.49705,-54.33246,-55.38728,-56.92177,-58.43512,-59.64322,-61.10569,-62.54681,-63.96652,-65.36476,-66.4159,-67.76279,-69.08807,-70.39168,-71.67359,-72.93374,-74.17211,-75.38864,-76.97403,-77.75607,-78.90691,-80.45049,-81.56532,-82.65813,-84.16726,-86.56238,-88.98214,-90.96448,-92.95537,-95.43175,-97.93154,-100.4544,-102.5,-105.0604
163.4944,164.3721,164.2404,164.0961,164.9329,164.7627,165.5713,165.3748,165.1656,164.944,165.696,165.4477,166.1701,165.895,165.6073,166.2851,167.9229,185.1303,199.3358,210.5542,209.1199,206.7081,205.2533,203.7875,201.3521,199.8677,198.3731,196.8687,195.3547,192.8858,191.3562,190.7576,188.2711,186.7161,185.1531,183.5824,182.0043,179.4984,178.8267,177.2278,175.6225,174.9174,173.2964,172.5685,173.6173,173.7463,174.7411,175.7066,175.7634,176.6732,176.6822,177.5352,178.3572
-12.86729,-14.3807,-15.81455,-17.2472,-18.79173,-20.23031,-21.79787,-23.24191,-24.68417,-26.12456,-27.728,-29.17289,-30.7978,-32.24672,-33.69318,-35.34499,-37.22761,-42.7407,-47.8563,-52.49705,-54.08208,-55.38728,-56.92177,-58.43512,-59.64322,-61.10569,-62.54681,-63.96652,-65.36476,-66.4159,-67.76279,-69.43009,-70.39168,-71.67359,-72.93374,-74.17211,-75.38864,-76.19257,-77.75607,-78.90691,-80.0358,-81.56532,-82.65813,-84.16726,-86.56238,-88.52815,-90.96448,-93.42484,-95.43175,-97.93154,-99.96198,-102.5,-105.0604
163.4944,164.3721,164.2404,164.0961,163.9394,164.7627,164.5798,165.3748,164.1766,164.944,165.696,165.4477,166.1701,165.895,165.6073,166.2851,167.9229,185.1303,199.3358,210.5542,209.1199,206.7081,205.2533,203.7875,201.3521,199.8677,198.3731,196.8687,195.3547,193.8313,191.3562,189.8179,188.2711,187.6497,185.1531,183.5824,182.0043,180.419,179.7438,177.2278,175.6225,174.0111,173.2964,172.5685,173.6173,173.7463,174.7411,175.7066,175.7634,176.6732,177.5526,177.5352,178.3572
-12.86729,-14.3807,-15.81455,-17.2472,-18.67853,-20.23031,-21.66735,-23.24191,-24.53636,-26.12456,-27.728,-29.17289,-30.7978,-32.24672,-33.69318,-35.34499,-37.22761,-42.7407,-47.8563,-52.49705,-54.08208,-55.38728,-56.92177,-58.43512,-59.64322,-61.10569,-62.54681,-63.96652,-65.36476,-66.74147,-67.76279,-69.08807,-70.39168,-72.03196,-72.93374,-74.17211,-75.38864,-76.5833,-78.15482,-78.90691,-80.0358,-81.14271,-82.65813,-84.16726,-86.56238,-88.52815,-90.96448,-93.42484,-95.43175,-97.93154,-100.4544,-102.5,-105.0604
163.4944,163.3759,164.2404,164.0961,164.9329,164.7627,164.5798,165.3748,165.1656,164.944,164.7097,165.4477,165.1868,165.895,165.6073,166.2851,167.9229,185.1303,199.3358,210.5542,210.088,206.7081,205.2533,203.7875,201.3521,199.8677,198.3731,196.8687,195.3547,192.8858,191.3562,189.8179,188.2711,186.7161,185.1531,183.5824,182.0043,180.419,179.7438,177.2278,176.5325,174.9174,173.2964,172.5685,173.6173,173.7463,174.7411,175.7066,175.7634,176.6732,176.6822,177.5352,178.3572
-12.86729,-14.29354,-15.81455,-17.2472,-18.79173,-20.23031,-21.66735,-23.24191,-24.68417,-26.12456,-27.56295,-29.17289,-30.61557,-32.24672,-33.69318,-35.34499,-37.22761,-42.7407,-47.8563,-52.49705,-54.33246,-55.38728,-56.92177,-58.43512,-59.64322,-61.10569,-62.54681,-63.96652,-65.36476,-66.4159,-67.76279,-69.08807,-70.39168,-71.67359,-72.93374,-74.17211,-75.38864,-76.5833,-78.15482,-78.90691,-80.45049,-81.56532,-82.65813,-84.16726,-86.56238,-88.52815,-90.96448,-93.42484,-95.43175,-97.93154,-99.96198,-102.5,-105.0604
163.4944,163.3759,164.2404,164.0961,164.9329,164.7627,165.5713,165.3748,165.1656,164.944,165.696,165.4477,165.1868,164.9134,165.6073,166.2851,167.9229,184.1559,199.3358,210.5542,208.1517,206.7081,205.2533,203.7875,201.3521,199.8677,198.3731,196.8687,194.4063,192.8858,191.3562,189.8179,188.2711,186.7161,185.1531,183.5824,182.0043,181.3395,179.7438,178.1414,176.5325,174.9174,173.2964,172.5685,173.6173,174.6373,174.7411,174.8236,175.7634,176.6732,177.5526,177.5352,178.3572
-12.86729,-14.29354,-15.81455,-17.2472,-18.79173,-20.23031,-21.79787,-23.24191,-24.68417,-26.12456,-27.728,-29.17289,-30.61557,-32.05591,-33.69318,-35.34499,-37.22761,-42.51575,-47.8563,-52.49705,-53.8317,-55.38728,-56.92177,-58.43512,-59.64322,-61.10569,-62.54681,-63.96652,-65.04745,-66.4159,-67.76279,-69.08807,-70.39168,-71.67359,-72.93374,-74.17211,-75.38864,-76.97403,-78.15482,-79.31365,-80.45049,-81.56532,-82.65813,-84.16726,-86.56238,-88.98214,-90.96448,-92.95537,-95.43175,-97.93154,-100.4544,-102.5,-105.0604
163.4944,164.3721,164.2404,164.0961,164.9329,164.7627,164.5798,165.3748,165.1656,164.944,164.7097,165.4477,165.1868,165.895,165.6073,166.2851,166.9466,184.1559,199.3358,210.5542,209.1199,206.7081,205.2533,203.7875,201.3521,199.8677,198.3731,196.8687,195.3547,192.8858,191.3562,189.8179,188.2711,187.6497,185.1531,183.5824,182.9281,180.419,178.8267,178.1414,176.5325,174.9174,173.2964,172.5685,173.6173,173.7463,174.7411,174.8236,175.7634,176.6732,176.6822,177.5352,178.3572
-12.86729,-14.3807,-15.81455,-17.2472,-18.79173,-20.23031,-21.66735,-23.24191,-24.68417,-26.12456,-27.56295,-29.17289,-30.61557,-32.24672,-33.69318,-35.34499,-37.01117,-42.51575,-47.8563,-52.49705,-54.08208,-55.38728,-56.92177,-58.43512,-59.64322,-61.10569,-62.54681,-63.96652,-65.36476,-66.4159,-67.76279,-69.08807,-70.39168,-72.03196,-72.93374,-74.17211,-75.77132,-76.5833,-77.75607,-79.31365,-80.45049,-81.56532,-82.65813,-84.16726,-86.56238,-88.52815,-90.96448,-92.95537,-95.43175,-97.93154,-99.96198,-102.5,-105.0604
163.4944,163.3759,164.2404,164.0961,163.9394,164.7627,164.5798,165.3748,164.1766,164.944,165.696,165.4477,165.1868,164.9134,165.6073,166.2851,166.9466,185.1303,199.3358,210.5542,210.088,207.6741,205.2533,203.7875,201.3521,199.8677,198.3731,196.8687,194.4063,192.8858,191.3562,189.8179,188.2711,186.7161,185.1531,183.5824,182.0043,180.419,179.7438,178.1414,176.5325,174.9174,173.2964,172.5685,173.6173,173.7463,174.7411,175.7066,175.7634,176.6732,177.5526,177.5352,178.3572
-12.86729,-14.29354,-15.81455,-17.2472,-18.67853,-20.23031,-21.66735,-23.24191,-24.53636,-26.12456,-27.728,-29.17289,-30.61557,-32.05591,-33.69318,-35.34499,-37.01117,-42.7407,-47.8563,-52.49705,-54.33246,-55.64609,-56.92177,-58.43512,-59.64322,-61.10569,-62.54681,-63.96652,-65.04745,-66.4159,-67.76279,-69.08807,-70.39168,-71.67359,-72.93374,-74.17211,-75.38864,-76.5833,-78.15482,-79.31365,-80.45049,-81.56532,-82.65813,-84.16726,-86.56238,-88.52815,-90.96448,-93.42484,-95.43175,-97.93154,-100.4544,-102.5,-105.0604
162.4975,163.3759,164.2404,164.0961,164.9329,164.7627,164.5798,165.3748,165.1656,164.944,164.7097,165.4477,165.1868,165.895,165.6073,166.2851,167.9229,185.1303,198.3635,210.5542,209.1199,206.7081,205.2533,203.7875,201.3521,199.8677,198.3731,196.8687,194.4063,193.8313,191.3562,189.8179,188.2711,186.7161,186.0835,184.5096,182.9281,180.419,179.7438,178.1414,176.5325,174.9174,172.3938,172.5685,173.6173,174.6373,174.7411,174.8236,175.7634,176.6732,176.6822,176.6692,178.3572
-12.78883,-14.29354,-15.81455,-17.2472,-18.79173,-20.23031,-21.66735,-23.24191,-24.68417,-26.12456,-27.56295,-29.17289,-30.61557,-32.24672,-33.69318,-35.34499,-37.22761,-42.7407,-47.62285,-52.49705,-54.08208,-55.38728,-56.92177,-58.43512,-59.64322,-61.10569,-62.54681,-63.96652,-65.04745,-66.74147,-67.76279,-69.08807,-70.39168,-71.67359,-73.30025,-74.54671,-75.77132,-76.5833,-78.15482,-79.31365,-80.45049,-81.56532,-82.22762,-84.16726,-86.56238,-88.98214,-90.96448,-92.95537,-95.43175,-97.93154,-99.96198,-102,-105.0604
163.4944,163.3759,164.2404,164.0961,164.9329,164.7627,165.5713,165.3748,165.1656,164.944,165.696,164.4629,165.1868,164.9134,165.6073,166.2851,167.9229,185.1303,198.3635,210.5542,209.1199,206.7081,205.2533,203.7875,201.3521,199.8677,198.3731,196.8687,195.3547,192.8858,191.3562,189.8179,188.2711,186.7161,185.1531,183.5824,182.9281,181.3395,179.7438,178.1414,175.6225,174.9174,173.2964,172.5685,173.6173,174.6373,174.7411,175.7066,175.7634,176.6732,177.5526,177.5352,178.3572
-12.86729,-14.29354,-15.81455,-17.2472,-18.79173,-20.23031,-21.79787,-23.24191,-24.68417,-26.12456,-27.728,-28.99925,-30.61557,-32.05591,-33.69318,-35.34499,-37.22761,-42.7407,-47.62285,-52.49705,-54.08208,-55.38728,-56.92177,-58.43512,-59.64322,-61.10569,-62.54681,-63.96652,-65.36476,-66.4159,-67.76279,-69.08807,-70.39168,-71.67359,-72.93374,-74.17211,-75.77132,-76.97403,-78.15482,-79.31365,-80.0358,-81.56532,-82.65813,-84.16726,-86.56238,-88.98214,-90.96448,-93.42484,-95.43175,-97.93154,-100.4544,-102.5,-105.0604
163.4944,164.3721,164.2404,164.0961,164.9329,164.7627,164.5798,164.3845,165.1656,165.9316,165.696,164.4629,166.1701,164.9134,165.6073,166.2851,167.9229,184.1559,198.3635,210.5542,210.088,206.7081,205.2533,203.7875,201.3521,199.8677,198.3731,196.8687,195.3547,192.8858,191.3562,190.7576,188.2711,186.7161,185.1531,183.5824,182.9281,181.3395,179.7438,178.1414,174.7126,174.9174,172.3938,172.5685,173.6173,173.7463,174.7411,175.7066,175.7634,176.6732,176.6822,177.5352,178.3572
-12.86729,-14.3807,-15.81455,-17.2472,-18.79173,-20.23031,-21.66735,-23.10273,-24.68417,-26.28099,-27.728,-28.99925,-30.7978,-32.05591,-33.69318,-35.34499,-37.22761,-42.51575,-47.62285,-52.49705,-54.33246,-55.38728,-56.92177,-58.43512,-59.64322,-61.10569,-62.54681,-63.96652,-65.36476,-66.4159,-67.76279,-69.43009,-70.39168,-71.67359,-72.93374,-74.17211,-75.77132,-76.97403,-78.15482,-79.31365,-79.6211,-81.56532,-82.22762,-84.16726,-86.56238,-88.52815,-90.96448,-93.42484,-95.43175,-97.93154,-99.96198,-102.5,-105.0604
163.4944,163.3759,164.2404,165.0906,163.9394,164.7627,164.5798,165.3748,165.1656,164.944,165.696,165.4477,165.1868,165.895,165.6073,166.2851,166.9466,185.1303,198.3635,209.5839,210.088,206.7081,206.2169,203.7875,201.3521,199.8677,198.3731,196.8687,195.3547,193.8313,191.3562,189.8179,188.2711,187.6497,186.0835,183.5824,182.9281,180.419,178.8267,178.1414,176.5325,174.9174,173.2964,173.4673,173.6173,173.7463,174.7411,174.8236,175.7634,176.6732,177.5526,177.5352,178.3572
-12.86729,-14.29354,-15.81455,-17.35172,-18.67853,-20.23031,-21.66735,-23.24191,-24.68417,-26.12456,-27.728,-29.17289,-30.61557,-32.24672,-33.69318,-35.34499,-37.01117,-42.7407,-47.62285,-52.25513,-54.33246,-55.38728,-57.18901,-58.43512,-59.64322,-61.10569,-62.54681,-63.96652,-65.36476,-66.74147,-67.76279,-69.08807,-70.39168,-72.03196,-73.30025,-74.17211,-75.77132,-76.5833,-77.75607,-79.31365,-80.45049,-81.56532,-82.65813,-84.60563,-86.56238,-88.52815,-90.96448,-92.95537,-95.43175,-97.93154,-100.4544,-102.5,-105.0604
163.4944,163.3759,164.2404,164.0961,164.9329,164.7627,165.5713,165.3748,165.1656,164.944,164.7097,165.4477,165.1868,165.895,165.6073,166.2851,167.9229,184.1559,198.3635,210.5542,209.1199,206.7081,205.2533,203.7875,202.311,199.8677,198.3731,196.8687,195.3547,193.8313,191.3562,189.8179,188.2711,186.7161,185.1531,183.5824,182.9281,181.3395,179.7438,177.2278,176.5325,174.9174,173.2964,173.4673,172.7223,173.7463,173.8541,175.7066,175.7634,176.6732,176.6822,177.5352,178.3572
-12.86729,-14.29354,-15.81455,-17.2472,-18.79173,-20.23031,-21.79787,-23.24191,-24.68417,-26.12456,-27.56295,-29.17289,-30.61557,-32.24672,-33.69318,-35.34499,-37.22761,-42.51575,-47.62285,-52.49705,-54.08208,-55.38728,-56.92177,-58.43512,-59.92724,-61.10569,-62.54681,-63.96652,-65.36476,-66.74147,-67.76279,-69.08807,-70.39168,-71.67359,-72.93374,-74.17211,-75.77132,-76.97403,-78.15482,-78.90691,-80.45049,-81.56532,-82.65813,-84.60563,-86.11618,-88.52815,-90.50273,-93.42484,-95.43175,-97.93154,-99.96198,-102.5,-105.0604
163.4944,164.3721,164.2404,164.0961,164.9329,164.7627,165.5713,165.3748,166.1547,164.944,165.696,165.4477,165.1868,165.895,165.6073,166.2851,167.9229,184.1559,198.3635,210.5542,208.1517,206.7081,205.2533,203.7875,201.3521,199.8677,198.3731,195.9176,195.3547,192.8858,192.2989,189.8179,188.2711,186.7161,185.1531,184.5096,182.9281,180.419,179.7438,177.2278,175.6225,174.9174,173.2964,173.4673,173.6173,174.6373,174.7411,175.7066,175.7634,176.6732,176.6822,177.5352,178.3572
-12.86729,-14.3807,-15.81455,-17.2472,-18.79173,-20.23031,-21.79787,-23.24191,-24.83198,-26.12456,-27.728,-29.17289,-30.61557,-32.24672,-33.69318,-35.34499,-37.22761,-42.51575,-47.62285,-52.49705,-53.8317,-55.38728,-56.92177,-58.43512,-59.64322,-61.10569,-62.54681,-63.6575,-65.36476,-66.4159,-68.0966,-69.08807,-70.39168,-71.67359,-72.93374,-74.54671,-75.77132,-76.5833,-78.15482,-78.90691,-80.0358,-81.56532,-82.65813,-84.60563,-86.56238,-88.98214,-90.96448,-93.42484,-95.43175,-97.93154,-99.96198,-102.5,-105.0604
163.4944,164.3721,164.2404,164.0961,163.9394,164.7627,164.5798,165.3748,165.1656,164.944,165.696,165.4477,165.1868,164.9134,165.6073,166.2851,166.9466,185.1303,197.3911,209.5839,210.088,206.7081,205.2533,202.8262,202.311,199.8677,198.3731,196.8687,194.4063,193.8313,191.3562,189.8179,188.2711,186.7161,185.1531,183.5824,182.9281,180.419,179.7438,177.2278,176.5325,174.9174,173.2964,172.5685,172.7223,173.7463,173.8541,175.7066,175.7634,175.7986,176.6822,177.5352,178.3572
-12.86729,-14.3807,-15.81455,-17.2472,-18.67853,-20.23031,-21.66735,-23.24191,-24.68417,-26.12456,-27.728,-29.17289,-30.61557,-32.05591,-33.69318,-35.34499,-37.01117,-42.7407,-47.38941,-52.25513,-54.33246,-55.38728,-56.92177,-58.15948,-59.92724,-61.10569,-62.54681,-63.96652,-65.04745,-66.74147,-67.76279,-69.08807,-70.39168,-71.67359,-72.93374,-74.17211,-75.77132,-76.5833,-78.15482,-78.90691,-80.45049,-81.56532,-82.65813,-84.16726,-86.11618,-88.52815,-90.50273,-93.42484,-95.43175,-97.44673,-99.96198,-102.5,-105.0604
163.4944,164.3721,164.2404,164.0961,164.9329,164.7627,164.5798,165.3748,165.1656,165.9316,165.696,165.4477,165.1868,165.895,165.6073,166.2851,166.9466,184.1559,198.3635,210.5542,209.1199,206.7081,205.2533,202.8262,201.3521,199.8677,198.3731,195.9176,195.3547,192.8858,191.3562,189.8179,188.2711,186.7161,185.1531,182.6552,182.9281,180.419,179.7438,177.2278,176.5325,174.9174,173.2964,172.5685,173.6173,173.7463,174.7411,175.7066,175.7634,176.6732,176.6822,176.6692,178.3572
-12.86729,-14.3807,-15.81455,-17.2472,-18.79173,-20.23031,-21.66735,-23.24191,-24.68417,-26.28099,-27.728,-29.17289,-30.61557,-32.24672,-33.69318,-35.34499,-37.01117,-42.51575,-47.62285,-52.49705,-54.08208,-55.38728,-56.92177,-58.15948,-59.64322,-61.10569,-62.54681,-63.6575,-65.36476,-66.4159,-67.76279,-69.08807,-70.39168,-71.67359,-72.93374,-73.7975,-75.77132,-76.5833,-78.15482,-78.90691,-80.45049,-81.56532,-82.65813,-84.16726,-86.56238,-88.52815,-90.96448,-93.42484,-95.43175,-97.93154,-99.96198,-102,-105.0604
163.4944,164.3721,164.2404,164.0961,164.9329,164.7627,164.5798,165.3748,165.1656,164.944,164.7097,165.4477,165.1868,165.895,165.6073,166.2851,167.9229,184.1559,198.3635,210.5542,209.1199,206.7081,205.2533,203.7875,201.3521,199.8677,198.3731,196.8687,196.303,192.8858,191.3562,189.8179,189.2078,186.7161,186.0835,184.5096,182.9281,181.3395,179.7438,177.2278,175.6225,174.9174,174.199,172.5685,173.6173,173.7463,174.7411,174.8236,175.7634,176.6732,176.6822,177.5352,178.3572
-12.86729,-14.3807,-15.81455,-17.2472,-18.79173,-20.23031,-21.66735,-23.24191,-24.68417,-26.12456,-27.56295,-29.17289,-30.61557,-32.24672,-33.69318,-35.34499,-37.22761,-42.51575,-47.62285,-52.49705,-54.08208,-55.38728,-56.92177,-58.43512,-59.64322,-61.10569,-62.54681,-63.96652,-65.68206,-66.4159,-67.76279,-69.08807,-70.74189,-71.67359,-73.30025,-74.54671,-75.77132,-76.97403,-78.15482,-78.90691,-80.0358,-81.56532,-83.08864,-84.16726,-86.56238,-88.52815,-90.96448,-92.95537,-95.43175,-97.93154,-99.96198,-102.5,-105.0604
163.4944,163.3759,164.2404,164.0961,164.9329,164.7627,164.5798,165.3748,165.1656,164.944,164.7097,165.4477,165.1868,165.895,165.6073,166.2851,166.9466,184.1559,198.3635,210.5542,210.088,206.7081,205.2533,203.7875,201.3521,199.8677,198.3731,196.8687,195.3547,193.8313,192.2989,190.7576,188.2711,187.6497,186.0835,183.5824,182.9281,180.419,179.7438,178.1414,175.6225,174.9174,173.2964,173.4673,173.6173,173.7463,174.7411,175.7066,175.7634,176.6732,176.6822,177.5352,178.3572
-12.86729,-14.29354,-15.81455,-17.2472,-18.79173,-20.23031,-21.66735,-23.24191,-24.68417,-26.12456,-27.56295,-29.17289,-30.61557,-32.24672,-33.69318,-35.34499,-37.01117,-42.51575,-47.62285,-52.49705,-54.33246,-55.38728,-56.92177,-58.43512,-59.64322,-61.10569,-62.54681,-63.96652,-65.36476,-66.74147,-68.0966,-69.43009,-70.39168,-72.03196,-73.30025,-74.17211,-75.77132,-76.5833,-78.15482,-79.31365,-80.0358,-81.56532,-82.65813,-84.60563,-86.56238,-88.52815,-90.96448,-93.42484,-95.43175,-97.93154,-99.96198,-102.5,-105.0604
163.4944,164.3721,164.2404,164.0961,164.9329,164.7627,164.5798,165.3748,165.1656,164.944,165.696,165.4477,165.1868,164.9134,165.6073,166.2851,166.9466,183.1816,197.3911,210.5542,209.1199,206.7081,205.2533,203.7875,202.311,199.8677,199.3268,196.8687,194.4063,193.8313,191.3562,190.7576,189.2078,187.6497,185.1531,184.5096,182.9281,181.3395,179.7438,177.2278,175.6225,174.9174,174.199,172.5685,172.7223,173.7463,174.7411,174.8236,175.7634,176.6732,176.6822,177.5352,178.3572
-12.86729,-14.3807,-15.81455,-17.2472,-18.79173,-20.23031,-21.66735,-23.24191,-24.68417,-26.12456,-27.728,-29.17289,-30.61557,-32.05591,-33.69318,-35.34499,-37.01117,-42.2908,-47.38941,-52.49705,-54.08208,-55.38728,-56.92177,-58.43512,-59.92724,-61.10569,-62.84751,-63.96652,-65.04745,-66.74147,-67.76279,-69.43009,-70.74189,-72.03196,-72.93374,-74.54671,-75.77132,-76.97403,-78.15482,-78.90691,-80.0358,-81.56532,-83.08864,-84.16726,-86.11618,-88.52815,-90.96448,-92.95537,-95.43175,-97.93154,-99.96198,-102.5,-105.0604
