171.3164,171.52,170.7179,170.8944,170.0632,170.2127,169.3531,168.479,168.5883,167.6866,167.7698,166.8411,166.8983,165.9431,165.9747,165.9937,167,167.9936,169.9741,171.9411,171.8952,173.8344,175.7588,177.668,178.564,181.439,183.2998,186.1391,187.9646,184.8044,180.6434,176.4772,175.2774,171.0997,167.907,165.696,161.5085,160.2705,159.0236,158.7478,158.4599,158.16,157.848,157.5239,157.1879,157.8081,157.4459,157.0718,157.6469,157.2464,156.834,156.4096,156.9243,156.4734
24.07695,22.58103,20.96153,19.47095,17.87437,16.38962,14.81648,13.25959,11.78884,10.25615,8.792441,7.284438,5.828216,4.345373,2.897099,1.448605,0,-1.466058,-2.966909,-4.502435,-6.002713,-7.589773,-9.211128,-10.86664,-12.48641,-14.27956,-16.03666,-17.92316,-19.75588,-21.0558,-22.18022,-23.23366,-24.63364,-25.57103,-26.59386,-27.728,-28.4783,-29.70439,-30.91106,-32.29761,-33.68169,-35.06322,-36.44207,-37.81815,-39.19135,-40.81194,-42.1875,-43.55986,-45.20453,-46.57852,-47.94896,-49.31575,-50.9878,-52.35527
171.3164,171.52,170.7179,170.8944,170.0632,170.2127,169.3531,169.4759,168.5883,167.6866,167.7698,166.8411,166.8983,166.9428,165.9747,165.9937,167,168.9936,169.9741,171.9411,172.8946,173.8344,175.7588,177.668,178.564,181.439,183.2998,185.1437,187.9646,184.8044,179.6509,176.4772,174.2872,171.0997,167.907,164.7097,161.5085,160.2705,159.0236,158.7478,158.4599,158.16,157.848,157.5239,158.1582,157.8081,157.4459,157.0718,156.6857,157.2464,156.834,156.4096,156.9243,156.4734
24.07695,22.58103,20.96153,19.47095,17.87437,16.38962,14.81648,13.33805,11.78884,10.25615,8.792441,7.284438,5.828216,4.37155,2.897099,1.448605,0,-1.474784,-2.966909,-4.502435,-6.037613,-7.589773,-9.211128,-10.86664,-12.48641,-14.27956,-16.03666,-17.82731,-19.75588,-21.0558,-22.05835,-23.23366,-24.49447,-25.57103,-26.59386,-27.56295,-28.4783,-29.70439,-30.91106,-32.29761,-33.68169,-35.06322,-36.44207,-37.81815,-39.43327,-40.81194,-42.1875,-43.55986,-44.92889,-46.57852,-47.94896,-49.31575,-50.9878,-52.35527
171.3164,171.52,170.7179,170.8944,170.0632,170.2127,169.3531,169.4759,168.5883,167.6866,167.7698,167.8401,166.8983,165.9431,165.9747,165.9937,167,167.9936,169.9741,171.9411,173.894,174.8334,175.7588,177.668,178.564,181.439,183.2998,186.1391,187.9646,184.8044,180.6434,176.4772,174.2872,171.0997,167.907,165.696,161.5085,160.2705,159.0236,158.7478,158.4599,158.16,157.848,157.5239,158.1582,157.8081,157.4459,157.0718,157.6469,157.2464,156.834,156.4096,156.9243,156.4734
24.07695,22.58103,20.96153,19.47095,17.87437,16.38962,14.81648,13.33805,11.78884,10.25615,8.792441,7.328057,5.828216,4.345373,2.897099,1.448605,0,-1.466058,-2.966909,-4.502435,-6.072512,-7.633393,-9.211128,-10.86664,-12.48641,-14.27956,-16.03666,-17.92316,-19.75588,-21.0558,-22.18022,-23.23366,-24.49447,-25.57103,-26.59386,-27.728,-28.4783,-29.70439,-30.91106,-32.29761,-33.68169,-35.06322,-36.44207,-37.81815,-39.43327,-40.81194,-42.1875,-43.55986,-45.20453,-46.57852,-47.94896,-49.31575,-50.9878,-52.35527
171.3164,171.52,170.7179,170.8944,170.0632,170.2127,170.3493,169.4759,169.5859,168.6848,167.7698,167.8401,166.8983,165.9431,165.9747,165.9937,167,167.9936,169.9741,171.9411,172.8946,173.8344,175.7588,177.668,178.564,181.439,183.2998,185.1437,187.9646,184.8044,180.6434,176.4772,174.2872,171.0997,167.907,165.696,161.5085,160.2705,159.0236,158.7478,158.4599,158.16,157.848,158.4963,158.1582,157.8081,157.4459,157.0718,157.6469,157.2464,156.834,157.3633,156.9243,156.4734
24.07695,22.58103,20.96153,19.47095,17.87437,16.38962,14.90363,13.33805,11.8586,10.3172,8.792441,7.328057,5.828216,4.345373,2.897099,1.448605,0,-1.466058,-2.966909,-4.502435,-6.037613,-7.589773,-9.211128,-10.86664,-12.48641,-14.27956,-16.03666,-17.82731,-19.75588,-21.0558,-22.18022,-23.23366,-24.49447,-25.57103,-26.59386,-27.728,-28.4783,-29.70439,-30.91106,-32.29761,-33.68169,-35.06322,-36.44207,-38.05159,-39.43327,-40.81194,-42.1875,-43.55986,-45.20453,-46.57852,-47.94896,-49.61646,-50.9878,-52.35527
172.3066,171.52,170.7179,170.8944,170.0632,170.2127,169.3531,169.4759,168.5883,167.6866,167.7698,166.8411,166.8983,165.9431,165.9747,165.9937,167,167.9936,169.9741,171.9411,171.8952,173.8344,175.7588,178.6661,179.5615,181.439,183.2998,186.1391,187.9646,184.8044,180.6434,176.4772,175.2774,171.0997,167.907,165.696,161.5085,160.2705,159.0236,158.7478,158.4599,158.16,157.848,157.5239,158.1582,157.8081,156.48,157.0718,156.6857,157.2464,156.834,156.4096,156.9243,156.4734
24.21612,22.58103,20.96153,19.47095,17.87437,16.38962,14.81648,13.33805,11.78884,10.25615,8.792441,7.284438,5.828216,4.345373,2.897099,1.448605,0,-1.466058,-2.966909,-4.502435,-6.002713,-7.589773,-9.211128,-10.92769,-12.55617,-14.27956,-16.03666,-17.92316,-19.75588,-21.0558,-22.18022,-23.23366,-24.63364,-25.57103,-26.59386,-27.728,-28.4783,-29.70439,-30.91106,-32.29761,-33.68169,-35.06322,-36.44207,-37.81815,-39.43327,-40.81194,-41.92869,-43.55986,-44.92889,-46.57852,-47.94896,-49.31575,-50.9878,-52.35527
172.3066,171.52,170.7179,170.8944,170.0632,170.2127,169.3531,168.479,168.5883,167.6866,167.7698,166.8411,166.8983,165.9431,165.9747,165.9937,167,167.9936,169.9741,171.9411,172.8946,173.8344,175.7588,178.6661,178.564,181.439,183.2998,185.1437,187.9646,184.8044,180.6434,176.4772,174.2872,171.0997,167.907,164.7097,161.5085,160.2705,159.0236,158.7478,158.4599,158.16,157.848,157.5239,158.1582,157.8081,157.4459,157.0718,157.6469,157.2464,156.834,156.4096,156.9243,156.4734
24.21612,22.58103,20.96153,19.47095,17.87437,16.38962,14.81648,13.25959,11.78884,10.25615,8.792441,7.284438,5.828216,4.345373,2.897099,1.448605,0,-1.466058,-2.966909,-4.502435,-6.037613,-7.589773,-9.211128,-10.92769,-12.48641,-14.27956,-16.03666,-17.82731,-19.75588,-21.0558,-22.18022,-23.23366,-24.49447,-25.57103,-26.59386,-27.56295,-28.4783,-29.70439,-30.91106,-32.29761,-33.68169,-35.06322,-36.44207,-37.81815,-39.43327,-40.81194,-42.1875,-43.55986,-45.20453,-46.57852,-47.94896,-49.31575,-50.9878,-52.35527
172.3066,171.52,170.7179,170.8944,170.0632,169.2174,169.3531,169.4759,168.5883,168.6848,167.7698,167.8401,166.8983,166.9428,165.9747,164.9937,167,167.9936,169.9741,171.9411,171.8952,173.8344,175.7588,177.668,178.564,181.439,183.2998,186.1391,187.9646,184.8044,179.6509,176.4772,174.2872,171.0997,167.907,164.7097,161.5085,160.2705,159.0236,158.7478,158.4599,158.16,157.848,157.5239,157.1879,157.8081,157.4459,157.0718,157.6469,157.2464,156.834,156.4096,156.9243,156.4734
24.21612,22.58103,20.96153,19.47095,17.87437,16.29378,14.81648,13.33805,11.78884,10.3172,8.792441,7.328057,5.828216,4.37155,2.897099,1.439878,0,-1.466058,-2.966909,-4.502435,-6.002713,-7.589773,-9.211128,-10.86664,-12.48641,-14.27956,-16.03666,-17.92316,-19.75588,-21.0558,-22.05835,-23.23366,-24.49447,-25.57103,-26.59386,-27.56295,-28.4783,-29.70439,-30.91106,-32.29761,-33.68169,-35.06322,-36.44207,-37.81815,-39.19135,-40.81194,-42.1875,-43.55986,-45.20453,-46.57852,-47.94896,-49.31575,-50.9878,-52.35527
171.3164,171.52,170.7179,170.8944,170.0632,170.2127,169.3531,169.4759,168.5883,167.6866,167.7698,166.8411,166.8983,165.9431,165.9747,165.9937,167,167.9936,169.9741,171.9411,171.8952,173.8344,175.7588,177.668,179.5615,181.439,183.2998,186.1391,187.9646,184.8044,179.6509,176.4772,174.2872,171.0997,167.907,165.696,162.4933,160.2705,159.0236,158.7478,158.4599,158.16,157.848,157.5239,158.1582,157.8081,157.4459,157.0718,156.6857,157.2464,156.834,156.4096,156.9243,156.4734
24.07695,22.58103,20.96153,19.47095,17.87437,16.38962,14.81648,13.33805,11.78884,10.25615,8.792441,7.284438,5.828216,4.345373,2.897099,1.448605,0,-1.466058,-2.966909,-4.502435,-6.002713,-7.589773,-9.211128,-10.86664,-12.55617,-14.27956,-16.03666,-17.92316,-19.75588,-21.0558,-22.05835,-23.23366,-24.49447,-25.57103,-26.59386,-27.728,-28.65195,-29.70439,-30.91106,-32.29761,-33.68169,-35.06322,-36.44207,-37.81815,-39.43327,-40.81194,-42.1875,-43.55986,-44.92889,-46.57852,-47.94896,-49.31575,-50.9878,-52.35527
172.3066,171.52,170.7179,170.8944,170.0632,169.2174,169.3531,169.4759,168.5883,168.6848,167.7698,167.8401,166.8983,165.9431,165.9747,165.9937,167,167.9936,169.9741,171.9411,171.8952,173.8344,175.7588,177.668,178.564,181.439,183.2998,186.1391,187.9646,184.8044,180.6434,176.4772,173.2969,171.0997,167.907,165.696,162.4933,160.2705,159.0236,158.7478,158.4599,158.16,157.848,157.5239,158.1582,157.8081,157.4459,157.0718,157.6469,157.2464,155.8777,156.4096,156.9243,156.4734
24.21612,22.58103,20.96153,19.47095,17.87437,16.29378,14.81648,13.33805,11.78884,10.3172,8.792441,7.328057,5.828216,4.345373,2.897099,1.448605,0,-1.466058,-2.966909,-4.502435,-6.002713,-7.589773,-9.211128,-10.86664,-12.48641,-14.27956,-16.03666,-17.92316,-19.75588,-21.0558,-22.18022,-23.23366,-24.35529,-25.57103,-26.59386,-27.728,-28.65195,-29.70439,-30.91106,-32.29761,-33.68169,-35.06322,-36.44207,-37.81815,-39.43327,-40.81194,-42.1875,-43.55986,-45.20453,-46.57852,-47.65659,-49.31575,-50.9878,-52.35527
172.3066,171.52,170.7179,170.8944,170.0632,170.2127,169.3531,169.4759,168.5883,168.6848,167.7698,167.8401,166.8983,165.9431,165.9747,165.9937,167,167.9936,169.9741,171.9411,172.8946,173.8344,175.7588,177.668,179.5615,181.439,183.2998,186.1391,187.9646,184.8044,180.6434,176.4772,174.2872,171.0997,167.907,164.7097,161.5085,160.2705,159.0236,158.7478,158.4599,158.16,157.848,157.5239,158.1582,157.8081,157.4459,157.0718,156.6857,157.2464,156.834,157.3633,156.9243,156.4734
24.21612,22.58103,20.96153,19.47095,17.87437,16.38962,14.81648,13.33805,11.78884,10.3172,8.792441,7.328057,5.828216,4.345373,2.897099,1.448605,0,-1.466058,-2.966909,-4.502435,-6.037613,-7.589773,-9.211128,-10.86664,-12.55617,-14.27956,-16.03666,-17.92316,-19.75588,-21.0558,-22.18022,-23.23366,-24.49447,-25.57103,-26.59386,-27.56295,-28.4783,-29.70439,-30.91106,-32.29761,-33.68169,-35.06322,-36.44207,-37.81815,-39.43327,-40.81194,-42.1875,-43.55986,-44.92889,-46.57852,-47.94896,-49.61646,-50.9878,-52.35527
171.3164,171.52,170.7179,170.8944,170.0632,170.2127,169.3531,169.4759,168.5883,167.6866,167.7698,166.8411,166.8983,165.9431,165.9747,165.9937,167,167.9936,169.9741,171.9411,172.8946,173.8344,175.7588,177.668,178.564,181.439,183.2998,186.1391,187.9646,184.8044,180.6434,176.4772,173.2969,171.0997,167.907,165.696,161.5085,160.2705,159.0236,158.7478,158.4599,158.16,157.848,157.5239,158.1582,157.8081,157.4459,157.0718,157.6469,157.2464,156.834,157.3633,156.9243,156.4734
24.07695,22.58103,20.96153,19.47095,17.87437,16.38962,14.81648,13.33805,11.78884,10.25615,8.792441,7.284438,5.828216,4.345373,2.897099,1.448605,0,-1.466058,-2.966909,-4.502435,-6.037613,-7.589773,-9.211128,-10.86664,-12.48641,-14.27956,-16.03666,-17.92316,-19.75588,-21.0558,-22.18022,-23.23366,-24.35529,-25.57103,-26.59386,-27.728,-28.4783,-29.70439,-30.91106,-32.29761,-33.68169,-35.06322,-36.44207,-37.81815,-39.43327,-40.81194,-42.1875,-43.55986,-45.20453,-46.57852,-47.94896,-49.61646,-50.9878,-52.35527
171.3164,171.52,170.7179,170.8944,170.0632,170.2127,169.3531,169.4759,168.5883,167.6866,167.7698,167.8401,166.8983,166.9428,165.9747,165.9937,167,167.9936,169.9741,171.9411,171.8952,173.8344,175.7588,177.668,178.564,181.439,183.2998,186.1391,187.9646,184.8044,180.6434,176.4772,173.2969,171.0997,167.907,164.7097,162.4933,160.2705,159.0236,158.7478,158.4599,158.16,157.848,157.5239,158.1582,157.8081,157.4459,157.0718,157.6469,157.2464,156.834,156.4096,156.9243,156.4734
24.07695,22.58103,20.96153,19.47095,17.87437,16.38962,14.81648,13.33805,11.78884,10.25615,8.792441,7.328057,5.828216,4.37155,2.897099,1.448605,0,-1.466058,-2.966909,-4.502435,-6.002713,-7.589773,-9.211128,-10.86664,-12.48641,-14.27956,-16.03666,-17.92316,-19.75588,-21.0558,-22.18022,-23.23366,-24.35529,-25.57103,-26.59386,-27.56295,-28.65195,-29.70439,-30.91106,-32.29761,-33.68169,-35.06322,-36.44207,-37.81815,-39.43327,-40.81194,-42.1875,-43.55986,-45.20453,-46.57852,-47.94896,-49.31575,-50.9878,-52.35527
171.3164,170.5285,170.7179,170.8944,170.0632,170.2127,169.3531,168.479,168.5883,168.6848,167.7698,167.8401,166.8983,165.9431,165.9747,165.9937,167,167.9936,169.9741,171.9411,171.8952,173.8344,175.7588,177.668,178.564,181.439,183.2998,186.1391,187.9646,184.8044,180.6434,176.4772,174.2872,171.0997,167.907,164.7097,162.4933,160.2705,159.0236,158.7478,158.4599,158.16,157.848,157.5239,157.1879,157.8081,157.4459,158.0354,157.6469,157.2464,156.834,156.4096,155.9733,157.4217
24.07695,22.45051,20.96153,19.47095,17.87437,16.38962,14.81648,13.25959,11.78884,10.3172,8.792441,7.328057,5.828216,4.345373,2.897099,1.448605,0,-1.466058,-2.966909,-4.502435,-6.002713,-7.589773,-9.211128,-10.86664,-12.48641,-14.27956,-16.03666,-17.92316,-19.75588,-21.0558,-22.18022,-23.23366,-24.49447,-25.57103,-26.59386,-27.56295,-28.65195,-29.70439,-30.91106,-32.29761,-33.68169,-35.06322,-36.44207,-37.81815,-39.19135,-40.81194,-42.1875,-43.82709,-45.20453,-46.57852,-47.94896,-49.31575,-50.67879,-52.67257
172.3066,171.52,170.7179,170.8944,170.0632,170.2127,169.3531,169.4759,168.5883,167.6866,167.7698,166.8411,166.8983,166.9428,165.9747,165.9937,167,167.9936,169.9741,171.9411,172.8946,173.8344,175.7588,178.6661,178.564,181.439,183.2998,186.1391,187.9646,184.8044,180.6434,176.4772,174.2872,171.0997,167.907,165.696,161.5085,160.2705,159.0236,158.7478,158.4599,158.16,157.848,157.5239,158.1582,157.8081,157.4459,157.0718,157.6469,157.2464,156.834,157.3633,156.9243,156.4734
24.21612,22.58103,20.96153,19.47095,17.87437,16.38962,14.81648,13.33805,11.78884,10.25615,8.792441,7.284438,5.828216,4.37155,2.897099,1.448605,0,-1.466058,-2.966909,-4.502435,-6.037613,-7.589773,-9.211128,-10.92769,-12.48641,-14.27956,-16.03666,-17.92316,-19.75588,-21.0558,-22.18022,-23.23366,-24.49447,-25.57103,-26.59386,-27.728,-28.4783,-29.70439,-30.91106,-32.29761,-33.68169,-35.06322,-36.44207,-37.81815,-39.43327,-40.81194,-42.1875,-43.55986,-45.20453,-46.57852,-47.94896,-49.61646,-50.9878,-52.35527
172.3066,171.52,170.7179,170.8944,170.0632,170.2127,169.3531,169.4759,168.5883,167.6866,167.7698,167.8401,166.8983,165.9431,165.9747,165.9937,167,167.9936,169.9741,171.9411,171.8952,173.8344,175.7588,177.668,178.564,181.439,183.2998,185.1437,187.9646,184.8044,179.6509,176.4772,174.2872,171.0997,167.907,164.7097,162.4933,160.2705,159.0236,158.7478,158.4599,158.16,157.848,158.4963,158.1582,157.8081,157.4459,157.0718,157.6469,157.2464,156.834,156.4096,155.9733,156.4734
24.21612,22.58103,20.96153,19.47095,17.87437,16.38962,14.81648,13.33805,11.78884,10.25615,8.792441,7.328057,5.828216,4.345373,2.897099,1.448605,0,-1.466058,-2.966909,-4.502435,-6.002713,-7.589773,-9.211128,-10.86664,-12.48641,-14.27956,-16.03666,-17.82731,-19.75588,-21.0558,-22.05835,-23.23366,-24.49447,-25.57103,-26.59386,-27.56295,-28.65195,-29.70439,-30.91106,-32.29761,-33.68169,-35.06322,-36.44207,-38.05159,-39.43327,-40.81194,-42.1875,-43.55986,-45.20453,-46.57852,-47.94896,-49.31575,-50.67879,-52.35527
171.3164,171.52,170.7179,170.8944,170.0632,170.2127,169.3531,169.4759,168.5883,168.6848,167.7698,166.8411,166.8983,165.9431,165.9747,165.9937,167,168.9936,169.9741,171.9411,172.8946,173.8344,175.7588,178.6661,179.5615,181.439,183.2998,185.1437,187.9646,184.8044,180.6434,176.4772,173.2969,171.0997,167.907,164.7097,161.5085,160.2705,159.0236,158.7478,158.4599,158.16,157.848,157.5239,157.1879,157.8081,157.4459,157.0718,157.6469,157.2464,156.834,157.3633,156.9243,156.4734
24.07695,22.58103,20.96153,19.47095,17.87437,16.38962,14.81648,13.33805,11.78884,10.3172,8.792441,7.284438,5.828216,4.345373,2.897099,1.448605,0,-1.474784,-2.966909,-4.502435,-6.037613,-7.589773,-9.211128,-10.92769,-12.55617,-14.27956,-16.03666,-17.82731,-19.75588,-21.0558,-22.18022,-23.23366,-24.35529,-25.57103,-26.59386,-27.56295,-28.4783,-29.70439,-30.91106,-32.29761,-33.68169,-35.06322,-36.44207,-37.81815,-39.19135,-40.81194,-42.1875,-43.55986,-45.20453,-46.57852,-47.94896,-49.61646,-50.9878,-52.35527
171.3164,171.52,170.7179,170.8944,170.0632,170.2127,169.3531,168.479,167.5908,167.6866,167.7698,166.8411,166.8983,165.9431,165.9747,165.9937,167,167.9936,169.9741,171.9411,171.8952,173.8344,175.7588,177.668,179.5615,181.439,183.2998,185.1437,187.9646,184.8044,179.6509,176.4772,174.2872,171.0997,167.907,164.7097,161.5085,160.2705,159.0236,158.7478,158.4599,158.16,157.848,157.5239,158.1582,157.8081,157.4459,157.0718,156.6857,157.2464,156.834,156.4096,156.9243,156.4734
24.07695,22.58103,20.96153,19.47095,17.87437,16.38962,14.81648,13.25959,11.71909,10.25615,8.792441,7.284438,5.828216,4.345373,2.897099,1.448605,0,-1.466058,-2.966909,-4.502435,-6.002713,-7.589773,-9.211128,-10.86664,-12.55617,-14.27956,-16.03666,-17.82731,-19.75588,-21.0558,-22.05835,-23.23366,-24.49447,-25.57103,-26.59386,-27.56295,-28.4783,-29.70439,-30.91106,-32.29761,-33.68169,-35.06322,-36.44207,-37.81815,-39.43327,-40.81194,-42.1875,-43.55986,-44.92889,-46.57852,-47.94896,-49.31575,-50.9878,-52.35527
172.3066,171.52,170.7179,170.8944,170.0632,170.2127,169.3531,169.4759,168.5883,167.6866,167.7698,167.8401,166.8983,165.9431,165.9747,165.9937,167,167.9936,169.9741,171.9411,172.8946,173.8344,175.7588,177.668,178.564,181.439,183.2998,185.1437,187.9646,184.8044,180.6434,176.4772,175.2774,171.0997,167.907,165.696,161.5085,160.2705,159.0236,158.7478,158.4599,158.16,157.848,157.5239,158.1582,157.8081,157.4459,158.0354,157.6469,157.2464,157.7903,156.4096,156.9243,156.4734
24.21612,22.58103,20.96153,19.47095,17.87437,16.38962,14.81648,13.33805,11.78884,10.25615,8.792441,7.328057,5.828216,4.345373,2.897099,1.448605,0,-1.466058,-2.966909,-4.502435,-6.037613,-7.589773,-9.211128,-10.86664,-12.48641,-14.27956,-16.03666,-17.82731,-19.75588,-21.0558,-22.18022,-23.23366,-24.63364,-25.57103,-26.59386,-27.728,-28.4783,-29.70439,-30.91106,-32.29761,-33.68169,-35.06322,-36.44207,-37.81815,-39.43327,-40.81194,-42.1875,-43.82709,-45.20453,-46.57852,-48.24133,-49.31575,-50.9878,-52.35527
171.3164,171.52,170.7179,170.8944,170.0632,170.2127,169.3531,169.4759,168.5883,167.6866,167.7698,167.8401,166.8983,166.9428,165.9747,165.9937,167,167.9936,169.9741,171.9411,171.8952,174.8334,175.7588,178.6661,179.5615,181.439,183.2998,185.1437,187.9646,184.8044,180.6434,176.4772,174.2872,172.0888,167.907,165.696,161.5085,160.2705,160.0052,158.7478,158.4599,158.16,158.8223,158.4963,158.1582,157.8081,157.4459,157.0718,156.6857,157.2464,156.834,157.3633,156.9243,156.4734
24.07695,22.58103,20.96153,19.47095,17.87437,16.38962,14.81648,13.33805,11.78884,10.25615,8.792441,7.328057,5.828216,4.37155,2.897099,1.448605,0,-1.466058,-2.966909,-4.502435,-6.002713,-7.633393,-9.211128,-10.92769,-12.55617,-14.27956,-16.03666,-17.82731,-19.75588,-21.0558,-22.18022,-23.23366,-24.49447,-25.71884,-26.59386,-27.728,-28.4783,-29.70439,-31.10187,-32.29761,-33.68169,-35.06322,-36.66702,-38.05159,-39.43327,-40.81194,-42.1875,-43.55986,-44.92889,-46.57852,-47.94896,-49.61646,-50.9878,-52.35527
172.3066,171.52,170.7179,169.9008,170.0632,170.2127,169.3531,169.4759,168.5883,167.6866,167.7698,167.8401,166.8983,165.9431,165.9747,165.9937,167,167.9936,169.9741,171.9411,171.8952,174.8334,175.7588,178.6661,178.564,181.439,183.2998,186.1391,187.9646,184.8044,180.6434,176.4772,174.2872,171.0997,167.907,165.696,162.4933,160.2705,159.0236,158.7478,158.4599,158.16,157.848,157.5239,158.1582,157.8081,157.4459,157.0718,157.6469,157.2464,156.834,156.4096,156.9243,156.4734
24.21612,22.58103,20.96153,19.35775,17.87437,16.38962,14.81648,13.33805,11.78884,10.25615,8.792441,7.328057,5.828216,4.345373,2.897099,1.448605,0,-1.466058,-2.966909,-4.502435,-6.002713,-7.633393,-9.211128,-10.92769,-12.48641,-14.27956,-16.03666,-17.92316,-19.75588,-21.0558,-22.18022,-23.23366,-24.49447,-25.57103,-26.59386,-27.728,-28.65195,-29.70439,-30.91106,-32.29761,-33.68169,-35.06322,-36.44207,-37.81815,-39.43327,-40.81194,-42.1875,-43.55986,-45.20453,-46.57852,-47.94896,-49.31575,-50.9878,-52.35527
171.3164,171.52,170.7179,170.8944,170.0632,170.2127,169.3531,169.4759,168.5883,167.6866,167.7698,166.8411,166.8983,165.9431,165.9747,165.9937,167,167.9936,169.9741,171.9411,172.8946,173.8344,175.7588,177.668,178.564,181.439,183.2998,185.1437,187.9646,184.8044,180.6434,176.4772,174.2872,171.0997,167.907,165.696,162.4933,160.2705,159.0236,158.7478,158.4599,158.16,157.848,157.5239,158.1582,157.8081,157.4459,157.0718,157.6469,157.2464,156.834,156.4096,156.9243,156.4734
24.07695,22.58103,20.96153,19.47095,17.87437,16.38962,14.81648,13.33805,11.78884,10.25615,8.792441,7.284438,5.828216,4.345373,2.897099,1.448605,0,-1.466058,-2.966909,-4.502435,-6.037613,-7.589773,-9.211128,-10.86664,-12.48641,-14.27956,-16.03666,-17.82731,-19.75588,-21.0558,-22.18022,-23.23366,-24.49447,-25.57103,-26.59386,-27.728,-28.65195,-29.70439,-30.91106,-32.29761,-33.68169,-35.06322,-36.44207,-37.81815,-39.43327,-40.81194,-42.1875,-43.55986,-45.20453,-46.57852,-47.94896,-49.31575,-50.9878,-52.35527
171.3164,170.5285,170.7179,170.8944,170.0632,170.2127,169.3531,168.479,168.5883,167.6866,167.7698,166.8411,166.8983,165.9431,165.9747,165.9937,167,167.9936,169.9741,171.9411,172.8946,173.8344,175.7588,178.6661,179.5615,181.439,183.2998,186.1391,187.9646,184.8044,180.6434,176.4772,174.2872,171.0997,167.907,165.696,162.4933,160.2705,159.0236,158.7478,158.4599,158.16,157.848,157.5239,158.1582,157.8081,157.4459,157.0718,156.6857,156.2876,156.834,156.4096,155.9733,156.4734
24.07695,22.45051,20.96153,19.47095,17.87437,16.38962,14.81648,13.25959,11.78884,10.25615,8.792441,7.284438,5.828216,4.345373,2.897099,1.448605,0,-1.466058,-2.966909,-4.502435,-6.037613,-7.589773,-9.211128,-10.92769,-12.55617,-14.27956,-16.03666,-17.92316,-19.75588,-21.0558,-22.18022,-23.23366,-24.49447,-25.57103,-26.59386,-27.728,-28.65195,-29.70439,-30.91106,-32.29761,-33.68169,-35.06322,-36.44207,-37.81815,-39.43327,-40.81194,-42.1875,-43.55986,-44.92889,-46.2945,-47.94896,-49.31575,-50.67879,-52.35527
173.2969,171.52,170.7179,169.9008,170.0632,170.2127,169.3531,169.4759,168.5883,168.6848,167.7698,166.8411,166.8983,166.9428,165.9747,165.9937,166,167.9936,168.9743,171.9411,171.8952,173.8344,175.7588,177.668,178.564,181.439,183.2998,186.1391,187.9646,184.8044,180.6434,176.4772,174.2872,171.0997,167.907,164.7097,161.5085,160.2705,159.0236,158.7478,158.4599,158.16,157.848,158.4963,157.1879,157.8081,157.4459,157.0718,157.6469,157.2464,156.834,156.4096,156.9243,156.4734
24.35529,22.58103,20.96153,19.35775,17.87437,16.38962,14.81648,13.33805,11.78884,10.3172,8.792441,7.284438,5.828216,4.37155,2.897099,1.448605,0,-1.466058,-2.949457,-4.502435,-6.002713,-7.589773,-9.211128,-10.86664,-12.48641,-14.27956,-16.03666,-17.92316,-19.75588,-21.0558,-22.18022,-23.23366,-24.49447,-25.57103,-26.59386,-27.56295,-28.4783,-29.70439,-30.91106,-32.29761,-33.68169,-35.06322,-36.44207,-38.05159,-39.19135,-40.81194,-42.1875,-43.55986,-45.20453,-46.57852,-47.94896,-49.31575,-50.9878,-52.35527
171.3164,171.52,170.7179,170.8944,170.0632,169.2174,169.3531,168.479,168.5883,167.6866,167.7698,166.8411,165.8989,165.9431,165.9747,165.9937,167,167.9936,169.9741,171.9411,171.8952,173.8344,175.7588,178.6661,179.5615,181.439,183.2998,185.1437,187.9646,184.8044,180.6434,176.4772,174.2872,171.0997,167.907,165.696,161.5085,160.2705,159.0236,158.7478,158.4599,158.16,157.848,157.5239,158.1582,157.8081,157.4459,157.0718,156.6857,157.2464,156.834,156.4096,156.9243,156.4734
24.07695,22.58103,20.96153,19.47095,17.87437,16.29378,14.81648,13.25959,11.78884,10.25615,8.792441,7.284438,5.793316,4.345373,2.897099,1.448605,0,-1.466058,-2.966909,-4.502435,-6.002713,-7.589773,-9.211128,-10.92769,-12.55617,-14.27956,-16.03666,-17.82731,-19.75588,-21.0558,-22.18022,-23.23366,-24.49447,-25.57103,-26.59386,-27.728,-28.4783,-29.70439,-30.91106,-32.29761,-33.68169,-35.06322,-36.44207,-37.81815,-39.43327,-40.81194,-42.1875,-43.55986,-44.92889,-46.57852,-47.94896,-49.31575,-50.9878,-52.35527
171.3164,171.52,170.7179,170.8944,170.0632,170.2127,169.3531,168.479,168.5883,167.6866,167.7698,166.8411,166.8983,166.9428,165.9747,165.9937,166,167.9936,169.9741,171.9411,172.8946,174.8334,175.7588,177.668,178.564,181.439,183.2998,186.1391,187.9646,184.8044,180.6434,176.4772,174.2872,171.0997,167.907,165.696,161.5085,160.2705,159.0236,158.7478,158.4599,158.16,157.848,157.5239,158.1582,157.8081,157.4459,157.0718,157.6469,157.2464,156.834,156.4096,156.9243,156.4734
24.07695,22.58103,20.96153,19.47095,17.87437,16.38962,14.81648,13.25959,11.78884,10.25615,8.792441,7.284438,5.828216,4.37155,2.897099,1.448605,0,-1.466058,-2.966909,-4.502435,-6.037613,-7.633393,-9.211128,-10.86664,-12.48641,-14.27956,-16.03666,-17.92316,-19.75588,-21.0558,-22.18022,-23.23366,-24.49447,-25.57103,-26.59386,-27.728,-28.4783,-29.70439,-30.91106,-32.29761,-33.68169,-35.06322,-36.44207,-37.81815,-39.43327,-40.81194,-42.1875,-43.55986,-45.20453,-46.57852,-47.94896,-49.31575,-50.9878,-52.35527
171.3164,171.52,170.7179,169.9008,170.0632,170.2127,170.3493,169.4759,169.5859,167.6866,167.7698,166.8411,166.8983,165.9431,165.9747,165.9937,167,167.9936,169.9741,171.9411,172.8946,173.8344,175.7588,178.6661,178.564,181.439,183.2998,186.1391,187.9646,184.8044,180.6434,176.4772,173.2969,171.0997,167.907,165.696,162.4933,160.2705,159.0236,158.7478,158.4599,158.16,157.848,157.5239,158.1582,157.8081,157.4459,157.0718,157.6469,157.2464,156.834,157.3633,156.9243,156.4734
24.07695,22.58103,20.96153,19.35775,17.87437,16.38962,14.90363,13.33805,11.8586,10.25615,8.792441,7.284438,5.828216,4.345373,2.897099,1.448605,0,-1.466058,-2.966909,-4.502435,-6.037613,-7.589773,-9.211128,-10.92769,-12.48641,-14.27956,-16.03666,-17.92316,-19.75588,-21.0558,-22.18022,-23.23366,-24.35529,-25.57103,-26.59386,-27.728,-28.65195,-29.70439,-30.91106,-32.29761,-33.68169,-35.06322,-36.44207,-37.81815,-39.43327,-40.81194,-42.1875,-43.55986,-45.20453,-46.57852,-47.94896,-49.61646,-50.9878,-52.35527
171.3164,171.52,170.7179,170.8944,170.0632,170.2127,169.3531,169.4759,168.5883,167.6866,167.7698,166.8411,166.8983,165.9431,165.9747,165.9937,167,167.9936,169.9741,171.9411,172.8946,173.8344,175.7588,178.6661,179.5615,181.439,183.2998,186.1391,187.9646,184.8044,180.6434,176.4772,174.2872,171.0997,167.907,165.696,161.5085,160.2705,159.0236,158.7478,158.4599,158.16,157.848,157.5239,158.1582,157.8081,157.4459,157.0718,157.6469,157.2464,156.834,156.4096,156.9243,156.4734
24.07695,22.58103,20.96153,19.47095,17.87437,16.38962,14.81648,13.33805,11.78884,10.25615,8.792441,7.284438,5.828216,4.345373,2.897099,1.448605,0,-1.466058,-2.966909,-4.502435,-6.037613,-7.589773,-9.211128,-10.92769,-12.55617,-14.27956,-16.03666,-17.92316,-19.75588,-21.0558,-22.18022,-23.23366,-24.49447,-25.57103,-26.59386,-27.728,-28.4783,-29.70439,-30.91106,-32.29761,-33.68169,-35.06322,-36.44207,-37.81815,-39.43327,-40.81194,-42.1875,-43.55986,-45.20453,-46.57852,-47.94896,-49.31575,-50.9878,-52.35527
172.3066,171.52,170.7179,170.8944,170.0632,170.2127,169.3531,168.479,168.5883,167.6866,167.7698,166.8411,166.8983,165.9431,165.9747,165.9937,167,167.9936,169.9741,171.9411,172.8946,173.8344,175.7588,177.668,178.564,181.439,183.2998,186.1391,187.9646,184.8044,179.6509,176.4772,174.2872,171.0997,167.907,165.696,161.5085,160.2705,159.0236,158.7478,158.4599,158.16,157.848,157.5239,157.1879,157.8081,157.4459,157.0718,157.6469,157.2464,156.834,156.4096,156.9243,156.4734
24.21612,22.58103,20.96153,19.47095,17.87437,16.38962,14.81648,13.25959,11.78884,10.25615,8.792441,7.284438,5.828216,4.345373,2.897099,1.448605,0,-1.466058,-2.966909,-4.502435,-6.037613,-7.589773,-9.211128,-10.86664,-12.48641,-14.27956,-16.03666,-17.92316,-19.75588,-21.0558,-22.05835,-23.23366,-24.49447,-25.57103,-26.59386,-27.728,-28.4783,-29.70439,-30.91106,-32.29761,-33.68169,-35.06322,-36.44207,-37.81815,-39.19135,-40.81194,-42.1875,-43.55986,-45.20453,-46.57852,-47.94896,-49.31575,-50.9878,-52.35527
172.3066,171.52,170.7179,170.8944,170.0632,170.2127,169.3531,169.4759,168.5883,167.6866,167.7698,167.8401,166.8983,166.9428,165.9747,165.9937,167,167.9936,169.9741,171.9411,171.8952,173.8344,175.7588,178.6661,178.564,181.439,183.2998,186.1391,188.9592,184.8044,180.6434,176.4772,173.2969,171.0997,167.907,165.696,162.4933,160.2705,159.0236,158.7478,158.4599,158.16,157.848,157.5239,158.1582,157.8081,157.4459,157.0718,156.6857,157.2464,156.834,157.3633,156.9243,156.4734
24.21612,22.58103,20.96153,19.47095,17.87437,16.38962,14.81648,13.33805,11.78884,10.25615,8.792441,7.328057,5.828216,4.37155,2.897099,1.448605,0,-1.466058,-2.966909,-4.502435,-6.002713,-7.589773,-9.211128,-10.92769,-12.48641,-14.27956,-16.03666,-17.92316,-19.86041,-21.0558,-22.18022,-23.23366,-24.35529,-25.57103,-26.59386,-27.728,-28.65195,-29.70439,-30.91106,-32.29761,-33.68169,-35.06322,-36.44207,-37.81815,-39.43327,-40.81194,-42.1875,-43.55986,-44.92889,-46.57852,-47.94896,-49.61646,-50.9878,-52.35527
171.3164,170.5285,170.7179,170.8944,170.0632,170.2127,169.3531,169.4759,168.5883,167.6866,167.7698,167.8401,166.8983,165.9431,165.9747,165.9937,167,168.9936,169.9741,171.9411,172.8946,173.8344,175.7588,177.668,178.564,181.439,183.2998,186.1391,187.9646,184.8044,180.6434,176.4772,174.2872,171.0997,167.907,165.696,162.4933,160.2705,159.0236,158.7478,158.4599,158.16,157.848,158.4963,157.1879,157.8081,157.4459,157.0718,157.6469,157.2464,156.834,156.4096,156.9243,156.4734
24.07695,22.45051,20.96153,19.47095,17.87437,16.38962,14.81648,13.33805,11.78884,10.25615,8.792441,7.328057,5.828216,4.345373,2.897099,1.448605,0,-1.474784,-2.966909,-4.502435,-6.037613,-7.589773,-9.211128,-10.86664,-12.48641,-14.27956,-16.03666,-17.92316,-19.75588,-21.0558,-22.18022,-23.23366,-24.49447,-25.57103,-26.59386,-27.728,-28.65195,-29.70439,-30.91106,-32.29761,-33.68169,-35.06322,-36.44207,-38.05159,-39.19135,-40.81194,-42.1875,-43.55986,-45.20453,-46.57852,-47.94896,-49.31575,-50.9878,-52.35527
