169.3358,170.5285,169.7254,169.9008,169.0687,169.2174,168.3569,168.479,167.5908,168.6848,167.7698,165.842,166.8983,164.9435,164.9749,164.9937,166,166.9936,168.9743,170.9414,171.8952,173.8344,175.7588,177.668,178.564,181.439,183.2998,185.1437,186.9701,183.8108,180.6434,176.4772,173.2969,170.1107,167.907,165.696,161.5085,159.2873,158.042,156.788,157.4818,157.1837,157.848,156.5516,156.2176,156.8399,156.48,156.1081,156.6857,156.2876,155.8777,155.4559,155.0222,156.4734
23.7986,22.45051,20.83966,19.35775,17.76984,16.29378,14.72932,13.25959,11.71909,10.3172,8.792441,7.240818,5.828216,4.319196,2.879647,1.439878,0,-1.457331,-2.949457,-4.476258,-6.002713,-7.589773,-9.211128,-10.86664,-12.48641,-14.27956,-16.03666,-17.82731,-19.65135,-20.94259,-22.18022,-23.23366,-24.35529,-25.42322,-26.59386,-27.728,-28.4783,-29.52216,-30.72025,-31.89887,-33.47378,-34.84678,-36.44207,-37.5847,-38.94943,-40.56156,-41.92869,-43.29262,-44.92889,-46.2945,-47.65659,-49.01505,-50.36977,-52.35527
170.3261,170.5285,169.7254,169.9008,169.0687,169.2174,168.3569,168.479,167.5908,168.6848,167.7698,166.8411,166.8983,165.9431,165.9747,164.9937,166,166.9936,169.9741,170.9414,171.8952,173.8344,175.7588,177.668,178.564,181.439,183.2998,185.1437,186.9701,183.8108,179.6509,176.4772,173.2969,170.1107,167.907,165.696,162.4933,160.2705,158.042,157.7679,157.4818,157.1837,156.8736,157.5239,157.1879,156.8399,156.48,156.1081,155.7244,156.2876,155.8777,155.4559,155.9733,156.4734
23.93777,22.45051,20.83966,19.35775,17.76984,16.29378,14.72932,13.25959,11.71909,10.3172,8.792441,7.284438,5.828216,4.345373,2.897099,1.439878,0,-1.457331,-2.966909,-4.476258,-6.002713,-7.589773,-9.211128,-10.86664,-12.48641,-14.27956,-16.03666,-17.82731,-19.65135,-20.94259,-22.05835,-23.23366,-24.35529,-25.42322,-26.59386,-27.728,-28.65195,-29.70439,-30.72025,-32.09824,-33.47378,-34.84678,-36.21712,-37.81815,-39.19135,-40.56156,-41.92869,-43.29262,-44.65325,-46.2945,-47.65659,-49.01505,-50.67879,-52.35527
169.3358,170.5285,169.7254,169.9008,169.0687,169.2174,168.3569,167.4821,167.5908,166.6885,167.7698,166.8411,166.8983,164.9435,164.9749,164.9937,166,167.9936,168.9743,170.9414,171.8952,173.8344,175.7588,177.668,178.564,181.439,183.2998,185.1437,186.9701,183.8108,179.6509,176.4772,174.2872,171.0997,167.907,164.7097,161.5085,160.2705,158.042,157.7679,157.4818,157.1837,156.8736,156.5516,157.1879,156.8399,156.48,156.1081,155.7244,156.2876,155.8777,155.4559,155.9733,156.4734
23.7986,22.45051,20.83966,19.35775,17.76984,16.29378,14.72932,13.18113,11.71909,10.19511,8.792441,7.284438,5.828216,4.319196,2.879647,1.439878,0,-1.466058,-2.949457,-4.476258,-6.002713,-7.589773,-9.211128,-10.86664,-12.48641,-14.27956,-16.03666,-17.82731,-19.65135,-20.94259,-22.05835,-23.23366,-24.49447,-25.57103,-26.59386,-27.56295,-28.4783,-29.70439,-30.72025,-32.09824,-33.47378,-34.84678,-36.21712,-37.5847,-39.19135,-40.56156,-41.92869,-43.29262,-44.65325,-46.2945,-47.65659,-49.01505,-50.67879,-52.35527
169.3358,170.5285,169.7254,169.9008,170.0632,168.222,168.3569,168.479,167.5908,167.6866,167.7698,166.8411,165.8989,164.9435,164.9749,164.9937,166,167.9936,168.9743,170.9414,171.8952,173.8344,175.7588,177.668,178.564,181.439,183.2998,185.1437,186.9701,184.8044,179.6509,176.4772,174.2872,170.1107,167.907,165.696,161.5085,160.2705,158.042,157.7679,157.4818,157.1837,156.8736,156.5516,157.1879,156.8399,156.48,156.1081,156.6857,156.2876,155.8777,155.4559,155.9733,156.4734
23.7986,22.45051,20.83966,19.35775,17.87437,16.19793,14.72932,13.25959,11.71909,10.25615,8.792441,7.284438,5.793316,4.319196,2.879647,1.439878,0,-1.466058,-2.949457,-4.476258,-6.002713,-7.589773,-9.211128,-10.86664,-12.48641,-14.27956,-16.03666,-17.82731,-19.65135,-21.0558,-22.05835,-23.23366,-24.49447,-25.42322,-26.59386,-27.728,-28.4783,-29.70439,-30.72025,-32.09824,-33.47378,-34.84678,-36.21712,-37.5847,-39.19135,-40.56156,-41.92869,-43.29262,-44.92889,-46.2945,-47.65659,-49.01505,-50.67879,-52.35527
170.3261,170.5285,169.7254,169.9008,169.0687,169.2174,168.3569,168.479,167.5908,166.6885,167.7698,166.8411,165.8989,164.9435,164.9749,164.9937,166,166.9936,168.9743,170.9414,171.8952,173.8344,175.7588,177.668,178.564,181.439,183.2998,186.1391,186.9701,183.8108,180.6434,176.4772,173.2969,171.0997,167.907,165.696,162.4933,160.2705,158.042,157.7679,157.4818,157.1837,156.8736,156.5516,156.2176,156.8399,156.48,156.1081,156.6857,156.2876,155.8777,156.4096,155.0222,156.4734
23.93777,22.45051,20.83966,19.35775,17.76984,16.29378,14.72932,13.25959,11.71909,10.19511,8.792441,7.284438,5.793316,4.319196,2.879647,1.439878,0,-1.457331,-2.949457,-4.476258,-6.002713,-7.589773,-9.211128,-10.86664,-12.48641,-14.27956,-16.03666,-17.92316,-19.65135,-20.94259,-22.18022,-23.23366,-24.35529,-25.57103,-26.59386,-27.728,-28.65195,-29.70439,-30.72025,-32.09824,-33.47378,-34.84678,-36.21712,-37.5847,-38.94943,-40.56156,-41.92869,-43.29262,-44.92889,-46.2945,-47.65659,-49.31575,-50.36977,-52.35527
170.3261,170.5285,169.7254,169.9008,169.0687,169.2174,169.3531,168.479,167.5908,167.6866,167.7698,167.8401,166.8983,165.9431,165.9747,164.9937,166,166.9936,168.9743,170.9414,171.8952,173.8344,175.7588,178.6661,178.564,181.439,183.2998,186.1391,186.9701,184.8044,180.6434,176.4772,173.2969,170.1107,167.907,164.7097,161.5085,160.2705,158.042,157.7679,157.4818,157.1837,156.8736,156.5516,157.1879,156.8399,156.48,156.1081,156.6857,156.2876,155.8777,156.4096,155.9733,156.4734
23.93777,22.45051,20.83966,19.35775,17.76984,16.29378,14.81648,13.25959,11.71909,10.25615,8.792441,7.328057,5.828216,4.345373,2.897099,1.439878,0,-1.457331,-2.949457,-4.476258,-6.002713,-7.589773,-9.211128,-10.92769,-12.48641,-14.27956,-16.03666,-17.92316,-19.65135,-21.0558,-22.18022,-23.23366,-24.35529,-25.42322,-26.59386,-27.56295,-28.4783,-29.70439,-30.72025,-32.09824,-33.47378,-34.84678,-36.21712,-37.5847,-39.19135,-40.56156,-41.92869,-43.29262,-44.92889,-46.2945,-47.65659,-49.31575,-50.67879,-52.35527
170.3261,170.5285,169.7254,169.9008,170.0632,169.2174,168.3569,168.479,167.5908,166.6885,166.7711,166.8411,165.8989,165.9431,165.9747,164.9937,166,166.9936,168.9743,170.9414,171.8952,173.8344,175.7588,177.668,178.564,181.439,183.2998,186.1391,186.9701,184.8044,180.6434,176.4772,174.2872,171.0997,167.907,165.696,162.4933,160.2705,158.042,157.7679,157.4818,157.1837,156.8736,156.5516,157.1879,156.8399,156.48,156.1081,155.7244,156.2876,155.8777,156.4096,155.0222,156.4734
23.93777,22.45051,20.83966,19.35775,17.87437,16.29378,14.72932,13.25959,11.71909,10.19511,8.740105,7.284438,5.793316,4.345373,2.897099,1.439878,0,-1.457331,-2.949457,-4.476258,-6.002713,-7.589773,-9.211128,-10.86664,-12.48641,-14.27956,-16.03666,-17.92316,-19.65135,-21.0558,-22.18022,-23.23366,-24.49447,-25.57103,-26.59386,-27.728,-28.65195,-29.70439,-30.72025,-32.09824,-33.47378,-34.84678,-36.21712,-37.5847,-39.19135,-40.56156,-41.92869,-43.29262,-44.65325,-46.2945,-47.65659,-49.31575,-50.36977,-52.35527
170.3261,170.5285,169.7254,169.9008,169.0687,169.2174,168.3569,168.479,167.5908,168.6848,166.7711,166.8411,165.8989,165.9431,165.9747,164.9937,165,166.9936,168.9743,170.9414,171.8952,173.8344,175.7588,177.668,178.564,181.439,183.2998,186.1391,186.9701,184.8044,180.6434,176.4772,173.2969,170.1107,167.907,165.696,161.5085,160.2705,158.042,157.7679,157.4818,157.1837,156.8736,156.5516,157.1879,156.8399,156.48,156.1081,156.6857,156.2876,155.8777,155.4559,155.9733,156.4734
23.93777,22.45051,20.83966,19.35775,17.76984,16.29378,14.72932,13.25959,11.71909,10.3172,8.740105,7.284438,5.793316,4.345373,2.897099,1.439878,0,-1.457331,-2.949457,-4.476258,-6.002713,-7.589773,-9.211128,-10.86664,-12.48641,-14.27956,-16.03666,-17.92316,-19.65135,-21.0558,-22.18022,-23.23366,-24.35529,-25.42322,-26.59386,-27.728,-28.4783,-29.70439,-30.72025,-32.09824,-33.47378,-34.84678,-36.21712,-37.5847,-39.19135,-40.56156,-41.92869,-43.29262,-44.92889,-46.2945,-47.65659,-49.01505,-50.67879,-52.35527
170.3261,170.5285,169.7254,169.9008,170.0632,169.2174,169.3531,168.479,167.5908,167.6866,166.7711,165.842,166.8983,165.9431,164.9749,164.9937,166,166.9936,168.9743,170.9414,171.8952,173.8344,175.7588,178.6661,178.564,181.439,183.2998,186.1391,186.9701,184.8044,180.6434,176.4772,174.2872,171.0997,167.907,165.696,162.4933,160.2705,158.042,157.7679,157.4818,157.1837,156.8736,156.5516,156.2176,156.8399,156.48,156.1081,156.6857,155.3288,155.8777,155.4559,155.9733,156.4734
23.93777,22.45051,20.83966,19.35775,17.87437,16.29378,14.81648,13.25959,11.71909,10.25615,8.740105,7.240818,5.828216,4.345373,2.879647,1.439878,0,-1.457331,-2.949457,-4.476258,-6.002713,-7.589773,-9.211128,-10.92769,-12.48641,-14.27956,-16.03666,-17.92316,-19.65135,-21.0558,-22.18022,-23.23366,-24.49447,-25.57103,-26.59386,-27.728,-28.65195,-29.70439,-30.72025,-32.09824,-33.47378,-34.84678,-36.21712,-37.5847,-38.94943,-40.56156,-41.92869,-43.29262,-44.92889,-46.01049,-47.65659,-49.01505,-50.67879,-52.35527
170.3261,170.5285,169.7254,169.9008,169.0687,169.2174,168.3569,168.479,167.5908,166.6885,167.7698,165.842,165.8989,164.9435,164.9749,164.9937,166,166.9936,168.9743,170.9414,171.8952,173.8344,175.7588,177.668,178.564,181.439,183.2998,185.1437,187.9646,184.8044,180.6434,176.4772,173.2969,170.1107,167.907,165.696,161.5085,159.2873,158.042,156.788,157.4818,157.1837,156.8736,156.5516,156.2176,156.8399,157.4459,156.1081,155.7244,156.2876,155.8777,155.4559,155.9733,156.4734
23.93777,22.45051,20.83966,19.35775,17.76984,16.29378,14.72932,13.25959,11.71909,10.19511,8.792441,7.240818,5.793316,4.319196,2.879647,1.439878,0,-1.457331,-2.949457,-4.476258,-6.002713,-7.589773,-9.211128,-10.86664,-12.48641,-14.27956,-16.03666,-17.82731,-19.75588,-21.0558,-22.18022,-23.23366,-24.35529,-25.42322,-26.59386,-27.728,-28.4783,-29.52216,-30.72025,-31.89887,-33.47378,-34.84678,-36.21712,-37.5847,-38.94943,-40.56156,-42.1875,-43.29262,-44.65325,-46.2945,-47.65659,-49.01505,-50.67879,-52.35527
169.3358,170.5285,169.7254,169.9008,169.0687,170.2127,168.3569,169.4759,167.5908,167.6866,167.7698,166.8411,166.8983,164.9435,165.9747,164.9937,166,166.9936,168.9743,170.9414,171.8952,173.8344,175.7588,177.668,178.564,181.439,183.2998,185.1437,187.9646,184.8044,179.6509,176.4772,173.2969,171.0997,167.907,165.696,162.4933,160.2705,158.042,157.7679,157.4818,157.1837,156.8736,156.5516,157.1879,156.8399,156.48,156.1081,156.6857,156.2876,155.8777,155.4559,155.9733,156.4734
23.7986,22.45051,20.83966,19.35775,17.76984,16.38962,14.72932,13.33805,11.71909,10.25615,8.792441,7.284438,5.828216,4.319196,2.897099,1.439878,0,-1.457331,-2.949457,-4.476258,-6.002713,-7.589773,-9.211128,-10.86664,-12.48641,-14.27956,-16.03666,-17.82731,-19.75588,-21.0558,-22.05835,-23.23366,-24.35529,-25.57103,-26.59386,-27.728,-28.65195,-29.70439,-30.72025,-32.09824,-33.47378,-34.84678,-36.21712,-37.5847,-39.19135,-40.56156,-41.92869,-43.29262,-44.92889,-46.2945,-47.65659,-49.01505,-50.67879,-52.35527
170.3261,170.5285,169.7254,169.9008,169.0687,169.2174,168.3569,169.4759,167.5908,166.6885,167.7698,166.8411,166.8983,164.9435,164.9749,164.9937,166,166.9936,168.9743,170.9414,171.8952,173.8344,175.7588,177.668,178.564,181.439,183.2998,186.1391,186.9701,183.8108,180.6434,176.4772,173.2969,170.1107,167.907,165.696,162.4933,160.2705,158.042,157.7679,157.4818,157.1837,156.8736,156.5516,156.2176,156.8399,156.48,156.1081,156.6857,156.2876,155.8777,155.4559,155.9733,156.4734
23.93777,22.45051,20.83966,19.35775,17.76984,16.29378,14.72932,13.33805,11.71909,10.19511,8.792441,7.284438,5.828216,4.319196,2.879647,1.439878,0,-1.457331,-2.949457,-4.476258,-6.002713,-7.589773,-9.211128,-10.86664,-12.48641,-14.27956,-16.03666,-17.92316,-19.65135,-20.94259,-22.18022,-23.23366,-24.35529,-25.42322,-26.59386,-27.728,-28.65195,-29.70439,-30.72025,-32.09824,-33.47378,-34.84678,-36.21712,-37.5847,-38.94943,-40.56156,-41.92869,-43.29262,-44.92889,-46.2945,-47.65659,-49.01505,-50.67879,-52.35527
170.3261,169.5371,169.7254,168.9072,169.0687,169.2174,168.3569,168.479,167.5908,167.6866,166.7711,165.842,165.8989,164.9435,164.9749,164.9937,166,166.9936,168.9743,170.9414,171.8952,173.8344,175.7588,177.668,179.5615,181.439,183.2998,186.1391,186.9701,183.8108,180.6434,176.4772,174.2872,170.1107,167.907,164.7097,161.5085,160.2705,158.042,157.7679,157.4818,157.1837,156.8736,157.5239,156.2176,156.8399,156.48,156.1081,155.7244,156.2876,155.8777,156.4096,155.9733,156.4734
23.93777,22.31998,20.83966,19.24455,17.76984,16.29378,14.72932,13.25959,11.71909,10.25615,8.740105,7.240818,5.793316,4.319196,2.879647,1.439878,0,-1.457331,-2.949457,-4.476258,-6.002713,-7.589773,-9.211128,-10.86664,-12.55617,-14.27956,-16.03666,-17.92316,-19.65135,-20.94259,-22.18022,-23.23366,-24.49447,-25.42322,-26.59386,-27.56295,-28.4783,-29.70439,-30.72025,-32.09824,-33.47378,-34.84678,-36.21712,-37.81815,-38.94943,-40.56156,-41.92869,-43.29262,-44.65325,-46.2945,-47.65659,-49.31575,-50.67879,-52.35527
169.3358,170.5285,169.7254,169.9008,169.0687,169.2174,168.3569,168.479,168.5883,166.6885,167.7698,166.8411,165.8989,164.9435,164.9749,164.9937,166,166.9936,168.9743,170.9414,171.8952,173.8344,175.7588,177.668,179.5615,181.439,183.2998,186.1391,186.9701,183.8108,180.6434,176.4772,174.2872,170.1107,167.907,165.696,161.5085,160.2705,158.042,156.788,157.4818,157.1837,156.8736,156.5516,157.1879,156.8399,156.48,157.0718,156.6857,156.2876,155.8777,156.4096,155.0222,156.4734
23.7986,22.45051,20.83966,19.35775,17.76984,16.29378,14.72932,13.25959,11.78884,10.19511,8.792441,7.284438,5.793316,4.319196,2.879647,1.439878,0,-1.457331,-2.949457,-4.476258,-6.002713,-7.589773,-9.211128,-10.86664,-12.55617,-14.27956,-16.03666,-17.92316,-19.65135,-20.94259,-22.18022,-23.23366,-24.49447,-25.42322,-26.59386,-27.728,-28.4783,-29.70439,-30.72025,-31.89887,-33.47378,-34.84678,-36.21712,-37.5847,-39.19135,-40.56156,-41.92869,-43.55986,-44.92889,-46.2945,-47.65659,-49.31575,-50.36977,-52.35527
170.3261,170.5285,169.7254,169.9008,169.0687,169.2174,168.3569,168.479,167.5908,167.6866,167.7698,166.8411,166.8983,164.9435,164.9749,164.9937,166,166.9936,168.9743,170.9414,171.8952,173.8344,175.7588,177.668,179.5615,181.439,183.2998,186.1391,186.9701,184.8044,180.6434,176.4772,174.2872,171.0997,167.907,164.7097,161.5085,160.2705,158.042,157.7679,157.4818,157.1837,156.8736,156.5516,156.2176,156.8399,156.48,156.1081,156.6857,156.2876,155.8777,155.4559,155.9733,156.4734
23.93777,22.45051,20.83966,19.35775,17.76984,16.29378,14.72932,13.25959,11.71909,10.25615,8.792441,7.284438,5.828216,4.319196,2.879647,1.439878,0,-1.457331,-2.949457,-4.476258,-6.002713,-7.589773,-9.211128,-10.86664,-12.55617,-14.27956,-16.03666,-17.92316,-19.65135,-21.0558,-22.18022,-23.23366,-24.49447,-25.57103,-26.59386,-27.56295,-28.4783,-29.70439,-30.72025,-32.09824,-33.47378,-34.84678,-36.21712,-37.5847,-38.94943,-40.56156,-41.92869,-43.29262,-44.92889,-46.2945,-47.65659,-49.01505,-50.67879,-52.35527
170.3261,170.5285,169.7254,169.9008,169.0687,169.2174,168.3569,168.479,167.5908,167.6866,167.7698,166.8411,166.8983,165.9431,164.9749,164.9937,166,166.9936,168.9743,169.9417,171.8952,173.8344,175.7588,177.668,178.564,181.439,183.2998,186.1391,186.9701,184.8044,179.6509,176.4772,173.2969,170.1107,167.907,165.696,162.4933,160.2705,158.042,157.7679,157.4818,157.1837,156.8736,157.5239,157.1879,156.8399,156.48,156.1081,156.6857,156.2876,155.8777,155.4559,155.9733,156.4734
23.93777,22.45051,20.83966,19.35775,17.76984,16.29378,14.72932,13.25959,11.71909,10.25615,8.792441,7.284438,5.828216,4.345373,2.879647,1.439878,0,-1.457331,-2.949457,-4.450081,-6.002713,-7.589773,-9.211128,-10.86664,-12.48641,-14.27956,-16.03666,-17.92316,-19.65135,-21.0558,-22.05835,-23.23366,-24.35529,-25.42322,-26.59386,-27.728,-28.65195,-29.70439,-30.72025,-32.09824,-33.47378,-34.84678,-36.21712,-37.81815,-39.19135,-40.56156,-41.92869,-43.29262,-44.92889,-46.2945,-47.65659,-49.01505,-50.67879,-52.35527
170.3261,170.5285,169.7254,169.9008,169.0687,169.2174,168.3569,167.4821,168.5883,165.6904,167.7698,166.8411,166.8983,164.9435,165.9747,164.9937,166,166.9936,168.9743,170.9414,171.8952,173.8344,175.7588,177.668,178.564,181.439,183.2998,186.1391,186.9701,183.8108,180.6434,176.4772,174.2872,170.1107,167.907,164.7097,161.5085,160.2705,158.042,157.7679,157.4818,157.1837,156.8736,156.5516,156.2176,156.8399,156.48,156.1081,156.6857,156.2876,155.8777,155.4559,155.9733,156.4734
23.93777,22.45051,20.83966,19.35775,17.76984,16.29378,14.72932,13.18113,11.78884,10.13406,8.792441,7.284438,5.828216,4.319196,2.897099,1.439878,0,-1.457331,-2.949457,-4.476258,-6.002713,-7.589773,-9.211128,-10.86664,-12.48641,-14.27956,-16.03666,-17.92316,-19.65135,-20.94259,-22.18022,-23.23366,-24.49447,-25.42322,-26.59386,-27.56295,-28.4783,-29.70439,-30.72025,-32.09824,-33.47378,-34.84678,-36.21712,-37.5847,-38.94943,-40.56156,-41.92869,-43.29262,-44.92889,-46.2945,-47.65659,-49.01505,-50.67879,-52.35527
170.3261,170.5285,169.7254,169.9008,169.0687,169.2174,168.3569,168.479,167.5908,167.6866,166.7711,165.842,165.8989,164.9435,164.9749,164.9937,166,166.9936,168.9743,170.9414,171.8952,173.8344,175.7588,177.668,179.5615,181.439,183.2998,186.1391,186.9701,184.8044,180.6434,176.4772,174.2872,170.1107,167.907,165.696,161.5085,160.2705,158.042,157.7679,157.4818,157.1837,156.8736,156.5516,157.1879,156.8399,156.48,156.1081,156.6857,156.2876,155.8777,155.4559,155.9733,156.4734
23.93777,22.45051,20.83966,19.35775,17.76984,16.29378,14.72932,13.25959,11.71909,10.25615,8.740105,7.240818,5.793316,4.319196,2.879647,1.439878,0,-1.457331,-2.949457,-4.476258,-6.002713,-7.589773,-9.211128,-10.86664,-12.55617,-14.27956,-16.03666,-17.92316,-19.65135,-21.0558,-22.18022,-23.23366,-24.49447,-25.42322,-26.59386,-27.728,-28.4783,-29.70439,-30.72025,-32.09824,-33.47378,-34.84678,-36.21712,-37.5847,-39.19135,-40.56156,-41.92869,-43.29262,-44.92889,-46.2945,-47.65659,-49.01505,-50.67879,-52.35527
169.3358,170.5285,169.7254,169.9008,169.0687,169.2174,168.3569,168.479,167.5908,167.6866,166.7711,165.842,165.8989,164.9435,164.9749,164.9937,166,166.9936,168.9743,170.9414,171.8952,173.8344,175.7588,177.668,179.5615,181.439,183.2998,185.1437,186.9701,184.8044,180.6434,176.4772,173.2969,171.0997,167.907,164.7097,161.5085,160.2705,158.042,156.788,157.4818,157.1837,156.8736,157.5239,156.2176,156.8399,156.48,156.1081,156.6857,156.2876,155.8777,155.4559,155.9733,156.4734
23.7986,22.45051,20.83966,19.35775,17.76984,16.29378,14.72932,13.25959,11.71909,10.25615,8.740105,7.240818,5.793316,4.319196,2.879647,1.439878,0,-1.457331,-2.949457,-4.476258,-6.002713,-7.589773,-9.211128,-10.86664,-12.55617,-14.27956,-16.03666,-17.82731,-19.65135,-21.0558,-22.18022,-23.23366,-24.35529,-25.57103,-26.59386,-27.56295,-28.4783,-29.70439,-30.72025,-31.89887,-33.47378,-34.84678,-36.21712,-37.81815,-38.94943,-40.56156,-41.92869,-43.29262,-44.92889,-46.2945,-47.65659,-49.01505,-50.67879,-52.35527
170.3261,170.5285,169.7254,169.9008,169.0687,169.2174,168.3569,168.479,167.5908,167.6866,166.7711,165.842,165.8989,165.9431,164.9749,164.9937,166,166.9936,168.9743,170.9414,171.8952,173.8344,175.7588,177.668,178.564,181.439,183.2998,185.1437,186.9701,184.8044,180.6434,176.4772,173.2969,170.1107,167.907,164.7097,161.5085,160.2705,158.042,157.7679,157.4818,157.1837,156.8736,156.5516,157.1879,156.8399,156.48,156.1081,156.6857,156.2876,155.8777,155.4559,155.9733,156.4734
23.93777,22.45051,20.83966,19.35775,17.76984,16.29378,14.72932,13.25959,11.71909,10.25615,8.740105,7.240818,5.793316,4.345373,2.879647,1.439878,0,-1.457331,-2.949457,-4.476258,-6.002713,-7.589773,-9.211128,-10.86664,-12.48641,-14.27956,-16.03666,-17.82731,-19.65135,-21.0558,-22.18022,-23.23366,-24.35529,-25.42322,-26.59386,-27.56295,-28.4783,-29.70439,-30.72025,-32.09824,-33.47378,-34.84678,-36.21712,-37.5847,-39.19135,-40.56156,-41.92869,-43.29262,-44.92889,-46.2945,-47.65659,-49.01505,-50.67879,-52.35527
170.3261,170.5285,169.7254,169.9008,169.0687,169.2174,168.3569,168.479,167.5908,167.6866,166.7711,166.8411,165.8989,164.9435,165.9747,164.9937,166,166.9936,169.9741,170.9414,170.8958,173.8344,174.7602,177.668,178.564,181.439,183.2998,186.1391,186.9701,184.8044,179.6509,176.4772,174.2872,171.0997,167.907,164.7097,162.4933,160.2705,158.042,157.7679,157.4818,157.1837,156.8736,156.5516,157.1879,156.8399,156.48,157.0718,156.6857,156.2876,155.8777,155.4559,155.9733,156.4734
23.93777,22.45051,20.83966,19.35775,17.76984,16.29378,14.72932,13.25959,11.71909,10.25615,8.740105,7.284438,5.793316,4.319196,2.897099,1.439878,0,-1.457331,-2.966909,-4.476258,-5.967814,-7.589773,-9.158792,-10.86664,-12.48641,-14.27956,-16.03666,-17.92316,-19.65135,-21.0558,-22.05835,-23.23366,-24.49447,-25.57103,-26.59386,-27.56295,-28.65195,-29.70439,-30.72025,-32.09824,-33.47378,-34.84678,-36.21712,-37.5847,-39.19135,-40.56156,-41.92869,-43.55986,-44.92889,-46.2945,-47.65659,-49.01505,-50.67879,-52.35527
170.3261,170.5285,169.7254,168.9072,169.0687,169.2174,168.3569,167.4821,167.5908,168.6848,167.7698,165.842,166.8983,165.9431,165.9747,164.9937,166,166.9936,168.9743,170.9414,171.8952,173.8344,175.7588,177.668,178.564,181.439,183.2998,186.1391,186.9701,183.8108,180.6434,176.4772,174.2872,171.0997,167.907,165.696,162.4933,160.2705,158.042,157.7679,157.4818,157.1837,156.8736,156.5516,157.1879,156.8399,156.48,156.1081,156.6857,156.2876,155.8777,155.4559,155.9733,156.4734
23.93777,22.45051,20.83966,19.24455,17.76984,16.29378,14.72932,13.18113,11.71909,10.3172,8.792441,7.240818,5.828216,4.345373,2.897099,1.439878,0,-1.457331,-2.949457,-4.476258,-6.002713,-7.589773,-9.211128,-10.86664,-12.48641,-14.27956,-16.03666,-17.92316,-19.65135,-20.94259,-22.18022,-23.23366,-24.49447,-25.57103,-26.59386,-27.728,-28.65195,-29.70439,-30.72025,-32.09824,-33.47378,-34.84678,-36.21712,-37.5847,-39.19135,-40.56156,-41.92869,-43.29262,-44.92889,-46.2945,-47.65659,-49.01505,-50.67879,-52.35527
170.3261,170.5285,169.7254,169.9008,169.0687,168.222,168.3569,167.4821,167.5908,167.6866,166.7711,166.8411,165.8989,165.9431,165.9747,164.9937,166,166.9936,168.9743,170.9414,171.8952,173.8344,175.7588,177.668,179.5615,181.439,183.2998,186.1391,187.9646,184.8044,180.6434,176.4772,174.2872,171.0997,167.907,165.696,161.5085,160.2705,158.042,157.7679,157.4818,157.1837,156.8736,156.5516,157.1879,156.8399,156.48,157.0718,155.7244,156.2876,155.8777,155.4559,155.9733,156.4734
23.93777,22.45051,20.83966,19.35775,17.76984,16.19793,14.72932,13.18113,11.71909,10.25615,8.740105,7.284438,5.793316,4.345373,2.897099,1.439878,0,-1.457331,-2.949457,-4.476258,-6.002713,-7.589773,-9.211128,-10.86664,-12.55617,-14.27956,-16.03666,-17.92316,-19.75588,-21.0558,-22.18022,-23.23366,-24.49447,-25.57103,-26.59386,-27.728,-28.4783,-29.70439,-30.72025,-32.09824,-33.47378,-34.84678,-36.21712,-37.5847,-39.19135,-40.56156,-41.92869,-43.55986,-44.65325,-46.2945,-47.65659,-49.01505,-50.67879,-52.35527
170.3261,170.5285,169.7254,169.9008,169.0687,169.2174,168.3569,168.479,167.5908,167.6866,167.7698,166.8411,165.8989,164.9435,165.9747,164.9937,166,166.9936,168.9743,170.9414,171.8952,173.8344,175.7588,177.668,178.564,181.439,183.2998,186.1391,186.9701,184.8044,180.6434,176.4772,174.2872,169.1217,167.907,164.7097,161.5085,160.2705,158.042,157.7679,157.4818,157.1837,156.8736,156.5516,157.1879,156.8399,156.48,156.1081,156.6857,156.2876,155.8777,155.4559,155.9733,156.4734
23.93777,22.45051,20.83966,19.35775,17.76984,16.29378,14.72932,13.25959,11.71909,10.25615,8.792441,7.284438,5.793316,4.319196,2.897099,1.439878,0,-1.457331,-2.949457,-4.476258,-6.002713,-7.589773,-9.211128,-10.86664,-12.48641,-14.27956,-16.03666,-17.92316,-19.65135,-21.0558,-22.18022,-23.23366,-24.49447,-25.27541,-26.59386,-27.56295,-28.4783,-29.70439,-30.72025,-32.09824,-33.47378,-34.84678,-36.21712,-37.5847,-39.19135,-40.56156,-41.92869,-43.29262,-44.92889,-46.2945,-47.65659,-49.01505,-50.67879,-52.35527
169.3358,170.5285,169.7254,169.9008,169.0687,169.2174,168.3569,168.479,167.5908,167.6866,166.7711,166.8411,165.8989,164.9435,165.9747,164.9937,166,167.9936,168.9743,170.9414,171.8952,173.8344,175.7588,177.668,178.564,181.439,183.2998,186.1391,186.9701,184.8044,179.6509,176.4772,174.2872,170.1107,167.907,164.7097,161.5085,160.2705,158.042,157.7679,157.4818,157.1837,156.8736,156.5516,156.2176,156.8399,156.48,156.1081,155.7244,156.2876,155.8777,155.4559,155.9733,156.4734
23.7986,22.45051,20.83966,19.35775,17.76984,16.29378,14.72932,13.25959,11.71909,10.25615,8.740105,7.284438,5.793316,4.319196,2.897099,1.439878,0,-1.466058,-2.949457,-4.476258,-6.002713,-7.589773,-9.211128,-10.86664,-12.48641,-14.27956,-16.03666,-17.92316,-19.65135,-21.0558,-22.05835,-23.23366,-24.49447,-25.42322,-26.59386,-27.56295,-28.4783,-29.70439,-30.72025,-32.09824,-33.47378,-34.84678,-36.21712,-37.5847,-38.94943,-40.56156,-41.92869,-43.29262,-44.65325,-46.2945,-47.65659,-49.01505,-50.67879,-52.35527
169.3358,170.5285,169.7254,169.9008,169.0687,169.2174,168.3569,167.4821,167.5908,167.6866,167.7698,166.8411,164.8995,165.9431,164.9749,164.9937,166,166.9936,168.9743,170.9414,171.8952,173.8344,175.7588,177.668,178.564,181.439,183.2998,185.1437,186.9701,184.8044,179.6509,176.4772,173.2969,170.1107,167.907,165.696,161.5085,160.2705,158.042,157.7679,157.4818,157.1837,156.8736,156.5516,157.1879,156.8399,156.48,156.1081,156.6857,156.2876,155.8777,155.4559,155.9733,156.4734
23.7986,22.45051,20.83966,19.35775,17.76984,16.29378,14.72932,13.18113,11.71909,10.25615,8.792441,7.284438,5.758417,4.345373,2.879647,1.439878,0,-1.457331,-2.949457,-4.476258,-6.002713,-7.589773,-9.211128,-10.86664,-12.48641,-14.27956,-16.03666,-17.82731,-19.65135,-21.0558,-22.05835,-23.23366,-24.35529,-25.42322,-26.59386,-27.728,-28.4783,-29.70439,-30.72025,-32.09824,-33.47378,-34.84678,-36.21712,-37.5847,-39.19135,-40.56156,-41.92869,-43.29262,-44.92889,-46.2945,-47.65659,-49.01505,-50.67879,-52.35527
170.3261,170.5285,169.7254,169.9008,169.0687,169.2174,168.3569,168.479,167.5908,166.6885,166.7711,165.842,165.8989,164.9435,164.9749,164.9937,166,166.9936,168.9743,170.9414,171.8952,173.8344,175.7588,178.6661,179.5615,181.439,183.2998,185.1437,186.9701,184.8044,180.6434,176.4772,173.2969,170.1107,167.907,165.696,161.5085,160.2705,158.042,157.7679,157.4818,157.1837,156.8736,157.5239,157.1879,156.8399,156.48,156.1081,156.6857,156.2876,155.8777,155.4559,155.9733,156.4734
23.93777,22.45051,20.83966,19.35775,17.76984,16.29378,14.72932,13.25959,11.71909,10.19511,8.740105,7.240818,5.793316,4.319196,2.879647,1.439878,0,-1.457331,-2.949457,-4.476258,-6.002713,-7.589773,-9.211128,-10.92769,-12.55617,-14.27956,-16.03666,-17.82731,-19.65135,-21.0558,-22.18022,-23.23366,-24.35529,-25.42322,-26.59386,-27.728,-28.4783,-29.70439,-30.72025,-32.09824,-33.47378,-34.84678,-36.21712,-37.81815,-39.19135,-40.56156,-41.92869,-43.29262,-44.92889,-46.2945,-47.65659,-49.01505,-50.67879,-52.35527
169.3358,170.5285,169.7254,169.9008,169.0687,169.2174,168.3569,168.479,167.5908,167.6866,167.7698,166.8411,165.8989,164.9435,165.9747,164.9937,166,166.9936,168.9743,170.9414,171.8952,173.8344,175.7588,177.668,178.564,181.439,183.2998,186.1391,186.9701,184.8044,180.6434,176.4772,173.2969,171.0997,167.907,165.696,162.4933,159.2873,158.042,157.7679,157.4818,157.1837,156.8736,156.5516,157.1879,156.8399,156.48,156.1081,155.7244,156.2876,155.8777,155.4559,155.9733,156.4734
23.7986,22.45051,20.83966,19.35775,17.76984,16.29378,14.72932,13.25959,11.71909,10.25615,8.792441,7.284438,5.793316,4.319196,2.897099,1.439878,0,-1.457331,-2.949457,-4.476258,-6.002713,-7.589773,-9.211128,-10.86664,-12.48641,-14.27956,-16.03666,-17.92316,-19.65135,-21.0558,-22.18022,-23.23366,-24.35529,-25.57103,-26.59386,-27.728,-28.65195,-29.52216,-30.72025,-32.09824,-33.47378,-34.84678,-36.21712,-37.5847,-39.19135,-40.56156,-41.92869,-43.29262,-44.65325,-46.2945,-47.65659,-49.01505,-50.67879,-52.35527
169.3358,170.5285,169.7254,169.9008,169.0687,169.2174,168.3569,167.4821,167.5908,167.6866,166.7711,166.8411,165.8989,165.9431,164.9749,164.9937,166,166.9936,168.9743,170.9414,171.8952,173.8344,175.7588,177.668,179.5615,181.439,184.296,185.1437,186.9701,184.8044,180.6434,176.4772,174.2872,170.1107,167.907,165.696,161.5085,160.2705,158.042,157.7679,157.4818,157.1837,156.8736,156.5516,156.2176,156.8399,156.48,156.1081,155.7244,156.2876,155.8777,155.4559,155.9733,156.4734
23.7986,22.45051,20.83966,19.35775,17.76984,16.29378,14.72932,13.18113,11.71909,10.25615,8.740105,7.284438,5.793316,4.345373,2.879647,1.439878,0,-1.457331,-2.949457,-4.476258,-6.002713,-7.589773,-9.211128,-10.86664,-12.55617,-14.27956,-16.12381,-17.82731,-19.65135,-21.0558,-22.18022,-23.23366,-24.49447,-25.42322,-26.59386,-27.728,-28.4783,-29.70439,-30.72025,-32.09824,-33.47378,-34.84678,-36.21712,-37.5847,-38.94943,-40.56156,-41.92869,-43.29262,-44.65325,-46.2945,-47.65659,-49.01505,-50.67879,-52.35527
169.3358,170.5285,169.7254,169.9008,169.0687,169.2174,168.3569,168.479,167.5908,166.6885,167.7698,165.842,165.8989,165.9431,165.9747,164.9937,166,166.9936,168.9743,170.9414,171.8952,173.8344,175.7588,178.6661,178.564,181.439,183.2998,186.1391,186.9701,184.8044,180.6434,176.4772,173.2969,171.0997,167.907,165.696,162.4933,160.2705,158.042,157.7679,157.4818,157.1837,156.8736,156.5516,157.1879,156.8399,156.48,156.1081,156.6857,156.2876,155.8777,155.4559,155.9733,156.4734
23.7986,22.45051,20.83966,19.35775,17.76984,16.29378,14.72932,13.25959,11.71909,10.19511,8.792441,7.240818,5.793316,4.345373,2.897099,1.439878,0,-1.457331,-2.949457,-4.476258,-6.002713,-7.589773,-9.211128,-10.92769,-12.48641,-14.27956,-16.03666,-17.92316,-19.65135,-21.0558,-22.18022,-23.23366,-24.35529,-25.57103,-26.59386,-27.728,-28.65195,-29.70439,-30.72025,-32.09824,-33.47378,-34.84678,-36.21712,-37.5847,-39.19135,-40.56156,-41.92869,-43.29262,-44.92889,-46.2945,-47.65659,-49.01505,-50.67879,-52.35527
