77.73509,78.32181,78.90258,80.24896,80.82318,81.39125,81.95312,82.50875,83.05809,84.40497,84.94678,85.48213,86.01096,86.53325,87.87798,88.3919,89.73775,89.39949,90.74115,91.2325,92.57407,93.05595,93.53074,94.86877,95.33355,95.79107,97.12424,105.5543,113.1578,119.9212,124.9324,124.5568,125.0705,124.6647,124.2422,123.8031,123.3477,123.7999,123.3155,122.8151,123.2326,122.7041,122.16,121.6008,121.9719,121.3854,121.7352,120.1683,120.4944,120.8113,120.1577,120.4538,120.7407,121.0185,122.2573,123.491,124.7194,125.9422,127.1592,129.3501,129.5748,131.7562,133.9339,135.1211,136.301,137.4732,138.6375
67.57408,66.89315,66.20712,66.15213,65.44932,64.74152,64.02879,63.31119,62.58876,62.45639,61.71745,60.97381,60.22553,59.47265,59.27445,58.50532,58.27638,56.95376,56.70136,55.90735,55.62411,54.81414,54,53.67417,52.84425,52.0103,51.64187,54.94808,57.65679,59.79051,60.93359,59.41053,58.32132,56.81297,55.31618,53.83112,52.35797,51.27958,49.82268,48.37816,47.30457,45.87717,44.46262,43.06108,41.99829,40.615,39.55418,37.88893,36.83883,35.78593,34.45467,33.4048,32.35238,31.2975,30.48216,29.64756,28.79373,27.92071,27.02852,26.31657,25.18679,24.41956,23.61615,22.61152,21.58796,20.54551,19.48423
78.4898,78.32181,79.66862,80.24896,80.82318,81.39125,81.95312,83.3021,83.05809,84.40497,84.94678,85.48213,86.01096,87.35738,87.87798,88.3919,88.89908,90.24288,90.74115,91.2325,92.57407,93.05595,93.53074,93.99842,95.33355,96.66988,97.12424,105.5543,113.1578,121.7111,124.9324,123.6542,125.0705,124.6647,124.2422,123.8031,123.3477,123.7999,123.3155,122.8151,122.299,122.7041,122.16,121.6008,121.9719,122.3338,121.7352,121.1221,120.4944,120.8113,120.1577,120.4538,121.7067,121.0185,122.2573,123.491,124.7194,125.9422,127.1592,129.3501,130.5564,131.7562,133.9339,135.1211,136.301,137.4732,138.6375
68.23014,66.89315,66.84991,66.15213,65.44932,64.74152,64.02879,63.91995,62.58876,62.45639,61.71745,60.97381,60.22553,60.03906,59.27445,58.50532,57.73174,57.49106,56.70136,55.90735,55.62411,54.81414,54,53.18174,52.84425,52.48746,51.64187,54.94808,57.65679,60.6829,60.93359,58.98002,58.32132,56.81297,55.31618,53.83112,52.35797,51.27958,49.82268,48.37816,46.9462,45.87717,44.46262,43.06108,41.99829,40.9323,39.55418,38.18964,36.83883,35.78593,34.45467,33.4048,32.6112,31.2975,30.48216,29.64756,28.79373,27.92071,27.02852,26.31657,25.3776,24.41956,23.61615,22.61152,21.58796,20.54551,19.48423
78.4898,78.32181,78.90258,79.47733,80.82318,81.39125,81.95312,82.50875,83.05809,83.60111,84.94678,85.48213,86.01096,87.35738,87.87798,88.3919,88.89908,90.24288,90.74115,91.2325,92.57407,93.05595,93.53074,93.99842,95.33355,96.66988,97.12424,105.5543,112.2668,121.7111,125.8312,124.5568,125.0705,124.6647,124.2422,124.7202,123.3477,123.7999,123.3155,123.7455,123.2326,122.7041,122.16,121.6008,121.0264,121.3854,121.7352,121.1221,120.4944,120.8113,120.1577,120.4538,121.7067,121.0185,122.2573,123.491,124.7194,126.9185,128.1373,129.3501,130.5564,131.7562,132.949,135.1211,137.2887,137.4732,138.6375
68.23014,66.89315,66.20712,65.51606,65.44932,64.74152,64.02879,63.31119,62.58876,61.86157,61.71745,60.97381,60.22553,60.03906,59.27445,58.50532,57.73174,57.49106,56.70136,55.90735,55.62411,54.81414,54,53.18174,52.84425,52.48746,51.64187,54.94808,57.2028,60.6829,61.37196,59.41053,58.32132,56.81297,55.31618,54.22987,52.35797,51.27958,49.82268,48.74466,47.30457,45.87717,44.46262,43.06108,41.67272,40.615,39.55418,38.18964,36.83883,35.78593,34.45467,33.4048,32.6112,31.2975,30.48216,29.64756,28.79373,28.13715,27.23643,26.31657,25.3776,24.41956,23.4425,22.61152,21.74439,20.54551,19.48423
78.4898,78.32181,78.90258,80.24896,80.82318,81.39125,81.95312,83.3021,83.85673,84.40497,84.94678,85.48213,86.83012,87.35738,87.87798,88.3919,89.73775,90.24288,90.74115,91.2325,91.7169,93.05595,93.53074,94.86877,95.33355,95.79107,97.12424,105.5543,113.1578,121.7111,124.9324,123.6542,125.0705,124.6647,125.1557,123.8031,124.2682,123.7999,123.3155,122.8151,122.299,122.7041,122.16,121.6008,121.9719,121.3854,120.7842,121.1221,120.4944,120.8113,120.1577,120.4538,121.7067,121.9866,122.2573,123.491,124.7194,125.9422,128.1373,129.3501,130.5564,131.7562,132.949,135.1211,136.301,137.4732,138.6375
68.23014,66.89315,66.20712,66.15213,65.44932,64.74152,64.02879,63.91995,63.19058,62.45639,61.71745,60.97381,60.7991,60.03906,59.27445,58.50532,58.27638,57.49106,56.70136,55.90735,55.10907,54.81414,54,53.67417,52.84425,52.0103,51.64187,54.94808,57.65679,60.6829,60.93359,58.98002,58.32132,56.81297,55.72292,53.83112,52.7487,51.27958,49.82268,48.37816,46.9462,45.87717,44.46262,43.06108,41.99829,40.615,39.24516,38.18964,36.83883,35.78593,34.45467,33.4048,32.6112,31.54788,30.48216,29.64756,28.79373,27.92071,27.23643,26.31657,25.3776,24.41956,23.4425,22.61152,21.58796,20.54551,19.48423
77.73509,78.32181,79.66862,80.24896,80.82318,81.39125,81.95312,83.3021,83.85673,84.40497,84.94678,85.48213,86.01096,86.53325,87.87798,88.3919,88.89908,89.39949,90.74115,91.2325,92.57407,93.05595,93.53074,94.86877,95.33355,96.66988,97.12424,105.5543,113.1578,120.8161,124.9324,123.6542,124.1642,124.6647,124.2422,123.8031,124.2682,123.7999,123.3155,122.8151,122.299,122.7041,122.16,121.6008,121.9719,121.3854,121.7352,121.1221,120.4944,120.8113,120.1577,120.4538,120.7407,121.0185,122.2573,123.491,124.7194,126.9185,128.1373,128.3701,130.5564,131.7562,132.949,135.1211,136.301,137.4732,138.6375
67.57408,66.89315,66.84991,66.15213,65.44932,64.74152,64.02879,63.91995,63.19058,62.45639,61.71745,60.97381,60.22553,59.47265,59.27445,58.50532,57.73174,56.95376,56.70136,55.90735,55.62411,54.81414,54,53.67417,52.84425,52.48746,51.64187,54.94808,57.65679,60.2367,60.93359,58.98002,57.8987,56.81297,55.31618,53.83112,52.7487,51.27958,49.82268,48.37816,46.9462,45.87717,44.46262,43.06108,41.99829,40.615,39.55418,38.18964,36.83883,35.78593,34.45467,33.4048,32.35238,31.2975,30.48216,29.64756,28.79373,28.13715,27.23643,26.1172,25.3776,24.41956,23.4425,22.61152,21.58796,20.54551,19.48423
78.4898,78.32181,78.90258,80.24896,80.82318,81.39125,81.95312,82.50875,83.85673,84.40497,84.94678,85.48213,86.83012,87.35738,87.87798,88.3919,89.73775,90.24288,90.74115,91.2325,91.7169,93.05595,93.53074,94.86877,95.33355,95.79107,97.12424,105.5543,113.1578,121.7111,124.9324,124.5568,125.0705,124.6647,124.2422,124.7202,124.2682,123.7999,123.3155,123.7455,122.299,122.7041,122.16,122.5434,121.9719,121.3854,121.7352,121.1221,120.4944,120.8113,120.1577,120.4538,121.7067,121.0185,122.2573,123.491,124.7194,125.9422,128.1373,129.3501,130.5564,132.7394,132.949,135.1211,136.301,137.4732,138.6375
68.23014,66.89315,66.20712,66.15213,65.44932,64.74152,64.02879,63.31119,63.19058,62.45639,61.71745,60.97381,60.7991,60.03906,59.27445,58.50532,58.27638,57.49106,56.70136,55.90735,55.10907,54.81414,54,53.67417,52.84425,52.0103,51.64187,54.94808,57.65679,60.6829,60.93359,59.41053,58.32132,56.81297,55.31618,54.22987,52.7487,51.27958,49.82268,48.74466,46.9462,45.87717,44.46262,43.39489,41.99829,40.615,39.55418,38.18964,36.83883,35.78593,34.45467,33.4048,32.6112,31.2975,30.48216,29.64756,28.79373,27.92071,27.23643,26.31657,25.3776,24.6018,23.4425,22.61152,21.58796,20.54551,19.48423
77.73509,78.32181,78.90258,80.24896,80.82318,81.39125,81.95312,82.50875,83.85673,84.40497,84.94678,85.48213,86.01096,87.35738,87.87798,88.3919,88.89908,90.24288,90.74115,91.2325,91.7169,93.05595,93.53074,94.86877,95.33355,95.79107,97.12424,105.5543,113.1578,120.8161,124.0336,124.5568,125.0705,124.6647,124.2422,123.8031,123.3477,123.7999,123.3155,122.8151,122.299,122.7041,122.16,122.5434,121.9719,121.3854,121.7352,121.1221,120.4944,120.8113,120.1577,120.4538,121.7067,121.0185,122.2573,123.491,124.7194,126.9185,128.1373,129.3501,130.5564,131.7562,132.949,135.1211,136.301,137.4732,138.6375
67.57408,66.89315,66.20712,66.15213,65.44932,64.74152,64.02879,63.31119,63.19058,62.45639,61.71745,60.97381,60.22553,60.03906,59.27445,58.50532,57.73174,57.49106,56.70136,55.90735,55.10907,54.81414,54,53.67417,52.84425,52.0103,51.64187,54.94808,57.65679,60.2367,60.49522,59.41053,58.32132,56.81297,55.31618,53.83112,52.35797,51.27958,49.82268,48.37816,46.9462,45.87717,44.46262,43.39489,41.99829,40.615,39.55418,38.18964,36.83883,35.78593,34.45467,33.4048,32.6112,31.2975,30.48216,29.64756,28.79373,28.13715,27.23643,26.31657,25.3776,24.41956,23.4425,22.61152,21.58796,20.54551,19.48423
77.73509,78.32181,78.90258,80.24896,80.82318,81.39125,81.95312,82.50875,83.85673,84.40497,84.94678,85.48213,86.01096,87.35738,87.87798,88.3919,89.73775,90.24288,90.74115,91.2325,92.57407,93.05595,93.53074,94.86877,95.33355,95.79107,97.12424,105.5543,112.2668,120.8161,124.9324,124.5568,124.1642,124.6647,124.2422,123.8031,123.3477,123.7999,123.3155,122.8151,122.299,121.7674,122.16,121.6008,121.9719,121.3854,121.7352,121.1221,120.4944,120.8113,120.1577,120.4538,121.7067,121.0185,122.2573,123.491,124.7194,125.9422,128.1373,129.3501,130.5564,131.7562,132.949,135.1211,136.301,137.4732,138.6375
67.57408,66.89315,66.20712,66.15213,65.44932,64.74152,64.02879,63.31119,63.19058,62.45639,61.71745,60.97381,60.22553,60.03906,59.27445,58.50532,58.27638,57.49106,56.70136,55.90735,55.62411,54.81414,54,53.67417,52.84425,52.0103,51.64187,54.94808,57.2028,60.2367,60.93359,59.41053,57.8987,56.81297,55.31618,53.83112,52.35797,51.27958,49.82268,48.37816,46.9462,45.52696,44.46262,43.06108,41.99829,40.615,39.55418,38.18964,36.83883,35.78593,34.45467,33.4048,32.6112,31.2975,30.48216,29.64756,28.79373,27.92071,27.23643,26.31657,25.3776,24.41956,23.4425,22.61152,21.58796,20.54551,19.48423
77.73509,78.32181,78.90258,79.47733,80.82318,81.39125,81.95312,82.50875,83.85673,84.40497,84.94678,85.48213,86.83012,87.35738,87.87798,88.3919,88.89908,90.24288,90.74115,91.2325,92.57407,93.05595,93.53074,93.99842,95.33355,95.79107,97.12424,105.5543,112.2668,121.7111,124.0336,124.5568,125.0705,124.6647,124.2422,123.8031,124.2682,123.7999,123.3155,122.8151,123.2326,122.7041,122.16,121.6008,121.9719,121.3854,121.7352,121.1221,120.4944,120.8113,120.1577,120.4538,121.7067,121.0185,122.2573,123.491,124.7194,125.9422,128.1373,129.3501,130.5564,131.7562,132.949,135.1211,136.301,137.4732,138.6375
67.57408,66.89315,66.20712,65.51606,65.44932,64.74152,64.02879,63.31119,63.19058,62.45639,61.71745,60.97381,60.7991,60.03906,59.27445,58.50532,57.73174,57.49106,56.70136,55.90735,55.62411,54.81414,54,53.18174,52.84425,52.0103,51.64187,54.94808,57.2028,60.6829,60.49522,59.41053,58.32132,56.81297,55.31618,53.83112,52.7487,51.27958,49.82268,48.37816,47.30457,45.87717,44.46262,43.06108,41.99829,40.615,39.55418,38.18964,36.83883,35.78593,34.45467,33.4048,32.6112,31.2975,30.48216,29.64756,28.79373,27.92071,27.23643,26.31657,25.3776,24.41956,23.4425,22.61152,21.58796,20.54551,19.48423
78.4898,78.32181,78.90258,80.24896,80.04603,81.39125,81.95312,82.50875,83.85673,84.40497,84.94678,85.48213,86.01096,86.53325,87.87798,88.3919,89.73775,90.24288,90.74115,91.2325,92.57407,93.05595,93.53074,93.99842,95.33355,95.79107,97.12424,105.5543,113.1578,121.7111,124.9324,123.6542,125.0705,124.6647,124.2422,123.8031,123.3477,123.7999,123.3155,122.8151,123.2326,122.7041,122.16,122.5434,121.9719,121.3854,121.7352,121.1221,120.4944,120.8113,120.1577,119.4902,121.7067,121.0185,122.2573,123.491,124.7194,125.9422,128.1373,129.3501,130.5564,131.7562,132.949,135.1211,136.301,137.4732,138.6375
68.23014,66.89315,66.20712,66.15213,64.82,64.74152,64.02879,63.31119,63.19058,62.45639,61.71745,60.97381,60.22553,59.47265,59.27445,58.50532,58.27638,57.49106,56.70136,55.90735,55.62411,54.81414,54,53.18174,52.84425,52.0103,51.64187,54.94808,57.65679,60.6829,60.93359,58.98002,58.32132,56.81297,55.31618,53.83112,52.35797,51.27958,49.82268,48.37816,47.30457,45.87717,44.46262,43.39489,41.99829,40.615,39.55418,38.18964,36.83883,35.78593,34.45467,33.13756,32.6112,31.2975,30.48216,29.64756,28.79373,27.92071,27.23643,26.31657,25.3776,24.41956,23.4425,22.61152,21.58796,20.54551,19.48423
77.73509,78.32181,79.66862,80.24896,80.82318,81.39125,81.95312,82.50875,83.05809,84.40497,84.94678,85.48213,86.01096,87.35738,87.87798,88.3919,88.89908,90.24288,90.74115,91.2325,92.57407,93.05595,93.53074,94.86877,95.33355,95.79107,96.24129,105.5543,113.1578,120.8161,124.9324,124.5568,125.0705,124.6647,124.2422,123.8031,123.3477,123.7999,123.3155,122.8151,122.299,122.7041,122.16,121.6008,121.9719,121.3854,121.7352,121.1221,120.4944,120.8113,120.1577,120.4538,121.7067,121.0185,122.2573,123.491,124.7194,126.9185,127.1592,129.3501,130.5564,131.7562,132.949,135.1211,136.301,137.4732,138.6375
67.57408,66.89315,66.84991,66.15213,65.44932,64.74152,64.02879,63.31119,62.58876,62.45639,61.71745,60.97381,60.22553,60.03906,59.27445,58.50532,57.73174,57.49106,56.70136,55.90735,55.62411,54.81414,54,53.67417,52.84425,52.0103,51.1724,54.94808,57.65679,60.2367,60.93359,59.41053,58.32132,56.81297,55.31618,53.83112,52.35797,51.27958,49.82268,48.37816,46.9462,45.87717,44.46262,43.06108,41.99829,40.615,39.55418,38.18964,36.83883,35.78593,34.45467,33.4048,32.6112,31.2975,30.48216,29.64756,28.79373,28.13715,27.02852,26.31657,25.3776,24.41956,23.4425,22.61152,21.58796,20.54551,19.48423
77.73509,78.32181,78.90258,79.47733,80.82318,81.39125,81.95312,82.50875,83.05809,84.40497,84.94678,85.48213,86.01096,87.35738,87.87798,88.3919,88.89908,90.24288,89.8931,91.2325,91.7169,93.05595,93.53074,93.99842,95.33355,95.79107,97.12424,105.5543,113.1578,121.7111,124.9324,124.5568,125.0705,124.6647,124.2422,123.8031,123.3477,123.7999,123.3155,122.8151,122.299,122.7041,122.16,121.6008,121.9719,121.3854,121.7352,121.1221,120.4944,120.8113,120.1577,120.4538,121.7067,121.0185,122.2573,123.491,124.7194,126.9185,128.1373,129.3501,130.5564,131.7562,132.949,135.1211,136.301,137.4732,138.6375
67.57408,66.89315,66.20712,65.51606,65.44932,64.74152,64.02879,63.31119,62.58876,62.45639,61.71745,60.97381,60.22553,60.03906,59.27445,58.50532,57.73174,57.49106,56.17144,55.90735,55.10907,54.81414,54,53.18174,52.84425,52.0103,51.64187,54.94808,57.65679,60.6829,60.93359,59.41053,58.32132,56.81297,55.31618,53.83112,52.35797,51.27958,49.82268,48.37816,46.9462,45.87717,44.46262,43.06108,41.99829,40.615,39.55418,38.18964,36.83883,35.78593,34.45467,33.4048,32.6112,31.2975,30.48216,29.64756,28.79373,28.13715,27.23643,26.31657,25.3776,24.41956,23.4425,22.61152,21.58796,20.54551,19.48423
77.73509,78.32181,79.66862,80.24896,80.82318,81.39125,81.95312,82.50875,83.05809,84.40497,84.94678,85.48213,86.01096,87.35738,87.87798,88.3919,88.89908,90.24288,90.74115,91.2325,92.57407,93.05595,93.53074,94.86877,95.33355,95.79107,97.12424,105.5543,113.1578,120.8161,124.0336,123.6542,124.1642,124.6647,124.2422,123.8031,123.3477,123.7999,123.3155,122.8151,123.2326,122.7041,122.16,121.6008,121.9719,121.3854,121.7352,121.1221,121.4507,120.8113,120.1577,120.4538,121.7067,121.0185,122.2573,123.491,124.7194,126.9185,128.1373,129.3501,130.5564,131.7562,133.9339,135.1211,136.301,137.4732,138.6375
67.57408,66.89315,66.84991,66.15213,65.44932,64.74152,64.02879,63.31119,62.58876,62.45639,61.71745,60.97381,60.22553,60.03906,59.27445,58.50532,57.73174,57.49106,56.70136,55.90735,55.62411,54.81414,54,53.67417,52.84425,52.0103,51.64187,54.94808,57.65679,60.2367,60.49522,58.98002,57.8987,56.81297,55.31618,53.83112,52.35797,51.27958,49.82268,48.37816,47.30457,45.87717,44.46262,43.06108,41.99829,40.615,39.55418,38.18964,37.13121,35.78593,34.45467,33.4048,32.6112,31.2975,30.48216,29.64756,28.79373,28.13715,27.23643,26.31657,25.3776,24.41956,23.61615,22.61152,21.58796,20.54551,19.48423
77.73509,78.32181,79.66862,80.24896,80.82318,81.39125,81.95312,82.50875,83.85673,84.40497,84.94678,85.48213,86.01096,87.35738,87.87798,88.3919,89.73775,90.24288,90.74115,91.2325,92.57407,93.05595,93.53074,94.86877,95.33355,96.66988,97.12424,105.5543,112.2668,121.7111,124.0336,123.6542,124.1642,125.5747,124.2422,124.7202,123.3477,123.7999,123.3155,122.8151,122.299,122.7041,122.16,121.6008,121.9719,121.3854,121.7352,121.1221,120.4944,120.8113,121.119,120.4538,121.7067,121.0185,122.2573,123.491,124.7194,125.9422,128.1373,129.3501,130.5564,132.7394,132.949,135.1211,136.301,137.4732,138.6375
67.57408,66.89315,66.84991,66.15213,65.44932,64.74152,64.02879,63.31119,63.19058,62.45639,61.71745,60.97381,60.22553,60.03906,59.27445,58.50532,58.27638,57.49106,56.70136,55.90735,55.62411,54.81414,54,53.67417,52.84425,52.48746,51.64187,54.94808,57.2028,60.6829,60.49522,58.98002,57.8987,57.22767,55.31618,54.22987,52.35797,51.27958,49.82268,48.37816,46.9462,45.87717,44.46262,43.06108,41.99829,40.615,39.55418,38.18964,36.83883,35.78593,34.73031,33.4048,32.6112,31.2975,30.48216,29.64756,28.79373,27.92071,27.23643,26.31657,25.3776,24.6018,23.4425,22.61152,21.58796,20.54551,19.48423
76.98038,78.32181,78.90258,79.47733,80.82318,81.39125,81.95312,82.50875,83.85673,84.40497,84.94678,85.48213,86.01096,87.35738,87.87798,88.3919,88.89908,90.24288,90.74115,91.2325,92.57407,93.05595,93.53074,94.86877,95.33355,97.5487,97.12424,105.5543,112.2668,121.7111,124.9324,124.5568,125.0705,124.6647,125.1557,123.8031,124.2682,123.7999,123.3155,122.8151,122.299,122.7041,122.16,121.6008,121.9719,121.3854,121.7352,121.1221,120.4944,120.8113,120.1577,120.4538,121.7067,121.0185,122.2573,123.491,124.7194,125.9422,128.1373,129.3501,130.5564,131.7562,133.9339,135.1211,137.2887,137.4732,138.6375
66.91802,66.89315,66.20712,65.51606,65.44932,64.74152,64.02879,63.31119,63.19058,62.45639,61.71745,60.97381,60.22553,60.03906,59.27445,58.50532,57.73174,57.49106,56.70136,55.90735,55.62411,54.81414,54,53.67417,52.84425,52.96462,51.64187,54.94808,57.2028,60.6829,60.93359,59.41053,58.32132,56.81297,55.72292,53.83112,52.7487,51.27958,49.82268,48.37816,46.9462,45.87717,44.46262,43.06108,41.99829,40.615,39.55418,38.18964,36.83883,35.78593,34.45467,33.4048,32.6112,31.2975,30.48216,29.64756,28.79373,27.92071,27.23643,26.31657,25.3776,24.41956,23.61615,22.61152,21.74439,20.54551,19.48423
76.98038,78.32181,78.90258,79.47733,80.82318,81.39125,81.95312,82.50875,83.05809,84.40497,84.94678,85.48213,86.01096,87.35738,87.87798,88.3919,89.73775,90.24288,90.74115,91.2325,91.7169,93.05595,93.53074,93.99842,95.33355,96.66988,97.12424,105.5543,112.2668,120.8161,124.9324,124.5568,125.0705,124.6647,124.2422,123.8031,123.3477,122.876,123.3155,122.8151,123.2326,122.7041,122.16,122.5434,121.9719,121.3854,120.7842,121.1221,120.4944,120.8113,120.1577,120.4538,121.7067,121.0185,122.2573,123.491,124.7194,126.9185,128.1373,129.3501,129.5748,131.7562,132.949,135.1211,136.301,137.4732,138.6375
66.91802,66.89315,66.20712,65.51606,65.44932,64.74152,64.02879,63.31119,62.58876,62.45639,61.71745,60.97381,60.22553,60.03906,59.27445,58.50532,58.27638,57.49106,56.70136,55.90735,55.10907,54.81414,54,53.18174,52.84425,52.48746,51.64187,54.94808,57.2028,60.2367,60.93359,59.41053,58.32132,56.81297,55.31618,53.83112,52.35797,50.8969,49.82268,48.37816,47.30457,45.87717,44.46262,43.39489,41.99829,40.615,39.24516,38.18964,36.83883,35.78593,34.45467,33.4048,32.6112,31.2975,30.48216,29.64756,28.79373,28.13715,27.23643,26.31657,25.18679,24.41956,23.4425,22.61152,21.58796,20.54551,19.48423
77.73509,78.32181,79.66862,80.24896,80.82318,81.39125,81.95312,82.50875,83.05809,84.40497,84.94678,85.48213,86.01096,87.35738,88.70702,89.22578,89.73775,90.24288,90.74115,91.2325,92.57407,93.05595,93.53074,93.99842,95.33355,95.79107,97.12424,104.6673,113.1578,120.8161,124.0336,124.5568,125.0705,124.6647,124.2422,123.8031,123.3477,123.7999,123.3155,122.8151,123.2326,122.7041,122.16,121.6008,121.9719,121.3854,121.7352,121.1221,120.4944,120.8113,120.1577,120.4538,120.7407,121.0185,122.2573,123.491,124.7194,125.9422,128.1373,129.3501,130.5564,131.7562,133.9339,135.1211,136.301,137.4732,138.6375
67.57408,66.89315,66.84991,66.15213,65.44932,64.74152,64.02879,63.31119,62.58876,62.45639,61.71745,60.97381,60.22553,60.03906,59.83364,59.05726,58.27638,57.49106,56.70136,55.90735,55.62411,54.81414,54,53.18174,52.84425,52.0103,51.64187,54.48634,57.65679,60.2367,60.49522,59.41053,58.32132,56.81297,55.31618,53.83112,52.35797,51.27958,49.82268,48.37816,47.30457,45.87717,44.46262,43.06108,41.99829,40.615,39.55418,38.18964,36.83883,35.78593,34.45467,33.4048,32.35238,31.2975,30.48216,29.64756,28.79373,27.92071,27.23643,26.31657,25.3776,24.41956,23.61615,22.61152,21.58796,20.54551,19.48423
78.4898,78.32181,79.66862,80.24896,80.82318,81.39125,81.95312,83.3021,83.85673,84.40497,84.94678,85.48213,86.83012,87.35738,87.87798,88.3919,89.73775,90.24288,90.74115,91.2325,92.57407,93.05595,93.53074,94.86877,95.33355,95.79107,97.12424,105.5543,113.1578,121.7111,124.9324,124.5568,125.0705,124.6647,124.2422,123.8031,123.3477,123.7999,123.3155,122.8151,123.2326,122.7041,122.16,122.5434,121.9719,121.3854,121.7352,121.1221,121.4507,120.8113,120.1577,120.4538,121.7067,121.0185,122.2573,123.491,125.6937,125.9422,128.1373,129.3501,130.5564,131.7562,132.949,135.1211,136.301,137.4732,138.6375
68.23014,66.89315,66.84991,66.15213,65.44932,64.74152,64.02879,63.91995,63.19058,62.45639,61.71745,60.97381,60.7991,60.03906,59.27445,58.50532,58.27638,57.49106,56.70136,55.90735,55.62411,54.81414,54,53.67417,52.84425,52.0103,51.64187,54.94808,57.65679,60.6829,60.93359,59.41053,58.32132,56.81297,55.31618,53.83112,52.35797,51.27958,49.82268,48.37816,47.30457,45.87717,44.46262,43.39489,41.99829,40.615,39.55418,38.18964,37.13121,35.78593,34.45467,33.4048,32.6112,31.2975,30.48216,29.64756,29.01869,27.92071,27.23643,26.31657,25.3776,24.41956,23.4425,22.61152,21.58796,20.54551,19.48423
78.4898,78.32181,78.90258,80.24896,80.82318,81.39125,81.95312,83.3021,83.85673,84.40497,84.94678,85.48213,86.01096,87.35738,87.87798,88.3919,88.89908,90.24288,90.74115,91.2325,92.57407,93.05595,93.53074,94.86877,95.33355,95.79107,97.12424,105.5543,113.1578,120.8161,124.0336,124.5568,125.0705,124.6647,125.1557,123.8031,123.3477,123.7999,123.3155,122.8151,123.2326,122.7041,122.16,121.6008,121.9719,121.3854,121.7352,121.1221,121.4507,120.8113,121.119,120.4538,121.7067,121.0185,122.2573,123.491,124.7194,125.9422,128.1373,129.3501,130.5564,131.7562,133.9339,135.1211,136.301,137.4732,138.6375
68.23014,66.89315,66.20712,66.15213,65.44932,64.74152,64.02879,63.91995,63.19058,62.45639,61.71745,60.97381,60.22553,60.03906,59.27445,58.50532,57.73174,57.49106,56.70136,55.90735,55.62411,54.81414,54,53.67417,52.84425,52.0103,51.64187,54.94808,57.65679,60.2367,60.49522,59.41053,58.32132,56.81297,55.72292,53.83112,52.35797,51.27958,49.82268,48.37816,47.30457,45.87717,44.46262,43.06108,41.99829,40.615,39.55418,38.18964,37.13121,35.78593,34.73031,33.4048,32.6112,31.2975,30.48216,29.64756,28.79373,27.92071,27.23643,26.31657,25.3776,24.41956,23.61615,22.61152,21.58796,20.54551,19.48423
78.4898,78.32181,78.90258,80.24896,80.82318,81.39125,81.95312,82.50875,83.85673,84.40497,84.94678,85.48213,86.83012,87.35738,87.87798,88.3919,89.73775,90.24288,90.74115,91.2325,91.7169,93.05595,93.53074,93.99842,95.33355,95.79107,97.12424,105.5543,113.1578,121.7111,124.9324,124.5568,125.0705,124.6647,125.1557,123.8031,123.3477,123.7999,123.3155,122.8151,123.2326,122.7041,122.16,122.5434,121.9719,121.3854,121.7352,121.1221,120.4944,120.8113,120.1577,120.4538,121.7067,121.0185,122.2573,123.491,124.7194,125.9422,128.1373,129.3501,130.5564,131.7562,132.949,135.1211,136.301,137.4732,138.6375
68.23014,66.89315,66.20712,66.15213,65.44932,64.74152,64.02879,63.31119,63.19058,62.45639,61.71745,60.97381,60.7991,60.03906,59.27445,58.50532,58.27638,57.49106,56.70136,55.90735,55.10907,54.81414,54,53.18174,52.84425,52.0103,51.64187,54.94808,57.65679,60.6829,60.93359,59.41053,58.32132,56.81297,55.72292,53.83112,52.35797,51.27958,49.82268,48.37816,47.30457,45.87717,44.46262,43.39489,41.99829,40.615,39.55418,38.18964,36.83883,35.78593,34.45467,33.4048,32.6112,31.2975,30.48216,29.64756,28.79373,27.92071,27.23643,26.31657,25.3776,24.41956,23.4425,22.61152,21.58796,20.54551,19.48423
77.73509,78.32181,78.90258,79.47733,80.82318,81.39125,81.95312,82.50875,83.85673,84.40497,84.94678,85.48213,86.83012,87.35738,87.87798,88.3919,89.73775,89.39949,90.74115,91.2325,92.57407,93.05595,93.53074,94.86877,95.33355,95.79107,97.12424,105.5543,113.1578,121.7111,124.0336,124.5568,125.0705,124.6647,124.2422,123.8031,123.3477,123.7999,123.3155,122.8151,123.2326,122.7041,122.16,122.5434,121.9719,121.3854,121.7352,121.1221,121.4507,120.8113,120.1577,120.4538,121.7067,121.0185,122.2573,123.491,124.7194,126.9185,128.1373,129.3501,130.5564,131.7562,133.9339,135.1211,136.301,137.4732,138.6375
67.57408,66.89315,66.20712,65.51606,65.44932,64.74152,64.02879,63.31119,63.19058,62.45639,61.71745,60.97381,60.7991,60.03906,59.27445,58.50532,58.27638,56.95376,56.70136,55.90735,55.62411,54.81414,54,53.67417,52.84425,52.0103,51.64187,54.94808,57.65679,60.6829,60.49522,59.41053,58.32132,56.81297,55.31618,53.83112,52.35797,51.27958,49.82268,48.37816,47.30457,45.87717,44.46262,43.39489,41.99829,40.615,39.55418,38.18964,37.13121,35.78593,34.45467,33.4048,32.6112,31.2975,30.48216,29.64756,28.79373,28.13715,27.23643,26.31657,25.3776,24.41956,23.61615,22.61152,21.58796,20.54551,19.48423
77.73509,78.32181,79.66862,80.24896,80.82318,81.39125,81.95312,83.3021,83.85673,84.40497,84.94678,85.48213,86.01096,87.35738,87.87798,88.3919,89.73775,90.24288,90.74115,91.2325,92.57407,93.05595,93.53074,94.86877,95.33355,96.66988,97.12424,105.5543,113.1578,121.7111,124.0336,124.5568,125.0705,124.6647,124.2422,123.8031,123.3477,123.7999,123.3155,122.8151,123.2326,121.7674,122.16,122.5434,121.9719,121.3854,121.7352,121.1221,121.4507,120.8113,120.1577,120.4538,121.7067,121.0185,122.2573,123.491,124.7194,125.9422,128.1373,129.3501,130.5564,131.7562,132.949,135.1211,136.301,137.4732,138.6375
67.57408,66.89315,66.84991,66.15213,65.44932,64.74152,64.02879,63.91995,63.19058,62.45639,61.71745,60.97381,60.22553,60.03906,59.27445,58.50532,58.27638,57.49106,56.70136,55.90735,55.62411,54.81414,54,53.67417,52.84425,52.48746,51.64187,54.94808,57.65679,60.6829,60.49522,59.41053,58.32132,56.81297,55.31618,53.83112,52.35797,51.27958,49.82268,48.37816,47.30457,45.52696,44.46262,43.39489,41.99829,40.615,39.55418,38.18964,37.13121,35.78593,34.45467,33.4048,32.6112,31.2975,30.48216,29.64756,28.79373,27.92071,27.23643,26.31657,25.3776,24.41956,23.4425,22.61152,21.58796,20.54551,19.48423
78.4898,78.32181,78.90258,79.47733,80.82318,81.39125,81.95312,82.50875,83.85673,84.40497,84.94678,85.48213,86.01096,87.35738,87.87798,88.3919,89.73775,90.24288,90.74115,91.2325,92.57407,93.05595,93.53074,93.99842,95.33355,95.79107,97.12424,105.5543,113.1578,121.7111,124.9324,124.5568,125.0705,124.6647,124.2422,123.8031,123.3477,123.7999,123.3155,122.8151,122.299,122.7041,122.16,121.6008,121.9719,121.3854,120.7842,121.1221,120.4944,120.8113,120.1577,120.4538,120.7407,121.0185,122.2573,123.491,124.7194,126.9185,128.1373,129.3501,130.5564,131.7562,133.9339,135.1211,136.301,137.4732,138.6375
68.23014,66.89315,66.20712,65.51606,65.44932,64.74152,64.02879,63.31119,63.19058,62.45639,61.71745,60.97381,60.22553,60.03906,59.27445,58.50532,58.27638,57.49106,56.70136,55.90735,55.62411,54.81414,54,53.18174,52.84425,52.0103,51.64187,54.94808,57.65679,60.6829,60.93359,59.41053,58.32132,56.81297,55.31618,53.83112,52.35797,51.27958,49.82268,48.37816,46.9462,45.87717,44.46262,43.06108,41.99829,40.615,39.24516,38.18964,36.83883,35.78593,34.45467,33.4048,32.35238,31.2975,30.48216,29.64756,28.79373,28.13715,27.23643,26.31657,25.3776,24.41956,23.61615,22.61152,21.58796,20.54551,19.48423
78.4898,78.32181,78.90258,80.24896,80.04603,81.39125,81.95312,82.50875,83.05809,84.40497,84.94678,85.48213,86.01096,87.35738,87.87798,89.22578,88.89908,90.24288,90.74115,91.2325,92.57407,92.19432,93.53074,93.99842,95.33355,96.66988,97.12424,104.6673,113.1578,120.8161,124.9324,123.6542,125.0705,124.6647,124.2422,123.8031,124.2682,123.7999,123.3155,122.8151,123.2326,122.7041,122.16,122.5434,121.9719,121.3854,121.7352,121.1221,120.4944,120.8113,120.1577,120.4538,121.7067,121.0185,122.2573,123.491,124.7194,125.9422,128.1373,129.3501,129.5748,132.7394,133.9339,135.1211,136.301,137.4732,138.6375
68.23014,66.89315,66.20712,66.15213,64.82,64.74152,64.02879,63.31119,62.58876,62.45639,61.71745,60.97381,60.22553,60.03906,59.27445,59.05726,57.73174,57.49106,56.70136,55.90735,55.62411,54.3066,54,53.18174,52.84425,52.48746,51.64187,54.48634,57.65679,60.2367,60.93359,58.98002,58.32132,56.81297,55.31618,53.83112,52.7487,51.27958,49.82268,48.37816,47.30457,45.87717,44.46262,43.39489,41.99829,40.615,39.55418,38.18964,36.83883,35.78593,34.45467,33.4048,32.6112,31.2975,30.48216,29.64756,28.79373,27.92071,27.23643,26.31657,25.18679,24.6018,23.61615,22.61152,21.58796,20.54551,19.48423
77.73509,78.32181,79.66862,80.24896,80.04603,81.39125,81.95312,83.3021,83.85673,84.40497,84.94678,85.48213,86.83012,87.35738,87.87798,88.3919,89.73775,90.24288,90.74115,91.2325,92.57407,93.05595,93.53074,94.86877,95.33355,96.66988,97.12424,105.5543,112.2668,121.7111,124.9324,123.6542,125.0705,124.6647,124.2422,123.8031,123.3477,123.7999,123.3155,122.8151,123.2326,122.7041,122.16,122.5434,121.9719,121.3854,121.7352,121.1221,120.4944,120.8113,120.1577,120.4538,121.7067,121.0185,122.2573,123.491,124.7194,126.9185,128.1373,129.3501,130.5564,131.7562,132.949,135.1211,136.301,137.4732,138.6375
67.57408,66.89315,66.84991,66.15213,64.82,64.74152,64.02879,63.91995,63.19058,62.45639,61.71745,60.97381,60.7991,60.03906,59.27445,58.50532,58.27638,57.49106,56.70136,55.90735,55.62411,54.81414,54,53.67417,52.84425,52.48746,51.64187,54.94808,57.2028,60.6829,60.93359,58.98002,58.32132,56.81297,55.31618,53.83112,52.35797,51.27958,49.82268,48.37816,47.30457,45.87717,44.46262,43.39489,41.99829,40.615,39.55418,38.18964,36.83883,35.78593,34.45467,33.4048,32.6112,31.2975,30.48216,29.64756,28.79373,28.13715,27.23643,26.31657,25.3776,24.41956,23.4425,22.61152,21.58796,20.54551,19.48423
77.73509,78.32181,79.66862,80.24896,80.82318,81.39125,81.95312,82.50875,83.85673,84.40497,84.94678,85.48213,86.01096,87.35738,87.87798,89.22578,88.89908,90.24288,90.74115,91.2325,92.57407,93.05595,93.53074,94.86877,95.33355,96.66988,97.12424,105.5543,113.1578,121.7111,124.9324,124.5568,125.0705,124.6647,125.1557,123.8031,123.3477,123.7999,123.3155,122.8151,122.299,122.7041,122.16,122.5434,121.9719,121.3854,121.7352,121.1221,120.4944,120.8113,120.1577,120.4538,121.7067,121.0185,122.2573,124.4633,124.7194,125.9422,128.1373,129.3501,130.5564,131.7562,133.9339,135.1211,136.301,137.4732,138.6375
67.57408,66.89315,66.84991,66.15213,65.44932,64.74152,64.02879,63.31119,63.19058,62.45639,61.71745,60.97381,60.22553,60.03906,59.27445,59.05726,57.73174,57.49106,56.70136,55.90735,55.62411,54.81414,54,53.67417,52.84425,52.48746,51.64187,54.94808,57.65679,60.6829,60.93359,59.41053,58.32132,56.81297,55.72292,53.83112,52.35797,51.27958,49.82268,48.37816,46.9462,45.87717,44.46262,43.39489,41.99829,40.615,39.55418,38.18964,36.83883,35.78593,34.45467,33.4048,32.6112,31.2975,30.48216,29.88101,28.79373,27.92071,27.23643,26.31657,25.3776,24.41956,23.61615,22.61152,21.58796,20.54551,19.48423
77.73509,78.32181,78.90258,79.47733,80.82318,81.39125,81.95312,82.50875,83.85673,84.40497,84.94678,85.48213,86.01096,87.35738,87.87798,88.3919,88.89908,90.24288,90.74115,91.2325,91.7169,92.19432,93.53074,94.86877,95.33355,96.66988,97.12424,105.5543,112.2668,121.7111,124.9324,124.5568,125.0705,124.6647,124.2422,123.8031,123.3477,123.7999,123.3155,122.8151,122.299,122.7041,123.0997,121.6008,121.9719,121.3854,121.7352,121.1221,120.4944,120.8113,120.1577,120.4538,120.7407,121.0185,122.2573,123.491,124.7194,126.9185,127.1592,129.3501,129.5748,131.7562,133.9339,135.1211,136.301,137.4732,138.6375
67.57408,66.89315,66.20712,65.51606,65.44932,64.74152,64.02879,63.31119,63.19058,62.45639,61.71745,60.97381,60.22553,60.03906,59.27445,58.50532,57.73174,57.49106,56.70136,55.90735,55.10907,54.3066,54,53.67417,52.84425,52.48746,51.64187,54.94808,57.2028,60.6829,60.93359,59.41053,58.32132,56.81297,55.31618,53.83112,52.35797,51.27958,49.82268,48.37816,46.9462,45.87717,44.80464,43.06108,41.99829,40.615,39.55418,38.18964,36.83883,35.78593,34.45467,33.4048,32.35238,31.2975,30.48216,29.64756,28.79373,28.13715,27.02852,26.31657,25.18679,24.41956,23.61615,22.61152,21.58796,20.54551,19.48423
77.73509,78.32181,79.66862,79.47733,80.04603,81.39125,81.95312,82.50875,83.05809,84.40497,84.94678,85.48213,86.01096,87.35738,87.87798,88.3919,89.73775,90.24288,90.74115,91.2325,91.7169,93.05595,93.53074,94.86877,95.33355,95.79107,97.12424,104.6673,112.2668,120.8161,124.9324,124.5568,124.1642,124.6647,124.2422,123.8031,123.3477,123.7999,123.3155,122.8151,123.2326,122.7041,122.16,121.6008,121.9719,121.3854,121.7352,121.1221,120.4944,120.8113,120.1577,120.4538,121.7067,121.0185,122.2573,123.491,124.7194,125.9422,128.1373,128.3701,129.5748,131.7562,133.9339,135.1211,136.301,137.4732,138.6375
67.57408,66.89315,66.84991,65.51606,64.82,64.74152,64.02879,63.31119,62.58876,62.45639,61.71745,60.97381,60.22553,60.03906,59.27445,58.50532,58.27638,57.49106,56.70136,55.90735,55.10907,54.81414,54,53.67417,52.84425,52.0103,51.64187,54.48634,57.2028,60.2367,60.93359,59.41053,57.8987,56.81297,55.31618,53.83112,52.35797,51.27958,49.82268,48.37816,47.30457,45.87717,44.46262,43.06108,41.99829,40.615,39.55418,38.18964,36.83883,35.78593,34.45467,33.4048,32.6112,31.2975,30.48216,29.64756,28.79373,27.92071,27.23643,26.1172,25.18679,24.41956,23.61615,22.61152,21.58796,20.54551,19.48423
78.4898,78.32181,78.90258,80.24896,80.82318,81.39125,81.95312,82.50875,83.05809,84.40497,84.94678,85.48213,86.83012,87.35738,87.87798,88.3919,88.89908,90.24288,90.74115,91.2325,92.57407,93.05595,93.53074,94.86877,95.33355,95.79107,97.12424,105.5543,113.1578,120.8161,125.8312,124.5568,125.0705,125.5747,124.2422,123.8031,123.3477,123.7999,123.3155,122.8151,122.299,122.7041,122.16,121.6008,121.9719,121.3854,121.7352,121.1221,120.4944,120.8113,120.1577,120.4538,121.7067,121.0185,122.2573,123.491,124.7194,125.9422,128.1373,129.3501,130.5564,131.7562,133.9339,135.1211,136.301,137.4732,138.6375
68.23014,66.89315,66.20712,66.15213,65.44932,64.74152,64.02879,63.31119,62.58876,62.45639,61.71745,60.97381,60.7991,60.03906,59.27445,58.50532,57.73174,57.49106,56.70136,55.90735,55.62411,54.81414,54,53.67417,52.84425,52.0103,51.64187,54.94808,57.65679,60.2367,61.37196,59.41053,58.32132,57.22767,55.31618,53.83112,52.35797,51.27958,49.82268,48.37816,46.9462,45.87717,44.46262,43.06108,41.99829,40.615,39.55418,38.18964,36.83883,35.78593,34.45467,33.4048,32.6112,31.2975,30.48216,29.64756,28.79373,27.92071,27.23643,26.31657,25.3776,24.41956,23.61615,22.61152,21.58796,20.54551,19.48423
76.98038,78.32181,78.90258,80.24896,80.82318,81.39125,81.95312,82.50875,83.85673,84.40497,84.94678,85.48213,86.01096,87.35738,87.87798,88.3919,88.89908,90.24288,90.74115,91.2325,92.57407,93.05595,93.53074,94.86877,95.33355,95.79107,97.12424,105.5543,113.1578,120.8161,124.9324,123.6542,124.1642,124.6647,124.2422,123.8031,123.3477,123.7999,123.3155,122.8151,122.299,122.7041,122.16,121.6008,121.9719,121.3854,121.7352,121.1221,120.4944,120.8113,120.1577,120.4538,121.7067,121.0185,122.2573,123.491,124.7194,125.9422,128.1373,129.3501,130.5564,131.7562,133.9339,135.1211,136.301,137.4732,138.6375
66.91802,66.89315,66.20712,66.15213,65.44932,64.74152,64.02879,63.31119,63.19058,62.45639,61.71745,60.97381,60.22553,60.03906,59.27445,58.50532,57.73174,57.49106,56.70136,55.90735,55.62411,54.81414,54,53.67417,52.84425,52.0103,51.64187,54.94808,57.65679,60.2367,60.93359,58.98002,57.8987,56.81297,55.31618,53.83112,52.35797,51.27958,49.82268,48.37816,46.9462,45.87717,44.46262,43.06108,41.99829,40.615,39.55418,38.18964,36.83883,35.78593,34.45467,33.4048,32.6112,31.2975,30.48216,29.64756,28.79373,27.92071,27.23643,26.31657,25.3776,24.41956,23.61615,22.61152,21.58796,20.54551,19.48423
