171.3164,172.5114,173.6956,172.8815,172.0523,172.2035,171.3455,170.4729,170.5835,169.6829,169.767,168.8391,168.897,167.9424,167.9744,167.9936,167,168.9936,169.9741,171.9411,173.894,174.8334,176.7574,178.6661,180.5591,181.439,184.296,186.1391,187.9646,182.8172,178.6583,175.4857,172.3066,169.1217,164.944,162.7371,161.5085,160.2705,160.9869,160.7077,160.4162,160.1125,159.7967,159.4687,159.1285,158.7762,158.4118,158.0354,156.6857,157.2464,157.7903,156.4096,157.8754,154.5768
24.07695,22.71156,21.32714,19.69736,18.08342,16.58132,14.99079,13.41651,11.92836,10.37825,8.897113,7.371676,5.898015,4.397727,2.932004,1.466058,0,-1.474784,-2.966909,-4.502435,-6.072512,-7.633393,-9.263464,-10.92769,-12.62592,-14.27956,-16.12381,-17.92316,-19.75588,-20.82939,-21.93648,-23.10314,-24.21612,-25.27541,-26.12456,-27.23285,-28.4783,-29.70439,-31.29268,-32.69634,-34.09752,-35.4961,-36.89197,-38.28504,-39.67519,-41.06232,-42.44632,-43.82709,-44.92889,-46.57852,-48.24133,-49.31575,-51.29682,-51.72066
173.2969,172.5114,173.6956,172.8815,172.0523,172.2035,171.3455,171.4698,170.5835,169.6829,169.767,168.8391,168.897,167.9424,167.9744,166.9936,168,167.9936,169.9741,171.9411,173.894,174.8334,176.7574,178.6661,180.5591,181.439,184.296,186.1391,187.9646,182.8172,178.6583,175.4857,172.3066,169.1217,164.944,162.7371,161.5085,160.2705,160.9869,160.7077,160.4162,160.1125,159.7967,159.4687,159.1285,158.7762,158.4118,158.0354,157.6469,156.2876,155.8777,155.4559,157.8754,156.4734
24.35529,22.71156,21.32714,19.69736,18.08342,16.58132,14.99079,13.49496,11.92836,10.37825,8.897113,7.371676,5.898015,4.397727,2.932004,1.457331,0,-1.466058,-2.966909,-4.502435,-6.072512,-7.633393,-9.263464,-10.92769,-12.62592,-14.27956,-16.12381,-17.92316,-19.75588,-20.82939,-21.93648,-23.10314,-24.21612,-25.27541,-26.12456,-27.23285,-28.4783,-29.70439,-31.29268,-32.69634,-34.09752,-35.4961,-36.89197,-38.28504,-39.67519,-41.06232,-42.44632,-43.82709,-45.20453,-46.2945,-47.65659,-49.01505,-51.29682,-52.35527
173.2969,172.5114,173.6956,172.8815,173.0468,172.2035,171.3455,170.4729,170.5835,169.6829,169.767,168.8391,168.897,167.9424,167.9744,166.9936,167,167.9936,169.9741,171.9411,173.894,174.8334,176.7574,178.6661,180.5591,181.439,184.296,186.1391,187.9646,182.8172,178.6583,175.4857,172.3066,168.1327,164.944,162.7371,161.5085,160.2705,160.0052,159.7277,160.4162,160.1125,159.7967,159.4687,159.1285,158.7762,158.4118,158.0354,157.6469,156.2876,156.834,156.4096,157.8754,157.4217
24.35529,22.71156,21.32714,19.69736,18.18795,16.58132,14.99079,13.41651,11.92836,10.37825,8.897113,7.371676,5.898015,4.397727,2.932004,1.457331,0,-1.466058,-2.966909,-4.502435,-6.072512,-7.633393,-9.263464,-10.92769,-12.62592,-14.27956,-16.12381,-17.92316,-19.75588,-20.82939,-21.93648,-23.10314,-24.21612,-25.1276,-26.12456,-27.23285,-28.4783,-29.70439,-31.10187,-32.49697,-34.09752,-35.4961,-36.89197,-38.28504,-39.67519,-41.06232,-42.44632,-43.82709,-45.20453,-46.2945,-47.94896,-49.31575,-51.29682,-52.67257
174.2872,172.5114,173.6956,172.8815,172.0523,172.2035,171.3455,170.4729,170.5835,170.6811,169.767,168.8391,168.897,167.9424,167.9744,167.9936,167,168.9936,169.9741,172.9407,173.894,174.8334,176.7574,178.6661,180.5591,181.439,184.296,186.1391,187.9646,182.8172,178.6583,175.4857,171.3164,169.1217,164.944,162.7371,161.5085,160.2705,160.0052,160.7077,160.4162,160.1125,159.7967,159.4687,159.1285,158.7762,158.4118,158.0354,157.6469,157.2464,156.834,156.4096,157.8754,153.6284
24.49447,22.71156,21.32714,19.69736,18.08342,16.58132,14.99079,13.41651,11.92836,10.4393,8.897113,7.371676,5.898015,4.397727,2.932004,1.466058,0,-1.474784,-2.966909,-4.528612,-6.072512,-7.633393,-9.263464,-10.92769,-12.62592,-14.27956,-16.12381,-17.92316,-19.75588,-20.82939,-21.93648,-23.10314,-24.07695,-25.27541,-26.12456,-27.23285,-28.4783,-29.70439,-31.10187,-32.69634,-34.09752,-35.4961,-36.89197,-38.28504,-39.67519,-41.06232,-42.44632,-43.82709,-45.20453,-46.57852,-47.94896,-49.31575,-51.29682,-51.40335
174.2872,172.5114,173.6956,172.8815,172.0523,172.2035,171.3455,170.4729,170.5835,169.6829,169.767,168.8391,168.897,167.9424,167.9744,167.9936,167,168.9936,169.9741,171.9411,173.894,174.8334,176.7574,178.6661,180.5591,181.439,184.296,186.1391,187.9646,182.8172,178.6583,175.4857,171.3164,169.1217,164.944,162.7371,161.5085,161.2538,160.0052,160.7077,160.4162,160.1125,159.7967,159.4687,158.1582,158.7762,158.4118,158.0354,157.6469,157.2464,156.834,155.4559,156.9243,155.5251
24.49447,22.71156,21.32714,19.69736,18.08342,16.58132,14.99079,13.41651,11.92836,10.37825,8.897113,7.371676,5.898015,4.397727,2.932004,1.466058,0,-1.474784,-2.966909,-4.502435,-6.072512,-7.633393,-9.263464,-10.92769,-12.62592,-14.27956,-16.12381,-17.92316,-19.75588,-20.82939,-21.93648,-23.10314,-24.07695,-25.27541,-26.12456,-27.23285,-28.4783,-29.88663,-31.10187,-32.69634,-34.09752,-35.4961,-36.89197,-38.28504,-39.43327,-41.06232,-42.44632,-43.82709,-45.20453,-46.57852,-47.94896,-49.01505,-50.9878,-52.03796
171.3164,172.5114,173.6956,172.8815,173.0468,172.2035,171.3455,170.4729,170.5835,169.6829,169.767,168.8391,168.897,167.9424,167.9744,166.9936,167,168.9936,169.9741,171.9411,173.894,174.8334,176.7574,178.6661,180.5591,181.439,184.296,186.1391,186.9701,182.8172,178.6583,175.4857,172.3066,168.1327,164.944,162.7371,161.5085,160.2705,160.9869,160.7077,160.4162,160.1125,159.7967,159.4687,158.1582,158.7762,157.4459,157.0718,156.6857,157.2464,157.7903,156.4096,157.8754,155.5251
24.07695,22.71156,21.32714,19.69736,18.18795,16.58132,14.99079,13.41651,11.92836,10.37825,8.897113,7.371676,5.898015,4.397727,2.932004,1.457331,0,-1.474784,-2.966909,-4.502435,-6.072512,-7.633393,-9.263464,-10.92769,-12.62592,-14.27956,-16.12381,-17.92316,-19.65135,-20.82939,-21.93648,-23.10314,-24.21612,-25.1276,-26.12456,-27.23285,-28.4783,-29.70439,-31.29268,-32.69634,-34.09752,-35.4961,-36.89197,-38.28504,-39.43327,-41.06232,-42.1875,-43.55986,-44.92889,-46.57852,-48.24133,-49.31575,-51.29682,-52.03796
173.2969,172.5114,173.6956,172.8815,172.0523,172.2035,171.3455,170.4729,170.5835,169.6829,169.767,168.8391,168.897,167.9424,167.9744,167.9936,167,168.9936,169.9741,171.9411,173.894,173.8344,176.7574,179.6643,180.5591,181.439,184.296,186.1391,187.9646,182.8172,178.6583,175.4857,172.3066,169.1217,164.944,162.7371,161.5085,160.2705,160.0052,160.7077,160.4162,160.1125,159.7967,159.4687,159.1285,158.7762,158.4118,158.0354,156.6857,156.2876,157.7903,156.4096,157.8754,155.5251
24.35529,22.71156,21.32714,19.69736,18.08342,16.58132,14.99079,13.41651,11.92836,10.37825,8.897113,7.371676,5.898015,4.397727,2.932004,1.466058,0,-1.474784,-2.966909,-4.502435,-6.072512,-7.589773,-9.263464,-10.98874,-12.62592,-14.27956,-16.12381,-17.92316,-19.75588,-20.82939,-21.93648,-23.10314,-24.21612,-25.27541,-26.12456,-27.23285,-28.4783,-29.70439,-31.10187,-32.69634,-34.09752,-35.4961,-36.89197,-38.28504,-39.67519,-41.06232,-42.44632,-43.82709,-44.92889,-46.2945,-48.24133,-49.31575,-51.29682,-52.03796
173.2969,172.5114,173.6956,172.8815,173.0468,172.2035,171.3455,170.4729,170.5835,169.6829,169.767,168.8391,168.897,167.9424,167.9744,166.9936,167,167.9936,169.9741,171.9411,173.894,174.8334,176.7574,178.6661,180.5591,181.439,184.296,186.1391,187.9646,182.8172,178.6583,175.4857,171.3164,169.1217,164.944,162.7371,161.5085,160.2705,160.9869,160.7077,160.4162,160.1125,159.7967,159.4687,159.1285,158.7762,157.4459,158.0354,157.6469,157.2464,157.7903,156.4096,157.8754,156.4734
24.35529,22.71156,21.32714,19.69736,18.18795,16.58132,14.99079,13.41651,11.92836,10.37825,8.897113,7.371676,5.898015,4.397727,2.932004,1.457331,0,-1.466058,-2.966909,-4.502435,-6.072512,-7.633393,-9.263464,-10.92769,-12.62592,-14.27956,-16.12381,-17.92316,-19.75588,-20.82939,-21.93648,-23.10314,-24.07695,-25.27541,-26.12456,-27.23285,-28.4783,-29.70439,-31.29268,-32.69634,-34.09752,-35.4961,-36.89197,-38.28504,-39.67519,-41.06232,-42.1875,-43.82709,-45.20453,-46.57852,-48.24133,-49.31575,-51.29682,-52.35527
171.3164,172.5114,173.6956,172.8815,173.0468,172.2035,171.3455,170.4729,170.5835,170.6811,169.767,168.8391,168.897,167.9424,167.9744,167.9936,167,168.9936,169.9741,171.9411,173.894,174.8334,176.7574,178.6661,180.5591,181.439,184.296,186.1391,187.9646,182.8172,178.6583,175.4857,171.3164,169.1217,164.944,162.7371,161.5085,160.2705,160.9869,160.7077,160.4162,160.1125,159.7967,159.4687,159.1285,158.7762,158.4118,158.0354,156.6857,157.2464,156.834,156.4096,156.9243,157.4217
24.07695,22.71156,21.32714,19.69736,18.18795,16.58132,14.99079,13.41651,11.92836,10.4393,8.897113,7.371676,5.898015,4.397727,2.932004,1.466058,0,-1.474784,-2.966909,-4.502435,-6.072512,-7.633393,-9.263464,-10.92769,-12.62592,-14.27956,-16.12381,-17.92316,-19.75588,-20.82939,-21.93648,-23.10314,-24.07695,-25.27541,-26.12456,-27.23285,-28.4783,-29.70439,-31.29268,-32.69634,-34.09752,-35.4961,-36.89197,-38.28504,-39.67519,-41.06232,-42.44632,-43.82709,-44.92889,-46.57852,-47.94896,-49.31575,-50.9878,-52.67257
172.3066,172.5114,173.6956,172.8815,172.0523,172.2035,171.3455,170.4729,170.5835,169.6829,169.767,168.8391,168.897,167.9424,167.9744,167.9936,167,168.9936,169.9741,171.9411,173.894,174.8334,176.7574,178.6661,181.5567,181.439,184.296,186.1391,187.9646,182.8172,178.6583,175.4857,171.3164,169.1217,164.944,162.7371,160.5237,160.2705,160.0052,160.7077,160.4162,160.1125,159.7967,159.4687,159.1285,158.7762,158.4118,158.0354,157.6469,157.2464,156.834,156.4096,157.8754,155.5251
24.21612,22.71156,21.32714,19.69736,18.08342,16.58132,14.99079,13.41651,11.92836,10.37825,8.897113,7.371676,5.898015,4.397727,2.932004,1.466058,0,-1.474784,-2.966909,-4.502435,-6.072512,-7.633393,-9.263464,-10.92769,-12.69568,-14.27956,-16.12381,-17.92316,-19.75588,-20.82939,-21.93648,-23.10314,-24.07695,-25.27541,-26.12456,-27.23285,-28.30465,-29.70439,-31.10187,-32.69634,-34.09752,-35.4961,-36.89197,-38.28504,-39.67519,-41.06232,-42.44632,-43.82709,-45.20453,-46.57852,-47.94896,-49.31575,-51.29682,-52.03796
174.2872,172.5114,173.6956,172.8815,172.0523,171.2081,171.3455,171.4698,170.5835,169.6829,169.767,168.8391,168.897,167.9424,167.9744,167.9936,168,168.9936,169.9741,171.9411,173.894,173.8344,176.7574,178.6661,180.5591,182.4359,184.296,186.1391,187.9646,182.8172,178.6583,175.4857,172.3066,169.1217,164.944,162.7371,161.5085,160.2705,160.9869,160.7077,160.4162,160.1125,159.7967,159.4687,159.1285,158.7762,158.4118,158.0354,157.6469,157.2464,157.7903,157.3633,157.8754,154.5768
24.49447,22.71156,21.32714,19.69736,18.08342,16.48547,14.99079,13.49496,11.92836,10.37825,8.897113,7.371676,5.898015,4.397727,2.932004,1.466058,0,-1.474784,-2.966909,-4.502435,-6.072512,-7.589773,-9.263464,-10.92769,-12.62592,-14.35801,-16.12381,-17.92316,-19.75588,-20.82939,-21.93648,-23.10314,-24.21612,-25.27541,-26.12456,-27.23285,-28.4783,-29.70439,-31.29268,-32.69634,-34.09752,-35.4961,-36.89197,-38.28504,-39.67519,-41.06232,-42.44632,-43.82709,-45.20453,-46.57852,-48.24133,-49.61646,-51.29682,-51.72066
173.2969,172.5114,173.6956,172.8815,172.0523,172.2035,171.3455,170.4729,170.5835,169.6829,169.767,168.8391,168.897,167.9424,167.9744,166.9936,167,167.9936,169.9741,171.9411,173.894,174.8334,176.7574,178.6661,180.5591,181.439,184.296,186.1391,187.9646,182.8172,178.6583,175.4857,172.3066,169.1217,164.944,162.7371,161.5085,160.2705,160.0052,159.7277,159.4381,160.1125,159.7967,159.4687,159.1285,157.8081,158.4118,158.0354,157.6469,156.2876,157.7903,157.3633,157.8754,158.3701
24.35529,22.71156,21.32714,19.69736,18.08342,16.58132,14.99079,13.41651,11.92836,10.37825,8.897113,7.371676,5.898015,4.397727,2.932004,1.457331,0,-1.466058,-2.966909,-4.502435,-6.072512,-7.633393,-9.263464,-10.92769,-12.62592,-14.27956,-16.12381,-17.92316,-19.75588,-20.82939,-21.93648,-23.10314,-24.21612,-25.27541,-26.12456,-27.23285,-28.4783,-29.70439,-31.10187,-32.49697,-33.88961,-35.4961,-36.89197,-38.28504,-39.67519,-40.81194,-42.44632,-43.82709,-45.20453,-46.2945,-48.24133,-49.61646,-51.29682,-52.98988
173.2969,172.5114,173.6956,172.8815,172.0523,172.2035,171.3455,170.4729,170.5835,169.6829,169.767,168.8391,168.897,167.9424,167.9744,166.9936,167,167.9936,169.9741,171.9411,173.894,174.8334,176.7574,178.6661,180.5591,181.439,184.296,186.1391,187.9646,182.8172,178.6583,175.4857,171.3164,169.1217,164.944,162.7371,160.5237,160.2705,160.0052,159.7277,160.4162,160.1125,159.7967,159.4687,159.1285,158.7762,158.4118,158.0354,157.6469,157.2464,157.7903,156.4096,156.9243,154.5768
24.35529,22.71156,21.32714,19.69736,18.08342,16.58132,14.99079,13.41651,11.92836,10.37825,8.897113,7.371676,5.898015,4.397727,2.932004,1.457331,0,-1.466058,-2.966909,-4.502435,-6.072512,-7.633393,-9.263464,-10.92769,-12.62592,-14.27956,-16.12381,-17.92316,-19.75588,-20.82939,-21.93648,-23.10314,-24.07695,-25.27541,-26.12456,-27.23285,-28.30465,-29.70439,-31.10187,-32.49697,-34.09752,-35.4961,-36.89197,-38.28504,-39.67519,-41.06232,-42.44632,-43.82709,-45.20453,-46.57852,-48.24133,-49.31575,-50.9878,-51.72066
173.2969,172.5114,173.6956,172.8815,172.0523,172.2035,171.3455,170.4729,170.5835,170.6811,169.767,168.8391,168.897,167.9424,167.9744,167.9936,167,167.9936,169.9741,171.9411,173.894,174.8334,176.7574,178.6661,180.5591,181.439,184.296,186.1391,187.9646,182.8172,178.6583,176.4772,171.3164,169.1217,164.944,162.7371,161.5085,160.2705,160.9869,160.7077,160.4162,160.1125,159.7967,159.4687,159.1285,158.7762,158.4118,158.0354,157.6469,157.2464,157.7903,156.4096,157.8754,156.4734
24.35529,22.71156,21.32714,19.69736,18.08342,16.58132,14.99079,13.41651,11.92836,10.4393,8.897113,7.371676,5.898015,4.397727,2.932004,1.466058,0,-1.466058,-2.966909,-4.502435,-6.072512,-7.633393,-9.263464,-10.92769,-12.62592,-14.27956,-16.12381,-17.92316,-19.75588,-20.82939,-21.93648,-23.23366,-24.07695,-25.27541,-26.12456,-27.23285,-28.4783,-29.70439,-31.29268,-32.69634,-34.09752,-35.4961,-36.89197,-38.28504,-39.67519,-41.06232,-42.44632,-43.82709,-45.20453,-46.57852,-48.24133,-49.31575,-51.29682,-52.35527
174.2872,172.5114,173.6956,172.8815,173.0468,172.2035,171.3455,170.4729,170.5835,169.6829,169.767,168.8391,168.897,167.9424,167.9744,166.9936,167,168.9936,169.9741,171.9411,173.894,174.8334,176.7574,178.6661,180.5591,181.439,184.296,186.1391,187.9646,182.8172,178.6583,175.4857,172.3066,169.1217,164.944,162.7371,161.5085,160.2705,160.0052,160.7077,160.4162,160.1125,159.7967,158.4963,159.1285,158.7762,158.4118,158.0354,157.6469,157.2464,156.834,156.4096,156.9243,156.4734
24.49447,22.71156,21.32714,19.69736,18.18795,16.58132,14.99079,13.41651,11.92836,10.37825,8.897113,7.371676,5.898015,4.397727,2.932004,1.457331,0,-1.474784,-2.966909,-4.502435,-6.072512,-7.633393,-9.263464,-10.92769,-12.62592,-14.27956,-16.12381,-17.92316,-19.75588,-20.82939,-21.93648,-23.10314,-24.21612,-25.27541,-26.12456,-27.23285,-28.4783,-29.70439,-31.10187,-32.69634,-34.09752,-35.4961,-36.89197,-38.05159,-39.67519,-41.06232,-42.44632,-43.82709,-45.20453,-46.57852,-47.94896,-49.31575,-50.9878,-52.35527
172.3066,172.5114,173.6956,172.8815,172.0523,172.2035,171.3455,170.4729,170.5835,169.6829,169.767,168.8391,168.897,167.9424,167.9744,167.9936,167,168.9936,169.9741,171.9411,173.894,174.8334,176.7574,178.6661,180.5591,181.439,184.296,186.1391,187.9646,181.8236,178.6583,175.4857,172.3066,169.1217,164.944,162.7371,161.5085,160.2705,160.0052,160.7077,160.4162,160.1125,159.7967,159.4687,159.1285,158.7762,157.4459,158.0354,157.6469,157.2464,156.834,156.4096,157.8754,157.4217
24.21612,22.71156,21.32714,19.69736,18.08342,16.58132,14.99079,13.41651,11.92836,10.37825,8.897113,7.371676,5.898015,4.397727,2.932004,1.466058,0,-1.474784,-2.966909,-4.502435,-6.072512,-7.633393,-9.263464,-10.92769,-12.62592,-14.27956,-16.12381,-17.92316,-19.75588,-20.71619,-21.93648,-23.10314,-24.21612,-25.27541,-26.12456,-27.23285,-28.4783,-29.70439,-31.10187,-32.69634,-34.09752,-35.4961,-36.89197,-38.28504,-39.67519,-41.06232,-42.1875,-43.82709,-45.20453,-46.57852,-47.94896,-49.31575,-51.29682,-52.67257
172.3066,172.5114,173.6956,172.8815,172.0523,172.2035,171.3455,170.4729,170.5835,169.6829,169.767,168.8391,168.897,167.9424,167.9744,166.9936,167,168.9936,169.9741,171.9411,173.894,174.8334,176.7574,178.6661,180.5591,181.439,184.296,186.1391,187.9646,182.8172,178.6583,175.4857,172.3066,169.1217,164.944,162.7371,161.5085,160.2705,160.0052,160.7077,160.4162,160.1125,159.7967,159.4687,159.1285,158.7762,158.4118,158.0354,157.6469,157.2464,157.7903,156.4096,157.8754,158.3701
24.21612,22.71156,21.32714,19.69736,18.08342,16.58132,14.99079,13.41651,11.92836,10.37825,8.897113,7.371676,5.898015,4.397727,2.932004,1.457331,0,-1.474784,-2.966909,-4.502435,-6.072512,-7.633393,-9.263464,-10.92769,-12.62592,-14.27956,-16.12381,-17.92316,-19.75588,-20.82939,-21.93648,-23.10314,-24.21612,-25.27541,-26.12456,-27.23285,-28.4783,-29.70439,-31.10187,-32.69634,-34.09752,-35.4961,-36.89197,-38.28504,-39.67519,-41.06232,-42.44632,-43.82709,-45.20453,-46.57852,-48.24133,-49.31575,-51.29682,-52.98988
174.2872,172.5114,173.6956,172.8815,173.0468,172.2035,171.3455,170.4729,170.5835,169.6829,169.767,168.8391,167.8977,167.9424,167.9744,166.9936,167,167.9936,169.9741,171.9411,173.894,174.8334,176.7574,178.6661,180.5591,181.439,184.296,186.1391,187.9646,182.8172,178.6583,175.4857,171.3164,169.1217,164.944,162.7371,161.5085,160.2705,160.9869,160.7077,159.4381,160.1125,159.7967,159.4687,159.1285,158.7762,158.4118,158.0354,157.6469,157.2464,157.7903,157.3633,157.8754,155.5251
24.49447,22.71156,21.32714,19.69736,18.18795,16.58132,14.99079,13.41651,11.92836,10.37825,8.897113,7.371676,5.863115,4.397727,2.932004,1.457331,0,-1.466058,-2.966909,-4.502435,-6.072512,-7.633393,-9.263464,-10.92769,-12.62592,-14.27956,-16.12381,-17.92316,-19.75588,-20.82939,-21.93648,-23.10314,-24.07695,-25.27541,-26.12456,-27.23285,-28.4783,-29.70439,-31.29268,-32.69634,-33.88961,-35.4961,-36.89197,-38.28504,-39.67519,-41.06232,-42.44632,-43.82709,-45.20453,-46.57852,-48.24133,-49.61646,-51.29682,-52.03796
174.2872,172.5114,173.6956,172.8815,173.0468,172.2035,171.3455,170.4729,170.5835,169.6829,169.767,168.8391,168.897,167.9424,167.9744,167.9936,168,167.9936,169.9741,171.9411,173.894,174.8334,176.7574,178.6661,181.5567,181.439,184.296,186.1391,187.9646,181.8236,178.6583,175.4857,172.3066,169.1217,165.9316,162.7371,160.5237,160.2705,160.9869,160.7077,160.4162,160.1125,159.7967,159.4687,159.1285,158.7762,158.4118,158.0354,157.6469,157.2464,156.834,156.4096,157.8754,155.5251
24.49447,22.71156,21.32714,19.69736,18.18795,16.58132,14.99079,13.41651,11.92836,10.37825,8.897113,7.371676,5.898015,4.397727,2.932004,1.466058,0,-1.466058,-2.966909,-4.502435,-6.072512,-7.633393,-9.263464,-10.92769,-12.69568,-14.27956,-16.12381,-17.92316,-19.75588,-20.71619,-21.93648,-23.10314,-24.21612,-25.27541,-26.28099,-27.23285,-28.30465,-29.70439,-31.29268,-32.69634,-34.09752,-35.4961,-36.89197,-38.28504,-39.67519,-41.06232,-42.44632,-43.82709,-45.20453,-46.57852,-47.94896,-49.31575,-51.29682,-52.03796
171.3164,172.5114,173.6956,172.8815,172.0523,172.2035,171.3455,171.4698,170.5835,170.6811,169.767,168.8391,168.897,167.9424,167.9744,166.9936,167,168.9936,169.9741,171.9411,173.894,174.8334,176.7574,178.6661,181.5567,181.439,184.296,186.1391,187.9646,182.8172,178.6583,175.4857,171.3164,168.1327,164.944,162.7371,161.5085,160.2705,160.9869,160.7077,160.4162,160.1125,159.7967,159.4687,159.1285,158.7762,158.4118,158.0354,157.6469,157.2464,157.7903,156.4096,157.8754,156.4734
24.07695,22.71156,21.32714,19.69736,18.08342,16.58132,14.99079,13.49496,11.92836,10.4393,8.897113,7.371676,5.898015,4.397727,2.932004,1.457331,0,-1.474784,-2.966909,-4.502435,-6.072512,-7.633393,-9.263464,-10.92769,-12.69568,-14.27956,-16.12381,-17.92316,-19.75588,-20.82939,-21.93648,-23.10314,-24.07695,-25.1276,-26.12456,-27.23285,-28.4783,-29.70439,-31.29268,-32.69634,-34.09752,-35.4961,-36.89197,-38.28504,-39.67519,-41.06232,-42.44632,-43.82709,-45.20453,-46.57852,-48.24133,-49.31575,-51.29682,-52.35527
171.3164,172.5114,173.6956,172.8815,172.0523,172.2035,171.3455,170.4729,170.5835,170.6811,169.767,168.8391,168.897,167.9424,167.9744,167.9936,167,167.9936,169.9741,171.9411,173.894,174.8334,176.7574,178.6661,180.5591,181.439,184.296,186.1391,187.9646,182.8172,178.6583,175.4857,172.3066,169.1217,164.944,162.7371,161.5085,160.2705,160.9869,160.7077,160.4162,160.1125,159.7967,159.4687,159.1285,158.7762,158.4118,158.0354,157.6469,156.2876,156.834,157.3633,157.8754,157.4217
24.07695,22.71156,21.32714,19.69736,18.08342,16.58132,14.99079,13.41651,11.92836,10.4393,8.897113,7.371676,5.898015,4.397727,2.932004,1.466058,0,-1.466058,-2.966909,-4.502435,-6.072512,-7.633393,-9.263464,-10.92769,-12.62592,-14.27956,-16.12381,-17.92316,-19.75588,-20.82939,-21.93648,-23.10314,-24.21612,-25.27541,-26.12456,-27.23285,-28.4783,-29.70439,-31.29268,-32.69634,-34.09752,-35.4961,-36.89197,-38.28504,-39.67519,-41.06232,-42.44632,-43.82709,-45.20453,-46.2945,-47.94896,-49.61646,-51.29682,-52.67257
173.2969,172.5114,173.6956,172.8815,172.0523,172.2035,171.3455,170.4729,170.5835,169.6829,169.767,168.8391,168.897,167.9424,167.9744,166.9936,167,167.9936,170.974,171.9411,173.894,174.8334,176.7574,178.6661,180.5591,182.4359,184.296,186.1391,187.9646,182.8172,178.6583,175.4857,172.3066,169.1217,164.944,162.7371,161.5085,160.2705,160.0052,160.7077,160.4162,160.1125,159.7967,159.4687,159.1285,158.7762,158.4118,158.0354,157.6469,157.2464,157.7903,156.4096,157.8754,156.4734
24.35529,22.71156,21.32714,19.69736,18.08342,16.58132,14.99079,13.41651,11.92836,10.37825,8.897113,7.371676,5.898015,4.397727,2.932004,1.457331,0,-1.466058,-2.984362,-4.502435,-6.072512,-7.633393,-9.263464,-10.92769,-12.62592,-14.35801,-16.12381,-17.92316,-19.75588,-20.82939,-21.93648,-23.10314,-24.21612,-25.27541,-26.12456,-27.23285,-28.4783,-29.70439,-31.10187,-32.69634,-34.09752,-35.4961,-36.89197,-38.28504,-39.67519,-41.06232,-42.44632,-43.82709,-45.20453,-46.57852,-48.24133,-49.31575,-51.29682,-52.35527
174.2872,172.5114,173.6956,172.8815,172.0523,172.2035,171.3455,170.4729,170.5835,170.6811,169.767,169.8382,168.897,167.9424,167.9744,167.9936,167,168.9936,169.9741,171.9411,173.894,173.8344,176.7574,178.6661,180.5591,182.4359,184.296,186.1391,187.9646,182.8172,178.6583,175.4857,172.3066,169.1217,164.944,162.7371,161.5085,160.2705,160.9869,160.7077,160.4162,160.1125,159.7967,159.4687,159.1285,158.7762,158.4118,158.0354,157.6469,157.2464,157.7903,157.3633,157.8754,155.5251
24.49447,22.71156,21.32714,19.69736,18.08342,16.58132,14.99079,13.41651,11.92836,10.4393,8.897113,7.415296,5.898015,4.397727,2.932004,1.466058,0,-1.474784,-2.966909,-4.502435,-6.072512,-7.589773,-9.263464,-10.92769,-12.62592,-14.35801,-16.12381,-17.92316,-19.75588,-20.82939,-21.93648,-23.10314,-24.21612,-25.27541,-26.12456,-27.23285,-28.4783,-29.70439,-31.29268,-32.69634,-34.09752,-35.4961,-36.89197,-38.28504,-39.67519,-41.06232,-42.44632,-43.82709,-45.20453,-46.57852,-48.24133,-49.61646,-51.29682,-52.03796
171.3164,172.5114,172.703,172.8815,172.0523,172.2035,171.3455,170.4729,170.5835,169.6829,169.767,168.8391,168.897,167.9424,167.9744,167.9936,168,167.9936,169.9741,171.9411,173.894,174.8334,176.7574,178.6661,180.5591,181.439,183.2998,186.1391,187.9646,182.8172,178.6583,175.4857,171.3164,169.1217,164.944,162.7371,161.5085,160.2705,160.9869,160.7077,160.4162,160.1125,159.7967,159.4687,159.1285,158.7762,158.4118,158.0354,157.6469,157.2464,156.834,156.4096,157.8754,155.5251
24.07695,22.71156,21.20527,19.69736,18.08342,16.58132,14.99079,13.41651,11.92836,10.37825,8.897113,7.371676,5.898015,4.397727,2.932004,1.466058,0,-1.466058,-2.966909,-4.502435,-6.072512,-7.633393,-9.263464,-10.92769,-12.62592,-14.27956,-16.03666,-17.92316,-19.75588,-20.82939,-21.93648,-23.10314,-24.07695,-25.27541,-26.12456,-27.23285,-28.4783,-29.70439,-31.29268,-32.69634,-34.09752,-35.4961,-36.89197,-38.28504,-39.67519,-41.06232,-42.44632,-43.82709,-45.20453,-46.57852,-47.94896,-49.31575,-51.29682,-52.03796
170.3261,172.5114,173.6956,172.8815,173.0468,172.2035,171.3455,170.4729,170.5835,169.6829,169.767,169.8382,168.897,167.9424,167.9744,167.9936,168,168.9936,169.9741,171.9411,173.894,174.8334,176.7574,178.6661,180.5591,181.439,184.296,186.1391,187.9646,182.8172,178.6583,176.4772,172.3066,168.1327,164.944,161.7508,161.5085,159.2873,160.9869,160.7077,159.4381,160.1125,159.7967,159.4687,159.1285,158.7762,158.4118,158.0354,156.6857,157.2464,155.8777,156.4096,157.8754,155.5251
23.93777,22.71156,21.32714,19.69736,18.18795,16.58132,14.99079,13.41651,11.92836,10.37825,8.897113,7.415296,5.898015,4.397727,2.932004,1.466058,0,-1.474784,-2.966909,-4.502435,-6.072512,-7.633393,-9.263464,-10.92769,-12.62592,-14.27956,-16.12381,-17.92316,-19.75588,-20.82939,-21.93648,-23.23366,-24.21612,-25.1276,-26.12456,-27.06781,-28.4783,-29.52216,-31.29268,-32.69634,-33.88961,-35.4961,-36.89197,-38.28504,-39.67519,-41.06232,-42.44632,-43.82709,-44.92889,-46.57852,-47.65659,-49.31575,-51.29682,-52.03796
172.3066,172.5114,173.6956,172.8815,173.0468,172.2035,171.3455,170.4729,170.5835,170.6811,169.767,168.8391,168.897,167.9424,167.9744,166.9936,167,167.9936,169.9741,171.9411,173.894,174.8334,176.7574,178.6661,180.5591,181.439,184.296,186.1391,187.9646,182.8172,178.6583,175.4857,171.3164,169.1217,164.944,162.7371,161.5085,160.2705,160.0052,160.7077,160.4162,160.1125,159.7967,159.4687,159.1285,158.7762,158.4118,158.0354,157.6469,157.2464,156.834,156.4096,156.9243,157.4217
24.21612,22.71156,21.32714,19.69736,18.18795,16.58132,14.99079,13.41651,11.92836,10.4393,8.897113,7.371676,5.898015,4.397727,2.932004,1.457331,0,-1.466058,-2.966909,-4.502435,-6.072512,-7.633393,-9.263464,-10.92769,-12.62592,-14.27956,-16.12381,-17.92316,-19.75588,-20.82939,-21.93648,-23.10314,-24.07695,-25.27541,-26.12456,-27.23285,-28.4783,-29.70439,-31.10187,-32.69634,-34.09752,-35.4961,-36.89197,-38.28504,-39.67519,-41.06232,-42.44632,-43.82709,-45.20453,-46.57852,-47.94896,-49.31575,-50.9878,-52.67257
172.3066,172.5114,173.6956,172.8815,172.0523,172.2035,171.3455,170.4729,170.5835,169.6829,169.767,168.8391,168.897,167.9424,167.9744,166.9936,167,167.9936,169.9741,171.9411,173.894,174.8334,176.7574,178.6661,180.5591,181.439,184.296,186.1391,187.9646,182.8172,178.6583,175.4857,172.3066,169.1217,164.944,162.7371,161.5085,160.2705,160.9869,160.7077,160.4162,160.1125,159.7967,159.4687,159.1285,158.7762,158.4118,158.0354,157.6469,157.2464,157.7903,156.4096,157.8754,155.5251
24.21612,22.71156,21.32714,19.69736,18.08342,16.58132,14.99079,13.41651,11.92836,10.37825,8.897113,7.371676,5.898015,4.397727,2.932004,1.457331,0,-1.466058,-2.966909,-4.502435,-6.072512,-7.633393,-9.263464,-10.92769,-12.62592,-14.27956,-16.12381,-17.92316,-19.75588,-20.82939,-21.93648,-23.10314,-24.21612,-25.27541,-26.12456,-27.23285,-28.4783,-29.70439,-31.29268,-32.69634,-34.09752,-35.4961,-36.89197,-38.28504,-39.67519,-41.06232,-42.44632,-43.82709,-45.20453,-46.57852,-48.24133,-49.31575,-51.29682,-52.03796
172.3066,172.5114,173.6956,172.8815,172.0523,172.2035,171.3455,171.4698,170.5835,170.6811,169.767,168.8391,168.897,167.9424,167.9744,166.9936,167,168.9936,169.9741,171.9411,173.894,174.8334,176.7574,178.6661,180.5591,181.439,184.296,186.1391,187.9646,182.8172,178.6583,175.4857,172.3066,169.1217,164.944,162.7371,161.5085,159.2873,160.0052,160.7077,160.4162,160.1125,159.7967,159.4687,159.1285,158.7762,158.4118,158.0354,158.6082,157.2464,157.7903,156.4096,157.8754,157.4217
24.21612,22.71156,21.32714,19.69736,18.08342,16.58132,14.99079,13.49496,11.92836,10.4393,8.897113,7.371676,5.898015,4.397727,2.932004,1.457331,0,-1.474784,-2.966909,-4.502435,-6.072512,-7.633393,-9.263464,-10.92769,-12.62592,-14.27956,-16.12381,-17.92316,-19.75588,-20.82939,-21.93648,-23.10314,-24.21612,-25.27541,-26.12456,-27.23285,-28.4783,-29.52216,-31.10187,-32.69634,-34.09752,-35.4961,-36.89197,-38.28504,-39.67519,-41.06232,-42.44632,-43.82709,-45.48016,-46.57852,-48.24133,-49.31575,-51.29682,-52.67257
173.2969,172.5114,173.6956,172.8815,172.0523,172.2035,171.3455,171.4698,170.5835,169.6829,169.767,168.8391,168.897,167.9424,167.9744,166.9936,167,168.9936,169.9741,171.9411,173.894,173.8344,176.7574,178.6661,180.5591,181.439,184.296,186.1391,186.9701,182.8172,178.6583,175.4857,172.3066,169.1217,164.944,162.7371,161.5085,160.2705,160.9869,160.7077,160.4162,160.1125,159.7967,159.4687,159.1285,158.7762,158.4118,158.0354,157.6469,157.2464,157.7903,156.4096,157.8754,155.5251
24.35529,22.71156,21.32714,19.69736,18.08342,16.58132,14.99079,13.49496,11.92836,10.37825,8.897113,7.371676,5.898015,4.397727,2.932004,1.457331,0,-1.474784,-2.966909,-4.502435,-6.072512,-7.589773,-9.263464,-10.92769,-12.62592,-14.27956,-16.12381,-17.92316,-19.65135,-20.82939,-21.93648,-23.10314,-24.21612,-25.27541,-26.12456,-27.23285,-28.4783,-29.70439,-31.29268,-32.69634,-34.09752,-35.4961,-36.89197,-38.28504,-39.67519,-41.06232,-42.44632,-43.82709,-45.20453,-46.57852,-48.24133,-49.31575,-51.29682,-52.03796
173.2969,172.5114,173.6956,172.8815,172.0523,172.2035,171.3455,170.4729,170.5835,169.6829,168.7684,168.8391,167.8977,167.9424,167.9744,166.9936,167,168.9936,169.9741,171.9411,173.894,174.8334,176.7574,178.6661,180.5591,181.439,184.296,185.1437,187.9646,182.8172,178.6583,175.4857,172.3066,169.1217,164.944,162.7371,161.5085,160.2705,160.0052,160.7077,160.4162,159.1362,159.7967,159.4687,159.1285,158.7762,158.4118,158.0354,157.6469,157.2464,156.834,156.4096,157.8754,156.4734
24.35529,22.71156,21.32714,19.69736,18.08342,16.58132,14.99079,13.41651,11.92836,10.37825,8.844777,7.371676,5.863115,4.397727,2.932004,1.457331,0,-1.474784,-2.966909,-4.502435,-6.072512,-7.633393,-9.263464,-10.92769,-12.62592,-14.27956,-16.12381,-17.82731,-19.75588,-20.82939,-21.93648,-23.10314,-24.21612,-25.27541,-26.12456,-27.23285,-28.4783,-29.70439,-31.10187,-32.69634,-34.09752,-35.27966,-36.89197,-38.28504,-39.67519,-41.06232,-42.44632,-43.82709,-45.20453,-46.57852,-47.94896,-49.31575,-51.29682,-52.35527
