162.3725,162.6675,162.9501,162.2371,162.4933,162.7371,162.9686,163.1876,163.3942,163.5884,163.7701,163.9394,164.0961,164.2404,164.3721,164.4914,165.5956,168.6848,168.7684,171.8363,175.8928,178.9387,183.972,187.9928,193,197.9925,201.9692,208.9284,208.8727,207.802,204.7191,203.6195,200.5104,198.3865,196.2504,195.0977,191.9427,189.7722,188.5838,186.3916,184.1899,182.9679,180.747,179.504,177.2654,176.0026,173.748,173.4467,172.154,171.8281,172.4635,173.0818,172.7126,173.2984,173.8666,174.4171,174.9496,175.464,175.9601,175.4839,176.8965,175.4399
34.51334,33.09508,31.67429,30.06886,28.65195,27.23285,25.81169,24.38855,22.96356,21.53682,20.10844,18.67853,17.2472,15.81455,14.3807,12.94575,11.57957,10.3172,8.844777,7.502535,6.142311,4.685674,3.211243,1.640589,0,-1.727854,-3.525386,-5.470982,-7.293995,-9.072833,-10.72887,-12.4539,-14.02105,-15.61336,-17.16968,-18.78577,-20.17399,-21.62181,-23.15518,-24.53892,-25.8862,-27.34474,-28.62751,-30.03866,-31.25667,-32.62016,-33.77319,-35.28812,-36.59246,-38.09337,-39.81634,-41.55327,-43.0621,-44.81802,-46.58743,-48.37015,-50.166,-51.97481,-53.79639,-55.32987,-57.47716,-58.70136
162.3725,161.6876,162.9501,163.2203,162.4933,163.7234,162.9686,163.1876,163.3942,163.5884,163.7701,163.9394,164.0961,164.2404,164.3721,164.4914,165.5956,167.6866,167.7698,171.8363,175.8928,179.9383,183.972,187.9928,193,197.9925,201.9692,208.9284,208.8727,206.803,205.7177,203.6195,201.5079,198.3865,196.2504,194.1023,192.9372,190.7658,188.5838,186.3916,184.1899,182.9679,180.747,178.5177,177.2654,176.0026,173.748,173.4467,172.154,171.8281,172.4635,173.0818,173.6829,173.2984,173.8666,174.4171,174.9496,175.464,175.9601,176.4376,176.8965,175.4399
34.51334,32.89571,31.67429,30.2511,28.65195,27.3979,25.81169,24.38855,22.96356,21.53682,20.10844,18.67853,17.2472,15.81455,14.3807,12.94575,11.57957,10.25615,8.792441,7.502535,6.142311,4.711851,3.211243,1.640589,0,-1.727854,-3.525386,-5.470982,-7.293995,-9.029213,-10.78121,-12.4539,-14.09081,-15.61336,-17.16968,-18.68992,-20.27852,-21.73502,-23.15518,-24.53892,-25.8862,-27.34474,-28.62751,-29.87362,-31.25667,-32.62016,-33.77319,-35.28812,-36.59246,-38.09337,-39.81634,-41.55327,-43.30402,-44.81802,-46.58743,-48.37015,-50.166,-51.97481,-53.79639,-55.63057,-57.47716,-58.70136
162.3725,162.6675,162.9501,163.2203,163.4781,163.7234,162.9686,163.1876,163.3942,163.5884,163.7701,163.9394,164.0961,164.2404,164.3721,164.4914,165.5956,167.6866,167.7698,172.8353,175.8928,179.9383,183.972,187.9928,193,197.9925,201.9692,208.9284,208.8727,207.802,204.7191,203.6195,201.5079,199.3835,196.2504,194.1023,192.9372,189.7722,188.5838,186.3916,184.1899,182.9679,180.747,179.504,177.2654,175.0194,173.748,173.4467,172.154,171.8281,172.4635,173.0818,172.7126,174.2666,173.8666,174.4171,174.9496,175.464,175.9601,176.4376,176.8965,176.3882
34.51334,33.09508,31.67429,30.2511,28.8256,27.3979,25.81169,24.38855,22.96356,21.53682,20.10844,18.67853,17.2472,15.81455,14.3807,12.94575,11.57957,10.25615,8.792441,7.546154,6.142311,4.711851,3.211243,1.640589,0,-1.727854,-3.525386,-5.470982,-7.293995,-9.072833,-10.72887,-12.4539,-14.09081,-15.69182,-17.16968,-18.68992,-20.27852,-21.62181,-23.15518,-24.53892,-25.8862,-27.34474,-28.62751,-30.03866,-31.25667,-32.43792,-33.77319,-35.28812,-36.59246,-38.09337,-39.81634,-41.55327,-43.0621,-45.0684,-46.58743,-48.37015,-50.166,-51.97481,-53.79639,-55.63057,-57.47716,-59.01867
162.3725,162.6675,162.9501,163.2203,162.4933,162.7371,162.9686,163.1876,163.3942,163.5884,163.7701,163.9394,164.0961,164.2404,164.3721,164.4914,165.5956,168.6848,168.7684,172.8353,175.8928,179.9383,184.9718,187.9928,193,196.9925,202.9691,208.9284,209.8721,207.802,204.7191,202.6214,201.5079,197.3896,196.2504,195.0977,191.9427,189.7722,188.5838,186.3916,185.1801,182.9679,180.747,179.504,177.2654,175.0194,173.748,173.4467,172.154,171.8281,172.4635,173.0818,172.7126,173.2984,173.8666,174.4171,174.9496,175.464,175.9601,175.4839,176.8965,175.4399
34.51334,33.09508,31.67429,30.2511,28.65195,27.23285,25.81169,24.38855,22.96356,21.53682,20.10844,18.67853,17.2472,15.81455,14.3807,12.94575,11.57957,10.3172,8.844777,7.546154,6.142311,4.711851,3.228695,1.640589,0,-1.719127,-3.542839,-5.470982,-7.328894,-9.072833,-10.72887,-12.39285,-14.09081,-15.5349,-17.16968,-18.78577,-20.17399,-21.62181,-23.15518,-24.53892,-26.02537,-27.34474,-28.62751,-30.03866,-31.25667,-32.43792,-33.77319,-35.28812,-36.59246,-38.09337,-39.81634,-41.55327,-43.0621,-44.81802,-46.58743,-48.37015,-50.166,-51.97481,-53.79639,-55.32987,-57.47716,-58.70136
162.3725,161.6876,162.9501,162.2371,162.4933,162.7371,162.9686,163.1876,163.3942,163.5884,163.7701,163.9394,164.0961,164.2404,164.3721,164.4914,165.5956,167.6866,168.7684,172.8353,174.8934,179.9383,183.972,187.9928,193,197.9925,201.9692,207.9287,209.8721,207.802,204.7191,203.6195,200.5104,199.3835,196.2504,195.0977,191.9427,189.7722,188.5838,186.3916,185.1801,182.9679,180.747,179.504,177.2654,176.0026,173.748,172.4667,172.154,171.8281,172.4635,173.0818,173.6829,173.2984,173.8666,174.4171,174.9496,175.464,175.0038,176.4376,176.8965,175.4399
34.51334,32.89571,31.67429,30.06886,28.65195,27.23285,25.81169,24.38855,22.96356,21.53682,20.10844,18.67853,17.2472,15.81455,14.3807,12.94575,11.57957,10.25615,8.844777,7.546154,6.107412,4.711851,3.211243,1.640589,0,-1.727854,-3.525386,-5.444805,-7.328894,-9.072833,-10.72887,-12.4539,-14.02105,-15.69182,-17.16968,-18.78577,-20.17399,-21.62181,-23.15518,-24.53892,-26.02537,-27.34474,-28.62751,-30.03866,-31.25667,-32.62016,-33.77319,-35.08876,-36.59246,-38.09337,-39.81634,-41.55327,-43.30402,-44.81802,-46.58743,-48.37015,-50.166,-51.97481,-53.50402,-55.63057,-57.47716,-58.70136
162.3725,162.6675,161.9685,163.2203,162.4933,162.7371,162.9686,163.1876,163.3942,163.5884,163.7701,163.9394,164.0961,164.2404,164.3721,164.4914,165.5956,167.6866,168.7684,171.8363,175.8928,179.9383,183.972,187.9928,193,197.9925,202.9691,208.9284,208.8727,206.803,204.7191,202.6214,200.5104,198.3865,196.2504,194.1023,191.9427,189.7722,187.5912,186.3916,185.1801,182.9679,180.747,179.504,177.2654,176.0026,173.748,173.4467,172.154,171.8281,172.4635,172.1095,173.6829,173.2984,173.8666,174.4171,174.9496,175.464,175.9601,176.4376,176.8965,176.3882
34.51334,33.09508,31.48348,30.2511,28.65195,27.23285,25.81169,24.38855,22.96356,21.53682,20.10844,18.67853,17.2472,15.81455,14.3807,12.94575,11.57957,10.25615,8.844777,7.502535,6.142311,4.711851,3.211243,1.640589,0,-1.727854,-3.542839,-5.470982,-7.293995,-9.029213,-10.72887,-12.39285,-14.02105,-15.61336,-17.16968,-18.68992,-20.17399,-21.62181,-23.03331,-24.53892,-26.02537,-27.34474,-28.62751,-30.03866,-31.25667,-32.62016,-33.77319,-35.28812,-36.59246,-38.09337,-39.81634,-41.31983,-43.30402,-44.81802,-46.58743,-48.37015,-50.166,-51.97481,-53.79639,-55.63057,-57.47716,-59.01867
162.3725,162.6675,162.9501,162.2371,162.4933,162.7371,162.9686,163.1876,163.3942,163.5884,163.7701,163.9394,164.0961,164.2404,164.3721,164.4914,165.5956,167.6866,168.7684,171.8363,175.8928,179.9383,183.972,187.9928,193,197.9925,202.9691,208.9284,209.8721,207.802,204.7191,202.6214,201.5079,199.3835,196.2504,194.1023,192.9372,189.7722,188.5838,186.3916,185.1801,182.9679,180.747,179.504,177.2654,175.0194,173.748,172.4667,172.154,171.8281,172.4635,173.0818,173.6829,173.2984,173.8666,173.4535,174.9496,175.464,175.9601,176.4376,176.8965,176.3882
34.51334,33.09508,31.67429,30.06886,28.65195,27.23285,25.81169,24.38855,22.96356,21.53682,20.10844,18.67853,17.2472,15.81455,14.3807,12.94575,11.57957,10.25615,8.844777,7.502535,6.142311,4.711851,3.211243,1.640589,0,-1.727854,-3.542839,-5.470982,-7.328894,-9.072833,-10.72887,-12.39285,-14.09081,-15.69182,-17.16968,-18.68992,-20.27852,-21.62181,-23.15518,-24.53892,-26.02537,-27.34474,-28.62751,-30.03866,-31.25667,-32.43792,-33.77319,-35.08876,-36.59246,-38.09337,-39.81634,-41.55327,-43.30402,-44.81802,-46.58743,-48.10291,-50.166,-51.97481,-53.79639,-55.63057,-57.47716,-59.01867
162.3725,162.6675,161.9685,163.2203,162.4933,163.7234,162.9686,163.1876,163.3942,163.5884,163.7701,163.9394,164.0961,164.2404,164.3721,164.4914,165.5956,167.6866,168.7684,171.8363,175.8928,179.9383,182.9721,187.9928,193,197.9925,202.9691,208.9284,208.8727,207.802,204.7191,202.6214,201.5079,198.3865,196.2504,194.1023,192.9372,189.7722,188.5838,186.3916,184.1899,182.9679,180.747,179.504,177.2654,176.0026,173.748,172.4667,172.154,171.8281,172.4635,173.0818,172.7126,173.2984,173.8666,174.4171,174.9496,175.464,175.0038,175.4839,176.8965,176.3882
34.51334,33.09508,31.48348,30.2511,28.65195,27.3979,25.81169,24.38855,22.96356,21.53682,20.10844,18.67853,17.2472,15.81455,14.3807,12.94575,11.57957,10.25615,8.844777,7.502535,6.142311,4.711851,3.19379,1.640589,0,-1.727854,-3.542839,-5.470982,-7.293995,-9.072833,-10.72887,-12.39285,-14.09081,-15.61336,-17.16968,-18.68992,-20.27852,-21.62181,-23.15518,-24.53892,-25.8862,-27.34474,-28.62751,-30.03866,-31.25667,-32.62016,-33.77319,-35.08876,-36.59246,-38.09337,-39.81634,-41.55327,-43.0621,-44.81802,-46.58743,-48.37015,-50.166,-51.97481,-53.50402,-55.32987,-57.47716,-59.01867
162.3725,162.6675,161.9685,162.2371,162.4933,162.7371,162.9686,163.1876,163.3942,163.5884,163.7701,163.9394,164.0961,164.2404,164.3721,164.4914,165.5956,168.6848,168.7684,172.8353,175.8928,179.9383,183.972,187.9928,193,197.9925,202.9691,208.9284,208.8727,207.802,203.7204,202.6214,200.5104,199.3835,196.2504,195.0977,191.9427,189.7722,188.5838,186.3916,185.1801,182.9679,181.7347,179.504,177.2654,176.0026,173.748,172.4667,172.154,171.8281,172.4635,173.0818,172.7126,174.2666,173.8666,174.4171,174.9496,175.464,175.9601,176.4376,176.8965,175.4399
34.51334,33.09508,31.48348,30.06886,28.65195,27.23285,25.81169,24.38855,22.96356,21.53682,20.10844,18.67853,17.2472,15.81455,14.3807,12.94575,11.57957,10.3172,8.844777,7.546154,6.142311,4.711851,3.211243,1.640589,0,-1.727854,-3.542839,-5.470982,-7.293995,-9.072833,-10.67654,-12.39285,-14.02105,-15.69182,-17.16968,-18.78577,-20.17399,-21.62181,-23.15518,-24.53892,-26.02537,-27.34474,-28.78394,-30.03866,-31.25667,-32.62016,-33.77319,-35.08876,-36.59246,-38.09337,-39.81634,-41.55327,-43.0621,-45.0684,-46.58743,-48.37015,-50.166,-51.97481,-53.79639,-55.63057,-57.47716,-58.70136
162.3725,162.6675,162.9501,163.2203,163.4781,162.7371,162.9686,163.1876,163.3942,163.5884,163.7701,163.9394,164.0961,164.2404,164.3721,164.4914,165.5956,167.6866,168.7684,172.8353,175.8928,179.9383,183.972,187.9928,193,197.9925,201.9692,208.9284,209.8721,206.803,204.7191,203.6195,201.5079,198.3865,196.2504,194.1023,192.9372,189.7722,188.5838,186.3916,185.1801,182.9679,180.747,179.504,177.2654,176.0026,173.748,172.4667,172.154,171.8281,172.4635,172.1095,173.6829,174.2666,173.8666,174.4171,174.9496,175.464,175.9601,176.4376,176.8965,176.3882
34.51334,33.09508,31.67429,30.2511,28.8256,27.23285,25.81169,24.38855,22.96356,21.53682,20.10844,18.67853,17.2472,15.81455,14.3807,12.94575,11.57957,10.25615,8.844777,7.546154,6.142311,4.711851,3.211243,1.640589,0,-1.727854,-3.525386,-5.470982,-7.328894,-9.029213,-10.72887,-12.4539,-14.09081,-15.61336,-17.16968,-18.68992,-20.27852,-21.62181,-23.15518,-24.53892,-26.02537,-27.34474,-28.62751,-30.03866,-31.25667,-32.62016,-33.77319,-35.08876,-36.59246,-38.09337,-39.81634,-41.31983,-43.30402,-45.0684,-46.58743,-48.37015,-50.166,-51.97481,-53.79639,-55.63057,-57.47716,-59.01867
162.3725,162.6675,162.9501,163.2203,162.4933,162.7371,162.9686,163.1876,163.3942,163.5884,163.7701,163.9394,164.0961,164.2404,164.3721,164.4914,165.5956,167.6866,168.7684,172.8353,175.8928,179.9383,183.972,188.9928,193,197.9925,202.9691,208.9284,209.8721,206.803,205.7177,202.6214,201.5079,199.3835,196.2504,194.1023,192.9372,190.7658,188.5838,186.3916,184.1899,182.9679,180.747,179.504,177.2654,176.0026,173.748,173.4467,172.154,171.8281,172.4635,173.0818,173.6829,173.2984,173.8666,174.4171,174.9496,175.464,175.9601,175.4839,176.8965,176.3882
34.51334,33.09508,31.67429,30.2511,28.65195,27.23285,25.81169,24.38855,22.96356,21.53682,20.10844,18.67853,17.2472,15.81455,14.3807,12.94575,11.57957,10.25615,8.844777,7.546154,6.142311,4.711851,3.211243,1.649315,0,-1.727854,-3.542839,-5.470982,-7.328894,-9.029213,-10.78121,-12.39285,-14.09081,-15.69182,-17.16968,-18.68992,-20.27852,-21.73502,-23.15518,-24.53892,-25.8862,-27.34474,-28.62751,-30.03866,-31.25667,-32.62016,-33.77319,-35.28812,-36.59246,-38.09337,-39.81634,-41.55327,-43.30402,-44.81802,-46.58743,-48.37015,-50.166,-51.97481,-53.79639,-55.32987,-57.47716,-59.01867
162.3725,162.6675,161.9685,162.2371,162.4933,162.7371,162.9686,163.1876,163.3942,163.5884,163.7701,163.9394,164.0961,164.2404,164.3721,164.4914,165.5956,167.6866,169.767,172.8353,175.8928,179.9383,183.972,187.9928,193,197.9925,202.9691,208.9284,208.8727,206.803,204.7191,201.6232,201.5079,198.3865,196.2504,194.1023,192.9372,189.7722,188.5838,186.3916,185.1801,182.9679,180.747,179.504,177.2654,176.0026,173.748,173.4467,172.154,171.8281,172.4635,173.0818,172.7126,173.2984,173.8666,174.4171,174.9496,175.464,175.9601,176.4376,176.8965,175.4399
34.51334,33.09508,31.48348,30.06886,28.65195,27.23285,25.81169,24.38855,22.96356,21.53682,20.10844,18.67853,17.2472,15.81455,14.3807,12.94575,11.57957,10.25615,8.897113,7.546154,6.142311,4.711851,3.211243,1.640589,0,-1.727854,-3.542839,-5.470982,-7.293995,-9.029213,-10.72887,-12.3318,-14.09081,-15.61336,-17.16968,-18.68992,-20.27852,-21.62181,-23.15518,-24.53892,-26.02537,-27.34474,-28.62751,-30.03866,-31.25667,-32.62016,-33.77319,-35.28812,-36.59246,-38.09337,-39.81634,-41.55327,-43.0621,-44.81802,-46.58743,-48.37015,-50.166,-51.97481,-53.79639,-55.63057,-57.47716,-58.70136
162.3725,162.6675,161.9685,162.2371,162.4933,162.7371,162.9686,163.1876,163.3942,163.5884,163.7701,163.9394,164.0961,164.2404,164.3721,164.4914,165.5956,167.6866,168.7684,171.8363,175.8928,179.9383,183.972,187.9928,193,197.9925,202.9691,208.9284,209.8721,206.803,204.7191,202.6214,201.5079,198.3865,196.2504,194.1023,192.9372,190.7658,188.5838,186.3916,185.1801,182.9679,180.747,179.504,177.2654,175.0194,173.748,173.4467,172.154,171.8281,172.4635,173.0818,173.6829,173.2984,173.8666,174.4171,174.9496,175.464,175.9601,176.4376,176.8965,176.3882
34.51334,33.09508,31.48348,30.06886,28.65195,27.23285,25.81169,24.38855,22.96356,21.53682,20.10844,18.67853,17.2472,15.81455,14.3807,12.94575,11.57957,10.25615,8.844777,7.502535,6.142311,4.711851,3.211243,1.640589,0,-1.727854,-3.542839,-5.470982,-7.328894,-9.029213,-10.72887,-12.39285,-14.09081,-15.61336,-17.16968,-18.68992,-20.27852,-21.73502,-23.15518,-24.53892,-26.02537,-27.34474,-28.62751,-30.03866,-31.25667,-32.43792,-33.77319,-35.28812,-36.59246,-38.09337,-39.81634,-41.55327,-43.30402,-44.81802,-46.58743,-48.37015,-50.166,-51.97481,-53.79639,-55.63057,-57.47716,-59.01867
162.3725,162.6675,162.9501,162.2371,162.4933,162.7371,162.9686,163.1876,163.3942,163.5884,163.7701,163.9394,164.0961,164.2404,164.3721,164.4914,165.5956,167.6866,168.7684,172.8353,175.8928,179.9383,183.972,187.9928,193,197.9925,202.9691,208.9284,208.8727,206.803,204.7191,202.6214,201.5079,198.3865,197.2466,194.1023,191.9427,190.7658,188.5838,186.3916,184.1899,182.9679,180.747,179.504,177.2654,176.0026,173.748,173.4467,172.154,171.8281,172.4635,173.0818,173.6829,174.2666,173.8666,174.4171,174.9496,175.464,175.9601,176.4376,176.8965,175.4399
34.51334,33.09508,31.67429,30.06886,28.65195,27.23285,25.81169,24.38855,22.96356,21.53682,20.10844,18.67853,17.2472,15.81455,14.3807,12.94575,11.57957,10.25615,8.844777,7.546154,6.142311,4.711851,3.211243,1.640589,0,-1.727854,-3.542839,-5.470982,-7.293995,-9.029213,-10.72887,-12.39285,-14.09081,-15.61336,-17.25684,-18.68992,-20.17399,-21.73502,-23.15518,-24.53892,-25.8862,-27.34474,-28.62751,-30.03866,-31.25667,-32.62016,-33.77319,-35.28812,-36.59246,-38.09337,-39.81634,-41.55327,-43.30402,-45.0684,-46.58743,-48.37015,-50.166,-51.97481,-53.79639,-55.63057,-57.47716,-58.70136
162.3725,161.6876,161.9685,162.2371,162.4933,162.7371,162.9686,163.1876,163.3942,163.5884,163.7701,163.9394,164.0961,164.2404,164.3721,164.4914,165.5956,167.6866,168.7684,171.8363,175.8928,179.9383,183.972,187.9928,193,197.9925,202.9691,208.9284,208.8727,207.802,204.7191,202.6214,201.5079,199.3835,196.2504,194.1023,191.9427,190.7658,188.5838,186.3916,184.1899,182.9679,180.747,179.504,177.2654,176.0026,173.748,172.4667,172.154,171.8281,172.4635,173.0818,173.6829,173.2984,173.8666,174.4171,174.9496,175.464,175.9601,176.4376,176.8965,176.3882
34.51334,32.89571,31.48348,30.06886,28.65195,27.23285,25.81169,24.38855,22.96356,21.53682,20.10844,18.67853,17.2472,15.81455,14.3807,12.94575,11.57957,10.25615,8.844777,7.502535,6.142311,4.711851,3.211243,1.640589,0,-1.727854,-3.542839,-5.470982,-7.293995,-9.072833,-10.72887,-12.39285,-14.09081,-15.69182,-17.16968,-18.68992,-20.17399,-21.73502,-23.15518,-24.53892,-25.8862,-27.34474,-28.62751,-30.03866,-31.25667,-32.62016,-33.77319,-35.08876,-36.59246,-38.09337,-39.81634,-41.55327,-43.30402,-44.81802,-46.58743,-48.37015,-50.166,-51.97481,-53.79639,-55.63057,-57.47716,-59.01867
162.3725,162.6675,161.9685,162.2371,162.4933,162.7371,162.9686,163.1876,163.3942,163.5884,163.7701,163.9394,164.0961,164.2404,164.3721,164.4914,165.5956,167.6866,168.7684,172.8353,175.8928,179.9383,183.972,187.9928,193,197.9925,202.9691,208.9284,208.8727,206.803,204.7191,202.6214,201.5079,198.3865,196.2504,194.1023,191.9427,190.7658,188.5838,186.3916,184.1899,182.9679,180.747,179.504,177.2654,176.0026,173.748,172.4667,172.154,171.8281,172.4635,173.0818,173.6829,173.2984,173.8666,174.4171,174.9496,175.464,175.9601,176.4376,176.8965,175.4399
34.51334,33.09508,31.48348,30.06886,28.65195,27.23285,25.81169,24.38855,22.96356,21.53682,20.10844,18.67853,17.2472,15.81455,14.3807,12.94575,11.57957,10.25615,8.844777,7.546154,6.142311,4.711851,3.211243,1.640589,0,-1.727854,-3.542839,-5.470982,-7.293995,-9.029213,-10.72887,-12.39285,-14.09081,-15.61336,-17.16968,-18.68992,-20.17399,-21.73502,-23.15518,-24.53892,-25.8862,-27.34474,-28.62751,-30.03866,-31.25667,-32.62016,-33.77319,-35.08876,-36.59246,-38.09337,-39.81634,-41.55327,-43.30402,-44.81802,-46.58743,-48.37015,-50.166,-51.97481,-53.79639,-55.63057,-57.47716,-58.70136
162.3725,162.6675,161.9685,162.2371,162.4933,162.7371,162.9686,163.1876,163.3942,163.5884,163.7701,163.9394,164.0961,164.2404,164.3721,164.4914,165.5956,167.6866,168.7684,172.8353,175.8928,179.9383,183.972,187.9928,193,197.9925,202.9691,208.9284,208.8727,207.802,204.7191,201.6232,201.5079,198.3865,196.2504,194.1023,191.9427,190.7658,188.5838,186.3916,184.1899,182.9679,180.747,179.504,177.2654,175.0194,173.748,173.4467,172.154,171.8281,172.4635,172.1095,172.7126,173.2984,173.8666,174.4171,174.9496,175.464,175.9601,176.4376,176.8965,176.3882
34.51334,33.09508,31.48348,30.06886,28.65195,27.23285,25.81169,24.38855,22.96356,21.53682,20.10844,18.67853,17.2472,15.81455,14.3807,12.94575,11.57957,10.25615,8.844777,7.546154,6.142311,4.711851,3.211243,1.640589,0,-1.727854,-3.542839,-5.470982,-7.293995,-9.072833,-10.72887,-12.3318,-14.09081,-15.61336,-17.16968,-18.68992,-20.17399,-21.73502,-23.15518,-24.53892,-25.8862,-27.34474,-28.62751,-30.03866,-31.25667,-32.43792,-33.77319,-35.28812,-36.59246,-38.09337,-39.81634,-41.31983,-43.0621,-44.81802,-46.58743,-48.37015,-50.166,-51.97481,-53.79639,-55.63057,-57.47716,-59.01867
162.3725,162.6675,162.9501,162.2371,162.4933,162.7371,162.9686,164.1766,163.3942,163.5884,163.7701,163.9394,164.0961,164.2404,164.3721,164.4914,165.5956,167.6866,168.7684,172.8353,175.8928,179.9383,183.972,187.9928,193,197.9925,202.9691,208.9284,209.8721,207.802,205.7177,202.6214,201.5079,198.3865,196.2504,194.1023,191.9427,190.7658,188.5838,186.3916,185.1801,182.9679,181.7347,179.504,177.2654,176.0026,173.748,173.4467,172.154,171.8281,172.4635,173.0818,172.7126,174.2666,173.8666,174.4171,174.9496,175.464,175.9601,176.4376,176.8965,175.4399
34.51334,33.09508,31.67429,30.06886,28.65195,27.23285,25.81169,24.53636,22.96356,21.53682,20.10844,18.67853,17.2472,15.81455,14.3807,12.94575,11.57957,10.25615,8.844777,7.546154,6.142311,4.711851,3.211243,1.640589,0,-1.727854,-3.542839,-5.470982,-7.328894,-9.072833,-10.78121,-12.39285,-14.09081,-15.61336,-17.16968,-18.68992,-20.17399,-21.73502,-23.15518,-24.53892,-26.02537,-27.34474,-28.78394,-30.03866,-31.25667,-32.62016,-33.77319,-35.28812,-36.59246,-38.09337,-39.81634,-41.55327,-43.0621,-45.0684,-46.58743,-48.37015,-50.166,-51.97481,-53.79639,-55.63057,-57.47716,-58.70136
162.3725,162.6675,162.9501,162.2371,163.4781,162.7371,163.9563,163.1876,163.3942,163.5884,163.7701,163.9394,164.0961,164.2404,164.3721,164.4914,165.5956,167.6866,168.7684,172.8353,175.8928,179.9383,183.972,187.9928,193,197.9925,202.9691,208.9284,208.8727,207.802,204.7191,202.6214,201.5079,197.3896,196.2504,194.1023,192.9372,190.7658,188.5838,186.3916,185.1801,182.9679,180.747,179.504,177.2654,176.0026,173.748,173.4467,172.154,171.8281,172.4635,173.0818,173.6829,174.2666,173.8666,174.4171,174.9496,175.464,175.9601,176.4376,176.8965,176.3882
34.51334,33.09508,31.67429,30.06886,28.8256,27.23285,25.96812,24.38855,22.96356,21.53682,20.10844,18.67853,17.2472,15.81455,14.3807,12.94575,11.57957,10.25615,8.844777,7.546154,6.142311,4.711851,3.211243,1.640589,0,-1.727854,-3.542839,-5.470982,-7.293995,-9.072833,-10.72887,-12.39285,-14.09081,-15.5349,-17.16968,-18.68992,-20.27852,-21.73502,-23.15518,-24.53892,-26.02537,-27.34474,-28.62751,-30.03866,-31.25667,-32.62016,-33.77319,-35.28812,-36.59246,-38.09337,-39.81634,-41.55327,-43.30402,-45.0684,-46.58743,-48.37015,-50.166,-51.97481,-53.79639,-55.63057,-57.47716,-59.01867
162.3725,162.6675,162.9501,163.2203,162.4933,162.7371,162.9686,163.1876,163.3942,163.5884,163.7701,163.9394,164.0961,164.2404,164.3721,164.4914,165.5956,167.6866,168.7684,171.8363,175.8928,179.9383,183.972,187.9928,193,197.9925,202.9691,208.9284,209.8721,207.802,205.7177,203.6195,201.5079,199.3835,196.2504,195.0977,192.9372,190.7658,188.5838,186.3916,185.1801,182.9679,180.747,179.504,177.2654,175.0194,173.748,173.4467,172.154,171.8281,172.4635,173.0818,172.7126,174.2666,173.8666,174.4171,174.9496,175.464,175.9601,176.4376,176.8965,176.3882
34.51334,33.09508,31.67429,30.2511,28.65195,27.23285,25.81169,24.38855,22.96356,21.53682,20.10844,18.67853,17.2472,15.81455,14.3807,12.94575,11.57957,10.25615,8.844777,7.502535,6.142311,4.711851,3.211243,1.640589,0,-1.727854,-3.542839,-5.470982,-7.328894,-9.072833,-10.78121,-12.4539,-14.09081,-15.69182,-17.16968,-18.78577,-20.27852,-21.73502,-23.15518,-24.53892,-26.02537,-27.34474,-28.62751,-30.03866,-31.25667,-32.43792,-33.77319,-35.28812,-36.59246,-38.09337,-39.81634,-41.55327,-43.0621,-45.0684,-46.58743,-48.37015,-50.166,-51.97481,-53.79639,-55.63057,-57.47716,-59.01867
162.3725,162.6675,161.9685,163.2203,162.4933,162.7371,162.9686,163.1876,163.3942,163.5884,163.7701,163.9394,164.0961,164.2404,164.3721,164.4914,165.5956,168.6848,169.767,172.8353,175.8928,179.9383,183.972,187.9928,193,197.9925,202.9691,208.9284,208.8727,207.802,204.7191,202.6214,199.5128,198.3865,196.2504,195.0977,192.9372,189.7722,188.5838,186.3916,185.1801,182.9679,180.747,179.504,177.2654,175.0194,173.748,173.4467,172.154,171.8281,172.4635,173.0818,173.6829,173.2984,173.8666,174.4171,174.9496,175.464,175.9601,176.4376,176.8965,176.3882
34.51334,33.09508,31.48348,30.2511,28.65195,27.23285,25.81169,24.38855,22.96356,21.53682,20.10844,18.67853,17.2472,15.81455,14.3807,12.94575,11.57957,10.3172,8.897113,7.546154,6.142311,4.711851,3.211243,1.640589,0,-1.727854,-3.542839,-5.470982,-7.293995,-9.072833,-10.72887,-12.39285,-13.95129,-15.61336,-17.16968,-18.78577,-20.27852,-21.62181,-23.15518,-24.53892,-26.02537,-27.34474,-28.62751,-30.03866,-31.25667,-32.43792,-33.77319,-35.28812,-36.59246,-38.09337,-39.81634,-41.55327,-43.30402,-44.81802,-46.58743,-48.37015,-50.166,-51.97481,-53.79639,-55.63057,-57.47716,-59.01867
162.3725,162.6675,161.9685,162.2371,162.4933,162.7371,162.9686,163.1876,163.3942,163.5884,163.7701,163.9394,164.0961,164.2404,164.3721,164.4914,165.5956,167.6866,168.7684,172.8353,175.8928,179.9383,183.972,188.9928,193,197.9925,201.9692,208.9284,209.8721,207.802,204.7191,202.6214,201.5079,198.3865,196.2504,195.0977,192.9372,190.7658,188.5838,186.3916,184.1899,182.9679,181.7347,179.504,177.2654,176.0026,173.748,173.4467,172.154,171.8281,172.4635,173.0818,172.7126,173.2984,173.8666,174.4171,174.9496,175.464,175.9601,176.4376,176.8965,176.3882
34.51334,33.09508,31.48348,30.06886,28.65195,27.23285,25.81169,24.38855,22.96356,21.53682,20.10844,18.67853,17.2472,15.81455,14.3807,12.94575,11.57957,10.25615,8.844777,7.546154,6.142311,4.711851,3.211243,1.649315,0,-1.727854,-3.525386,-5.470982,-7.328894,-9.072833,-10.72887,-12.39285,-14.09081,-15.61336,-17.16968,-18.78577,-20.27852,-21.73502,-23.15518,-24.53892,-25.8862,-27.34474,-28.78394,-30.03866,-31.25667,-32.62016,-33.77319,-35.28812,-36.59246,-38.09337,-39.81634,-41.55327,-43.0621,-44.81802,-46.58743,-48.37015,-50.166,-51.97481,-53.79639,-55.63057,-57.47716,-59.01867
162.3725,162.6675,161.9685,162.2371,162.4933,162.7371,162.9686,163.1876,163.3942,163.5884,163.7701,163.9394,164.0961,164.2404,164.3721,164.4914,165.5956,167.6866,168.7684,171.8363,175.8928,179.9383,183.972,187.9928,193,196.9925,202.9691,208.9284,208.8727,207.802,204.7191,202.6214,201.5079,198.3865,196.2504,194.1023,191.9427,190.7658,188.5838,186.3916,185.1801,182.9679,180.747,179.504,177.2654,176.0026,173.748,173.4467,172.154,171.8281,172.4635,173.0818,172.7126,174.2666,173.8666,174.4171,174.9496,175.464,175.9601,175.4839,176.8965,175.4399
34.51334,33.09508,31.48348,30.06886,28.65195,27.23285,25.81169,24.38855,22.96356,21.53682,20.10844,18.67853,17.2472,15.81455,14.3807,12.94575,11.57957,10.25615,8.844777,7.502535,6.142311,4.711851,3.211243,1.640589,0,-1.719127,-3.542839,-5.470982,-7.293995,-9.072833,-10.72887,-12.39285,-14.09081,-15.61336,-17.16968,-18.68992,-20.17399,-21.73502,-23.15518,-24.53892,-26.02537,-27.34474,-28.62751,-30.03866,-31.25667,-32.62016,-33.77319,-35.28812,-36.59246,-38.09337,-39.81634,-41.55327,-43.0621,-45.0684,-46.58743,-48.37015,-50.166,-51.97481,-53.79639,-55.32987,-57.47716,-58.70136
162.3725,162.6675,162.9501,163.2203,162.4933,162.7371,162.9686,163.1876,163.3942,163.5884,163.7701,163.9394,164.0961,164.2404,164.3721,164.4914,165.5956,168.6848,168.7684,171.8363,175.8928,179.9383,183.972,187.9928,193,197.9925,202.9691,208.9284,208.8727,207.802,204.7191,203.6195,200.5104,198.3865,196.2504,195.0977,191.9427,189.7722,188.5838,186.3916,185.1801,182.9679,180.747,179.504,177.2654,176.0026,173.748,173.4467,172.154,171.8281,172.4635,173.0818,172.7126,173.2984,173.8666,174.4171,174.9496,175.464,175.9601,176.4376,176.8965,176.3882
34.51334,33.09508,31.67429,30.2511,28.65195,27.23285,25.81169,24.38855,22.96356,21.53682,20.10844,18.67853,17.2472,15.81455,14.3807,12.94575,11.57957,10.3172,8.844777,7.502535,6.142311,4.711851,3.211243,1.640589,0,-1.727854,-3.542839,-5.470982,-7.293995,-9.072833,-10.72887,-12.4539,-14.02105,-15.61336,-17.16968,-18.78577,-20.17399,-21.62181,-23.15518,-24.53892,-26.02537,-27.34474,-28.62751,-30.03866,-31.25667,-32.62016,-33.77319,-35.28812,-36.59246,-38.09337,-39.81634,-41.55327,-43.0621,-44.81802,-46.58743,-48.37015,-50.166,-51.97481,-53.79639,-55.63057,-57.47716,-59.01867
162.3725,161.6876,162.9501,163.2203,162.4933,162.7371,162.9686,163.1876,163.3942,163.5884,163.7701,163.9394,164.0961,164.2404,164.3721,164.4914,165.5956,167.6866,168.7684,171.8363,175.8928,179.9383,183.972,188.9928,193,197.9925,202.9691,208.9284,208.8727,206.803,204.7191,202.6214,201.5079,199.3835,196.2504,194.1023,192.9372,190.7658,188.5838,186.3916,185.1801,182.9679,180.747,179.504,177.2654,176.0026,173.748,173.4467,172.154,171.8281,172.4635,173.0818,172.7126,173.2984,173.8666,174.4171,174.9496,175.464,175.9601,176.4376,176.8965,176.3882
34.51334,32.89571,31.67429,30.2511,28.65195,27.23285,25.81169,24.38855,22.96356,21.53682,20.10844,18.67853,17.2472,15.81455,14.3807,12.94575,11.57957,10.25615,8.844777,7.502535,6.142311,4.711851,3.211243,1.649315,0,-1.727854,-3.542839,-5.470982,-7.293995,-9.029213,-10.72887,-12.39285,-14.09081,-15.69182,-17.16968,-18.68992,-20.27852,-21.73502,-23.15518,-24.53892,-26.02537,-27.34474,-28.62751,-30.03866,-31.25667,-32.62016,-33.77319,-35.28812,-36.59246,-38.09337,-39.81634,-41.55327,-43.0621,-44.81802,-46.58743,-48.37015,-50.166,-51.97481,-53.79639,-55.63057,-57.47716,-59.01867
162.3725,162.6675,162.9501,162.2371,162.4933,162.7371,162.9686,163.1876,163.3942,163.5884,163.7701,163.9394,164.0961,164.2404,164.3721,164.4914,165.5956,167.6866,169.767,172.8353,175.8928,179.9383,183.972,188.9928,193,197.9925,202.9691,208.9284,208.8727,207.802,205.7177,202.6214,200.5104,199.3835,196.2504,194.1023,191.9427,189.7722,188.5838,186.3916,184.1899,182.9679,180.747,179.504,177.2654,175.0194,173.748,173.4467,172.154,171.8281,172.4635,173.0818,172.7126,173.2984,173.8666,174.4171,174.9496,175.464,175.9601,176.4376,176.8965,175.4399
34.51334,33.09508,31.67429,30.06886,28.65195,27.23285,25.81169,24.38855,22.96356,21.53682,20.10844,18.67853,17.2472,15.81455,14.3807,12.94575,11.57957,10.25615,8.897113,7.546154,6.142311,4.711851,3.211243,1.649315,0,-1.727854,-3.542839,-5.470982,-7.293995,-9.072833,-10.78121,-12.39285,-14.02105,-15.69182,-17.16968,-18.68992,-20.17399,-21.62181,-23.15518,-24.53892,-25.8862,-27.34474,-28.62751,-30.03866,-31.25667,-32.43792,-33.77319,-35.28812,-36.59246,-38.09337,-39.81634,-41.55327,-43.0621,-44.81802,-46.58743,-48.37015,-50.166,-51.97481,-53.79639,-55.63057,-57.47716,-58.70136
162.3725,162.6675,162.9501,163.2203,162.4933,162.7371,162.9686,163.1876,163.3942,163.5884,163.7701,163.9394,164.0961,164.2404,164.3721,164.4914,165.5956,167.6866,169.767,172.8353,175.8928,179.9383,183.972,188.9928,193,197.9925,202.9691,208.9284,208.8727,207.802,204.7191,201.6232,201.5079,198.3865,196.2504,194.1023,192.9372,190.7658,188.5838,186.3916,185.1801,182.9679,180.747,178.5177,177.2654,175.0194,173.748,173.4467,172.154,171.8281,172.4635,173.0818,173.6829,173.2984,173.8666,174.4171,174.9496,175.464,175.9601,176.4376,176.8965,176.3882
34.51334,33.09508,31.67429,30.2511,28.65195,27.23285,25.81169,24.38855,22.96356,21.53682,20.10844,18.67853,17.2472,15.81455,14.3807,12.94575,11.57957,10.25615,8.897113,7.546154,6.142311,4.711851,3.211243,1.649315,0,-1.727854,-3.542839,-5.470982,-7.293995,-9.072833,-10.72887,-12.3318,-14.09081,-15.61336,-17.16968,-18.68992,-20.27852,-21.73502,-23.15518,-24.53892,-26.02537,-27.34474,-28.62751,-29.87362,-31.25667,-32.43792,-33.77319,-35.28812,-36.59246,-38.09337,-39.81634,-41.55327,-43.30402,-44.81802,-46.58743,-48.37015,-50.166,-51.97481,-53.79639,-55.63057,-57.47716,-59.01867
162.3725,162.6675,162.9501,163.2203,162.4933,162.7371,162.9686,163.1876,163.3942,163.5884,163.7701,163.9394,164.0961,164.2404,164.3721,164.4914,165.5956,167.6866,168.7684,172.8353,175.8928,179.9383,183.972,187.9928,193,197.9925,202.9691,208.9284,208.8727,207.802,204.7191,202.6214,200.5104,198.3865,196.2504,195.0977,192.9372,190.7658,188.5838,186.3916,185.1801,182.9679,181.7347,179.504,177.2654,176.0026,173.748,173.4467,172.154,171.8281,172.4635,173.0818,173.6829,173.2984,173.8666,174.4171,174.9496,175.464,175.9601,175.4839,176.8965,175.4399
34.51334,33.09508,31.67429,30.2511,28.65195,27.23285,25.81169,24.38855,22.96356,21.53682,20.10844,18.67853,17.2472,15.81455,14.3807,12.94575,11.57957,10.25615,8.844777,7.546154,6.142311,4.711851,3.211243,1.640589,0,-1.727854,-3.542839,-5.470982,-7.293995,-9.072833,-10.72887,-12.39285,-14.02105,-15.61336,-17.16968,-18.78577,-20.27852,-21.73502,-23.15518,-24.53892,-26.02537,-27.34474,-28.78394,-30.03866,-31.25667,-32.62016,-33.77319,-35.28812,-36.59246,-38.09337,-39.81634,-41.55327,-43.30402,-44.81802,-46.58743,-48.37015,-50.166,-51.97481,-53.79639,-55.32987,-57.47716,-58.70136
162.3725,162.6675,162.9501,162.2371,162.4933,162.7371,162.9686,163.1876,163.3942,163.5884,163.7701,163.9394,164.0961,164.2404,164.3721,165.4883,165.5956,168.6848,168.7684,171.8363,175.8928,179.9383,183.972,187.9928,193,197.9925,202.9691,208.9284,209.8721,206.803,204.7191,202.6214,201.5079,198.3865,196.2504,194.1023,191.9427,190.7658,188.5838,186.3916,185.1801,182.9679,180.747,178.5177,177.2654,176.0026,173.748,172.4667,172.154,172.8044,172.4635,173.0818,172.7126,174.2666,173.8666,174.4171,174.9496,174.5052,175.9601,176.4376,176.8965,176.3882
34.51334,33.09508,31.67429,30.06886,28.65195,27.23285,25.81169,24.38855,22.96356,21.53682,20.10844,18.67853,17.2472,15.81455,14.3807,13.02421,11.57957,10.3172,8.844777,7.502535,6.142311,4.711851,3.211243,1.640589,0,-1.727854,-3.542839,-5.470982,-7.328894,-9.029213,-10.72887,-12.39285,-14.09081,-15.61336,-17.16968,-18.68992,-20.17399,-21.73502,-23.15518,-24.53892,-26.02537,-27.34474,-28.62751,-29.87362,-31.25667,-32.62016,-33.77319,-35.08876,-36.59246,-38.30981,-39.81634,-41.55327,-43.0621,-45.0684,-46.58743,-48.37015,-50.166,-51.69079,-53.79639,-55.63057,-57.47716,-59.01867
164.3288,161.6876,162.9501,162.2371,163.4781,162.7371,162.9686,163.1876,163.3942,163.5884,163.7701,163.9394,164.0961,164.2404,164.3721,164.4914,165.5956,168.6848,168.7684,171.8363,175.8928,179.9383,183.972,187.9928,193,197.9925,202.9691,208.9284,209.8721,206.803,204.7191,203.6195,200.5104,198.3865,196.2504,195.0977,191.9427,190.7658,188.5838,186.3916,185.1801,182.9679,181.7347,179.504,177.2654,175.0194,173.748,172.4667,172.154,171.8281,172.4635,173.0818,172.7126,173.2984,174.8326,174.4171,174.9496,175.464,175.9601,176.4376,176.8965,176.3882
34.92916,32.89571,31.67429,30.06886,28.8256,27.23285,25.81169,24.38855,22.96356,21.53682,20.10844,18.67853,17.2472,15.81455,14.3807,12.94575,11.57957,10.3172,8.844777,7.502535,6.142311,4.711851,3.211243,1.640589,0,-1.727854,-3.542839,-5.470982,-7.328894,-9.029213,-10.72887,-12.4539,-14.02105,-15.61336,-17.16968,-18.78577,-20.17399,-21.73502,-23.15518,-24.53892,-26.02537,-27.34474,-28.78394,-30.03866,-31.25667,-32.43792,-33.77319,-35.08876,-36.59246,-38.09337,-39.81634,-41.55327,-43.0621,-44.81802,-46.84625,-48.37015,-50.166,-51.97481,-53.79639,-55.63057,-57.47716,-59.01867
