97.47921,96.17096,95.75798,95.3377,95.79717,95.35834,94.91225,94.45893,93.99842,93.53074,93.05595,93.43124,92.93778,92.43724,92.77306,91.41509,91.72744,91.19413,90.65388,90.10672,90.36682,89.80089,89.22811,88.64854,88.06222,88.2572,86.86951,90.14893,94.1382,99.58578,101.8944,100.3764,98.86216,97.35197,95.84605,94.34463,92.84792,92.07549,90.58281,89.09545,87.61366,86.8323,85.35597,83.8858,83.0976,81.63393,80.83965,80.0392,79.23266,79.70566,78.8737,78.66505,77.81433,77.57335,77.3127,77.03232,76.73214,76.41208,76.07209,75.71209,75.33203,74.93185,74.51149,74.07091
-46.4952,-46.90571,-47.74317,-48.57698,-49.86885,-50.70293,-51.53315,-52.35944,-53.18174,-54,-54.81414,-56.13915,-56.95234,-57.7612,-59.10296,-59.36565,-60.71307,-61.51122,-62.30469,-63.09341,-64.45803,-65.24416,-66.02533,-66.80147,-67.57252,-68.95409,-69.09912,-73.00117,-77.60154,-83.56239,-87.02604,-87.25585,-87.46585,-87.65611,-87.82673,-87.97779,-88.10939,-88.91627,-89.01548,-89.09545,-89.15631,-89.91748,-89.94642,-89.95651,-90.68511,-90.66367,-91.3726,-92.07457,-92.76953,-94.98951,-95.68145,-97.14325,-97.82602,-99.28935,-100.7559,-102.2253,-103.6975,-105.1722,-106.6491,-108.1281,-109.6088,-111.091,-112.5746,-114.0592
96.57663,96.17096,95.75798,96.2287,95.79717,95.35834,94.91225,94.45893,93.99842,93.53074,93.91758,93.43124,92.93778,92.43724,91.92967,91.41509,90.89355,91.19413,90.65388,90.10672,90.36682,89.80089,89.22811,88.64854,88.85557,88.2572,86.86951,90.14893,94.1382,100.3518,101.8944,100.3764,98.86216,97.35197,95.84605,94.34463,92.84792,92.07549,90.58281,89.09545,87.61366,86.8323,85.35597,83.8858,83.0976,81.63393,80.83965,80.0392,79.23266,79.06288,79.50978,78.03573,77.81433,77.57335,77.3127,77.03232,76.73214,76.41208,76.07209,75.71209,75.33203,74.93185,74.51149,74.07091
-46.06469,-46.90571,-47.74317,-49.03097,-49.86885,-50.70293,-51.53315,-52.35944,-53.18174,-54,-55.32168,-56.13915,-56.95234,-57.7612,-58.56566,-59.36565,-60.16113,-61.51122,-62.30469,-63.09341,-64.45803,-65.24416,-66.02533,-66.80147,-68.18128,-68.95409,-69.09912,-73.00117,-77.60154,-84.20518,-87.02604,-87.25585,-87.46585,-87.65611,-87.82673,-87.97779,-88.10939,-88.91627,-89.01548,-89.09545,-89.15631,-89.91748,-89.94642,-89.95651,-90.68511,-90.66367,-91.3726,-92.07457,-92.76953,-94.22347,-96.45307,-96.3661,-97.82602,-99.28935,-100.7559,-102.2253,-103.6975,-105.1722,-106.6491,-108.1281,-109.6088,-111.091,-112.5746,-114.0592
97.47921,96.17096,95.75798,96.2287,95.79717,95.35834,94.91225,94.45893,94.86877,93.53074,93.91758,93.43124,92.93778,92.43724,91.92967,91.41509,91.72744,91.19413,90.65388,90.10672,89.55271,89.80089,89.22811,88.64854,88.85557,88.2572,87.65211,90.92608,94.1382,100.3518,101.8944,100.3764,98.86216,97.35197,95.84605,95.07598,92.84792,92.07549,90.58281,89.09545,88.31457,86.8323,85.35597,83.8858,83.0976,81.63393,80.83965,80.0392,79.88211,79.70566,79.50978,78.03573,77.81433,77.57335,77.3127,77.03232,76.73214,76.41208,76.07209,75.71209,75.33203,74.93185,74.51149,74.07091
-46.4952,-46.90571,-47.74317,-49.03097,-49.86885,-50.70293,-51.53315,-52.35944,-53.67417,-54,-55.32168,-56.13915,-56.95234,-57.7612,-58.56566,-59.36565,-60.71307,-61.51122,-62.30469,-63.09341,-63.87733,-65.24416,-66.02533,-66.80147,-68.18128,-68.95409,-69.72164,-73.63049,-77.60154,-84.20518,-87.02604,-87.25585,-87.46585,-87.65611,-87.82673,-88.65979,-88.10939,-88.91627,-89.01548,-89.09545,-89.86956,-89.91748,-89.94642,-89.95651,-90.68511,-90.66367,-91.3726,-92.07457,-93.52993,-94.98951,-96.45307,-96.3661,-97.82602,-99.28935,-100.7559,-102.2253,-103.6975,-105.1722,-106.6491,-108.1281,-109.6088,-111.091,-112.5746,-114.0592
98.3818,96.17096,96.65291,96.2287,95.79717,95.35834,94.91225,94.45893,93.99842,94.39677,93.05595,93.43124,92.93778,92.43724,91.92967,92.25376,91.72744,91.19413,90.65388,90.10672,90.36682,89.80089,89.22811,88.64854,88.06222,88.2572,86.86951,90.92608,94.90982,99.58578,101.8944,100.3764,98.86216,97.35197,96.58333,95.07598,92.84792,92.07549,90.58281,89.09545,87.61366,86.8323,85.35597,83.8858,82.42201,81.63393,80.83965,80.0392,79.88211,79.70566,79.50978,78.66505,77.81433,77.57335,77.3127,77.03232,76.73214,76.41208,76.07209,75.71209,75.33203,74.93185,74.51149,74.07091
-46.92571,-46.90571,-48.18936,-49.03097,-49.86885,-50.70293,-51.53315,-52.35944,-53.18174,-54.5,-54.81414,-56.13915,-56.95234,-57.7612,-58.56566,-59.91029,-60.71307,-61.51122,-62.30469,-63.09341,-64.45803,-65.24416,-66.02533,-66.80147,-67.57252,-68.95409,-69.09912,-73.63049,-78.23762,-83.56239,-87.02604,-87.25585,-87.46585,-87.65611,-88.50232,-88.65979,-88.10939,-88.91627,-89.01548,-89.09545,-89.15631,-89.91748,-89.94642,-89.95651,-89.94784,-90.66367,-91.3726,-92.07457,-93.52993,-94.98951,-96.45307,-97.14325,-97.82602,-99.28935,-100.7559,-102.2253,-103.6975,-105.1722,-106.6491,-108.1281,-109.6088,-111.091,-112.5746,-114.0592
96.57663,96.17096,95.75798,95.3377,95.79717,95.35834,94.91225,94.45893,93.99842,94.39677,93.05595,93.43124,92.93778,92.43724,91.92967,92.25376,90.89355,91.19413,90.65388,90.10672,90.36682,89.80089,89.22811,88.64854,88.06222,88.2572,86.86951,90.92608,94.90982,100.3518,101.134,100.3764,98.86216,97.35197,96.58333,95.07598,93.57329,92.07549,90.58281,89.09545,87.61366,86.8323,85.35597,83.8858,83.0976,81.63393,80.83965,80.0392,79.88211,79.70566,78.8737,78.66505,78.43684,77.57335,77.3127,77.03232,76.73214,76.41208,76.07209,75.71209,75.33203,74.93185,78.92699,74.61555
-46.06469,-46.90571,-47.74317,-48.57698,-49.86885,-50.70293,-51.53315,-52.35944,-53.18174,-54.5,-54.81414,-56.13915,-56.95234,-57.7612,-58.56566,-59.91029,-60.16113,-61.51122,-62.30469,-63.09341,-64.45803,-65.24416,-66.02533,-66.80147,-67.57252,-68.95409,-69.09912,-73.63049,-78.23762,-84.20518,-86.37659,-87.25585,-87.46585,-87.65611,-88.50232,-88.65979,-88.79774,-88.91627,-89.01548,-89.09545,-89.15631,-89.91748,-89.94642,-89.95651,-90.68511,-90.66367,-91.3726,-92.07457,-93.52993,-94.98951,-95.68145,-97.14325,-98.60863,-99.28935,-100.7559,-102.2253,-103.6975,-105.1722,-106.6491,-108.1281,-109.6088,-111.091,-119.2457,-114.8979
91.16111,96.17096,96.65291,96.2287,95.79717,95.35834,94.91225,94.45893,93.99842,93.53074,93.91758,93.43124,92.93778,92.43724,91.92967,91.41509,91.72744,91.19413,90.65388,90.92588,89.55271,89.80089,89.22811,88.64854,88.85557,88.2572,88.43472,90.14893,94.1382,100.3518,101.8944,100.3764,98.86216,97.35197,95.84605,95.07598,92.84792,92.07549,90.58281,89.09545,87.61366,86.8323,85.35597,83.8858,82.42201,81.63393,79.51441,80.0392,79.23266,79.70566,78.8737,78.03573,77.81433,77.57335,77.3127,77.03232,76.73214,76.41208,76.07209,75.71209,75.33203,74.93185,74.51149,74.07091
-43.48162,-46.90571,-48.18936,-49.03097,-49.86885,-50.70293,-51.53315,-52.35944,-53.18174,-54,-55.32168,-56.13915,-56.95234,-57.7612,-58.56566,-59.36565,-60.71307,-61.51122,-62.30469,-63.66698,-63.87733,-65.24416,-66.02533,-66.80147,-68.18128,-68.95409,-70.34415,-73.00117,-77.60154,-84.20518,-87.02604,-87.25585,-87.46585,-87.65611,-87.82673,-88.65979,-88.10939,-88.91627,-89.01548,-89.09545,-89.15631,-89.91748,-89.94642,-89.95651,-89.94784,-90.66367,-89.87469,-92.07457,-92.76953,-94.98951,-95.68145,-96.3661,-97.82602,-99.28935,-100.7559,-102.2253,-103.6975,-105.1722,-106.6491,-108.1281,-109.6088,-111.091,-112.5746,-114.0592
97.47921,96.17096,95.75798,96.2287,95.79717,95.35834,94.91225,94.45893,93.99842,93.53074,93.91758,93.43124,92.93778,92.43724,91.92967,91.41509,91.72744,91.19413,90.65388,90.10672,90.36682,89.80089,89.22811,88.64854,88.06222,88.2572,87.65211,90.92608,94.1382,100.3518,101.8944,100.3764,98.86216,97.35197,96.58333,95.07598,92.84792,92.07549,90.58281,89.09545,87.61366,86.8323,85.35597,83.8858,82.42201,81.63393,80.83965,80.0392,79.23266,79.70566,78.8737,78.03573,77.81433,77.57335,77.3127,77.03232,76.73214,76.41208,76.07209,75.71209,75.33203,74.93185,74.51149,74.07091
-46.4952,-46.90571,-47.74317,-49.03097,-49.86885,-50.70293,-51.53315,-52.35944,-53.18174,-54,-55.32168,-56.13915,-56.95234,-57.7612,-58.56566,-59.36565,-60.71307,-61.51122,-62.30469,-63.09341,-64.45803,-65.24416,-66.02533,-66.80147,-67.57252,-68.95409,-69.72164,-73.63049,-77.60154,-84.20518,-87.02604,-87.25585,-87.46585,-87.65611,-88.50232,-88.65979,-88.10939,-88.91627,-89.01548,-89.09545,-89.15631,-89.91748,-89.94642,-89.95651,-89.94784,-90.66367,-91.3726,-92.07457,-92.76953,-94.98951,-95.68145,-96.3661,-97.82602,-99.28935,-100.7559,-102.2253,-103.6975,-105.1722,-106.6491,-108.1281,-109.6088,-111.091,-112.5746,-114.0592
97.47921,96.17096,96.65291,96.2287,95.79717,95.35834,94.91225,94.45893,93.99842,94.39677,93.91758,93.43124,92.93778,92.43724,91.92967,91.41509,91.72744,91.19413,90.65388,90.10672,90.36682,89.80089,89.22811,89.44718,88.06222,88.2572,86.86951,90.92608,94.1382,100.3518,101.8944,100.3764,98.86216,97.35197,95.84605,94.34463,93.57329,92.07549,90.58281,89.09545,87.61366,86.8323,85.35597,84.5678,82.42201,81.63393,80.83965,80.0392,79.88211,79.70566,78.23762,78.03573,78.43684,77.57335,77.3127,77.03232,76.73214,76.41208,76.07209,75.71209,75.33203,74.93185,74.51149,74.07091
-46.4952,-46.90571,-48.18936,-49.03097,-49.86885,-50.70293,-51.53315,-52.35944,-53.18174,-54.5,-55.32168,-56.13915,-56.95234,-57.7612,-58.56566,-59.36565,-60.71307,-61.51122,-62.30469,-63.09341,-64.45803,-65.24416,-66.02533,-67.40328,-67.57252,-68.95409,-69.09912,-73.63049,-77.60154,-84.20518,-87.02604,-87.25585,-87.46585,-87.65611,-87.82673,-87.97779,-88.79774,-88.91627,-89.01548,-89.09545,-89.15631,-89.91748,-89.94642,-90.68786,-89.94784,-90.66367,-91.3726,-92.07457,-93.52993,-94.98951,-94.90982,-96.3661,-98.60863,-99.28935,-100.7559,-102.2253,-103.6975,-105.1722,-106.6491,-108.1281,-109.6088,-111.091,-112.5746,-114.0592
92.96628,97.06976,95.75798,96.2287,95.79717,95.35834,94.91225,94.45893,93.99842,93.53074,93.05595,93.43124,92.93778,92.43724,92.77306,91.41509,91.72744,91.19413,90.65388,90.10672,90.36682,89.80089,89.22811,88.64854,88.06222,88.2572,86.86951,90.92608,94.1382,100.3518,101.134,100.3764,98.86216,97.35197,96.58333,94.34463,93.57329,92.07549,90.58281,89.80256,87.61366,86.8323,85.35597,83.8858,82.42201,81.63393,80.83965,80.0392,79.88211,79.70566,78.8737,78.66505,77.81433,77.57335,77.3127,77.03232,77.32696,76.41208,76.07209,75.71209,75.33203,74.93185,74.51149,74.07091
-44.34264,-47.34408,-47.74317,-49.03097,-49.86885,-50.70293,-51.53315,-52.35944,-53.18174,-54,-54.81414,-56.13915,-56.95234,-57.7612,-59.10296,-59.36565,-60.71307,-61.51122,-62.30469,-63.09341,-64.45803,-65.24416,-66.02533,-66.80147,-67.57252,-68.95409,-69.09912,-73.63049,-77.60154,-84.20518,-86.37659,-87.25585,-87.46585,-87.65611,-88.50232,-87.97779,-88.79774,-88.91627,-89.01548,-89.80256,-89.15631,-89.91748,-89.94642,-89.95651,-89.94784,-90.66367,-91.3726,-92.07457,-93.52993,-94.98951,-95.68145,-97.14325,-97.82602,-99.28935,-100.7559,-102.2253,-104.5014,-105.1722,-106.6491,-108.1281,-109.6088,-111.091,-112.5746,-114.0592
97.47921,96.17096,95.75798,96.2287,95.79717,95.35834,94.91225,94.45893,93.99842,94.39677,93.91758,92.57407,92.93778,92.43724,91.92967,91.41509,90.89355,91.19413,90.65388,90.92588,90.36682,89.80089,89.22811,88.64854,88.85557,88.2572,87.65211,90.14893,94.90982,99.58578,101.8944,100.3764,98.86216,97.35197,95.84605,95.07598,93.57329,92.07549,90.58281,89.09545,88.31457,86.8323,85.35597,83.8858,82.42201,81.63393,79.51441,80.0392,79.23266,79.06288,78.8737,78.03573,77.81433,77.57335,77.3127,77.03232,76.73214,76.41208,75.49138,75.71209,74.76562,74.93185,74.51149,74.07091
-46.4952,-46.90571,-47.74317,-49.03097,-49.86885,-50.70293,-51.53315,-52.35944,-53.18174,-54.5,-55.32168,-55.62411,-56.95234,-57.7612,-58.56566,-59.36565,-60.16113,-61.51122,-62.30469,-63.66698,-64.45803,-65.24416,-66.02533,-66.80147,-68.18128,-68.95409,-69.72164,-73.00117,-78.23762,-83.56239,-87.02604,-87.25585,-87.46585,-87.65611,-87.82673,-88.65979,-88.79774,-88.91627,-89.01548,-89.09545,-89.86956,-89.91748,-89.94642,-89.95651,-89.94784,-90.66367,-89.87469,-92.07457,-92.76953,-94.22347,-95.68145,-96.3661,-97.82602,-99.28935,-100.7559,-102.2253,-103.6975,-105.1722,-105.835,-108.1281,-108.7847,-111.091,-112.5746,-114.0592
97.47921,96.17096,95.75798,96.2287,95.79717,95.35834,94.91225,94.45893,93.99842,93.53074,93.05595,93.43124,92.93778,92.43724,91.92967,92.25376,91.72744,91.19413,90.65388,90.10672,90.36682,89.80089,89.22811,88.64854,88.85557,88.2572,86.86951,90.92608,94.1382,99.58578,101.8944,100.3764,98.86216,97.35197,95.84605,94.34463,92.84792,92.07549,90.58281,89.09545,87.61366,86.8323,85.35597,83.8858,83.0976,81.63393,80.83965,80.0392,79.88211,79.70566,79.50978,78.03573,77.81433,77.57335,77.3127,77.03232,76.73214,76.41208,76.07209,75.71209,75.33203,74.93185,74.51149,74.07091
-46.4952,-46.90571,-47.74317,-49.03097,-49.86885,-50.70293,-51.53315,-52.35944,-53.18174,-54,-54.81414,-56.13915,-56.95234,-57.7612,-58.56566,-59.91029,-60.71307,-61.51122,-62.30469,-63.09341,-64.45803,-65.24416,-66.02533,-66.80147,-68.18128,-68.95409,-69.09912,-73.63049,-77.60154,-83.56239,-87.02604,-87.25585,-87.46585,-87.65611,-87.82673,-87.97779,-88.10939,-88.91627,-89.01548,-89.09545,-89.15631,-89.91748,-89.94642,-89.95651,-90.68511,-90.66367,-91.3726,-92.07457,-93.52993,-94.98951,-96.45307,-96.3661,-97.82602,-99.28935,-100.7559,-102.2253,-103.6975,-105.1722,-106.6491,-108.1281,-109.6088,-111.091,-112.5746,-114.0592
97.47921,96.17096,96.65291,96.2287,95.79717,95.35834,94.91225,94.45893,93.99842,93.53074,93.91758,93.43124,92.93778,92.43724,91.92967,91.41509,90.89355,91.19413,90.65388,90.92588,90.36682,89.80089,89.22811,88.64854,88.85557,88.2572,86.86951,90.92608,94.1382,100.3518,101.8944,100.3764,98.86216,97.35197,95.84605,94.34463,93.57329,92.07549,90.58281,89.09545,88.31457,86.8323,85.35597,83.8858,83.0976,81.63393,80.83965,80.0392,79.88211,79.70566,79.50978,78.66505,78.43684,77.57335,77.3127,77.03232,76.73214,76.41208,76.07209,75.71209,75.33203,74.93185,74.51149,73.52627
-46.4952,-46.90571,-48.18936,-49.03097,-49.86885,-50.70293,-51.53315,-52.35944,-53.18174,-54,-55.32168,-56.13915,-56.95234,-57.7612,-58.56566,-59.36565,-60.16113,-61.51122,-62.30469,-63.66698,-64.45803,-65.24416,-66.02533,-66.80147,-68.18128,-68.95409,-69.09912,-73.63049,-77.60154,-84.20518,-87.02604,-87.25585,-87.46585,-87.65611,-87.82673,-87.97779,-88.79774,-88.91627,-89.01548,-89.09545,-89.86956,-89.91748,-89.94642,-89.95651,-90.68511,-90.66367,-91.3726,-92.07457,-93.52993,-94.98951,-96.45307,-97.14325,-98.60863,-99.28935,-100.7559,-102.2253,-103.6975,-105.1722,-106.6491,-108.1281,-109.6088,-111.091,-112.5746,-113.2205
97.47921,96.17096,96.65291,95.3377,95.79717,95.35834,94.91225,94.45893,93.99842,93.53074,93.05595,93.43124,92.93778,92.43724,91.92967,92.25376,91.72744,91.19413,90.65388,90.10672,90.36682,89.80089,89.22811,88.64854,88.85557,88.2572,87.65211,90.92608,94.1382,100.3518,101.8944,100.3764,98.86216,97.35197,95.84605,94.34463,92.84792,92.07549,90.58281,89.09545,88.31457,86.8323,85.35597,83.8858,82.42201,81.63393,79.51441,80.0392,79.88211,79.70566,78.23762,78.03573,77.81433,78.18901,77.3127,77.03232,76.73214,76.41208,76.07209,75.71209,75.33203,74.93185,74.51149,73.52627
-46.4952,-46.90571,-48.18936,-48.57698,-49.86885,-50.70293,-51.53315,-52.35944,-53.18174,-54,-54.81414,-56.13915,-56.95234,-57.7612,-58.56566,-59.91029,-60.71307,-61.51122,-62.30469,-63.09341,-64.45803,-65.24416,-66.02533,-66.80147,-68.18128,-68.95409,-69.72164,-73.63049,-77.60154,-84.20518,-87.02604,-87.25585,-87.46585,-87.65611,-87.82673,-87.97779,-88.10939,-88.91627,-89.01548,-89.09545,-89.86956,-89.91748,-89.94642,-89.95651,-89.94784,-90.66367,-89.87469,-92.07457,-93.52993,-94.98951,-94.90982,-96.3661,-97.82602,-100.0774,-100.7559,-102.2253,-103.6975,-105.1722,-106.6491,-108.1281,-109.6088,-111.091,-112.5746,-113.2205
97.47921,96.17096,96.65291,96.2287,95.79717,95.35834,94.91225,94.45893,93.99842,93.53074,93.05595,93.43124,92.93778,92.43724,91.92967,91.41509,91.72744,91.19413,90.65388,90.10672,90.36682,89.80089,89.22811,88.64854,88.06222,88.2572,86.86951,90.92608,94.1382,100.3518,101.134,100.3764,98.86216,97.35197,95.84605,94.34463,92.84792,92.07549,90.58281,89.09545,88.31457,86.8323,85.35597,84.5678,82.42201,81.63393,80.83965,80.0392,79.88211,79.70566,78.8737,78.03573,77.81433,77.57335,77.3127,77.03232,76.73214,76.41208,76.07209,75.71209,75.33203,74.93185,74.51149,74.07091
-46.4952,-46.90571,-48.18936,-49.03097,-49.86885,-50.70293,-51.53315,-52.35944,-53.18174,-54,-54.81414,-56.13915,-56.95234,-57.7612,-58.56566,-59.36565,-60.71307,-61.51122,-62.30469,-63.09341,-64.45803,-65.24416,-66.02533,-66.80147,-67.57252,-68.95409,-69.09912,-73.63049,-77.60154,-84.20518,-86.37659,-87.25585,-87.46585,-87.65611,-87.82673,-87.97779,-88.10939,-88.91627,-89.01548,-89.09545,-89.86956,-89.91748,-89.94642,-90.68786,-89.94784,-90.66367,-91.3726,-92.07457,-93.52993,-94.98951,-95.68145,-96.3661,-97.82602,-99.28935,-100.7559,-102.2253,-103.6975,-105.1722,-106.6491,-108.1281,-109.6088,-111.091,-112.5746,-114.0592
96.57663,97.06976,96.65291,96.2287,95.79717,95.35834,94.91225,94.45893,93.99842,93.53074,93.05595,93.43124,92.93778,92.43724,91.92967,91.41509,91.72744,91.19413,90.65388,90.92588,89.55271,89.80089,89.22811,89.44718,88.85557,88.2572,86.86951,90.92608,94.90982,100.3518,101.8944,100.3764,98.86216,97.35197,96.58333,95.07598,92.84792,92.07549,90.58281,89.09545,87.61366,86.8323,85.35597,83.8858,83.0976,81.63393,80.83965,80.0392,79.23266,79.06288,79.50978,78.03573,77.81433,77.57335,77.3127,77.03232,76.73214,76.41208,76.07209,75.71209,75.33203,74.93185,74.51149,74.07091
-46.06469,-47.34408,-48.18936,-49.03097,-49.86885,-50.70293,-51.53315,-52.35944,-53.18174,-54,-54.81414,-56.13915,-56.95234,-57.7612,-58.56566,-59.36565,-60.71307,-61.51122,-62.30469,-63.66698,-63.87733,-65.24416,-66.02533,-67.40328,-68.18128,-68.95409,-69.09912,-73.63049,-78.23762,-84.20518,-87.02604,-87.25585,-87.46585,-87.65611,-88.50232,-88.65979,-88.10939,-88.91627,-89.01548,-89.09545,-89.15631,-89.91748,-89.94642,-89.95651,-90.68511,-90.66367,-91.3726,-92.07457,-92.76953,-94.22347,-96.45307,-96.3661,-97.82602,-99.28935,-100.7559,-102.2253,-103.6975,-105.1722,-106.6491,-108.1281,-109.6088,-111.091,-112.5746,-114.0592
95.67404,96.17096,96.65291,95.3377,95.79717,95.35834,94.91225,94.45893,93.99842,93.53074,93.05595,92.57407,92.93778,92.43724,91.92967,91.41509,91.72744,91.19413,90.65388,90.10672,90.36682,89.80089,89.22811,88.64854,88.85557,88.2572,86.86951,90.92608,94.1382,99.58578,101.8944,100.3764,98.86216,97.35197,95.84605,94.34463,92.84792,92.07549,90.58281,88.38835,86.91275,86.13764,84.66761,83.2038,81.74642,80.9648,80.17703,79.38314,79.23266,78.42009,78.23762,77.40641,77.19181,77.57335,77.3127,77.03232,76.73214,76.41208,76.07209,75.71209,75.33203,74.93185,78.92699,74.07091
-45.63418,-46.90571,-48.18936,-48.57698,-49.86885,-50.70293,-51.53315,-52.35944,-53.18174,-54,-54.81414,-55.62411,-56.95234,-57.7612,-58.56566,-59.36565,-60.71307,-61.51122,-62.30469,-63.09341,-64.45803,-65.24416,-66.02533,-66.80147,-68.18128,-68.95409,-69.09912,-73.63049,-77.60154,-83.56239,-87.02604,-87.25585,-87.46585,-87.65611,-87.82673,-87.97779,-88.10939,-88.91627,-89.01548,-88.38835,-88.44306,-89.19814,-89.22105,-89.22515,-89.21056,-89.92052,-90.62364,-91.31986,-92.76953,-93.45742,-94.90982,-95.58895,-97.04341,-99.28935,-100.7559,-102.2253,-103.6975,-105.1722,-106.6491,-108.1281,-109.6088,-111.091,-119.2457,-114.0592
95.67404,96.17096,95.75798,96.2287,95.79717,95.35834,94.91225,94.45893,93.99842,94.39677,93.05595,93.43124,92.93778,92.43724,91.92967,92.25376,91.72744,91.19413,90.65388,90.92588,89.55271,89.80089,89.22811,88.64854,88.85557,88.2572,86.86951,90.92608,94.1382,100.3518,101.8944,100.3764,98.86216,97.35197,95.84605,94.34463,93.57329,92.07549,90.58281,88.38835,86.91275,86.13764,84.66761,83.2038,82.42201,80.9648,80.17703,79.38314,79.23266,79.06288,78.23762,77.40641,77.19181,77.57335,77.3127,77.03232,76.73214,76.41208,76.07209,75.71209,75.33203,74.93185,78.37505,74.07091
-45.63418,-46.90571,-47.74317,-49.03097,-49.86885,-50.70293,-51.53315,-52.35944,-53.18174,-54.5,-54.81414,-56.13915,-56.95234,-57.7612,-58.56566,-59.91029,-60.71307,-61.51122,-62.30469,-63.66698,-63.87733,-65.24416,-66.02533,-66.80147,-68.18128,-68.95409,-69.09912,-73.63049,-77.60154,-84.20518,-87.02604,-87.25585,-87.46585,-87.65611,-87.82673,-87.97779,-88.79774,-88.91627,-89.01548,-88.38835,-88.44306,-89.19814,-89.22105,-89.22515,-89.94784,-89.92052,-90.62364,-91.31986,-92.76953,-94.22347,-94.90982,-95.58895,-97.04341,-99.28935,-100.7559,-102.2253,-103.6975,-105.1722,-106.6491,-108.1281,-109.6088,-111.091,-118.4118,-114.0592
96.57663,96.17096,95.75798,96.2287,95.79717,95.35834,94.91225,94.45893,93.99842,93.53074,93.91758,93.43124,92.93778,92.43724,91.92967,92.25376,91.72744,91.19413,90.65388,90.92588,90.36682,89.80089,89.22811,88.64854,88.85557,88.2572,86.86951,90.92608,94.1382,99.58578,101.8944,100.3764,98.86216,97.35197,95.84605,95.07598,92.84792,92.07549,90.58281,88.38835,87.61366,86.13764,84.66761,83.2038,81.74642,80.9648,80.17703,79.38314,78.58321,79.06288,78.23762,77.40641,77.19181,77.57335,77.3127,77.03232,76.73214,76.41208,76.07209,75.71209,75.33203,74.93185,74.51149,74.07091
-46.06469,-46.90571,-47.74317,-49.03097,-49.86885,-50.70293,-51.53315,-52.35944,-53.18174,-54,-55.32168,-56.13915,-56.95234,-57.7612,-58.56566,-59.91029,-60.71307,-61.51122,-62.30469,-63.66698,-64.45803,-65.24416,-66.02533,-66.80147,-68.18128,-68.95409,-69.09912,-73.63049,-77.60154,-83.56239,-87.02604,-87.25585,-87.46585,-87.65611,-87.82673,-88.65979,-88.10939,-88.91627,-89.01548,-88.38835,-89.15631,-89.19814,-89.22105,-89.22515,-89.21056,-89.92052,-90.62364,-91.31986,-92.00912,-94.22347,-94.90982,-95.58895,-97.04341,-99.28935,-100.7559,-102.2253,-103.6975,-105.1722,-106.6491,-108.1281,-109.6088,-111.091,-112.5746,-114.0592
95.67404,96.17096,96.65291,96.2287,95.79717,95.35834,94.91225,94.45893,93.99842,94.39677,93.05595,93.43124,92.93778,92.43724,91.92967,91.41509,91.72744,90.3651,90.65388,90.92588,90.36682,89.80089,89.22811,88.64854,88.85557,88.2572,86.86951,90.92608,94.1382,99.58578,101.8944,100.3764,98.86216,97.35197,95.84605,94.34463,93.57329,92.07549,90.58281,88.38835,86.91275,86.13764,84.66761,83.8858,81.74642,80.9648,80.17703,79.38314,79.23266,79.06288,78.23762,77.40641,77.19181,77.57335,77.3127,77.03232,76.73214,76.41208,76.07209,75.71209,75.33203,74.93185,74.51149,73.52627
-45.63418,-46.90571,-48.18936,-49.03097,-49.86885,-50.70293,-51.53315,-52.35944,-53.18174,-54.5,-54.81414,-56.13915,-56.95234,-57.7612,-58.56566,-59.36565,-60.71307,-60.95203,-62.30469,-63.66698,-64.45803,-65.24416,-66.02533,-66.80147,-68.18128,-68.95409,-69.09912,-73.63049,-77.60154,-83.56239,-87.02604,-87.25585,-87.46585,-87.65611,-87.82673,-87.97779,-88.79774,-88.91627,-89.01548,-88.38835,-88.44306,-89.19814,-89.22105,-89.95651,-89.21056,-89.92052,-90.62364,-91.31986,-92.76953,-94.22347,-94.90982,-95.58895,-97.04341,-99.28935,-100.7559,-102.2253,-103.6975,-105.1722,-106.6491,-108.1281,-109.6088,-111.091,-112.5746,-113.2205
95.67404,96.17096,96.65291,96.2287,95.79717,95.35834,94.91225,94.45893,93.99842,93.53074,93.05595,93.43124,92.93778,92.43724,91.92967,91.41509,91.72744,91.19413,90.65388,90.10672,90.36682,89.80089,89.22811,88.64854,88.85557,88.2572,86.86951,90.92608,94.1382,100.3518,101.8944,100.3764,98.86216,97.35197,95.84605,95.07598,93.57329,92.07549,90.58281,89.80256,87.61366,86.8323,85.35597,83.8858,82.42201,81.63393,80.83965,80.0392,79.88211,79.70566,79.50978,78.03573,77.81433,77.57335,77.3127,77.03232,76.73214,76.41208,76.07209,75.71209,75.33203,74.93185,74.51149,74.61555
-45.63418,-46.90571,-48.18936,-49.03097,-49.86885,-50.70293,-51.53315,-52.35944,-53.18174,-54,-54.81414,-56.13915,-56.95234,-57.7612,-58.56566,-59.36565,-60.71307,-61.51122,-62.30469,-63.09341,-64.45803,-65.24416,-66.02533,-66.80147,-68.18128,-68.95409,-69.09912,-73.63049,-77.60154,-84.20518,-87.02604,-87.25585,-87.46585,-87.65611,-87.82673,-88.65979,-88.79774,-88.91627,-89.01548,-89.80256,-89.15631,-89.91748,-89.94642,-89.95651,-89.94784,-90.66367,-91.3726,-92.07457,-93.52993,-94.98951,-96.45307,-96.3661,-97.82602,-99.28935,-100.7559,-102.2253,-103.6975,-105.1722,-106.6491,-108.1281,-109.6088,-111.091,-112.5746,-114.8979
92.96628,97.06976,96.65291,96.2287,95.79717,95.35834,94.91225,94.45893,93.99842,93.53074,93.91758,93.43124,92.93778,92.43724,91.92967,92.25376,91.72744,91.19413,91.47801,90.10672,90.36682,89.80089,89.22811,89.44718,88.06222,88.2572,88.43472,90.92608,94.1382,101.1179,101.8944,100.3764,98.86216,97.35197,95.84605,95.07598,92.84792,92.07549,90.58281,89.09545,88.31457,86.8323,85.35597,83.8858,83.0976,81.63393,80.83965,80.0392,79.88211,79.70566,79.50978,78.66505,78.43684,78.18901,77.3127,77.03232,76.73214,76.41208,76.07209,75.71209,75.33203,74.93185,74.51149,74.07091
-44.34264,-47.34408,-48.18936,-49.03097,-49.86885,-50.70293,-51.53315,-52.35944,-53.18174,-54,-55.32168,-56.13915,-56.95234,-57.7612,-58.56566,-59.91029,-60.71307,-61.51122,-62.87109,-63.09341,-64.45803,-65.24416,-66.02533,-67.40328,-67.57252,-68.95409,-70.34415,-73.63049,-77.60154,-84.84796,-87.02604,-87.25585,-87.46585,-87.65611,-87.82673,-88.65979,-88.10939,-88.91627,-89.01548,-89.09545,-89.86956,-89.91748,-89.94642,-89.95651,-90.68511,-90.66367,-91.3726,-92.07457,-93.52993,-94.98951,-96.45307,-97.14325,-98.60863,-100.0774,-100.7559,-102.2253,-103.6975,-105.1722,-106.6491,-108.1281,-109.6088,-111.091,-112.5746,-114.0592
97.47921,96.17096,96.65291,96.2287,95.79717,95.35834,94.91225,94.45893,93.99842,93.53074,93.91758,93.43124,92.93778,93.28529,92.77306,91.41509,91.72744,91.19413,90.65388,90.92588,90.36682,89.80089,89.22811,89.44718,88.06222,89.04522,86.86951,90.92608,94.90982,100.3518,101.8944,100.3764,98.86216,97.35197,96.58333,95.07598,93.57329,92.07549,90.58281,89.09545,88.31457,86.8323,85.35597,83.8858,83.0976,81.63393,80.83965,80.0392,79.88211,79.70566,78.8737,78.03573,77.81433,77.57335,77.3127,77.03232,76.73214,76.41208,76.07209,75.71209,75.33203,74.93185,74.51149,74.61555
-46.4952,-46.90571,-48.18936,-49.03097,-49.86885,-50.70293,-51.53315,-52.35944,-53.18174,-54,-55.32168,-56.13915,-56.95234,-58.29112,-59.10296,-59.36565,-60.71307,-61.51122,-62.30469,-63.66698,-64.45803,-65.24416,-66.02533,-67.40328,-67.57252,-69.56975,-69.09912,-73.63049,-78.23762,-84.20518,-87.02604,-87.25585,-87.46585,-87.65611,-88.50232,-88.65979,-88.79774,-88.91627,-89.01548,-89.09545,-89.86956,-89.91748,-89.94642,-89.95651,-90.68511,-90.66367,-91.3726,-92.07457,-93.52993,-94.98951,-95.68145,-96.3661,-97.82602,-99.28935,-100.7559,-102.2253,-103.6975,-105.1722,-106.6491,-108.1281,-109.6088,-111.091,-112.5746,-114.8979
97.47921,96.17096,95.75798,96.2287,94.91016,95.35834,94.91225,94.45893,93.99842,94.39677,93.91758,93.43124,92.93778,92.43724,91.92967,91.41509,90.89355,91.19413,90.65388,90.10672,90.36682,89.80089,89.22811,88.64854,88.06222,88.2572,86.86951,90.92608,94.1382,100.3518,101.8944,100.3764,98.86216,97.35197,95.84605,94.34463,93.57329,92.07549,90.58281,89.09545,87.61366,86.8323,85.35597,83.8858,83.0976,81.63393,79.51441,80.0392,79.88211,79.70566,79.50978,78.66505,77.81433,78.18901,77.3127,77.03232,76.73214,76.41208,76.07209,75.71209,75.33203,74.93185,74.51149,73.52627
-46.4952,-46.90571,-47.74317,-49.03097,-49.4071,-50.70293,-51.53315,-52.35944,-53.18174,-54.5,-55.32168,-56.13915,-56.95234,-57.7612,-58.56566,-59.36565,-60.16113,-61.51122,-62.30469,-63.09341,-64.45803,-65.24416,-66.02533,-66.80147,-67.57252,-68.95409,-69.09912,-73.63049,-77.60154,-84.20518,-87.02604,-87.25585,-87.46585,-87.65611,-87.82673,-87.97779,-88.79774,-88.91627,-89.01548,-89.09545,-89.15631,-89.91748,-89.94642,-89.95651,-90.68511,-90.66367,-89.87469,-92.07457,-93.52993,-94.98951,-96.45307,-97.14325,-97.82602,-100.0774,-100.7559,-102.2253,-103.6975,-105.1722,-106.6491,-108.1281,-109.6088,-111.091,-112.5746,-113.2205
96.57663,96.17096,96.65291,95.3377,95.79717,95.35834,94.91225,94.45893,93.99842,94.39677,93.05595,92.57407,92.93778,92.43724,91.92967,92.25376,91.72744,90.3651,90.65388,90.10672,90.36682,89.80089,89.22811,88.64854,88.06222,88.2572,87.65211,90.92608,94.1382,100.3518,101.8944,99.62166,98.86216,97.35197,96.58333,94.34463,93.57329,92.07549,90.58281,88.38835,86.91275,86.13764,84.66761,83.2038,81.74642,80.9648,80.17703,79.38314,79.23266,79.06288,78.23762,77.40641,77.19181,77.57335,77.3127,77.03232,76.73214,76.41208,76.07209,75.71209,75.33203,74.93185,74.51149,74.07091
-46.06469,-46.90571,-48.18936,-48.57698,-49.86885,-50.70293,-51.53315,-52.35944,-53.18174,-54.5,-54.81414,-55.62411,-56.95234,-57.7612,-58.56566,-59.91029,-60.71307,-60.95203,-62.30469,-63.09341,-64.45803,-65.24416,-66.02533,-66.80147,-67.57252,-68.95409,-69.72164,-73.63049,-77.60154,-84.20518,-87.02604,-86.59979,-87.46585,-87.65611,-88.50232,-87.97779,-88.79774,-88.91627,-89.01548,-88.38835,-88.44306,-89.19814,-89.22105,-89.22515,-89.21056,-89.92052,-90.62364,-91.31986,-92.76953,-94.22347,-94.90982,-95.58895,-97.04341,-99.28935,-100.7559,-102.2253,-103.6975,-105.1722,-106.6491,-108.1281,-109.6088,-111.091,-112.5746,-114.0592
95.67404,96.17096,95.75798,96.2287,95.79717,95.35834,94.91225,94.45893,93.99842,94.39677,93.05595,93.43124,92.93778,92.43724,91.92967,91.41509,90.89355,91.19413,90.65388,90.10672,90.36682,89.80089,89.22811,88.64854,88.85557,88.2572,86.86951,90.92608,94.1382,100.3518,101.8944,101.1311,98.86216,97.35197,95.84605,94.34463,92.84792,92.07549,90.58281,88.38835,86.91275,86.13764,84.66761,83.2038,82.42201,80.9648,80.17703,79.38314,79.23266,78.42009,78.23762,77.40641,77.19181,77.57335,77.3127,77.03232,76.73214,76.41208,76.07209,75.71209,75.33203,74.93185,74.51149,74.07091
-45.63418,-46.90571,-47.74317,-49.03097,-49.86885,-50.70293,-51.53315,-52.35944,-53.18174,-54.5,-54.81414,-56.13915,-56.95234,-57.7612,-58.56566,-59.36565,-60.16113,-61.51122,-62.30469,-63.09341,-64.45803,-65.24416,-66.02533,-66.80147,-68.18128,-68.95409,-69.09912,-73.63049,-77.60154,-84.20518,-87.02604,-87.91191,-87.46585,-87.65611,-87.82673,-87.97779,-88.10939,-88.91627,-89.01548,-88.38835,-88.44306,-89.19814,-89.22105,-89.22515,-89.94784,-89.92052,-90.62364,-91.31986,-92.76953,-93.45742,-94.90982,-95.58895,-97.04341,-99.28935,-100.7559,-102.2253,-103.6975,-105.1722,-106.6491,-108.1281,-109.6088,-111.091,-112.5746,-114.0592
93.86887,97.06976,96.65291,96.2287,95.79717,95.35834,94.91225,94.45893,93.99842,93.53074,93.05595,92.57407,92.93778,92.43724,91.92967,92.25376,91.72744,91.19413,90.65388,90.10672,90.36682,89.80089,89.22811,88.64854,88.06222,88.2572,86.86951,89.37179,94.1382,100.3518,101.8944,100.3764,98.86216,97.35197,96.58333,95.07598,92.84792,92.07549,90.58281,88.38835,86.91275,86.13764,84.66761,83.2038,82.42201,80.9648,80.17703,79.38314,78.58321,79.06288,77.60154,77.40641,77.19181,77.57335,77.3127,77.03232,76.73214,76.41208,76.07209,75.71209,75.33203,74.93185,74.51149,74.61555
-44.77315,-47.34408,-48.18936,-49.03097,-49.86885,-50.70293,-51.53315,-52.35944,-53.18174,-54,-54.81414,-55.62411,-56.95234,-57.7612,-58.56566,-59.91029,-60.71307,-61.51122,-62.30469,-63.09341,-64.45803,-65.24416,-66.02533,-66.80147,-67.57252,-68.95409,-69.09912,-72.37184,-77.60154,-84.20518,-87.02604,-87.25585,-87.46585,-87.65611,-88.50232,-88.65979,-88.10939,-88.91627,-89.01548,-88.38835,-88.44306,-89.19814,-89.22105,-89.22515,-89.94784,-89.92052,-90.62364,-91.31986,-92.00912,-94.22347,-94.1382,-95.58895,-97.04341,-99.28935,-100.7559,-102.2253,-103.6975,-105.1722,-106.6491,-108.1281,-109.6088,-111.091,-112.5746,-114.8979
96.57663,96.17096,95.75798,96.2287,95.79717,95.35834,94.91225,94.45893,93.99842,93.53074,93.91758,93.43124,92.93778,92.43724,91.92967,91.41509,91.72744,91.19413,90.65388,90.10672,89.55271,89.80089,89.22811,88.64854,88.06222,88.2572,86.86951,90.92608,94.90982,100.3518,101.8944,100.3764,98.86216,97.35197,95.84605,94.34463,93.57329,92.07549,90.58281,88.38835,87.61366,86.13764,84.66761,83.2038,82.42201,80.9648,80.17703,79.38314,78.58321,79.06288,78.23762,77.40641,78.43684,77.57335,77.3127,77.03232,76.73214,76.41208,76.07209,75.71209,75.33203,74.93185,74.51149,74.07091
-46.06469,-46.90571,-47.74317,-49.03097,-49.86885,-50.70293,-51.53315,-52.35944,-53.18174,-54,-55.32168,-56.13915,-56.95234,-57.7612,-58.56566,-59.36565,-60.71307,-61.51122,-62.30469,-63.09341,-63.87733,-65.24416,-66.02533,-66.80147,-67.57252,-68.95409,-69.09912,-73.63049,-78.23762,-84.20518,-87.02604,-87.25585,-87.46585,-87.65611,-87.82673,-87.97779,-88.79774,-88.91627,-89.01548,-88.38835,-89.15631,-89.19814,-89.22105,-89.22515,-89.94784,-89.92052,-90.62364,-91.31986,-92.00912,-94.22347,-94.90982,-95.58895,-98.60863,-99.28935,-100.7559,-102.2253,-103.6975,-105.1722,-106.6491,-108.1281,-109.6088,-111.091,-112.5746,-114.0592
95.67404,96.17096,96.65291,96.2287,95.79717,95.35834,94.91225,94.45893,93.99842,93.53074,93.05595,93.43124,92.93778,92.43724,91.92967,91.41509,91.72744,91.19413,90.65388,90.10672,90.36682,89.80089,89.22811,88.64854,88.85557,88.2572,86.86951,90.92608,94.1382,100.3518,101.8944,100.3764,98.86216,97.35197,95.84605,95.07598,93.57329,92.07549,90.58281,88.38835,86.91275,86.13764,84.66761,83.2038,82.42201,80.9648,79.51441,79.38314,79.23266,79.06288,78.23762,77.40641,77.19181,77.57335,77.3127,77.03232,76.73214,76.41208,76.07209,75.71209,75.33203,74.93185,74.51149,74.07091
-45.63418,-46.90571,-48.18936,-49.03097,-49.86885,-50.70293,-51.53315,-52.35944,-53.18174,-54,-54.81414,-56.13915,-56.95234,-57.7612,-58.56566,-59.36565,-60.71307,-61.51122,-62.30469,-63.09341,-64.45803,-65.24416,-66.02533,-66.80147,-68.18128,-68.95409,-69.09912,-73.63049,-77.60154,-84.20518,-87.02604,-87.25585,-87.46585,-87.65611,-87.82673,-88.65979,-88.79774,-88.91627,-89.01548,-88.38835,-88.44306,-89.19814,-89.22105,-89.22515,-89.94784,-89.92052,-89.87469,-91.31986,-92.76953,-94.22347,-94.90982,-95.58895,-97.04341,-99.28935,-100.7559,-102.2253,-103.6975,-105.1722,-106.6491,-108.1281,-109.6088,-111.091,-112.5746,-114.0592
92.96628,96.17096,96.65291,96.2287,95.79717,95.35834,94.91225,94.45893,93.99842,93.53074,93.91758,93.43124,92.93778,92.43724,91.92967,91.41509,91.72744,91.19413,90.65388,90.10672,90.36682,89.80089,89.22811,88.64854,88.85557,88.2572,86.86951,90.92608,94.1382,100.3518,101.8944,100.3764,98.86216,97.35197,96.58333,95.07598,92.84792,92.07549,90.58281,88.38835,86.91275,86.13764,84.66761,83.2038,82.42201,80.9648,80.17703,79.38314,79.23266,78.42009,78.23762,78.03573,77.19181,77.57335,77.3127,77.03232,76.73214,76.41208,76.07209,75.71209,75.33203,74.93185,74.51149,74.07091
-44.34264,-46.90571,-48.18936,-49.03097,-49.86885,-50.70293,-51.53315,-52.35944,-53.18174,-54,-55.32168,-56.13915,-56.95234,-57.7612,-58.56566,-59.36565,-60.71307,-61.51122,-62.30469,-63.09341,-64.45803,-65.24416,-66.02533,-66.80147,-68.18128,-68.95409,-69.09912,-73.63049,-77.60154,-84.20518,-87.02604,-87.25585,-87.46585,-87.65611,-88.50232,-88.65979,-88.10939,-88.91627,-89.01548,-88.38835,-88.44306,-89.19814,-89.22105,-89.22515,-89.94784,-89.92052,-90.62364,-91.31986,-92.76953,-93.45742,-94.90982,-96.3661,-97.04341,-99.28935,-100.7559,-102.2253,-103.6975,-105.1722,-106.6491,-108.1281,-109.6088,-111.091,-112.5746,-114.0592
95.67404,96.17096,95.75798,96.2287,95.79717,95.35834,94.91225,94.45893,93.99842,93.53074,93.05595,93.43124,92.93778,92.43724,91.92967,91.41509,91.72744,91.19413,90.65388,90.10672,90.36682,89.80089,89.22811,88.64854,88.06222,88.2572,86.86951,90.92608,94.90982,100.3518,101.8944,100.3764,98.86216,98.09512,95.84605,95.07598,92.84792,92.07549,90.58281,88.38835,86.91275,86.13764,84.66761,83.2038,82.42201,80.9648,80.17703,79.38314,79.23266,79.06288,78.8737,78.03573,78.43684,77.57335,77.3127,77.03232,76.73214,76.41208,76.07209,75.71209,75.33203,74.93185,74.51149,74.07091
-45.63418,-46.90571,-47.74317,-49.03097,-49.86885,-50.70293,-51.53315,-52.35944,-53.18174,-54,-54.81414,-56.13915,-56.95234,-57.7612,-58.56566,-59.36565,-60.71307,-61.51122,-62.30469,-63.09341,-64.45803,-65.24416,-66.02533,-66.80147,-67.57252,-68.95409,-69.09912,-73.63049,-78.23762,-84.20518,-87.02604,-87.25585,-87.46585,-88.32524,-87.82673,-88.65979,-88.10939,-88.91627,-89.01548,-88.38835,-88.44306,-89.19814,-89.22105,-89.22515,-89.94784,-89.92052,-90.62364,-91.31986,-92.76953,-94.22347,-95.68145,-96.3661,-98.60863,-99.28935,-100.7559,-102.2253,-103.6975,-105.1722,-106.6491,-108.1281,-109.6088,-111.091,-112.5746,-114.0592
