190.6437,190.7382,189.8192,189.8843,188.9352,187.9714,186.9929,187,185.9929,184.9718,184.9366,183.8879,183.8249,183.7478,182.6587,184.5493,186.4235,188.2808,190.1207,190.9482,192.7529,193.5465,196.3061,198.0536,199.7812,200.5007,195.2845,191.0527,186.8184,181.601,177.3664,175.0884,173.7807,173.4379,173.0818,172.7126,172.3303,171.9348,171.5262,171.1046,170.6699,171.1786,169.7616,169.2881,168.8016,169.2478,168.7328,165.3859
11.66027,9.996168,8.287684,6.630904,4.947443,3.281052,1.631862,0,-1.623136,-3.228695,-4.842735,-6.421507,-8.025967,-9.629816,-11.17188,-12.90495,-14.67185,-16.47244,-18.30654,-20.06946,-21.96142,-23.76452,-25.84419,-27.83462,-29.8575,-31.7562,-32.67943,-33.68775,-34.62475,-35.29966,-36.0856,-37.21619,-38.52625,-40.04129,-41.55327,-43.0621,-44.56764,-46.06979,-47.56843,-49.06345,-50.55473,-52.33454,-53.52563,-55.00502,-56.48023,-58.2767,-59.75143,-60.19555
190.6437,190.7382,189.8192,189.8843,188.9352,187.9714,186.9929,187,185.9929,184.9718,184.9366,183.8879,183.8249,183.7478,183.6568,184.5493,186.4235,188.2808,190.1207,191.9427,192.7529,194.539,196.3061,198.0536,199.7812,199.513,195.2845,191.0527,186.8184,182.5827,178.3463,176.0666,173.7807,173.4379,173.0818,172.7126,172.3303,171.9348,171.5262,171.1046,170.6699,170.2222,169.7616,169.2881,169.7499,169.2478,168.7328,167.2653
11.66027,9.996168,8.287684,6.630904,4.947443,3.281052,1.631862,0,-1.623136,-3.228695,-4.842735,-6.421507,-8.025967,-9.629816,-11.23293,-12.90495,-14.67185,-16.47244,-18.30654,-20.17399,-21.96142,-23.88639,-25.84419,-27.83462,-29.8575,-31.59976,-32.67943,-33.68775,-34.62475,-35.49047,-36.28496,-37.4241,-38.52625,-40.04129,-41.55327,-43.0621,-44.56764,-46.06979,-47.56843,-49.06345,-50.55473,-52.04216,-53.52563,-55.00502,-56.79753,-58.2767,-59.75143,-60.87959
190.6437,190.7382,189.8192,189.8843,188.9352,187.9714,186.9929,187,185.9929,184.9718,183.9369,183.8879,182.8258,183.7478,182.6587,184.5493,186.4235,188.2808,189.1253,191.9427,192.7529,194.539,196.3061,198.0536,199.7812,200.5007,195.2845,191.0527,186.8184,182.5827,177.3664,176.0666,173.7807,173.4379,172.1095,172.7126,171.3621,171.9348,171.5262,171.1046,170.6699,170.2222,169.7616,170.2391,168.8016,169.2478,168.7328,168.205
11.66027,9.996168,8.287684,6.630904,4.947443,3.281052,1.631862,0,-1.623136,-3.228695,-4.816558,-6.421507,-7.982348,-9.629816,-11.17188,-12.90495,-14.67185,-16.47244,-18.21069,-20.17399,-21.96142,-23.88639,-25.84419,-27.83462,-29.8575,-31.7562,-32.67943,-33.68775,-34.62475,-35.49047,-36.0856,-37.4241,-38.52625,-40.04129,-41.31983,-43.0621,-44.31726,-46.06979,-47.56843,-49.06345,-50.55473,-52.04216,-53.52563,-55.31404,-56.48023,-58.2767,-59.75143,-61.22161
191.6419,190.7382,189.8192,189.8843,188.9352,187.9714,186.9929,187,185.9929,184.9718,184.9366,183.8879,183.8249,183.7478,182.6587,184.5493,186.4235,188.2808,189.1253,190.9482,192.7529,194.539,196.3061,198.0536,198.7922,200.5007,195.2845,190.0679,186.8184,182.5827,177.3664,176.0666,173.7807,173.4379,173.0818,172.7126,172.3303,171.9348,171.5262,171.1046,170.6699,170.2222,169.7616,169.2881,169.7499,169.2478,168.7328,165.3859
11.72132,9.996168,8.287684,6.630904,4.947443,3.281052,1.631862,0,-1.623136,-3.228695,-4.842735,-6.421507,-8.025967,-9.629816,-11.17188,-12.90495,-14.67185,-16.47244,-18.21069,-20.06946,-21.96142,-23.88639,-25.84419,-27.83462,-29.70969,-31.7562,-32.67943,-33.5141,-34.62475,-35.49047,-36.0856,-37.4241,-38.52625,-40.04129,-41.55327,-43.0621,-44.56764,-46.06979,-47.56843,-49.06345,-50.55473,-52.04216,-53.52563,-55.00502,-56.79753,-58.2767,-59.75143,-60.19555
190.6437,190.7382,189.8192,189.8843,188.9352,187.9714,186.9929,187,185.9929,184.9718,184.9366,183.8879,182.8258,183.7478,182.6587,184.5493,186.4235,188.2808,190.1207,190.9482,192.7529,194.539,196.3061,198.0536,199.7812,200.5007,195.2845,191.0527,186.8184,182.5827,178.3463,176.0666,173.7807,173.4379,173.0818,172.7126,172.3303,171.9348,171.5262,171.1046,170.6699,170.2222,170.7153,170.2391,169.7499,169.2478,168.7328,164.4462
11.66027,9.996168,8.287684,6.630904,4.947443,3.281052,1.631862,0,-1.623136,-3.228695,-4.842735,-6.421507,-7.982348,-9.629816,-11.17188,-12.90495,-14.67185,-16.47244,-18.30654,-20.06946,-21.96142,-23.88639,-25.84419,-27.83462,-29.8575,-31.7562,-32.67943,-33.68775,-34.62475,-35.49047,-36.28496,-37.4241,-38.52625,-40.04129,-41.55327,-43.0621,-44.56764,-46.06979,-47.56843,-49.06345,-50.55473,-52.04216,-53.82634,-55.31404,-56.79753,-58.2767,-59.75143,-59.85353
190.6437,190.7382,189.8192,189.8843,188.9352,187.9714,186.9929,187,185.9929,184.9718,184.9366,183.8879,183.8249,183.7478,182.6587,184.5493,186.4235,188.2808,189.1253,190.9482,192.7529,194.539,196.3061,198.0536,199.7812,200.5007,195.2845,191.0527,186.8184,182.5827,178.3463,176.0666,173.7807,173.4379,173.0818,172.7126,172.3303,171.9348,171.5262,171.1046,169.7111,170.2222,169.7616,169.2881,168.8016,169.2478,168.7328,165.3859
11.66027,9.996168,8.287684,6.630904,4.947443,3.281052,1.631862,0,-1.623136,-3.228695,-4.842735,-6.421507,-8.025967,-9.629816,-11.17188,-12.90495,-14.67185,-16.47244,-18.21069,-20.06946,-21.96142,-23.88639,-25.84419,-27.83462,-29.8575,-31.7562,-32.67943,-33.68775,-34.62475,-35.49047,-36.28496,-37.4241,-38.52625,-40.04129,-41.55327,-43.0621,-44.56764,-46.06979,-47.56843,-49.06345,-50.27072,-52.04216,-53.52563,-55.00502,-56.48023,-58.2767,-59.75143,-60.19555
190.6437,190.7382,189.8192,188.8849,188.9352,187.9714,187.9928,187,185.9929,184.9718,184.9366,183.8879,183.8249,183.7478,183.6568,184.5493,186.4235,188.2808,189.1253,191.9427,192.7529,194.539,196.3061,198.0536,199.7812,200.5007,195.2845,191.0527,186.8184,182.5827,177.3664,176.0666,173.7807,172.4635,173.0818,172.7126,172.3303,171.9348,171.5262,171.1046,170.6699,170.2222,170.7153,170.2391,168.8016,169.2478,168.7328,171.0241
11.66027,9.996168,8.287684,6.596005,4.947443,3.281052,1.640589,0,-1.623136,-3.228695,-4.842735,-6.421507,-8.025967,-9.629816,-11.23293,-12.90495,-14.67185,-16.47244,-18.21069,-20.17399,-21.96142,-23.88639,-25.84419,-27.83462,-29.8575,-31.7562,-32.67943,-33.68775,-34.62475,-35.49047,-36.0856,-37.4241,-38.52625,-39.81634,-41.55327,-43.0621,-44.56764,-46.06979,-47.56843,-49.06345,-50.55473,-52.04216,-53.82634,-55.31404,-56.48023,-58.2767,-59.75143,-62.24767
190.6437,190.7382,189.8192,189.8843,188.9352,187.9714,186.9929,187,185.9929,184.9718,184.9366,183.8879,183.8249,183.7478,182.6587,184.5493,186.4235,188.2808,190.1207,191.9427,192.7529,194.539,196.3061,198.0536,199.7812,200.5007,195.2845,191.0527,186.8184,182.5827,177.3664,176.0666,173.7807,173.4379,173.0818,172.7126,172.3303,171.9348,171.5262,171.1046,170.6699,170.2222,169.7616,170.2391,169.7499,169.2478,168.7328,168.205
11.66027,9.996168,8.287684,6.630904,4.947443,3.281052,1.631862,0,-1.623136,-3.228695,-4.842735,-6.421507,-8.025967,-9.629816,-11.17188,-12.90495,-14.67185,-16.47244,-18.30654,-20.17399,-21.96142,-23.88639,-25.84419,-27.83462,-29.8575,-31.7562,-32.67943,-33.68775,-34.62475,-35.49047,-36.0856,-37.4241,-38.52625,-40.04129,-41.55327,-43.0621,-44.56764,-46.06979,-47.56843,-49.06345,-50.55473,-52.04216,-53.52563,-55.31404,-56.79753,-58.2767,-59.75143,-61.22161
190.6437,191.7369,189.8192,188.8849,188.9352,187.9714,186.9929,187,185.9929,184.9718,184.9366,183.8879,182.8258,183.7478,183.6568,184.5493,186.4235,188.2808,189.1253,190.9482,192.7529,193.5465,196.3061,198.0536,199.7812,200.5007,195.2845,191.0527,186.8184,182.5827,178.3463,176.0666,173.7807,173.4379,173.0818,172.7126,172.3303,171.9348,171.5262,171.1046,170.6699,170.2222,169.7616,170.2391,169.7499,169.2478,167.7902,169.1447
11.66027,10.0485,8.287684,6.596005,4.947443,3.281052,1.631862,0,-1.623136,-3.228695,-4.842735,-6.421507,-7.982348,-9.629816,-11.23293,-12.90495,-14.67185,-16.47244,-18.21069,-20.06946,-21.96142,-23.76452,-25.84419,-27.83462,-29.8575,-31.7562,-32.67943,-33.68775,-34.62475,-35.49047,-36.28496,-37.4241,-38.52625,-40.04129,-41.55327,-43.0621,-44.56764,-46.06979,-47.56843,-49.06345,-50.55473,-52.04216,-53.52563,-55.31404,-56.79753,-58.2767,-59.41762,-61.56363
192.64,190.7382,189.8192,189.8843,188.9352,187.9714,186.9929,187,185.9929,185.9717,184.9366,183.8879,182.8258,183.7478,182.6587,184.5493,186.4235,188.2808,190.1207,191.9427,192.7529,194.539,196.3061,198.0536,199.7812,200.5007,195.2845,191.0527,186.8184,182.5827,177.3664,176.0666,173.7807,172.4635,173.0818,171.7423,172.3303,171.9348,171.5262,171.1046,170.6699,170.2222,169.7616,169.2881,169.7499,169.2478,168.7328,167.2653
11.78237,9.996168,8.287684,6.630904,4.947443,3.281052,1.631862,0,-1.623136,-3.246148,-4.842735,-6.421507,-7.982348,-9.629816,-11.17188,-12.90495,-14.67185,-16.47244,-18.30654,-20.17399,-21.96142,-23.88639,-25.84419,-27.83462,-29.8575,-31.7562,-32.67943,-33.68775,-34.62475,-35.49047,-36.0856,-37.4241,-38.52625,-39.81634,-41.55327,-42.82018,-44.56764,-46.06979,-47.56843,-49.06345,-50.55473,-52.04216,-53.52563,-55.00502,-56.79753,-58.2767,-59.75143,-60.87959
191.6419,190.7382,189.8192,189.8843,188.9352,187.9714,186.9929,187,185.9929,184.9718,184.9366,184.8873,183.8249,183.7478,183.6568,184.5493,186.4235,188.2808,190.1207,190.9482,192.7529,194.539,196.3061,198.0536,199.7812,200.5007,195.2845,191.0527,186.8184,182.5827,178.3463,176.0666,173.7807,173.4379,172.1095,172.7126,171.3621,170.9689,171.5262,171.1046,170.6699,170.2222,170.7153,169.2881,169.7499,169.2478,168.7328,166.3256
11.72132,9.996168,8.287684,6.630904,4.947443,3.281052,1.631862,0,-1.623136,-3.228695,-4.842735,-6.456407,-8.025967,-9.629816,-11.23293,-12.90495,-14.67185,-16.47244,-18.30654,-20.06946,-21.96142,-23.88639,-25.84419,-27.83462,-29.8575,-31.7562,-32.67943,-33.68775,-34.62475,-35.49047,-36.28496,-37.4241,-38.52625,-40.04129,-41.31983,-43.0621,-44.31726,-45.81097,-47.56843,-49.06345,-50.55473,-52.04216,-53.82634,-55.00502,-56.79753,-58.2767,-59.75143,-60.53757
190.6437,190.7382,189.8192,189.8843,188.9352,187.9714,186.9929,187,185.9929,184.9718,184.9366,183.8879,183.8249,183.7478,182.6587,184.5493,186.4235,188.2808,190.1207,190.9482,192.7529,193.5465,196.3061,198.0536,199.7812,200.5007,195.2845,191.0527,186.8184,182.5827,178.3463,176.0666,173.7807,173.4379,173.0818,172.7126,172.3303,171.9348,171.5262,171.1046,170.6699,171.1786,170.7153,170.2391,168.8016,169.2478,168.7328,171.0241
11.66027,9.996168,8.287684,6.630904,4.947443,3.281052,1.631862,0,-1.623136,-3.228695,-4.842735,-6.421507,-8.025967,-9.629816,-11.17188,-12.90495,-14.67185,-16.47244,-18.30654,-20.06946,-21.96142,-23.76452,-25.84419,-27.83462,-29.8575,-31.7562,-32.67943,-33.68775,-34.62475,-35.49047,-36.28496,-37.4241,-38.52625,-40.04129,-41.55327,-43.0621,-44.56764,-46.06979,-47.56843,-49.06345,-50.55473,-52.33454,-53.82634,-55.31404,-56.48023,-58.2767,-59.75143,-62.24767
190.6437,190.7382,189.8192,189.8843,188.9352,187.9714,186.9929,187,185.9929,184.9718,184.9366,183.8879,183.8249,183.7478,183.6568,184.5493,186.4235,188.2808,189.1253,190.9482,192.7529,194.539,196.3061,198.0536,199.7812,200.5007,195.2845,191.0527,186.8184,182.5827,178.3463,176.0666,173.7807,172.4635,172.1095,171.7423,172.3303,171.9348,171.5262,171.1046,170.6699,171.1786,169.7616,170.2391,169.7499,169.2478,168.7328,168.205
11.66027,9.996168,8.287684,6.630904,4.947443,3.281052,1.631862,0,-1.623136,-3.228695,-4.842735,-6.421507,-8.025967,-9.629816,-11.23293,-12.90495,-14.67185,-16.47244,-18.21069,-20.06946,-21.96142,-23.88639,-25.84419,-27.83462,-29.8575,-31.7562,-32.67943,-33.68775,-34.62475,-35.49047,-36.28496,-37.4241,-38.52625,-39.81634,-41.31983,-42.82018,-44.56764,-46.06979,-47.56843,-49.06345,-50.55473,-52.33454,-53.52563,-55.31404,-56.79753,-58.2767,-59.75143,-61.22161
190.6437,190.7382,189.8192,188.8849,188.9352,187.9714,187.9928,187,185.9929,184.9718,183.9369,183.8879,182.8258,183.7478,182.6587,184.5493,186.4235,188.2808,190.1207,190.9482,192.7529,194.539,196.3061,198.0536,199.7812,200.5007,195.2845,191.0527,186.8184,182.5827,177.3664,176.0666,173.7807,173.4379,173.0818,172.7126,172.3303,171.9348,171.5262,171.1046,170.6699,170.2222,169.7616,169.2881,169.7499,169.2478,168.7328,169.1447
11.66027,9.996168,8.287684,6.596005,4.947443,3.281052,1.640589,0,-1.623136,-3.228695,-4.816558,-6.421507,-7.982348,-9.629816,-11.17188,-12.90495,-14.67185,-16.47244,-18.30654,-20.06946,-21.96142,-23.88639,-25.84419,-27.83462,-29.8575,-31.7562,-32.67943,-33.68775,-34.62475,-35.49047,-36.0856,-37.4241,-38.52625,-40.04129,-41.55327,-43.0621,-44.56764,-46.06979,-47.56843,-49.06345,-50.55473,-52.04216,-53.52563,-55.00502,-56.79753,-58.2767,-59.75143,-61.56363
191.6419,189.7396,190.8182,188.8849,188.9352,187.9714,186.9929,187,185.9929,185.9717,184.9366,183.8879,183.8249,183.7478,182.6587,184.5493,186.4235,187.2846,190.1207,190.9482,192.7529,194.539,196.3061,198.0536,199.7812,200.5007,196.2708,191.0527,186.8184,182.5827,177.3664,176.0666,173.7807,173.4379,173.0818,172.7126,172.3303,171.9348,171.5262,171.1046,170.6699,170.2222,169.7616,169.2881,169.7499,169.2478,168.7328,167.2653
11.72132,9.943832,8.331303,6.596005,4.947443,3.281052,1.631862,0,-1.623136,-3.246148,-4.842735,-6.421507,-8.025967,-9.629816,-11.17188,-12.90495,-14.67185,-16.38528,-18.30654,-20.06946,-21.96142,-23.88639,-25.84419,-27.83462,-29.8575,-31.7562,-32.84447,-33.68775,-34.62475,-35.49047,-36.0856,-37.4241,-38.52625,-40.04129,-41.55327,-43.0621,-44.56764,-46.06979,-47.56843,-49.06345,-50.55473,-52.04216,-53.52563,-55.00502,-56.79753,-58.2767,-59.75143,-60.87959
190.6437,190.7382,189.8192,188.8849,188.9352,187.9714,186.9929,187,185.9929,184.9718,184.9366,183.8879,183.8249,183.7478,183.6568,184.5493,186.4235,188.2808,189.1253,191.9427,192.7529,194.539,196.3061,198.0536,199.7812,200.5007,195.2845,191.0527,186.8184,182.5827,177.3664,176.0666,173.7807,173.4379,173.0818,172.7126,172.3303,171.9348,171.5262,171.1046,170.6699,170.2222,169.7616,170.2391,168.8016,169.2478,167.7902,170.0844
11.66027,9.996168,8.287684,6.596005,4.947443,3.281052,1.631862,0,-1.623136,-3.228695,-4.842735,-6.421507,-8.025967,-9.629816,-11.23293,-12.90495,-14.67185,-16.47244,-18.21069,-20.17399,-21.96142,-23.88639,-25.84419,-27.83462,-29.8575,-31.7562,-32.67943,-33.68775,-34.62475,-35.49047,-36.0856,-37.4241,-38.52625,-40.04129,-41.55327,-43.0621,-44.56764,-46.06979,-47.56843,-49.06345,-50.55473,-52.04216,-53.52563,-55.31404,-56.48023,-58.2767,-59.41762,-61.90565
190.6437,190.7382,189.8192,188.8849,188.9352,187.9714,186.9929,187,185.9929,184.9718,184.9366,183.8879,182.8258,183.7478,182.6587,184.5493,186.4235,188.2808,189.1253,191.9427,192.7529,193.5465,196.3061,198.0536,199.7812,200.5007,195.2845,191.0527,186.8184,182.5827,177.3664,176.0666,173.7807,173.4379,173.0818,172.7126,172.3303,171.9348,171.5262,171.1046,170.6699,170.2222,169.7616,170.2391,169.7499,169.2478,168.7328,170.0844
11.66027,9.996168,8.287684,6.596005,4.947443,3.281052,1.631862,0,-1.623136,-3.228695,-4.842735,-6.421507,-7.982348,-9.629816,-11.17188,-12.90495,-14.67185,-16.47244,-18.21069,-20.17399,-21.96142,-23.76452,-25.84419,-27.83462,-29.8575,-31.7562,-32.67943,-33.68775,-34.62475,-35.49047,-36.0856,-37.4241,-38.52625,-40.04129,-41.55327,-43.0621,-44.56764,-46.06979,-47.56843,-49.06345,-50.55473,-52.04216,-53.52563,-55.31404,-56.79753,-58.2767,-59.75143,-61.90565
190.6437,190.7382,189.8192,189.8843,188.9352,188.9712,186.9929,187,185.9929,184.9718,184.9366,183.8879,183.8249,183.7478,183.6568,184.5493,186.4235,188.2808,190.1207,190.9482,192.7529,194.539,196.3061,198.0536,199.7812,200.5007,195.2845,191.0527,186.8184,182.5827,177.3664,176.0666,173.7807,173.4379,172.1095,171.7423,172.3303,171.9348,171.5262,171.1046,170.6699,170.2222,169.7616,169.2881,169.7499,169.2478,168.7328,170.0844
11.66027,9.996168,8.287684,6.630904,4.947443,3.298505,1.631862,0,-1.623136,-3.228695,-4.842735,-6.421507,-8.025967,-9.629816,-11.23293,-12.90495,-14.67185,-16.47244,-18.30654,-20.06946,-21.96142,-23.88639,-25.84419,-27.83462,-29.8575,-31.7562,-32.67943,-33.68775,-34.62475,-35.49047,-36.0856,-37.4241,-38.52625,-40.04129,-41.31983,-42.82018,-44.56764,-46.06979,-47.56843,-49.06345,-50.55473,-52.04216,-53.52563,-55.00502,-56.79753,-58.2767,-59.75143,-61.90565
191.6419,190.7382,189.8192,188.8849,188.9352,187.9714,186.9929,187,185.9929,184.9718,184.9366,183.8879,182.8258,183.7478,182.6587,184.5493,186.4235,187.2846,190.1207,190.9482,192.7529,194.539,196.3061,198.0536,199.7812,200.5007,195.2845,191.0527,186.8184,182.5827,178.3463,176.0666,173.7807,173.4379,173.0818,172.7126,172.3303,171.9348,171.5262,171.1046,170.6699,170.2222,169.7616,169.2881,169.7499,169.2478,168.7328,168.205
11.72132,9.996168,8.287684,6.596005,4.947443,3.281052,1.631862,0,-1.623136,-3.228695,-4.842735,-6.421507,-7.982348,-9.629816,-11.17188,-12.90495,-14.67185,-16.38528,-18.30654,-20.06946,-21.96142,-23.88639,-25.84419,-27.83462,-29.8575,-31.7562,-32.67943,-33.68775,-34.62475,-35.49047,-36.28496,-37.4241,-38.52625,-40.04129,-41.55327,-43.0621,-44.56764,-46.06979,-47.56843,-49.06345,-50.55473,-52.04216,-53.52563,-55.00502,-56.79753,-58.2767,-59.75143,-61.22161
191.6419,190.7382,189.8192,189.8843,188.9352,187.9714,186.9929,187,185.9929,185.9717,184.9366,183.8879,183.8249,182.7492,182.6587,184.5493,186.4235,188.2808,189.1253,191.9427,191.7594,194.539,196.3061,198.0536,199.7812,199.513,195.2845,191.0527,186.8184,182.5827,178.3463,176.0666,173.7807,172.4635,172.1095,172.7126,172.3303,171.9348,171.5262,171.1046,170.6699,170.2222,169.7616,169.2881,169.7499,169.2478,168.7328,166.3256
11.72132,9.996168,8.287684,6.630904,4.947443,3.281052,1.631862,0,-1.623136,-3.246148,-4.842735,-6.421507,-8.025967,-9.57748,-11.17188,-12.90495,-14.67185,-16.47244,-18.21069,-20.17399,-21.84822,-23.88639,-25.84419,-27.83462,-29.8575,-31.59976,-32.67943,-33.68775,-34.62475,-35.49047,-36.28496,-37.4241,-38.52625,-39.81634,-41.31983,-43.0621,-44.56764,-46.06979,-47.56843,-49.06345,-50.55473,-52.04216,-53.52563,-55.00502,-56.79753,-58.2767,-59.75143,-60.53757
190.6437,190.7382,189.8192,188.8849,188.9352,187.9714,186.9929,187,185.9929,184.9718,184.9366,183.8879,182.8258,183.7478,182.6587,184.5493,186.4235,188.2808,190.1207,190.9482,191.7594,193.5465,196.3061,198.0536,199.7812,200.5007,195.2845,191.0527,186.8184,181.601,177.3664,176.0666,173.7807,173.4379,172.1095,172.7126,172.3303,171.9348,171.5262,171.1046,170.6699,170.2222,169.7616,170.2391,169.7499,169.2478,168.7328,168.205
11.66027,9.996168,8.287684,6.596005,4.947443,3.281052,1.631862,0,-1.623136,-3.228695,-4.842735,-6.421507,-7.982348,-9.629816,-11.17188,-12.90495,-14.67185,-16.47244,-18.30654,-20.06946,-21.84822,-23.76452,-25.84419,-27.83462,-29.8575,-31.7562,-32.67943,-33.68775,-34.62475,-35.29966,-36.0856,-37.4241,-38.52625,-40.04129,-41.31983,-43.0621,-44.56764,-46.06979,-47.56843,-49.06345,-50.55473,-52.04216,-53.52563,-55.31404,-56.79753,-58.2767,-59.75143,-61.22161
191.6419,190.7382,189.8192,189.8843,188.9352,187.9714,186.9929,187,185.9929,184.9718,184.9366,183.8879,183.8249,183.7478,183.6568,184.5493,186.4235,188.2808,190.1207,190.9482,191.7594,193.5465,196.3061,198.0536,199.7812,200.5007,195.2845,191.0527,186.8184,181.601,177.3664,176.0666,173.7807,173.4379,173.0818,172.7126,171.3621,171.9348,171.5262,171.1046,170.6699,170.2222,170.7153,170.2391,169.7499,169.2478,168.7328,166.3256
11.72132,9.996168,8.287684,6.630904,4.947443,3.281052,1.631862,0,-1.623136,-3.228695,-4.842735,-6.421507,-8.025967,-9.629816,-11.23293,-12.90495,-14.67185,-16.47244,-18.30654,-20.06946,-21.84822,-23.76452,-25.84419,-27.83462,-29.8575,-31.7562,-32.67943,-33.68775,-34.62475,-35.29966,-36.0856,-37.4241,-38.52625,-40.04129,-41.55327,-43.0621,-44.31726,-46.06979,-47.56843,-49.06345,-50.55473,-52.04216,-53.82634,-55.31404,-56.79753,-58.2767,-59.75143,-60.53757
190.6437,190.7382,189.8192,189.8843,188.9352,187.9714,187.9928,187,185.9929,184.9718,184.9366,183.8879,183.8249,183.7478,182.6587,184.5493,186.4235,188.2808,190.1207,190.9482,191.7594,194.539,196.3061,198.0536,199.7812,200.5007,195.2845,191.0527,186.8184,182.5827,178.3463,176.0666,173.7807,173.4379,172.1095,172.7126,172.3303,170.9689,171.5262,171.1046,170.6699,170.2222,169.7616,170.2391,169.7499,169.2478,168.7328,167.2653
11.66027,9.996168,8.287684,6.630904,4.947443,3.281052,1.640589,0,-1.623136,-3.228695,-4.842735,-6.421507,-8.025967,-9.629816,-11.17188,-12.90495,-14.67185,-16.47244,-18.30654,-20.06946,-21.84822,-23.88639,-25.84419,-27.83462,-29.8575,-31.7562,-32.67943,-33.68775,-34.62475,-35.49047,-36.28496,-37.4241,-38.52625,-40.04129,-41.31983,-43.0621,-44.56764,-45.81097,-47.56843,-49.06345,-50.55473,-52.04216,-53.52563,-55.31404,-56.79753,-58.2767,-59.75143,-60.87959
191.6419,190.7382,189.8192,189.8843,188.9352,187.9714,187.9928,187,185.9929,184.9718,184.9366,183.8879,182.8258,183.7478,182.6587,184.5493,186.4235,187.2846,189.1253,190.9482,192.7529,194.539,196.3061,198.0536,199.7812,200.5007,195.2845,191.0527,186.8184,182.5827,178.3463,176.0666,173.7807,172.4635,173.0818,172.7126,172.3303,171.9348,171.5262,171.1046,170.6699,170.2222,170.7153,170.2391,169.7499,169.2478,168.7328,169.1447
11.72132,9.996168,8.287684,6.630904,4.947443,3.281052,1.640589,0,-1.623136,-3.228695,-4.842735,-6.421507,-7.982348,-9.629816,-11.17188,-12.90495,-14.67185,-16.38528,-18.21069,-20.06946,-21.96142,-23.88639,-25.84419,-27.83462,-29.8575,-31.7562,-32.67943,-33.68775,-34.62475,-35.49047,-36.28496,-37.4241,-38.52625,-39.81634,-41.55327,-43.0621,-44.56764,-46.06979,-47.56843,-49.06345,-50.55473,-52.04216,-53.82634,-55.31404,-56.79753,-58.2767,-59.75143,-61.56363
190.6437,190.7382,189.8192,189.8843,188.9352,187.9714,186.9929,187,185.9929,184.9718,184.9366,183.8879,182.8258,183.7478,183.6568,184.5493,186.4235,188.2808,190.1207,190.9482,192.7529,194.539,196.3061,198.0536,199.7812,199.513,196.2708,191.0527,186.8184,182.5827,178.3463,176.0666,173.7807,173.4379,173.0818,172.7126,172.3303,171.9348,171.5262,171.1046,170.6699,170.2222,169.7616,170.2391,169.7499,169.2478,168.7328,169.1447
11.66027,9.996168,8.287684,6.630904,4.947443,3.281052,1.631862,0,-1.623136,-3.228695,-4.842735,-6.421507,-7.982348,-9.629816,-11.23293,-12.90495,-14.67185,-16.47244,-18.30654,-20.06946,-21.96142,-23.88639,-25.84419,-27.83462,-29.8575,-31.59976,-32.84447,-33.68775,-34.62475,-35.49047,-36.28496,-37.4241,-38.52625,-40.04129,-41.55327,-43.0621,-44.56764,-46.06979,-47.56843,-49.06345,-50.55473,-52.04216,-53.52563,-55.31404,-56.79753,-58.2767,-59.75143,-61.56363
190.6437,190.7382,189.8192,189.8843,188.9352,187.9714,186.9929,187,185.9929,184.9718,184.9366,183.8879,183.8249,183.7478,182.6587,184.5493,186.4235,188.2808,190.1207,190.9482,192.7529,193.5465,196.3061,198.0536,199.7812,200.5007,195.2845,191.0527,186.8184,182.5827,177.3664,176.0666,173.7807,173.4379,173.0818,171.7423,172.3303,170.9689,171.5262,171.1046,170.6699,170.2222,169.7616,170.2391,169.7499,169.2478,167.7902,169.1447
11.66027,9.996168,8.287684,6.630904,4.947443,3.281052,1.631862,0,-1.623136,-3.228695,-4.842735,-6.421507,-8.025967,-9.629816,-11.17188,-12.90495,-14.67185,-16.47244,-18.30654,-20.06946,-21.96142,-23.76452,-25.84419,-27.83462,-29.8575,-31.7562,-32.67943,-33.68775,-34.62475,-35.49047,-36.0856,-37.4241,-38.52625,-40.04129,-41.55327,-42.82018,-44.56764,-45.81097,-47.56843,-49.06345,-50.55473,-52.04216,-53.52563,-55.31404,-56.79753,-58.2767,-59.41762,-61.56363
190.6437,190.7382,189.8192,188.8849,188.9352,187.9714,186.9929,187,185.9929,184.9718,184.9366,183.8879,183.8249,183.7478,183.6568,184.5493,186.4235,188.2808,189.1253,190.9482,191.7594,193.5465,196.3061,198.0536,199.7812,200.5007,195.2845,191.0527,186.8184,182.5827,178.3463,176.0666,173.7807,173.4379,173.0818,172.7126,172.3303,171.9348,171.5262,171.1046,170.6699,170.2222,169.7616,169.2881,169.7499,169.2478,168.7328,166.3256
11.66027,9.996168,8.287684,6.596005,4.947443,3.281052,1.631862,0,-1.623136,-3.228695,-4.842735,-6.421507,-8.025967,-9.629816,-11.23293,-12.90495,-14.67185,-16.47244,-18.21069,-20.06946,-21.84822,-23.76452,-25.84419,-27.83462,-29.8575,-31.7562,-32.67943,-33.68775,-34.62475,-35.49047,-36.28496,-37.4241,-38.52625,-40.04129,-41.55327,-43.0621,-44.56764,-46.06979,-47.56843,-49.06345,-50.55473,-52.04216,-53.52563,-55.00502,-56.79753,-58.2767,-59.75143,-60.53757
190.6437,190.7382,189.8192,189.8843,188.9352,187.9714,186.9929,187,185.9929,184.9718,184.9366,183.8879,183.8249,183.7478,182.6587,184.5493,186.4235,188.2808,189.1253,190.9482,191.7594,194.539,196.3061,198.0536,199.7812,200.5007,195.2845,191.0527,186.8184,182.5827,177.3664,176.0666,173.7807,173.4379,173.0818,172.7126,172.3303,171.9348,171.5262,171.1046,170.6699,170.2222,169.7616,170.2391,169.7499,169.2478,168.7328,170.0844
11.66027,9.996168,8.287684,6.630904,4.947443,3.281052,1.631862,0,-1.623136,-3.228695,-4.842735,-6.421507,-8.025967,-9.629816,-11.17188,-12.90495,-14.67185,-16.47244,-18.21069,-20.06946,-21.84822,-23.88639,-25.84419,-27.83462,-29.8575,-31.7562,-32.67943,-33.68775,-34.62475,-35.49047,-36.0856,-37.4241,-38.52625,-40.04129,-41.55327,-43.0621,-44.56764,-46.06979,-47.56843,-49.06345,-50.55473,-52.04216,-53.52563,-55.31404,-56.79753,-58.2767,-59.75143,-61.90565
191.6419,190.7382,189.8192,189.8843,188.9352,187.9714,187.9928,187,185.9929,185.9717,183.9369,183.8879,183.8249,183.7478,183.6568,184.5493,186.4235,188.2808,190.1207,190.9482,191.7594,194.539,196.3061,198.0536,199.7812,200.5007,195.2845,191.0527,186.8184,182.5827,177.3664,176.0666,173.7807,173.4379,172.1095,171.7423,172.3303,171.9348,171.5262,171.1046,170.6699,170.2222,169.7616,170.2391,169.7499,169.2478,168.7328,167.2653
11.72132,9.996168,8.287684,6.630904,4.947443,3.281052,1.640589,0,-1.623136,-3.246148,-4.816558,-6.421507,-8.025967,-9.629816,-11.23293,-12.90495,-14.67185,-16.47244,-18.30654,-20.06946,-21.84822,-23.88639,-25.84419,-27.83462,-29.8575,-31.7562,-32.67943,-33.68775,-34.62475,-35.49047,-36.0856,-37.4241,-38.52625,-40.04129,-41.31983,-42.82018,-44.56764,-46.06979,-47.56843,-49.06345,-50.55473,-52.04216,-53.52563,-55.31404,-56.79753,-58.2767,-59.75143,-60.87959
191.6419,190.7382,189.8192,188.8849,188.9352,187.9714,187.9928,187,185.9929,184.9718,183.9369,183.8879,182.8258,183.7478,183.6568,184.5493,186.4235,187.2846,190.1207,190.9482,191.7594,193.5465,196.3061,198.0536,199.7812,200.5007,195.2845,191.0527,186.8184,182.5827,177.3664,176.0666,173.7807,173.4379,173.0818,172.7126,172.3303,171.9348,171.5262,171.1046,170.6699,170.2222,169.7616,169.2881,169.7499,169.2478,168.7328,168.205
11.72132,9.996168,8.287684,6.596005,4.947443,3.281052,1.640589,0,-1.623136,-3.228695,-4.816558,-6.421507,-7.982348,-9.629816,-11.23293,-12.90495,-14.67185,-16.38528,-18.30654,-20.06946,-21.84822,-23.76452,-25.84419,-27.83462,-29.8575,-31.7562,-32.67943,-33.68775,-34.62475,-35.49047,-36.0856,-37.4241,-38.52625,-40.04129,-41.55327,-43.0621,-44.56764,-46.06979,-47.56843,-49.06345,-50.55473,-52.04216,-53.52563,-55.00502,-56.79753,-58.2767,-59.75143,-61.22161
