114.6283,116.0074,116.475,116.9338,117.3837,117.8246,118.2566,118.6795,120.0239,119.4983,120.8307,120.2807,121.6008,121.9719,123.2821,123.6373,123.9832,124.3196,125.6054,125.9253,126.2356,127.5022,129.7318,135.8414,142.9384,152.9761,155.2311,153.5692,152.8683,152.1522,152.4045,150.6756,149.9154,149.1409,149.3414,148.5402,147.7253,145.9043,146.0551,146.1947,145.3278,144.4482,144.553,143.6492,143.7314,144.8013,144.862,146.9105,147.9493,147.9775,148.9943,150,150.9943,150.977,152.9476,153.9062,155.8515,155.7862
54.67491,54.09514,53.08074,52.06229,51.03988,50.01358,48.98348,47.94964,47.27866,45.8711,45.17675,43.77858,43.06108,41.99829,41.24961,40.17221,39.09175,38.00832,37.20601,36.10849,35.00823,34.16411,33.55092,33.86907,34.31647,35.31732,34.4139,32.64214,31.1014,29.57539,28.24651,26.56817,25.08724,23.6216,22.31922,20.87597,19.4484,17.91479,16.64087,15.36568,13.99348,12.63758,11.37657,10.04493,8.79099,7.588714,6.324811,5.130226,3.874188,2.582956,1.300254,0,-1.317707,-2.635313,-4.005073,-5.374522,-6.804624,-8.164409
113.7257,116.0074,115.5651,116.9338,117.3837,117.8246,118.2566,118.6795,119.0934,120.4319,119.894,121.2203,121.6008,122.9174,123.2821,123.6373,123.9832,125.2759,125.6054,125.9253,126.2356,126.5363,128.7636,135.8414,142.9384,152.0017,155.2311,153.5692,152.8683,152.1522,151.4213,150.6756,149.9154,149.1409,148.3524,148.5402,147.7253,146.8968,146.0551,145.2002,145.3278,144.4482,143.5561,143.6492,143.7314,144.8013,145.861,145.9111,147.9493,147.9775,148.9943,150,150.9943,150.977,152.9476,153.9062,154.8525,155.7862
54.2444,54.09514,52.66604,52.06229,51.03988,50.01358,48.98348,47.94964,46.91216,46.22947,44.82654,44.1206,43.06108,42.32386,41.24961,40.17221,39.09175,38.30069,37.20601,36.10849,35.00823,33.90529,33.30054,33.86907,34.31647,35.09236,34.4139,32.64214,31.1014,29.57539,28.06427,26.56817,25.08724,23.6216,22.17141,20.87597,19.4484,18.03666,16.64087,15.26116,13.99348,12.63758,11.29811,10.04493,8.79099,7.588714,6.368431,5.095327,3.874188,2.582956,1.300254,0,-1.317707,-2.635313,-4.005073,-5.374522,-6.761005,-8.164409
113.7257,115.1011,115.5651,116.9338,117.3837,117.8246,118.2566,118.6795,119.0934,120.4319,120.8307,121.2203,121.6008,121.9719,123.2821,123.6373,123.9832,124.3196,125.6054,125.9253,127.1992,127.5022,129.7318,135.8414,142.9384,152.9761,155.2311,153.5692,152.8683,152.1522,151.4213,150.6756,149.9154,149.1409,149.3414,148.5402,147.7253,146.8968,146.0551,145.2002,145.3278,144.4482,143.5561,143.6492,143.7314,144.8013,145.861,146.9105,147.9493,148.9773,148.9943,150,150.9943,151.9768,152.9476,153.9062,155.8515,156.7848
54.2444,53.67252,52.66604,52.06229,51.03988,50.01358,48.98348,47.94964,46.91216,46.22947,45.17675,44.1206,43.06108,41.99829,41.24961,40.17221,39.09175,38.00832,37.20601,36.10849,35.27547,34.16411,33.55092,33.86907,34.31647,35.31732,34.4139,32.64214,31.1014,29.57539,28.06427,26.56817,25.08724,23.6216,22.31922,20.87597,19.4484,18.03666,16.64087,15.26116,13.99348,12.63758,11.29811,10.04493,8.79099,7.588714,6.368431,5.130226,3.874188,2.600409,1.300254,0,-1.317707,-2.652766,-4.005073,-5.374522,-6.804624,-8.216745
113.7257,115.1011,116.475,116.9338,117.3837,117.8246,118.2566,118.6795,119.0934,119.4983,120.8307,121.2203,121.6008,122.9174,123.2821,123.6373,123.9832,125.2759,125.6054,125.9253,126.2356,126.5363,128.7636,135.8414,142.9384,152.9761,155.2311,153.5692,152.8683,152.1522,152.4045,150.6756,150.9017,149.1409,148.3524,148.5402,147.7253,146.8968,146.0551,145.2002,145.3278,144.4482,143.5561,143.6492,143.7314,144.8013,145.861,146.9105,146.9496,148.9773,148.9943,150,150.9943,151.9768,152.9476,153.9062,154.8525,155.7862
54.2444,53.67252,53.08074,52.06229,51.03988,50.01358,48.98348,47.94964,46.91216,45.8711,45.17675,44.1206,43.06108,42.32386,41.24961,40.17221,39.09175,38.30069,37.20601,36.10849,35.00823,33.90529,33.30054,33.86907,34.31647,35.31732,34.4139,32.64214,31.1014,29.57539,28.24651,26.56817,25.25228,23.6216,22.17141,20.87597,19.4484,18.03666,16.64087,15.26116,13.99348,12.63758,11.29811,10.04493,8.79099,7.588714,6.368431,5.130226,3.848011,2.600409,1.300254,0,-1.317707,-2.652766,-4.005073,-5.374522,-6.761005,-8.164409
113.7257,114.1948,115.5651,116.0203,117.3837,117.8246,118.2566,118.6795,119.0934,119.4983,120.8307,121.2203,121.6008,121.9719,123.2821,123.6373,123.9832,125.2759,125.6054,125.9253,126.2356,126.5363,128.7636,135.8414,142.9384,152.9761,155.2311,153.5692,152.8683,152.1522,151.4213,150.6756,149.9154,149.1409,149.3414,148.5402,147.7253,146.8968,146.0551,145.2002,145.3278,144.4482,143.5561,143.6492,143.7314,143.8027,145.861,145.9111,147.9493,148.9773,147.9944,150,150.9943,151.9768,152.9476,153.9062,155.8515,156.7848
54.2444,53.2499,52.66604,51.65555,51.03988,50.01358,48.98348,47.94964,46.91216,45.8711,45.17675,44.1206,43.06108,41.99829,41.24961,40.17221,39.09175,38.30069,37.20601,36.10849,35.00823,33.90529,33.30054,33.86907,34.31647,35.31732,34.4139,32.64214,31.1014,29.57539,28.06427,26.56817,25.08724,23.6216,22.31922,20.87597,19.4484,18.03666,16.64087,15.26116,13.99348,12.63758,11.29811,10.04493,8.79099,7.536378,6.368431,5.095327,3.874188,2.600409,1.291527,0,-1.317707,-2.652766,-4.005073,-5.374522,-6.804624,-8.216745
113.7257,115.1011,115.5651,116.9338,117.3837,117.8246,118.2566,118.6795,119.0934,120.4319,120.8307,121.2203,121.6008,122.9174,123.2821,123.6373,123.9832,125.2759,125.6054,125.9253,126.2356,126.5363,128.7636,135.8414,142.9384,152.9761,155.2311,153.5692,152.8683,152.1522,151.4213,150.6756,149.9154,150.1286,148.3524,148.5402,147.7253,146.8968,146.0551,145.2002,145.3278,144.4482,143.5561,143.6492,143.7314,144.8013,145.861,145.9111,147.9493,148.9773,148.9943,150,151.9942,150.977,152.9476,153.9062,154.8525,155.7862
54.2444,53.67252,52.66604,52.06229,51.03988,50.01358,48.98348,47.94964,46.91216,46.22947,45.17675,44.1206,43.06108,42.32386,41.24961,40.17221,39.09175,38.30069,37.20601,36.10849,35.00823,33.90529,33.30054,33.86907,34.31647,35.31732,34.4139,32.64214,31.1014,29.57539,28.06427,26.56817,25.08724,23.77804,22.17141,20.87597,19.4484,18.03666,16.64087,15.26116,13.99348,12.63758,11.29811,10.04493,8.79099,7.588714,6.368431,5.095327,3.874188,2.600409,1.300254,0,-1.326433,-2.635313,-4.005073,-5.374522,-6.761005,-8.164409
114.6283,115.1011,116.475,116.9338,117.3837,117.8246,118.2566,118.6795,120.0239,120.4319,120.8307,121.2203,121.6008,121.9719,123.2821,123.6373,123.9832,124.3196,125.6054,125.9253,126.2356,126.5363,129.7318,135.8414,142.9384,152.9761,155.2311,153.5692,152.8683,152.1522,151.4213,150.6756,149.9154,149.1409,148.3524,148.5402,147.7253,146.8968,146.0551,145.2002,144.3324,144.4482,143.5561,143.6492,143.7314,144.8013,145.861,146.9105,147.9493,147.9775,148.9943,149,150.9943,151.9768,152.9476,153.9062,154.8525,155.7862
54.67491,53.67252,53.08074,52.06229,51.03988,50.01358,48.98348,47.94964,47.27866,46.22947,45.17675,44.1206,43.06108,41.99829,41.24961,40.17221,39.09175,38.00832,37.20601,36.10849,35.00823,33.90529,33.55092,33.86907,34.31647,35.31732,34.4139,32.64214,31.1014,29.57539,28.06427,26.56817,25.08724,23.6216,22.17141,20.87597,19.4484,18.03666,16.64087,15.26116,13.89763,12.63758,11.29811,10.04493,8.79099,7.588714,6.368431,5.130226,3.874188,2.582956,1.300254,0,-1.317707,-2.652766,-4.005073,-5.374522,-6.761005,-8.164409
113.7257,115.1011,115.5651,116.9338,117.3837,117.8246,118.2566,118.6795,119.0934,119.4983,120.8307,121.2203,121.6008,121.9719,123.2821,123.6373,123.9832,124.3196,125.6054,125.9253,126.2356,126.5363,129.7318,135.8414,142.9384,152.9761,154.2548,154.5473,152.8683,152.1522,151.4213,150.6756,150.9017,150.1286,148.3524,148.5402,147.7253,146.8968,146.0551,145.2002,144.3324,144.4482,143.5561,143.6492,143.7314,144.8013,144.862,146.9105,147.9493,147.9775,147.9944,150,150.9943,151.9768,152.9476,153.9062,155.8515,155.7862
54.2444,53.67252,52.66604,52.06229,51.03988,50.01358,48.98348,47.94964,46.91216,45.8711,45.17675,44.1206,43.06108,41.99829,41.24961,40.17221,39.09175,38.00832,37.20601,36.10849,35.00823,33.90529,33.55092,33.86907,34.31647,35.31732,34.19746,32.85005,31.1014,29.57539,28.06427,26.56817,25.25228,23.77804,22.17141,20.87597,19.4484,18.03666,16.64087,15.26116,13.89763,12.63758,11.29811,10.04493,8.79099,7.588714,6.324811,5.130226,3.874188,2.582956,1.291527,0,-1.317707,-2.652766,-4.005073,-5.374522,-6.804624,-8.164409
114.6283,115.1011,116.475,116.9338,117.3837,117.8246,118.2566,118.6795,119.0934,119.4983,120.8307,121.2203,121.6008,121.9719,123.2821,123.6373,123.9832,124.3196,125.6054,125.9253,126.2356,126.5363,129.7318,136.8117,142.9384,152.9761,155.2311,153.5692,152.8683,152.1522,151.4213,150.6756,150.9017,149.1409,149.3414,147.5499,147.7253,146.8968,146.0551,146.1947,145.3278,144.4482,143.5561,143.6492,143.7314,144.8013,145.861,146.9105,146.9496,148.9773,147.9944,150,151.9942,150.977,152.9476,153.9062,155.8515,155.7862
54.67491,53.67252,53.08074,52.06229,51.03988,50.01358,48.98348,47.94964,46.91216,45.8711,45.17675,44.1206,43.06108,41.99829,41.24961,40.17221,39.09175,38.00832,37.20601,36.10849,35.00823,33.90529,33.55092,34.11099,34.31647,35.31732,34.4139,32.64214,31.1014,29.57539,28.06427,26.56817,25.25228,23.6216,22.31922,20.73679,19.4484,18.03666,16.64087,15.36568,13.99348,12.63758,11.29811,10.04493,8.79099,7.588714,6.368431,5.130226,3.848011,2.600409,1.291527,0,-1.326433,-2.635313,-4.005073,-5.374522,-6.804624,-8.164409
114.6283,115.1011,115.5651,116.9338,117.3837,117.8246,118.2566,118.6795,119.0934,119.4983,120.8307,121.2203,121.6008,121.9719,123.2821,123.6373,123.9832,125.2759,125.6054,125.9253,126.2356,126.5363,129.7318,135.8414,142.9384,152.9761,155.2311,153.5692,152.8683,152.1522,151.4213,150.6756,149.9154,149.1409,149.3414,148.5402,147.7253,146.8968,146.0551,145.2002,145.3278,144.4482,143.5561,143.6492,143.7314,144.8013,145.861,146.9105,147.9493,147.9775,147.9944,151,151.9942,151.9768,153.9472,153.9062,155.8515,155.7862
54.67491,53.67252,52.66604,52.06229,51.03988,50.01358,48.98348,47.94964,46.91216,45.8711,45.17675,44.1206,43.06108,41.99829,41.24961,40.17221,39.09175,38.30069,37.20601,36.10849,35.00823,33.90529,33.55092,33.86907,34.31647,35.31732,34.4139,32.64214,31.1014,29.57539,28.06427,26.56817,25.08724,23.6216,22.31922,20.87597,19.4484,18.03666,16.64087,15.26116,13.99348,12.63758,11.29811,10.04493,8.79099,7.588714,6.368431,5.130226,3.874188,2.582956,1.291527,0,-1.326433,-2.652766,-4.03125,-5.374522,-6.804624,-8.164409
113.7257,115.1011,116.475,116.9338,117.3837,117.8246,118.2566,118.6795,119.0934,120.4319,120.8307,121.2203,121.6008,122.9174,123.2821,123.6373,123.9832,125.2759,125.6054,125.9253,126.2356,126.5363,129.7318,135.8414,142.9384,152.9761,155.2311,154.5473,152.8683,152.1522,152.4045,150.6756,150.9017,149.1409,149.3414,148.5402,147.7253,146.8968,146.0551,145.2002,145.3278,143.452,143.5561,143.6492,143.7314,144.8013,145.861,146.9105,147.9493,148.9773,149.9943,151,150.9943,152.9767,152.9476,153.9062,154.8525,154.7876
54.2444,53.67252,53.08074,52.06229,51.03988,50.01358,48.98348,47.94964,46.91216,46.22947,45.17675,44.1206,43.06108,42.32386,41.24961,40.17221,39.09175,38.30069,37.20601,36.10849,35.00823,33.90529,33.55092,33.86907,34.31647,35.31732,34.4139,32.85005,31.1014,29.57539,28.24651,26.56817,25.25228,23.6216,22.31922,20.87597,19.4484,18.03666,16.64087,15.26116,13.99348,12.55043,11.29811,10.04493,8.79099,7.588714,6.368431,5.130226,3.874188,2.600409,1.30898,0,-1.317707,-2.670218,-4.005073,-5.374522,-6.761005,-8.112073
113.7257,115.1011,115.5651,116.0203,117.3837,117.8246,118.2566,118.6795,119.0934,119.4983,120.8307,121.2203,121.6008,121.9719,123.2821,123.6373,123.9832,124.3196,125.6054,125.9253,127.1992,127.5022,129.7318,136.8117,142.9384,152.9761,155.2311,153.5692,152.8683,152.1522,151.4213,150.6756,149.9154,149.1409,149.3414,148.5402,147.7253,146.8968,146.0551,146.1947,145.3278,144.4482,143.5561,143.6492,143.7314,144.8013,145.861,146.9105,147.9493,148.9773,148.9943,150,150.9943,152.9767,152.9476,153.9062,154.8525,156.7848
54.2444,53.67252,52.66604,51.65555,51.03988,50.01358,48.98348,47.94964,46.91216,45.8711,45.17675,44.1206,43.06108,41.99829,41.24961,40.17221,39.09175,38.00832,37.20601,36.10849,35.27547,34.16411,33.55092,34.11099,34.31647,35.31732,34.4139,32.64214,31.1014,29.57539,28.06427,26.56817,25.08724,23.6216,22.31922,20.87597,19.4484,18.03666,16.64087,15.36568,13.99348,12.63758,11.29811,10.04493,8.79099,7.588714,6.368431,5.130226,3.874188,2.600409,1.300254,0,-1.317707,-2.670218,-4.005073,-5.374522,-6.761005,-8.216745
113.7257,115.1011,116.475,116.9338,117.3837,117.8246,118.2566,118.6795,119.0934,120.4319,120.8307,121.2203,121.6008,121.9719,123.2821,123.6373,123.9832,125.2759,125.6054,125.9253,126.2356,127.5022,129.7318,135.8414,142.9384,152.9761,155.2311,153.5692,152.8683,152.1522,151.4213,150.6756,150.9017,150.1286,149.3414,148.5402,147.7253,146.8968,146.0551,145.2002,145.3278,144.4482,143.5561,143.6492,143.7314,144.8013,144.862,145.9111,147.9493,148.9773,149.9943,150,150.9943,151.9768,152.9476,153.9062,155.8515,155.7862
54.2444,53.67252,53.08074,52.06229,51.03988,50.01358,48.98348,47.94964,46.91216,46.22947,45.17675,44.1206,43.06108,41.99829,41.24961,40.17221,39.09175,38.30069,37.20601,36.10849,35.00823,34.16411,33.55092,33.86907,34.31647,35.31732,34.4139,32.64214,31.1014,29.57539,28.06427,26.56817,25.25228,23.77804,22.31922,20.87597,19.4484,18.03666,16.64087,15.26116,13.99348,12.63758,11.29811,10.04493,8.79099,7.588714,6.324811,5.095327,3.874188,2.600409,1.30898,0,-1.317707,-2.652766,-4.005073,-5.374522,-6.804624,-8.164409
113.7257,115.1011,115.5651,116.9338,117.3837,117.8246,118.2566,118.6795,119.0934,119.4983,120.8307,121.2203,121.6008,122.9174,123.2821,123.6373,123.9832,125.2759,125.6054,125.9253,127.1992,126.5363,129.7318,135.8414,142.9384,152.9761,155.2311,153.5692,152.8683,152.1522,151.4213,150.6756,149.9154,150.1286,148.3524,148.5402,147.7253,146.8968,146.0551,145.2002,145.3278,144.4482,143.5561,143.6492,143.7314,144.8013,145.861,146.9105,147.9493,148.9773,149.9943,151,151.9942,151.9768,152.9476,153.9062,154.8525,157.7835
54.2444,53.67252,52.66604,52.06229,51.03988,50.01358,48.98348,47.94964,46.91216,45.8711,45.17675,44.1206,43.06108,42.32386,41.24961,40.17221,39.09175,38.30069,37.20601,36.10849,35.27547,33.90529,33.55092,33.86907,34.31647,35.31732,34.4139,32.64214,31.1014,29.57539,28.06427,26.56817,25.08724,23.77804,22.17141,20.87597,19.4484,18.03666,16.64087,15.26116,13.99348,12.63758,11.29811,10.04493,8.79099,7.588714,6.368431,5.130226,3.874188,2.600409,1.30898,0,-1.326433,-2.652766,-4.005073,-5.374522,-6.761005,-8.269081
113.7257,115.1011,115.5651,116.9338,117.3837,117.8246,118.2566,118.6795,119.0934,119.4983,120.8307,121.2203,120.6581,122.9174,123.2821,123.6373,123.9832,124.3196,125.6054,125.9253,127.1992,127.5022,128.7636,135.8414,142.9384,152.9761,155.2311,153.5692,152.8683,152.1522,151.4213,150.6756,149.9154,149.1409,149.3414,148.5402,147.7253,146.8968,146.0551,146.1947,145.3278,144.4482,143.5561,143.6492,143.7314,144.8013,144.862,146.9105,147.9493,148.9773,148.9943,150,150.9943,151.9768,152.9476,153.9062,155.8515,155.7862
54.2444,53.67252,52.66604,52.06229,51.03988,50.01358,48.98348,47.94964,46.91216,45.8711,45.17675,44.1206,42.72728,42.32386,41.24961,40.17221,39.09175,38.00832,37.20601,36.10849,35.27547,34.16411,33.30054,33.86907,34.31647,35.31732,34.4139,32.64214,31.1014,29.57539,28.06427,26.56817,25.08724,23.6216,22.31922,20.87597,19.4484,18.03666,16.64087,15.36568,13.99348,12.63758,11.29811,10.04493,8.79099,7.588714,6.324811,5.130226,3.874188,2.600409,1.300254,0,-1.317707,-2.652766,-4.005073,-5.374522,-6.804624,-8.164409
113.7257,115.1011,116.475,116.9338,117.3837,117.8246,118.2566,118.6795,119.0934,119.4983,120.8307,121.2203,121.6008,121.9719,123.2821,123.6373,123.9832,124.3196,125.6054,125.9253,126.2356,127.5022,129.7318,136.8117,142.9384,152.9761,155.2311,153.5692,152.8683,152.1522,151.4213,150.6756,149.9154,149.1409,149.3414,148.5402,147.7253,146.8968,146.0551,145.2002,145.3278,144.4482,143.5561,143.6492,143.7314,144.8013,145.861,146.9105,147.9493,148.9773,148.9943,150,150.9943,151.9768,152.9476,153.9062,155.8515,155.7862
54.2444,53.67252,53.08074,52.06229,51.03988,50.01358,48.98348,47.94964,46.91216,45.8711,45.17675,44.1206,43.06108,41.99829,41.24961,40.17221,39.09175,38.00832,37.20601,36.10849,35.00823,34.16411,33.55092,34.11099,34.31647,35.31732,34.4139,32.64214,31.1014,29.57539,28.06427,26.56817,25.08724,23.6216,22.31922,20.87597,19.4484,18.03666,16.64087,15.26116,13.99348,12.63758,11.29811,10.04493,8.79099,7.588714,6.368431,5.130226,3.874188,2.600409,1.300254,0,-1.317707,-2.652766,-4.005073,-5.374522,-6.804624,-8.164409
113.7257,116.0074,116.475,116.9338,116.4666,117.8246,117.3327,118.6795,119.0934,119.4983,120.8307,121.2203,121.6008,121.9719,123.2821,123.6373,123.9832,124.3196,125.6054,125.9253,127.1992,126.5363,128.7636,136.8117,142.9384,152.9761,155.2311,153.5692,152.8683,152.1522,151.4213,150.6756,149.9154,149.1409,149.3414,148.5402,147.7253,146.8968,146.0551,145.2002,144.3324,144.4482,143.5561,143.6492,143.7314,144.8013,145.861,146.9105,147.9493,148.9773,149.9943,150,149.9943,151.9768,152.9476,153.9062,155.8515,155.7862
54.2444,54.09514,53.08074,52.06229,50.64113,50.01358,48.6008,47.94964,46.91216,45.8711,45.17675,44.1206,43.06108,41.99829,41.24961,40.17221,39.09175,38.00832,37.20601,36.10849,35.27547,33.90529,33.30054,34.11099,34.31647,35.31732,34.4139,32.64214,31.1014,29.57539,28.06427,26.56817,25.08724,23.6216,22.31922,20.87597,19.4484,18.03666,16.64087,15.26116,13.89763,12.63758,11.29811,10.04493,8.79099,7.588714,6.368431,5.130226,3.874188,2.600409,1.30898,0,-1.30898,-2.652766,-4.005073,-5.374522,-6.804624,-8.164409
114.6283,115.1011,115.5651,116.9338,117.3837,117.8246,118.2566,118.6795,119.0934,119.4983,120.8307,121.2203,121.6008,121.9719,123.2821,123.6373,123.9832,125.2759,125.6054,125.9253,126.2356,126.5363,129.7318,135.8414,142.9384,152.0017,155.2311,154.5473,152.8683,152.1522,151.4213,150.6756,150.9017,149.1409,149.3414,148.5402,147.7253,146.8968,146.0551,145.2002,145.3278,144.4482,144.553,143.6492,143.7314,144.8013,145.861,146.9105,147.9493,148.9773,147.9944,150,150.9943,151.9768,152.9476,153.9062,154.8525,155.7862
54.67491,53.67252,52.66604,52.06229,51.03988,50.01358,48.98348,47.94964,46.91216,45.8711,45.17675,44.1206,43.06108,41.99829,41.24961,40.17221,39.09175,38.30069,37.20601,36.10849,35.00823,33.90529,33.55092,33.86907,34.31647,35.09236,34.4139,32.85005,31.1014,29.57539,28.06427,26.56817,25.25228,23.6216,22.31922,20.87597,19.4484,18.03666,16.64087,15.26116,13.99348,12.63758,11.37657,10.04493,8.79099,7.588714,6.368431,5.130226,3.874188,2.600409,1.291527,0,-1.317707,-2.652766,-4.005073,-5.374522,-6.761005,-8.164409
113.7257,115.1011,116.475,116.9338,117.3837,117.8246,118.2566,119.6067,119.0934,119.4983,120.8307,122.16,121.6008,121.9719,123.2821,123.6373,123.9832,124.3196,125.6054,125.9253,126.2356,127.5022,129.7318,135.8414,142.9384,152.9761,155.2311,154.5473,151.8883,152.1522,151.4213,151.6604,149.9154,150.1286,148.3524,148.5402,147.7253,146.8968,146.0551,145.2002,145.3278,144.4482,143.5561,143.6492,143.7314,144.8013,145.861,146.9105,147.9493,148.9773,148.9943,150,150.9943,151.9768,152.9476,153.9062,154.8525,154.7876
54.2444,53.67252,53.08074,52.06229,51.03988,50.01358,48.98348,48.32425,46.91216,45.8711,45.17675,44.46262,43.06108,41.99829,41.24961,40.17221,39.09175,38.00832,37.20601,36.10849,35.00823,34.16411,33.55092,33.86907,34.31647,35.31732,34.4139,32.85005,30.90203,29.57539,28.06427,26.74182,25.08724,23.77804,22.17141,20.87597,19.4484,18.03666,16.64087,15.26116,13.99348,12.63758,11.29811,10.04493,8.79099,7.588714,6.368431,5.130226,3.874188,2.600409,1.300254,0,-1.317707,-2.652766,-4.005073,-5.374522,-6.761005,-8.112073
113.7257,115.1011,116.475,116.9338,117.3837,117.8246,118.2566,118.6795,119.0934,119.4983,120.8307,121.2203,121.6008,122.9174,123.2821,123.6373,123.9832,124.3196,125.6054,125.9253,127.1992,126.5363,128.7636,135.8414,142.9384,152.9761,155.2311,153.5692,152.8683,152.1522,151.4213,150.6756,149.9154,150.1286,148.3524,148.5402,147.7253,146.8968,146.0551,145.2002,145.3278,144.4482,143.5561,143.6492,143.7314,144.8013,145.861,146.9105,147.9493,148.9773,148.9943,150,150.9943,152.9767,152.9476,153.9062,154.8525,156.7848
54.2444,53.67252,53.08074,52.06229,51.03988,50.01358,48.98348,47.94964,46.91216,45.8711,45.17675,44.1206,43.06108,42.32386,41.24961,40.17221,39.09175,38.00832,37.20601,36.10849,35.27547,33.90529,33.30054,33.86907,34.31647,35.31732,34.4139,32.64214,31.1014,29.57539,28.06427,26.56817,25.08724,23.77804,22.17141,20.87597,19.4484,18.03666,16.64087,15.26116,13.99348,12.63758,11.29811,10.04493,8.79099,7.588714,6.368431,5.130226,3.874188,2.600409,1.300254,0,-1.317707,-2.670218,-4.005073,-5.374522,-6.761005,-8.216745
113.7257,115.1011,115.5651,116.9338,117.3837,117.8246,118.2566,118.6795,119.0934,119.4983,120.8307,121.2203,121.6008,121.9719,123.2821,123.6373,123.9832,125.2759,125.6054,125.9253,126.2356,126.5363,129.7318,135.8414,142.9384,152.0017,155.2311,153.5692,152.8683,152.1522,151.4213,150.6756,149.9154,149.1409,148.3524,148.5402,147.7253,146.8968,146.0551,146.1947,145.3278,144.4482,143.5561,143.6492,143.7314,144.8013,145.861,145.9111,147.9493,148.9773,148.9943,150,150.9943,152.9767,152.9476,153.9062,154.8525,156.7848
54.2444,53.67252,52.66604,52.06229,51.03988,50.01358,48.98348,47.94964,46.91216,45.8711,45.17675,44.1206,43.06108,41.99829,41.24961,40.17221,39.09175,38.30069,37.20601,36.10849,35.00823,33.90529,33.55092,33.86907,34.31647,35.09236,34.4139,32.64214,31.1014,29.57539,28.06427,26.56817,25.08724,23.6216,22.17141,20.87597,19.4484,18.03666,16.64087,15.36568,13.99348,12.63758,11.29811,10.04493,8.79099,7.588714,6.368431,5.095327,3.874188,2.600409,1.300254,0,-1.317707,-2.670218,-4.005073,-5.374522,-6.761005,-8.216745
113.7257,115.1011,115.5651,116.0203,117.3837,117.8246,118.2566,118.6795,119.0934,119.4983,120.8307,121.2203,121.6008,121.9719,123.2821,123.6373,123.9832,124.3196,125.6054,125.9253,126.2356,126.5363,129.7318,135.8414,142.9384,152.9761,155.2311,153.5692,152.8683,152.1522,151.4213,150.6756,149.9154,149.1409,149.3414,148.5402,147.7253,146.8968,146.0551,145.2002,145.3278,144.4482,143.5561,143.6492,143.7314,144.8013,145.861,145.9111,146.9496,147.9775,148.9943,150,150.9943,152.9767,152.9476,153.9062,155.8515,155.7862
54.2444,53.67252,52.66604,51.65555,51.03988,50.01358,48.98348,47.94964,46.91216,45.8711,45.17675,44.1206,43.06108,41.99829,41.24961,40.17221,39.09175,38.00832,37.20601,36.10849,35.00823,33.90529,33.55092,33.86907,34.31647,35.31732,34.4139,32.64214,31.1014,29.57539,28.06427,26.56817,25.08724,23.6216,22.31922,20.87597,19.4484,18.03666,16.64087,15.26116,13.99348,12.63758,11.29811,10.04493,8.79099,7.588714,6.368431,5.095327,3.848011,2.582956,1.300254,0,-1.317707,-2.670218,-4.005073,-5.374522,-6.804624,-8.164409
114.6283,115.1011,116.475,116.0203,117.3837,117.8246,118.2566,118.6795,119.0934,119.4983,120.8307,121.2203,121.6008,122.9174,123.2821,123.6373,123.9832,124.3196,125.6054,125.9253,126.2356,126.5363,128.7636,135.8414,142.9384,152.0017,155.2311,153.5692,152.8683,152.1522,151.4213,150.6756,149.9154,149.1409,148.3524,148.5402,147.7253,146.8968,146.0551,145.2002,145.3278,144.4482,143.5561,143.6492,143.7314,144.8013,144.862,145.9111,146.9496,148.9773,147.9944,150,150.9943,151.9768,152.9476,153.9062,155.8515,155.7862
54.67491,53.67252,53.08074,51.65555,51.03988,50.01358,48.98348,47.94964,46.91216,45.8711,45.17675,44.1206,43.06108,42.32386,41.24961,40.17221,39.09175,38.00832,37.20601,36.10849,35.00823,33.90529,33.30054,33.86907,34.31647,35.09236,34.4139,32.64214,31.1014,29.57539,28.06427,26.56817,25.08724,23.6216,22.17141,20.87597,19.4484,18.03666,16.64087,15.26116,13.99348,12.63758,11.29811,10.04493,8.79099,7.588714,6.324811,5.095327,3.848011,2.600409,1.291527,0,-1.317707,-2.652766,-4.005073,-5.374522,-6.804624,-8.164409
113.7257,115.1011,115.5651,116.9338,117.3837,117.8246,118.2566,118.6795,119.0934,120.4319,120.8307,121.2203,121.6008,121.9719,123.2821,123.6373,123.9832,124.3196,125.6054,125.9253,126.2356,126.5363,129.7318,135.8414,143.9107,152.9761,155.2311,153.5692,151.8883,152.1522,151.4213,150.6756,149.9154,149.1409,149.3414,148.5402,147.7253,146.8968,146.0551,145.2002,145.3278,144.4482,143.5561,143.6492,143.7314,144.8013,145.861,145.9111,146.9496,148.9773,148.9943,149,150.9943,150.977,152.9476,153.9062,155.8515,156.7848
54.2444,53.67252,52.66604,52.06229,51.03988,50.01358,48.98348,47.94964,46.91216,46.22947,45.17675,44.1206,43.06108,41.99829,41.24961,40.17221,39.09175,38.00832,37.20601,36.10849,35.00823,33.90529,33.55092,33.86907,34.54991,35.31732,34.4139,32.64214,30.90203,29.57539,28.06427,26.56817,25.08724,23.6216,22.31922,20.87597,19.4484,18.03666,16.64087,15.26116,13.99348,12.63758,11.29811,10.04493,8.79099,7.588714,6.368431,5.095327,3.848011,2.600409,1.300254,0,-1.317707,-2.635313,-4.005073,-5.374522,-6.804624,-8.216745
113.7257,115.1011,115.5651,116.0203,117.3837,117.8246,118.2566,118.6795,119.0934,120.4319,120.8307,121.2203,121.6008,122.9174,123.2821,123.6373,123.9832,125.2759,125.6054,125.9253,126.2356,126.5363,129.7318,135.8414,142.9384,152.9761,155.2311,153.5692,152.8683,152.1522,151.4213,150.6756,149.9154,150.1286,149.3414,148.5402,147.7253,146.8968,146.0551,145.2002,145.3278,144.4482,143.5561,143.6492,143.7314,144.8013,145.861,145.9111,147.9493,148.9773,148.9943,149,150.9943,151.9768,152.9476,153.9062,154.8525,155.7862
54.2444,53.67252,52.66604,51.65555,51.03988,50.01358,48.98348,47.94964,46.91216,46.22947,45.17675,44.1206,43.06108,42.32386,41.24961,40.17221,39.09175,38.30069,37.20601,36.10849,35.00823,33.90529,33.55092,33.86907,34.31647,35.31732,34.4139,32.64214,31.1014,29.57539,28.06427,26.56817,25.08724,23.77804,22.31922,20.87597,19.4484,18.03666,16.64087,15.26116,13.99348,12.63758,11.29811,10.04493,8.79099,7.588714,6.368431,5.095327,3.874188,2.600409,1.300254,0,-1.317707,-2.652766,-4.005073,-5.374522,-6.761005,-8.164409
113.7257,115.1011,115.5651,116.0203,117.3837,117.8246,118.2566,118.6795,119.0934,119.4983,120.8307,121.2203,121.6008,121.9719,123.2821,123.6373,123.9832,125.2759,125.6054,125.9253,127.1992,127.5022,128.7636,135.8414,142.9384,152.9761,155.2311,153.5692,152.8683,152.1522,151.4213,150.6756,149.9154,150.1286,148.3524,148.5402,147.7253,146.8968,146.0551,146.1947,144.3324,144.4482,143.5561,143.6492,143.7314,144.8013,145.861,145.9111,147.9493,148.9773,147.9944,149,149.9943,151.9768,152.9476,153.9062,154.8525,155.7862
54.2444,53.67252,52.66604,51.65555,51.03988,50.01358,48.98348,47.94964,46.91216,45.8711,45.17675,44.1206,43.06108,41.99829,41.24961,40.17221,39.09175,38.30069,37.20601,36.10849,35.27547,34.16411,33.30054,33.86907,34.31647,35.31732,34.4139,32.64214,31.1014,29.57539,28.06427,26.56817,25.08724,23.77804,22.17141,20.87597,19.4484,18.03666,16.64087,15.36568,13.89763,12.63758,11.29811,10.04493,8.79099,7.588714,6.368431,5.095327,3.874188,2.600409,1.291527,0,-1.30898,-2.652766,-4.005073,-5.374522,-6.761005,-8.164409
113.7257,115.1011,115.5651,116.0203,117.3837,117.8246,118.2566,118.6795,120.0239,119.4983,120.8307,121.2203,121.6008,122.9174,123.2821,123.6373,123.9832,125.2759,125.6054,125.9253,126.2356,127.5022,129.7318,135.8414,142.9384,152.9761,154.2548,153.5692,152.8683,152.1522,152.4045,150.6756,149.9154,150.1286,149.3414,148.5402,147.7253,146.8968,146.0551,146.1947,145.3278,144.4482,143.5561,143.6492,143.7314,144.8013,145.861,145.9111,146.9496,148.9773,147.9944,150,150.9943,151.9768,152.9476,153.9062,155.8515,155.7862
54.2444,53.67252,52.66604,51.65555,51.03988,50.01358,48.98348,47.94964,47.27866,45.8711,45.17675,44.1206,43.06108,42.32386,41.24961,40.17221,39.09175,38.30069,37.20601,36.10849,35.00823,34.16411,33.55092,33.86907,34.31647,35.31732,34.19746,32.64214,31.1014,29.57539,28.24651,26.56817,25.08724,23.77804,22.31922,20.87597,19.4484,18.03666,16.64087,15.36568,13.99348,12.63758,11.29811,10.04493,8.79099,7.588714,6.368431,5.095327,3.848011,2.600409,1.291527,0,-1.317707,-2.652766,-4.005073,-5.374522,-6.804624,-8.164409
113.7257,116.0074,116.475,116.9338,117.3837,117.8246,118.2566,118.6795,119.0934,119.4983,120.8307,121.2203,121.6008,121.9719,123.2821,123.6373,123.9832,124.3196,125.6054,125.9253,127.1992,126.5363,128.7636,135.8414,142.9384,152.9761,155.2311,153.5692,152.8683,152.1522,151.4213,150.6756,150.9017,149.1409,149.3414,148.5402,147.7253,146.8968,146.0551,145.2002,145.3278,144.4482,143.5561,143.6492,142.7333,144.8013,144.862,145.9111,147.9493,148.9773,148.9943,149,149.9943,151.9768,152.9476,153.9062,155.8515,154.7876
54.2444,54.09514,53.08074,52.06229,51.03988,50.01358,48.98348,47.94964,46.91216,45.8711,45.17675,44.1206,43.06108,41.99829,41.24961,40.17221,39.09175,38.00832,37.20601,36.10849,35.27547,33.90529,33.30054,33.86907,34.31647,35.31732,34.4139,32.64214,31.1014,29.57539,28.06427,26.56817,25.25228,23.6216,22.31922,20.87597,19.4484,18.03666,16.64087,15.26116,13.99348,12.63758,11.29811,10.04493,8.729941,7.588714,6.324811,5.095327,3.874188,2.600409,1.300254,0,-1.30898,-2.652766,-4.005073,-5.374522,-6.804624,-8.112073
113.7257,115.1011,116.475,116.9338,117.3837,117.8246,118.2566,118.6795,119.0934,119.4983,120.8307,121.2203,121.6008,121.9719,123.2821,123.6373,123.9832,124.3196,125.6054,125.9253,126.2356,127.5022,129.7318,136.8117,142.9384,152.9761,155.2311,153.5692,152.8683,152.1522,151.4213,150.6756,150.9017,150.1286,148.3524,148.5402,147.7253,146.8968,146.0551,145.2002,145.3278,144.4482,143.5561,143.6492,143.7314,144.8013,145.861,146.9105,147.9493,148.9773,148.9943,150,150.9943,151.9768,152.9476,153.9062,154.8525,155.7862
54.2444,53.67252,53.08074,52.06229,51.03988,50.01358,48.98348,47.94964,46.91216,45.8711,45.17675,44.1206,43.06108,41.99829,41.24961,40.17221,39.09175,38.00832,37.20601,36.10849,35.00823,34.16411,33.55092,34.11099,34.31647,35.31732,34.4139,32.64214,31.1014,29.57539,28.06427,26.56817,25.25228,23.77804,22.17141,20.87597,19.4484,18.03666,16.64087,15.26116,13.99348,12.63758,11.29811,10.04493,8.79099,7.588714,6.368431,5.130226,3.874188,2.600409,1.300254,0,-1.317707,-2.652766,-4.005073,-5.374522,-6.761005,-8.164409
