83.43617,80.98728,81.60757,82.74414,83.32977,83.89442,84.43813,84.96094,85.46289,85.94404,86.40443,87.43895,87.86499,88.27041,88.65525,89.64211,90.62214,91.59526,93.84699,94.81942,96.44068,97.40515,99.70046,101.3385,102.9818,104.6299,106.2827,107.94,109.6016,111.2671,112.9363,115.3345,117.0166,118.7017,120.3895,119.8329,115.4706,112.5401,109.5444,107.2558,104.9147,104.0869,104.0174,103.9293,104.6213,105.3052,105.9812,107.4632,107.3089,107.1364,108.6039,109.239,109.8658,110.4843,111.0943,111.6959,112.2889,112.0118,113.4493,113.1462,113.7006,115.125
138.8611,132.1592,130.5994,129.8823,128.3166,126.7506,125.1847,123.6189,122.0537,120.4891,118.9255,118.167,116.6008,115.0362,113.4735,112.6956,111.909,111.1139,111.8425,111.0193,110.9423,110.0965,110.7286,110.5916,110.4344,110.2569,110.059,109.8406,109.6016,109.3418,109.0614,109.4484,109.1197,108.77,108.3992,106.0192,100.377,96.11831,91.91863,88.41487,84.95825,82.79445,81.26731,79.74775,78.83777,77.92179,76.99987,76.65279,75.13851,73.63281,73.25427,72.30375,71.34771,70.38625,69.41942,68.44731,67.46999,65.97999,65.5,64.01506,63.02525,62.5078
83.43617,80.98728,81.60757,82.74414,83.32977,83.89442,83.87894,84.96094,85.46289,85.94404,86.40443,87.43895,87.86499,88.27041,88.65525,89.64211,90.62214,91.59526,93.2042,95.46886,96.44068,98.06777,99.70046,101.3385,102.9818,104.6299,106.2827,107.94,108.8944,111.2671,112.9363,114.6092,117.0166,118.7017,120.3895,119.8329,115.4706,112.5401,109.5444,107.2558,104.9147,104.0869,104.0174,104.7226,105.4199,106.1091,106.7902,106.6491,107.3089,107.1364,108.6039,109.239,109.8658,110.4843,111.0943,111.6959,112.2889,112.8734,113.4493,114.0166,113.7006,116.8827
138.8611,132.1592,130.5994,129.8823,128.3166,126.7506,124.3556,123.6189,122.0537,120.4891,118.9255,118.167,116.6008,115.0362,113.4735,112.6956,111.909,111.1139,111.0764,111.7797,110.9423,110.8454,110.7286,110.5916,110.4344,110.2569,110.059,109.8406,108.8944,109.3418,109.0614,108.76,109.1197,108.77,108.3992,106.0192,100.377,96.11831,91.91863,88.41487,84.95825,82.79445,81.26731,80.35651,79.43958,78.51661,77.58765,76.07209,75.13851,73.63281,73.25427,72.30375,71.34771,70.38625,69.41942,68.44731,67.46999,66.48753,65.5,64.50749,63.02525,63.46212
83.43617,80.98728,81.60757,82.74414,83.32977,83.89442,84.43813,84.96094,85.46289,85.94404,86.40443,87.43895,87.86499,88.27041,88.65525,89.64211,90.62214,92.23134,93.2042,95.46886,96.44068,98.06777,99.70046,101.3385,102.9818,104.6299,106.2827,107.94,109.6016,111.2671,112.9363,115.3345,117.0166,118.7017,120.3895,120.5819,115.4706,112.5401,108.7783,107.2558,104.9147,104.0869,104.0174,104.7226,106.2185,105.3052,106.7902,106.6491,107.3089,107.9605,108.6039,109.239,109.8658,110.4843,111.0943,111.6959,112.2889,112.8734,112.5833,114.0166,113.7006,115.125
138.8611,132.1592,130.5994,129.8823,128.3166,126.7506,125.1847,123.6189,122.0537,120.4891,118.9255,118.167,116.6008,115.0362,113.4735,112.6956,111.909,111.8856,111.0764,111.7797,110.9423,110.8454,110.7286,110.5916,110.4344,110.2569,110.059,109.8406,109.6016,109.3418,109.0614,109.4484,109.1197,108.77,108.3992,106.6818,100.377,96.11831,91.27584,88.41487,84.95825,82.79445,81.26731,80.35651,80.0414,77.92179,77.58765,76.07209,75.13851,74.19922,73.25427,72.30375,71.34771,70.38625,69.41942,68.44731,67.46999,66.48753,65,64.50749,63.02525,62.5078
83.43617,80.98728,81.60757,82.74414,83.32977,83.89442,84.43813,84.96094,85.46289,85.94404,86.40443,87.43895,87.86499,88.27041,88.65525,89.64211,90.62214,92.23134,93.2042,94.81942,96.44068,98.06777,99.70046,101.3385,102.9818,104.6299,106.2827,107.94,108.8944,111.2671,113.6557,115.3345,117.0166,118.7017,120.3895,119.8329,115.4706,112.5401,109.5444,107.2558,104.9147,104.0869,104.0174,104.7226,105.4199,106.1091,105.1722,107.4632,108.1281,107.9605,107.7749,108.4052,109.8658,110.4843,111.0943,111.6959,112.2889,112.8734,113.4493,114.0166,113.7006,117.7615
138.8611,132.1592,130.5994,129.8823,128.3166,126.7506,125.1847,123.6189,122.0537,120.4891,118.9255,118.167,116.6008,115.0362,113.4735,112.6956,111.909,111.8856,111.0764,111.0193,110.9423,110.8454,110.7286,110.5916,110.4344,110.2569,110.059,109.8406,108.8944,109.3418,109.756,109.4484,109.1197,108.77,108.3992,106.0192,100.377,96.11831,91.91863,88.41487,84.95825,82.79445,81.26731,80.35651,79.43958,78.51661,76.41208,76.65279,75.71209,74.19922,72.69508,71.75181,71.34771,70.38625,69.41942,68.44731,67.46999,66.48753,65.5,64.50749,63.02525,63.93927
83.43617,80.98728,81.60757,82.74414,83.32977,83.89442,84.43813,84.96094,85.46289,85.94404,86.40443,87.43895,87.86499,88.27041,88.65525,89.64211,90.62214,92.23134,93.2042,95.46886,96.44068,98.06777,99.70046,101.3385,102.9818,104.6299,106.2827,107.94,109.6016,111.2671,112.9363,115.3345,117.0166,118.7017,120.3895,119.8329,115.4706,112.5401,108.7783,107.2558,104.1376,104.0869,104.0174,103.9293,105.4199,105.3052,105.9812,107.4632,107.3089,107.9605,107.7749,109.239,109.8658,110.4843,110.2463,111.6959,112.2889,112.0118,113.4493,114.0166,113.7006,116.0039
138.8611,132.1592,130.5994,129.8823,128.3166,126.7506,125.1847,123.6189,122.0537,120.4891,118.9255,118.167,116.6008,115.0362,113.4735,112.6956,111.909,111.8856,111.0764,111.7797,110.9423,110.8454,110.7286,110.5916,110.4344,110.2569,110.059,109.8406,109.6016,109.3418,109.0614,109.4484,109.1197,108.77,108.3992,106.0192,100.377,96.11831,91.27584,88.41487,84.32893,82.79445,81.26731,79.74775,79.43958,77.92179,76.99987,76.65279,75.13851,74.19922,72.69508,72.30375,71.34771,70.38625,68.8895,68.44731,67.46999,65.97999,65.5,64.50749,63.02525,62.98496
83.43617,80.98728,81.60757,82.74414,83.32977,83.89442,84.43813,84.96094,85.46289,85.94404,86.40443,87.43895,87.86499,88.27041,88.65525,89.64211,90.62214,91.59526,93.84699,95.46886,96.44068,98.06777,99.70046,101.3385,102.9818,104.6299,106.2827,107.94,109.6016,111.2671,112.9363,115.3345,117.0166,118.7017,120.3895,119.8329,116.2253,112.5401,109.5444,106.4842,104.9147,104.0869,104.0174,103.9293,105.4199,106.1091,105.9812,105.835,107.3089,107.9605,107.7749,108.4052,109.8658,110.4843,111.0943,111.6959,112.2889,112.8734,113.4493,113.1462,113.7006,115.125
138.8611,132.1592,130.5994,129.8823,128.3166,126.7506,125.1847,123.6189,122.0537,120.4891,118.9255,118.167,116.6008,115.0362,113.4735,112.6956,111.909,111.1139,111.8425,111.7797,110.9423,110.8454,110.7286,110.5916,110.4344,110.2569,110.059,109.8406,109.6016,109.3418,109.0614,109.4484,109.1197,108.77,108.3992,106.0192,101.0331,96.11831,91.91863,87.77879,84.95825,82.79445,81.26731,79.74775,79.43958,78.51661,76.99987,75.49138,75.13851,74.19922,72.69508,71.75181,71.34771,70.38625,69.41942,68.44731,67.46999,66.48753,65.5,64.01506,63.02525,62.5078
83.43617,80.98728,81.60757,82.74414,83.32977,83.89442,84.43813,84.39453,85.46289,85.94404,86.40443,87.43895,87.86499,88.27041,88.65525,89.64211,90.62214,92.23134,93.84699,95.46886,96.44068,97.40515,99.70046,101.3385,102.9818,104.6299,106.2827,107.94,109.6016,111.2671,112.9363,115.3345,117.0166,118.7017,120.3895,119.8329,115.4706,112.5401,109.5444,107.2558,104.9147,104.0869,104.0174,104.7226,105.4199,106.1091,106.7902,106.6491,107.3089,107.9605,108.6039,109.239,109.8658,110.4843,111.0943,111.6959,112.2889,112.8734,112.5833,114.0166,113.7006,117.7615
138.8611,132.1592,130.5994,129.8823,128.3166,126.7506,125.1847,122.7948,122.0537,120.4891,118.9255,118.167,116.6008,115.0362,113.4735,112.6956,111.909,111.8856,111.8425,111.7797,110.9423,110.0965,110.7286,110.5916,110.4344,110.2569,110.059,109.8406,109.6016,109.3418,109.0614,109.4484,109.1197,108.77,108.3992,106.0192,100.377,96.11831,91.91863,88.41487,84.95825,82.79445,81.26731,80.35651,79.43958,78.51661,77.58765,76.07209,75.13851,74.19922,73.25427,72.30375,71.34771,70.38625,69.41942,68.44731,67.46999,66.48753,65,64.50749,63.02525,63.93927
83.43617,80.98728,81.60757,82.74414,83.32977,83.89442,84.43813,84.96094,85.46289,85.94404,86.40443,87.43895,87.86499,88.27041,89.27091,89.64211,90.62214,91.59526,93.84699,95.46886,96.44068,98.06777,99.70046,101.3385,102.9818,104.6299,106.2827,107.94,109.6016,111.2671,112.9363,114.6092,117.0166,118.7017,120.3895,120.5819,115.4706,112.5401,108.7783,107.2558,104.9147,104.0869,104.0174,103.9293,105.4199,105.3052,105.9812,107.4632,107.3089,107.9605,108.6039,109.239,109.8658,110.4843,111.0943,110.8432,112.2889,112.8734,113.4493,114.0166,113.7006,115.125
138.8611,132.1592,130.5994,129.8823,128.3166,126.7506,125.1847,123.6189,122.0537,120.4891,118.9255,118.167,116.6008,115.0362,114.2616,112.6956,111.909,111.1139,111.8425,111.7797,110.9423,110.8454,110.7286,110.5916,110.4344,110.2569,110.059,109.8406,109.6016,109.3418,109.0614,108.76,109.1197,108.77,108.3992,106.6818,100.377,96.11831,91.27584,88.41487,84.95825,82.79445,81.26731,79.74775,79.43958,77.92179,76.99987,76.65279,75.13851,74.19922,73.25427,72.30375,71.34771,70.38625,69.41942,67.92481,67.46999,66.48753,65.5,64.50749,63.02525,62.5078
83.43617,80.98728,81.60757,82.20684,83.32977,83.89442,83.87894,84.96094,85.46289,85.94404,86.40443,87.43895,87.86499,88.27041,89.27091,89.64211,90.62214,91.59526,93.84699,94.81942,96.44068,98.06777,99.70046,101.3385,102.9818,104.6299,106.2827,107.94,108.8944,111.2671,112.9363,114.6092,117.0166,118.7017,120.3895,119.8329,116.2253,112.5401,109.5444,107.2558,104.9147,104.0869,103.2294,104.7226,105.4199,106.1091,106.7902,106.6491,107.3089,107.9605,107.7749,109.239,109.8658,110.4843,111.0943,111.6959,112.2889,112.8734,113.4493,113.1462,113.7006,115.125
138.8611,132.1592,130.5994,129.0389,128.3166,126.7506,124.3556,123.6189,122.0537,120.4891,118.9255,118.167,116.6008,115.0362,114.2616,112.6956,111.909,111.1139,111.8425,111.0193,110.9423,110.8454,110.7286,110.5916,110.4344,110.2569,110.059,109.8406,108.8944,109.3418,109.0614,108.76,109.1197,108.77,108.3992,106.0192,101.0331,96.11831,91.91863,88.41487,84.95825,82.79445,80.65165,80.35651,79.43958,78.51661,77.58765,76.07209,75.13851,74.19922,72.69508,72.30375,71.34771,70.38625,69.41942,68.44731,67.46999,66.48753,65.5,64.01506,63.02525,62.5078
83.43617,80.98728,81.60757,82.74414,83.32977,83.89442,84.43813,84.96094,85.46289,85.94404,86.40443,87.43895,87.86499,88.27041,88.65525,89.64211,90.62214,92.23134,93.2042,95.46886,96.44068,97.40515,99.70046,101.3385,102.9818,104.6299,106.2827,107.94,108.8944,111.2671,112.9363,115.3345,116.2852,118.7017,120.3895,120.5819,115.4706,112.5401,109.5444,106.4842,104.9147,104.8695,104.0174,104.7226,104.6213,106.1091,106.7902,106.6491,107.3089,107.9605,108.6039,108.4052,109.8658,110.4843,111.0943,111.6959,112.2889,112.0118,112.5833,113.1462,113.7006,115.125
138.8611,132.1592,130.5994,129.8823,128.3166,126.7506,125.1847,123.6189,122.0537,120.4891,118.9255,118.167,116.6008,115.0362,113.4735,112.6956,111.909,111.8856,111.0764,111.7797,110.9423,110.0965,110.7286,110.5916,110.4344,110.2569,110.059,109.8406,108.8944,109.3418,109.0614,109.4484,108.4377,108.77,108.3992,106.6818,100.377,96.11831,91.91863,87.77879,84.95825,83.41696,81.26731,80.35651,78.83777,78.51661,77.58765,76.07209,75.13851,74.19922,73.25427,71.75181,71.34771,70.38625,69.41942,68.44731,67.46999,65.97999,65,64.01506,63.02525,62.5078
83.43617,80.98728,81.60757,82.74414,83.32977,83.89442,84.43813,84.96094,85.46289,85.94404,86.40443,87.43895,87.86499,88.27041,88.65525,89.64211,90.62214,92.23134,93.2042,95.46886,96.44068,98.06777,99.70046,101.3385,102.9818,104.6299,106.2827,107.94,109.6016,111.2671,112.9363,115.3345,116.2852,118.7017,120.3895,120.5819,116.2253,112.5401,109.5444,107.2558,104.9147,104.0869,104.0174,104.7226,105.4199,106.1091,106.7902,106.6491,107.3089,107.9605,108.6039,109.239,109.8658,110.4843,111.0943,111.6959,112.2889,112.8734,113.4493,114.0166,113.7006,116.8827
138.8611,132.1592,130.5994,129.8823,128.3166,126.7506,125.1847,123.6189,122.0537,120.4891,118.9255,118.167,116.6008,115.0362,113.4735,112.6956,111.909,111.8856,111.0764,111.7797,110.9423,110.8454,110.7286,110.5916,110.4344,110.2569,110.059,109.8406,109.6016,109.3418,109.0614,109.4484,108.4377,108.77,108.3992,106.6818,101.0331,96.11831,91.91863,88.41487,84.95825,82.79445,81.26731,80.35651,79.43958,78.51661,77.58765,76.07209,75.13851,74.19922,73.25427,72.30375,71.34771,70.38625,69.41942,68.44731,67.46999,66.48753,65.5,64.50749,63.02525,63.46212
83.43617,80.98728,81.60757,82.74414,83.32977,83.89442,84.43813,84.96094,85.46289,85.94404,86.40443,87.43895,87.86499,88.27041,88.65525,89.64211,90.62214,92.23134,93.84699,95.46886,96.44068,98.06777,99.70046,101.3385,102.9818,104.6299,106.9774,107.94,109.6016,111.2671,112.9363,115.3345,117.0166,118.7017,120.3895,119.8329,115.4706,112.5401,110.3104,107.2558,104.9147,104.0869,104.0174,104.7226,105.4199,106.1091,106.7902,107.4632,108.1281,107.9605,107.7749,109.239,109.8658,110.4843,111.0943,111.6959,112.2889,112.8734,113.4493,114.0166,113.7006,115.125
138.8611,132.1592,130.5994,129.8823,128.3166,126.7506,125.1847,123.6189,122.0537,120.4891,118.9255,118.167,116.6008,115.0362,113.4735,112.6956,111.909,111.8856,111.8425,111.7797,110.9423,110.8454,110.7286,110.5916,110.4344,110.2569,110.7783,109.8406,109.6016,109.3418,109.0614,109.4484,109.1197,108.77,108.3992,106.0192,100.377,96.11831,92.56142,88.41487,84.95825,82.79445,81.26731,80.35651,79.43958,78.51661,77.58765,76.65279,75.71209,74.19922,72.69508,72.30375,71.34771,70.38625,69.41942,68.44731,67.46999,66.48753,65.5,64.50749,63.02525,62.5078
83.43617,80.98728,81.60757,82.74414,83.32977,83.89442,84.43813,84.96094,84.88931,85.94404,86.40443,87.43895,87.86499,88.27041,89.27091,89.64211,90.62214,92.23134,93.2042,95.46886,96.44068,98.06777,99.03133,101.3385,102.9818,104.6299,106.2827,107.94,109.6016,111.2671,112.9363,114.6092,117.0166,118.7017,120.3895,120.5819,115.4706,112.5401,109.5444,107.2558,104.9147,104.0869,103.2294,104.7226,105.4199,106.1091,105.9812,106.6491,107.3089,107.9605,108.6039,109.239,109.8658,110.4843,111.0943,110.8432,112.2889,112.8734,113.4493,114.0166,113.7006,116.8827
138.8611,132.1592,130.5994,129.8823,128.3166,126.7506,125.1847,123.6189,121.2345,120.4891,118.9255,118.167,116.6008,115.0362,114.2616,112.6956,111.909,111.8856,111.0764,111.7797,110.9423,110.8454,109.9854,110.5916,110.4344,110.2569,110.059,109.8406,109.6016,109.3418,109.0614,108.76,109.1197,108.77,108.3992,106.6818,100.377,96.11831,91.91863,88.41487,84.95825,82.79445,80.65165,80.35651,79.43958,78.51661,76.99987,76.07209,75.13851,74.19922,73.25427,72.30375,71.34771,70.38625,69.41942,67.92481,67.46999,66.48753,65.5,64.50749,63.02525,63.46212
82.92113,80.98728,81.60757,82.74414,83.32977,83.89442,84.43813,84.96094,85.46289,85.94404,86.40443,87.43895,87.86499,88.27041,89.27091,89.64211,90.62214,91.59526,93.2042,95.46886,96.44068,98.06777,99.70046,101.3385,102.9818,104.6299,106.2827,107.94,109.6016,111.2671,112.9363,114.6092,117.0166,118.7017,120.3895,119.8329,116.2253,112.5401,109.5444,107.2558,104.9147,104.8695,103.2294,104.7226,105.4199,106.1091,106.7902,106.6491,107.3089,107.9605,108.6039,108.4052,109.8658,109.6409,111.0943,111.6959,112.2889,112.8734,113.4493,114.0166,113.7006,116.8827
138.0039,132.1592,130.5994,129.8823,128.3166,126.7506,125.1847,123.6189,122.0537,120.4891,118.9255,118.167,116.6008,115.0362,114.2616,112.6956,111.909,111.1139,111.0764,111.7797,110.9423,110.8454,110.7286,110.5916,110.4344,110.2569,110.059,109.8406,109.6016,109.3418,109.0614,108.76,109.1197,108.77,108.3992,106.0192,101.0331,96.11831,91.91863,88.41487,84.95825,83.41696,80.65165,80.35651,79.43958,78.51661,77.58765,76.07209,75.13851,74.19922,73.25427,71.75181,71.34771,69.84895,69.41942,68.44731,67.46999,66.48753,65.5,64.50749,63.02525,63.46212
83.43617,80.98728,81.60757,82.74414,83.32977,83.89442,84.43813,84.39453,85.46289,85.94404,86.40443,87.43895,87.86499,88.27041,88.65525,89.64211,90.62214,91.59526,93.2042,95.46886,96.44068,98.06777,99.70046,101.3385,102.9818,104.6299,106.2827,107.94,108.8944,111.2671,112.9363,114.6092,117.0166,118.7017,120.3895,119.8329,116.2253,112.5401,108.7783,107.2558,104.9147,104.0869,104.0174,103.9293,105.4199,106.1091,106.7902,107.4632,107.3089,107.9605,108.6039,108.4052,109.0272,110.4843,111.0943,111.6959,112.2889,112.8734,113.4493,114.0166,113.7006,114.2462
138.8611,132.1592,130.5994,129.8823,128.3166,126.7506,125.1847,122.7948,122.0537,120.4891,118.9255,118.167,116.6008,115.0362,113.4735,112.6956,111.909,111.1139,111.0764,111.7797,110.9423,110.8454,110.7286,110.5916,110.4344,110.2569,110.059,109.8406,108.8944,109.3418,109.0614,108.76,109.1197,108.77,108.3992,106.0192,101.0331,96.11831,91.27584,88.41487,84.95825,82.79445,81.26731,79.74775,79.43958,78.51661,77.58765,76.65279,75.13851,74.19922,73.25427,71.75181,70.80307,70.38625,69.41942,68.44731,67.46999,66.48753,65.5,64.50749,63.02525,62.03064
83.43617,80.98728,81.60757,82.74414,83.32977,83.89442,84.43813,84.96094,85.46289,85.94404,86.40443,87.43895,87.86499,88.27041,88.65525,89.64211,90.62214,91.59526,93.2042,95.46886,96.44068,98.06777,99.70046,101.3385,102.9818,104.6299,106.9774,107.94,109.6016,111.2671,112.9363,115.3345,117.0166,118.7017,120.3895,119.8329,116.2253,112.5401,110.3104,106.4842,104.9147,104.0869,104.0174,104.7226,105.4199,105.3052,106.7902,105.835,106.4898,107.9605,108.6039,109.239,109.8658,110.4843,111.0943,111.6959,112.2889,112.8734,113.4493,113.1462,113.7006,115.125
138.8611,132.1592,130.5994,129.8823,128.3166,126.7506,125.1847,123.6189,122.0537,120.4891,118.9255,118.167,116.6008,115.0362,113.4735,112.6956,111.909,111.1139,111.0764,111.7797,110.9423,110.8454,110.7286,110.5916,110.4344,110.2569,110.7783,109.8406,109.6016,109.3418,109.0614,109.4484,109.1197,108.77,108.3992,106.0192,101.0331,96.11831,92.56142,87.77879,84.95825,82.79445,81.26731,80.35651,79.43958,77.92179,77.58765,75.49138,74.56494,74.19922,73.25427,72.30375,71.34771,70.38625,69.41942,68.44731,67.46999,66.48753,65.5,64.01506,63.02525,62.5078
83.43617,80.98728,81.60757,82.74414,83.32977,83.89442,84.43813,84.96094,85.46289,85.94404,86.40443,87.43895,87.86499,88.27041,88.65525,89.64211,90.62214,91.59526,93.2042,95.46886,96.44068,98.06777,99.70046,101.3385,102.9818,104.6299,106.9774,107.94,108.8944,111.2671,112.9363,114.6092,117.0166,118.7017,120.3895,120.5819,115.4706,112.5401,109.5444,107.2558,105.6919,104.0869,104.0174,104.7226,105.4199,105.3052,105.9812,106.6491,107.3089,107.1364,107.7749,109.239,109.8658,111.3277,111.0943,111.6959,112.2889,112.8734,113.4493,113.1462,112.8259,116.0039
138.8611,132.1592,130.5994,129.8823,128.3166,126.7506,125.1847,123.6189,122.0537,120.4891,118.9255,118.167,116.6008,115.0362,113.4735,112.6956,111.909,111.1139,111.0764,111.7797,110.9423,110.8454,110.7286,110.5916,110.4344,110.2569,110.7783,109.8406,108.8944,109.3418,109.0614,108.76,109.1197,108.77,108.3992,106.6818,100.377,96.11831,91.91863,88.41487,85.58757,82.79445,81.26731,80.35651,79.43958,77.92179,76.99987,76.07209,75.13851,73.63281,72.69508,72.30375,71.34771,70.92355,69.41942,68.44731,67.46999,66.48753,65.5,64.01506,62.54044,62.98496
83.43617,80.98728,81.60757,82.74414,83.32977,83.89442,83.87894,84.96094,85.46289,85.94404,86.40443,87.43895,87.86499,88.27041,88.65525,89.64211,90.62214,91.59526,93.2042,94.81942,96.44068,98.06777,99.70046,101.3385,102.9818,104.6299,106.2827,107.94,108.8944,111.2671,112.9363,115.3345,117.0166,118.7017,120.3895,119.8329,115.4706,112.5401,109.5444,107.2558,104.9147,104.0869,104.0174,104.7226,105.4199,106.1091,105.9812,107.4632,107.3089,107.9605,108.6039,108.4052,110.7045,110.4843,111.0943,111.6959,112.2889,112.8734,113.4493,114.0166,113.7006,115.125
138.8611,132.1592,130.5994,129.8823,128.3166,126.7506,124.3556,123.6189,122.0537,120.4891,118.9255,118.167,116.6008,115.0362,113.4735,112.6956,111.909,111.1139,111.0764,111.0193,110.9423,110.8454,110.7286,110.5916,110.4344,110.2569,110.059,109.8406,108.8944,109.3418,109.0614,109.4484,109.1197,108.77,108.3992,106.0192,100.377,96.11831,91.91863,88.41487,84.95825,82.79445,81.26731,80.35651,79.43958,78.51661,76.99987,76.65279,75.13851,74.19922,73.25427,71.75181,71.89235,70.38625,69.41942,68.44731,67.46999,66.48753,65.5,64.50749,63.02525,62.5078
83.43617,80.98728,81.60757,82.74414,83.32977,83.89442,84.43813,84.96094,85.46289,85.94404,86.40443,87.43895,87.86499,88.27041,89.27091,89.64211,90.62214,91.59526,93.2042,95.46886,96.44068,98.06777,99.70046,100.6629,102.9818,104.6299,106.9774,107.94,108.8944,111.2671,112.9363,115.3345,116.2852,118.7017,120.3895,119.8329,115.4706,112.5401,108.7783,107.2558,104.9147,104.0869,104.0174,104.7226,105.4199,106.1091,105.9812,106.6491,107.3089,107.9605,108.6039,109.239,109.8658,110.4843,111.0943,111.6959,112.2889,112.8734,112.5833,114.0166,113.7006,115.125
138.8611,132.1592,130.5994,129.8823,128.3166,126.7506,125.1847,123.6189,122.0537,120.4891,118.9255,118.167,116.6008,115.0362,114.2616,112.6956,111.909,111.1139,111.0764,111.7797,110.9423,110.8454,110.7286,109.8543,110.4344,110.2569,110.7783,109.8406,108.8944,109.3418,109.0614,109.4484,108.4377,108.77,108.3992,106.0192,100.377,96.11831,91.27584,88.41487,84.95825,82.79445,81.26731,80.35651,79.43958,78.51661,76.99987,76.07209,75.13851,74.19922,73.25427,72.30375,71.34771,70.38625,69.41942,68.44731,67.46999,66.48753,65,64.50749,63.02525,62.5078
83.43617,80.98728,81.60757,82.74414,83.32977,83.89442,84.43813,84.39453,85.46289,85.94404,86.40443,87.43895,87.86499,88.27041,88.65525,89.64211,90.62214,91.59526,93.84699,95.46886,96.44068,98.06777,99.70046,101.3385,102.9818,104.6299,106.2827,107.94,109.6016,111.2671,112.9363,115.3345,117.0166,118.7017,120.3895,119.8329,115.4706,112.5401,108.7783,106.4842,104.9147,104.0869,103.2294,104.7226,105.4199,106.1091,105.9812,106.6491,107.3089,107.9605,108.6039,108.4052,109.8658,109.6409,111.0943,111.6959,112.2889,112.8734,112.5833,113.1462,113.7006,116.0039
138.8611,132.1592,130.5994,129.8823,128.3166,126.7506,125.1847,122.7948,122.0537,120.4891,118.9255,118.167,116.6008,115.0362,113.4735,112.6956,111.909,111.1139,111.8425,111.7797,110.9423,110.8454,110.7286,110.5916,110.4344,110.2569,110.059,109.8406,109.6016,109.3418,109.0614,109.4484,109.1197,108.77,108.3992,106.0192,100.377,96.11831,91.27584,87.77879,84.95825,82.79445,80.65165,80.35651,79.43958,78.51661,76.99987,76.07209,75.13851,74.19922,73.25427,71.75181,71.34771,69.84895,69.41942,68.44731,67.46999,66.48753,65,64.01506,63.02525,62.98496
83.43617,80.98728,81.60757,82.74414,82.78513,83.89442,84.43813,84.96094,85.46289,85.94404,86.40443,87.43895,87.86499,88.27041,88.65525,89.64211,90.62214,92.23134,93.2042,95.46886,96.44068,98.06777,99.70046,101.3385,102.9818,104.6299,106.2827,107.94,109.6016,111.2671,112.9363,114.6092,117.0166,118.7017,120.3895,119.8329,115.4706,112.5401,108.7783,107.2558,104.9147,104.8695,104.0174,104.7226,105.4199,106.1091,106.7902,106.6491,106.4898,107.9605,108.6039,109.239,109.8658,109.6409,111.0943,111.6959,112.2889,112.0118,113.4493,114.0166,113.7006,116.0039
138.8611,132.1592,130.5994,129.8823,127.4779,126.7506,125.1847,123.6189,122.0537,120.4891,118.9255,118.167,116.6008,115.0362,113.4735,112.6956,111.909,111.8856,111.0764,111.7797,110.9423,110.8454,110.7286,110.5916,110.4344,110.2569,110.059,109.8406,109.6016,109.3418,109.0614,108.76,109.1197,108.77,108.3992,106.0192,100.377,96.11831,91.27584,88.41487,84.95825,83.41696,81.26731,80.35651,79.43958,78.51661,77.58765,76.07209,74.56494,74.19922,73.25427,72.30375,71.34771,69.84895,69.41942,68.44731,67.46999,65.97999,65.5,64.50749,63.02525,62.98496
83.43617,80.98728,81.60757,82.74414,83.32977,83.89442,84.43813,84.96094,85.46289,85.94404,86.40443,87.43895,87.86499,88.27041,88.65525,89.64211,90.62214,91.59526,93.2042,94.81942,96.44068,98.06777,99.70046,100.6629,102.9818,104.6299,106.2827,107.94,108.8944,111.2671,113.6557,114.6092,117.0166,118.7017,120.3895,119.8329,115.4706,112.5401,108.7783,107.2558,104.9147,104.0869,104.0174,104.7226,105.4199,105.3052,105.9812,106.6491,107.3089,107.9605,108.6039,109.239,109.8658,110.4843,111.0943,111.6959,112.2889,112.8734,113.4493,114.0166,113.7006,116.0039
138.8611,132.1592,130.5994,129.8823,128.3166,126.7506,125.1847,123.6189,122.0537,120.4891,118.9255,118.167,116.6008,115.0362,113.4735,112.6956,111.909,111.1139,111.0764,111.0193,110.9423,110.8454,110.7286,109.8543,110.4344,110.2569,110.059,109.8406,108.8944,109.3418,109.756,108.76,109.1197,108.77,108.3992,106.0192,100.377,96.11831,91.27584,88.41487,84.95825,82.79445,81.26731,80.35651,79.43958,77.92179,76.99987,76.07209,75.13851,74.19922,73.25427,72.30375,71.34771,70.38625,69.41942,68.44731,67.46999,66.48753,65.5,64.50749,63.02525,62.98496
83.43617,80.98728,81.60757,82.74414,83.32977,83.89442,84.43813,84.96094,85.46289,85.94404,86.40443,87.43895,87.86499,88.27041,88.65525,89.64211,90.62214,91.59526,93.84699,95.46886,96.44068,98.06777,99.70046,101.3385,102.9818,104.6299,106.2827,107.94,109.6016,111.2671,112.9363,115.3345,116.2852,118.7017,120.3895,120.5819,115.4706,112.5401,108.7783,107.2558,104.9147,104.0869,103.2294,104.7226,105.4199,106.1091,105.9812,106.6491,107.3089,107.9605,108.6039,109.239,109.8658,110.4843,111.0943,111.6959,112.2889,112.8734,112.5833,113.1462,113.7006,116.8827
138.8611,132.1592,130.5994,129.8823,128.3166,126.7506,125.1847,123.6189,122.0537,120.4891,118.9255,118.167,116.6008,115.0362,113.4735,112.6956,111.909,111.1139,111.8425,111.7797,110.9423,110.8454,110.7286,110.5916,110.4344,110.2569,110.059,109.8406,109.6016,109.3418,109.0614,109.4484,108.4377,108.77,108.3992,106.6818,100.377,96.11831,91.27584,88.41487,84.95825,82.79445,80.65165,80.35651,79.43958,78.51661,76.99987,76.07209,75.13851,74.19922,73.25427,72.30375,71.34771,70.38625,69.41942,68.44731,67.46999,66.48753,65,64.01506,63.02525,63.46212
83.43617,80.98728,81.60757,82.74414,83.32977,83.89442,84.43813,84.96094,85.46289,85.94404,86.40443,87.43895,87.86499,88.27041,89.27091,89.64211,90.62214,92.23134,93.2042,95.46886,96.44068,98.06777,99.70046,101.3385,102.9818,104.6299,106.2827,107.94,109.6016,111.2671,112.9363,115.3345,117.0166,118.7017,120.3895,119.8329,115.4706,112.5401,108.7783,107.2558,104.9147,104.0869,103.2294,103.9293,105.4199,106.1091,105.9812,106.6491,107.3089,107.9605,108.6039,108.4052,109.0272,109.6409,111.0943,111.6959,112.2889,112.8734,113.4493,113.1462,113.7006,114.2462
138.8611,132.1592,130.5994,129.8823,128.3166,126.7506,125.1847,123.6189,122.0537,120.4891,118.9255,118.167,116.6008,115.0362,114.2616,112.6956,111.909,111.8856,111.0764,111.7797,110.9423,110.8454,110.7286,110.5916,110.4344,110.2569,110.059,109.8406,109.6016,109.3418,109.0614,109.4484,109.1197,108.77,108.3992,106.0192,100.377,96.11831,91.27584,88.41487,84.95825,82.79445,80.65165,79.74775,79.43958,78.51661,76.99987,76.07209,75.13851,74.19922,73.25427,71.75181,70.80307,69.84895,69.41942,68.44731,67.46999,66.48753,65.5,64.01506,63.02525,62.03064
83.43617,80.98728,81.60757,82.74414,83.32977,83.89442,84.43813,84.96094,85.46289,85.94404,86.40443,87.43895,87.86499,88.27041,88.65525,89.64211,90.62214,91.59526,93.84699,95.46886,96.44068,98.06777,99.70046,101.3385,102.9818,104.6299,106.2827,107.94,109.6016,111.2671,112.9363,115.3345,117.0166,118.7017,120.3895,119.8329,116.2253,112.5401,110.3104,107.2558,104.9147,104.0869,103.2294,104.7226,105.4199,106.1091,105.9812,106.6491,107.3089,107.9605,108.6039,109.239,109.8658,109.6409,111.0943,111.6959,112.2889,112.8734,112.5833,114.0166,113.7006,114.2462
138.8611,132.1592,130.5994,129.8823,128.3166,126.7506,125.1847,123.6189,122.0537,120.4891,118.9255,118.167,116.6008,115.0362,113.4735,112.6956,111.909,111.1139,111.8425,111.7797,110.9423,110.8454,110.7286,110.5916,110.4344,110.2569,110.059,109.8406,109.6016,109.3418,109.0614,109.4484,109.1197,108.77,108.3992,106.0192,101.0331,96.11831,92.56142,88.41487,84.95825,82.79445,80.65165,80.35651,79.43958,78.51661,76.99987,76.07209,75.13851,74.19922,73.25427,72.30375,71.34771,69.84895,69.41942,68.44731,67.46999,66.48753,65,64.50749,63.02525,62.03064
83.43617,80.98728,81.60757,82.74414,83.32977,83.89442,84.43813,84.96094,85.46289,85.94404,86.40443,87.43895,87.86499,88.27041,88.65525,89.64211,90.62214,92.23134,93.2042,95.46886,96.44068,98.06777,99.70046,101.3385,102.9818,104.6299,106.2827,107.94,109.6016,111.2671,112.9363,115.3345,116.2852,118.7017,120.3895,120.5819,116.2253,112.5401,110.3104,107.2558,104.9147,104.0869,103.2294,105.516,105.4199,105.3052,105.1722,106.6491,107.3089,107.9605,108.6039,109.239,109.8658,110.4843,111.0943,110.8432,112.2889,112.8734,113.4493,114.0166,113.7006,115.125
138.8611,132.1592,130.5994,129.8823,128.3166,126.7506,125.1847,123.6189,122.0537,120.4891,118.9255,118.167,116.6008,115.0362,113.4735,112.6956,111.909,111.8856,111.0764,111.7797,110.9423,110.8454,110.7286,110.5916,110.4344,110.2569,110.059,109.8406,109.6016,109.3418,109.0614,109.4484,108.4377,108.77,108.3992,106.6818,101.0331,96.11831,92.56142,88.41487,84.95825,82.79445,80.65165,80.96527,79.43958,77.92179,76.41208,76.07209,75.13851,74.19922,73.25427,72.30375,71.34771,70.38625,69.41942,67.92481,67.46999,66.48753,65.5,64.50749,63.02525,62.5078
83.43617,80.98728,81.60757,82.74414,83.32977,83.89442,84.43813,84.39453,85.46289,85.94404,86.40443,87.43895,87.86499,88.27041,89.27091,89.64211,90.62214,91.59526,93.84699,95.46886,96.44068,98.06777,99.70046,101.3385,102.9818,104.6299,106.2827,107.94,109.6016,111.2671,112.9363,114.6092,117.0166,118.7017,120.3895,120.5819,115.4706,112.5401,110.3104,107.2558,104.9147,104.0869,104.0174,104.7226,104.6213,106.1091,105.9812,106.6491,107.3089,107.9605,107.7749,108.4052,109.0272,110.4843,111.0943,111.6959,112.2889,112.8734,113.4493,114.0166,113.7006,116.8827
138.8611,132.1592,130.5994,129.8823,128.3166,126.7506,125.1847,122.7948,122.0537,120.4891,118.9255,118.167,116.6008,115.0362,114.2616,112.6956,111.909,111.1139,111.8425,111.7797,110.9423,110.8454,110.7286,110.5916,110.4344,110.2569,110.059,109.8406,109.6016,109.3418,109.0614,108.76,109.1197,108.77,108.3992,106.6818,100.377,96.11831,92.56142,88.41487,84.95825,82.79445,81.26731,80.35651,78.83777,78.51661,76.99987,76.07209,75.13851,74.19922,72.69508,71.75181,70.80307,70.38625,69.41942,68.44731,67.46999,66.48753,65.5,64.50749,63.02525,63.46212
83.43617,80.98728,81.60757,82.74414,82.78513,83.89442,84.43813,84.96094,85.46289,85.94404,86.40443,87.43895,87.86499,88.27041,88.65525,89.64211,90.62214,91.59526,93.2042,95.46886,96.44068,98.06777,99.70046,101.3385,102.9818,104.6299,106.2827,107.94,108.8944,111.2671,112.9363,115.3345,117.0166,118.7017,120.3895,119.8329,115.4706,112.5401,108.7783,107.2558,104.9147,104.0869,104.0174,104.7226,105.4199,106.1091,106.7902,106.6491,107.3089,107.9605,108.6039,109.239,109.8658,110.4843,111.0943,111.6959,112.2889,112.8734,112.5833,114.0166,113.7006,115.125
138.8611,132.1592,130.5994,129.8823,127.4779,126.7506,125.1847,123.6189,122.0537,120.4891,118.9255,118.167,116.6008,115.0362,113.4735,112.6956,111.909,111.1139,111.0764,111.7797,110.9423,110.8454,110.7286,110.5916,110.4344,110.2569,110.059,109.8406,108.8944,109.3418,109.0614,109.4484,109.1197,108.77,108.3992,106.0192,100.377,96.11831,91.27584,88.41487,84.95825,82.79445,81.26731,80.35651,79.43958,78.51661,77.58765,76.07209,75.13851,74.19922,73.25427,72.30375,71.34771,70.38625,69.41942,68.44731,67.46999,66.48753,65,64.50749,63.02525,62.5078
83.43617,80.98728,81.60757,82.74414,83.32977,83.89442,84.43813,84.96094,85.46289,85.94404,86.40443,87.43895,87.86499,88.27041,89.27091,89.64211,90.62214,91.59526,93.84699,94.81942,96.44068,98.06777,99.70046,101.3385,102.9818,104.6299,106.2827,107.94,108.8944,111.2671,112.9363,114.6092,117.0166,118.7017,120.3895,119.8329,115.4706,112.5401,109.5444,107.2558,104.9147,104.0869,104.0174,103.9293,105.4199,105.3052,106.7902,107.4632,107.3089,107.9605,108.6039,109.239,109.0272,110.4843,111.0943,111.6959,112.2889,112.8734,113.4493,114.0166,113.7006,114.2462
138.8611,132.1592,130.5994,129.8823,128.3166,126.7506,125.1847,123.6189,122.0537,120.4891,118.9255,118.167,116.6008,115.0362,114.2616,112.6956,111.909,111.1139,111.8425,111.0193,110.9423,110.8454,110.7286,110.5916,110.4344,110.2569,110.059,109.8406,108.8944,109.3418,109.0614,108.76,109.1197,108.77,108.3992,106.0192,100.377,96.11831,91.91863,88.41487,84.95825,82.79445,81.26731,79.74775,79.43958,77.92179,77.58765,76.65279,75.13851,74.19922,73.25427,72.30375,70.80307,70.38625,69.41942,68.44731,67.46999,66.48753,65.5,64.50749,63.02525,62.03064
83.43617,80.98728,81.60757,82.74414,83.32977,83.89442,84.43813,84.39453,85.46289,85.94404,86.40443,87.43895,87.86499,88.27041,88.65525,89.64211,90.62214,91.59526,93.2042,95.46886,96.44068,98.06777,99.70046,101.3385,102.9818,104.6299,106.2827,107.94,109.6016,111.2671,112.9363,115.3345,117.0166,118.7017,120.3895,120.5819,116.2253,112.5401,109.5444,107.2558,104.9147,104.0869,104.8054,105.516,105.4199,106.1091,106.7902,106.6491,107.3089,107.9605,108.6039,109.239,109.8658,110.4843,111.0943,111.6959,112.2889,112.8734,113.4493,114.0166,114.5752,116.0039
138.8611,132.1592,130.5994,129.8823,128.3166,126.7506,125.1847,122.7948,122.0537,120.4891,118.9255,118.167,116.6008,115.0362,113.4735,112.6956,111.909,111.1139,111.0764,111.7797,110.9423,110.8454,110.7286,110.5916,110.4344,110.2569,110.059,109.8406,109.6016,109.3418,109.0614,109.4484,109.1197,108.77,108.3992,106.6818,101.0331,96.11831,91.91863,88.41487,84.95825,82.79445,81.88298,80.96527,79.43958,78.51661,77.58765,76.07209,75.13851,74.19922,73.25427,72.30375,71.34771,70.38625,69.41942,68.44731,67.46999,66.48753,65.5,64.50749,63.51006,62.98496
