83.95121,81.50978,82.13749,83.28144,83.87441,84.44636,84.99732,85.52734,86.03647,86.52474,86.99222,88.03377,88.46681,88.87917,89.27091,90.26462,91.25146,92.86742,93.84699,95.46886,97.09674,98.73039,100.3696,102.0141,103.6638,105.3183,106.9774,108.6409,110.3087,111.9803,112.9363,116.0599,117.0166,119.4389,121.1326,119.8329,116.2253,112.5401,108.7783,107.2558,104.1376,104.0869,104.0174,104.7226,105.4199,105.3052,105.9812,107.4632,107.3089,107.9605,108.6039,109.239,109.8658,110.4843,111.0943,111.6959,112.2889,112.8734,113.4493,114.0166,114.5752,116.0039
139.7183,133.0119,131.4475,130.7257,129.1553,127.5845,126.0137,124.4431,122.8728,121.3032,119.7345,118.9708,117.3994,115.8296,114.2616,113.4782,112.6862,112.6572,111.8425,111.7797,111.697,111.5944,111.4717,111.3289,111.1658,110.9823,110.7783,110.5538,110.3087,110.0428,109.0614,110.1367,109.1197,109.4456,109.0683,106.0192,101.0331,96.11831,91.27584,88.41487,84.32893,82.79445,81.26731,80.35651,79.43958,77.92179,76.99987,76.65279,75.13851,74.19922,73.25427,72.30375,71.34771,70.38625,69.41942,68.44731,67.46999,66.48753,65.5,64.50749,63.51006,62.98496
83.95121,81.50978,82.13749,83.28144,83.87441,84.44636,84.99732,85.52734,86.03647,86.52474,86.99222,88.03377,88.46681,88.87917,89.27091,90.26462,91.25146,92.86742,94.48978,96.11831,97.09674,98.73039,100.3696,101.3385,103.6638,105.3183,106.9774,108.6409,110.3087,111.9803,114.375,116.0599,117.0166,119.4389,121.1326,119.8329,115.4706,112.5401,109.5444,107.2558,104.9147,104.0869,104.8054,104.7226,105.4199,105.3052,106.7902,106.6491,108.1281,107.9605,108.6039,109.239,109.8658,110.4843,111.0943,111.6959,112.2889,112.8734,113.4493,114.0166,114.5752,116.0039
139.7183,133.0119,131.4475,130.7257,129.1553,127.5845,126.0137,124.4431,122.8728,121.3032,119.7345,118.9708,117.3994,115.8296,114.2616,113.4782,112.6862,112.6572,112.6085,112.5401,111.697,111.5944,111.4717,110.5916,111.1658,110.9823,110.7783,110.5538,110.3087,110.0428,110.4507,110.1367,109.1197,109.4456,109.0683,106.0192,100.377,96.11831,91.91863,88.41487,84.95825,82.79445,81.88298,80.35651,79.43958,77.92179,77.58765,76.07209,75.71209,74.19922,73.25427,72.30375,71.34771,70.38625,69.41942,68.44731,67.46999,66.48753,65.5,64.50749,63.51006,62.98496
83.95121,81.50978,82.13749,83.28144,83.87441,84.44636,84.99732,85.52734,86.03647,86.52474,86.99222,88.03377,88.46681,88.87917,89.27091,90.26462,91.25146,92.23134,94.48978,96.11831,97.09674,98.73039,100.3696,102.0141,103.6638,105.3183,106.9774,108.6409,110.3087,111.9803,113.6557,115.3345,117.0166,119.4389,121.1326,119.8329,116.2253,112.5401,109.5444,107.2558,104.9147,104.0869,104.0174,104.7226,105.4199,106.1091,106.7902,106.6491,107.3089,107.9605,108.6039,109.239,109.8658,110.4843,111.0943,111.6959,112.2889,112.8734,113.4493,114.0166,114.5752,114.2462
139.7183,133.0119,131.4475,130.7257,129.1553,127.5845,126.0137,124.4431,122.8728,121.3032,119.7345,118.9708,117.3994,115.8296,114.2616,113.4782,112.6862,111.8856,112.6085,112.5401,111.697,111.5944,111.4717,111.3289,111.1658,110.9823,110.7783,110.5538,110.3087,110.0428,109.756,109.4484,109.1197,109.4456,109.0683,106.0192,101.0331,96.11831,91.91863,88.41487,84.95825,82.79445,81.26731,80.35651,79.43958,78.51661,77.58765,76.07209,75.13851,74.19922,73.25427,72.30375,71.34771,70.38625,69.41942,68.44731,67.46999,66.48753,65.5,64.50749,63.51006,62.03064
83.95121,81.50978,82.13749,83.28144,83.87441,84.44636,84.99732,85.52734,86.03647,86.52474,86.99222,88.03377,88.46681,88.87917,89.27091,90.26462,91.25146,92.23134,93.84699,96.11831,97.09674,98.73039,100.3696,102.0141,103.6638,105.3183,106.9774,108.6409,110.3087,111.9803,113.6557,116.0599,117.0166,119.4389,121.1326,120.5819,116.2253,112.5401,108.7783,107.2558,104.1376,104.0869,104.0174,104.7226,105.4199,106.1091,105.9812,106.6491,108.1281,107.9605,108.6039,109.239,109.8658,110.4843,111.0943,111.6959,112.2889,112.8734,113.4493,114.0166,114.5752,114.2462
139.7183,133.0119,131.4475,130.7257,129.1553,127.5845,126.0137,124.4431,122.8728,121.3032,119.7345,118.9708,117.3994,115.8296,114.2616,113.4782,112.6862,111.8856,111.8425,112.5401,111.697,111.5944,111.4717,111.3289,111.1658,110.9823,110.7783,110.5538,110.3087,110.0428,109.756,110.1367,109.1197,109.4456,109.0683,106.6818,101.0331,96.11831,91.27584,88.41487,84.32893,82.79445,81.26731,80.35651,79.43958,78.51661,76.99987,76.07209,75.71209,74.19922,73.25427,72.30375,71.34771,70.38625,69.41942,68.44731,67.46999,66.48753,65.5,64.50749,63.51006,62.03064
83.95121,81.50978,82.13749,83.28144,83.87441,84.44636,84.99732,85.52734,86.03647,86.52474,86.99222,88.03377,88.46681,89.48793,89.27091,90.26462,91.25146,92.86742,93.84699,96.11831,97.09674,98.73039,100.3696,102.0141,103.6638,105.3183,106.2827,108.6409,109.6016,111.9803,113.6557,115.3345,117.7479,119.4389,121.1326,120.5819,115.4706,112.5401,109.5444,107.2558,104.9147,104.8695,104.0174,104.7226,105.4199,105.3052,106.7902,106.6491,107.3089,107.9605,108.6039,109.239,109.8658,110.4843,111.0943,111.6959,112.2889,112.8734,113.4493,114.0166,114.5752,114.2462
139.7183,133.0119,131.4475,130.7257,129.1553,127.5845,126.0137,124.4431,122.8728,121.3032,119.7345,118.9708,117.3994,116.6229,114.2616,113.4782,112.6862,112.6572,111.8425,112.5401,111.697,111.5944,111.4717,111.3289,111.1658,110.9823,110.059,110.5538,109.6016,110.0428,109.756,109.4484,109.8017,109.4456,109.0683,106.6818,100.377,96.11831,91.91863,88.41487,84.95825,83.41696,81.26731,80.35651,79.43958,77.92179,77.58765,76.07209,75.13851,74.19922,73.25427,72.30375,71.34771,70.38625,69.41942,68.44731,67.46999,66.48753,65.5,64.50749,63.51006,62.03064
83.95121,81.50978,82.13749,83.28144,83.87441,84.44636,84.99732,85.52734,86.03647,86.52474,86.99222,88.03377,88.46681,88.87917,89.27091,90.26462,91.25146,92.23134,93.84699,96.11831,97.09674,98.73039,100.3696,102.0141,103.6638,105.3183,106.9774,108.6409,110.3087,111.9803,113.6557,115.3345,117.7479,119.4389,121.1326,119.8329,115.4706,112.5401,109.5444,107.2558,104.1376,104.0869,104.0174,104.7226,105.4199,106.1091,105.9812,107.4632,107.3089,107.9605,108.6039,109.239,109.8658,110.4843,111.0943,111.6959,112.2889,112.8734,113.4493,114.0166,114.5752,114.2462
139.7183,133.0119,131.4475,130.7257,129.1553,127.5845,126.0137,124.4431,122.8728,121.3032,119.7345,118.9708,117.3994,115.8296,114.2616,113.4782,112.6862,111.8856,111.8425,112.5401,111.697,111.5944,111.4717,111.3289,111.1658,110.9823,110.7783,110.5538,110.3087,110.0428,109.756,109.4484,109.8017,109.4456,109.0683,106.0192,100.377,96.11831,91.91863,88.41487,84.32893,82.79445,81.26731,80.35651,79.43958,78.51661,76.99987,76.65279,75.13851,74.19922,73.25427,72.30375,71.34771,70.38625,69.41942,68.44731,67.46999,66.48753,65.5,64.50749,63.51006,62.03064
83.95121,81.50978,82.13749,83.28144,83.87441,84.44636,84.99732,84.96094,86.03647,86.52474,86.99222,88.03377,88.46681,88.87917,89.88658,90.26462,91.25146,92.23134,94.48978,96.11831,97.09674,98.73039,100.3696,102.0141,103.6638,105.3183,106.9774,108.6409,110.3087,111.9803,113.6557,116.0599,117.7479,119.4389,121.1326,119.8329,115.4706,112.5401,109.5444,106.4842,104.1376,104.8695,104.8054,104.7226,105.4199,106.1091,106.7902,106.6491,107.3089,107.9605,108.6039,110.0729,109.8658,110.4843,111.0943,111.6959,112.2889,112.8734,113.4493,114.0166,114.5752,115.125
139.7183,133.0119,131.4475,130.7257,129.1553,127.5845,126.0137,123.6189,122.8728,121.3032,119.7345,118.9708,117.3994,115.8296,115.0496,113.4782,112.6862,111.8856,112.6085,112.5401,111.697,111.5944,111.4717,111.3289,111.1658,110.9823,110.7783,110.5538,110.3087,110.0428,109.756,110.1367,109.8017,109.4456,109.0683,106.0192,100.377,96.11831,91.91863,87.77879,84.32893,83.41696,81.88298,80.35651,79.43958,78.51661,77.58765,76.07209,75.13851,74.19922,73.25427,72.85568,71.34771,70.38625,69.41942,68.44731,67.46999,66.48753,65.5,64.50749,63.51006,62.5078
83.95121,81.50978,82.13749,83.28144,83.87441,84.44636,84.99732,85.52734,86.03647,86.52474,86.99222,88.03377,88.46681,88.87917,89.88658,90.26462,91.25146,92.86742,93.84699,96.11831,97.09674,98.73039,100.3696,102.0141,103.6638,105.3183,106.9774,108.6409,110.3087,112.6936,113.6557,114.6092,117.7479,119.4389,121.1326,120.5819,115.4706,112.5401,108.7783,107.2558,104.1376,104.0869,104.0174,104.7226,105.4199,106.1091,105.9812,106.6491,107.3089,107.9605,108.6039,109.239,109.8658,110.4843,111.0943,111.6959,112.2889,112.8734,113.4493,114.0166,114.5752,115.125
139.7183,133.0119,131.4475,130.7257,129.1553,127.5845,126.0137,124.4431,122.8728,121.3032,119.7345,118.9708,117.3994,115.8296,115.0496,113.4782,112.6862,112.6572,111.8425,112.5401,111.697,111.5944,111.4717,111.3289,111.1658,110.9823,110.7783,110.5538,110.3087,110.7437,109.756,108.76,109.8017,109.4456,109.0683,106.6818,100.377,96.11831,91.27584,88.41487,84.32893,82.79445,81.26731,80.35651,79.43958,78.51661,76.99987,76.07209,75.13851,74.19922,73.25427,72.30375,71.34771,70.38625,69.41942,68.44731,67.46999,66.48753,65.5,64.50749,63.51006,62.5078
83.95121,81.50978,82.13749,83.28144,83.87441,84.44636,84.99732,85.52734,86.03647,86.52474,86.99222,88.03377,88.46681,88.87917,89.27091,90.26462,91.25146,92.86742,94.48978,96.11831,97.09674,98.73039,100.3696,102.0141,103.6638,105.3183,106.9774,108.6409,110.3087,111.9803,113.6557,116.0599,117.7479,119.4389,121.1326,119.8329,116.2253,112.5401,108.7783,107.2558,104.1376,104.8695,104.0174,104.7226,105.4199,106.1091,105.9812,106.6491,107.3089,107.9605,108.6039,109.239,109.8658,110.4843,111.0943,111.6959,112.2889,112.8734,113.4493,114.0166,114.5752,113.3674
139.7183,133.0119,131.4475,130.7257,129.1553,127.5845,126.0137,124.4431,122.8728,121.3032,119.7345,118.9708,117.3994,115.8296,114.2616,113.4782,112.6862,112.6572,112.6085,112.5401,111.697,111.5944,111.4717,111.3289,111.1658,110.9823,110.7783,110.5538,110.3087,110.0428,109.756,110.1367,109.8017,109.4456,109.0683,106.0192,101.0331,96.11831,91.27584,88.41487,84.32893,83.41696,81.26731,80.35651,79.43958,78.51661,76.99987,76.07209,75.13851,74.19922,73.25427,72.30375,71.34771,70.38625,69.41942,68.44731,67.46999,66.48753,65.5,64.50749,63.51006,61.55348
83.95121,81.50978,82.13749,83.28144,83.87441,84.44636,84.99732,85.52734,86.03647,86.52474,86.99222,88.03377,89.06862,88.87917,89.88658,90.26462,91.25146,92.86742,93.84699,96.11831,97.09674,98.73039,100.3696,102.0141,103.6638,105.3183,106.9774,108.6409,110.3087,111.9803,113.6557,114.6092,117.7479,119.4389,121.1326,119.8329,115.4706,112.5401,108.7783,106.4842,104.9147,104.0869,104.0174,104.7226,105.4199,106.1091,106.7902,106.6491,107.3089,107.9605,108.6039,109.239,109.8658,110.4843,111.0943,111.6959,112.2889,112.8734,113.4493,114.0166,114.5752,114.2462
139.7183,133.0119,131.4475,130.7257,129.1553,127.5845,126.0137,124.4431,122.8728,121.3032,119.7345,118.9708,118.1981,115.8296,115.0496,113.4782,112.6862,112.6572,111.8425,112.5401,111.697,111.5944,111.4717,111.3289,111.1658,110.9823,110.7783,110.5538,110.3087,110.0428,109.756,108.76,109.8017,109.4456,109.0683,106.0192,100.377,96.11831,91.27584,87.77879,84.95825,82.79445,81.26731,80.35651,79.43958,78.51661,77.58765,76.07209,75.13851,74.19922,73.25427,72.30375,71.34771,70.38625,69.41942,68.44731,67.46999,66.48753,65.5,64.50749,63.51006,62.03064
83.43617,81.50978,82.13749,83.28144,83.87441,84.44636,84.99732,85.52734,86.03647,86.52474,86.99222,88.03377,88.46681,88.87917,89.27091,90.26462,91.25146,92.86742,94.48978,95.46886,97.09674,98.73039,100.3696,102.0141,103.6638,105.3183,107.672,108.6409,109.6016,111.9803,114.375,116.0599,117.0166,119.4389,121.1326,119.8329,115.4706,112.5401,109.5444,107.2558,104.1376,104.0869,104.0174,104.7226,104.6213,106.1091,105.9812,107.4632,107.3089,107.9605,108.6039,109.239,109.8658,110.4843,111.0943,111.6959,112.2889,112.8734,113.4493,114.0166,114.5752,115.125
138.8611,133.0119,131.4475,130.7257,129.1553,127.5845,126.0137,124.4431,122.8728,121.3032,119.7345,118.9708,117.3994,115.8296,114.2616,113.4782,112.6862,112.6572,112.6085,111.7797,111.697,111.5944,111.4717,111.3289,111.1658,110.9823,111.4977,110.5538,109.6016,110.0428,110.4507,110.1367,109.1197,109.4456,109.0683,106.0192,100.377,96.11831,91.91863,88.41487,84.32893,82.79445,81.26731,80.35651,78.83777,78.51661,76.99987,76.65279,75.13851,74.19922,73.25427,72.30375,71.34771,70.38625,69.41942,68.44731,67.46999,66.48753,65.5,64.50749,63.51006,62.5078
83.95121,81.50978,82.13749,83.28144,83.87441,84.44636,84.99732,84.96094,86.03647,86.52474,86.99222,88.03377,88.46681,88.87917,89.27091,90.26462,91.25146,92.86742,93.84699,96.11831,97.09674,98.73039,100.3696,102.0141,103.6638,105.3183,106.9774,108.6409,110.3087,111.9803,113.6557,115.3345,117.0166,119.4389,121.1326,119.8329,116.2253,112.5401,109.5444,107.2558,104.9147,104.0869,104.0174,104.7226,105.4199,106.1091,106.7902,106.6491,107.3089,107.9605,108.6039,109.239,109.8658,110.4843,111.0943,111.6959,112.2889,112.8734,113.4493,114.0166,114.5752,116.8827
139.7183,133.0119,131.4475,130.7257,129.1553,127.5845,126.0137,123.6189,122.8728,121.3032,119.7345,118.9708,117.3994,115.8296,114.2616,113.4782,112.6862,112.6572,111.8425,112.5401,111.697,111.5944,111.4717,111.3289,111.1658,110.9823,110.7783,110.5538,110.3087,110.0428,109.756,109.4484,109.1197,109.4456,109.0683,106.0192,101.0331,96.11831,91.91863,88.41487,84.95825,82.79445,81.26731,80.35651,79.43958,78.51661,77.58765,76.07209,75.13851,74.19922,73.25427,72.30375,71.34771,70.38625,69.41942,68.44731,67.46999,66.48753,65.5,64.50749,63.51006,63.46212
83.95121,81.50978,82.13749,82.74414,83.87441,84.44636,84.99732,85.52734,86.03647,86.52474,86.99222,88.03377,88.46681,88.27041,89.27091,90.26462,91.25146,92.23134,94.48978,96.11831,97.09674,98.73039,100.3696,102.0141,103.6638,105.3183,106.9774,108.6409,110.3087,111.2671,113.6557,115.3345,117.0166,119.4389,121.1326,119.8329,115.4706,112.5401,109.5444,107.2558,104.1376,104.0869,104.0174,104.7226,105.4199,106.1091,106.7902,107.4632,108.1281,107.9605,108.6039,109.239,109.8658,110.4843,111.0943,111.6959,112.2889,112.8734,113.4493,114.0166,114.5752,113.3674
139.7183,133.0119,131.4475,129.8823,129.1553,127.5845,126.0137,124.4431,122.8728,121.3032,119.7345,118.9708,117.3994,115.0362,114.2616,113.4782,112.6862,111.8856,112.6085,112.5401,111.697,111.5944,111.4717,111.3289,111.1658,110.9823,110.7783,110.5538,110.3087,109.3418,109.756,109.4484,109.1197,109.4456,109.0683,106.0192,100.377,96.11831,91.91863,88.41487,84.32893,82.79445,81.26731,80.35651,79.43958,78.51661,77.58765,76.65279,75.71209,74.19922,73.25427,72.30375,71.34771,70.38625,69.41942,68.44731,67.46999,66.48753,65.5,64.50749,63.51006,61.55348
83.95121,81.50978,82.13749,83.28144,83.87441,84.44636,84.99732,85.52734,86.03647,86.52474,86.99222,88.03377,88.46681,88.87917,89.88658,90.26462,91.25146,92.23134,93.84699,96.11831,97.09674,98.73039,100.3696,102.0141,103.6638,105.3183,106.9774,108.6409,110.3087,111.9803,113.6557,115.3345,117.7479,119.4389,121.1326,119.8329,116.2253,112.5401,109.5444,107.2558,104.1376,104.0869,104.0174,104.7226,105.4199,106.1091,105.9812,107.4632,107.3089,107.9605,108.6039,109.239,109.8658,110.4843,111.0943,111.6959,112.2889,112.8734,113.4493,114.0166,113.7006,117.7615
139.7183,133.0119,131.4475,130.7257,129.1553,127.5845,126.0137,124.4431,122.8728,121.3032,119.7345,118.9708,117.3994,115.8296,115.0496,113.4782,112.6862,111.8856,111.8425,112.5401,111.697,111.5944,111.4717,111.3289,111.1658,110.9823,110.7783,110.5538,110.3087,110.0428,109.756,109.4484,109.8017,109.4456,109.0683,106.0192,101.0331,96.11831,91.91863,88.41487,84.32893,82.79445,81.26731,80.35651,79.43958,78.51661,76.99987,76.65279,75.13851,74.19922,73.25427,72.30375,71.34771,70.38625,69.41942,68.44731,67.46999,66.48753,65.5,64.50749,63.02525,63.93927
83.43617,81.50978,82.13749,83.28144,83.87441,84.44636,84.99732,85.52734,86.03647,86.52474,86.99222,88.03377,88.46681,88.87917,89.88658,90.26462,91.25146,92.23134,93.84699,96.11831,97.09674,98.73039,100.3696,102.0141,103.6638,105.3183,106.9774,108.6409,110.3087,111.9803,113.6557,115.3345,117.0166,119.4389,121.1326,119.8329,115.4706,112.5401,108.7783,106.4842,104.1376,104.0869,104.0174,104.7226,104.6213,106.1091,106.7902,106.6491,107.3089,107.9605,108.6039,109.239,109.8658,110.4843,111.0943,111.6959,112.2889,112.8734,113.4493,114.0166,114.5752,116.0039
138.8611,133.0119,131.4475,130.7257,129.1553,127.5845,126.0137,124.4431,122.8728,121.3032,119.7345,118.9708,117.3994,115.8296,115.0496,113.4782,112.6862,111.8856,111.8425,112.5401,111.697,111.5944,111.4717,111.3289,111.1658,110.9823,110.7783,110.5538,110.3087,110.0428,109.756,109.4484,109.1197,109.4456,109.0683,106.0192,100.377,96.11831,91.27584,87.77879,84.32893,82.79445,81.26731,80.35651,78.83777,78.51661,77.58765,76.07209,75.13851,74.19922,73.25427,72.30375,71.34771,70.38625,69.41942,68.44731,67.46999,66.48753,65.5,64.50749,63.51006,62.98496
83.95121,81.50978,82.13749,83.28144,83.87441,84.44636,84.43813,85.52734,86.03647,86.52474,86.99222,88.03377,88.46681,88.87917,89.27091,90.26462,91.25146,92.23134,93.84699,96.11831,97.09674,98.06777,100.3696,102.0141,103.6638,105.3183,106.9774,108.6409,110.3087,111.9803,113.6557,114.6092,117.0166,119.4389,120.3895,119.8329,115.4706,112.5401,108.7783,107.2558,104.1376,104.0869,104.0174,104.7226,105.4199,106.1091,106.7902,106.6491,107.3089,107.9605,108.6039,109.239,109.8658,110.4843,111.0943,111.6959,112.2889,112.8734,113.4493,114.0166,114.5752,113.3674
139.7183,133.0119,131.4475,130.7257,129.1553,127.5845,125.1847,124.4431,122.8728,121.3032,119.7345,118.9708,117.3994,115.8296,114.2616,113.4782,112.6862,111.8856,111.8425,112.5401,111.697,110.8454,111.4717,111.3289,111.1658,110.9823,110.7783,110.5538,110.3087,110.0428,109.756,108.76,109.1197,109.4456,108.3992,106.0192,100.377,96.11831,91.27584,88.41487,84.32893,82.79445,81.26731,80.35651,79.43958,78.51661,77.58765,76.07209,75.13851,74.19922,73.25427,72.30375,71.34771,70.38625,69.41942,68.44731,67.46999,66.48753,65.5,64.50749,63.51006,61.55348
83.95121,81.50978,82.13749,83.28144,83.87441,84.44636,84.99732,85.52734,86.03647,86.52474,86.99222,87.43895,88.46681,88.87917,89.27091,90.26462,91.25146,92.86742,93.84699,96.11831,97.09674,98.73039,100.3696,102.0141,103.6638,105.3183,106.9774,108.6409,110.3087,111.9803,113.6557,116.0599,117.0166,119.4389,121.1326,119.8329,115.4706,112.5401,108.7783,106.4842,104.1376,104.0869,104.0174,104.7226,105.4199,106.1091,105.9812,106.6491,107.3089,107.9605,108.6039,109.239,109.8658,110.4843,111.0943,111.6959,112.2889,112.8734,112.5833,114.0166,114.5752,116.0039
139.7183,133.0119,131.4475,130.7257,129.1553,127.5845,126.0137,124.4431,122.8728,121.3032,119.7345,118.167,117.3994,115.8296,114.2616,113.4782,112.6862,112.6572,111.8425,112.5401,111.697,111.5944,111.4717,111.3289,111.1658,110.9823,110.7783,110.5538,110.3087,110.0428,109.756,110.1367,109.1197,109.4456,109.0683,106.0192,100.377,96.11831,91.27584,87.77879,84.32893,82.79445,81.26731,80.35651,79.43958,78.51661,76.99987,76.07209,75.13851,74.19922,73.25427,72.30375,71.34771,70.38625,69.41942,68.44731,67.46999,66.48753,65,64.50749,63.51006,62.98496
83.43617,81.50978,82.13749,83.28144,83.32977,84.44636,84.99732,85.52734,86.03647,86.52474,86.99222,88.03377,88.46681,88.87917,89.27091,90.26462,91.25146,92.23134,93.84699,96.11831,97.09674,98.73039,100.3696,102.0141,103.6638,105.3183,106.9774,108.6409,110.3087,111.9803,113.6557,116.0599,117.7479,119.4389,121.1326,119.8329,115.4706,112.5401,108.7783,107.2558,104.1376,104.0869,104.0174,104.7226,105.4199,106.1091,106.7902,106.6491,107.3089,107.9605,108.6039,109.239,109.8658,110.4843,111.0943,111.6959,112.2889,112.8734,113.4493,114.0166,114.5752,117.7615
138.8611,133.0119,131.4475,130.7257,128.3166,127.5845,126.0137,124.4431,122.8728,121.3032,119.7345,118.9708,117.3994,115.8296,114.2616,113.4782,112.6862,111.8856,111.8425,112.5401,111.697,111.5944,111.4717,111.3289,111.1658,110.9823,110.7783,110.5538,110.3087,110.0428,109.756,110.1367,109.8017,109.4456,109.0683,106.0192,100.377,96.11831,91.27584,88.41487,84.32893,82.79445,81.26731,80.35651,79.43958,78.51661,77.58765,76.07209,75.13851,74.19922,73.25427,72.30375,71.34771,70.38625,69.41942,68.44731,67.46999,66.48753,65.5,64.50749,63.51006,63.93927
83.95121,81.50978,82.13749,83.28144,83.87441,84.44636,84.99732,85.52734,86.03647,86.52474,86.99222,88.03377,88.46681,88.87917,89.27091,90.26462,91.25146,92.23134,93.84699,95.46886,97.09674,98.73039,99.70046,102.0141,103.6638,105.3183,106.9774,108.6409,110.3087,111.9803,113.6557,115.3345,117.7479,119.4389,121.1326,119.8329,116.2253,112.5401,108.7783,107.2558,104.9147,104.0869,104.8054,104.7226,105.4199,106.1091,106.7902,106.6491,107.3089,107.9605,108.6039,109.239,109.8658,110.4843,111.0943,111.6959,112.2889,112.8734,113.4493,114.0166,114.5752,115.125
139.7183,133.0119,131.4475,130.7257,129.1553,127.5845,126.0137,124.4431,122.8728,121.3032,119.7345,118.9708,117.3994,115.8296,114.2616,113.4782,112.6862,111.8856,111.8425,111.7797,111.697,111.5944,110.7286,111.3289,111.1658,110.9823,110.7783,110.5538,110.3087,110.0428,109.756,109.4484,109.8017,109.4456,109.0683,106.0192,101.0331,96.11831,91.27584,88.41487,84.95825,82.79445,81.88298,80.35651,79.43958,78.51661,77.58765,76.07209,75.13851,74.19922,73.25427,72.30375,71.34771,70.38625,69.41942,68.44731,67.46999,66.48753,65.5,64.50749,63.51006,62.5078
83.95121,81.50978,82.13749,83.28144,83.87441,84.44636,84.99732,84.96094,86.03647,86.52474,86.99222,88.03377,88.46681,88.87917,89.27091,90.26462,91.25146,92.86742,94.48978,96.11831,97.09674,98.73039,100.3696,102.0141,103.6638,104.6299,107.672,108.6409,110.3087,112.6936,113.6557,115.3345,116.2852,119.4389,121.1326,119.8329,116.2253,112.5401,109.5444,107.2558,104.1376,104.0869,104.0174,104.7226,105.4199,105.3052,105.9812,106.6491,107.3089,107.9605,108.6039,109.239,109.8658,110.4843,111.0943,111.6959,112.2889,112.8734,113.4493,114.0166,114.5752,114.2462
139.7183,133.0119,131.4475,130.7257,129.1553,127.5845,126.0137,123.6189,122.8728,121.3032,119.7345,118.9708,117.3994,115.8296,114.2616,113.4782,112.6862,112.6572,112.6085,112.5401,111.697,111.5944,111.4717,111.3289,111.1658,110.2569,111.4977,110.5538,110.3087,110.7437,109.756,109.4484,108.4377,109.4456,109.0683,106.0192,101.0331,96.11831,91.91863,88.41487,84.32893,82.79445,81.26731,80.35651,79.43958,77.92179,76.99987,76.07209,75.13851,74.19922,73.25427,72.30375,71.34771,70.38625,69.41942,68.44731,67.46999,66.48753,65.5,64.50749,63.51006,62.03064
83.95121,81.50978,82.13749,83.28144,83.87441,84.44636,84.99732,85.52734,86.03647,86.52474,86.99222,88.03377,88.46681,88.87917,89.88658,90.26462,91.25146,92.23134,93.84699,96.11831,97.09674,98.73039,100.3696,102.0141,103.6638,105.3183,106.9774,108.6409,110.3087,111.9803,113.6557,115.3345,117.0166,119.4389,121.1326,119.8329,115.4706,112.5401,109.5444,107.2558,104.9147,104.0869,104.0174,104.7226,105.4199,106.1091,105.9812,107.4632,107.3089,107.9605,108.6039,109.239,109.8658,110.4843,111.0943,111.6959,112.2889,112.8734,113.4493,114.0166,114.5752,115.125
139.7183,133.0119,131.4475,130.7257,129.1553,127.5845,126.0137,124.4431,122.8728,121.3032,119.7345,118.9708,117.3994,115.8296,115.0496,113.4782,112.6862,111.8856,111.8425,112.5401,111.697,111.5944,111.4717,111.3289,111.1658,110.9823,110.7783,110.5538,110.3087,110.0428,109.756,109.4484,109.1197,109.4456,109.0683,106.0192,100.377,96.11831,91.91863,88.41487,84.95825,82.79445,81.26731,80.35651,79.43958,78.51661,76.99987,76.65279,75.13851,74.19922,73.25427,72.30375,71.34771,70.38625,69.41942,68.44731,67.46999,66.48753,65.5,64.50749,63.51006,62.5078
83.43617,81.50978,82.13749,83.28144,83.32977,84.44636,84.99732,85.52734,86.03647,86.52474,86.99222,88.03377,88.46681,88.87917,89.27091,90.26462,91.25146,92.86742,93.84699,95.46886,97.09674,98.73039,100.3696,102.0141,103.6638,105.3183,106.9774,108.6409,110.3087,111.9803,113.6557,115.3345,117.0166,119.4389,121.1326,119.8329,115.4706,112.5401,109.5444,107.2558,104.1376,104.0869,104.0174,104.7226,105.4199,106.1091,105.9812,107.4632,107.3089,107.9605,108.6039,109.239,109.8658,110.4843,111.0943,111.6959,112.2889,112.8734,113.4493,114.0166,114.5752,115.125
138.8611,133.0119,131.4475,130.7257,128.3166,127.5845,126.0137,124.4431,122.8728,121.3032,119.7345,118.9708,117.3994,115.8296,114.2616,113.4782,112.6862,112.6572,111.8425,111.7797,111.697,111.5944,111.4717,111.3289,111.1658,110.9823,110.7783,110.5538,110.3087,110.0428,109.756,109.4484,109.1197,109.4456,109.0683,106.0192,100.377,96.11831,91.91863,88.41487,84.32893,82.79445,81.26731,80.35651,79.43958,78.51661,76.99987,76.65279,75.13851,74.19922,73.25427,72.30375,71.34771,70.38625,69.41942,68.44731,67.46999,66.48753,65.5,64.50749,63.51006,62.5078
83.95121,81.50978,82.13749,83.28144,83.87441,84.44636,84.99732,85.52734,85.46289,86.52474,86.99222,88.03377,88.46681,88.87917,89.27091,90.26462,91.25146,92.86742,94.48978,96.11831,97.09674,98.73039,100.3696,102.0141,103.6638,105.3183,106.9774,108.6409,110.3087,111.9803,113.6557,115.3345,117.7479,119.4389,121.1326,119.8329,115.4706,111.7797,108.7783,107.2558,104.1376,104.0869,104.0174,104.7226,105.4199,105.3052,106.7902,106.6491,107.3089,107.9605,109.433,109.239,109.8658,110.4843,111.0943,111.6959,112.2889,112.8734,113.4493,114.0166,114.5752,115.125
139.7183,133.0119,131.4475,130.7257,129.1553,127.5845,126.0137,124.4431,122.0537,121.3032,119.7345,118.9708,117.3994,115.8296,114.2616,113.4782,112.6862,112.6572,112.6085,112.5401,111.697,111.5944,111.4717,111.3289,111.1658,110.9823,110.7783,110.5538,110.3087,110.0428,109.756,109.4484,109.8017,109.4456,109.0683,106.0192,100.377,95.46886,91.27584,88.41487,84.32893,82.79445,81.26731,80.35651,79.43958,77.92179,77.58765,76.07209,75.13851,74.19922,73.81346,72.30375,71.34771,70.38625,69.41942,68.44731,67.46999,66.48753,65.5,64.50749,63.51006,62.5078
83.95121,81.50978,82.13749,83.28144,83.87441,84.44636,84.99732,85.52734,86.03647,86.52474,86.99222,88.03377,88.46681,88.87917,89.27091,90.26462,91.25146,92.86742,93.84699,95.46886,97.09674,98.73039,100.3696,102.0141,103.6638,105.3183,106.9774,108.6409,109.6016,111.9803,112.9363,115.3345,116.2852,119.4389,121.1326,119.8329,115.4706,112.5401,109.5444,107.2558,104.1376,104.0869,104.0174,104.7226,105.4199,106.1091,105.9812,106.6491,107.3089,107.9605,108.6039,109.239,109.8658,110.4843,111.0943,111.6959,112.2889,112.8734,113.4493,114.0166,114.5752,116.8827
139.7183,133.0119,131.4475,130.7257,129.1553,127.5845,126.0137,124.4431,122.8728,121.3032,119.7345,118.9708,117.3994,115.8296,114.2616,113.4782,112.6862,112.6572,111.8425,111.7797,111.697,111.5944,111.4717,111.3289,111.1658,110.9823,110.7783,110.5538,109.6016,110.0428,109.0614,109.4484,108.4377,109.4456,109.0683,106.0192,100.377,96.11831,91.91863,88.41487,84.32893,82.79445,81.26731,80.35651,79.43958,78.51661,76.99987,76.07209,75.13851,74.19922,73.25427,72.30375,71.34771,70.38625,69.41942,68.44731,67.46999,66.48753,65.5,64.50749,63.51006,63.46212
83.95121,81.50978,82.13749,83.28144,83.87441,84.44636,84.99732,84.96094,86.03647,86.52474,86.99222,88.03377,88.46681,89.48793,89.27091,90.26462,91.25146,92.86742,93.84699,96.11831,97.09674,98.73039,100.3696,101.3385,103.6638,105.3183,106.9774,108.6409,109.6016,111.9803,113.6557,115.3345,117.0166,119.4389,121.1326,119.8329,115.4706,112.5401,109.5444,107.2558,104.1376,104.0869,104.8054,104.7226,105.4199,106.1091,106.7902,106.6491,107.3089,107.9605,108.6039,109.239,109.8658,110.4843,111.0943,111.6959,112.2889,112.8734,113.4493,114.0166,114.5752,114.2462
139.7183,133.0119,131.4475,130.7257,129.1553,127.5845,126.0137,123.6189,122.8728,121.3032,119.7345,118.9708,117.3994,116.6229,114.2616,113.4782,112.6862,112.6572,111.8425,112.5401,111.697,111.5944,111.4717,110.5916,111.1658,110.9823,110.7783,110.5538,109.6016,110.0428,109.756,109.4484,109.1197,109.4456,109.0683,106.0192,100.377,96.11831,91.91863,88.41487,84.32893,82.79445,81.88298,80.35651,79.43958,78.51661,77.58765,76.07209,75.13851,74.19922,73.25427,72.30375,71.34771,70.38625,69.41942,68.44731,67.46999,66.48753,65.5,64.50749,63.51006,62.03064
83.95121,81.50978,82.13749,83.28144,83.87441,84.44636,84.99732,85.52734,86.03647,86.52474,86.99222,88.03377,88.46681,88.87917,89.88658,90.26462,91.25146,92.86742,94.48978,96.11831,97.09674,98.73039,100.3696,102.0141,103.6638,105.3183,106.9774,108.6409,109.6016,111.9803,113.6557,115.3345,117.0166,119.4389,121.1326,120.5819,115.4706,112.5401,109.5444,107.2558,104.9147,104.0869,104.0174,104.7226,105.4199,106.1091,105.9812,107.4632,107.3089,108.7847,108.6039,109.239,109.8658,110.4843,111.0943,111.6959,112.2889,112.8734,113.4493,114.0166,114.5752,114.2462
139.7183,133.0119,131.4475,130.7257,129.1553,127.5845,126.0137,124.4431,122.8728,121.3032,119.7345,118.9708,117.3994,115.8296,115.0496,113.4782,112.6862,112.6572,112.6085,112.5401,111.697,111.5944,111.4717,111.3289,111.1658,110.9823,110.7783,110.5538,109.6016,110.0428,109.756,109.4484,109.1197,109.4456,109.0683,106.6818,100.377,96.11831,91.91863,88.41487,84.95825,82.79445,81.26731,80.35651,79.43958,78.51661,76.99987,76.65279,75.13851,74.76562,73.25427,72.30375,71.34771,70.38625,69.41942,68.44731,67.46999,66.48753,65.5,64.50749,63.51006,62.03064
83.95121,81.50978,82.13749,83.28144,83.87441,84.44636,84.99732,85.52734,86.03647,86.52474,86.99222,88.03377,88.46681,89.48793,89.27091,90.26462,91.25146,92.86742,94.48978,95.46886,97.09674,98.73039,100.3696,102.0141,103.6638,105.3183,106.9774,108.6409,109.6016,111.9803,113.6557,115.3345,117.0166,119.4389,121.1326,120.5819,115.4706,112.5401,109.5444,107.2558,104.9147,104.0869,104.8054,104.7226,105.4199,106.1091,106.7902,107.4632,108.1281,107.9605,108.6039,109.239,109.8658,110.4843,111.0943,111.6959,112.2889,112.8734,113.4493,114.0166,114.5752,115.125
139.7183,133.0119,131.4475,130.7257,129.1553,127.5845,126.0137,124.4431,122.8728,121.3032,119.7345,118.9708,117.3994,116.6229,114.2616,113.4782,112.6862,112.6572,112.6085,111.7797,111.697,111.5944,111.4717,111.3289,111.1658,110.9823,110.7783,110.5538,109.6016,110.0428,109.756,109.4484,109.1197,109.4456,109.0683,106.6818,100.377,96.11831,91.91863,88.41487,84.95825,82.79445,81.88298,80.35651,79.43958,78.51661,77.58765,76.65279,75.71209,74.19922,73.25427,72.30375,71.34771,70.38625,69.41942,68.44731,67.46999,66.48753,65.5,64.50749,63.51006,62.5078
83.95121,81.50978,82.13749,83.28144,83.87441,84.44636,84.99732,85.52734,86.03647,86.52474,86.99222,88.03377,88.46681,88.87917,89.88658,90.26462,91.25146,92.86742,94.48978,96.11831,97.09674,98.73039,100.3696,102.0141,103.6638,105.3183,106.9774,108.6409,110.3087,111.9803,114.375,116.0599,117.0166,119.4389,121.1326,119.8329,116.2253,112.5401,109.5444,107.2558,104.1376,104.0869,104.0174,104.7226,105.4199,106.1091,106.7902,106.6491,107.3089,107.9605,108.6039,109.239,109.8658,110.4843,111.0943,111.6959,112.2889,112.8734,113.4493,114.0166,114.5752,115.125
139.7183,133.0119,131.4475,130.7257,129.1553,127.5845,126.0137,124.4431,122.8728,121.3032,119.7345,118.9708,117.3994,115.8296,115.0496,113.4782,112.6862,112.6572,112.6085,112.5401,111.697,111.5944,111.4717,111.3289,111.1658,110.9823,110.7783,110.5538,110.3087,110.0428,110.4507,110.1367,109.1197,109.4456,109.0683,106.0192,101.0331,96.11831,91.91863,88.41487,84.32893,82.79445,81.26731,80.35651,79.43958,78.51661,77.58765,76.07209,75.13851,74.19922,73.25427,72.30375,71.34771,70.38625,69.41942,68.44731,67.46999,66.48753,65.5,64.50749,63.51006,62.5078
83.95121,81.50978,82.13749,83.28144,83.87441,84.44636,84.99732,84.96094,86.03647,86.52474,86.99222,88.03377,88.46681,88.87917,89.27091,90.26462,91.25146,92.23134,93.84699,96.11831,97.09674,98.73039,100.3696,102.0141,103.6638,105.3183,106.9774,108.6409,109.6016,111.9803,113.6557,115.3345,117.0166,119.4389,121.1326,120.5819,115.4706,112.5401,108.7783,106.4842,104.9147,104.0869,104.0174,104.7226,105.4199,106.1091,106.7902,106.6491,107.3089,107.9605,108.6039,109.239,109.8658,110.4843,111.0943,111.6959,112.2889,112.8734,113.4493,114.0166,114.5752,116.0039
139.7183,133.0119,131.4475,130.7257,129.1553,127.5845,126.0137,123.6189,122.8728,121.3032,119.7345,118.9708,117.3994,115.8296,114.2616,113.4782,112.6862,111.8856,111.8425,112.5401,111.697,111.5944,111.4717,111.3289,111.1658,110.9823,110.7783,110.5538,109.6016,110.0428,109.756,109.4484,109.1197,109.4456,109.0683,106.6818,100.377,96.11831,91.27584,87.77879,84.95825,82.79445,81.26731,80.35651,79.43958,78.51661,77.58765,76.07209,75.13851,74.19922,73.25427,72.30375,71.34771,70.38625,69.41942,68.44731,67.46999,66.48753,65.5,64.50749,63.51006,62.98496
