83.95121,81.50978,82.13749,82.74414,83.87441,84.44636,84.99732,85.52734,86.03647,86.52474,86.99222,87.43895,88.46681,88.87917,89.88658,90.26462,91.25146,92.86742,93.84699,95.46886,97.09674,98.06777,99.70046,102.0141,102.9818,105.3183,106.9774,107.94,109.6016,111.2671,113.6557,115.3345,117.0166,118.7017,121.1326,119.8329,116.2253,112.5401,108.7783,106.4842,104.1376,104.0869,104.0174,104.7226,105.4199,105.3052,106.7902,107.4632,108.1281,107.9605,108.6039,109.239,109.8658,110.4843,111.0943,111.6959,112.2889,112.8734,113.4493,114.0166,114.5752,115.125
139.7183,133.0119,131.4475,129.8823,129.1553,127.5845,126.0137,124.4431,122.8728,121.3032,119.7345,118.167,117.3994,115.8296,115.0496,113.4782,112.6862,112.6572,111.8425,111.7797,111.697,110.8454,110.7286,111.3289,110.4344,110.9823,110.7783,109.8406,109.6016,109.3418,109.756,109.4484,109.1197,108.77,109.0683,106.0192,101.0331,96.11831,91.27584,87.77879,84.32893,82.79445,81.26731,80.35651,79.43958,77.92179,77.58765,76.65279,75.71209,74.19922,73.25427,72.30375,71.34771,70.38625,69.41942,68.44731,67.46999,66.48753,65.5,64.50749,63.51006,62.5078
83.95121,81.50978,82.13749,82.74414,83.87441,84.44636,84.99732,85.52734,86.03647,86.52474,86.40443,87.43895,88.46681,88.87917,89.27091,90.26462,91.25146,92.23134,93.84699,95.46886,97.09674,98.73039,100.3696,102.0141,103.6638,105.3183,106.9774,107.94,109.6016,111.2671,112.9363,115.3345,117.0166,118.7017,121.1326,119.8329,116.2253,112.5401,108.7783,107.2558,104.1376,104.0869,104.8054,104.7226,105.4199,106.1091,106.7902,106.6491,107.3089,107.9605,108.6039,109.239,109.8658,110.4843,111.0943,111.6959,112.2889,112.8734,113.4493,114.0166,114.5752,115.125
139.7183,133.0119,131.4475,129.8823,129.1553,127.5845,126.0137,124.4431,122.8728,121.3032,118.9255,118.167,117.3994,115.8296,114.2616,113.4782,112.6862,111.8856,111.8425,111.7797,111.697,111.5944,111.4717,111.3289,111.1658,110.9823,110.7783,109.8406,109.6016,109.3418,109.0614,109.4484,109.1197,108.77,109.0683,106.0192,101.0331,96.11831,91.27584,88.41487,84.32893,82.79445,81.88298,80.35651,79.43958,78.51661,77.58765,76.07209,75.13851,74.19922,73.25427,72.30375,71.34771,70.38625,69.41942,68.44731,67.46999,66.48753,65.5,64.50749,63.51006,62.5078
83.95121,81.50978,82.13749,82.74414,83.87441,84.44636,84.99732,85.52734,86.03647,86.52474,86.99222,87.43895,88.46681,88.87917,89.27091,90.26462,91.25146,92.23134,93.84699,95.46886,97.09674,98.73039,100.3696,101.3385,103.6638,105.3183,106.9774,107.2391,109.6016,111.2671,112.9363,115.3345,117.0166,118.7017,121.1326,119.8329,115.4706,112.5401,109.5444,106.4842,104.1376,104.0869,104.0174,104.7226,105.4199,106.1091,105.9812,106.6491,107.3089,107.9605,108.6039,109.239,109.8658,110.4843,111.0943,111.6959,112.2889,112.8734,113.4493,114.0166,114.5752,116.8827
139.7183,133.0119,131.4475,129.8823,129.1553,127.5845,126.0137,124.4431,122.8728,121.3032,119.7345,118.167,117.3994,115.8296,114.2616,113.4782,112.6862,111.8856,111.8425,111.7797,111.697,111.5944,111.4717,110.5916,111.1658,110.9823,110.7783,109.1273,109.6016,109.3418,109.0614,109.4484,109.1197,108.77,109.0683,106.0192,100.377,96.11831,91.91863,87.77879,84.32893,82.79445,81.26731,80.35651,79.43958,78.51661,76.99987,76.07209,75.13851,74.19922,73.25427,72.30375,71.34771,70.38625,69.41942,68.44731,67.46999,66.48753,65.5,64.50749,63.51006,63.46212
83.95121,81.50978,82.13749,82.74414,83.87441,84.44636,84.99732,84.96094,86.03647,86.52474,86.99222,87.43895,88.46681,88.87917,89.27091,90.26462,91.25146,92.23134,93.84699,95.46886,96.44068,98.73039,100.3696,102.0141,103.6638,105.3183,106.9774,107.94,108.8944,111.9803,112.9363,114.6092,117.0166,118.7017,121.1326,119.8329,115.4706,112.5401,108.7783,106.4842,104.1376,104.0869,104.0174,104.7226,105.4199,106.1091,106.7902,106.6491,107.3089,107.9605,108.6039,109.239,109.8658,110.4843,111.0943,111.6959,112.2889,112.8734,113.4493,114.0166,114.5752,116.8827
139.7183,133.0119,131.4475,129.8823,129.1553,127.5845,126.0137,123.6189,122.8728,121.3032,119.7345,118.167,117.3994,115.8296,114.2616,113.4782,112.6862,111.8856,111.8425,111.7797,110.9423,111.5944,111.4717,111.3289,111.1658,110.9823,110.7783,109.8406,108.8944,110.0428,109.0614,108.76,109.1197,108.77,109.0683,106.0192,100.377,96.11831,91.27584,87.77879,84.32893,82.79445,81.26731,80.35651,79.43958,78.51661,77.58765,76.07209,75.13851,74.19922,73.25427,72.30375,71.34771,70.38625,69.41942,68.44731,67.46999,66.48753,65.5,64.50749,63.51006,63.46212
83.43617,81.50978,82.13749,82.74414,83.87441,84.44636,84.43813,85.52734,86.03647,86.52474,86.99222,87.43895,88.46681,88.87917,89.88658,90.26462,91.25146,92.23134,93.84699,95.46886,97.09674,98.73039,99.70046,102.0141,103.6638,105.3183,106.9774,107.2391,109.6016,111.2671,112.9363,115.3345,117.0166,118.7017,121.1326,119.8329,116.2253,112.5401,109.5444,106.4842,104.1376,104.0869,104.0174,104.7226,105.4199,106.1091,106.7902,106.6491,107.3089,107.9605,108.6039,109.239,109.8658,110.4843,111.0943,111.6959,112.2889,112.8734,113.4493,114.0166,114.5752,116.0039
138.8611,133.0119,131.4475,129.8823,129.1553,127.5845,125.1847,124.4431,122.8728,121.3032,119.7345,118.167,117.3994,115.8296,115.0496,113.4782,112.6862,111.8856,111.8425,111.7797,111.697,111.5944,110.7286,111.3289,111.1658,110.9823,110.7783,109.1273,109.6016,109.3418,109.0614,109.4484,109.1197,108.77,109.0683,106.0192,101.0331,96.11831,91.91863,87.77879,84.32893,82.79445,81.26731,80.35651,79.43958,78.51661,77.58765,76.07209,75.13851,74.19922,73.25427,72.30375,71.34771,70.38625,69.41942,68.44731,67.46999,66.48753,65.5,64.50749,63.51006,62.98496
83.95121,81.50978,82.13749,82.74414,83.87441,84.44636,84.99732,85.52734,85.46289,86.52474,86.99222,87.43895,88.46681,88.87917,89.27091,90.26462,91.25146,92.86742,93.84699,95.46886,97.09674,98.73039,100.3696,102.0141,103.6638,105.3183,106.9774,107.94,109.6016,111.2671,112.9363,114.6092,117.0166,118.7017,121.1326,119.8329,115.4706,112.5401,109.5444,107.2558,104.1376,104.0869,104.0174,104.7226,105.4199,106.1091,106.7902,107.4632,107.3089,107.9605,108.6039,109.239,109.8658,110.4843,111.0943,111.6959,112.2889,112.8734,113.4493,114.0166,114.5752,116.8827
139.7183,133.0119,131.4475,129.8823,129.1553,127.5845,126.0137,124.4431,122.0537,121.3032,119.7345,118.167,117.3994,115.8296,114.2616,113.4782,112.6862,112.6572,111.8425,111.7797,111.697,111.5944,111.4717,111.3289,111.1658,110.9823,110.7783,109.8406,109.6016,109.3418,109.0614,108.76,109.1197,108.77,109.0683,106.0192,100.377,96.11831,91.91863,88.41487,84.32893,82.79445,81.26731,80.35651,79.43958,78.51661,77.58765,76.65279,75.13851,74.19922,73.25427,72.30375,71.34771,70.38625,69.41942,68.44731,67.46999,66.48753,65.5,64.50749,63.51006,63.46212
83.95121,81.50978,82.13749,82.74414,83.87441,84.44636,84.99732,85.52734,86.03647,86.52474,86.99222,87.43895,88.46681,88.87917,89.88658,90.26462,91.25146,92.86742,94.48978,95.46886,97.09674,98.73039,100.3696,102.0141,103.6638,105.3183,106.9774,107.94,109.6016,111.2671,112.9363,115.3345,117.0166,118.7017,121.1326,119.8329,115.4706,112.5401,109.5444,106.4842,104.1376,104.0869,104.0174,104.7226,104.6213,106.1091,105.9812,107.4632,107.3089,107.9605,108.6039,109.239,109.8658,110.4843,111.0943,111.6959,112.2889,112.8734,113.4493,114.0166,114.5752,116.8827
139.7183,133.0119,131.4475,129.8823,129.1553,127.5845,126.0137,124.4431,122.8728,121.3032,119.7345,118.167,117.3994,115.8296,115.0496,113.4782,112.6862,112.6572,112.6085,111.7797,111.697,111.5944,111.4717,111.3289,111.1658,110.9823,110.7783,109.8406,109.6016,109.3418,109.0614,109.4484,109.1197,108.77,109.0683,106.0192,100.377,96.11831,91.91863,87.77879,84.32893,82.79445,81.26731,80.35651,78.83777,78.51661,76.99987,76.65279,75.13851,74.19922,73.25427,72.30375,71.34771,70.38625,69.41942,68.44731,67.46999,66.48753,65.5,64.50749,63.51006,63.46212
83.95121,81.50978,82.13749,82.74414,83.87441,84.44636,84.99732,85.52734,86.03647,86.52474,86.99222,87.43895,88.46681,88.87917,89.88658,90.26462,91.25146,92.23134,94.48978,95.46886,97.09674,98.73039,100.3696,102.0141,103.6638,105.3183,106.9774,107.2391,108.8944,111.2671,112.9363,114.6092,117.0166,118.7017,121.1326,119.8329,115.4706,112.5401,108.7783,106.4842,104.1376,104.0869,104.0174,104.7226,105.4199,106.1091,106.7902,106.6491,107.3089,107.9605,108.6039,109.239,109.8658,110.4843,111.0943,111.6959,112.2889,112.8734,113.4493,114.0166,114.5752,116.8827
139.7183,133.0119,131.4475,129.8823,129.1553,127.5845,126.0137,124.4431,122.8728,121.3032,119.7345,118.167,117.3994,115.8296,115.0496,113.4782,112.6862,111.8856,112.6085,111.7797,111.697,111.5944,111.4717,111.3289,111.1658,110.9823,110.7783,109.1273,108.8944,109.3418,109.0614,108.76,109.1197,108.77,109.0683,106.0192,100.377,96.11831,91.27584,87.77879,84.32893,82.79445,81.26731,80.35651,79.43958,78.51661,77.58765,76.07209,75.13851,74.19922,73.25427,72.30375,71.34771,70.38625,69.41942,68.44731,67.46999,66.48753,65.5,64.50749,63.51006,63.46212
83.95121,81.50978,82.13749,82.74414,83.87441,84.44636,84.99732,85.52734,86.03647,86.52474,86.99222,87.43895,88.46681,88.87917,89.88658,90.26462,91.25146,92.23134,93.84699,95.46886,96.44068,98.73039,100.3696,102.0141,104.3457,105.3183,106.9774,107.2391,108.8944,111.2671,112.9363,115.3345,117.0166,118.7017,121.1326,119.8329,115.4706,112.5401,108.7783,106.4842,104.1376,104.0869,104.0174,104.7226,105.4199,106.1091,105.9812,106.6491,107.3089,107.9605,108.6039,109.239,109.8658,110.4843,111.0943,111.6959,112.2889,112.8734,113.4493,114.0166,114.5752,115.125
139.7183,133.0119,131.4475,129.8823,129.1553,127.5845,126.0137,124.4431,122.8728,121.3032,119.7345,118.167,117.3994,115.8296,115.0496,113.4782,112.6862,111.8856,111.8425,111.7797,110.9423,111.5944,111.4717,111.3289,111.8971,110.9823,110.7783,109.1273,108.8944,109.3418,109.0614,109.4484,109.1197,108.77,109.0683,106.0192,100.377,96.11831,91.27584,87.77879,84.32893,82.79445,81.26731,80.35651,79.43958,78.51661,76.99987,76.07209,75.13851,74.19922,73.25427,72.30375,71.34771,70.38625,69.41942,68.44731,67.46999,66.48753,65.5,64.50749,63.51006,62.5078
83.95121,81.50978,82.13749,82.74414,83.87441,84.44636,84.99732,85.52734,86.03647,86.52474,86.99222,87.43895,88.46681,88.87917,89.88658,90.26462,91.25146,92.23134,94.48978,95.46886,97.09674,98.73039,100.3696,102.0141,103.6638,105.3183,106.9774,107.94,109.6016,111.2671,112.9363,115.3345,117.0166,118.7017,121.1326,119.8329,115.4706,112.5401,109.5444,105.7126,104.1376,104.0869,104.0174,104.7226,105.4199,106.1091,106.7902,106.6491,107.3089,107.9605,108.6039,109.239,109.8658,110.4843,111.0943,111.6959,112.2889,112.8734,113.4493,114.0166,114.5752,116.0039
139.7183,133.0119,131.4475,129.8823,129.1553,127.5845,126.0137,124.4431,122.8728,121.3032,119.7345,118.167,117.3994,115.8296,115.0496,113.4782,112.6862,111.8856,112.6085,111.7797,111.697,111.5944,111.4717,111.3289,111.1658,110.9823,110.7783,109.8406,109.6016,109.3418,109.0614,109.4484,109.1197,108.77,109.0683,106.0192,100.377,96.11831,91.91863,87.14272,84.32893,82.79445,81.26731,80.35651,79.43958,78.51661,77.58765,76.07209,75.13851,74.19922,73.25427,72.30375,71.34771,70.38625,69.41942,68.44731,67.46999,66.48753,65.5,64.50749,63.51006,62.98496
83.95121,81.50978,82.13749,82.74414,83.87441,84.44636,84.99732,85.52734,86.03647,86.52474,86.99222,87.43895,88.46681,88.87917,89.27091,90.26462,91.25146,92.23134,94.48978,95.46886,97.09674,98.73039,100.3696,102.0141,103.6638,105.3183,106.9774,107.94,109.6016,111.2671,112.9363,115.3345,117.0166,118.7017,121.1326,119.8329,115.4706,112.5401,108.7783,106.4842,104.1376,104.0869,104.0174,104.7226,105.4199,106.1091,106.7902,106.6491,108.1281,107.9605,108.6039,109.239,109.8658,110.4843,111.0943,111.6959,112.2889,112.8734,113.4493,114.0166,114.5752,115.125
139.7183,133.0119,131.4475,129.8823,129.1553,127.5845,126.0137,124.4431,122.8728,121.3032,119.7345,118.167,117.3994,115.8296,114.2616,113.4782,112.6862,111.8856,112.6085,111.7797,111.697,111.5944,111.4717,111.3289,111.1658,110.9823,110.7783,109.8406,109.6016,109.3418,109.0614,109.4484,109.1197,108.77,109.0683,106.0192,100.377,96.11831,91.27584,87.77879,84.32893,82.79445,81.26731,80.35651,79.43958,78.51661,77.58765,76.07209,75.71209,74.19922,73.25427,72.30375,71.34771,70.38625,69.41942,68.44731,67.46999,66.48753,65.5,64.50749,63.51006,62.5078
83.95121,81.50978,82.13749,82.74414,83.87441,84.44636,84.99732,85.52734,86.03647,86.52474,86.99222,87.43895,88.46681,88.87917,89.88658,90.26462,91.25146,92.23134,94.48978,95.46886,97.09674,98.06777,100.3696,102.0141,103.6638,105.3183,106.9774,107.94,109.6016,111.2671,112.9363,115.3345,117.0166,118.7017,120.3895,119.8329,115.4706,112.5401,108.7783,106.4842,104.1376,104.0869,104.8054,104.7226,105.4199,106.1091,105.9812,106.6491,107.3089,107.9605,108.6039,109.239,109.8658,110.4843,111.0943,111.6959,112.2889,112.8734,113.4493,114.0166,114.5752,116.0039
139.7183,133.0119,131.4475,129.8823,129.1553,127.5845,126.0137,124.4431,122.8728,121.3032,119.7345,118.167,117.3994,115.8296,115.0496,113.4782,112.6862,111.8856,112.6085,111.7797,111.697,110.8454,111.4717,111.3289,111.1658,110.9823,110.7783,109.8406,109.6016,109.3418,109.0614,109.4484,109.1197,108.77,108.3992,106.0192,100.377,96.11831,91.27584,87.77879,84.32893,82.79445,81.88298,80.35651,79.43958,78.51661,76.99987,76.07209,75.13851,74.19922,73.25427,72.30375,71.34771,70.38625,69.41942,68.44731,67.46999,66.48753,65.5,64.50749,63.51006,62.98496
83.95121,81.50978,82.13749,82.74414,83.87441,84.44636,84.99732,85.52734,86.03647,86.52474,86.99222,87.43895,88.46681,88.87917,89.88658,90.26462,91.25146,92.23134,93.84699,95.46886,96.44068,98.06777,100.3696,102.0141,103.6638,105.3183,106.9774,107.2391,109.6016,111.2671,112.9363,114.6092,117.0166,118.7017,121.1326,119.8329,116.2253,112.5401,109.5444,106.4842,104.1376,104.0869,104.0174,104.7226,105.4199,106.1091,106.7902,106.6491,107.3089,107.9605,108.6039,109.239,109.8658,110.4843,111.0943,111.6959,112.2889,112.8734,113.4493,114.0166,114.5752,116.0039
139.7183,133.0119,131.4475,129.8823,129.1553,127.5845,126.0137,124.4431,122.8728,121.3032,119.7345,118.167,117.3994,115.8296,115.0496,113.4782,112.6862,111.8856,111.8425,111.7797,110.9423,110.8454,111.4717,111.3289,111.1658,110.9823,110.7783,109.1273,109.6016,109.3418,109.0614,108.76,109.1197,108.77,109.0683,106.0192,101.0331,96.11831,91.91863,87.77879,84.32893,82.79445,81.26731,80.35651,79.43958,78.51661,77.58765,76.07209,75.13851,74.19922,73.25427,72.30375,71.34771,70.38625,69.41942,68.44731,67.46999,66.48753,65.5,64.50749,63.51006,62.98496
83.95121,82.03227,81.60757,82.74414,83.87441,84.44636,84.99732,84.96094,86.03647,86.52474,86.99222,87.43895,88.46681,88.87917,89.27091,90.26462,91.25146,92.86742,93.84699,95.46886,97.09674,98.73039,100.3696,102.0141,103.6638,105.3183,106.9774,107.94,110.3087,111.2671,112.9363,115.3345,117.0166,118.7017,121.1326,119.8329,115.4706,112.5401,108.7783,106.4842,104.1376,104.0869,104.0174,104.7226,105.4199,106.1091,105.9812,106.6491,108.1281,107.9605,108.6039,109.239,109.8658,110.4843,111.0943,111.6959,112.2889,112.8734,113.4493,114.0166,114.5752,116.8827
139.7183,133.8645,130.5994,129.8823,129.1553,127.5845,126.0137,123.6189,122.8728,121.3032,119.7345,118.167,117.3994,115.8296,114.2616,113.4782,112.6862,112.6572,111.8425,111.7797,111.697,111.5944,111.4717,111.3289,111.1658,110.9823,110.7783,109.8406,110.3087,109.3418,109.0614,109.4484,109.1197,108.77,109.0683,106.0192,100.377,96.11831,91.27584,87.77879,84.32893,82.79445,81.26731,80.35651,79.43958,78.51661,76.99987,76.07209,75.71209,74.19922,73.25427,72.30375,71.34771,70.38625,69.41942,68.44731,67.46999,66.48753,65.5,64.50749,63.51006,63.46212
83.95121,81.50978,82.13749,82.74414,83.87441,84.44636,84.99732,85.52734,86.03647,86.52474,86.99222,87.43895,88.46681,88.87917,89.88658,90.26462,91.25146,92.86742,93.84699,95.46886,96.44068,98.73039,100.3696,102.0141,103.6638,105.3183,106.9774,107.94,109.6016,111.2671,112.9363,115.3345,117.0166,118.7017,121.1326,119.8329,116.2253,112.5401,109.5444,106.4842,104.1376,104.0869,104.0174,104.7226,105.4199,106.1091,105.9812,106.6491,107.3089,107.9605,108.6039,109.239,109.8658,110.4843,111.0943,111.6959,112.2889,112.8734,113.4493,114.0166,114.5752,116.0039
139.7183,133.0119,131.4475,129.8823,129.1553,127.5845,126.0137,124.4431,122.8728,121.3032,119.7345,118.167,117.3994,115.8296,115.0496,113.4782,112.6862,112.6572,111.8425,111.7797,110.9423,111.5944,111.4717,111.3289,111.1658,110.9823,110.7783,109.8406,109.6016,109.3418,109.0614,109.4484,109.1197,108.77,109.0683,106.0192,101.0331,96.11831,91.91863,87.77879,84.32893,82.79445,81.26731,80.35651,79.43958,78.51661,76.99987,76.07209,75.13851,74.19922,73.25427,72.30375,71.34771,70.38625,69.41942,68.44731,67.46999,66.48753,65.5,64.50749,63.51006,62.98496
83.95121,81.50978,82.13749,82.74414,83.87441,84.44636,84.99732,84.96094,86.03647,86.52474,86.99222,87.43895,88.46681,88.87917,89.27091,90.26462,91.25146,92.23134,93.84699,95.46886,97.09674,98.06777,100.3696,102.0141,103.6638,105.3183,106.9774,108.6409,109.6016,111.2671,112.9363,115.3345,116.2852,118.7017,121.1326,119.8329,116.2253,112.5401,108.7783,106.4842,104.1376,104.0869,104.0174,104.7226,105.4199,106.1091,105.9812,106.6491,107.3089,107.9605,108.6039,109.239,109.8658,110.4843,111.0943,111.6959,112.2889,112.8734,113.4493,114.0166,114.5752,116.0039
139.7183,133.0119,131.4475,129.8823,129.1553,127.5845,126.0137,123.6189,122.8728,121.3032,119.7345,118.167,117.3994,115.8296,114.2616,113.4782,112.6862,111.8856,111.8425,111.7797,111.697,110.8454,111.4717,111.3289,111.1658,110.9823,110.7783,110.5538,109.6016,109.3418,109.0614,109.4484,108.4377,108.77,109.0683,106.0192,101.0331,96.11831,91.27584,87.77879,84.32893,82.79445,81.26731,80.35651,79.43958,78.51661,76.99987,76.07209,75.13851,74.19922,73.25427,72.30375,71.34771,70.38625,69.41942,68.44731,67.46999,66.48753,65.5,64.50749,63.51006,62.98496
83.95121,81.50978,82.13749,82.74414,83.87441,84.44636,84.99732,85.52734,86.03647,86.52474,86.99222,87.43895,88.46681,88.87917,89.27091,90.26462,91.25146,92.23134,94.48978,95.46886,96.44068,98.73039,100.3696,102.0141,103.6638,105.3183,106.9774,107.94,108.8944,111.2671,112.9363,115.3345,117.0166,118.7017,121.1326,119.8329,116.2253,112.5401,109.5444,105.7126,104.1376,104.0869,104.0174,104.7226,105.4199,106.1091,105.9812,106.6491,107.3089,107.9605,108.6039,109.239,109.8658,110.4843,111.0943,111.6959,112.2889,112.8734,113.4493,114.0166,114.5752,116.0039
139.7183,133.0119,131.4475,129.8823,129.1553,127.5845,126.0137,124.4431,122.8728,121.3032,119.7345,118.167,117.3994,115.8296,114.2616,113.4782,112.6862,111.8856,112.6085,111.7797,110.9423,111.5944,111.4717,111.3289,111.1658,110.9823,110.7783,109.8406,108.8944,109.3418,109.0614,109.4484,109.1197,108.77,109.0683,106.0192,101.0331,96.11831,91.91863,87.14272,84.32893,82.79445,81.26731,80.35651,79.43958,78.51661,76.99987,76.07209,75.13851,74.19922,73.25427,72.30375,71.34771,70.38625,69.41942,68.44731,67.46999,66.48753,65.5,64.50749,63.51006,62.98496
83.95121,81.50978,82.13749,82.74414,83.87441,84.44636,84.99732,85.52734,86.03647,86.52474,86.99222,87.43895,88.46681,88.87917,89.88658,90.26462,91.25146,92.23134,93.84699,95.46886,97.09674,98.73039,100.3696,102.0141,103.6638,105.3183,106.9774,107.94,110.3087,111.2671,112.9363,115.3345,117.0166,118.7017,121.1326,119.8329,115.4706,112.5401,109.5444,106.4842,104.1376,104.0869,104.0174,104.7226,105.4199,106.1091,106.7902,106.6491,107.3089,107.9605,108.6039,109.239,109.8658,110.4843,111.0943,111.6959,112.2889,112.8734,113.4493,114.0166,114.5752,116.0039
139.7183,133.0119,131.4475,129.8823,129.1553,127.5845,126.0137,124.4431,122.8728,121.3032,119.7345,118.167,117.3994,115.8296,115.0496,113.4782,112.6862,111.8856,111.8425,111.7797,111.697,111.5944,111.4717,111.3289,111.1658,110.9823,110.7783,109.8406,110.3087,109.3418,109.0614,109.4484,109.1197,108.77,109.0683,106.0192,100.377,96.11831,91.91863,87.77879,84.32893,82.79445,81.26731,80.35651,79.43958,78.51661,77.58765,76.07209,75.13851,74.19922,73.25427,72.30375,71.34771,70.38625,69.41942,68.44731,67.46999,66.48753,65.5,64.50749,63.51006,62.98496
83.43617,81.50978,82.13749,82.74414,83.87441,84.44636,84.99732,85.52734,86.03647,86.52474,86.99222,87.43895,88.46681,88.87917,89.27091,90.26462,91.25146,92.86742,94.48978,95.46886,97.09674,98.06777,100.3696,102.0141,103.6638,105.3183,106.9774,107.94,109.6016,111.2671,112.9363,114.6092,117.0166,118.7017,121.1326,119.8329,115.4706,112.5401,108.7783,106.4842,104.1376,104.0869,104.8054,104.7226,105.4199,106.1091,105.9812,106.6491,107.3089,107.9605,109.433,109.239,109.8658,110.4843,111.0943,111.6959,112.2889,112.8734,113.4493,114.0166,114.5752,116.8827
138.8611,133.0119,131.4475,129.8823,129.1553,127.5845,126.0137,124.4431,122.8728,121.3032,119.7345,118.167,117.3994,115.8296,114.2616,113.4782,112.6862,112.6572,112.6085,111.7797,111.697,110.8454,111.4717,111.3289,111.1658,110.9823,110.7783,109.8406,109.6016,109.3418,109.0614,108.76,109.1197,108.77,109.0683,106.0192,100.377,96.11831,91.27584,87.77879,84.32893,82.79445,81.88298,80.35651,79.43958,78.51661,76.99987,76.07209,75.13851,74.19922,73.81346,72.30375,71.34771,70.38625,69.41942,68.44731,67.46999,66.48753,65.5,64.50749,63.51006,63.46212
83.95121,81.50978,82.13749,82.74414,83.32977,84.44636,84.99732,85.52734,86.03647,86.52474,86.99222,87.43895,88.46681,88.87917,89.88658,90.26462,91.25146,92.23134,94.48978,95.46886,96.44068,98.73039,100.3696,102.0141,103.6638,105.3183,106.9774,107.2391,108.8944,111.2671,112.9363,114.6092,117.0166,118.7017,121.1326,119.8329,115.4706,112.5401,108.7783,106.4842,104.1376,104.0869,104.0174,104.7226,105.4199,106.1091,105.9812,107.4632,107.3089,107.9605,108.6039,109.239,109.8658,110.4843,111.0943,111.6959,112.2889,112.8734,113.4493,114.0166,114.5752,116.8827
139.7183,133.0119,131.4475,129.8823,128.3166,127.5845,126.0137,124.4431,122.8728,121.3032,119.7345,118.167,117.3994,115.8296,115.0496,113.4782,112.6862,111.8856,112.6085,111.7797,110.9423,111.5944,111.4717,111.3289,111.1658,110.9823,110.7783,109.1273,108.8944,109.3418,109.0614,108.76,109.1197,108.77,109.0683,106.0192,100.377,96.11831,91.27584,87.77879,84.32893,82.79445,81.26731,80.35651,79.43958,78.51661,76.99987,76.65279,75.13851,74.19922,73.25427,72.30375,71.34771,70.38625,69.41942,68.44731,67.46999,66.48753,65.5,64.50749,63.51006,63.46212
83.95121,81.50978,82.13749,82.74414,83.87441,84.44636,84.99732,84.96094,86.03647,85.94404,86.99222,87.43895,88.46681,89.48793,89.27091,90.26462,91.25146,92.86742,94.48978,95.46886,97.09674,98.73039,100.3696,101.3385,103.6638,105.3183,106.9774,107.94,108.8944,111.2671,112.9363,115.3345,117.0166,118.7017,121.1326,119.8329,115.4706,112.5401,109.5444,106.4842,104.1376,104.0869,104.0174,104.7226,105.4199,106.1091,106.7902,107.4632,107.3089,107.9605,108.6039,109.239,109.8658,110.4843,111.0943,111.6959,112.2889,112.8734,113.4493,114.0166,114.5752,116.0039
139.7183,133.0119,131.4475,129.8823,129.1553,127.5845,126.0137,123.6189,122.8728,120.4891,119.7345,118.167,117.3994,116.6229,114.2616,113.4782,112.6862,112.6572,112.6085,111.7797,111.697,111.5944,111.4717,110.5916,111.1658,110.9823,110.7783,109.8406,108.8944,109.3418,109.0614,109.4484,109.1197,108.77,109.0683,106.0192,100.377,96.11831,91.91863,87.77879,84.32893,82.79445,81.26731,80.35651,79.43958,78.51661,77.58765,76.65279,75.13851,74.19922,73.25427,72.30375,71.34771,70.38625,69.41942,68.44731,67.46999,66.48753,65.5,64.50749,63.51006,62.98496
83.95121,80.98728,81.60757,82.74414,83.87441,84.44636,84.99732,85.52734,86.03647,86.52474,86.99222,87.43895,88.46681,88.87917,89.27091,90.26462,91.25146,92.86742,93.84699,95.46886,97.09674,98.06777,100.3696,101.3385,103.6638,105.3183,106.9774,107.2391,108.8944,111.2671,112.9363,115.3345,117.0166,118.7017,121.1326,119.8329,116.2253,112.5401,109.5444,106.4842,104.1376,104.0869,104.0174,104.7226,105.4199,106.1091,106.7902,106.6491,107.3089,107.9605,108.6039,109.239,109.8658,110.4843,111.0943,111.6959,112.2889,112.8734,113.4493,114.0166,114.5752,115.125
139.7183,132.1592,130.5994,129.8823,129.1553,127.5845,126.0137,124.4431,122.8728,121.3032,119.7345,118.167,117.3994,115.8296,114.2616,113.4782,112.6862,112.6572,111.8425,111.7797,111.697,110.8454,111.4717,110.5916,111.1658,110.9823,110.7783,109.1273,108.8944,109.3418,109.0614,109.4484,109.1197,108.77,109.0683,106.0192,101.0331,96.11831,91.91863,87.77879,84.32893,82.79445,81.26731,80.35651,79.43958,78.51661,77.58765,76.07209,75.13851,74.19922,73.25427,72.30375,71.34771,70.38625,69.41942,68.44731,67.46999,66.48753,65.5,64.50749,63.51006,62.5078
83.43617,81.50978,82.13749,82.74414,83.87441,84.44636,84.99732,85.52734,86.03647,86.52474,86.99222,87.43895,88.46681,88.87917,89.88658,90.26462,91.25146,92.86742,93.84699,95.46886,97.09674,98.73039,100.3696,102.0141,103.6638,105.3183,106.9774,107.94,108.8944,111.2671,112.9363,114.6092,117.0166,118.7017,121.1326,119.8329,115.4706,112.5401,109.5444,106.4842,104.1376,104.0869,104.8054,104.7226,105.4199,106.1091,106.7902,106.6491,107.3089,107.9605,108.6039,109.239,109.8658,110.4843,111.0943,111.6959,112.2889,112.8734,113.4493,114.0166,114.5752,114.2462
138.8611,133.0119,131.4475,129.8823,129.1553,127.5845,126.0137,124.4431,122.8728,121.3032,119.7345,118.167,117.3994,115.8296,115.0496,113.4782,112.6862,112.6572,111.8425,111.7797,111.697,111.5944,111.4717,111.3289,111.1658,110.9823,110.7783,109.8406,108.8944,109.3418,109.0614,108.76,109.1197,108.77,109.0683,106.0192,100.377,96.11831,91.91863,87.77879,84.32893,82.79445,81.88298,80.35651,79.43958,78.51661,77.58765,76.07209,75.13851,74.19922,73.25427,72.30375,71.34771,70.38625,69.41942,68.44731,67.46999,66.48753,65.5,64.50749,63.51006,62.03064
83.95121,81.50978,82.13749,82.74414,83.87441,84.44636,84.99732,85.52734,86.03647,86.52474,86.99222,87.43895,88.46681,88.87917,89.27091,90.26462,91.25146,92.23134,93.84699,95.46886,97.09674,98.06777,100.3696,101.3385,103.6638,104.6299,106.9774,107.94,108.8944,111.2671,112.9363,115.3345,117.0166,118.7017,121.1326,119.8329,115.4706,112.5401,109.5444,107.2558,104.1376,104.0869,104.0174,104.7226,105.4199,106.1091,106.7902,106.6491,107.3089,107.9605,108.6039,109.239,109.8658,110.4843,111.0943,111.6959,112.2889,112.8734,113.4493,114.0166,114.5752,114.2462
139.7183,133.0119,131.4475,129.8823,129.1553,127.5845,126.0137,124.4431,122.8728,121.3032,119.7345,118.167,117.3994,115.8296,114.2616,113.4782,112.6862,111.8856,111.8425,111.7797,111.697,110.8454,111.4717,110.5916,111.1658,110.2569,110.7783,109.8406,108.8944,109.3418,109.0614,109.4484,109.1197,108.77,109.0683,106.0192,100.377,96.11831,91.91863,88.41487,84.32893,82.79445,81.26731,80.35651,79.43958,78.51661,77.58765,76.07209,75.13851,74.19922,73.25427,72.30375,71.34771,70.38625,69.41942,68.44731,67.46999,66.48753,65.5,64.50749,63.51006,62.03064
83.95121,81.50978,82.13749,82.74414,83.87441,84.44636,84.99732,84.96094,86.03647,86.52474,86.99222,87.43895,88.46681,88.87917,89.27091,90.26462,91.25146,92.23134,94.48978,95.46886,97.09674,98.06777,100.3696,102.0141,103.6638,105.3183,106.9774,107.94,109.6016,111.2671,112.9363,115.3345,117.0166,118.7017,121.1326,119.8329,115.4706,112.5401,108.7783,107.2558,104.1376,104.0869,104.0174,104.7226,105.4199,106.1091,105.9812,107.4632,107.3089,107.9605,108.6039,109.239,109.8658,110.4843,111.0943,111.6959,112.2889,112.8734,113.4493,114.0166,114.5752,115.125
139.7183,133.0119,131.4475,129.8823,129.1553,127.5845,126.0137,123.6189,122.8728,121.3032,119.7345,118.167,117.3994,115.8296,114.2616,113.4782,112.6862,111.8856,112.6085,111.7797,111.697,110.8454,111.4717,111.3289,111.1658,110.9823,110.7783,109.8406,109.6016,109.3418,109.0614,109.4484,109.1197,108.77,109.0683,106.0192,100.377,96.11831,91.27584,88.41487,84.32893,82.79445,81.26731,80.35651,79.43958,78.51661,76.99987,76.65279,75.13851,74.19922,73.25427,72.30375,71.34771,70.38625,69.41942,68.44731,67.46999,66.48753,65.5,64.50749,63.51006,62.5078
83.95121,81.50978,82.13749,82.74414,83.32977,84.44636,84.99732,85.52734,86.03647,86.52474,86.99222,87.43895,88.46681,88.87917,89.27091,90.26462,91.25146,92.23134,93.84699,95.46886,97.09674,98.73039,100.3696,102.0141,103.6638,105.3183,106.9774,107.94,109.6016,111.2671,112.9363,115.3345,117.0166,118.7017,121.1326,119.8329,115.4706,112.5401,108.7783,106.4842,104.1376,104.0869,104.0174,104.7226,105.4199,106.1091,105.9812,106.6491,107.3089,107.9605,108.6039,109.239,109.8658,110.4843,111.0943,111.6959,112.2889,112.8734,113.4493,114.0166,114.5752,114.2462
139.7183,133.0119,131.4475,129.8823,128.3166,127.5845,126.0137,124.4431,122.8728,121.3032,119.7345,118.167,117.3994,115.8296,114.2616,113.4782,112.6862,111.8856,111.8425,111.7797,111.697,111.5944,111.4717,111.3289,111.1658,110.9823,110.7783,109.8406,109.6016,109.3418,109.0614,109.4484,109.1197,108.77,109.0683,106.0192,100.377,96.11831,91.27584,87.77879,84.32893,82.79445,81.26731,80.35651,79.43958,78.51661,76.99987,76.07209,75.13851,74.19922,73.25427,72.30375,71.34771,70.38625,69.41942,68.44731,67.46999,66.48753,65.5,64.50749,63.51006,62.03064
83.95121,81.50978,82.13749,82.74414,83.87441,84.44636,84.99732,85.52734,86.03647,86.52474,86.99222,87.43895,88.46681,88.87917,89.27091,90.26462,91.25146,92.23134,94.48978,95.46886,96.44068,98.73039,100.3696,102.0141,103.6638,105.3183,106.9774,107.94,109.6016,111.2671,112.9363,115.3345,117.0166,118.7017,121.1326,119.8329,116.2253,112.5401,109.5444,106.4842,104.1376,104.0869,104.0174,104.7226,104.6213,106.1091,106.7902,106.6491,108.1281,107.9605,108.6039,109.239,109.8658,110.4843,111.0943,111.6959,112.2889,112.8734,113.4493,114.0166,114.5752,115.125
139.7183,133.0119,131.4475,129.8823,129.1553,127.5845,126.0137,124.4431,122.8728,121.3032,119.7345,118.167,117.3994,115.8296,114.2616,113.4782,112.6862,111.8856,112.6085,111.7797,110.9423,111.5944,111.4717,111.3289,111.1658,110.9823,110.7783,109.8406,109.6016,109.3418,109.0614,109.4484,109.1197,108.77,109.0683,106.0192,101.0331,96.11831,91.91863,87.77879,84.32893,82.79445,81.26731,80.35651,78.83777,78.51661,77.58765,76.07209,75.71209,74.19922,73.25427,72.30375,71.34771,70.38625,69.41942,68.44731,67.46999,66.48753,65.5,64.50749,63.51006,62.5078
83.95121,81.50978,82.13749,82.74414,83.87441,84.44636,84.99732,85.52734,86.03647,86.52474,86.99222,87.43895,88.46681,88.87917,89.27091,90.26462,91.25146,92.86742,94.48978,95.46886,97.09674,98.73039,100.3696,102.0141,103.6638,105.3183,106.2827,107.2391,110.3087,111.2671,112.9363,114.6092,117.0166,118.7017,121.1326,119.8329,116.2253,112.5401,109.5444,106.4842,104.1376,104.0869,104.0174,104.7226,105.4199,106.1091,105.9812,106.6491,107.3089,107.9605,108.6039,109.239,109.8658,110.4843,111.0943,111.6959,112.2889,112.8734,113.4493,114.0166,114.5752,116.0039
139.7183,133.0119,131.4475,129.8823,129.1553,127.5845,126.0137,124.4431,122.8728,121.3032,119.7345,118.167,117.3994,115.8296,114.2616,113.4782,112.6862,112.6572,112.6085,111.7797,111.697,111.5944,111.4717,111.3289,111.1658,110.9823,110.059,109.1273,110.3087,109.3418,109.0614,108.76,109.1197,108.77,109.0683,106.0192,101.0331,96.11831,91.91863,87.77879,84.32893,82.79445,81.26731,80.35651,79.43958,78.51661,76.99987,76.07209,75.13851,74.19922,73.25427,72.30375,71.34771,70.38625,69.41942,68.44731,67.46999,66.48753,65.5,64.50749,63.51006,62.98496
83.95121,81.50978,82.13749,82.74414,83.87441,84.44636,84.99732,85.52734,86.03647,86.52474,86.99222,87.43895,88.46681,88.87917,89.27091,90.26462,91.25146,92.86742,93.84699,95.46886,97.09674,98.73039,100.3696,102.0141,103.6638,105.3183,106.9774,107.94,109.6016,111.2671,112.9363,115.3345,117.0166,118.7017,121.1326,119.8329,115.4706,112.5401,108.7783,106.4842,104.1376,104.0869,104.0174,104.7226,105.4199,106.1091,106.7902,106.6491,107.3089,107.9605,108.6039,109.239,109.8658,110.4843,111.0943,111.6959,112.2889,112.8734,113.4493,114.0166,114.5752,115.125
139.7183,133.0119,131.4475,129.8823,129.1553,127.5845,126.0137,124.4431,122.8728,121.3032,119.7345,118.167,117.3994,115.8296,114.2616,113.4782,112.6862,112.6572,111.8425,111.7797,111.697,111.5944,111.4717,111.3289,111.1658,110.9823,110.7783,109.8406,109.6016,109.3418,109.0614,109.4484,109.1197,108.77,109.0683,106.0192,100.377,96.11831,91.27584,87.77879,84.32893,82.79445,81.26731,80.35651,79.43958,78.51661,77.58765,76.07209,75.13851,74.19922,73.25427,72.30375,71.34771,70.38625,69.41942,68.44731,67.46999,66.48753,65.5,64.50749,63.51006,62.5078
83.95121,81.50978,82.13749,82.74414,83.87441,83.89442,84.99732,85.52734,86.03647,86.52474,86.99222,87.43895,88.46681,88.87917,89.27091,90.26462,91.25146,92.86742,93.84699,95.46886,97.09674,98.73039,100.3696,102.0141,103.6638,105.3183,106.9774,107.94,108.8944,111.2671,112.9363,115.3345,117.0166,118.7017,121.1326,119.8329,115.4706,112.5401,108.7783,106.4842,104.1376,104.0869,104.0174,104.7226,105.4199,106.1091,106.7902,107.4632,107.3089,107.9605,108.6039,109.239,109.8658,110.4843,111.0943,111.6959,112.2889,112.8734,113.4493,114.0166,114.5752,115.125
139.7183,133.0119,131.4475,129.8823,129.1553,126.7506,126.0137,124.4431,122.8728,121.3032,119.7345,118.167,117.3994,115.8296,114.2616,113.4782,112.6862,112.6572,111.8425,111.7797,111.697,111.5944,111.4717,111.3289,111.1658,110.9823,110.7783,109.8406,108.8944,109.3418,109.0614,109.4484,109.1197,108.77,109.0683,106.0192,100.377,96.11831,91.27584,87.77879,84.32893,82.79445,81.26731,80.35651,79.43958,78.51661,77.58765,76.65279,75.13851,74.19922,73.25427,72.30375,71.34771,70.38625,69.41942,68.44731,67.46999,66.48753,65.5,64.50749,63.51006,62.5078
