114.4414,114.0436,113.6372,113.2221,112.7984,112.3661,111.9252,111.4759,111.018,110.5517,110.9719,110.4848,109.9893,109.4855,108.9733,108.4528,108.7945,108.2532,107.7036,107.1459,107.4327,106.8541,106.2673,107.3498,110.9068,112.7491,118.6742,119.5962,118.8609,116.4984,114.1477,112.6076,111.0695,109.5335,108.7825,106.469,104.9409,103.416,101.8944,101.1311,100.3601,98.83826,98.79516,98.0014,97.92554,97.83021,97.00206,96.16652,96.72548,96.55751,96.36964,95.47977,95.25822,95.01655,94.75467,93.81644,93.52052,91.91863
-45.07965,-46.07661,-47.07006,-48.05993,-49.04614,-50.02861,-51.00727,-51.98205,-52.95286,-53.91965,-55.32853,-56.29482,-57.25683,-58.21447,-59.16769,-60.11639,-61.55295,-62.5,-63.4423,-64.37976,-65.83482,-66.76983,-67.69975,-69.7138,-73.40762,-76.05023,-81.5625,-83.74216,-84.78263,-84.64108,-84.46484,-84.85592,-85.2266,-85.57695,-86.52953,-86.21689,-86.50664,-86.77633,-87.02604,-87.91191,-88.79109,-88.99437,-90.52909,-91.38778,-92.92787,-94.47354,-95.32366,-96.16652,-98.42856,-99.98823,-101.5524,-102.3895,-103.9561,-105.5266,-107.1007,-107.9235,-109.4985,-109.5444
114.4414,114.0436,113.6372,112.3016,112.7984,112.3661,111.9252,111.4759,111.018,111.4505,110.9719,110.4848,109.9893,109.4855,108.9733,108.4528,108.7945,108.2532,107.7036,107.1459,106.58,106.8541,106.2673,107.3498,109.239,112.7491,117.85,119.5962,118.0468,115.6894,114.1477,112.6076,111.0695,110.3215,108.7825,106.469,104.9409,103.416,102.6548,100.3764,99.61111,98.83826,98.79516,98.0014,97.92554,97.83021,97.00206,96.16652,96.72548,96.55751,95.68129,95.47977,95.25822,95.01655,94.75467,94.4725,93.52052,91.91863
-45.07965,-46.07661,-47.07006,-47.6692,-49.04614,-50.02861,-51.00727,-51.98205,-52.95286,-54.35802,-55.32853,-56.29482,-57.25683,-58.21447,-59.16769,-60.11639,-61.55295,-62.5,-63.4423,-64.37976,-65.31232,-66.76983,-67.69975,-69.7138,-72.30375,-76.05023,-80.99609,-83.74216,-84.20193,-84.05329,-84.46484,-84.85592,-85.2266,-86.19261,-86.52953,-86.21689,-86.50664,-86.77633,-87.67549,-87.25585,-88.12847,-88.99437,-90.52909,-91.38778,-92.92787,-94.47354,-95.32366,-96.16652,-98.42856,-99.98823,-100.827,-102.3895,-103.9561,-105.5266,-107.1007,-108.6782,-109.4985,-109.5444
113.5109,114.0436,113.6372,113.2221,112.7984,112.3661,111.9252,111.4759,111.018,111.4505,110.9719,110.4848,109.9893,109.4855,108.9733,108.4528,108.7945,108.2532,107.7036,107.1459,107.4327,106.8541,106.2673,107.3498,110.9068,112.7491,117.85,119.5962,118.0468,116.4984,114.9515,112.6076,111.8628,109.5335,107.9999,106.469,104.9409,103.416,101.8944,101.1311,99.61111,98.83826,98.79516,98.73275,97.92554,97.11087,97.71531,97.58074,96.72548,96.55751,96.36964,95.47977,95.25822,95.01655,94.75467,93.81644,93.52052,104.1316
-44.71315,-46.07661,-47.07006,-48.05993,-49.04614,-50.02861,-51.00727,-51.98205,-52.95286,-54.35802,-55.32853,-56.29482,-57.25683,-58.21447,-59.16769,-60.11639,-61.55295,-62.5,-63.4423,-64.37976,-65.83482,-66.76983,-67.69975,-69.7138,-73.40762,-76.05023,-80.99609,-83.74216,-84.20193,-84.64108,-85.05966,-84.85592,-85.83536,-85.57695,-85.90702,-86.21689,-86.50664,-86.77633,-87.02604,-87.91191,-88.12847,-88.99437,-90.52909,-92.06978,-92.92787,-93.77888,-96.02457,-97.58074,-98.42856,-99.98823,-101.5524,-102.3895,-103.9561,-105.5266,-107.1007,-107.9235,-109.4985,-124.0992
114.4414,113.1164,113.6372,113.2221,112.7984,112.3661,111.9252,111.4759,111.018,111.4505,110.9719,110.4848,109.9893,109.4855,108.9733,108.4528,107.9241,108.2532,107.7036,108.0031,107.4327,106.8541,106.2673,107.3498,110.0729,111.9201,117.0259,119.5962,118.0468,115.6894,114.1477,112.6076,111.0695,109.5335,108.7825,106.469,104.9409,103.416,102.6548,100.3764,99.61111,98.83826,98.79516,98.0014,97.92554,97.83021,97.00206,96.16652,96.72548,96.55751,96.36964,95.47977,95.25822,95.01655,94.75467,93.81644,93.52052,91.91863
-45.07965,-45.702,-47.07006,-48.05993,-49.04614,-50.02861,-51.00727,-51.98205,-52.95286,-54.35802,-55.32853,-56.29482,-57.25683,-58.21447,-59.16769,-60.11639,-61.06052,-62.5,-63.4423,-64.8948,-65.83482,-66.76983,-67.69975,-69.7138,-72.85568,-75.49104,-80.42969,-83.74216,-84.20193,-84.05329,-84.46484,-84.85592,-85.2266,-85.57695,-86.52953,-86.21689,-86.50664,-86.77633,-87.67549,-87.25585,-88.12847,-88.99437,-90.52909,-91.38778,-92.92787,-94.47354,-95.32366,-96.16652,-98.42856,-99.98823,-101.5524,-102.3895,-103.9561,-105.5266,-107.1007,-107.9235,-109.4985,-109.5444
114.4414,114.0436,113.6372,113.2221,112.7984,112.3661,111.9252,111.4759,111.018,111.4505,110.9719,110.4848,109.9893,109.4855,108.9733,108.4528,107.9241,108.2532,107.7036,107.1459,106.58,106.8541,106.2673,107.3498,110.9068,113.5781,117.0259,119.5962,118.0468,116.4984,114.1477,112.6076,111.0695,109.5335,108.7825,106.469,104.9409,103.416,101.8944,100.3764,99.61111,98.83826,98.79516,98.73275,97.92554,97.83021,96.28881,96.16652,96.72548,96.55751,95.68129,95.47977,95.25822,95.01655,94.75467,94.4725,93.52052,91.91863
-45.07965,-46.07661,-47.07006,-48.05993,-49.04614,-50.02861,-51.00727,-51.98205,-52.95286,-54.35802,-55.32853,-56.29482,-57.25683,-58.21447,-59.16769,-60.11639,-61.06052,-62.5,-63.4423,-64.37976,-65.31232,-66.76983,-67.69975,-69.7138,-73.40762,-76.60943,-80.42969,-83.74216,-84.20193,-84.64108,-84.46484,-84.85592,-85.2266,-85.57695,-86.52953,-86.21689,-86.50664,-86.77633,-87.02604,-87.25585,-88.12847,-88.99437,-90.52909,-92.06978,-92.92787,-94.47354,-94.62275,-96.16652,-98.42856,-99.98823,-100.827,-102.3895,-103.9561,-105.5266,-107.1007,-108.6782,-109.4985,-109.5444
113.5109,113.1164,112.7133,112.3016,112.7984,112.3661,111.9252,111.4759,111.018,110.5517,110.9719,109.5938,109.9893,109.4855,108.9733,108.4528,108.7945,108.2532,107.7036,108.0031,106.58,106.8541,106.2673,107.3498,110.9068,112.7491,117.85,119.5962,118.0468,115.6894,114.1477,112.6076,111.0695,110.3215,108.7825,106.469,104.9409,103.416,101.8944,101.1311,99.61111,98.83826,98.79516,98.0014,97.92554,97.83021,96.28881,96.16652,96.72548,96.55751,95.68129,95.47977,95.25822,95.01655,94.75467,94.4725,93.52052,91.91863
-44.71315,-45.702,-46.68738,-47.6692,-49.04614,-50.02861,-51.00727,-51.98205,-52.95286,-53.91965,-55.32853,-55.84083,-57.25683,-58.21447,-59.16769,-60.11639,-61.55295,-62.5,-63.4423,-64.8948,-65.31232,-66.76983,-67.69975,-69.7138,-73.40762,-76.05023,-80.99609,-83.74216,-84.20193,-84.05329,-84.46484,-84.85592,-85.2266,-86.19261,-86.52953,-86.21689,-86.50664,-86.77633,-87.02604,-87.91191,-88.12847,-88.99437,-90.52909,-91.38778,-92.92787,-94.47354,-94.62275,-96.16652,-98.42856,-99.98823,-100.827,-102.3895,-103.9561,-105.5266,-107.1007,-108.6782,-109.4985,-109.5444
113.5109,113.1164,113.6372,113.2221,112.7984,112.3661,111.9252,111.4759,111.018,110.5517,110.9719,110.4848,109.9893,109.4855,108.9733,108.4528,108.7945,108.2532,107.7036,107.1459,106.58,106.8541,106.2673,107.3498,110.9068,113.5781,117.0259,119.5962,118.0468,115.6894,114.1477,112.6076,111.0695,109.5335,108.7825,105.6919,104.9409,104.182,102.6548,101.1311,99.61111,98.83826,98.79516,98.73275,97.92554,97.83021,97.00206,96.16652,96.72548,96.55751,95.68129,95.47977,95.25822,95.01655,94.75467,93.81644,93.52052,91.91863
-44.71315,-45.702,-47.07006,-48.05993,-49.04614,-50.02861,-51.00727,-51.98205,-52.95286,-53.91965,-55.32853,-56.29482,-57.25683,-58.21447,-59.16769,-60.11639,-61.55295,-62.5,-63.4423,-64.37976,-65.31232,-66.76983,-67.69975,-69.7138,-73.40762,-76.60943,-80.42969,-83.74216,-84.20193,-84.05329,-84.46484,-84.85592,-85.2266,-85.57695,-86.52953,-85.58757,-86.50664,-87.41911,-87.67549,-87.91191,-88.12847,-88.99437,-90.52909,-92.06978,-92.92787,-94.47354,-95.32366,-96.16652,-98.42856,-99.98823,-100.827,-102.3895,-103.9561,-105.5266,-107.1007,-107.9235,-109.4985,-109.5444
114.4414,113.1164,112.7133,113.2221,112.7984,112.3661,111.9252,111.4759,111.018,111.4505,110.9719,110.4848,109.9893,109.4855,108.9733,108.4528,107.9241,108.2532,107.7036,107.1459,106.58,106.8541,106.2673,107.3498,110.9068,112.7491,117.85,119.5962,118.0468,115.6894,114.1477,112.6076,111.0695,110.3215,108.7825,106.469,104.9409,103.416,102.6548,101.1311,99.61111,98.83826,98.79516,98.0014,97.92554,97.83021,97.00206,96.16652,96.72548,95.86286,96.36964,95.47977,95.25822,95.01655,94.75467,93.81644,93.52052,103.4888
-45.07965,-45.702,-46.68738,-48.05993,-49.04614,-50.02861,-51.00727,-51.98205,-52.95286,-54.35802,-55.32853,-56.29482,-57.25683,-58.21447,-59.16769,-60.11639,-61.06052,-62.5,-63.4423,-64.37976,-65.31232,-66.76983,-67.69975,-69.7138,-73.40762,-76.05023,-80.99609,-83.74216,-84.20193,-84.05329,-84.46484,-84.85592,-85.2266,-86.19261,-86.52953,-86.21689,-86.50664,-86.77633,-87.67549,-87.91191,-88.12847,-88.99437,-90.52909,-91.38778,-92.92787,-94.47354,-95.32366,-96.16652,-98.42856,-99.26889,-101.5524,-102.3895,-103.9561,-105.5266,-107.1007,-107.9235,-109.4985,-123.3332
114.4414,113.1164,112.7133,112.3016,112.7984,112.3661,111.9252,111.4759,111.018,111.4505,110.9719,110.4848,109.9893,109.4855,108.9733,108.4528,107.9241,108.2532,107.7036,107.1459,107.4327,106.8541,106.2673,107.3498,110.9068,112.7491,117.0259,119.5962,118.0468,115.6894,114.1477,112.6076,111.0695,109.5335,108.7825,106.469,104.9409,103.416,101.8944,100.3764,100.3601,99.58141,98.79516,98.0014,97.92554,97.83021,96.28881,96.16652,96.72548,96.55751,95.68129,95.47977,95.25822,95.01655,94.09205,94.4725,93.52052,91.91863
-45.07965,-45.702,-46.68738,-47.6692,-49.04614,-50.02861,-51.00727,-51.98205,-52.95286,-54.35802,-55.32853,-56.29482,-57.25683,-58.21447,-59.16769,-60.11639,-61.06052,-62.5,-63.4423,-64.37976,-65.83482,-66.76983,-67.69975,-69.7138,-73.40762,-76.05023,-80.42969,-83.74216,-84.20193,-84.05329,-84.46484,-84.85592,-85.2266,-85.57695,-86.52953,-86.21689,-86.50664,-86.77633,-87.02604,-87.25585,-88.79109,-89.6635,-90.52909,-91.38778,-92.92787,-94.47354,-94.62275,-96.16652,-98.42856,-99.98823,-100.827,-102.3895,-103.9561,-105.5266,-106.3517,-108.6782,-109.4985,-109.5444
113.5109,114.0436,112.7133,113.2221,112.7984,112.3661,111.9252,111.4759,111.018,110.5517,110.9719,110.4848,109.9893,109.4855,108.9733,109.3275,107.9241,108.2532,107.7036,107.1459,106.58,106.8541,106.2673,107.3498,110.9068,111.9201,117.0259,119.5962,118.0468,115.6894,114.1477,112.6076,111.0695,110.3215,108.7825,106.469,104.9409,103.416,101.8944,101.1311,99.61111,99.58141,98.79516,98.0014,97.92554,97.83021,97.71531,96.16652,96.72548,96.55751,96.36964,95.47977,95.25822,95.01655,94.75467,94.4725,93.52052,104.1316
-44.71315,-46.07661,-46.68738,-48.05993,-49.04614,-50.02861,-51.00727,-51.98205,-52.95286,-53.91965,-55.32853,-56.29482,-57.25683,-58.21447,-59.16769,-60.6012,-61.06052,-62.5,-63.4423,-64.37976,-65.31232,-66.76983,-67.69975,-69.7138,-73.40762,-75.49104,-80.42969,-83.74216,-84.20193,-84.05329,-84.46484,-84.85592,-85.2266,-86.19261,-86.52953,-86.21689,-86.50664,-86.77633,-87.02604,-87.91191,-88.12847,-89.6635,-90.52909,-91.38778,-92.92787,-94.47354,-96.02457,-96.16652,-98.42856,-99.98823,-101.5524,-102.3895,-103.9561,-105.5266,-107.1007,-108.6782,-109.4985,-124.0992
114.4414,114.0436,112.7133,112.3016,112.7984,112.3661,111.9252,111.4759,111.018,110.5517,110.9719,110.4848,109.9893,109.4855,108.9733,108.4528,108.7945,108.2532,107.7036,107.1459,106.58,106.8541,106.2673,107.3498,110.0729,112.7491,117.85,119.5962,118.0468,115.6894,114.1477,112.6076,111.0695,109.5335,107.9999,106.469,104.9409,103.416,101.8944,101.1311,99.61111,98.83826,98.79516,98.0014,97.92554,97.83021,96.28881,96.16652,96.72548,96.55751,95.68129,95.47977,95.25822,95.01655,94.75467,93.81644,93.52052,91.91863
-45.07965,-46.07661,-46.68738,-47.6692,-49.04614,-50.02861,-51.00727,-51.98205,-52.95286,-53.91965,-55.32853,-56.29482,-57.25683,-58.21447,-59.16769,-60.11639,-61.55295,-62.5,-63.4423,-64.37976,-65.31232,-66.76983,-67.69975,-69.7138,-72.85568,-76.05023,-80.99609,-83.74216,-84.20193,-84.05329,-84.46484,-84.85592,-85.2266,-85.57695,-85.90702,-86.21689,-86.50664,-86.77633,-87.02604,-87.91191,-88.12847,-88.99437,-90.52909,-91.38778,-92.92787,-94.47354,-94.62275,-96.16652,-98.42856,-99.98823,-100.827,-102.3895,-103.9561,-105.5266,-107.1007,-107.9235,-109.4985,-109.5444
114.4414,113.1164,113.6372,113.2221,112.7984,112.3661,111.9252,111.4759,111.018,110.5517,110.9719,110.4848,109.9893,109.4855,108.9733,108.4528,108.7945,108.2532,107.7036,108.0031,107.4327,106.8541,106.2673,107.3498,110.0729,112.7491,117.0259,119.5962,118.8609,115.6894,114.1477,112.6076,111.0695,109.5335,108.7825,106.469,104.9409,104.182,102.6548,100.3764,99.61111,98.83826,98.79516,98.0014,97.92554,97.11087,96.28881,96.16652,96.72548,96.55751,96.36964,95.47977,95.25822,95.01655,94.75467,93.81644,93.52052,91.91863
-45.07965,-45.702,-47.07006,-48.05993,-49.04614,-50.02861,-51.00727,-51.98205,-52.95286,-53.91965,-55.32853,-56.29482,-57.25683,-58.21447,-59.16769,-60.11639,-61.55295,-62.5,-63.4423,-64.8948,-65.83482,-66.76983,-67.69975,-69.7138,-72.85568,-76.05023,-80.42969,-83.74216,-84.78263,-84.05329,-84.46484,-84.85592,-85.2266,-85.57695,-86.52953,-86.21689,-86.50664,-87.41911,-87.67549,-87.25585,-88.12847,-88.99437,-90.52909,-91.38778,-92.92787,-93.77888,-94.62275,-96.16652,-98.42856,-99.98823,-101.5524,-102.3895,-103.9561,-105.5266,-107.1007,-107.9235,-109.4985,-109.5444
114.4414,114.0436,112.7133,113.2221,112.7984,112.3661,111.9252,111.4759,111.018,110.5517,110.0769,110.4848,109.9893,109.4855,108.9733,109.3275,108.7945,108.2532,107.7036,107.1459,106.58,106.8541,106.2673,107.3498,110.9068,112.7491,117.85,119.5962,118.0468,115.6894,114.1477,112.6076,111.0695,109.5335,108.7825,106.469,104.9409,104.182,102.6548,101.1311,99.61111,98.83826,98.79516,98.73275,97.92554,97.83021,96.28881,96.16652,96.72548,96.55751,95.68129,95.47977,95.25822,95.01655,94.75467,93.81644,93.52052,103.4888
-45.07965,-46.07661,-46.68738,-48.05993,-49.04614,-50.02861,-51.00727,-51.98205,-52.95286,-53.91965,-54.88233,-56.29482,-57.25683,-58.21447,-59.16769,-60.6012,-61.55295,-62.5,-63.4423,-64.37976,-65.31232,-66.76983,-67.69975,-69.7138,-73.40762,-76.05023,-80.99609,-83.74216,-84.20193,-84.05329,-84.46484,-84.85592,-85.2266,-85.57695,-86.52953,-86.21689,-86.50664,-87.41911,-87.67549,-87.91191,-88.12847,-88.99437,-90.52909,-92.06978,-92.92787,-94.47354,-94.62275,-96.16652,-98.42856,-99.98823,-100.827,-102.3895,-103.9561,-105.5266,-107.1007,-107.9235,-109.4985,-123.3332
112.5805,114.0436,113.6372,113.2221,112.7984,112.3661,111.9252,111.4759,111.018,110.5517,110.9719,110.4848,109.9893,109.4855,108.9733,108.4528,108.7945,108.2532,107.7036,107.1459,106.58,106.8541,106.2673,107.3498,110.0729,112.7491,117.0259,119.5962,118.0468,116.4984,114.9515,112.6076,111.0695,109.5335,108.7825,106.469,104.9409,103.416,101.8944,100.3764,99.61111,98.83826,98.79516,98.0014,97.92554,97.83021,97.00206,96.16652,96.72548,95.86286,95.68129,95.47977,95.25822,95.01655,94.75467,93.81644,94.16997,91.91863
-44.34665,-46.07661,-47.07006,-48.05993,-49.04614,-50.02861,-51.00727,-51.98205,-52.95286,-53.91965,-55.32853,-56.29482,-57.25683,-58.21447,-59.16769,-60.11639,-61.55295,-62.5,-63.4423,-64.37976,-65.31232,-66.76983,-67.69975,-69.7138,-72.85568,-76.05023,-80.42969,-83.74216,-84.20193,-84.64108,-85.05966,-84.85592,-85.2266,-85.57695,-86.52953,-86.21689,-86.50664,-86.77633,-87.02604,-87.25585,-88.12847,-88.99437,-90.52909,-91.38778,-92.92787,-94.47354,-95.32366,-96.16652,-98.42856,-99.26889,-100.827,-102.3895,-103.9561,-105.5266,-107.1007,-107.9235,-110.2589,-109.5444
114.4414,113.1164,113.6372,113.2221,111.8813,112.3661,111.9252,111.4759,111.018,110.5517,110.9719,109.5938,109.9893,109.4855,108.9733,108.4528,107.9241,108.2532,107.7036,107.1459,106.58,106.8541,106.2673,106.5112,110.9068,113.5781,117.0259,119.5962,118.0468,116.4984,114.1477,112.6076,111.0695,109.5335,107.9999,106.469,104.9409,103.416,101.8944,100.3764,99.61111,98.83826,98.79516,98.0014,98.65091,97.83021,97.00206,96.16652,96.72548,96.55751,96.36964,95.47977,95.25822,95.01655,94.75467,94.4725,93.52052,91.91863
-45.07965,-45.702,-47.07006,-48.05993,-48.64739,-50.02861,-51.00727,-51.98205,-52.95286,-53.91965,-55.32853,-55.84083,-57.25683,-58.21447,-59.16769,-60.11639,-61.06052,-62.5,-63.4423,-64.37976,-65.31232,-66.76983,-67.69975,-69.16916,-73.40762,-76.60943,-80.42969,-83.74216,-84.20193,-84.64108,-84.46484,-84.85592,-85.2266,-85.57695,-85.90702,-86.21689,-86.50664,-86.77633,-87.02604,-87.25585,-88.12847,-88.99437,-90.52909,-91.38778,-93.61622,-94.47354,-95.32366,-96.16652,-98.42856,-99.98823,-101.5524,-102.3895,-103.9561,-105.5266,-107.1007,-108.6782,-109.4985,-109.5444
114.4414,114.0436,113.6372,112.3016,112.7984,112.3661,111.9252,111.4759,111.018,110.5517,110.9719,110.4848,109.9893,109.4855,108.9733,108.4528,108.7945,108.2532,107.7036,107.1459,106.58,106.8541,106.2673,106.5112,110.0729,112.7491,117.0259,119.5962,118.0468,115.6894,114.1477,112.6076,111.0695,109.5335,108.7825,106.469,104.9409,103.416,101.8944,101.1311,99.61111,98.83826,98.79516,98.0014,97.92554,97.83021,97.00206,96.16652,96.72548,95.86286,96.36964,95.47977,95.25822,95.01655,94.75467,93.81644,93.52052,103.4888
-45.07965,-46.07661,-47.07006,-47.6692,-49.04614,-50.02861,-51.00727,-51.98205,-52.95286,-53.91965,-55.32853,-56.29482,-57.25683,-58.21447,-59.16769,-60.11639,-61.55295,-62.5,-63.4423,-64.37976,-65.31232,-66.76983,-67.69975,-69.16916,-72.85568,-76.05023,-80.42969,-83.74216,-84.20193,-84.05329,-84.46484,-84.85592,-85.2266,-85.57695,-86.52953,-86.21689,-86.50664,-86.77633,-87.02604,-87.91191,-88.12847,-88.99437,-90.52909,-91.38778,-92.92787,-94.47354,-95.32366,-96.16652,-98.42856,-99.26889,-101.5524,-102.3895,-103.9561,-105.5266,-107.1007,-107.9235,-109.4985,-123.3332
114.4414,113.1164,112.7133,112.3016,112.7984,112.3661,111.9252,111.4759,111.018,110.5517,110.0769,110.4848,109.9893,109.4855,108.9733,108.4528,108.7945,108.2532,107.7036,107.1459,107.4327,106.8541,106.2673,107.3498,110.0729,112.7491,117.0259,118.777,118.0468,116.4984,114.1477,112.6076,111.8628,109.5335,107.9999,106.469,105.7126,103.416,101.8944,100.3764,99.61111,98.83826,98.79516,98.0014,97.92554,97.83021,97.00206,96.16652,96.72548,95.86286,95.68129,95.47977,95.25822,95.01655,94.09205,93.81644,93.52052,104.1316
-45.07965,-45.702,-46.68738,-47.6692,-49.04614,-50.02861,-51.00727,-51.98205,-52.95286,-53.91965,-54.88233,-56.29482,-57.25683,-58.21447,-59.16769,-60.11639,-61.55295,-62.5,-63.4423,-64.37976,-65.83482,-66.76983,-67.69975,-69.7138,-72.85568,-76.05023,-80.42969,-83.16858,-84.20193,-84.64108,-84.46484,-84.85592,-85.83536,-85.57695,-85.90702,-86.21689,-87.14272,-86.77633,-87.02604,-87.25585,-88.12847,-88.99437,-90.52909,-91.38778,-92.92787,-94.47354,-95.32366,-96.16652,-98.42856,-99.26889,-100.827,-102.3895,-103.9561,-105.5266,-106.3517,-107.9235,-109.4985,-124.0992
113.5109,113.1164,113.6372,113.2221,112.7984,112.3661,111.9252,111.4759,111.018,111.4505,110.0769,110.4848,109.9893,109.4855,108.9733,108.4528,108.7945,108.2532,107.7036,107.1459,106.58,106.8541,106.2673,107.3498,110.0729,112.7491,117.0259,119.5962,118.0468,116.4984,114.1477,112.6076,111.0695,109.5335,108.7825,106.469,104.9409,103.416,101.8944,101.1311,99.61111,98.83826,98.79516,98.0014,97.92554,96.39153,96.28881,96.16652,96.72548,95.86286,95.68129,95.47977,95.25822,95.01655,94.75467,94.4725,93.52052,104.1316
-44.71315,-45.702,-47.07006,-48.05993,-49.04614,-50.02861,-51.00727,-51.98205,-52.95286,-54.35802,-54.88233,-56.29482,-57.25683,-58.21447,-59.16769,-60.11639,-61.55295,-62.5,-63.4423,-64.37976,-65.31232,-66.76983,-67.69975,-69.7138,-72.85568,-76.05023,-80.42969,-83.74216,-84.20193,-84.64108,-84.46484,-84.85592,-85.2266,-85.57695,-86.52953,-86.21689,-86.50664,-86.77633,-87.02604,-87.91191,-88.12847,-88.99437,-90.52909,-91.38778,-92.92787,-93.08422,-94.62275,-96.16652,-98.42856,-99.26889,-100.827,-102.3895,-103.9561,-105.5266,-107.1007,-108.6782,-109.4985,-124.0992
114.4414,114.0436,113.6372,114.1426,112.7984,112.3661,111.9252,111.4759,111.018,110.5517,110.0769,110.4848,109.9893,109.4855,108.9733,108.4528,107.9241,107.3872,107.7036,107.1459,106.58,106.8541,106.2673,107.3498,110.9068,111.9201,116.2018,119.5962,118.0468,115.6894,114.9515,112.6076,111.0695,109.5335,108.7825,106.469,104.9409,103.416,101.8944,101.1311,99.61111,98.83826,98.79516,98.0014,97.92554,97.83021,96.28881,96.16652,96.72548,96.55751,95.68129,95.47977,95.25822,95.01655,94.75467,93.81644,93.52052,92.56142
-45.07965,-46.07661,-47.07006,-48.45066,-49.04614,-50.02861,-51.00727,-51.98205,-52.95286,-53.91965,-54.88233,-56.29482,-57.25683,-58.21447,-59.16769,-60.11639,-61.06052,-62,-63.4423,-64.37976,-65.31232,-66.76983,-67.69975,-69.7138,-73.40762,-75.49104,-79.86328,-83.74216,-84.20193,-84.05329,-85.05966,-84.85592,-85.2266,-85.57695,-86.52953,-86.21689,-86.50664,-86.77633,-87.02604,-87.91191,-88.12847,-88.99437,-90.52909,-91.38778,-92.92787,-94.47354,-94.62275,-96.16652,-98.42856,-99.98823,-100.827,-102.3895,-103.9561,-105.5266,-107.1007,-107.9235,-109.4985,-110.3104
113.5109,113.1164,113.6372,113.2221,112.7984,112.3661,111.9252,111.4759,111.9206,110.5517,110.0769,110.4848,109.9893,109.4855,108.9733,109.3275,108.7945,108.2532,107.7036,107.1459,106.58,106.8541,106.2673,107.3498,110.9068,113.5781,117.85,118.777,118.0468,116.4984,114.1477,112.6076,111.0695,109.5335,108.7825,106.469,104.9409,103.416,101.8944,100.3764,100.3601,98.83826,98.79516,98.0014,97.92554,97.83021,97.00206,96.16652,96.72548,96.55751,95.68129,95.47977,95.25822,95.01655,94.75467,94.4725,93.52052,91.91863
-44.71315,-45.702,-47.07006,-48.05993,-49.04614,-50.02861,-51.00727,-51.98205,-53.38338,-53.91965,-54.88233,-56.29482,-57.25683,-58.21447,-59.16769,-60.6012,-61.55295,-62.5,-63.4423,-64.37976,-65.31232,-66.76983,-67.69975,-69.7138,-73.40762,-76.60943,-80.99609,-83.16858,-84.20193,-84.64108,-84.46484,-84.85592,-85.2266,-85.57695,-86.52953,-86.21689,-86.50664,-86.77633,-87.02604,-87.25585,-88.79109,-88.99437,-90.52909,-91.38778,-92.92787,-94.47354,-95.32366,-96.16652,-98.42856,-99.98823,-100.827,-102.3895,-103.9561,-105.5266,-107.1007,-108.6782,-109.4985,-109.5444
114.4414,114.0436,113.6372,113.2221,112.7984,112.3661,111.9252,111.4759,111.018,110.5517,110.9719,110.4848,109.9893,109.4855,109.8521,108.4528,108.7945,108.2532,107.7036,107.1459,106.58,106.8541,106.2673,107.3498,110.9068,112.7491,117.85,119.5962,118.0468,116.4984,114.1477,112.6076,111.0695,109.5335,107.9999,106.469,104.1693,103.416,101.8944,100.3764,99.61111,98.83826,98.79516,98.0014,97.92554,97.11087,96.28881,96.16652,96.72548,96.55751,95.68129,95.47977,95.25822,95.01655,94.75467,94.4725,93.52052,91.91863
-45.07965,-46.07661,-47.07006,-48.05993,-49.04614,-50.02861,-51.00727,-51.98205,-52.95286,-53.91965,-55.32853,-56.29482,-57.25683,-58.21447,-59.64485,-60.11639,-61.55295,-62.5,-63.4423,-64.37976,-65.31232,-66.76983,-67.69975,-69.7138,-73.40762,-76.05023,-80.99609,-83.74216,-84.20193,-84.64108,-84.46484,-84.85592,-85.2266,-85.57695,-85.90702,-86.21689,-85.87056,-86.77633,-87.02604,-87.25585,-88.12847,-88.99437,-90.52909,-91.38778,-92.92787,-93.77888,-94.62275,-96.16652,-98.42856,-99.98823,-100.827,-102.3895,-103.9561,-105.5266,-107.1007,-108.6782,-109.4985,-109.5444
114.4414,114.0436,113.6372,113.2221,112.7984,112.3661,111.9252,111.4759,111.9206,111.4505,110.0769,110.4848,109.9893,109.4855,108.9733,108.4528,108.7945,108.2532,107.7036,107.1459,107.4327,106.8541,106.2673,107.3498,110.0729,113.5781,117.85,119.5962,118.0468,116.4984,114.1477,112.6076,111.0695,109.5335,108.7825,106.469,105.7126,103.416,102.6548,101.1311,99.61111,98.83826,98.79516,98.73275,97.92554,97.11087,97.00206,97.58074,96.72548,96.55751,95.68129,96.16177,95.25822,95.01655,94.75467,94.4725,93.52052,104.1316
-45.07965,-46.07661,-47.07006,-48.05993,-49.04614,-50.02861,-51.00727,-51.98205,-53.38338,-54.35802,-54.88233,-56.29482,-57.25683,-58.21447,-59.16769,-60.11639,-61.55295,-62.5,-63.4423,-64.37976,-65.83482,-66.76983,-67.69975,-69.7138,-72.85568,-76.60943,-80.99609,-83.74216,-84.20193,-84.64108,-84.46484,-84.85592,-85.2266,-85.57695,-86.52953,-86.21689,-87.14272,-86.77633,-87.67549,-87.91191,-88.12847,-88.99437,-90.52909,-92.06978,-92.92787,-93.77888,-95.32366,-97.58074,-98.42856,-99.98823,-100.827,-103.1209,-103.9561,-105.5266,-107.1007,-108.6782,-109.4985,-124.0992
113.5109,114.0436,112.7133,113.2221,111.8813,112.3661,111.9252,111.4759,111.018,111.4505,110.9719,110.4848,109.9893,109.4855,108.9733,108.4528,107.9241,108.2532,107.7036,107.1459,106.58,106.8541,105.4239,107.3498,110.0729,113.5781,117.0259,119.5962,118.8609,116.4984,114.9515,112.6076,111.8628,110.3215,108.7825,108.0233,104.9409,104.182,101.8944,100.3764,99.61111,99.58141,98.79516,98.73275,97.92554,97.83021,97.00206,96.16652,95.32366,96.55751,95.68129,95.47977,95.25822,95.01655,94.75467,93.81644,93.52052,91.91863
-44.71315,-46.07661,-46.68738,-48.05993,-48.64739,-50.02861,-51.00727,-51.98205,-52.95286,-54.35802,-55.32853,-56.29482,-57.25683,-58.21447,-59.16769,-60.11639,-61.06052,-62.5,-63.4423,-64.37976,-65.31232,-66.76983,-67.16245,-69.7138,-72.85568,-76.60943,-80.42969,-83.74216,-84.78263,-84.64108,-85.05966,-84.85592,-85.83536,-86.19261,-86.52953,-87.47553,-86.50664,-87.41911,-87.02604,-87.25585,-88.12847,-89.6635,-90.52909,-92.06978,-92.92787,-94.47354,-95.32366,-96.16652,-97.00206,-99.98823,-100.827,-102.3895,-103.9561,-105.5266,-107.1007,-107.9235,-109.4985,-109.5444
114.4414,114.0436,113.6372,113.2221,112.7984,112.3661,111.9252,111.4759,111.018,110.5517,110.0769,110.4848,109.1023,109.4855,108.9733,108.4528,108.7945,108.2532,107.7036,107.1459,107.4327,106.8541,106.2673,107.3498,110.9068,112.7491,117.0259,119.5962,118.0468,115.6894,114.1477,112.6076,111.0695,109.5335,108.7825,106.469,104.9409,104.182,101.8944,101.1311,99.61111,98.83826,98.79516,98.73275,97.92554,97.83021,97.00206,96.16652,96.72548,95.86286,95.68129,95.47977,95.25822,95.01655,94.75467,94.4725,93.52052,104.1316
-45.07965,-46.07661,-47.07006,-48.05993,-49.04614,-50.02861,-51.00727,-51.98205,-52.95286,-53.91965,-54.88233,-56.29482,-56.79508,-58.21447,-59.16769,-60.11639,-61.55295,-62.5,-63.4423,-64.37976,-65.83482,-66.76983,-67.69975,-69.7138,-73.40762,-76.05023,-80.42969,-83.74216,-84.20193,-84.05329,-84.46484,-84.85592,-85.2266,-85.57695,-86.52953,-86.21689,-86.50664,-87.41911,-87.02604,-87.91191,-88.12847,-88.99437,-90.52909,-92.06978,-92.92787,-94.47354,-95.32366,-96.16652,-98.42856,-99.26889,-100.827,-102.3895,-103.9561,-105.5266,-107.1007,-108.6782,-109.4985,-124.0992
114.4414,114.0436,113.6372,113.2221,112.7984,112.3661,111.9252,111.4759,111.018,110.5517,110.9719,110.4848,109.9893,109.4855,108.9733,108.4528,108.7945,108.2532,107.7036,107.1459,107.4327,106.8541,106.2673,107.3498,110.9068,112.7491,117.0259,119.5962,118.8609,116.4984,114.9515,112.6076,111.0695,110.3215,108.7825,106.469,104.9409,103.416,101.8944,101.1311,99.61111,98.83826,98.79516,98.73275,97.92554,97.83021,97.71531,96.16652,96.72548,96.55751,95.68129,95.47977,95.25822,94.34742,94.75467,93.81644,94.16997,91.91863
-45.07965,-46.07661,-47.07006,-48.05993,-49.04614,-50.02861,-51.00727,-51.98205,-52.95286,-53.91965,-55.32853,-56.29482,-57.25683,-58.21447,-59.16769,-60.11639,-61.55295,-62.5,-63.4423,-64.37976,-65.83482,-66.76983,-67.69975,-69.7138,-73.40762,-76.05023,-80.42969,-83.74216,-84.78263,-84.64108,-85.05966,-84.85592,-85.2266,-86.19261,-86.52953,-86.21689,-86.50664,-86.77633,-87.02604,-87.91191,-88.12847,-88.99437,-90.52909,-92.06978,-92.92787,-94.47354,-96.02457,-96.16652,-98.42856,-99.98823,-100.827,-102.3895,-103.9561,-104.7834,-107.1007,-107.9235,-110.2589,-109.5444
114.4414,113.1164,113.6372,113.2221,111.8813,112.3661,111.9252,111.4759,111.018,110.5517,110.0769,110.4848,109.9893,109.4855,108.9733,108.4528,107.9241,108.2532,107.7036,107.1459,107.4327,106.8541,105.4239,107.3498,110.9068,112.7491,117.0259,119.5962,118.0468,115.6894,114.1477,112.6076,111.0695,110.3215,108.7825,106.469,104.9409,104.182,102.6548,101.1311,99.61111,98.83826,98.79516,98.0014,97.92554,97.11087,97.71531,96.16652,96.72548,96.55751,95.68129,95.47977,95.25822,95.01655,94.75467,94.4725,93.52052,91.91863
-45.07965,-45.702,-47.07006,-48.05993,-48.64739,-50.02861,-51.00727,-51.98205,-52.95286,-53.91965,-54.88233,-56.29482,-57.25683,-58.21447,-59.16769,-60.11639,-61.06052,-62.5,-63.4423,-64.37976,-65.83482,-66.76983,-67.16245,-69.7138,-73.40762,-76.05023,-80.42969,-83.74216,-84.20193,-84.05329,-84.46484,-84.85592,-85.2266,-86.19261,-86.52953,-86.21689,-86.50664,-87.41911,-87.67549,-87.91191,-88.12847,-88.99437,-90.52909,-91.38778,-92.92787,-93.77888,-96.02457,-96.16652,-98.42856,-99.98823,-100.827,-102.3895,-103.9561,-105.5266,-107.1007,-108.6782,-109.4985,-109.5444
114.4414,113.1164,113.6372,113.2221,112.7984,112.3661,111.9252,111.4759,111.018,110.5517,110.9719,110.4848,109.9893,109.4855,108.9733,108.4528,107.9241,108.2532,107.7036,107.1459,106.58,106.8541,106.2673,106.5112,110.9068,111.9201,117.0259,119.5962,118.0468,115.6894,114.1477,113.4062,111.8628,109.5335,108.7825,106.469,104.9409,103.416,101.8944,100.3764,99.61111,98.83826,98.79516,98.0014,97.92554,97.83021,96.28881,96.16652,96.72548,96.55751,95.68129,95.47977,95.25822,95.01655,94.75467,94.4725,93.52052,91.91863
-45.07965,-45.702,-47.07006,-48.05993,-49.04614,-50.02861,-51.00727,-51.98205,-52.95286,-53.91965,-55.32853,-56.29482,-57.25683,-58.21447,-59.16769,-60.11639,-61.06052,-62.5,-63.4423,-64.37976,-65.31232,-66.76983,-67.69975,-69.16916,-73.40762,-75.49104,-80.42969,-83.74216,-84.20193,-84.05329,-84.46484,-85.45773,-85.83536,-85.57695,-86.52953,-86.21689,-86.50664,-86.77633,-87.02604,-87.25585,-88.12847,-88.99437,-90.52909,-91.38778,-92.92787,-94.47354,-94.62275,-96.16652,-98.42856,-99.98823,-100.827,-102.3895,-103.9561,-105.5266,-107.1007,-108.6782,-109.4985,-109.5444
112.5805,113.1164,113.6372,113.2221,112.7984,112.3661,111.9252,111.4759,111.018,110.5517,110.9719,110.4848,109.9893,109.4855,108.9733,108.4528,107.9241,108.2532,107.7036,107.1459,107.4327,106.8541,106.2673,107.3498,110.0729,112.7491,117.0259,119.5962,118.0468,116.4984,114.1477,112.6076,111.0695,109.5335,108.7825,106.469,104.9409,103.416,101.8944,101.1311,99.61111,98.83826,98.79516,98.0014,97.92554,97.83021,97.00206,96.16652,96.72548,96.55751,96.36964,95.47977,95.25822,95.01655,94.75467,94.4725,93.52052,104.1316
-44.34665,-45.702,-47.07006,-48.05993,-49.04614,-50.02861,-51.00727,-51.98205,-52.95286,-53.91965,-55.32853,-56.29482,-57.25683,-58.21447,-59.16769,-60.11639,-61.06052,-62.5,-63.4423,-64.37976,-65.83482,-66.76983,-67.69975,-69.7138,-72.85568,-76.05023,-80.42969,-83.74216,-84.20193,-84.64108,-84.46484,-84.85592,-85.2266,-85.57695,-86.52953,-86.21689,-86.50664,-86.77633,-87.02604,-87.91191,-88.12847,-88.99437,-90.52909,-91.38778,-92.92787,-94.47354,-95.32366,-96.16652,-98.42856,-99.98823,-101.5524,-102.3895,-103.9561,-105.5266,-107.1007,-108.6782,-109.4985,-124.0992
114.4414,113.1164,113.6372,112.3016,112.7984,112.3661,111.9252,111.4759,111.018,110.5517,110.0769,110.4848,109.9893,109.4855,108.9733,109.3275,108.7945,108.2532,107.7036,107.1459,107.4327,106.8541,106.2673,107.3498,110.0729,112.7491,117.0259,119.5962,118.0468,116.4984,114.1477,112.6076,111.0695,109.5335,108.7825,106.469,104.9409,104.182,101.8944,100.3764,99.61111,99.58141,98.79516,98.73275,97.92554,97.83021,97.71531,96.16652,96.72548,96.55751,96.36964,95.47977,95.25822,95.01655,94.75467,94.4725,93.52052,104.1316
-45.07965,-45.702,-47.07006,-47.6692,-49.04614,-50.02861,-51.00727,-51.98205,-52.95286,-53.91965,-54.88233,-56.29482,-57.25683,-58.21447,-59.16769,-60.6012,-61.55295,-62.5,-63.4423,-64.37976,-65.83482,-66.76983,-67.69975,-69.7138,-72.85568,-76.05023,-80.42969,-83.74216,-84.20193,-84.64108,-84.46484,-84.85592,-85.2266,-85.57695,-86.52953,-86.21689,-86.50664,-87.41911,-87.02604,-87.25585,-88.12847,-89.6635,-90.52909,-92.06978,-92.92787,-94.47354,-96.02457,-96.16652,-98.42856,-99.98823,-101.5524,-102.3895,-103.9561,-105.5266,-107.1007,-108.6782,-109.4985,-124.0992
111.6501,113.1164,113.6372,112.3016,112.7984,112.3661,111.9252,111.4759,111.018,111.4505,110.9719,110.4848,109.9893,109.4855,108.9733,108.4528,108.7945,108.2532,107.7036,107.1459,106.58,106.8541,106.2673,106.5112,110.9068,112.7491,117.0259,119.5962,118.8609,115.6894,114.1477,112.6076,111.0695,109.5335,108.7825,106.469,104.9409,103.416,102.6548,101.1311,99.61111,98.83826,98.79516,98.73275,97.92554,97.83021,97.00206,96.16652,96.72548,96.55751,96.36964,95.47977,95.25822,95.01655,94.75467,93.81644,93.52052,91.91863
-43.98015,-45.702,-47.07006,-47.6692,-49.04614,-50.02861,-51.00727,-51.98205,-52.95286,-54.35802,-55.32853,-56.29482,-57.25683,-58.21447,-59.16769,-60.11639,-61.55295,-62.5,-63.4423,-64.37976,-65.31232,-66.76983,-67.69975,-69.16916,-73.40762,-76.05023,-80.42969,-83.74216,-84.78263,-84.05329,-84.46484,-84.85592,-85.2266,-85.57695,-86.52953,-86.21689,-86.50664,-86.77633,-87.67549,-87.91191,-88.12847,-88.99437,-90.52909,-92.06978,-92.92787,-94.47354,-95.32366,-96.16652,-98.42856,-99.98823,-101.5524,-102.3895,-103.9561,-105.5266,-107.1007,-107.9235,-109.4985,-109.5444
