244.2869,243.6059,243.8954,244.1664,243.4251,243.6579,243.8721,244.0677,243.2478,243.4056,243.5449,244.6642,245.7659,248.8483,251.9136,256.9609,260.9901,261,256.9902,251.9616,249.9143,246.8495,244.7668,243.6656,244.543,244.4032,245.2417,245.0639,244.8675,245.6469,245.4122,246.1514,245.8783,244.5962
36.50892,34.23658,32.10944,29.97986,27.73479,25.60947,23.48221,21.35316,19.14402,17.02058,14.89584,12.82231,10.73037,8.689975,6.596591,4.485268,2.277626,0,-2.24272,-4.398006,-6.544237,-8.620176,-10.68675,-12.76997,-14.95689,-17.09034,-19.30094,-21.44031,-23.57806,-25.81853,-27.96119,-30.2236,-32.3705,-34.37576
244.2869,244.5962,243.8954,244.1664,244.4187,243.6579,243.8721,244.0677,243.2478,243.4056,244.543,243.6656,245.7659,248.8483,251.9136,256.9609,259.9901,261,257.9902,251.9616,249.9143,246.8495,244.7668,244.6642,244.543,245.4008,245.2417,245.0639,245.8629,245.6469,245.4122,245.1589,246.8698,244.5962
36.50892,34.37576,32.10944,29.97986,27.84799,25.60947,23.48221,21.35316,19.14402,17.02058,14.95689,12.76997,10.73037,8.689975,6.596591,4.485268,2.268899,0,-2.251446,-4.398006,-6.544237,-8.620176,-10.68675,-12.82231,-14.95689,-17.16009,-19.30094,-21.44031,-23.6739,-25.81853,-27.96119,-30.10173,-32.50102,-34.37576
244.2869,243.6059,243.8954,244.1664,244.4187,243.6579,243.8721,244.0677,243.2478,243.4056,243.5449,243.6656,245.7659,248.8483,251.9136,256.9609,259.9901,261,257.9902,251.9616,249.9143,246.8495,244.7668,244.6642,243.5449,244.4032,245.2417,245.0639,245.8629,245.6469,245.4122,246.1514,245.8783,244.5962
36.50892,34.23658,32.10944,29.97986,27.84799,25.60947,23.48221,21.35316,19.14402,17.02058,14.89584,12.76997,10.73037,8.689975,6.596591,4.485268,2.268899,0,-2.251446,-4.398006,-6.544237,-8.620176,-10.68675,-12.82231,-14.89584,-17.09034,-19.30094,-21.44031,-23.6739,-25.81853,-27.96119,-30.2236,-32.3705,-34.37576
243.2979,243.6059,243.8954,244.1664,243.4251,243.6579,243.8721,243.0715,243.2478,243.4056,243.5449,243.6656,245.7659,248.8483,251.9136,256.9609,259.9901,261,257.9902,252.9615,249.9143,246.8495,244.7668,243.6656,243.5449,244.4032,244.2447,245.0639,244.8675,244.6524,245.4122,245.1589,245.8783,244.5962
36.36112,34.23658,32.10944,29.97986,27.73479,25.60947,23.48221,21.266,19.14402,17.02058,14.89584,12.76997,10.73037,8.689975,6.596591,4.485268,2.268899,0,-2.251446,-4.415459,-6.544237,-8.620176,-10.68675,-12.76997,-14.89584,-17.09034,-19.22248,-21.44031,-23.57806,-25.714,-27.96119,-30.10173,-32.3705,-34.37576
244.2869,243.6059,243.8954,243.1738,243.4251,243.6579,243.8721,243.0715,243.2478,243.4056,243.5449,244.6642,245.7659,247.8489,252.9133,256.9609,259.9901,261,256.9902,252.9615,249.9143,246.8495,244.7668,243.6656,244.543,244.4032,244.2447,245.0639,244.8675,245.6469,245.4122,246.1514,245.8783,244.5962
36.50892,34.23658,32.10944,29.85799,27.73479,25.60947,23.48221,21.266,19.14402,17.02058,14.89584,12.82231,10.73037,8.655075,6.622768,4.485268,2.268899,0,-2.24272,-4.415459,-6.544237,-8.620176,-10.68675,-12.76997,-14.95689,-17.09034,-19.22248,-21.44031,-23.57806,-25.81853,-27.96119,-30.2236,-32.3705,-34.37576
244.2869,243.6059,243.8954,243.1738,243.4251,243.6579,242.8767,244.0677,243.2478,243.4056,243.5449,243.6656,245.7659,247.8489,251.9136,256.9609,259.9901,261,256.9902,252.9615,249.9143,246.8495,244.7668,244.6642,244.543,244.4032,244.2447,245.0639,244.8675,244.6524,245.4122,245.1589,245.8783,244.5962
36.50892,34.23658,32.10944,29.85799,27.73479,25.60947,23.38636,21.35316,19.14402,17.02058,14.89584,12.76997,10.73037,8.655075,6.596591,4.485268,2.268899,0,-2.24272,-4.415459,-6.544237,-8.620176,-10.68675,-12.82231,-14.95689,-17.09034,-19.22248,-21.44031,-23.57806,-25.714,-27.96119,-30.10173,-32.3705,-34.37576
244.2869,243.6059,243.8954,243.1738,243.4251,243.6579,243.8721,244.0677,243.2478,243.4056,243.5449,243.6656,245.7659,248.8483,251.9136,256.9609,259.9901,261,257.9902,251.9616,249.9143,246.8495,245.7659,243.6656,244.543,244.4032,245.2417,245.0639,244.8675,245.6469,245.4122,245.1589,245.8783,244.5962
36.50892,34.23658,32.10944,29.85799,27.73479,25.60947,23.48221,21.35316,19.14402,17.02058,14.89584,12.76997,10.73037,8.689975,6.596591,4.485268,2.268899,0,-2.251446,-4.398006,-6.544237,-8.620176,-10.73037,-12.76997,-14.95689,-17.09034,-19.30094,-21.44031,-23.57806,-25.81853,-27.96119,-30.10173,-32.3705,-34.37576
244.2869,243.6059,243.8954,243.1738,243.4251,243.6579,243.8721,244.0677,243.2478,243.4056,243.5449,243.6656,245.7659,248.8483,251.9136,256.9609,259.9901,261,256.9902,251.9616,249.9143,246.8495,244.7668,243.6656,244.543,244.4032,244.2447,245.0639,244.8675,244.6524,245.4122,246.1514,245.8783,244.5962
36.50892,34.23658,32.10944,29.85799,27.73479,25.60947,23.48221,21.35316,19.14402,17.02058,14.89584,12.76997,10.73037,8.689975,6.596591,4.485268,2.268899,0,-2.24272,-4.398006,-6.544237,-8.620176,-10.68675,-12.76997,-14.95689,-17.09034,-19.22248,-21.44031,-23.57806,-25.714,-27.96119,-30.2236,-32.3705,-34.37576
244.2869,243.6059,243.8954,243.1738,243.4251,243.6579,243.8721,244.0677,243.2478,243.4056,243.5449,244.6642,245.7659,247.8489,251.9136,256.9609,259.9901,261,256.9902,252.9615,249.9143,246.8495,245.7659,243.6656,244.543,244.4032,244.2447,245.0639,244.8675,245.6469,245.4122,246.1514,245.8783,244.5962
36.50892,34.23658,32.10944,29.85799,27.73479,25.60947,23.48221,21.35316,19.14402,17.02058,14.89584,12.82231,10.73037,8.655075,6.596591,4.485268,2.268899,0,-2.24272,-4.415459,-6.544237,-8.620176,-10.73037,-12.76997,-14.95689,-17.09034,-19.22248,-21.44031,-23.57806,-25.81853,-27.96119,-30.2236,-32.3705,-34.37576
243.2979,243.6059,243.8954,244.1664,244.4187,243.6579,243.8721,244.0677,243.2478,243.4056,243.5449,244.6642,245.7659,248.8483,251.9136,256.9609,259.9901,261,256.9902,251.9616,249.9143,247.8489,244.7668,244.6642,244.543,244.4032,245.2417,245.0639,244.8675,245.6469,245.4122,246.1514,245.8783,244.5962
36.36112,34.23658,32.10944,29.97986,27.84799,25.60947,23.48221,21.35316,19.14402,17.02058,14.89584,12.82231,10.73037,8.689975,6.596591,4.485268,2.268899,0,-2.24272,-4.398006,-6.544237,-8.655075,-10.68675,-12.82231,-14.95689,-17.09034,-19.30094,-21.44031,-23.57806,-25.81853,-27.96119,-30.2236,-32.3705,-34.37576
244.2869,243.6059,242.904,243.1738,243.4251,243.6579,243.8721,244.0677,243.2478,243.4056,243.5449,243.6656,245.7659,248.8483,251.9136,255.961,259.9901,261,255.9903,252.9615,249.9143,246.8495,245.7659,243.6656,244.543,244.4032,245.2417,245.0639,244.8675,245.6469,245.4122,246.1514,245.8783,244.5962
36.50892,34.23658,31.97892,29.85799,27.73479,25.60947,23.48221,21.35316,19.14402,17.02058,14.89584,12.76997,10.73037,8.689975,6.596591,4.467816,2.268899,0,-2.233993,-4.415459,-6.544237,-8.620176,-10.73037,-12.76997,-14.95689,-17.09034,-19.30094,-21.44031,-23.57806,-25.81853,-27.96119,-30.2236,-32.3705,-34.37576
244.2869,243.6059,243.8954,244.1664,243.4251,243.6579,243.8721,244.0677,243.2478,243.4056,243.5449,244.6642,245.7659,248.8483,252.9133,255.961,259.9901,261,255.9903,251.9616,249.9143,246.8495,244.7668,244.6642,244.543,244.4032,245.2417,245.0639,244.8675,245.6469,245.4122,246.1514,245.8783,244.5962
36.50892,34.23658,32.10944,29.97986,27.73479,25.60947,23.48221,21.35316,19.14402,17.02058,14.89584,12.82231,10.73037,8.689975,6.622768,4.467816,2.268899,0,-2.233993,-4.398006,-6.544237,-8.620176,-10.68675,-12.82231,-14.95689,-17.09034,-19.30094,-21.44031,-23.57806,-25.81853,-27.96119,-30.2236,-32.3705,-34.37576
244.2869,243.6059,243.8954,244.1664,243.4251,243.6579,243.8721,244.0677,243.2478,243.4056,243.5449,243.6656,245.7659,248.8483,251.9136,255.961,259.9901,262,256.9902,251.9616,249.9143,246.8495,245.7659,243.6656,244.543,244.4032,245.2417,245.0639,244.8675,245.6469,245.4122,246.1514,245.8783,244.5962
36.50892,34.23658,32.10944,29.97986,27.73479,25.60947,23.48221,21.35316,19.14402,17.02058,14.89584,12.76997,10.73037,8.689975,6.596591,4.467816,2.268899,0,-2.24272,-4.398006,-6.544237,-8.620176,-10.73037,-12.76997,-14.95689,-17.09034,-19.30094,-21.44031,-23.57806,-25.81853,-27.96119,-30.2236,-32.3705,-34.37576
243.2979,243.6059,243.8954,243.1738,243.4251,243.6579,243.8721,243.0715,243.2478,243.4056,243.5449,244.6642,245.7659,248.8483,251.9136,255.961,259.9901,261,255.9903,252.9615,249.9143,246.8495,244.7668,244.6642,244.543,244.4032,244.2447,245.0639,244.8675,245.6469,245.4122,245.1589,245.8783,244.5962
36.36112,34.23658,32.10944,29.85799,27.73479,25.60947,23.48221,21.266,19.14402,17.02058,14.89584,12.82231,10.73037,8.689975,6.596591,4.467816,2.268899,0,-2.233993,-4.415459,-6.544237,-8.620176,-10.68675,-12.82231,-14.95689,-17.09034,-19.22248,-21.44031,-23.57806,-25.81853,-27.96119,-30.10173,-32.3705,-34.37576
244.2869,243.6059,243.8954,244.1664,243.4251,243.6579,243.8721,244.0677,243.2478,243.4056,243.5449,243.6656,245.7659,248.8483,251.9136,255.961,259.9901,261,255.9903,251.9616,248.9147,246.8495,245.7659,244.6642,244.543,244.4032,244.2447,245.0639,244.8675,245.6469,245.4122,245.1589,245.8783,244.5962
36.50892,34.23658,32.10944,29.97986,27.73479,25.60947,23.48221,21.35316,19.14402,17.02058,14.89584,12.76997,10.73037,8.689975,6.596591,4.467816,2.268899,0,-2.233993,-4.398006,-6.51806,-8.620176,-10.73037,-12.82231,-14.95689,-17.09034,-19.22248,-21.44031,-23.57806,-25.81853,-27.96119,-30.10173,-32.3705,-34.37576
244.2869,243.6059,243.8954,244.1664,243.4251,243.6579,243.8721,243.0715,243.2478,243.4056,243.5449,243.6656,245.7659,248.8483,251.9136,255.961,259.9901,261,256.9902,252.9615,249.9143,246.8495,245.7659,244.6642,244.543,244.4032,244.2447,245.0639,244.8675,245.6469,245.4122,245.1589,245.8783,244.5962
36.50892,34.23658,32.10944,29.97986,27.73479,25.60947,23.48221,21.266,19.14402,17.02058,14.89584,12.76997,10.73037,8.689975,6.596591,4.467816,2.268899,0,-2.24272,-4.415459,-6.544237,-8.620176,-10.73037,-12.82231,-14.95689,-17.09034,-19.22248,-21.44031,-23.57806,-25.81853,-27.96119,-30.10173,-32.3705,-34.37576
243.2979,243.6059,243.8954,244.1664,243.4251,243.6579,243.8721,244.0677,243.2478,243.4056,243.5449,244.6642,245.7659,248.8483,252.9133,255.961,259.9901,261,255.9903,251.9616,249.9143,246.8495,244.7668,244.6642,244.543,244.4032,245.2417,245.0639,244.8675,245.6469,245.4122,245.1589,245.8783,244.5962
36.36112,34.23658,32.10944,29.97986,27.73479,25.60947,23.48221,21.35316,19.14402,17.02058,14.89584,12.82231,10.73037,8.689975,6.622768,4.467816,2.268899,0,-2.233993,-4.398006,-6.544237,-8.620176,-10.68675,-12.82231,-14.95689,-17.09034,-19.30094,-21.44031,-23.57806,-25.81853,-27.96119,-30.10173,-32.3705,-34.37576
243.2979,243.6059,243.8954,244.1664,243.4251,243.6579,243.8721,244.0677,243.2478,243.4056,243.5449,244.6642,245.7659,248.8483,251.9136,255.961,259.9901,261,256.9902,252.9615,249.9143,246.8495,245.7659,244.6642,244.543,244.4032,245.2417,245.0639,244.8675,245.6469,245.4122,246.1514,245.8783,244.5962
36.36112,34.23658,32.10944,29.97986,27.73479,25.60947,23.48221,21.35316,19.14402,17.02058,14.89584,12.82231,10.73037,8.689975,6.596591,4.467816,2.268899,0,-2.24272,-4.415459,-6.544237,-8.620176,-10.73037,-12.82231,-14.95689,-17.09034,-19.30094,-21.44031,-23.57806,-25.81853,-27.96119,-30.2236,-32.3705,-34.37576
244.2869,243.6059,243.8954,244.1664,243.4251,243.6579,243.8721,244.0677,244.2447,243.4056,243.5449,244.6642,245.7659,248.8483,251.9136,255.961,259.9901,261,256.9902,252.9615,249.9143,246.8495,245.7659,244.6642,244.543,244.4032,245.2417,245.0639,244.8675,245.6469,245.4122,246.1514,245.8783,243.6059
36.50892,34.23658,32.10944,29.97986,27.73479,25.60947,23.48221,21.35316,19.22248,17.02058,14.89584,12.82231,10.73037,8.689975,6.596591,4.467816,2.268899,0,-2.24272,-4.415459,-6.544237,-8.620176,-10.73037,-12.82231,-14.95689,-17.09034,-19.30094,-21.44031,-23.57806,-25.81853,-27.96119,-30.2236,-32.3705,-34.23658
244.2869,243.6059,243.8954,243.1738,243.4251,243.6579,243.8721,243.0715,243.2478,243.4056,243.5449,244.6642,245.7659,248.8483,251.9136,255.961,259.9901,261,256.9902,251.9616,249.9143,246.8495,245.7659,244.6642,244.543,244.4032,245.2417,245.0639,244.8675,245.6469,245.4122,245.1589,245.8783,244.5962
36.50892,34.23658,32.10944,29.85799,27.73479,25.60947,23.48221,21.266,19.14402,17.02058,14.89584,12.82231,10.73037,8.689975,6.596591,4.467816,2.268899,0,-2.24272,-4.398006,-6.544237,-8.620176,-10.73037,-12.82231,-14.95689,-17.09034,-19.30094,-21.44031,-23.57806,-25.81853,-27.96119,-30.10173,-32.3705,-34.37576
244.2869,243.6059,243.8954,243.1738,243.4251,243.6579,243.8721,244.0677,244.2447,243.4056,243.5449,244.6642,245.7659,248.8483,251.9136,255.961,259.9901,261,255.9903,252.9615,249.9143,246.8495,245.7659,244.6642,244.543,244.4032,245.2417,245.0639,244.8675,245.6469,245.4122,246.1514,245.8783,244.5962
36.50892,34.23658,32.10944,29.85799,27.73479,25.60947,23.48221,21.35316,19.22248,17.02058,14.89584,12.82231,10.73037,8.689975,6.596591,4.467816,2.268899,0,-2.233993,-4.415459,-6.544237,-8.620176,-10.73037,-12.82231,-14.95689,-17.09034,-19.30094,-21.44031,-23.57806,-25.81853,-27.96119,-30.2236,-32.3705,-34.37576
244.2869,243.6059,243.8954,244.1664,243.4251,243.6579,243.8721,244.0677,243.2478,243.4056,243.5449,243.6656,245.7659,248.8483,252.9133,255.961,259.9901,261,256.9902,252.9615,249.9143,246.8495,245.7659,244.6642,244.543,244.4032,245.2417,245.0639,244.8675,245.6469,245.4122,246.1514,245.8783,244.5962
36.50892,34.23658,32.10944,29.97986,27.73479,25.60947,23.48221,21.35316,19.14402,17.02058,14.89584,12.76997,10.73037,8.689975,6.622768,4.467816,2.268899,0,-2.24272,-4.415459,-6.544237,-8.620176,-10.73037,-12.82231,-14.95689,-17.09034,-19.30094,-21.44031,-23.57806,-25.81853,-27.96119,-30.2236,-32.3705,-34.37576
244.2869,243.6059,243.8954,244.1664,243.4251,243.6579,243.8721,244.0677,243.2478,243.4056,243.5449,244.6642,245.7659,248.8483,251.9136,256.9609,259.9901,261,256.9902,252.9615,249.9143,246.8495,245.7659,244.6642,244.543,244.4032,245.2417,245.0639,244.8675,245.6469,245.4122,246.1514,245.8783,244.5962
36.50892,34.23658,32.10944,29.97986,27.73479,25.60947,23.48221,21.35316,19.14402,17.02058,14.89584,12.82231,10.73037,8.689975,6.596591,4.485268,2.268899,0,-2.24272,-4.415459,-6.544237,-8.620176,-10.73037,-12.82231,-14.95689,-17.09034,-19.30094,-21.44031,-23.57806,-25.81853,-27.96119,-30.2236,-32.3705,-34.37576
244.2869,243.6059,243.8954,243.1738,243.4251,243.6579,243.8721,244.0677,243.2478,244.4032,243.5449,244.6642,245.7659,248.8483,251.9136,256.9609,259.9901,261,256.9902,252.9615,249.9143,246.8495,244.7668,243.6656,244.543,244.4032,245.2417,245.0639,244.8675,245.6469,245.4122,246.1514,245.8783,244.5962
36.50892,34.23658,32.10944,29.85799,27.73479,25.60947,23.48221,21.35316,19.14402,17.09034,14.89584,12.82231,10.73037,8.689975,6.596591,4.485268,2.268899,0,-2.24272,-4.415459,-6.544237,-8.620176,-10.68675,-12.76997,-14.95689,-17.09034,-19.30094,-21.44031,-23.57806,-25.81853,-27.96119,-30.2236,-32.3705,-34.37576
244.2869,243.6059,243.8954,243.1738,243.4251,243.6579,243.8721,244.0677,243.2478,243.4056,243.5449,244.6642,245.7659,248.8483,251.9136,256.9609,259.9901,261,256.9902,251.9616,249.9143,246.8495,245.7659,244.6642,244.543,244.4032,244.2447,245.0639,244.8675,245.6469,245.4122,246.1514,245.8783,244.5962
36.50892,34.23658,32.10944,29.85799,27.73479,25.60947,23.48221,21.35316,19.14402,17.02058,14.89584,12.82231,10.73037,8.689975,6.596591,4.485268,2.268899,0,-2.24272,-4.398006,-6.544237,-8.620176,-10.73037,-12.82231,-14.95689,-17.09034,-19.22248,-21.44031,-23.57806,-25.81853,-27.96119,-30.2236,-32.3705,-34.37576
243.2979,243.6059,243.8954,243.1738,243.4251,243.6579,243.8721,243.0715,243.2478,243.4056,243.5449,244.6642,245.7659,248.8483,252.9133,256.9609,259.9901,261,257.9902,251.9616,249.9143,246.8495,245.7659,244.6642,244.543,244.4032,244.2447,245.0639,244.8675,245.6469,245.4122,246.1514,245.8783,244.5962
36.36112,34.23658,32.10944,29.85799,27.73479,25.60947,23.48221,21.266,19.14402,17.02058,14.89584,12.82231,10.73037,8.689975,6.622768,4.485268,2.268899,0,-2.251446,-4.398006,-6.544237,-8.620176,-10.73037,-12.82231,-14.95689,-17.09034,-19.22248,-21.44031,-23.57806,-25.81853,-27.96119,-30.2236,-32.3705,-34.37576
243.2979,243.6059,243.8954,243.1738,243.4251,243.6579,243.8721,244.0677,243.2478,244.4032,243.5449,244.6642,245.7659,248.8483,251.9136,256.9609,259.9901,261,256.9902,252.9615,249.9143,246.8495,244.7668,244.6642,244.543,244.4032,245.2417,245.0639,244.8675,245.6469,245.4122,246.1514,245.8783,244.5962
36.36112,34.23658,32.10944,29.85799,27.73479,25.60947,23.48221,21.35316,19.14402,17.09034,14.89584,12.82231,10.73037,8.689975,6.596591,4.485268,2.268899,0,-2.24272,-4.415459,-6.544237,-8.620176,-10.68675,-12.82231,-14.95689,-17.09034,-19.30094,-21.44031,-23.57806,-25.81853,-27.96119,-30.2236,-32.3705,-34.37576
244.2869,243.6059,243.8954,243.1738,243.4251,243.6579,243.8721,244.0677,244.2447,243.4056,243.5449,243.6656,244.7668,248.8483,251.9136,256.9609,259.9901,261,256.9902,251.9616,249.9143,246.8495,245.7659,244.6642,244.543,244.4032,244.2447,245.0639,244.8675,245.6469,245.4122,245.1589,245.8783,244.5962
36.50892,34.23658,32.10944,29.85799,27.73479,25.60947,23.48221,21.35316,19.22248,17.02058,14.89584,12.76997,10.68675,8.689975,6.596591,4.485268,2.268899,0,-2.24272,-4.398006,-6.544237,-8.620176,-10.73037,-12.82231,-14.95689,-17.09034,-19.22248,-21.44031,-23.57806,-25.81853,-27.96119,-30.10173,-32.3705,-34.37576
244.2869,243.6059,243.8954,244.1664,243.4251,243.6579,243.8721,244.0677,243.2478,243.4056,243.5449,244.6642,245.7659,248.8483,251.9136,256.9609,259.9901,261,256.9902,251.9616,249.9143,246.8495,245.7659,243.6656,244.543,244.4032,245.2417,245.0639,244.8675,245.6469,245.4122,246.1514,245.8783,244.5962
36.50892,34.23658,32.10944,29.97986,27.73479,25.60947,23.48221,21.35316,19.14402,17.02058,14.89584,12.82231,10.73037,8.689975,6.596591,4.485268,2.268899,0,-2.24272,-4.398006,-6.544237,-8.620176,-10.73037,-12.76997,-14.95689,-17.09034,-19.30094,-21.44031,-23.57806,-25.81853,-27.96119,-30.2236,-32.3705,-34.37576
243.2979,243.6059,243.8954,243.1738,243.4251,243.6579,243.8721,244.0677,243.2478,243.4056,243.5449,243.6656,245.7659,248.8483,251.9136,256.9609,259.9901,261,256.9902,251.9616,249.9143,246.8495,245.7659,244.6642,244.543,244.4032,245.2417,245.0639,245.8629,245.6469,245.4122,245.1589,245.8783,244.5962
36.36112,34.23658,32.10944,29.85799,27.73479,25.60947,23.48221,21.35316,19.14402,17.02058,14.89584,12.76997,10.73037,8.689975,6.596591,4.485268,2.268899,0,-2.24272,-4.398006,-6.544237,-8.620176,-10.73037,-12.82231,-14.95689,-17.09034,-19.30094,-21.44031,-23.6739,-25.81853,-27.96119,-30.10173,-32.3705,-34.37576
