210.6064,209.7122,208.8011,207.8733,205.9294,204.9688,203.9922,204,202.9923,201.9692,199.9315,199.8782,199.8096,200.7245,202.6214,203.5031,204.3681,205.2161,207.0424,208.8496,209.6437,211.4123,213.1606,213.8979,205.7153,196.55,190.3531,187.1135,185.8352,184.5459,184.2258,183.8917,182.5674,182.2072,181.8332,181.4453,181.0436,180.6281,180.1989,179.7559,178.3405,182.6542
12.88124,10.99055,9.116452,7.259095,5.392451,3.577743,1.780213,0,-1.771487,-3.525386,-5.23539,-6.979899,-8.723877,-10.51953,-12.39285,-14.23032,-16.08411,-17.95408,-19.93592,-21.95098,-23.88588,-25.95817,-28.06313,-30.06139,-30.74436,-31.13046,-31.85419,-32.99315,-34.44251,-35.87209,-37.48117,-39.0874,-40.47421,-42.06585,-43.65428,-45.23939,-46.82106,-48.39916,-49.97358,-51.54419,-52.82685,-55.843
210.6064,209.7122,208.8011,206.8739,205.9294,204.9688,203.9922,204,202.9923,201.9692,199.9315,199.8782,199.8096,200.7245,202.6214,203.5031,204.3681,206.2123,207.0424,208.8496,209.6437,211.4123,212.1692,213.8979,203.7373,196.55,190.3531,187.1135,185.8352,184.5459,184.2258,183.8917,183.5436,182.2072,181.8332,181.4453,181.0436,180.6281,180.1989,179.7559,178.3405,177.8727
12.88124,10.99055,9.116452,7.224196,5.392451,3.577743,1.780213,0,-1.771487,-3.525386,-5.23539,-6.979899,-8.723877,-10.51953,-12.39285,-14.23032,-16.08411,-18.04124,-19.93592,-21.95098,-23.88588,-25.95817,-27.93261,-30.06139,-30.44874,-31.13046,-31.85419,-32.99315,-34.44251,-35.87209,-37.48117,-39.0874,-40.69065,-42.06585,-43.65428,-45.23939,-46.82106,-48.39916,-49.97358,-51.54419,-52.82685,-54.38114
210.6064,209.7122,207.802,207.8733,205.9294,204.9688,203.9922,204,202.9923,201.9692,199.9315,199.8782,199.8096,200.7245,202.6214,203.5031,204.3681,205.2161,207.0424,208.8496,208.6501,211.4123,212.1692,212.9076,204.7263,196.55,190.3531,186.1287,185.8352,184.5459,184.2258,183.8917,182.5674,182.2072,181.8332,181.4453,181.0436,180.6281,180.1989,179.7559,178.3405,178.829
12.88124,10.99055,9.072833,7.259095,5.392451,3.577743,1.780213,0,-1.771487,-3.525386,-5.23539,-6.979899,-8.723877,-10.51953,-12.39285,-14.23032,-16.08411,-17.95408,-19.93592,-21.95098,-23.77267,-25.95817,-27.93261,-29.92222,-30.59655,-31.13046,-31.85419,-32.81951,-34.44251,-35.87209,-37.48117,-39.0874,-40.47421,-42.06585,-43.65428,-45.23939,-46.82106,-48.39916,-49.97358,-51.54419,-52.82685,-54.67351
210.6064,209.7122,208.8011,207.8733,206.9291,204.9688,203.9922,204,202.9923,201.9692,200.9311,199.8782,199.8096,200.7245,202.6214,203.5031,204.3681,206.2123,207.0424,208.8496,209.6437,211.4123,212.1692,212.9076,204.7263,196.55,190.3531,187.1135,185.8352,184.5459,184.2258,183.8917,182.5674,182.2072,181.8332,181.4453,181.0436,180.6281,180.1989,179.7559,178.3405,178.829
12.88124,10.99055,9.116452,7.259095,5.418628,3.577743,1.780213,0,-1.771487,-3.525386,-5.261567,-6.979899,-8.723877,-10.51953,-12.39285,-14.23032,-16.08411,-18.04124,-19.93592,-21.95098,-23.88588,-25.95817,-27.93261,-29.92222,-30.59655,-31.13046,-31.85419,-32.99315,-34.44251,-35.87209,-37.48117,-39.0874,-40.47421,-42.06585,-43.65428,-45.23939,-46.82106,-48.39916,-49.97358,-51.54419,-52.82685,-54.67351
210.6064,209.7122,208.8011,207.8733,205.9294,204.9688,203.9922,204,202.9923,201.9692,199.9315,199.8782,199.8096,200.7245,202.6214,203.5031,204.3681,206.2123,207.0424,208.8496,209.6437,211.4123,212.1692,212.9076,205.7153,196.55,190.3531,187.1135,185.8352,184.5459,184.2258,183.8917,182.5674,182.2072,181.8332,181.4453,181.0436,180.6281,179.2353,179.7559,179.2993,177.8727
12.88124,10.99055,9.116452,7.259095,5.392451,3.577743,1.780213,0,-1.771487,-3.525386,-5.23539,-6.979899,-8.723877,-10.51953,-12.39285,-14.23032,-16.08411,-18.04124,-19.93592,-21.95098,-23.88588,-25.95817,-27.93261,-29.92222,-30.74436,-31.13046,-31.85419,-32.99315,-34.44251,-35.87209,-37.48117,-39.0874,-40.47421,-42.06585,-43.65428,-45.23939,-46.82106,-48.39916,-49.70634,-51.54419,-53.11087,-54.38114
210.6064,209.7122,208.8011,206.8739,206.9291,204.9688,203.9922,204,202.9923,201.9692,199.9315,199.8782,199.8096,200.7245,202.6214,203.5031,204.3681,206.2123,207.0424,208.8496,209.6437,211.4123,212.1692,212.9076,204.7263,196.55,191.3394,186.1287,185.8352,184.5459,184.2258,183.8917,183.5436,182.2072,181.8332,181.4453,181.0436,180.6281,180.1989,179.7559,179.2993,182.6542
12.88124,10.99055,9.116452,7.224196,5.418628,3.577743,1.780213,0,-1.771487,-3.525386,-5.23539,-6.979899,-8.723877,-10.51953,-12.39285,-14.23032,-16.08411,-18.04124,-19.93592,-21.95098,-23.88588,-25.95817,-27.93261,-29.92222,-30.59655,-31.13046,-32.01924,-32.81951,-34.44251,-35.87209,-37.48117,-39.0874,-40.69065,-42.06585,-43.65428,-45.23939,-46.82106,-48.39916,-49.97358,-51.54419,-53.11087,-55.843
210.6064,209.7122,208.8011,207.8733,205.9294,204.9688,203.9922,204,202.9923,201.9692,200.9311,199.8782,199.8096,201.7232,202.6214,203.5031,204.3681,206.2123,207.0424,208.8496,209.6437,211.4123,212.1692,212.9076,204.7263,196.55,190.3531,186.1287,185.8352,184.5459,184.2258,183.8917,182.5674,182.2072,181.8332,181.4453,181.0436,180.6281,180.1989,179.7559,179.2993,182.6542
12.88124,10.99055,9.116452,7.259095,5.392451,3.577743,1.780213,0,-1.771487,-3.525386,-5.261567,-6.979899,-8.723877,-10.57186,-12.39285,-14.23032,-16.08411,-18.04124,-19.93592,-21.95098,-23.88588,-25.95817,-27.93261,-29.92222,-30.59655,-31.13046,-31.85419,-32.81951,-34.44251,-35.87209,-37.48117,-39.0874,-40.47421,-42.06585,-43.65428,-45.23939,-46.82106,-48.39916,-49.97358,-51.54419,-53.11087,-55.843
210.6064,209.7122,208.8011,207.8733,205.9294,204.9688,203.9922,204,202.9923,200.9694,199.9315,199.8782,199.8096,201.7232,202.6214,203.5031,204.3681,206.2123,207.0424,208.8496,209.6437,211.4123,213.1606,213.8979,204.7263,196.55,190.3531,186.1287,184.8519,184.5459,184.2258,183.8917,182.5674,182.2072,181.8332,181.4453,181.0436,180.6281,180.1989,179.7559,178.3405,182.6542
12.88124,10.99055,9.116452,7.259095,5.392451,3.577743,1.780213,0,-1.771487,-3.507934,-5.23539,-6.979899,-8.723877,-10.57186,-12.39285,-14.23032,-16.08411,-18.04124,-19.93592,-21.95098,-23.88588,-25.95817,-28.06313,-30.06139,-30.59655,-31.13046,-31.85419,-32.81951,-34.26028,-35.87209,-37.48117,-39.0874,-40.47421,-42.06585,-43.65428,-45.23939,-46.82106,-48.39916,-49.97358,-51.54419,-52.82685,-55.843
210.6064,209.7122,208.8011,206.8739,205.9294,204.9688,203.9922,204,202.9923,201.9692,199.9315,199.8782,199.8096,200.7245,202.6214,203.5031,204.3681,206.2123,208.0378,208.8496,209.6437,211.4123,213.1606,213.8979,204.7263,196.55,190.3531,187.1135,184.8519,184.5459,184.2258,183.8917,182.5674,182.2072,181.8332,181.4453,181.0436,180.6281,180.1989,179.7559,178.3405,185.5231
12.88124,10.99055,9.116452,7.224196,5.392451,3.577743,1.780213,0,-1.771487,-3.525386,-5.23539,-6.979899,-8.723877,-10.51953,-12.39285,-14.23032,-16.08411,-18.04124,-20.03176,-21.95098,-23.88588,-25.95817,-28.06313,-30.06139,-30.59655,-31.13046,-31.85419,-32.99315,-34.26028,-35.87209,-37.48117,-39.0874,-40.47421,-42.06585,-43.65428,-45.23939,-46.82106,-48.39916,-49.97358,-51.54419,-52.82685,-56.72011
210.6064,209.7122,208.8011,206.8739,205.9294,204.9688,203.9922,204,202.9923,201.9692,200.9311,199.8782,199.8096,200.7245,202.6214,203.5031,204.3681,206.2123,207.0424,208.8496,209.6437,210.4198,212.1692,212.9076,204.7263,196.55,190.3531,187.1135,185.8352,184.5459,184.2258,183.8917,183.5436,182.2072,181.8332,181.4453,181.0436,180.6281,180.1989,179.7559,178.3405,181.6979
12.88124,10.99055,9.116452,7.224196,5.392451,3.577743,1.780213,0,-1.771487,-3.525386,-5.261567,-6.979899,-8.723877,-10.51953,-12.39285,-14.23032,-16.08411,-18.04124,-19.93592,-21.95098,-23.88588,-25.8363,-27.93261,-29.92222,-30.59655,-31.13046,-31.85419,-32.99315,-34.44251,-35.87209,-37.48117,-39.0874,-40.69065,-42.06585,-43.65428,-45.23939,-46.82106,-48.39916,-49.97358,-51.54419,-52.82685,-55.55062
210.6064,209.7122,208.8011,207.8733,205.9294,204.9688,203.9922,204,202.9923,201.9692,199.9315,199.8782,199.8096,200.7245,202.6214,203.5031,204.3681,206.2123,207.0424,208.8496,209.6437,211.4123,213.1606,212.9076,204.7263,196.55,190.3531,187.1135,185.8352,184.5459,184.2258,183.8917,182.5674,182.2072,181.8332,181.4453,181.0436,180.6281,180.1989,179.7559,178.3405,182.6542
12.88124,10.99055,9.116452,7.259095,5.392451,3.577743,1.780213,0,-1.771487,-3.525386,-5.23539,-6.979899,-8.723877,-10.51953,-12.39285,-14.23032,-16.08411,-18.04124,-19.93592,-21.95098,-23.88588,-25.95817,-28.06313,-29.92222,-30.59655,-31.13046,-31.85419,-32.99315,-34.44251,-35.87209,-37.48117,-39.0874,-40.47421,-42.06585,-43.65428,-45.23939,-46.82106,-48.39916,-49.97358,-51.54419,-52.82685,-55.843
210.6064,209.7122,208.8011,207.8733,205.9294,204.9688,203.9922,204,202.9923,201.9692,199.9315,199.8782,199.8096,200.7245,202.6214,203.5031,204.3681,206.2123,207.0424,208.8496,209.6437,211.4123,213.1606,212.9076,204.7263,196.55,190.3531,187.1135,184.8519,184.5459,184.2258,183.8917,182.5674,182.2072,181.8332,181.4453,181.0436,180.6281,180.1989,179.7559,179.2993,182.6542
12.88124,10.99055,9.116452,7.259095,5.392451,3.577743,1.780213,0,-1.771487,-3.525386,-5.23539,-6.979899,-8.723877,-10.51953,-12.39285,-14.23032,-16.08411,-18.04124,-19.93592,-21.95098,-23.88588,-25.95817,-28.06313,-29.92222,-30.59655,-31.13046,-31.85419,-32.99315,-34.26028,-35.87209,-37.48117,-39.0874,-40.47421,-42.06585,-43.65428,-45.23939,-46.82106,-48.39916,-49.97358,-51.54419,-53.11087,-55.843
210.6064,209.7122,208.8011,207.8733,205.9294,204.9688,203.9922,204,202.9923,201.9692,200.9311,199.8782,199.8096,200.7245,202.6214,203.5031,204.3681,206.2123,207.0424,208.8496,208.6501,211.4123,212.1692,213.8979,204.7263,196.55,190.3531,187.1135,185.8352,184.5459,184.2258,183.8917,183.5436,182.2072,181.8332,181.4453,181.0436,180.6281,180.1989,179.7559,178.3405,181.6979
12.88124,10.99055,9.116452,7.259095,5.392451,3.577743,1.780213,0,-1.771487,-3.525386,-5.261567,-6.979899,-8.723877,-10.51953,-12.39285,-14.23032,-16.08411,-18.04124,-19.93592,-21.95098,-23.77267,-25.95817,-27.93261,-30.06139,-30.59655,-31.13046,-31.85419,-32.99315,-34.44251,-35.87209,-37.48117,-39.0874,-40.69065,-42.06585,-43.65428,-45.23939,-46.82106,-48.39916,-49.97358,-51.54419,-52.82685,-55.55062
210.6064,209.7122,208.8011,207.8733,205.9294,204.9688,203.9922,204,202.9923,200.9694,199.9315,200.8776,199.8096,200.7245,202.6214,203.5031,204.3681,206.2123,207.0424,208.8496,208.6501,211.4123,213.1606,213.8979,204.7263,196.55,190.3531,187.1135,185.8352,184.5459,184.2258,183.8917,182.5674,182.2072,181.8332,181.4453,181.0436,180.6281,180.1989,179.7559,178.3405,182.6542
12.88124,10.99055,9.116452,7.259095,5.392451,3.577743,1.780213,0,-1.771487,-3.507934,-5.23539,-7.014799,-8.723877,-10.51953,-12.39285,-14.23032,-16.08411,-18.04124,-19.93592,-21.95098,-23.77267,-25.95817,-28.06313,-30.06139,-30.59655,-31.13046,-31.85419,-32.99315,-34.44251,-35.87209,-37.48117,-39.0874,-40.47421,-42.06585,-43.65428,-45.23939,-46.82106,-48.39916,-49.97358,-51.54419,-52.82685,-55.843
210.6064,209.7122,208.8011,207.8733,205.9294,204.9688,203.9922,204,202.9923,201.9692,199.9315,199.8782,199.8096,200.7245,202.6214,203.5031,204.3681,206.2123,207.0424,208.8496,209.6437,211.4123,212.1692,212.9076,204.7263,196.55,190.3531,187.1135,185.8352,184.5459,184.2258,183.8917,182.5674,182.2072,181.8332,181.4453,181.0436,180.6281,180.1989,179.7559,178.3405,178.829
12.88124,10.99055,9.116452,7.259095,5.392451,3.577743,1.780213,0,-1.771487,-3.525386,-5.23539,-6.979899,-8.723877,-10.51953,-12.39285,-14.23032,-16.08411,-18.04124,-19.93592,-21.95098,-23.88588,-25.95817,-27.93261,-29.92222,-30.59655,-31.13046,-31.85419,-32.99315,-34.44251,-35.87209,-37.48117,-39.0874,-40.47421,-42.06585,-43.65428,-45.23939,-46.82106,-48.39916,-49.97358,-51.54419,-52.82685,-54.67351
210.6064,209.7122,208.8011,207.8733,205.9294,204.9688,203.9922,204,202.9923,201.9692,199.9315,199.8782,199.8096,200.7245,202.6214,203.5031,204.3681,205.2161,207.0424,208.8496,209.6437,211.4123,213.1606,213.8979,204.7263,196.55,190.3531,187.1135,185.8352,184.5459,185.2058,183.8917,182.5674,182.2072,181.8332,181.4453,181.0436,180.6281,180.1989,179.7559,178.3405,179.7853
12.88124,10.99055,9.116452,7.259095,5.392451,3.577743,1.780213,0,-1.771487,-3.525386,-5.23539,-6.979899,-8.723877,-10.51953,-12.39285,-14.23032,-16.08411,-17.95408,-19.93592,-21.95098,-23.88588,-25.95817,-28.06313,-30.06139,-30.59655,-31.13046,-31.85419,-32.99315,-34.44251,-35.87209,-37.68054,-39.0874,-40.47421,-42.06585,-43.65428,-45.23939,-46.82106,-48.39916,-49.97358,-51.54419,-52.82685,-54.96588
210.6064,209.7122,208.8011,206.8739,206.9291,204.9688,203.9922,204,202.9923,201.9692,199.9315,199.8782,199.8096,200.7245,202.6214,203.5031,204.3681,206.2123,207.0424,208.8496,209.6437,211.4123,212.1692,212.9076,204.7263,196.55,190.3531,186.1287,185.8352,184.5459,184.2258,183.8917,182.5674,182.2072,181.8332,181.4453,181.0436,180.6281,180.1989,179.7559,178.3405,183.6105
12.88124,10.99055,9.116452,7.224196,5.418628,3.577743,1.780213,0,-1.771487,-3.525386,-5.23539,-6.979899,-8.723877,-10.51953,-12.39285,-14.23032,-16.08411,-18.04124,-19.93592,-21.95098,-23.88588,-25.95817,-27.93261,-29.92222,-30.59655,-31.13046,-31.85419,-32.81951,-34.44251,-35.87209,-37.48117,-39.0874,-40.47421,-42.06585,-43.65428,-45.23939,-46.82106,-48.39916,-49.97358,-51.54419,-52.82685,-56.13537
210.6064,209.7122,208.8011,207.8733,205.9294,204.9688,203.9922,204,202.9923,201.9692,199.9315,199.8782,199.8096,200.7245,202.6214,203.5031,204.3681,206.2123,207.0424,208.8496,209.6437,210.4198,213.1606,212.9076,204.7263,196.55,190.3531,187.1135,185.8352,184.5459,184.2258,183.8917,182.5674,182.2072,181.8332,181.4453,181.0436,180.6281,180.1989,178.7947,178.3405,180.7416
12.88124,10.99055,9.116452,7.259095,5.392451,3.577743,1.780213,0,-1.771487,-3.525386,-5.23539,-6.979899,-8.723877,-10.51953,-12.39285,-14.23032,-16.08411,-18.04124,-19.93592,-21.95098,-23.88588,-25.8363,-28.06313,-29.92222,-30.59655,-31.13046,-31.85419,-32.99315,-34.44251,-35.87209,-37.48117,-39.0874,-40.47421,-42.06585,-43.65428,-45.23939,-46.82106,-48.39916,-49.97358,-51.26855,-52.82685,-55.25825
210.6064,209.7122,208.8011,207.8733,205.9294,204.9688,203.9922,204,202.9923,201.9692,199.9315,199.8782,199.8096,200.7245,202.6214,203.5031,204.3681,206.2123,207.0424,208.8496,209.6437,211.4123,213.1606,212.9076,204.7263,196.55,190.3531,187.1135,185.8352,184.5459,184.2258,183.8917,183.5436,182.2072,181.8332,181.4453,181.0436,180.6281,180.1989,179.7559,178.3405,179.7853
12.88124,10.99055,9.116452,7.259095,5.392451,3.577743,1.780213,0,-1.771487,-3.525386,-5.23539,-6.979899,-8.723877,-10.51953,-12.39285,-14.23032,-16.08411,-18.04124,-19.93592,-21.95098,-23.88588,-25.95817,-28.06313,-29.92222,-30.59655,-31.13046,-31.85419,-32.99315,-34.44251,-35.87209,-37.48117,-39.0874,-40.69065,-42.06585,-43.65428,-45.23939,-46.82106,-48.39916,-49.97358,-51.54419,-52.82685,-54.96588
210.6064,209.7122,208.8011,207.8733,205.9294,204.9688,203.9922,204,202.9923,201.9692,200.9311,199.8782,199.8096,201.7232,202.6214,203.5031,204.3681,206.2123,207.0424,208.8496,208.6501,211.4123,212.1692,212.9076,204.7263,196.55,190.3531,187.1135,185.8352,184.5459,184.2258,183.8917,182.5674,182.2072,181.8332,181.4453,181.0436,180.6281,180.1989,179.7559,178.3405,180.7416
12.88124,10.99055,9.116452,7.259095,5.392451,3.577743,1.780213,0,-1.771487,-3.525386,-5.261567,-6.979899,-8.723877,-10.57186,-12.39285,-14.23032,-16.08411,-18.04124,-19.93592,-21.95098,-23.77267,-25.95817,-27.93261,-29.92222,-30.59655,-31.13046,-31.85419,-32.99315,-34.44251,-35.87209,-37.48117,-39.0874,-40.47421,-42.06585,-43.65428,-45.23939,-46.82106,-48.39916,-49.97358,-51.54419,-52.82685,-55.25825
210.6064,209.7122,207.802,207.8733,206.9291,204.9688,203.9922,204,202.9923,201.9692,199.9315,199.8782,199.8096,200.7245,202.6214,203.5031,204.3681,206.2123,207.0424,208.8496,208.6501,210.4198,212.1692,212.9076,204.7263,196.55,190.3531,187.1135,185.8352,184.5459,184.2258,183.8917,182.5674,182.2072,181.8332,181.4453,181.0436,180.6281,180.1989,179.7559,178.3405,183.6105
12.88124,10.99055,9.072833,7.259095,5.418628,3.577743,1.780213,0,-1.771487,-3.525386,-5.23539,-6.979899,-8.723877,-10.51953,-12.39285,-14.23032,-16.08411,-18.04124,-19.93592,-21.95098,-23.77267,-25.8363,-27.93261,-29.92222,-30.59655,-31.13046,-31.85419,-32.99315,-34.44251,-35.87209,-37.48117,-39.0874,-40.47421,-42.06585,-43.65428,-45.23939,-46.82106,-48.39916,-49.97358,-51.54419,-52.82685,-56.13537
210.6064,209.7122,208.8011,207.8733,205.9294,204.9688,203.9922,204,202.9923,201.9692,199.9315,199.8782,199.8096,200.7245,202.6214,203.5031,204.3681,206.2123,207.0424,208.8496,209.6437,211.4123,212.1692,213.8979,204.7263,195.5623,190.3531,187.1135,185.8352,184.5459,184.2258,183.8917,182.5674,182.2072,181.8332,181.4453,181.0436,180.6281,180.1989,179.7559,178.3405,181.6979
12.88124,10.99055,9.116452,7.259095,5.392451,3.577743,1.780213,0,-1.771487,-3.525386,-5.23539,-6.979899,-8.723877,-10.51953,-12.39285,-14.23032,-16.08411,-18.04124,-19.93592,-21.95098,-23.88588,-25.95817,-27.93261,-30.06139,-30.59655,-30.97402,-31.85419,-32.99315,-34.44251,-35.87209,-37.48117,-39.0874,-40.47421,-42.06585,-43.65428,-45.23939,-46.82106,-48.39916,-49.97358,-51.54419,-52.82685,-55.55062
