112.6572,111.0764,110.2589,109.4329,108.5986,107.756,106.9052,106.0463,105.1793,104.3043,103.4213,102.5305,102.3328,101.4201,100.4998,99.57176,98.63617,97.69307,97.40515,97.09674,98.7161,100.2749,101.7725,103.2085,105.8275,107.7408,105.9245,104.114,101.7147,99.92349,98.1388,96.36084,94.02344,92.26683,90.51767,88.77616,87.04254,85.317,83.59977,81.89105,80.19106,79,77.3105,76.11511,75.39108,74.64598,73.87978,73.09247,72.28405,71.4545,70.17331,69.73201,68.83908,67.92502,66.59109,66.03356,64.6735
-92.86742,-93.2042,-94.16997,-95.12856,-96.07991,-97.02394,-97.96058,-98.88976,-99.81141,-100.7255,-101.6318,-102.5305,-104.1346,-105.0236,-105.9047,-106.7776,-107.6425,-108.4991,-110.0965,-111.697,-115.5817,-119.5029,-123.4599,-127.4519,-133.0434,-137.9019,-138.0435,-138.1639,-137.4595,-137.5329,-137.5855,-137.6175,-136.8049,-136.7912,-136.7573,-136.7033,-136.6294,-136.5357,-136.4224,-136.2896,-136.1374,-136.832,-136.6458,-137.3153,-138.8531,-140.3887,-141.9217,-143.4521,-144.9794,-146.5034,-147.1214,-149.5408,-151.0536,-152.5621,-153.149,-155.5653,-156.1356
112.6572,111.0764,110.2589,109.4329,108.5986,107.756,106.9052,106.0463,105.1793,104.3043,104.1346,102.5305,102.3328,101.4201,100.4998,99.57176,98.63617,97.69307,98.06777,97.09674,98.7161,100.2749,101.7725,103.2085,105.8275,107.7408,105.9245,104.114,102.3095,99.92349,98.1388,96.36084,94.58984,92.26683,90.51767,88.77616,87.57984,85.317,83.59977,81.89105,80.19106,79,77.80292,76.11511,75.39108,74.64598,73.87978,73.09247,71.83785,71.4545,70.60382,69.73201,68.83908,67.92502,66.98984,66.42429,64.6735
-92.86742,-93.2042,-94.16997,-95.12856,-96.07991,-97.02394,-97.96058,-98.88976,-99.81141,-100.7255,-102.3328,-102.5305,-104.1346,-105.0236,-105.9047,-106.7776,-107.6425,-108.4991,-110.8454,-111.697,-115.5817,-119.5029,-123.4599,-127.4519,-133.0434,-137.9019,-138.0435,-138.1639,-138.2634,-137.5329,-137.5855,-137.6175,-137.6291,-136.7912,-136.7573,-136.7033,-137.4728,-136.5357,-136.4224,-136.2896,-136.1374,-136.832,-137.5162,-137.3153,-138.8531,-140.3887,-141.9217,-143.4521,-144.0844,-146.5034,-148.024,-149.5408,-151.0536,-152.5621,-154.0661,-156.4858,-156.1356
112.6572,111.0764,110.2589,109.4329,108.5986,107.756,106.9052,106.0463,105.1793,104.3043,103.4213,102.5305,102.3328,101.4201,99.81141,99.57176,98.63617,97.69307,98.06777,97.09674,98.7161,100.2749,101.7725,103.2085,105.8275,107.7408,106.5333,104.114,101.7147,99.92349,98.1388,96.36084,94.58984,92.26683,90.51767,88.77616,87.04254,85.317,83.59977,81.89105,80.19106,79,77.3105,76.11511,75.39108,74.64598,73.87978,73.09247,72.28405,71.4545,70.17331,69.30939,68.42439,67.51828,66.59109,66.42429,64.6735
-92.86742,-93.2042,-94.16997,-95.12856,-96.07991,-97.02394,-97.96058,-98.88976,-99.81141,-100.7255,-101.6318,-102.5305,-104.1346,-105.0236,-105.1793,-106.7776,-107.6425,-108.4991,-110.8454,-111.697,-115.5817,-119.5029,-123.4599,-127.4519,-133.0434,-137.9019,-138.8368,-138.1639,-137.4595,-137.5329,-137.5855,-137.6175,-137.6291,-136.7912,-136.7573,-136.7033,-136.6294,-136.5357,-136.4224,-136.2896,-136.1374,-136.832,-136.6458,-137.3153,-138.8531,-140.3887,-141.9217,-143.4521,-144.9794,-146.5034,-147.1214,-148.6345,-150.1436,-151.6485,-153.149,-156.4858,-156.1356
111.8856,111.0764,110.2589,109.4329,108.5986,107.756,106.9052,106.0463,105.1793,104.3043,103.4213,102.5305,101.6318,101.4201,100.4998,99.57176,98.63617,99.03133,97.40515,97.09674,98.7161,100.2749,101.1364,103.2085,105.8275,107.7408,106.5333,104.114,101.7147,99.92349,98.1388,96.36084,94.02344,92.26683,90.51767,88.77616,87.04254,85.317,83.59977,81.89105,80.19106,79,77.80292,76.11511,75.39108,74.64598,73.87978,73.09247,72.28405,71.4545,70.60382,69.73201,68.83908,67.51828,66.59109,66.42429,64.6735
-92.23134,-93.2042,-94.16997,-95.12856,-96.07991,-97.02394,-97.96058,-98.88976,-99.81141,-100.7255,-101.6318,-102.5305,-103.4213,-105.0236,-105.9047,-106.7776,-107.6425,-109.9854,-110.0965,-111.697,-115.5817,-119.5029,-122.6883,-127.4519,-133.0434,-137.9019,-138.8368,-138.1639,-137.4595,-137.5329,-137.5855,-137.6175,-136.8049,-136.7912,-136.7573,-136.7033,-136.6294,-136.5357,-136.4224,-136.2896,-136.1374,-136.832,-137.5162,-137.3153,-138.8531,-140.3887,-141.9217,-143.4521,-144.9794,-146.5034,-148.024,-149.5408,-151.0536,-151.6485,-153.149,-156.4858,-156.1356
112.6572,111.0764,110.2589,109.4329,108.5986,107.756,106.9052,106.0463,105.1793,104.3043,103.4213,102.5305,102.3328,101.4201,100.4998,99.57176,98.63617,99.03133,98.06777,97.09674,98.7161,100.2749,101.1364,103.2085,105.8275,107.7408,106.5333,104.114,101.7147,100.5113,98.1388,96.36084,94.58984,92.26683,90.51767,88.77616,86.50524,85.317,83.59977,81.89105,80.19106,79,77.3105,76.11511,75.39108,74.64598,73.87978,73.09247,72.28405,71.4545,70.60382,69.73201,68.42439,67.51828,66.59109,66.42429,64.6735
-92.86742,-93.2042,-94.16997,-95.12856,-96.07991,-97.02394,-97.96058,-98.88976,-99.81141,-100.7255,-101.6318,-102.5305,-104.1346,-105.0236,-105.9047,-106.7776,-107.6425,-109.9854,-110.8454,-111.697,-115.5817,-119.5029,-122.6883,-127.4519,-133.0434,-137.9019,-138.8368,-138.1639,-137.4595,-138.3419,-137.5855,-137.6175,-137.6291,-136.7912,-136.7573,-136.7033,-135.786,-136.5357,-136.4224,-136.2896,-136.1374,-136.832,-136.6458,-137.3153,-138.8531,-140.3887,-141.9217,-143.4521,-144.9794,-146.5034,-148.024,-149.5408,-150.1436,-151.6485,-153.149,-156.4858,-156.1356
112.6572,111.0764,110.2589,109.4329,108.5986,107.756,106.9052,106.0463,105.1793,104.3043,104.1346,103.2376,101.6318,101.4201,100.4998,99.57176,98.63617,97.69307,98.06777,97.09674,98.7161,100.2749,101.7725,103.2085,105.8275,107.7408,106.5333,104.114,101.7147,99.92349,98.1388,96.36084,94.02344,92.26683,90.51767,88.77616,87.04254,85.317,83.59977,81.89105,80.19106,79,77.3105,76.11511,75.39108,74.64598,73.87978,73.09247,72.28405,71.01613,70.60382,69.30939,68.42439,67.92502,66.59109,66.81502,64.6735
-92.86742,-93.2042,-94.16997,-95.12856,-96.07991,-97.02394,-97.96058,-98.88976,-99.81141,-100.7255,-102.3328,-103.2376,-103.4213,-105.0236,-105.9047,-106.7776,-107.6425,-108.4991,-110.8454,-111.697,-115.5817,-119.5029,-123.4599,-127.4519,-133.0434,-137.9019,-138.8368,-138.1639,-137.4595,-137.5329,-137.5855,-137.6175,-136.8049,-136.7912,-136.7573,-136.7033,-136.6294,-136.5357,-136.4224,-136.2896,-136.1374,-136.832,-136.6458,-137.3153,-138.8531,-140.3887,-141.9217,-143.4521,-144.9794,-145.6046,-148.024,-148.6345,-150.1436,-152.5621,-153.149,-157.4063,-156.1356
112.6572,111.0764,110.2589,109.4329,108.5986,107.756,106.9052,106.0463,105.1793,105.0236,104.1346,102.5305,102.3328,100.7255,100.4998,100.9358,98.63617,97.69307,97.40515,97.09674,98.7161,100.2749,101.7725,103.2085,105.8275,107.7408,105.9245,104.114,102.3095,99.92349,98.1388,95.78726,94.02344,92.26683,90.51767,88.77616,87.57984,85.317,83.59977,81.89105,80.19106,79,77.3105,76.11511,75.39108,74.64598,73.87978,73.09247,72.28405,71.4545,70.17331,69.73201,68.42439,67.51828,66.59109,66.42429,64.6735
-92.86742,-93.2042,-94.16997,-95.12856,-96.07991,-97.02394,-97.96058,-98.88976,-99.81141,-101.4201,-102.3328,-102.5305,-104.1346,-104.3043,-105.9047,-108.2403,-107.6425,-108.4991,-110.0965,-111.697,-115.5817,-119.5029,-123.4599,-127.4519,-133.0434,-137.9019,-138.0435,-138.1639,-138.2634,-137.5329,-137.5855,-136.7984,-136.8049,-136.7912,-136.7573,-136.7033,-137.4728,-136.5357,-136.4224,-136.2896,-136.1374,-136.832,-136.6458,-137.3153,-138.8531,-140.3887,-141.9217,-143.4521,-144.9794,-146.5034,-147.1214,-149.5408,-150.1436,-151.6485,-153.149,-156.4858,-156.1356
112.6572,111.0764,110.2589,109.4329,108.5986,107.756,106.9052,106.0463,105.1793,104.3043,103.4213,102.5305,102.3328,101.4201,100.4998,99.57176,98.63617,97.69307,97.40515,97.09674,98.7161,99.63208,101.7725,103.2085,105.8275,107.7408,105.9245,104.114,101.7147,99.92349,98.1388,95.78726,94.02344,92.26683,90.51767,88.77616,87.04254,85.317,83.59977,82.40609,80.19106,79,77.80292,76.59992,75.39108,74.64598,73.87978,73.09247,72.28405,71.01613,70.60382,69.30939,68.42439,67.51828,66.59109,66.42429,63.52545
-92.86742,-93.2042,-94.16997,-95.12856,-96.07991,-97.02394,-97.96058,-98.88976,-99.81141,-100.7255,-101.6318,-102.5305,-104.1346,-105.0236,-105.9047,-106.7776,-107.6425,-108.4991,-110.0965,-111.697,-115.5817,-118.7369,-123.4599,-127.4519,-133.0434,-137.9019,-138.0435,-138.1639,-137.4595,-137.5329,-137.5855,-136.7984,-136.8049,-136.7912,-136.7573,-136.7033,-136.6294,-136.5357,-136.4224,-137.1468,-136.1374,-136.832,-137.5162,-138.1899,-138.8531,-140.3887,-141.9217,-143.4521,-144.9794,-145.6046,-148.024,-148.6345,-150.1436,-151.6485,-153.149,-156.4858,-153.364
112.6572,111.0764,110.2589,109.4329,108.5986,107.756,106.9052,106.0463,105.1793,104.3043,103.4213,102.5305,102.3328,101.4201,100.4998,99.57176,98.63617,97.69307,98.06777,97.09674,98.7161,100.2749,101.7725,103.2085,105.8275,107.7408,105.9245,104.114,101.7147,99.92349,98.1388,96.36084,94.02344,92.26683,90.51767,88.77616,87.04254,85.317,83.59977,81.89105,80.19106,79,77.80292,76.59992,75.39108,74.64598,73.87978,73.09247,72.28405,71.01613,70.60382,69.30939,68.42439,67.51828,66.59109,66.42429,64.6735
-92.86742,-93.2042,-94.16997,-95.12856,-96.07991,-97.02394,-97.96058,-98.88976,-99.81141,-100.7255,-101.6318,-102.5305,-104.1346,-105.0236,-105.9047,-106.7776,-107.6425,-108.4991,-110.8454,-111.697,-115.5817,-119.5029,-123.4599,-127.4519,-133.0434,-137.9019,-138.0435,-138.1639,-137.4595,-137.5329,-137.5855,-137.6175,-136.8049,-136.7912,-136.7573,-136.7033,-136.6294,-136.5357,-136.4224,-136.2896,-136.1374,-136.832,-137.5162,-138.1899,-138.8531,-140.3887,-141.9217,-143.4521,-144.9794,-145.6046,-148.024,-148.6345,-150.1436,-151.6485,-153.149,-156.4858,-156.1356
112.6572,111.0764,110.2589,109.4329,108.5986,107.756,106.9052,106.0463,105.1793,104.3043,103.4213,102.5305,102.3328,100.7255,100.4998,99.57176,98.63617,97.69307,98.06777,97.09674,98.7161,100.2749,101.7725,103.2085,105.8275,107.7408,106.5333,104.114,102.3095,99.92349,98.1388,96.36084,94.02344,92.26683,90.51767,88.77616,87.04254,85.317,83.59977,81.89105,80.19106,79,77.80292,76.11511,75.39108,74.64598,73.87978,73.09247,72.28405,71.4545,70.60382,69.73201,68.42439,67.51828,66.59109,66.42429,64.6735
-92.86742,-93.2042,-94.16997,-95.12856,-96.07991,-97.02394,-97.96058,-98.88976,-99.81141,-100.7255,-101.6318,-102.5305,-104.1346,-104.3043,-105.9047,-106.7776,-107.6425,-108.4991,-110.8454,-111.697,-115.5817,-119.5029,-123.4599,-127.4519,-133.0434,-137.9019,-138.8368,-138.1639,-138.2634,-137.5329,-137.5855,-137.6175,-136.8049,-136.7912,-136.7573,-136.7033,-136.6294,-136.5357,-136.4224,-136.2896,-136.1374,-136.832,-137.5162,-137.3153,-138.8531,-140.3887,-141.9217,-143.4521,-144.9794,-146.5034,-148.024,-149.5408,-150.1436,-151.6485,-153.149,-156.4858,-156.1356
112.6572,111.0764,109.4985,109.4329,108.5986,107.756,106.9052,106.0463,105.1793,104.3043,103.4213,103.2376,102.3328,101.4201,100.4998,99.57176,98.63617,97.69307,98.06777,97.09674,98.7161,100.2749,101.1364,103.2085,105.8275,107.7408,105.9245,104.114,101.7147,99.92349,98.1388,96.36084,94.02344,92.26683,90.51767,88.77616,87.04254,85.317,83.59977,81.89105,80.19106,79,77.80292,76.11511,75.39108,74.64598,73.87978,73.09247,72.28405,71.4545,70.17331,69.73201,68.42439,67.51828,66.59109,66.42429,64.6735
-92.86742,-93.2042,-93.52052,-95.12856,-96.07991,-97.02394,-97.96058,-98.88976,-99.81141,-100.7255,-101.6318,-103.2376,-104.1346,-105.0236,-105.9047,-106.7776,-107.6425,-108.4991,-110.8454,-111.697,-115.5817,-119.5029,-122.6883,-127.4519,-133.0434,-137.9019,-138.0435,-138.1639,-137.4595,-137.5329,-137.5855,-137.6175,-136.8049,-136.7912,-136.7573,-136.7033,-136.6294,-136.5357,-136.4224,-136.2896,-136.1374,-136.832,-137.5162,-137.3153,-138.8531,-140.3887,-141.9217,-143.4521,-144.9794,-146.5034,-147.1214,-149.5408,-150.1436,-151.6485,-153.149,-156.4858,-156.1356
112.6572,111.0764,110.2589,109.4329,108.5986,107.756,106.9052,106.0463,105.1793,104.3043,103.4213,102.5305,102.3328,101.4201,100.4998,99.57176,98.63617,97.69307,98.06777,97.09674,98.7161,100.2749,101.7725,103.2085,105.8275,107.7408,106.5333,104.114,102.3095,99.92349,98.1388,95.78726,94.02344,92.26683,90.51767,88.77616,86.50524,85.317,83.59977,81.89105,80.19106,79,77.80292,76.59992,75.39108,74.64598,73.87978,73.09247,72.28405,71.4545,70.60382,69.73201,68.83908,67.51828,66.98984,66.81502,64.29082
-92.86742,-93.2042,-94.16997,-95.12856,-96.07991,-97.02394,-97.96058,-98.88976,-99.81141,-100.7255,-101.6318,-102.5305,-104.1346,-105.0236,-105.9047,-106.7776,-107.6425,-108.4991,-110.8454,-111.697,-115.5817,-119.5029,-123.4599,-127.4519,-133.0434,-137.9019,-138.8368,-138.1639,-138.2634,-137.5329,-137.5855,-136.7984,-136.8049,-136.7912,-136.7573,-136.7033,-135.786,-136.5357,-136.4224,-136.2896,-136.1374,-136.832,-137.5162,-138.1899,-138.8531,-140.3887,-141.9217,-143.4521,-144.9794,-146.5034,-148.024,-149.5408,-151.0536,-151.6485,-154.0661,-157.4063,-155.2118
112.6572,111.0764,109.4985,109.4329,108.5986,107.756,106.9052,106.0463,105.1793,104.3043,103.4213,102.5305,102.3328,101.4201,100.4998,99.57176,98.63617,97.69307,98.06777,97.09674,98.7161,100.2749,101.1364,103.8379,105.8275,107.7408,105.9245,104.114,101.7147,99.92349,97.5581,96.36084,94.02344,92.26683,90.51767,88.77616,86.50524,85.317,83.59977,81.89105,80.19106,79,77.80292,76.11511,75.39108,74.64598,73.87978,73.09247,72.28405,71.4545,70.60382,69.30939,68.42439,67.51828,66.59109,66.81502,64.6735
-92.86742,-93.2042,-93.52052,-95.12856,-96.07991,-97.02394,-97.96058,-98.88976,-99.81141,-100.7255,-101.6318,-102.5305,-104.1346,-105.0236,-105.9047,-106.7776,-107.6425,-108.4991,-110.8454,-111.697,-115.5817,-119.5029,-122.6883,-128.2291,-133.0434,-137.9019,-138.0435,-138.1639,-137.4595,-137.5329,-136.7714,-137.6175,-136.8049,-136.7912,-136.7573,-136.7033,-135.786,-136.5357,-136.4224,-136.2896,-136.1374,-136.832,-137.5162,-137.3153,-138.8531,-140.3887,-141.9217,-143.4521,-144.9794,-146.5034,-148.024,-148.6345,-150.1436,-151.6485,-153.149,-157.4063,-156.1356
112.6572,111.0764,110.2589,109.4329,108.5986,107.756,106.9052,106.0463,105.1793,104.3043,103.4213,102.5305,101.6318,101.4201,100.4998,99.57176,98.63617,97.69307,97.40515,97.09674,98.7161,100.2749,101.1364,103.2085,105.8275,107.7408,106.5333,104.114,102.3095,99.92349,98.1388,96.36084,94.02344,92.26683,90.51767,88.77616,87.04254,85.317,83.59977,81.89105,80.19106,79,77.80292,76.11511,75.39108,74.64598,73.87978,73.09247,72.28405,71.4545,70.17331,69.73201,68.83908,67.51828,66.59109,66.42429,64.6735
-92.86742,-93.2042,-94.16997,-95.12856,-96.07991,-97.02394,-97.96058,-98.88976,-99.81141,-100.7255,-101.6318,-102.5305,-103.4213,-105.0236,-105.9047,-106.7776,-107.6425,-108.4991,-110.0965,-111.697,-115.5817,-119.5029,-122.6883,-127.4519,-133.0434,-137.9019,-138.8368,-138.1639,-138.2634,-137.5329,-137.5855,-137.6175,-136.8049,-136.7912,-136.7573,-136.7033,-136.6294,-136.5357,-136.4224,-136.2896,-136.1374,-136.832,-137.5162,-137.3153,-138.8531,-140.3887,-141.9217,-143.4521,-144.9794,-146.5034,-147.1214,-149.5408,-151.0536,-151.6485,-153.149,-156.4858,-156.1356
112.6572,111.0764,110.2589,109.4329,108.5986,107.756,106.9052,106.0463,105.1793,104.3043,103.4213,103.2376,102.3328,101.4201,100.4998,99.57176,98.63617,97.69307,98.06777,97.09674,98.7161,100.2749,101.1364,103.2085,105.8275,107.7408,105.9245,104.114,102.3095,99.92349,98.1388,96.36084,94.02344,92.26683,90.51767,88.77616,86.50524,84.78708,83.59977,81.89105,80.19106,79,77.3105,76.11511,75.39108,74.64598,73.87978,73.09247,72.28405,71.4545,70.60382,69.73201,68.83908,67.51828,66.98984,66.42429,64.6735
-92.86742,-93.2042,-94.16997,-95.12856,-96.07991,-97.02394,-97.96058,-98.88976,-99.81141,-100.7255,-101.6318,-103.2376,-104.1346,-105.0236,-105.9047,-106.7776,-107.6425,-108.4991,-110.8454,-111.697,-115.5817,-119.5029,-122.6883,-127.4519,-133.0434,-137.9019,-138.0435,-138.1639,-138.2634,-137.5329,-137.5855,-137.6175,-136.8049,-136.7912,-136.7573,-136.7033,-135.786,-135.6877,-136.4224,-136.2896,-136.1374,-136.832,-136.6458,-137.3153,-138.8531,-140.3887,-141.9217,-143.4521,-144.9794,-146.5034,-148.024,-149.5408,-151.0536,-151.6485,-154.0661,-156.4858,-156.1356
112.6572,111.0764,110.2589,109.4329,108.5986,107.756,106.9052,106.0463,105.1793,104.3043,103.4213,103.2376,102.3328,101.4201,100.4998,99.57176,98.63617,99.03133,98.06777,97.09674,98.7161,100.2749,101.1364,103.2085,105.8275,107.7408,106.5333,104.114,101.7147,99.92349,98.1388,95.78726,94.02344,92.26683,90.51767,88.77616,87.04254,85.317,83.59977,82.40609,80.19106,79,77.80292,76.59992,75.39108,74.64598,73.87978,73.09247,72.28405,71.4545,70.60382,69.73201,68.42439,67.92502,66.98984,66.81502,63.90813
-92.86742,-93.2042,-94.16997,-95.12856,-96.07991,-97.02394,-97.96058,-98.88976,-99.81141,-100.7255,-101.6318,-103.2376,-104.1346,-105.0236,-105.9047,-106.7776,-107.6425,-109.9854,-110.8454,-111.697,-115.5817,-119.5029,-122.6883,-127.4519,-133.0434,-137.9019,-138.8368,-138.1639,-137.4595,-137.5329,-137.5855,-136.7984,-136.8049,-136.7912,-136.7573,-136.7033,-136.6294,-136.5357,-136.4224,-137.1468,-136.1374,-136.832,-137.5162,-138.1899,-138.8531,-140.3887,-141.9217,-143.4521,-144.9794,-146.5034,-148.024,-149.5408,-150.1436,-152.5621,-154.0661,-157.4063,-154.2879
112.6572,111.0764,110.2589,109.4329,108.5986,107.756,106.9052,106.0463,105.1793,104.3043,103.4213,102.5305,102.3328,101.4201,100.4998,99.57176,98.63617,97.69307,98.06777,97.09674,98.7161,100.2749,101.1364,103.2085,105.8275,107.7408,106.5333,104.114,101.7147,99.92349,98.1388,96.36084,94.02344,92.26683,90.51767,88.23152,87.04254,85.317,83.59977,81.89105,80.19106,79,77.80292,76.11511,75.39108,74.64598,73.87978,73.09247,72.28405,71.4545,70.60382,69.73201,68.42439,67.92502,66.98984,66.81502,64.6735
-92.86742,-93.2042,-94.16997,-95.12856,-96.07991,-97.02394,-97.96058,-98.88976,-99.81141,-100.7255,-101.6318,-102.5305,-104.1346,-105.0236,-105.9047,-106.7776,-107.6425,-108.4991,-110.8454,-111.697,-115.5817,-119.5029,-122.6883,-127.4519,-133.0434,-137.9019,-138.8368,-138.1639,-137.4595,-137.5329,-137.5855,-137.6175,-136.8049,-136.7912,-136.7573,-135.8646,-136.6294,-136.5357,-136.4224,-136.2896,-136.1374,-136.832,-137.5162,-137.3153,-138.8531,-140.3887,-141.9217,-143.4521,-144.9794,-146.5034,-148.024,-149.5408,-150.1436,-152.5621,-154.0661,-157.4063,-156.1356
112.6572,111.0764,110.2589,109.4329,108.5986,107.756,106.9052,106.0463,105.1793,104.3043,103.4213,102.5305,102.3328,101.4201,100.4998,99.57176,98.63617,99.03133,98.06777,97.09674,98.7161,100.9177,101.1364,103.8379,105.8275,107.7408,105.9245,104.114,102.3095,99.92349,98.1388,95.78726,94.58984,92.26683,90.51767,88.23152,87.04254,85.84692,83.59977,81.89105,80.19106,79,77.3105,76.59992,75.39108,74.64598,73.87978,73.54646,72.28405,71.4545,70.60382,69.73201,68.42439,67.51828,66.98984,66.42429,64.6735
-92.86742,-93.2042,-94.16997,-95.12856,-96.07991,-97.02394,-97.96058,-98.88976,-99.81141,-100.7255,-101.6318,-102.5305,-104.1346,-105.0236,-105.9047,-106.7776,-107.6425,-109.9854,-110.8454,-111.697,-115.5817,-120.269,-122.6883,-128.2291,-133.0434,-137.9019,-138.0435,-138.1639,-138.2634,-137.5329,-137.5855,-136.7984,-137.6291,-136.7912,-136.7573,-135.8646,-136.6294,-137.3838,-136.4224,-136.2896,-136.1374,-136.832,-136.6458,-138.1899,-138.8531,-140.3887,-141.9217,-144.3431,-144.9794,-146.5034,-148.024,-149.5408,-150.1436,-151.6485,-154.0661,-156.4858,-156.1356
112.6572,111.0764,110.2589,109.4329,108.5986,107.756,106.9052,106.0463,105.1793,104.3043,103.4213,103.2376,102.3328,101.4201,100.4998,99.57176,99.98735,97.69307,98.06777,97.09674,98.7161,100.2749,101.7725,103.2085,105.8275,107.7408,106.5333,104.114,101.7147,100.5113,98.1388,96.36084,94.02344,92.26683,90.51767,88.77616,87.04254,85.317,83.59977,81.89105,80.19106,79,77.80292,76.11511,75.39108,74.64598,73.87978,73.09247,72.28405,71.4545,70.60382,69.73201,68.42439,67.92502,66.59109,66.42429,64.6735
-92.86742,-93.2042,-94.16997,-95.12856,-96.07991,-97.02394,-97.96058,-98.88976,-99.81141,-100.7255,-101.6318,-103.2376,-104.1346,-105.0236,-105.9047,-106.7776,-109.117,-108.4991,-110.8454,-111.697,-115.5817,-119.5029,-123.4599,-127.4519,-133.0434,-137.9019,-138.8368,-138.1639,-137.4595,-138.3419,-137.5855,-137.6175,-136.8049,-136.7912,-136.7573,-136.7033,-136.6294,-136.5357,-136.4224,-136.2896,-136.1374,-136.832,-137.5162,-137.3153,-138.8531,-140.3887,-141.9217,-143.4521,-144.9794,-146.5034,-148.024,-149.5408,-150.1436,-152.5621,-153.149,-156.4858,-156.1356
112.6572,111.0764,110.2589,109.4329,108.5986,107.756,106.9052,106.0463,105.1793,104.3043,103.4213,102.5305,102.3328,101.4201,100.4998,99.57176,98.63617,99.03133,98.73039,97.09674,98.7161,100.2749,101.7725,103.2085,105.8275,107.7408,105.9245,104.114,101.7147,99.92349,98.1388,96.36084,94.02344,92.26683,90.51767,88.77616,87.04254,85.317,83.59977,81.89105,80.19106,79,77.80292,76.11511,75.39108,74.64598,73.87978,73.09247,72.28405,71.4545,70.60382,69.73201,68.83908,67.51828,66.59109,66.81502,64.6735
-92.86742,-93.2042,-94.16997,-95.12856,-96.07991,-97.02394,-97.96058,-98.88976,-99.81141,-100.7255,-101.6318,-102.5305,-104.1346,-105.0236,-105.9047,-106.7776,-107.6425,-109.9854,-111.5944,-111.697,-115.5817,-119.5029,-123.4599,-127.4519,-133.0434,-137.9019,-138.0435,-138.1639,-137.4595,-137.5329,-137.5855,-137.6175,-136.8049,-136.7912,-136.7573,-136.7033,-136.6294,-136.5357,-136.4224,-136.2896,-136.1374,-136.832,-137.5162,-137.3153,-138.8531,-140.3887,-141.9217,-143.4521,-144.9794,-146.5034,-148.024,-149.5408,-151.0536,-151.6485,-153.149,-157.4063,-156.1356
112.6572,111.0764,110.2589,109.4329,108.5986,107.756,106.9052,106.0463,105.1793,104.3043,103.4213,102.5305,102.3328,101.4201,100.4998,99.57176,98.63617,97.69307,98.06777,97.09674,98.7161,100.2749,101.7725,103.8379,105.8275,107.7408,106.5333,104.114,101.7147,99.92349,98.1388,96.36084,94.02344,92.26683,90.51767,88.77616,86.50524,84.78708,83.59977,81.89105,80.19106,79,77.3105,76.11511,75.39108,74.64598,73.87978,73.09247,72.28405,71.4545,70.60382,69.73201,68.42439,67.51828,66.59109,66.81502,65.05618
-92.86742,-93.2042,-94.16997,-95.12856,-96.07991,-97.02394,-97.96058,-98.88976,-99.81141,-100.7255,-101.6318,-102.5305,-104.1346,-105.0236,-105.9047,-106.7776,-107.6425,-108.4991,-110.8454,-111.697,-115.5817,-119.5029,-123.4599,-128.2291,-133.0434,-137.9019,-138.8368,-138.1639,-137.4595,-137.5329,-137.5855,-137.6175,-136.8049,-136.7912,-136.7573,-136.7033,-135.786,-135.6877,-136.4224,-136.2896,-136.1374,-136.832,-136.6458,-137.3153,-138.8531,-140.3887,-141.9217,-143.4521,-144.9794,-146.5034,-148.024,-149.5408,-150.1436,-151.6485,-153.149,-157.4063,-157.0595
112.6572,111.0764,110.2589,109.4329,108.5986,107.756,106.9052,106.0463,105.1793,104.3043,103.4213,102.5305,102.3328,101.4201,100.4998,99.57176,98.63617,97.69307,98.73039,97.09674,98.7161,100.2749,101.7725,103.2085,105.8275,107.7408,106.5333,104.114,102.3095,99.92349,98.1388,96.36084,94.02344,92.26683,90.51767,88.77616,86.50524,84.78708,83.59977,81.89105,80.19106,79,77.80292,76.11511,75.39108,74.64598,73.87978,73.09247,72.28405,71.4545,70.60382,69.30939,68.42439,67.92502,66.98984,66.81502,64.6735
-92.86742,-93.2042,-94.16997,-95.12856,-96.07991,-97.02394,-97.96058,-98.88976,-99.81141,-100.7255,-101.6318,-102.5305,-104.1346,-105.0236,-105.9047,-106.7776,-107.6425,-108.4991,-111.5944,-111.697,-115.5817,-119.5029,-123.4599,-127.4519,-133.0434,-137.9019,-138.8368,-138.1639,-138.2634,-137.5329,-137.5855,-137.6175,-136.8049,-136.7912,-136.7573,-136.7033,-135.786,-135.6877,-136.4224,-136.2896,-136.1374,-136.832,-137.5162,-137.3153,-138.8531,-140.3887,-141.9217,-143.4521,-144.9794,-146.5034,-148.024,-148.6345,-150.1436,-152.5621,-154.0661,-157.4063,-156.1356
112.6572,111.0764,110.2589,109.4329,108.5986,107.756,106.9052,106.0463,105.9047,104.3043,104.1346,102.5305,101.6318,101.4201,100.4998,99.57176,98.63617,99.03133,98.06777,97.09674,98.7161,100.2749,101.7725,103.8379,105.8275,107.7408,105.9245,104.114,102.3095,99.92349,98.1388,96.36084,94.02344,92.26683,90.51767,88.77616,87.04254,85.317,83.59977,81.89105,80.19106,79,77.80292,76.11511,75.86824,74.64598,73.87978,73.09247,72.28405,71.4545,70.60382,69.73201,68.83908,67.92502,66.59109,66.81502,64.6735
-92.86742,-93.2042,-94.16997,-95.12856,-96.07991,-97.02394,-97.96058,-98.88976,-100.4998,-100.7255,-102.3328,-102.5305,-103.4213,-105.0236,-105.9047,-106.7776,-107.6425,-109.9854,-110.8454,-111.697,-115.5817,-119.5029,-123.4599,-128.2291,-133.0434,-137.9019,-138.0435,-138.1639,-138.2634,-137.5329,-137.5855,-137.6175,-136.8049,-136.7912,-136.7573,-136.7033,-136.6294,-136.5357,-136.4224,-136.2896,-136.1374,-136.832,-137.5162,-137.3153,-139.7319,-140.3887,-141.9217,-143.4521,-144.9794,-146.5034,-148.024,-149.5408,-151.0536,-152.5621,-153.149,-157.4063,-156.1356
112.6572,111.0764,109.4985,109.4329,108.5986,107.756,106.9052,106.0463,105.1793,104.3043,103.4213,102.5305,102.3328,101.4201,100.4998,99.57176,98.63617,97.69307,98.06777,97.09674,98.7161,100.2749,101.1364,103.2085,105.8275,107.7408,105.9245,104.114,102.3095,99.92349,98.1388,96.36084,94.02344,92.26683,90.51767,88.77616,87.57984,84.78708,83.59977,81.89105,80.19106,79,77.80292,76.11511,75.39108,74.64598,73.87978,73.09247,72.28405,71.4545,70.17331,69.73201,68.83908,67.51828,66.98984,66.42429,64.6735
-92.86742,-93.2042,-93.52052,-95.12856,-96.07991,-97.02394,-97.96058,-98.88976,-99.81141,-100.7255,-101.6318,-102.5305,-104.1346,-105.0236,-105.9047,-106.7776,-107.6425,-108.4991,-110.8454,-111.697,-115.5817,-119.5029,-122.6883,-127.4519,-133.0434,-137.9019,-138.0435,-138.1639,-138.2634,-137.5329,-137.5855,-137.6175,-136.8049,-136.7912,-136.7573,-136.7033,-137.4728,-135.6877,-136.4224,-136.2896,-136.1374,-136.832,-137.5162,-137.3153,-138.8531,-140.3887,-141.9217,-143.4521,-144.9794,-146.5034,-147.1214,-149.5408,-151.0536,-151.6485,-154.0661,-156.4858,-156.1356
112.6572,111.0764,110.2589,109.4329,108.5986,107.756,106.9052,106.0463,105.1793,104.3043,103.4213,102.5305,102.3328,101.4201,100.4998,99.57176,98.63617,97.69307,97.40515,97.09674,98.7161,100.2749,101.7725,103.2085,105.8275,107.7408,105.9245,104.114,102.3095,99.92349,98.1388,96.36084,94.02344,92.26683,90.51767,88.77616,87.04254,84.78708,83.59977,81.89105,80.19106,79,77.80292,76.59992,75.39108,74.64598,73.87978,73.09247,72.28405,71.4545,70.60382,69.73201,68.42439,67.51828,66.59109,66.42429,64.6735
-92.86742,-93.2042,-94.16997,-95.12856,-96.07991,-97.02394,-97.96058,-98.88976,-99.81141,-100.7255,-101.6318,-102.5305,-104.1346,-105.0236,-105.9047,-106.7776,-107.6425,-108.4991,-110.0965,-111.697,-115.5817,-119.5029,-123.4599,-127.4519,-133.0434,-137.9019,-138.0435,-138.1639,-138.2634,-137.5329,-137.5855,-137.6175,-136.8049,-136.7912,-136.7573,-136.7033,-136.6294,-135.6877,-136.4224,-136.2896,-136.1374,-136.832,-137.5162,-138.1899,-138.8531,-140.3887,-141.9217,-143.4521,-144.9794,-146.5034,-148.024,-149.5408,-150.1436,-151.6485,-153.149,-156.4858,-156.1356
112.6572,111.0764,110.2589,109.4329,108.5986,107.756,106.9052,106.0463,105.1793,104.3043,103.4213,102.5305,102.3328,101.4201,100.4998,99.57176,98.63617,97.69307,98.06777,97.09674,98.7161,100.2749,101.1364,103.2085,105.8275,107.7408,106.5333,104.114,101.7147,99.92349,98.1388,96.36084,94.02344,92.26683,90.51767,88.77616,87.04254,85.317,83.59977,81.89105,80.19106,79,77.3105,76.11511,75.39108,74.64598,73.87978,73.09247,72.28405,71.4545,70.60382,69.73201,68.42439,67.51828,66.59109,66.42429,64.29082
-92.86742,-93.2042,-94.16997,-95.12856,-96.07991,-97.02394,-97.96058,-98.88976,-99.81141,-100.7255,-101.6318,-102.5305,-104.1346,-105.0236,-105.9047,-106.7776,-107.6425,-108.4991,-110.8454,-111.697,-115.5817,-119.5029,-122.6883,-127.4519,-133.0434,-137.9019,-138.8368,-138.1639,-137.4595,-137.5329,-137.5855,-137.6175,-136.8049,-136.7912,-136.7573,-136.7033,-136.6294,-136.5357,-136.4224,-136.2896,-136.1374,-136.832,-136.6458,-137.3153,-138.8531,-140.3887,-141.9217,-143.4521,-144.9794,-146.5034,-148.024,-149.5408,-150.1436,-151.6485,-153.149,-156.4858,-155.2118
112.6572,111.0764,110.2589,109.4329,108.5986,107.0129,106.9052,106.0463,105.1793,104.3043,103.4213,102.5305,101.6318,101.4201,100.4998,99.57176,98.63617,99.03133,98.06777,97.09674,98.7161,100.2749,101.1364,103.2085,105.8275,107.7408,106.5333,103.5122,102.3095,99.92349,98.1388,96.36084,94.02344,92.26683,90.51767,88.77616,86.50524,85.84692,83.59977,81.89105,80.19106,79,77.3105,76.59992,75.39108,74.64598,73.87978,73.09247,72.28405,71.4545,70.60382,69.73201,68.42439,67.51828,66.59109,66.42429,64.6735
-92.86742,-93.2042,-94.16997,-95.12856,-96.07991,-96.35481,-97.96058,-98.88976,-99.81141,-100.7255,-101.6318,-102.5305,-103.4213,-105.0236,-105.9047,-106.7776,-107.6425,-109.9854,-110.8454,-111.697,-115.5817,-119.5029,-122.6883,-127.4519,-133.0434,-137.9019,-138.8368,-137.3653,-138.2634,-137.5329,-137.5855,-137.6175,-136.8049,-136.7912,-136.7573,-136.7033,-135.786,-137.3838,-136.4224,-136.2896,-136.1374,-136.832,-136.6458,-138.1899,-138.8531,-140.3887,-141.9217,-143.4521,-144.9794,-146.5034,-148.024,-149.5408,-150.1436,-151.6485,-153.149,-156.4858,-156.1356
111.8856,111.8425,111.0193,110.1876,109.3475,108.4991,107.6425,106.7776,105.9047,105.0236,104.1346,103.2376,103.0337,102.1148,101.1881,100.2538,99.31176,98.3622,98.73039,97.09674,98.7161,100.2749,101.7725,103.2085,105.8275,107.7408,105.9245,104.114,101.7147,99.92349,98.1388,96.36084,94.58984,92.26683,90.51767,88.23152,86.50524,84.78708,83.59977,81.89105,80.19106,79,77.80292,76.11511,75.39108,74.64598,73.87978,73.09247,72.28405,71.01613,70.60382,69.73201,68.42439,67.92502,66.98984,66.42429,64.6735
-92.23134,-93.84699,-94.81942,-95.78462,-96.74253,-97.69307,-98.63617,-99.57176,-100.4998,-101.4201,-102.3328,-103.2376,-104.8478,-105.743,-106.63,-107.509,-108.3798,-109.2423,-111.5944,-111.697,-115.5817,-119.5029,-123.4599,-127.4519,-133.0434,-137.9019,-138.0435,-138.1639,-137.4595,-137.5329,-137.5855,-137.6175,-137.6291,-136.7912,-136.7573,-135.8646,-135.786,-135.6877,-136.4224,-136.2896,-136.1374,-136.832,-137.5162,-137.3153,-138.8531,-140.3887,-141.9217,-143.4521,-144.9794,-145.6046,-148.024,-149.5408,-150.1436,-152.5621,-154.0661,-156.4858,-156.1356
112.6572,111.8425,111.0193,110.1876,109.3475,108.4991,107.6425,106.7776,105.9047,105.743,104.1346,103.2376,103.0337,102.1148,101.1881,100.2538,99.31176,98.3622,98.06777,97.09674,98.7161,100.2749,101.1364,103.2085,105.8275,107.7408,105.9245,104.114,102.3095,100.5113,98.1388,96.36084,94.02344,92.26683,90.51767,88.77616,86.50524,85.317,83.59977,81.89105,79.68352,78.5,77.80292,76.11511,75.39108,74.64598,73.87978,73.09247,72.28405,71.01613,70.17331,69.73201,68.83908,67.51828,66.59109,66.42429,64.6735
-92.86742,-93.84699,-94.81942,-95.78462,-96.74253,-97.69307,-98.63617,-99.57176,-100.4998,-102.1148,-102.3328,-103.2376,-104.8478,-105.743,-106.63,-107.509,-108.3798,-109.2423,-110.8454,-111.697,-115.5817,-119.5029,-122.6883,-127.4519,-133.0434,-137.9019,-138.0435,-138.1639,-138.2634,-138.3419,-137.5855,-137.6175,-136.8049,-136.7912,-136.7573,-136.7033,-135.786,-136.5357,-136.4224,-136.2896,-135.2758,-135.966,-137.5162,-137.3153,-138.8531,-140.3887,-141.9217,-143.4521,-144.9794,-145.6046,-147.1214,-149.5408,-151.0536,-151.6485,-153.149,-156.4858,-156.1356
112.6572,111.8425,111.0193,110.1876,109.3475,108.4991,107.6425,106.7776,105.9047,105.0236,104.1346,103.2376,103.0337,102.1148,101.1881,100.2538,99.31176,98.3622,97.40515,97.09674,98.7161,100.2749,101.7725,103.2085,105.8275,107.7408,105.9245,104.114,102.3095,99.92349,98.1388,96.36084,94.58984,92.26683,90.51767,88.77616,86.50524,85.317,83.59977,81.89105,80.19106,79,77.80292,76.11511,75.39108,74.64598,73.87978,73.09247,72.28405,71.4545,70.17331,69.73201,68.42439,67.51828,66.59109,66.03356,64.29082
-92.86742,-93.84699,-94.81942,-95.78462,-96.74253,-97.69307,-98.63617,-99.57176,-100.4998,-101.4201,-102.3328,-103.2376,-104.8478,-105.743,-106.63,-107.509,-108.3798,-109.2423,-110.0965,-111.697,-115.5817,-119.5029,-123.4599,-127.4519,-133.0434,-137.9019,-138.0435,-138.1639,-138.2634,-137.5329,-137.5855,-137.6175,-137.6291,-136.7912,-136.7573,-136.7033,-135.786,-136.5357,-136.4224,-136.2896,-136.1374,-136.832,-137.5162,-137.3153,-138.8531,-140.3887,-141.9217,-143.4521,-144.9794,-146.5034,-147.1214,-149.5408,-150.1436,-151.6485,-153.149,-155.5653,-155.2118
