189.0278,187.6674,187.2671,187.8206,188.3555,186.9443,187.446,187.9287,187.4357,186.9285,186.4071,186.8198,186.2672,185.7004,186.0591,192.0178,195.1183,202.831,205.8348,204.1774,201.5906,199.002,195.4987,193.8218,191.2309,189.5429,187.848,185.2514,183.5473,182.7242,182.7702,182.794,182.7955,182.7747,182.7314,182.6654,182.5766,182.465,183.1784,183.0159
-43.6405,-45.05496,-46.69093,-48.57372,-50.46971,-51.84424,-53.74928,-55.66701,-57.30485,-58.93834,-60.56733,-62.50902,-64.13693,-65.75995,-67.71999,-71.79251,-74.8989,-79.89727,-83.16266,-84.57304,-85.57012,-86.52855,-87.04164,-88.32966,-89.17245,-90.40733,-91.61957,-92.36295,-93.52204,-95.12021,-97.18061,-99.24902,-101.3252,-103.4089,-105.5,-107.5981,-109.7031,-111.8147,-114.4626,-116.594
189.0278,187.6674,188.2374,188.7888,188.3555,187.9079,187.446,186.9698,187.4357,186.9285,187.3581,186.8198,185.3216,185.7004,186.9988,191.0811,195.1183,202.831,205.8348,204.1774,201.5906,199.002,195.4987,193.8218,191.2309,189.5429,186.9492,185.2514,183.5473,182.7242,182.7702,182.794,182.7955,182.7747,182.7314,182.6654,182.5766,182.465,183.1784,182.1726
-43.6405,-45.05496,-46.93285,-48.8241,-50.46971,-52.11148,-53.74928,-55.38299,-57.30485,-58.93834,-60.87635,-62.50902,-63.81136,-65.75995,-68.06201,-71.44231,-74.8989,-79.89727,-83.16266,-84.57304,-85.57012,-86.52855,-87.04164,-88.32966,-89.17245,-90.40733,-91.1812,-92.36295,-93.52204,-95.12021,-97.18061,-99.24902,-101.3252,-103.4089,-105.5,-107.5981,-109.7031,-111.8147,-114.4626,-116.0567
188.0534,187.6674,187.2671,188.7888,187.3896,187.9079,187.446,186.9698,187.4357,186.9285,187.3581,186.8198,186.2672,185.7004,186.0591,192.0178,195.1183,202.831,205.8348,204.1774,201.5906,199.002,195.4987,193.8218,192.1373,189.5429,187.848,185.2514,183.5473,183.6112,182.7702,182.794,182.7955,181.9043,182.7314,182.6654,182.5766,182.465,183.1784,183.0159
-43.41555,-45.05496,-46.69093,-48.8241,-50.21089,-52.11148,-53.74928,-55.38299,-57.30485,-58.93834,-60.87635,-62.50902,-64.13693,-65.75995,-67.71999,-71.79251,-74.8989,-79.89727,-83.16266,-84.57304,-85.57012,-86.52855,-87.04164,-88.32966,-89.59507,-90.40733,-91.61957,-92.36295,-93.52204,-95.58196,-97.18061,-99.24902,-101.3252,-102.9165,-105.5,-107.5981,-109.7031,-111.8147,-114.4626,-116.594
189.0278,187.6674,188.2374,187.8206,188.3555,187.9079,187.446,187.9287,187.4357,186.9285,187.3581,185.8714,186.2672,185.7004,186.9988,192.0178,196.0519,202.831,205.8348,204.1774,201.5906,199.002,196.4123,194.7317,191.2309,189.5429,186.9492,185.2514,183.5473,182.7242,182.7702,182.794,182.7955,182.7747,182.7314,183.527,183.4338,183.3176,183.1784,182.1726
-43.6405,-45.05496,-46.93285,-48.57372,-50.46971,-52.11148,-53.74928,-55.66701,-57.30485,-58.93834,-60.87635,-62.19171,-64.13693,-65.75995,-68.06201,-71.79251,-75.25727,-79.89727,-83.16266,-84.57304,-85.57012,-86.52855,-87.44838,-88.74435,-89.17245,-90.40733,-91.1812,-92.36295,-93.52204,-95.12021,-97.18061,-99.24902,-101.3252,-103.4089,-105.5,-108.1057,-110.2181,-112.3372,-114.4626,-116.0567
189.0278,187.6674,187.2671,187.8206,188.3555,187.9079,187.446,187.9287,187.4357,186.9285,187.3581,186.8198,186.2672,185.7004,186.0591,192.0178,196.0519,202.831,205.8348,204.1774,201.5906,199.002,196.4123,194.7317,191.2309,189.5429,187.848,185.2514,183.5473,182.7242,182.7702,182.794,182.7955,182.7747,182.7314,183.527,182.5766,183.3176,182.3303,183.0159
-43.6405,-45.05496,-46.69093,-48.57372,-50.46971,-52.11148,-53.74928,-55.66701,-57.30485,-58.93834,-60.87635,-62.50902,-64.13693,-65.75995,-67.71999,-71.79251,-75.25727,-79.89727,-83.16266,-84.57304,-85.57012,-86.52855,-87.44838,-88.74435,-89.17245,-90.40733,-91.61957,-92.36295,-93.52204,-95.12021,-97.18061,-99.24902,-101.3252,-103.4089,-105.5,-108.1057,-109.7031,-112.3372,-113.9326,-116.594
189.0278,187.6674,187.2671,188.7888,187.3896,187.9079,187.446,187.9287,187.4357,186.9285,186.4071,186.8198,186.2672,185.7004,186.0591,191.0811,196.0519,202.831,205.8348,204.1774,201.5906,199.002,196.4123,194.7317,191.2309,189.5429,186.9492,185.2514,183.5473,182.7242,182.7702,182.794,182.7955,182.7747,181.8653,183.527,183.4338,183.3176,183.1784,183.0159
-43.6405,-45.05496,-46.69093,-48.8241,-50.21089,-52.11148,-53.74928,-55.66701,-57.30485,-58.93834,-60.56733,-62.50902,-64.13693,-65.75995,-67.71999,-71.44231,-75.25727,-79.89727,-83.16266,-84.57304,-85.57012,-86.52855,-87.44838,-88.74435,-89.17245,-90.40733,-91.1812,-92.36295,-93.52204,-95.12021,-97.18061,-99.24902,-101.3252,-103.4089,-105,-108.1057,-110.2181,-112.3372,-114.4626,-116.594
189.0278,187.6674,187.2671,188.7888,188.3555,187.9079,187.446,187.9287,187.4357,186.9285,187.3581,186.8198,186.2672,185.7004,186.0591,192.0178,196.0519,202.831,205.8348,204.1774,201.5906,199.002,196.4123,194.7317,191.2309,189.5429,186.9492,185.2514,183.5473,182.7242,182.7702,182.794,182.7955,182.7747,182.7314,183.527,183.4338,183.3176,183.1784,183.0159
-43.6405,-45.05496,-46.69093,-48.8241,-50.46971,-52.11148,-53.74928,-55.66701,-57.30485,-58.93834,-60.87635,-62.50902,-64.13693,-65.75995,-67.71999,-71.79251,-75.25727,-79.89727,-83.16266,-84.57304,-85.57012,-86.52855,-87.44838,-88.74435,-89.17245,-90.40733,-91.1812,-92.36295,-93.52204,-95.12021,-97.18061,-99.24902,-101.3252,-103.4089,-105.5,-108.1057,-110.2181,-112.3372,-114.4626,-116.594
189.0278,187.6674,187.2671,188.7888,187.3896,187.9079,187.446,187.9287,187.4357,186.9285,186.4071,186.8198,185.3216,185.7004,186.0591,192.0178,196.0519,202.831,205.8348,204.1774,200.6701,199.002,196.4123,194.7317,191.2309,189.5429,187.848,185.2514,183.5473,183.6112,182.7702,182.794,182.7955,182.7747,182.7314,183.527,183.4338,183.3176,183.1784,183.0159
-43.6405,-45.05496,-46.69093,-48.8241,-50.21089,-52.11148,-53.74928,-55.66701,-57.30485,-58.93834,-60.56733,-62.50902,-63.81136,-65.75995,-67.71999,-71.79251,-75.25727,-79.89727,-83.16266,-84.57304,-85.17939,-86.52855,-87.44838,-88.74435,-89.17245,-90.40733,-91.61957,-92.36295,-93.52204,-95.58196,-97.18061,-99.24902,-101.3252,-103.4089,-105.5,-108.1057,-110.2181,-112.3372,-114.4626,-116.594
189.0278,188.6398,187.2671,187.8206,187.3896,187.9079,187.446,187.9287,187.4357,186.9285,186.4071,186.8198,186.2672,185.7004,186.9988,192.0178,196.0519,202.831,205.8348,204.1774,201.5906,199.002,196.4123,194.7317,193.0436,189.5429,187.848,185.2514,183.5473,183.6112,183.6531,182.794,182.7955,182.7747,182.7314,183.527,183.4338,183.3176,183.1784,183.0159
-43.6405,-45.2884,-46.69093,-48.57372,-50.21089,-52.11148,-53.74928,-55.66701,-57.30485,-58.93834,-60.56733,-62.50902,-64.13693,-65.75995,-68.06201,-71.79251,-75.25727,-79.89727,-83.16266,-84.57304,-85.57012,-86.52855,-87.44838,-88.74435,-90.01769,-90.40733,-91.61957,-92.36295,-93.52204,-95.58196,-97.65009,-99.24902,-101.3252,-103.4089,-105.5,-108.1057,-110.2181,-112.3372,-114.4626,-116.594
188.0534,187.6674,187.2671,187.8206,188.3555,187.9079,187.446,187.9287,187.4357,186.9285,187.3581,186.8198,187.2127,185.7004,186.9988,191.0811,196.0519,202.831,205.8348,204.1774,201.5906,199.002,196.4123,194.7317,191.2309,189.5429,187.848,185.2514,183.5473,182.7242,182.7702,182.794,182.7955,182.7747,182.7314,183.527,183.4338,183.3176,183.1784,183.0159
-43.41555,-45.05496,-46.69093,-48.57372,-50.46971,-52.11148,-53.74928,-55.66701,-57.30485,-58.93834,-60.87635,-62.50902,-64.46249,-65.75995,-68.06201,-71.44231,-75.25727,-79.89727,-83.16266,-84.57304,-85.57012,-86.52855,-87.44838,-88.74435,-89.17245,-90.40733,-91.61957,-92.36295,-93.52204,-95.12021,-97.18061,-99.24902,-101.3252,-103.4089,-105.5,-108.1057,-110.2181,-112.3372,-114.4626,-116.594
189.0278,188.6398,187.2671,188.7888,187.3896,187.9079,187.446,187.9287,187.4357,187.8822,186.4071,186.8198,186.2672,185.7004,186.9988,192.0178,196.0519,202.831,205.8348,204.1774,201.5906,199.002,196.4123,194.7317,191.2309,189.5429,186.9492,185.2514,183.5473,183.6112,182.7702,182.794,182.7955,181.9043,182.7314,183.527,183.4338,183.3176,183.1784,183.0159
-43.6405,-45.2884,-46.69093,-48.8241,-50.21089,-52.11148,-53.74928,-55.66701,-57.30485,-59.23904,-60.56733,-62.50902,-64.13693,-65.75995,-68.06201,-71.79251,-75.25727,-79.89727,-83.16266,-84.57304,-85.57012,-86.52855,-87.44838,-88.74435,-89.17245,-90.40733,-91.1812,-92.36295,-93.52204,-95.58196,-97.18061,-99.24902,-101.3252,-102.9165,-105.5,-108.1057,-110.2181,-112.3372,-114.4626,-116.594
189.0278,188.6398,188.2374,188.7888,187.3896,187.9079,188.4073,186.9698,187.4357,186.9285,186.4071,186.8198,186.2672,185.7004,186.9988,192.0178,196.0519,202.831,205.8348,204.1774,201.5906,199.002,196.4123,194.7317,191.2309,189.5429,187.848,185.2514,183.5473,182.7242,182.7702,182.794,182.7955,181.9043,182.7314,183.527,183.4338,183.3176,183.1784,183.8593
-43.6405,-45.2884,-46.93285,-48.8241,-50.21089,-52.11148,-54.02492,-55.38299,-57.30485,-58.93834,-60.56733,-62.50902,-64.13693,-65.75995,-68.06201,-71.79251,-75.25727,-79.89727,-83.16266,-84.57304,-85.57012,-86.52855,-87.44838,-88.74435,-89.17245,-90.40733,-91.61957,-92.36295,-93.52204,-95.12021,-97.18061,-99.24902,-101.3252,-102.9165,-105.5,-108.1057,-110.2181,-112.3372,-114.4626,-117.1313
188.0534,187.6674,188.2374,187.8206,187.3896,187.9079,187.446,187.9287,187.4357,186.9285,186.4071,186.8198,186.2672,185.7004,186.9988,192.0178,196.0519,202.831,205.8348,204.1774,201.5906,199.002,196.4123,194.7317,193.0436,189.5429,187.848,185.2514,183.5473,182.7242,182.7702,182.794,182.7955,182.7747,182.7314,183.527,183.4338,183.3176,183.1784,183.0159
-43.41555,-45.05496,-46.93285,-48.57372,-50.21089,-52.11148,-53.74928,-55.66701,-57.30485,-58.93834,-60.56733,-62.50902,-64.13693,-65.75995,-68.06201,-71.79251,-75.25727,-79.89727,-83.16266,-84.57304,-85.57012,-86.52855,-87.44838,-88.74435,-90.01769,-90.40733,-91.61957,-92.36295,-93.52204,-95.12021,-97.18061,-99.24902,-101.3252,-103.4089,-105.5,-108.1057,-110.2181,-112.3372,-114.4626,-116.594
189.0278,187.6674,187.2671,187.8206,187.3896,187.9079,187.446,187.9287,187.4357,186.9285,186.4071,185.8714,186.2672,185.7004,186.9988,191.0811,196.9855,202.831,205.8348,204.1774,200.6701,199.002,196.4123,194.7317,191.2309,189.5429,186.9492,185.2514,183.5473,182.7242,182.7702,182.794,182.7955,182.7747,182.7314,183.527,183.4338,183.3176,183.1784,183.0159
-43.6405,-45.05496,-46.69093,-48.57372,-50.21089,-52.11148,-53.74928,-55.66701,-57.30485,-58.93834,-60.56733,-62.19171,-64.13693,-65.75995,-68.06201,-71.44231,-75.61564,-79.89727,-83.16266,-84.57304,-85.17939,-86.52855,-87.44838,-88.74435,-89.17245,-90.40733,-91.1812,-92.36295,-93.52204,-95.12021,-97.18061,-99.24902,-101.3252,-103.4089,-105.5,-108.1057,-110.2181,-112.3372,-114.4626,-116.594
189.0278,187.6674,188.2374,187.8206,187.3896,186.9443,187.446,187.9287,187.4357,186.9285,187.3581,186.8198,186.2672,185.7004,186.9988,192.0178,196.0519,202.831,206.762,204.1774,201.5906,199.002,196.4123,194.7317,191.2309,189.5429,187.848,185.2514,183.5473,182.7242,182.7702,182.794,182.7955,182.7747,182.7314,183.527,183.4338,183.3176,183.1784,183.0159
-43.6405,-45.05496,-46.93285,-48.57372,-50.21089,-51.84424,-53.74928,-55.66701,-57.30485,-58.93834,-60.87635,-62.50902,-64.13693,-65.75995,-68.06201,-71.79251,-75.25727,-79.89727,-83.53727,-84.57304,-85.57012,-86.52855,-87.44838,-88.74435,-89.17245,-90.40733,-91.61957,-92.36295,-93.52204,-95.12021,-97.18061,-99.24902,-101.3252,-103.4089,-105.5,-108.1057,-110.2181,-112.3372,-114.4626,-116.594
189.0278,187.6674,188.2374,187.8206,187.3896,187.9079,187.446,187.9287,187.4357,186.9285,187.3581,186.8198,186.2672,185.7004,186.0591,192.0178,195.1183,202.831,205.8348,204.1774,201.5906,199.002,195.4987,193.8218,191.2309,189.5429,187.848,185.2514,183.5473,182.7242,182.7702,182.794,182.7955,182.7747,182.7314,181.8038,182.5766,181.6124,183.1784,183.0159
-43.6405,-45.05496,-46.93285,-48.57372,-50.21089,-52.11148,-53.74928,-55.66701,-57.30485,-58.93834,-60.87635,-62.50902,-64.13693,-65.75995,-67.71999,-71.79251,-74.8989,-79.89727,-83.16266,-84.57304,-85.57012,-86.52855,-87.04164,-88.32966,-89.17245,-90.40733,-91.61957,-92.36295,-93.52204,-95.12021,-97.18061,-99.24902,-101.3252,-103.4089,-105.5,-107.0906,-109.7031,-111.2922,-114.4626,-116.594
189.0278,187.6674,187.2671,187.8206,187.3896,187.9079,187.446,187.9287,187.4357,186.9285,187.3581,186.8198,186.2672,185.7004,186.9988,192.0178,195.1183,202.831,205.8348,204.1774,201.5906,199.002,195.4987,193.8218,191.2309,189.5429,187.848,185.2514,183.5473,182.7242,182.7702,182.794,182.7955,182.7747,181.8653,182.6654,182.5766,182.465,183.1784,183.0159
-43.6405,-45.05496,-46.69093,-48.57372,-50.21089,-52.11148,-53.74928,-55.66701,-57.30485,-58.93834,-60.87635,-62.50902,-64.13693,-65.75995,-68.06201,-71.79251,-74.8989,-79.89727,-83.16266,-84.57304,-85.57012,-86.52855,-87.04164,-88.32966,-89.17245,-90.40733,-91.61957,-92.36295,-93.52204,-95.12021,-97.18061,-99.24902,-101.3252,-103.4089,-105,-107.5981,-109.7031,-111.8147,-114.4626,-116.594
189.0278,187.6674,187.2671,187.8206,187.3896,187.9079,187.446,187.9287,187.4357,186.9285,187.3581,186.8198,186.2672,185.7004,186.9988,192.0178,195.1183,202.831,205.8348,204.1774,201.5906,199.002,195.4987,193.8218,191.2309,189.5429,187.848,185.2514,183.5473,183.6112,182.7702,182.794,182.7955,182.7747,182.7314,182.6654,182.5766,182.465,183.1784,183.0159
-43.6405,-45.05496,-46.69093,-48.57372,-50.21089,-52.11148,-53.74928,-55.66701,-57.30485,-58.93834,-60.87635,-62.50902,-64.13693,-65.75995,-68.06201,-71.79251,-74.8989,-79.89727,-83.16266,-84.57304,-85.57012,-86.52855,-87.04164,-88.32966,-89.17245,-90.40733,-91.61957,-92.36295,-93.52204,-95.58196,-97.18061,-99.24902,-101.3252,-103.4089,-105.5,-107.5981,-109.7031,-111.8147,-114.4626,-116.594
189.0278,187.6674,188.2374,188.7888,188.3555,186.9443,187.446,187.9287,187.4357,187.8822,187.3581,186.8198,186.2672,185.7004,186.9988,192.0178,195.1183,202.831,205.8348,204.1774,201.5906,199.002,197.3258,193.8218,191.2309,189.5429,187.848,185.2514,183.5473,182.7242,182.7702,182.794,182.7955,182.7747,182.7314,182.6654,181.7195,182.465,183.1784,183.0159
-43.6405,-45.05496,-46.93285,-48.8241,-50.46971,-51.84424,-53.74928,-55.66701,-57.30485,-59.23904,-60.87635,-62.50902,-64.13693,-65.75995,-68.06201,-71.79251,-74.8989,-79.89727,-83.16266,-84.57304,-85.57012,-86.52855,-87.85511,-88.32966,-89.17245,-90.40733,-91.61957,-92.36295,-93.52204,-95.12021,-97.18061,-99.24902,-101.3252,-103.4089,-105.5,-107.5981,-109.1881,-111.8147,-114.4626,-116.594
189.0278,187.6674,187.2671,187.8206,187.3896,186.9443,187.446,187.9287,187.4357,187.8822,186.4071,186.8198,186.2672,185.7004,186.0591,191.0811,196.0519,203.7614,205.8348,204.1774,201.5906,199.002,196.4123,194.7317,191.2309,189.5429,187.848,186.1463,183.5473,183.6112,182.7702,182.794,182.7955,182.7747,182.7314,183.527,183.4338,183.3176,183.1784,183.0159
-43.6405,-45.05496,-46.69093,-48.57372,-50.21089,-51.84424,-53.74928,-55.66701,-57.30485,-59.23904,-60.56733,-62.50902,-64.13693,-65.75995,-67.71999,-71.44231,-75.25727,-80.26377,-83.16266,-84.57304,-85.57012,-86.52855,-87.44838,-88.74435,-89.17245,-90.40733,-91.61957,-92.80915,-93.52204,-95.58196,-97.18061,-99.24902,-101.3252,-103.4089,-105.5,-108.1057,-110.2181,-112.3372,-114.4626,-116.594
189.0278,187.6674,188.2374,187.8206,187.3896,187.9079,187.446,187.9287,187.4357,186.9285,186.4071,186.8198,186.2672,185.7004,186.9988,191.0811,196.9855,202.831,205.8348,204.1774,201.5906,199.002,196.4123,194.7317,191.2309,189.5429,186.9492,185.2514,183.5473,182.7242,182.7702,182.794,182.7955,181.9043,182.7314,183.527,183.4338,183.3176,183.1784,183.0159
-43.6405,-45.05496,-46.93285,-48.57372,-50.21089,-52.11148,-53.74928,-55.66701,-57.30485,-58.93834,-60.56733,-62.50902,-64.13693,-65.75995,-68.06201,-71.44231,-75.61564,-79.89727,-83.16266,-84.57304,-85.57012,-86.52855,-87.44838,-88.74435,-89.17245,-90.40733,-91.1812,-92.36295,-93.52204,-95.12021,-97.18061,-99.24902,-101.3252,-102.9165,-105.5,-108.1057,-110.2181,-112.3372,-114.4626,-116.594
189.0278,187.6674,187.2671,187.8206,188.3555,187.9079,187.446,186.9698,187.4357,186.9285,187.3581,186.8198,186.2672,185.7004,186.9988,191.0811,196.0519,202.831,205.8348,204.1774,201.5906,199.002,197.3258,194.7317,191.2309,189.5429,186.9492,185.2514,183.5473,182.7242,182.7702,182.794,182.7955,182.7747,182.7314,183.527,183.4338,183.3176,183.1784,183.0159
-43.6405,-45.05496,-46.69093,-48.57372,-50.46971,-52.11148,-53.74928,-55.38299,-57.30485,-58.93834,-60.87635,-62.50902,-64.13693,-65.75995,-68.06201,-71.44231,-75.25727,-79.89727,-83.16266,-84.57304,-85.57012,-86.52855,-87.85511,-88.74435,-89.17245,-90.40733,-91.1812,-92.36295,-93.52204,-95.12021,-97.18061,-99.24902,-101.3252,-103.4089,-105.5,-108.1057,-110.2181,-112.3372,-114.4626,-116.594
189.0278,187.6674,188.2374,188.7888,187.3896,187.9079,187.446,187.9287,187.4357,186.9285,187.3581,186.8198,186.2672,185.7004,186.9988,192.0178,196.0519,202.831,205.8348,204.1774,201.5906,199.002,197.3258,194.7317,191.2309,189.5429,187.848,185.2514,183.5473,182.7242,182.7702,182.794,182.7955,182.7747,182.7314,183.527,183.4338,183.3176,183.1784,183.0159
-43.6405,-45.05496,-46.93285,-48.8241,-50.21089,-52.11148,-53.74928,-55.66701,-57.30485,-58.93834,-60.87635,-62.50902,-64.13693,-65.75995,-68.06201,-71.79251,-75.25727,-79.89727,-83.16266,-84.57304,-85.57012,-86.52855,-87.85511,-88.74435,-89.17245,-90.40733,-91.61957,-92.36295,-93.52204,-95.12021,-97.18061,-99.24902,-101.3252,-103.4089,-105.5,-108.1057,-110.2181,-112.3372,-114.4626,-116.594
189.0278,187.6674,187.2671,187.8206,187.3896,186.9443,187.446,187.9287,187.4357,186.9285,186.4071,186.8198,186.2672,185.7004,186.9988,191.0811,196.9855,202.831,205.8348,204.1774,201.5906,199.002,197.3258,194.7317,193.0436,189.5429,187.848,185.2514,183.5473,182.7242,182.7702,182.794,182.7955,182.7747,182.7314,183.527,183.4338,183.3176,183.1784,183.0159
-43.6405,-45.05496,-46.69093,-48.57372,-50.21089,-51.84424,-53.74928,-55.66701,-57.30485,-58.93834,-60.56733,-62.50902,-64.13693,-65.75995,-68.06201,-71.44231,-75.61564,-79.89727,-83.16266,-84.57304,-85.57012,-86.52855,-87.85511,-88.74435,-90.01769,-90.40733,-91.61957,-92.36295,-93.52204,-95.12021,-97.18061,-99.24902,-101.3252,-103.4089,-105.5,-108.1057,-110.2181,-112.3372,-114.4626,-116.594
189.0278,187.6674,188.2374,187.8206,187.3896,188.8716,187.446,186.9698,187.4357,186.9285,186.4071,186.8198,185.3216,185.7004,186.9988,192.0178,196.0519,202.831,205.8348,204.1774,201.5906,199.002,196.4123,194.7317,191.2309,189.5429,186.9492,185.2514,183.5473,182.7242,182.7702,182.794,182.7955,182.7747,182.7314,183.527,183.4338,183.3176,183.1784,183.0159
-43.6405,-45.05496,-46.93285,-48.57372,-50.21089,-52.37872,-53.74928,-55.38299,-57.30485,-58.93834,-60.56733,-62.50902,-63.81136,-65.75995,-68.06201,-71.79251,-75.25727,-79.89727,-83.16266,-84.57304,-85.57012,-86.52855,-87.44838,-88.74435,-89.17245,-90.40733,-91.1812,-92.36295,-93.52204,-95.12021,-97.18061,-99.24902,-101.3252,-103.4089,-105.5,-108.1057,-110.2181,-112.3372,-114.4626,-116.594
189.0278,187.6674,187.2671,187.8206,187.3896,186.9443,187.446,186.9698,187.4357,186.9285,187.3581,186.8198,185.3216,185.7004,186.0591,192.0178,196.0519,202.831,205.8348,204.1774,201.5906,199.002,196.4123,194.7317,191.2309,189.5429,187.848,185.2514,183.5473,182.7242,182.7702,182.794,182.7955,182.7747,182.7314,183.527,183.4338,183.3176,183.1784,183.0159
-43.6405,-45.05496,-46.69093,-48.57372,-50.21089,-51.84424,-53.74928,-55.38299,-57.30485,-58.93834,-60.87635,-62.50902,-63.81136,-65.75995,-67.71999,-71.79251,-75.25727,-79.89727,-83.16266,-84.57304,-85.57012,-86.52855,-87.44838,-88.74435,-89.17245,-90.40733,-91.61957,-92.36295,-93.52204,-95.12021,-97.18061,-99.24902,-101.3252,-103.4089,-105.5,-108.1057,-110.2181,-112.3372,-114.4626,-116.594
189.0278,187.6674,187.2671,187.8206,188.3555,187.9079,187.446,187.9287,187.4357,186.9285,187.3581,186.8198,185.3216,185.7004,186.0591,192.0178,196.9855,202.831,205.8348,204.1774,201.5906,199.002,196.4123,194.7317,191.2309,189.5429,187.848,185.2514,183.5473,183.6112,182.7702,182.794,182.7955,181.9043,182.7314,183.527,183.4338,183.3176,183.1784,183.0159
-43.6405,-45.05496,-46.69093,-48.57372,-50.46971,-52.11148,-53.74928,-55.66701,-57.30485,-58.93834,-60.87635,-62.50902,-63.81136,-65.75995,-67.71999,-71.79251,-75.61564,-79.89727,-83.16266,-84.57304,-85.57012,-86.52855,-87.44838,-88.74435,-89.17245,-90.40733,-91.61957,-92.36295,-93.52204,-95.58196,-97.18061,-99.24902,-101.3252,-102.9165,-105.5,-108.1057,-110.2181,-112.3372,-114.4626,-116.594
189.0278,188.6398,187.2671,187.8206,187.3896,187.9079,187.446,187.9287,187.4357,186.9285,186.4071,186.8198,187.2127,185.7004,186.9988,192.0178,196.0519,202.831,206.762,204.1774,201.5906,199.002,196.4123,194.7317,191.2309,189.5429,186.9492,185.2514,183.5473,182.7242,182.7702,182.794,182.7955,181.9043,182.7314,183.527,183.4338,183.3176,183.1784,183.0159
-43.6405,-45.2884,-46.69093,-48.57372,-50.21089,-52.11148,-53.74928,-55.66701,-57.30485,-58.93834,-60.56733,-62.50902,-64.46249,-65.75995,-68.06201,-71.79251,-75.25727,-79.89727,-83.53727,-84.57304,-85.57012,-86.52855,-87.44838,-88.74435,-89.17245,-90.40733,-91.1812,-92.36295,-93.52204,-95.12021,-97.18061,-99.24902,-101.3252,-102.9165,-105.5,-108.1057,-110.2181,-112.3372,-114.4626,-116.594
189.0278,187.6674,188.2374,187.8206,187.3896,187.9079,187.446,187.9287,187.4357,186.9285,187.3581,186.8198,186.2672,185.7004,186.9988,192.0178,196.0519,202.831,205.8348,204.1774,201.5906,199.002,196.4123,194.7317,191.2309,189.5429,187.848,185.2514,183.5473,182.7242,182.7702,182.794,182.7955,182.7747,182.7314,183.527,183.4338,183.3176,183.1784,183.0159
-43.6405,-45.05496,-46.93285,-48.57372,-50.21089,-52.11148,-53.74928,-55.66701,-57.30485,-58.93834,-60.87635,-62.50902,-64.13693,-65.75995,-68.06201,-71.79251,-75.25727,-79.89727,-83.16266,-84.57304,-85.57012,-86.52855,-87.44838,-88.74435,-89.17245,-90.40733,-91.61957,-92.36295,-93.52204,-95.12021,-97.18061,-99.24902,-101.3252,-103.4089,-105.5,-108.1057,-110.2181,-112.3372,-114.4626,-116.594
189.0278,187.6674,188.2374,187.8206,187.3896,187.9079,187.446,186.9698,187.4357,186.9285,187.3581,185.8714,186.2672,185.7004,186.9988,192.0178,196.9855,202.831,205.8348,204.1774,201.5906,199.002,197.3258,194.7317,193.0436,189.5429,187.848,186.1463,183.5473,183.6112,182.7702,182.794,182.7955,182.7747,182.7314,183.527,183.4338,182.465,183.1784,183.0159
-43.6405,-45.05496,-46.93285,-48.57372,-50.21089,-52.11148,-53.74928,-55.38299,-57.30485,-58.93834,-60.87635,-62.19171,-64.13693,-65.75995,-68.06201,-71.79251,-75.61564,-79.89727,-83.16266,-84.57304,-85.57012,-86.52855,-87.85511,-88.74435,-90.01769,-90.40733,-91.61957,-92.80915,-93.52204,-95.58196,-97.18061,-99.24902,-101.3252,-103.4089,-105.5,-108.1057,-110.2181,-111.8147,-114.4626,-116.594
