189.0278,187.6674,187.2671,187.8206,187.3896,186.9443,186.4848,186.9698,186.4794,185.9748,186.4071,185.8714,185.3216,185.7004,186.0591,192.0178,195.1183,202.831,205.8348,204.1774,201.5906,199.002,195.4987,193.8218,191.2309,189.5429,187.848,185.2514,183.5473,182.7242,182.7702,182.794,182.7955,182.7747,182.7314,182.6654,182.5766,182.465,183.1784,183.0159
-43.6405,-45.05496,-46.69093,-48.57372,-50.21089,-51.84424,-53.47365,-55.38299,-57.01248,-58.63763,-60.56733,-62.19171,-63.81136,-65.75995,-67.71999,-71.79251,-74.8989,-79.89727,-83.16266,-84.57304,-85.57012,-86.52855,-87.04164,-88.32966,-89.17245,-90.40733,-91.61957,-92.36295,-93.52204,-95.12021,-97.18061,-99.24902,-101.3252,-103.4089,-105.5,-107.5981,-109.7031,-111.8147,-114.4626,-116.594
189.0278,187.6674,188.2374,187.8206,187.3896,186.9443,186.4848,186.9698,186.4794,185.9748,186.4071,185.8714,186.2672,185.7004,186.9988,192.0178,196.9855,202.831,205.8348,204.1774,201.5906,199.002,195.4987,193.8218,192.1373,189.5429,187.848,185.2514,183.5473,183.6112,182.7702,182.794,182.7955,182.7747,182.7314,182.6654,182.5766,182.465,183.1784,183.0159
-43.6405,-45.05496,-46.93285,-48.57372,-50.21089,-51.84424,-53.47365,-55.38299,-57.01248,-58.63763,-60.56733,-62.19171,-64.13693,-65.75995,-68.06201,-71.79251,-75.61564,-79.89727,-83.16266,-84.57304,-85.57012,-86.52855,-87.04164,-88.32966,-89.59507,-90.40733,-91.61957,-92.36295,-93.52204,-95.58196,-97.18061,-99.24902,-101.3252,-103.4089,-105.5,-107.5981,-109.7031,-111.8147,-114.4626,-116.594
189.0278,187.6674,187.2671,187.8206,187.3896,186.9443,186.4848,186.9698,186.4794,185.9748,186.4071,185.8714,186.2672,185.7004,186.9988,192.0178,195.1183,202.831,205.8348,204.1774,201.5906,199.002,195.4987,193.8218,192.1373,189.5429,187.848,185.2514,183.5473,183.6112,182.7702,182.794,182.7955,182.7747,182.7314,182.6654,182.5766,182.465,183.1784,183.0159
-43.6405,-45.05496,-46.69093,-48.57372,-50.21089,-51.84424,-53.47365,-55.38299,-57.01248,-58.63763,-60.56733,-62.19171,-64.13693,-65.75995,-68.06201,-71.79251,-74.8989,-79.89727,-83.16266,-84.57304,-85.57012,-86.52855,-87.04164,-88.32966,-89.59507,-90.40733,-91.61957,-92.36295,-93.52204,-95.58196,-97.18061,-99.24902,-101.3252,-103.4089,-105.5,-107.5981,-109.7031,-111.8147,-114.4626,-116.594
189.0278,187.6674,188.2374,187.8206,187.3896,186.9443,187.446,186.9698,186.4794,185.9748,186.4071,185.8714,186.2672,185.7004,186.9988,191.0811,195.1183,202.831,205.8348,204.1774,201.5906,199.002,197.3258,193.8218,192.1373,189.5429,186.9492,185.2514,183.5473,183.6112,182.7702,182.794,182.7955,182.7747,182.7314,182.6654,182.5766,182.465,183.1784,183.0159
-43.6405,-45.05496,-46.93285,-48.57372,-50.21089,-51.84424,-53.74928,-55.38299,-57.01248,-58.63763,-60.56733,-62.19171,-64.13693,-65.75995,-68.06201,-71.44231,-74.8989,-79.89727,-83.16266,-84.57304,-85.57012,-86.52855,-87.85511,-88.32966,-89.59507,-90.40733,-91.1812,-92.36295,-93.52204,-95.58196,-97.18061,-99.24902,-101.3252,-103.4089,-105.5,-107.5981,-109.7031,-111.8147,-114.4626,-116.594
189.0278,187.6674,188.2374,187.8206,187.3896,186.9443,187.446,186.011,186.4794,185.9748,186.4071,185.8714,185.3216,185.7004,186.9988,192.0178,195.1183,202.831,205.8348,204.1774,201.5906,199.002,195.4987,193.8218,191.2309,189.5429,187.848,185.2514,183.5473,182.7242,182.7702,182.794,182.7955,182.7747,182.7314,182.6654,182.5766,182.465,183.1784,183.0159
-43.6405,-45.05496,-46.93285,-48.57372,-50.21089,-51.84424,-53.74928,-55.09898,-57.01248,-58.63763,-60.56733,-62.19171,-63.81136,-65.75995,-68.06201,-71.79251,-74.8989,-79.89727,-83.16266,-84.57304,-85.57012,-86.52855,-87.04164,-88.32966,-89.17245,-90.40733,-91.61957,-92.36295,-93.52204,-95.12021,-97.18061,-99.24902,-101.3252,-103.4089,-105.5,-107.5981,-109.7031,-111.8147,-114.4626,-116.594
189.0278,188.6398,188.2374,187.8206,187.3896,186.9443,186.4848,186.9698,186.4794,185.9748,186.4071,185.8714,185.3216,185.7004,186.9988,192.0178,195.1183,202.831,205.8348,204.1774,201.5906,199.002,195.4987,193.8218,191.2309,189.5429,187.848,185.2514,183.5473,182.7242,182.7702,182.794,182.7955,182.7747,182.7314,182.6654,182.5766,182.465,183.1784,183.0159
-43.6405,-45.2884,-46.93285,-48.57372,-50.21089,-51.84424,-53.47365,-55.38299,-57.01248,-58.63763,-60.56733,-62.19171,-63.81136,-65.75995,-68.06201,-71.79251,-74.8989,-79.89727,-83.16266,-84.57304,-85.57012,-86.52855,-87.04164,-88.32966,-89.17245,-90.40733,-91.61957,-92.36295,-93.52204,-95.12021,-97.18061,-99.24902,-101.3252,-103.4089,-105.5,-107.5981,-109.7031,-111.8147,-114.4626,-116.594
189.0278,187.6674,187.2671,187.8206,187.3896,186.9443,186.4848,186.9698,186.4794,185.9748,186.4071,185.8714,186.2672,185.7004,186.9988,192.0178,196.9855,202.831,205.8348,204.1774,201.5906,199.002,195.4987,193.8218,191.2309,189.5429,186.9492,185.2514,183.5473,182.7242,182.7702,182.794,182.7955,182.7747,182.7314,182.6654,182.5766,182.465,183.1784,183.0159
-43.6405,-45.05496,-46.69093,-48.57372,-50.21089,-51.84424,-53.47365,-55.38299,-57.01248,-58.63763,-60.56733,-62.19171,-64.13693,-65.75995,-68.06201,-71.79251,-75.61564,-79.89727,-83.16266,-84.57304,-85.57012,-86.52855,-87.04164,-88.32966,-89.17245,-90.40733,-91.1812,-92.36295,-93.52204,-95.12021,-97.18061,-99.24902,-101.3252,-103.4089,-105.5,-107.5981,-109.7031,-111.8147,-114.4626,-116.594
189.0278,188.6398,188.2374,187.8206,187.3896,186.9443,186.4848,186.9698,186.4794,185.9748,186.4071,185.8714,185.3216,185.7004,186.9988,192.0178,195.1183,202.831,205.8348,204.1774,201.5906,199.002,197.3258,193.8218,191.2309,189.5429,187.848,185.2514,183.5473,182.7242,182.7702,182.794,182.7955,182.7747,182.7314,182.6654,182.5766,182.465,183.1784,183.0159
-43.6405,-45.2884,-46.93285,-48.57372,-50.21089,-51.84424,-53.47365,-55.38299,-57.01248,-58.63763,-60.56733,-62.19171,-63.81136,-65.75995,-68.06201,-71.79251,-74.8989,-79.89727,-83.16266,-84.57304,-85.57012,-86.52855,-87.85511,-88.32966,-89.17245,-90.40733,-91.61957,-92.36295,-93.52204,-95.12021,-97.18061,-99.24902,-101.3252,-103.4089,-105.5,-107.5981,-109.7031,-111.8147,-114.4626,-116.594
189.0278,187.6674,187.2671,187.8206,187.3896,186.9443,187.446,186.9698,186.4794,185.9748,186.4071,185.8714,185.3216,185.7004,186.9988,192.0178,196.9855,202.831,205.8348,204.1774,202.5111,199.002,195.4987,193.8218,192.1373,189.5429,187.848,185.2514,183.5473,182.7242,182.7702,182.794,182.7955,182.7747,182.7314,182.6654,182.5766,182.465,183.1784,183.0159
-43.6405,-45.05496,-46.69093,-48.57372,-50.21089,-51.84424,-53.74928,-55.38299,-57.01248,-58.63763,-60.56733,-62.19171,-63.81136,-65.75995,-68.06201,-71.79251,-75.61564,-79.89727,-83.16266,-84.57304,-85.96085,-86.52855,-87.04164,-88.32966,-89.59507,-90.40733,-91.61957,-92.36295,-93.52204,-95.12021,-97.18061,-99.24902,-101.3252,-103.4089,-105.5,-107.5981,-109.7031,-111.8147,-114.4626,-116.594
188.0534,187.6674,187.2671,187.8206,187.3896,186.9443,186.4848,186.011,186.4794,185.9748,186.4071,185.8714,186.2672,185.7004,186.9988,192.0178,195.1183,202.831,205.8348,204.1774,201.5906,199.002,197.3258,193.8218,191.2309,189.5429,187.848,185.2514,183.5473,182.7242,182.7702,182.794,182.7955,182.7747,182.7314,182.6654,182.5766,182.465,183.1784,183.0159
-43.41555,-45.05496,-46.69093,-48.57372,-50.21089,-51.84424,-53.47365,-55.09898,-57.01248,-58.63763,-60.56733,-62.19171,-64.13693,-65.75995,-68.06201,-71.79251,-74.8989,-79.89727,-83.16266,-84.57304,-85.57012,-86.52855,-87.85511,-88.32966,-89.17245,-90.40733,-91.61957,-92.36295,-93.52204,-95.12021,-97.18061,-99.24902,-101.3252,-103.4089,-105.5,-107.5981,-109.7031,-111.8147,-114.4626,-116.594
189.0278,187.6674,188.2374,186.8525,187.3896,186.9443,186.4848,186.9698,186.4794,185.9748,186.4071,185.8714,185.3216,185.7004,186.9988,191.0811,195.1183,202.831,205.8348,204.1774,201.5906,199.002,195.4987,193.8218,192.1373,189.5429,187.848,186.1463,183.5473,182.7242,182.7702,182.794,182.7955,181.9043,182.7314,182.6654,182.5766,182.465,183.1784,183.0159
-43.6405,-45.05496,-46.93285,-48.32334,-50.21089,-51.84424,-53.47365,-55.38299,-57.01248,-58.63763,-60.56733,-62.19171,-63.81136,-65.75995,-68.06201,-71.44231,-74.8989,-79.89727,-83.16266,-84.57304,-85.57012,-86.52855,-87.04164,-88.32966,-89.59507,-90.40733,-91.61957,-92.80915,-93.52204,-95.12021,-97.18061,-99.24902,-101.3252,-102.9165,-105.5,-107.5981,-109.7031,-111.8147,-114.4626,-116.594
189.0278,187.6674,187.2671,187.8206,187.3896,186.9443,186.4848,186.9698,186.4794,185.9748,186.4071,185.8714,186.2672,185.7004,186.9988,191.0811,195.1183,202.831,205.8348,204.1774,201.5906,199.9191,195.4987,193.8218,191.2309,189.5429,187.848,185.2514,183.5473,182.7242,182.7702,182.794,182.7955,181.9043,182.7314,182.6654,182.5766,182.465,183.1784,183.0159
-43.6405,-45.05496,-46.69093,-48.57372,-50.21089,-51.84424,-53.47365,-55.38299,-57.01248,-58.63763,-60.56733,-62.19171,-64.13693,-65.75995,-68.06201,-71.44231,-74.8989,-79.89727,-83.16266,-84.57304,-85.57012,-86.9273,-87.04164,-88.32966,-89.17245,-90.40733,-91.61957,-92.36295,-93.52204,-95.12021,-97.18061,-99.24902,-101.3252,-102.9165,-105.5,-107.5981,-109.7031,-111.8147,-114.4626,-116.594
188.0534,187.6674,188.2374,187.8206,187.3896,186.9443,187.446,186.9698,186.4794,185.9748,185.456,185.8714,185.3216,185.7004,186.9988,192.0178,196.9855,202.831,205.8348,204.1774,201.5906,199.002,197.3258,193.8218,191.2309,189.5429,187.848,185.2514,183.5473,183.6112,182.7702,182.794,182.7955,182.7747,182.7314,182.6654,182.5766,182.465,183.1784,183.0159
-43.41555,-45.05496,-46.93285,-48.57372,-50.21089,-51.84424,-53.74928,-55.38299,-57.01248,-58.63763,-60.25831,-62.19171,-63.81136,-65.75995,-68.06201,-71.79251,-75.61564,-79.89727,-83.16266,-84.57304,-85.57012,-86.52855,-87.85511,-88.32966,-89.17245,-90.40733,-91.61957,-92.36295,-93.52204,-95.58196,-97.18061,-99.24902,-101.3252,-103.4089,-105.5,-107.5981,-109.7031,-111.8147,-114.4626,-116.594
189.0278,187.6674,187.2671,187.8206,187.3896,186.9443,186.4848,186.9698,186.4794,185.9748,185.456,185.8714,186.2672,185.7004,186.9988,192.0178,195.1183,202.831,205.8348,204.1774,201.5906,199.002,195.4987,193.8218,191.2309,189.5429,187.848,185.2514,183.5473,182.7242,182.7702,182.794,182.7955,182.7747,182.7314,182.6654,182.5766,182.465,183.1784,183.0159
-43.6405,-45.05496,-46.69093,-48.57372,-50.21089,-51.84424,-53.47365,-55.38299,-57.01248,-58.63763,-60.25831,-62.19171,-64.13693,-65.75995,-68.06201,-71.79251,-74.8989,-79.89727,-83.16266,-84.57304,-85.57012,-86.52855,-87.04164,-88.32966,-89.17245,-90.40733,-91.61957,-92.36295,-93.52204,-95.12021,-97.18061,-99.24902,-101.3252,-103.4089,-105.5,-107.5981,-109.7031,-111.8147,-114.4626,-116.594
189.0278,187.6674,188.2374,187.8206,187.3896,186.9443,187.446,186.9698,186.4794,185.9748,185.456,185.8714,185.3216,185.7004,186.9988,191.0811,195.1183,202.831,205.8348,204.1774,201.5906,199.002,195.4987,193.8218,191.2309,189.5429,187.848,185.2514,183.5473,182.7242,182.7702,182.794,182.7955,182.7747,182.7314,182.6654,182.5766,182.465,183.1784,183.0159
-43.6405,-45.05496,-46.93285,-48.57372,-50.21089,-51.84424,-53.74928,-55.38299,-57.01248,-58.63763,-60.25831,-62.19171,-63.81136,-65.75995,-68.06201,-71.44231,-74.8989,-79.89727,-83.16266,-84.57304,-85.57012,-86.52855,-87.04164,-88.32966,-89.17245,-90.40733,-91.61957,-92.36295,-93.52204,-95.12021,-97.18061,-99.24902,-101.3252,-103.4089,-105.5,-107.5981,-109.7031,-111.8147,-114.4626,-116.594
189.0278,187.6674,187.2671,187.8206,187.3896,186.9443,186.4848,186.9698,186.4794,185.9748,186.4071,185.8714,185.3216,185.7004,186.9988,191.0811,195.1183,202.831,205.8348,204.1774,201.5906,199.002,195.4987,193.8218,191.2309,189.5429,187.848,185.2514,183.5473,183.6112,182.7702,182.794,182.7955,181.9043,182.7314,182.6654,182.5766,182.465,183.1784,183.0159
-43.6405,-45.05496,-46.69093,-48.57372,-50.21089,-51.84424,-53.47365,-55.38299,-57.01248,-58.63763,-60.56733,-62.19171,-63.81136,-65.75995,-68.06201,-71.44231,-74.8989,-79.89727,-83.16266,-84.57304,-85.57012,-86.52855,-87.04164,-88.32966,-89.17245,-90.40733,-91.61957,-92.36295,-93.52204,-95.58196,-97.18061,-99.24902,-101.3252,-102.9165,-105.5,-107.5981,-109.7031,-111.8147,-114.4626,-116.594
189.0278,187.6674,187.2671,186.8525,187.3896,186.9443,187.446,186.9698,186.4794,185.9748,185.456,185.8714,185.3216,185.7004,186.9988,192.0178,195.1183,202.831,205.8348,204.1774,201.5906,199.002,197.3258,193.8218,192.1373,189.5429,187.848,185.2514,183.5473,182.7242,182.7702,182.794,182.7955,182.7747,182.7314,182.6654,182.5766,182.465,183.1784,183.0159
-43.6405,-45.05496,-46.69093,-48.32334,-50.21089,-51.84424,-53.74928,-55.38299,-57.01248,-58.63763,-60.25831,-62.19171,-63.81136,-65.75995,-68.06201,-71.79251,-74.8989,-79.89727,-83.16266,-84.57304,-85.57012,-86.52855,-87.85511,-88.32966,-89.59507,-90.40733,-91.61957,-92.36295,-93.52204,-95.12021,-97.18061,-99.24902,-101.3252,-103.4089,-105.5,-107.5981,-109.7031,-111.8147,-114.4626,-116.594
189.0278,187.6674,187.2671,187.8206,187.3896,186.9443,186.4848,186.9698,186.4794,185.9748,186.4071,185.8714,185.3216,185.7004,186.9988,192.0178,195.1183,202.831,205.8348,204.1774,201.5906,199.002,195.4987,193.8218,192.1373,189.5429,186.9492,185.2514,183.5473,182.7242,182.7702,182.794,182.7955,182.7747,182.7314,182.6654,182.5766,182.465,183.1784,183.0159
-43.6405,-45.05496,-46.69093,-48.57372,-50.21089,-51.84424,-53.47365,-55.38299,-57.01248,-58.63763,-60.56733,-62.19171,-63.81136,-65.75995,-68.06201,-71.79251,-74.8989,-79.89727,-83.16266,-84.57304,-85.57012,-86.52855,-87.04164,-88.32966,-89.59507,-90.40733,-91.1812,-92.36295,-93.52204,-95.12021,-97.18061,-99.24902,-101.3252,-103.4089,-105.5,-107.5981,-109.7031,-111.8147,-114.4626,-116.594
189.0278,187.6674,187.2671,187.8206,187.3896,186.9443,186.4848,186.9698,186.4794,185.9748,186.4071,185.8714,186.2672,185.7004,186.9988,192.0178,196.9855,202.831,205.8348,204.1774,201.5906,199.002,195.4987,193.8218,192.1373,189.5429,187.848,185.2514,183.5473,182.7242,183.6531,182.794,182.7955,182.7747,182.7314,182.6654,182.5766,182.465,183.1784,183.0159
-43.6405,-45.05496,-46.69093,-48.57372,-50.21089,-51.84424,-53.47365,-55.38299,-57.01248,-58.63763,-60.56733,-62.19171,-64.13693,-65.75995,-68.06201,-71.79251,-75.61564,-79.89727,-83.16266,-84.57304,-85.57012,-86.52855,-87.04164,-88.32966,-89.59507,-90.40733,-91.61957,-92.36295,-93.52204,-95.12021,-97.65009,-99.24902,-101.3252,-103.4089,-105.5,-107.5981,-109.7031,-111.8147,-114.4626,-116.594
189.0278,187.6674,187.2671,187.8206,187.3896,186.9443,186.4848,186.9698,186.4794,185.9748,186.4071,185.8714,185.3216,185.7004,186.0591,192.0178,195.1183,202.831,205.8348,204.1774,201.5906,199.002,195.4987,193.8218,192.1373,189.5429,187.848,185.2514,183.5473,183.6112,182.7702,182.794,182.7955,182.7747,181.8653,182.6654,181.7195,182.465,183.1784,183.0159
-43.6405,-45.05496,-46.69093,-48.57372,-50.21089,-51.84424,-53.47365,-55.38299,-57.01248,-58.63763,-60.56733,-62.19171,-63.81136,-65.75995,-67.71999,-71.79251,-74.8989,-79.89727,-83.16266,-84.57304,-85.57012,-86.52855,-87.04164,-88.32966,-89.59507,-90.40733,-91.61957,-92.36295,-93.52204,-95.58196,-97.18061,-99.24902,-101.3252,-103.4089,-105,-107.5981,-109.1881,-111.8147,-114.4626,-116.594
189.0278,187.6674,188.2374,187.8206,187.3896,187.9079,186.4848,186.9698,186.4794,185.9748,186.4071,185.8714,186.2672,185.7004,186.0591,192.0178,196.9855,202.831,205.8348,204.1774,201.5906,199.002,197.3258,193.8218,192.1373,189.5429,187.848,185.2514,183.5473,182.7242,182.7702,182.794,182.7955,182.7747,182.7314,182.6654,182.5766,182.465,183.1784,183.0159
-43.6405,-45.05496,-46.93285,-48.57372,-50.21089,-52.11148,-53.47365,-55.38299,-57.01248,-58.63763,-60.56733,-62.19171,-64.13693,-65.75995,-67.71999,-71.79251,-75.61564,-79.89727,-83.16266,-84.57304,-85.57012,-86.52855,-87.85511,-88.32966,-89.59507,-90.40733,-91.61957,-92.36295,-93.52204,-95.12021,-97.18061,-99.24902,-101.3252,-103.4089,-105.5,-107.5981,-109.7031,-111.8147,-114.4626,-116.594
189.0278,187.6674,188.2374,187.8206,187.3896,186.9443,186.4848,186.9698,186.4794,186.9285,186.4071,185.8714,186.2672,185.7004,186.9988,192.0178,195.1183,203.7614,205.8348,204.1774,201.5906,199.002,197.3258,193.8218,192.1373,189.5429,187.848,185.2514,183.5473,182.7242,182.7702,182.794,182.7955,182.7747,182.7314,182.6654,182.5766,182.465,183.1784,183.0159
-43.6405,-45.05496,-46.93285,-48.57372,-50.21089,-51.84424,-53.47365,-55.38299,-57.01248,-58.93834,-60.56733,-62.19171,-64.13693,-65.75995,-68.06201,-71.79251,-74.8989,-80.26377,-83.16266,-84.57304,-85.57012,-86.52855,-87.85511,-88.32966,-89.59507,-90.40733,-91.61957,-92.36295,-93.52204,-95.12021,-97.18061,-99.24902,-101.3252,-103.4089,-105.5,-107.5981,-109.7031,-111.8147,-114.4626,-116.594
189.0278,187.6674,188.2374,187.8206,187.3896,186.9443,186.4848,186.9698,186.4794,185.9748,185.456,185.8714,185.3216,185.7004,186.9988,190.1445,196.9855,202.831,205.8348,204.1774,200.6701,199.002,195.4987,193.8218,191.2309,189.5429,187.848,185.2514,183.5473,182.7242,182.7702,182.794,182.7955,182.7747,182.7314,182.6654,182.5766,182.465,183.1784,183.0159
-43.6405,-45.05496,-46.93285,-48.57372,-50.21089,-51.84424,-53.47365,-55.38299,-57.01248,-58.63763,-60.25831,-62.19171,-63.81136,-65.75995,-68.06201,-71.0921,-75.61564,-79.89727,-83.16266,-84.57304,-85.17939,-86.52855,-87.04164,-88.32966,-89.17245,-90.40733,-91.61957,-92.36295,-93.52204,-95.12021,-97.18061,-99.24902,-101.3252,-103.4089,-105.5,-107.5981,-109.7031,-111.8147,-114.4626,-116.594
189.0278,188.6398,188.2374,187.8206,187.3896,186.9443,186.4848,186.9698,186.4794,185.9748,185.456,185.8714,185.3216,185.7004,186.0591,191.0811,196.9855,202.831,206.762,204.1774,201.5906,199.002,195.4987,193.8218,192.1373,189.5429,187.848,185.2514,183.5473,182.7242,182.7702,182.794,182.7955,182.7747,182.7314,182.6654,182.5766,182.465,183.1784,183.0159
-43.6405,-45.2884,-46.93285,-48.57372,-50.21089,-51.84424,-53.47365,-55.38299,-57.01248,-58.63763,-60.25831,-62.19171,-63.81136,-65.75995,-67.71999,-71.44231,-75.61564,-79.89727,-83.53727,-84.57304,-85.57012,-86.52855,-87.04164,-88.32966,-89.59507,-90.40733,-91.61957,-92.36295,-93.52204,-95.12021,-97.18061,-99.24902,-101.3252,-103.4089,-105.5,-107.5981,-109.7031,-111.8147,-114.4626,-116.594
189.0278,187.6674,187.2671,187.8206,187.3896,186.9443,186.4848,186.9698,186.4794,185.9748,185.456,185.8714,185.3216,185.7004,186.0591,192.0178,195.1183,202.831,205.8348,204.1774,201.5906,199.002,197.3258,193.8218,192.1373,189.5429,187.848,185.2514,183.5473,183.6112,182.7702,182.794,182.7955,182.7747,181.8653,182.6654,181.7195,182.465,181.4823,183.0159
-43.6405,-45.05496,-46.69093,-48.57372,-50.21089,-51.84424,-53.47365,-55.38299,-57.01248,-58.63763,-60.25831,-62.19171,-63.81136,-65.75995,-67.71999,-71.79251,-74.8989,-79.89727,-83.16266,-84.57304,-85.57012,-86.52855,-87.85511,-88.32966,-89.59507,-90.40733,-91.61957,-92.36295,-93.52204,-95.58196,-97.18061,-99.24902,-101.3252,-103.4089,-105,-107.5981,-109.1881,-111.8147,-113.4027,-116.594
189.0278,187.6674,188.2374,187.8206,187.3896,186.9443,186.4848,186.9698,186.4794,185.9748,186.4071,185.8714,185.3216,185.7004,186.9988,191.0811,195.1183,201.9006,205.8348,204.1774,201.5906,199.002,195.4987,193.8218,192.1373,189.5429,187.848,185.2514,183.5473,183.6112,182.7702,182.794,182.7955,182.7747,182.7314,182.6654,182.5766,182.465,183.1784,183.0159
-43.6405,-45.05496,-46.93285,-48.57372,-50.21089,-51.84424,-53.47365,-55.38299,-57.01248,-58.63763,-60.56733,-62.19171,-63.81136,-65.75995,-68.06201,-71.44231,-74.8989,-79.53077,-83.16266,-84.57304,-85.57012,-86.52855,-87.04164,-88.32966,-89.59507,-90.40733,-91.61957,-92.36295,-93.52204,-95.58196,-97.18061,-99.24902,-101.3252,-103.4089,-105.5,-107.5981,-109.7031,-111.8147,-114.4626,-116.594
189.0278,187.6674,188.2374,187.8206,187.3896,186.9443,186.4848,186.9698,186.4794,185.9748,186.4071,185.8714,186.2672,185.7004,186.9988,191.0811,196.9855,202.831,205.8348,204.1774,201.5906,199.002,197.3258,193.8218,192.1373,189.5429,187.848,185.2514,183.5473,182.7242,182.7702,182.794,182.7955,182.7747,182.7314,182.6654,182.5766,182.465,183.1784,183.0159
-43.6405,-45.05496,-46.93285,-48.57372,-50.21089,-51.84424,-53.47365,-55.38299,-57.01248,-58.63763,-60.56733,-62.19171,-64.13693,-65.75995,-68.06201,-71.44231,-75.61564,-79.89727,-83.16266,-84.57304,-85.57012,-86.52855,-87.85511,-88.32966,-89.59507,-90.40733,-91.61957,-92.36295,-93.52204,-95.12021,-97.18061,-99.24902,-101.3252,-103.4089,-105.5,-107.5981,-109.7031,-111.8147,-114.4626,-116.594
189.0278,188.6398,188.2374,187.8206,187.3896,186.9443,186.4848,186.9698,186.4794,185.9748,186.4071,185.8714,185.3216,185.7004,186.9988,191.0811,195.1183,202.831,205.8348,204.1774,201.5906,199.002,195.4987,193.8218,191.2309,189.5429,187.848,185.2514,183.5473,183.6112,182.7702,182.794,182.7955,182.7747,182.7314,182.6654,182.5766,182.465,183.1784,183.0159
-43.6405,-45.2884,-46.93285,-48.57372,-50.21089,-51.84424,-53.47365,-55.38299,-57.01248,-58.63763,-60.56733,-62.19171,-63.81136,-65.75995,-68.06201,-71.44231,-74.8989,-79.89727,-83.16266,-84.57304,-85.57012,-86.52855,-87.04164,-88.32966,-89.17245,-90.40733,-91.61957,-92.36295,-93.52204,-95.58196,-97.18061,-99.24902,-101.3252,-103.4089,-105.5,-107.5981,-109.7031,-111.8147,-114.4626,-116.594
189.0278,187.6674,187.2671,187.8206,187.3896,186.9443,186.4848,186.9698,186.4794,185.9748,186.4071,185.8714,186.2672,185.7004,186.9988,191.0811,196.9855,203.7614,205.8348,204.1774,201.5906,199.002,197.3258,193.8218,191.2309,189.5429,187.848,185.2514,183.5473,182.7242,182.7702,182.794,182.7955,182.7747,182.7314,182.6654,182.5766,182.465,183.1784,183.0159
-43.6405,-45.05496,-46.69093,-48.57372,-50.21089,-51.84424,-53.47365,-55.38299,-57.01248,-58.63763,-60.56733,-62.19171,-64.13693,-65.75995,-68.06201,-71.44231,-75.61564,-80.26377,-83.16266,-84.57304,-85.57012,-86.52855,-87.85511,-88.32966,-89.17245,-90.40733,-91.61957,-92.36295,-93.52204,-95.12021,-97.18061,-99.24902,-101.3252,-103.4089,-105.5,-107.5981,-109.7031,-111.8147,-114.4626,-116.594
189.0278,187.6674,188.2374,187.8206,187.3896,186.9443,186.4848,186.9698,186.4794,185.9748,186.4071,185.8714,186.2672,185.7004,186.9988,192.0178,195.1183,202.831,205.8348,204.1774,201.5906,199.002,197.3258,193.8218,191.2309,189.5429,186.9492,185.2514,183.5473,183.6112,182.7702,182.794,181.9209,182.7747,182.7314,182.6654,182.5766,182.465,183.1784,183.0159
-43.6405,-45.05496,-46.93285,-48.57372,-50.21089,-51.84424,-53.47365,-55.38299,-57.01248,-58.63763,-60.56733,-62.19171,-64.13693,-65.75995,-68.06201,-71.79251,-74.8989,-79.89727,-83.16266,-84.57304,-85.57012,-86.52855,-87.85511,-88.32966,-89.17245,-90.40733,-91.1812,-92.36295,-93.52204,-95.58196,-97.18061,-99.24902,-100.8404,-103.4089,-105.5,-107.5981,-109.7031,-111.8147,-114.4626,-116.594
