85.317,82.74414,82.78513,82.79055,83.31974,84.39453,84.31574,84.78263,85.22886,85.05966,86.05955,86.44412,86.19261,87.15205,87.47553,88.41487,89.34748,90.92273,92.50432,93.42943,95.01655,96.6094,97.52577,99.12306,100.0308,101.6318,102.5305,104.8478,105.743,107.3554,108.9717,110.5916,111.4717,112.3434,113.2064,114.8213,98.81973,94.90982,94.81181,95.4782,95.3493,95.99575,95.83626,96.46282,96.27302,96.87975,97.47909,97.24689,97.82643,98.39853,98.96313,98.6768,99.22163,98.90626,99.43141,99.94898,100.4589,100.0909,101.4559,102.8216
136.5357,129.8823,127.4779,125.0829,123.5266,122.7948,120.4154,118.8609,117.3075,114.9515,114.2049,112.6562,110.3215,109.5651,108.0233,107.2558,106.4802,106.4568,106.4141,105.6028,105.5266,105.4307,104.5836,104.4539,103.5849,103.4213,102.5305,103.0337,102.1148,101.8765,101.6178,101.3385,100.3696,99.39301,98.40885,98.06666,82.9196,78.23762,76.77709,75.94679,74.49504,73.66013,72.2178,71.37873,69.94645,69.10365,68.2556,66.83594,65.98476,65.12856,64.26741,62.86405,62.00055,60.60983,59.74442,58.87445,58,56.62871,56.23792,55.82757
85.84692,82.74414,82.78513,82.79055,83.31974,84.39453,84.31574,84.78263,84.64108,85.05966,86.05955,86.44412,86.19261,86.52953,87.47553,88.41487,89.34748,90.92273,92.50432,93.42943,95.01655,96.6094,97.52577,99.12306,100.0308,101.6318,103.2376,104.8478,105.743,107.3554,108.9717,109.8543,111.4717,112.3434,113.2064,114.8213,100.3518,94.90982,94.81181,94.69559,95.3493,95.2024,95.83626,95.65897,96.27302,96.87975,97.47909,97.24689,97.82643,98.39853,98.12446,98.6768,99.22163,99.7589,99.43141,99.94898,100.4589,100.9613,100.5813,102.8216
137.3838,129.8823,127.4779,125.0829,123.5266,122.7948,120.4154,118.8609,116.4984,114.9515,114.2049,112.6562,110.3215,108.7825,108.0233,107.2558,106.4802,106.4568,106.4141,105.6028,105.5266,105.4307,104.5836,104.4539,103.5849,103.4213,103.2376,103.0337,102.1148,101.8765,101.6178,100.6629,100.3696,99.39301,98.40885,98.06666,84.20518,78.23762,76.77709,75.32427,74.49504,73.05137,72.2178,70.78391,69.94645,69.10365,68.2556,66.83594,65.98476,65.12856,63.72277,62.86405,62.00055,61.13233,59.74442,58.87445,58,57.12113,55.75311,55.82757
85.317,82.74414,82.78513,82.79055,83.31974,84.39453,84.31574,84.78263,84.64108,85.65448,86.05955,86.44412,86.19261,86.52953,87.47553,88.41487,89.99027,90.92273,92.50432,93.42943,95.01655,96.6094,97.52577,99.12306,100.0308,101.6318,103.2376,104.8478,106.4623,107.3554,108.9717,110.5916,111.4717,112.3434,113.2064,114.8213,98.81973,94.90982,94.81181,94.69559,95.3493,95.99575,95.83626,95.65897,96.27302,96.87975,97.47909,98.07102,97.82643,98.39853,98.96313,98.6768,99.22163,99.7589,99.43141,99.94898,100.4589,100.9613,100.5813,101.9428
136.5357,129.8823,127.4779,125.0829,123.5266,122.7948,120.4154,118.8609,116.4984,115.7554,114.2049,112.6562,110.3215,108.7825,108.0233,107.2558,107.2462,106.4568,106.4141,105.6028,105.5266,105.4307,104.5836,104.4539,103.5849,103.4213,103.2376,103.0337,102.8094,101.8765,101.6178,101.3385,100.3696,99.39301,98.40885,98.06666,82.9196,78.23762,76.77709,75.32427,74.49504,73.66013,72.2178,70.78391,69.94645,69.10365,68.2556,67.40234,65.98476,65.12856,64.26741,62.86405,62.00055,61.13233,59.74442,58.87445,58,57.12113,55.75311,55.35042
85.84692,82.20684,82.78513,83.34248,83.31974,83.82812,84.31574,84.78263,85.22886,85.05966,86.05955,86.44412,86.19261,87.15205,87.47553,88.41487,89.34748,90.92273,92.50432,93.42943,95.01655,96.6094,98.20776,99.12306,100.0308,101.6318,103.2376,104.1346,105.743,107.3554,108.9717,110.5916,111.4717,112.3434,113.2064,114.8213,98.81973,94.90982,94.81181,95.4782,95.3493,95.2024,95.83626,95.65897,96.27302,96.87975,97.47909,97.24689,97.82643,98.39853,98.96313,98.6768,99.22163,99.7589,99.43141,99.94898,100.4589,100.9613,101.4559,103.7004
137.3838,129.0389,127.4779,125.9168,123.5266,121.9707,120.4154,118.8609,117.3075,114.9515,114.2049,112.6562,110.3215,109.5651,108.0233,107.2558,106.4802,106.4568,106.4141,105.6028,105.5266,105.4307,105.3149,104.4539,103.5849,103.4213,103.2376,102.3328,102.1148,101.8765,101.6178,101.3385,100.3696,99.39301,98.40885,98.06666,82.9196,78.23762,76.77709,75.94679,74.49504,73.05137,72.2178,70.78391,69.94645,69.10365,68.2556,66.83594,65.98476,65.12856,64.26741,62.86405,62.00055,61.13233,59.74442,58.87445,58,57.12113,56.23792,56.30473
85.84692,82.20684,82.78513,82.79055,83.31974,84.39453,84.31574,84.78263,85.22886,85.05966,86.05955,85.83536,86.19261,87.15205,87.47553,88.41487,89.34748,90.92273,92.50432,93.42943,95.01655,96.6094,97.52577,99.12306,100.0308,101.6318,103.2376,104.8478,105.743,107.3554,108.9717,110.5916,111.4717,112.3434,113.2064,114.8213,99.58578,94.90982,94.81181,95.4782,95.3493,95.99575,95.83626,96.46282,96.27302,96.87975,97.47909,97.24689,97.82643,98.39853,98.12446,98.6768,99.22163,99.7589,99.43141,99.94898,100.4589,100.9613,101.4559,101.9428
137.3838,129.0389,127.4779,125.0829,123.5266,122.7948,120.4154,118.8609,117.3075,114.9515,114.2049,111.8628,110.3215,109.5651,108.0233,107.2558,106.4802,106.4568,106.4141,105.6028,105.5266,105.4307,104.5836,104.4539,103.5849,103.4213,103.2376,103.0337,102.1148,101.8765,101.6178,101.3385,100.3696,99.39301,98.40885,98.06666,83.56239,78.23762,76.77709,75.94679,74.49504,73.66013,72.2178,71.37873,69.94645,69.10365,68.2556,66.83594,65.98476,65.12856,63.72277,62.86405,62.00055,61.13233,59.74442,58.87445,58,57.12113,56.23792,55.35042
85.84692,82.74414,82.78513,83.34248,83.31974,84.39453,84.31574,84.78263,85.22886,85.05966,86.05955,86.44412,86.19261,86.52953,87.47553,88.41487,89.34748,90.92273,92.50432,94.09205,95.01655,96.6094,98.20776,99.12306,100.0308,100.9309,103.2376,104.1346,105.743,107.3554,108.9717,110.5916,111.4717,112.3434,113.2064,114.8213,98.81973,94.90982,95.58895,94.69559,95.3493,95.2024,95.83626,96.46282,96.27302,96.87975,97.47909,97.24689,97.82643,98.39853,98.96313,98.6768,99.22163,99.7589,99.43141,99.94898,100.4589,100.0909,101.4559,103.7004
137.3838,129.8823,127.4779,125.9168,123.5266,122.7948,120.4154,118.8609,117.3075,114.9515,114.2049,112.6562,110.3215,108.7825,108.0233,107.2558,106.4802,106.4568,106.4141,106.3517,105.5266,105.4307,105.3149,104.4539,103.5849,102.7081,103.2376,102.3328,102.1148,101.8765,101.6178,101.3385,100.3696,99.39301,98.40885,98.06666,82.9196,78.23762,77.40641,75.32427,74.49504,73.05137,72.2178,71.37873,69.94645,69.10365,68.2556,66.83594,65.98476,65.12856,64.26741,62.86405,62.00055,61.13233,59.74442,58.87445,58,56.62871,56.23792,56.30473
85.84692,82.20684,82.78513,83.34248,83.31974,84.39453,84.31574,84.78263,84.64108,85.05966,86.05955,86.44412,86.19261,86.52953,87.47553,88.41487,89.99027,90.92273,92.50432,93.42943,95.01655,96.6094,97.52577,99.12306,100.0308,101.6318,102.5305,104.1346,105.743,107.3554,108.9717,110.5916,111.4717,112.3434,113.2064,114.8213,100.3518,94.90982,94.81181,94.69559,95.3493,95.2024,95.83626,96.46282,96.27302,96.87975,97.47909,97.24689,97.82643,98.39853,98.96313,98.6768,99.22163,99.7589,99.43141,99.94898,100.4589,100.0909,101.4559,104.5792
137.3838,129.0389,127.4779,125.9168,123.5266,122.7948,120.4154,118.8609,116.4984,114.9515,114.2049,112.6562,110.3215,108.7825,108.0233,107.2558,107.2462,106.4568,106.4141,105.6028,105.5266,105.4307,104.5836,104.4539,103.5849,103.4213,102.5305,102.3328,102.1148,101.8765,101.6178,101.3385,100.3696,99.39301,98.40885,98.06666,84.20518,78.23762,76.77709,75.32427,74.49504,73.05137,72.2178,71.37873,69.94645,69.10365,68.2556,66.83594,65.98476,65.12856,64.26741,62.86405,62.00055,61.13233,59.74442,58.87445,58,56.62871,56.23792,56.78189
84.78708,82.74414,82.78513,82.79055,83.31974,84.39453,84.31574,84.78263,84.64108,85.05966,86.05955,86.44412,86.19261,87.15205,87.47553,88.41487,89.34748,90.92273,92.50432,93.42943,95.01655,96.6094,97.52577,99.12306,100.0308,101.6318,102.5305,104.8478,105.743,107.3554,108.9717,110.5916,111.4717,113.0923,113.2064,114.8213,100.3518,94.90982,94.81181,95.4782,95.3493,95.99575,96.6349,96.46282,96.27302,96.87975,97.47909,97.24689,98.65547,98.39853,98.96313,98.6768,99.22163,99.7589,99.43141,99.94898,100.4589,100.9613,101.4559,101.9428
135.6877,129.8823,127.4779,125.0829,123.5266,122.7948,120.4154,118.8609,116.4984,114.9515,114.2049,112.6562,110.3215,109.5651,108.0233,107.2558,106.4802,106.4568,106.4141,105.6028,105.5266,105.4307,104.5836,104.4539,103.5849,103.4213,102.5305,103.0337,102.1148,101.8765,101.6178,101.3385,100.3696,100.0556,98.40885,98.06666,84.20518,78.23762,76.77709,75.94679,74.49504,73.66013,72.81962,71.37873,69.94645,69.10365,68.2556,66.83594,66.54396,65.12856,64.26741,62.86405,62.00055,61.13233,59.74442,58.87445,58,57.12113,56.23792,55.35042
85.84692,82.74414,82.78513,82.79055,83.31974,84.39453,84.31574,84.78263,85.22886,85.05966,86.05955,86.44412,86.19261,86.52953,87.47553,88.41487,89.34748,90.92273,92.50432,93.42943,95.01655,96.6094,97.52577,99.12306,100.0308,101.6318,103.2376,104.8478,105.743,107.3554,108.9717,110.5916,111.4717,113.0923,113.2064,114.8213,99.58578,94.90982,94.81181,95.4782,95.3493,95.2024,95.83626,95.65897,96.27302,96.87975,97.47909,97.24689,97.82643,98.39853,98.12446,98.6768,99.22163,99.7589,99.43141,99.94898,100.4589,100.9613,101.4559,102.8216
137.3838,129.8823,127.4779,125.0829,123.5266,122.7948,120.4154,118.8609,117.3075,114.9515,114.2049,112.6562,110.3215,108.7825,108.0233,107.2558,106.4802,106.4568,106.4141,105.6028,105.5266,105.4307,104.5836,104.4539,103.5849,103.4213,103.2376,103.0337,102.1148,101.8765,101.6178,101.3385,100.3696,100.0556,98.40885,98.06666,83.56239,78.23762,76.77709,75.94679,74.49504,73.05137,72.2178,70.78391,69.94645,69.10365,68.2556,66.83594,65.98476,65.12856,63.72277,62.86405,62.00055,61.13233,59.74442,58.87445,58,57.12113,56.23792,55.82757
85.317,82.74414,82.78513,82.79055,83.31974,84.39453,84.31574,84.78263,84.64108,85.05966,86.05955,86.44412,86.80827,87.15205,87.47553,88.41487,89.34748,90.92273,92.50432,93.42943,95.01655,96.6094,98.20776,99.12306,100.0308,101.6318,103.2376,104.8478,105.743,107.3554,108.2403,110.5916,111.4717,113.0923,113.2064,114.8213,99.58578,94.90982,94.81181,95.4782,95.3493,95.2024,95.83626,95.65897,96.27302,96.87975,97.47909,98.07102,97.82643,98.39853,98.12446,98.6768,99.22163,99.7589,100.2886,99.94898,100.4589,100.0909,101.4559,104.5792
136.5357,129.8823,127.4779,125.0829,123.5266,122.7948,120.4154,118.8609,116.4984,114.9515,114.2049,112.6562,111.1095,109.5651,108.0233,107.2558,106.4802,106.4568,106.4141,105.6028,105.5266,105.4307,105.3149,104.4539,103.5849,103.4213,103.2376,103.0337,102.1148,101.8765,100.9358,101.3385,100.3696,100.0556,98.40885,98.06666,83.56239,78.23762,76.77709,75.94679,74.49504,73.05137,72.2178,70.78391,69.94645,69.10365,68.2556,67.40234,65.98476,65.12856,63.72277,62.86405,62.00055,61.13233,60.25945,58.87445,58,56.62871,56.23792,56.78189
84.78708,82.74414,82.78513,82.79055,83.31974,84.39453,84.31574,84.78263,85.22886,85.05966,86.05955,86.44412,86.19261,87.15205,87.47553,88.41487,89.34748,90.92273,92.50432,93.42943,95.01655,96.6094,97.52577,99.12306,100.0308,101.6318,103.2376,104.8478,105.743,107.3554,108.9717,110.5916,111.4717,112.3434,113.2064,114.0609,98.81973,94.90982,94.81181,94.69559,95.3493,95.2024,95.83626,96.46282,96.27302,96.87975,97.47909,98.07102,97.82643,98.39853,98.96313,98.6768,99.22163,98.90626,100.2886,99.94898,100.4589,100.9613,101.4559,101.9428
135.6877,129.8823,127.4779,125.0829,123.5266,122.7948,120.4154,118.8609,117.3075,114.9515,114.2049,112.6562,110.3215,109.5651,108.0233,107.2558,106.4802,106.4568,106.4141,105.6028,105.5266,105.4307,104.5836,104.4539,103.5849,103.4213,103.2376,103.0337,102.1148,101.8765,101.6178,101.3385,100.3696,99.39301,98.40885,97.41721,82.9196,78.23762,76.77709,75.32427,74.49504,73.05137,72.2178,71.37873,69.94645,69.10365,68.2556,67.40234,65.98476,65.12856,64.26741,62.86405,62.00055,60.60983,60.25945,58.87445,58,57.12113,56.23792,55.35042
85.317,82.74414,82.78513,82.79055,83.31974,84.39453,84.31574,84.78263,84.64108,85.05966,86.05955,86.44412,86.19261,87.15205,87.47553,88.41487,89.34748,90.92273,92.50432,93.42943,95.01655,96.6094,98.20776,99.12306,100.0308,101.6318,103.2376,104.1346,105.743,107.3554,108.9717,110.5916,111.4717,112.3434,113.2064,114.8213,99.58578,94.90982,94.81181,95.4782,95.3493,95.99575,95.83626,96.46282,96.27302,96.87975,97.47909,97.24689,97.82643,98.39853,98.12446,98.6768,99.22163,99.7589,100.2886,99.94898,100.4589,100.9613,101.4559,102.8216
136.5357,129.8823,127.4779,125.0829,123.5266,122.7948,120.4154,118.8609,116.4984,114.9515,114.2049,112.6562,110.3215,109.5651,108.0233,107.2558,106.4802,106.4568,106.4141,105.6028,105.5266,105.4307,105.3149,104.4539,103.5849,103.4213,103.2376,102.3328,102.1148,101.8765,101.6178,101.3385,100.3696,99.39301,98.40885,98.06666,83.56239,78.23762,76.77709,75.94679,74.49504,73.66013,72.2178,71.37873,69.94645,69.10365,68.2556,66.83594,65.98476,65.12856,63.72277,62.86405,62.00055,61.13233,60.25945,58.87445,58,57.12113,56.23792,55.82757
85.84692,82.74414,82.78513,83.34248,83.31974,84.39453,84.31574,84.78263,85.22886,85.65448,86.05955,85.83536,86.19261,87.15205,87.47553,88.41487,89.34748,90.92273,92.50432,93.42943,95.01655,96.6094,98.20776,99.12306,100.0308,101.6318,103.2376,104.1346,105.743,107.3554,108.9717,110.5916,111.4717,113.0923,113.2064,114.8213,98.81973,94.90982,94.81181,95.4782,95.3493,95.99575,95.83626,96.46282,96.27302,96.87975,97.47909,98.07102,97.82643,98.39853,98.12446,98.6768,99.22163,98.90626,99.43141,99.94898,100.4589,100.9613,101.4559,102.8216
137.3838,129.8823,127.4779,125.9168,123.5266,122.7948,120.4154,118.8609,117.3075,115.7554,114.2049,111.8628,110.3215,109.5651,108.0233,107.2558,106.4802,106.4568,106.4141,105.6028,105.5266,105.4307,105.3149,104.4539,103.5849,103.4213,103.2376,102.3328,102.1148,101.8765,101.6178,101.3385,100.3696,100.0556,98.40885,98.06666,82.9196,78.23762,76.77709,75.94679,74.49504,73.66013,72.2178,71.37873,69.94645,69.10365,68.2556,67.40234,65.98476,65.12856,63.72277,62.86405,62.00055,60.60983,59.74442,58.87445,58,57.12113,56.23792,55.82757
85.317,82.20684,82.78513,82.79055,83.87894,84.39453,84.88931,84.78263,85.22886,85.05966,86.05955,86.44412,86.19261,87.15205,87.47553,88.41487,89.34748,90.92273,92.50432,93.42943,95.01655,96.6094,97.52577,99.12306,100.0308,101.6318,102.5305,104.1346,105.743,107.3554,108.9717,110.5916,111.4717,112.3434,113.2064,114.8213,99.58578,94.90982,94.81181,95.4782,95.3493,95.99575,95.83626,96.46282,96.27302,96.87975,97.47909,97.24689,97.82643,98.39853,98.96313,99.52019,99.22163,99.7589,100.2886,99.94898,99.59292,100.9613,101.4559,102.8216
136.5357,129.0389,127.4779,125.0829,124.3556,122.7948,121.2345,118.8609,117.3075,114.9515,114.2049,112.6562,110.3215,109.5651,108.0233,107.2558,106.4802,106.4568,106.4141,105.6028,105.5266,105.4307,104.5836,104.4539,103.5849,103.4213,102.5305,102.3328,102.1148,101.8765,101.6178,101.3385,100.3696,99.39301,98.40885,98.06666,83.56239,78.23762,76.77709,75.94679,74.49504,73.66013,72.2178,71.37873,69.94645,69.10365,68.2556,66.83594,65.98476,65.12856,64.26741,63.40135,62.00055,61.13233,60.25945,58.87445,57.5,57.12113,56.23792,55.82757
85.84692,82.20684,82.78513,83.34248,83.31974,84.39453,84.31574,84.78263,84.64108,85.05966,86.05955,86.44412,86.19261,87.15205,87.47553,87.77879,89.34748,90.92273,92.50432,93.42943,95.01655,95.93381,98.20776,99.12306,100.0308,101.6318,103.2376,104.1346,105.743,107.3554,108.9717,110.5916,111.4717,112.3434,113.2064,114.8213,98.81973,94.90982,94.81181,94.69559,95.3493,95.99575,95.83626,96.46282,96.27302,96.87975,97.47909,98.07102,97.82643,98.39853,98.12446,98.6768,99.22163,99.7589,99.43141,99.94898,100.4589,100.9613,101.4559,103.7004
137.3838,129.0389,127.4779,125.9168,123.5266,122.7948,120.4154,118.8609,116.4984,114.9515,114.2049,112.6562,110.3215,109.5651,108.0233,106.4842,106.4802,106.4568,106.4141,105.6028,105.5266,104.6934,105.3149,104.4539,103.5849,103.4213,103.2376,102.3328,102.1148,101.8765,101.6178,101.3385,100.3696,99.39301,98.40885,98.06666,82.9196,78.23762,76.77709,75.32427,74.49504,73.66013,72.2178,71.37873,69.94645,69.10365,68.2556,67.40234,65.98476,65.12856,63.72277,62.86405,62.00055,61.13233,59.74442,58.87445,58,57.12113,56.23792,56.30473
85.84692,82.74414,82.78513,82.79055,83.31974,84.39453,84.31574,84.78263,85.22886,85.05966,86.05955,86.44412,86.19261,87.15205,87.47553,88.41487,89.34748,90.92273,92.50432,93.42943,95.01655,96.6094,97.52577,99.12306,100.0308,101.6318,102.5305,104.1346,105.743,107.3554,108.9717,110.5916,111.4717,112.3434,113.2064,114.8213,99.58578,94.90982,94.81181,94.69559,95.3493,95.99575,95.83626,96.46282,96.27302,96.87975,97.47909,98.07102,97.82643,98.39853,98.12446,98.6768,99.22163,99.7589,99.43141,99.94898,100.4589,100.9613,101.4559,101.064
137.3838,129.8823,127.4779,125.0829,123.5266,122.7948,120.4154,118.8609,117.3075,114.9515,114.2049,112.6562,110.3215,109.5651,108.0233,107.2558,106.4802,106.4568,106.4141,105.6028,105.5266,105.4307,104.5836,104.4539,103.5849,103.4213,102.5305,102.3328,102.1148,101.8765,101.6178,101.3385,100.3696,99.39301,98.40885,98.06666,83.56239,78.23762,76.77709,75.32427,74.49504,73.66013,72.2178,71.37873,69.94645,69.10365,68.2556,67.40234,65.98476,65.12856,63.72277,62.86405,62.00055,61.13233,59.74442,58.87445,58,57.12113,56.23792,54.87326
85.317,82.20684,82.78513,82.79055,83.31974,84.39453,84.31574,84.78263,85.22886,85.05966,86.05955,86.44412,86.19261,86.52953,87.47553,88.41487,89.99027,90.92273,92.50432,93.42943,95.01655,96.6094,97.52577,99.12306,100.0308,101.6318,103.2376,104.1346,105.743,107.3554,108.9717,110.5916,111.4717,113.0923,113.2064,114.8213,99.58578,94.90982,94.81181,94.69559,95.3493,95.99575,95.83626,95.65897,96.27302,96.87975,97.47909,98.07102,97.82643,98.39853,98.96313,98.6768,99.22163,99.7589,99.43141,99.94898,100.4589,100.9613,100.5813,102.8216
136.5357,129.0389,127.4779,125.0829,123.5266,122.7948,120.4154,118.8609,117.3075,114.9515,114.2049,112.6562,110.3215,108.7825,108.0233,107.2558,107.2462,106.4568,106.4141,105.6028,105.5266,105.4307,104.5836,104.4539,103.5849,103.4213,103.2376,102.3328,102.1148,101.8765,101.6178,101.3385,100.3696,100.0556,98.40885,98.06666,83.56239,78.23762,76.77709,75.32427,74.49504,73.66013,72.2178,70.78391,69.94645,69.10365,68.2556,67.40234,65.98476,65.12856,64.26741,62.86405,62.00055,61.13233,59.74442,58.87445,58,57.12113,55.75311,55.82757
85.84692,82.74414,82.78513,82.79055,83.31974,84.39453,84.31574,84.78263,85.22886,85.05966,86.05955,86.44412,86.19261,87.15205,87.47553,88.41487,89.34748,90.92273,92.50432,93.42943,95.01655,96.6094,97.52577,99.12306,100.0308,100.9309,102.5305,104.1346,105.743,107.3554,108.9717,109.8543,111.4717,112.3434,113.9611,114.8213,98.81973,94.90982,94.81181,95.4782,95.3493,95.99575,95.83626,96.46282,97.08204,96.87975,97.47909,97.24689,97.82643,98.39853,98.12446,98.6768,99.22163,99.7589,99.43141,99.94898,100.4589,100.9613,100.5813,103.7004
137.3838,129.8823,127.4779,125.0829,123.5266,122.7948,120.4154,118.8609,117.3075,114.9515,114.2049,112.6562,110.3215,109.5651,108.0233,107.2558,106.4802,106.4568,106.4141,105.6028,105.5266,105.4307,104.5836,104.4539,103.5849,102.7081,102.5305,102.3328,102.1148,101.8765,101.6178,100.6629,100.3696,99.39301,99.06491,98.06666,82.9196,78.23762,76.77709,75.94679,74.49504,73.66013,72.2178,71.37873,70.53423,69.10365,68.2556,66.83594,65.98476,65.12856,63.72277,62.86405,62.00055,61.13233,59.74442,58.87445,58,57.12113,55.75311,56.30473
85.84692,82.74414,82.78513,82.79055,83.31974,84.39453,84.31574,84.78263,85.22886,85.05966,86.05955,86.44412,86.19261,87.15205,87.47553,88.41487,89.99027,90.92273,92.50432,93.42943,95.01655,96.6094,97.52577,99.12306,100.0308,101.6318,102.5305,104.1346,105.743,107.3554,108.9717,110.5916,111.4717,112.3434,113.2064,114.8213,98.81973,94.90982,94.81181,95.4782,95.3493,95.99575,95.83626,96.46282,96.27302,96.87975,97.47909,98.07102,97.82643,98.39853,98.96313,98.6768,99.22163,98.90626,99.43141,99.94898,100.4589,100.9613,101.4559,101.064
137.3838,129.8823,127.4779,125.0829,123.5266,122.7948,120.4154,118.8609,117.3075,114.9515,114.2049,112.6562,110.3215,109.5651,108.0233,107.2558,107.2462,106.4568,106.4141,105.6028,105.5266,105.4307,104.5836,104.4539,103.5849,103.4213,102.5305,102.3328,102.1148,101.8765,101.6178,101.3385,100.3696,99.39301,98.40885,98.06666,82.9196,78.23762,76.77709,75.94679,74.49504,73.66013,72.2178,71.37873,69.94645,69.10365,68.2556,67.40234,65.98476,65.12856,64.26741,62.86405,62.00055,60.60983,59.74442,58.87445,58,57.12113,56.23792,54.87326
84.78708,82.74414,82.78513,82.79055,83.31974,84.39453,84.31574,84.78263,84.64108,85.05966,86.05955,86.44412,86.19261,87.15205,87.47553,88.41487,89.34748,90.92273,92.50432,94.09205,95.01655,96.6094,98.20776,99.12306,100.0308,101.6318,103.2376,104.1346,105.743,107.3554,108.9717,110.5916,111.4717,112.3434,113.2064,114.8213,99.58578,94.90982,94.81181,94.69559,95.3493,95.99575,95.83626,96.46282,96.27302,96.87975,97.47909,98.07102,97.82643,98.39853,98.96313,98.6768,99.22163,99.7589,100.2886,100.8106,100.4589,100.0909,101.4559,102.8216
135.6877,129.8823,127.4779,125.0829,123.5266,122.7948,120.4154,118.8609,116.4984,114.9515,114.2049,112.6562,110.3215,109.5651,108.0233,107.2558,106.4802,106.4568,106.4141,106.3517,105.5266,105.4307,105.3149,104.4539,103.5849,103.4213,103.2376,102.3328,102.1148,101.8765,101.6178,101.3385,100.3696,99.39301,98.40885,98.06666,83.56239,78.23762,76.77709,75.32427,74.49504,73.66013,72.2178,71.37873,69.94645,69.10365,68.2556,67.40234,65.98476,65.12856,64.26741,62.86405,62.00055,61.13233,60.25945,59.38199,58,56.62871,56.23792,55.82757
84.78708,82.74414,82.78513,82.79055,83.31974,84.39453,84.31574,84.78263,85.22886,85.05966,86.05955,86.44412,86.19261,87.15205,87.47553,88.41487,89.34748,90.92273,92.50432,93.42943,95.01655,95.93381,97.52577,99.12306,100.0308,101.6318,102.5305,104.1346,105.743,107.3554,108.9717,110.5916,111.4717,112.3434,113.2064,114.8213,99.58578,94.90982,94.81181,95.4782,95.3493,95.99575,95.83626,96.46282,96.27302,96.87975,97.47909,98.07102,97.82643,98.39853,98.96313,98.6768,99.22163,99.7589,99.43141,99.94898,100.4589,100.9613,101.4559,102.8216
135.6877,129.8823,127.4779,125.0829,123.5266,122.7948,120.4154,118.8609,117.3075,114.9515,114.2049,112.6562,110.3215,109.5651,108.0233,107.2558,106.4802,106.4568,106.4141,105.6028,105.5266,104.6934,104.5836,104.4539,103.5849,103.4213,102.5305,102.3328,102.1148,101.8765,101.6178,101.3385,100.3696,99.39301,98.40885,98.06666,83.56239,78.23762,76.77709,75.94679,74.49504,73.66013,72.2178,71.37873,69.94645,69.10365,68.2556,67.40234,65.98476,65.12856,64.26741,62.86405,62.00055,61.13233,59.74442,58.87445,58,57.12113,56.23792,55.82757
85.317,82.74414,82.78513,83.34248,83.31974,84.39453,84.31574,84.78263,84.64108,85.05966,86.05955,86.44412,86.19261,87.15205,87.47553,88.41487,89.34748,90.92273,92.50432,93.42943,95.01655,96.6094,97.52577,99.12306,100.0308,101.6318,103.2376,104.1346,106.4623,107.3554,108.9717,110.5916,111.4717,112.3434,113.9611,114.8213,98.81973,94.90982,94.81181,94.69559,95.3493,95.99575,95.83626,96.46282,96.27302,96.87975,97.47909,97.24689,97.82643,98.39853,98.96313,98.6768,99.22163,99.7589,99.43141,99.94898,100.4589,100.9613,101.4559,102.8216
136.5357,129.8823,127.4779,125.9168,123.5266,122.7948,120.4154,118.8609,116.4984,114.9515,114.2049,112.6562,110.3215,109.5651,108.0233,107.2558,106.4802,106.4568,106.4141,105.6028,105.5266,105.4307,104.5836,104.4539,103.5849,103.4213,103.2376,102.3328,102.8094,101.8765,101.6178,101.3385,100.3696,99.39301,99.06491,98.06666,82.9196,78.23762,76.77709,75.32427,74.49504,73.66013,72.2178,71.37873,69.94645,69.10365,68.2556,66.83594,65.98476,65.12856,64.26741,62.86405,62.00055,61.13233,59.74442,58.87445,58,57.12113,56.23792,55.82757
85.317,82.74414,82.78513,82.79055,83.31974,84.39453,84.31574,84.78263,85.22886,85.05966,86.05955,86.44412,86.19261,86.52953,87.47553,88.41487,89.34748,90.92273,92.50432,93.42943,95.01655,96.6094,98.20776,99.12306,100.0308,101.6318,103.2376,104.8478,105.743,107.3554,108.9717,110.5916,111.4717,113.0923,113.2064,114.8213,100.3518,94.90982,94.81181,95.4782,95.3493,95.99575,95.83626,95.65897,97.08204,96.87975,97.47909,97.24689,97.82643,98.39853,98.96313,99.52019,99.22163,98.90626,99.43141,99.94898,100.4589,100.9613,101.4559,103.7004
136.5357,129.8823,127.4779,125.0829,123.5266,122.7948,120.4154,118.8609,117.3075,114.9515,114.2049,112.6562,110.3215,108.7825,108.0233,107.2558,106.4802,106.4568,106.4141,105.6028,105.5266,105.4307,105.3149,104.4539,103.5849,103.4213,103.2376,103.0337,102.1148,101.8765,101.6178,101.3385,100.3696,100.0556,98.40885,98.06666,84.20518,78.23762,76.77709,75.94679,74.49504,73.66013,72.2178,70.78391,70.53423,69.10365,68.2556,66.83594,65.98476,65.12856,64.26741,63.40135,62.00055,60.60983,59.74442,58.87445,58,57.12113,56.23792,56.30473
85.317,82.74414,82.78513,83.34248,83.31974,84.39453,84.31574,84.78263,84.64108,85.05966,86.05955,86.44412,86.19261,87.15205,87.47553,88.41487,89.99027,90.92273,92.50432,94.09205,95.01655,96.6094,97.52577,99.12306,100.0308,101.6318,102.5305,104.1346,105.743,107.3554,108.9717,110.5916,111.4717,113.0923,113.2064,114.8213,99.58578,94.90982,94.81181,95.4782,95.3493,95.99575,95.83626,95.65897,96.27302,96.87975,97.47909,97.24689,97.82643,98.39853,98.96313,98.6768,99.22163,99.7589,99.43141,99.94898,100.4589,100.9613,100.5813,101.064
136.5357,129.8823,127.4779,125.9168,123.5266,122.7948,120.4154,118.8609,116.4984,114.9515,114.2049,112.6562,110.3215,109.5651,108.0233,107.2558,107.2462,106.4568,106.4141,106.3517,105.5266,105.4307,104.5836,104.4539,103.5849,103.4213,102.5305,102.3328,102.1148,101.8765,101.6178,101.3385,100.3696,100.0556,98.40885,98.06666,83.56239,78.23762,76.77709,75.94679,74.49504,73.66013,72.2178,70.78391,69.94645,69.10365,68.2556,66.83594,65.98476,65.12856,64.26741,62.86405,62.00055,61.13233,59.74442,58.87445,58,57.12113,55.75311,54.87326
85.84692,82.20684,82.78513,82.79055,83.31974,84.39453,84.31574,84.78263,84.64108,85.05966,86.05955,86.44412,86.19261,87.15205,87.47553,87.77879,89.34748,90.92273,92.50432,93.42943,95.01655,96.6094,97.52577,99.12306,100.0308,101.6318,103.2376,104.8478,106.4623,107.3554,108.9717,110.5916,111.4717,113.0923,113.2064,114.0609,99.58578,94.90982,94.81181,95.4782,95.3493,95.99575,95.83626,96.46282,96.27302,96.87975,97.47909,97.24689,97.82643,98.39853,98.96313,98.6768,99.22163,99.7589,99.43141,99.94898,100.4589,100.9613,101.4559,102.8216
137.3838,129.0389,127.4779,125.0829,123.5266,122.7948,120.4154,118.8609,116.4984,114.9515,114.2049,112.6562,110.3215,109.5651,108.0233,106.4842,106.4802,106.4568,106.4141,105.6028,105.5266,105.4307,104.5836,104.4539,103.5849,103.4213,103.2376,103.0337,102.8094,101.8765,101.6178,101.3385,100.3696,100.0556,98.40885,97.41721,83.56239,78.23762,76.77709,75.94679,74.49504,73.66013,72.2178,71.37873,69.94645,69.10365,68.2556,66.83594,65.98476,65.12856,64.26741,62.86405,62.00055,61.13233,59.74442,58.87445,58,57.12113,56.23792,55.82757
85.84692,82.74414,82.78513,83.34248,83.31974,84.39453,84.31574,84.78263,84.64108,85.05966,86.05955,86.44412,86.80827,86.52953,87.47553,88.41487,89.34748,90.92273,92.50432,93.42943,95.01655,96.6094,97.52577,99.12306,100.0308,101.6318,103.2376,104.1346,105.743,107.3554,108.9717,110.5916,111.4717,112.3434,113.2064,114.8213,100.3518,94.90982,94.81181,95.4782,95.3493,95.99575,95.83626,96.46282,96.27302,96.87975,97.47909,98.07102,97.82643,98.39853,98.96313,98.6768,99.22163,99.7589,99.43141,99.94898,100.4589,100.0909,101.4559,103.7004
137.3838,129.8823,127.4779,125.9168,123.5266,122.7948,120.4154,118.8609,116.4984,114.9515,114.2049,112.6562,111.1095,108.7825,108.0233,107.2558,106.4802,106.4568,106.4141,105.6028,105.5266,105.4307,104.5836,104.4539,103.5849,103.4213,103.2376,102.3328,102.1148,101.8765,101.6178,101.3385,100.3696,99.39301,98.40885,98.06666,84.20518,78.23762,76.77709,75.94679,74.49504,73.66013,72.2178,71.37873,69.94645,69.10365,68.2556,67.40234,65.98476,65.12856,64.26741,62.86405,62.00055,61.13233,59.74442,58.87445,58,56.62871,56.23792,56.30473
84.78708,82.74414,82.78513,83.34248,83.31974,84.39453,84.31574,84.78263,85.22886,85.05966,86.05955,86.44412,86.19261,87.15205,87.47553,88.41487,89.34748,90.92273,92.50432,93.42943,95.01655,96.6094,98.20776,99.12306,100.0308,101.6318,102.5305,104.8478,105.743,107.3554,108.9717,110.5916,111.4717,113.0923,113.2064,114.0609,99.58578,94.90982,94.81181,95.4782,96.13731,95.99575,95.83626,95.65897,96.27302,96.87975,97.47909,97.24689,98.65547,98.39853,98.96313,98.6768,99.22163,99.7589,100.2886,99.94898,100.4589,100.9613,101.4559,103.7004
135.6877,129.8823,127.4779,125.9168,123.5266,122.7948,120.4154,118.8609,117.3075,114.9515,114.2049,112.6562,110.3215,109.5651,108.0233,107.2558,106.4802,106.4568,106.4141,105.6028,105.5266,105.4307,105.3149,104.4539,103.5849,103.4213,102.5305,103.0337,102.1148,101.8765,101.6178,101.3385,100.3696,100.0556,98.40885,97.41721,83.56239,78.23762,76.77709,75.94679,75.1107,73.66013,72.2178,70.78391,69.94645,69.10365,68.2556,66.83594,66.54396,65.12856,64.26741,62.86405,62.00055,61.13233,60.25945,58.87445,58,57.12113,56.23792,56.30473
85.317,82.20684,82.78513,82.79055,83.31974,84.39453,84.31574,84.78263,85.22886,85.05966,86.05955,86.44412,86.19261,86.52953,87.47553,88.41487,89.99027,90.92273,92.50432,93.42943,95.01655,96.6094,97.52577,99.12306,100.0308,101.6318,103.2376,104.1346,106.4623,107.3554,108.9717,110.5916,111.4717,113.0923,113.2064,114.8213,99.58578,94.90982,94.81181,95.4782,95.3493,95.99575,95.83626,96.46282,96.27302,96.87975,97.47909,97.24689,97.82643,98.39853,98.96313,98.6768,99.22163,99.7589,99.43141,99.94898,100.4589,100.9613,101.4559,103.7004
136.5357,129.0389,127.4779,125.0829,123.5266,122.7948,120.4154,118.8609,117.3075,114.9515,114.2049,112.6562,110.3215,108.7825,108.0233,107.2558,107.2462,106.4568,106.4141,105.6028,105.5266,105.4307,104.5836,104.4539,103.5849,103.4213,103.2376,102.3328,102.8094,101.8765,101.6178,101.3385,100.3696,100.0556,98.40885,98.06666,83.56239,78.23762,76.77709,75.94679,74.49504,73.66013,72.2178,71.37873,69.94645,69.10365,68.2556,66.83594,65.98476,65.12856,64.26741,62.86405,62.00055,61.13233,59.74442,58.87445,58,57.12113,56.23792,56.30473
85.317,82.74414,82.78513,82.79055,83.31974,84.39453,84.31574,84.78263,84.64108,85.05966,85.45773,86.44412,86.80827,87.15205,87.47553,88.41487,89.99027,90.92273,92.50432,93.42943,95.01655,96.6094,97.52577,99.12306,100.0308,101.6318,103.2376,104.8478,106.4623,107.3554,108.9717,110.5916,111.4717,113.0923,113.2064,114.8213,99.58578,94.90982,94.81181,94.69559,95.3493,95.2024,95.83626,96.46282,96.27302,96.87975,97.47909,98.07102,97.82643,98.39853,98.96313,98.6768,99.22163,99.7589,99.43141,99.94898,100.4589,100.9613,101.4559,102.8216
136.5357,129.8823,127.4779,125.0829,123.5266,122.7948,120.4154,118.8609,116.4984,114.9515,113.4062,112.6562,111.1095,109.5651,108.0233,107.2558,107.2462,106.4568,106.4141,105.6028,105.5266,105.4307,104.5836,104.4539,103.5849,103.4213,103.2376,103.0337,102.8094,101.8765,101.6178,101.3385,100.3696,100.0556,98.40885,98.06666,83.56239,78.23762,76.77709,75.32427,74.49504,73.05137,72.2178,71.37873,69.94645,69.10365,68.2556,67.40234,65.98476,65.12856,64.26741,62.86405,62.00055,61.13233,59.74442,58.87445,58,57.12113,56.23792,55.82757
85.84692,82.20684,82.78513,82.79055,83.31974,84.39453,84.31574,84.78263,85.22886,85.05966,86.05955,86.44412,86.19261,86.52953,87.47553,88.41487,89.34748,90.92273,92.50432,93.42943,95.01655,96.6094,97.52577,99.12306,100.0308,101.6318,103.2376,104.1346,105.743,107.3554,108.2403,110.5916,111.4717,112.3434,113.2064,114.8213,98.81973,94.90982,94.81181,94.69559,95.3493,95.99575,95.83626,96.46282,96.27302,96.87975,96.65994,98.07102,97.82643,98.39853,98.12446,98.6768,99.22163,98.90626,100.2886,99.94898,100.4589,100.0909,100.5813,101.064
137.3838,129.0389,127.4779,125.0829,123.5266,122.7948,120.4154,118.8609,117.3075,114.9515,114.2049,112.6562,110.3215,108.7825,108.0233,107.2558,106.4802,106.4568,106.4141,105.6028,105.5266,105.4307,104.5836,104.4539,103.5849,103.4213,103.2376,102.3328,102.1148,101.8765,100.9358,101.3385,100.3696,99.39301,98.40885,98.06666,82.9196,78.23762,76.77709,75.32427,74.49504,73.66013,72.2178,71.37873,69.94645,69.10365,67.68202,67.40234,65.98476,65.12856,63.72277,62.86405,62.00055,60.60983,60.25945,58.87445,58,56.62871,55.75311,54.87326
