136.6724,138.4094,138.1694,137.9188,138.634,137.3862,138.0765,137.782,137.477,137.1615,137.7992,137.4604,137.1112,136.7516,136.3815,136.9521,136.5586,137.1002,135.7404,137.1951,138.6275,143.7714,149.7972,150.2038,148.7446,147.2808,145.8126,144.3402,142.8639,140.4777,138.9981,137.5155,136.03,135.433,134.8256,134.208,134.459,134.6914,134.0348,135.1,135.2758,134.5753,134.7171,134.8396,134.9426,135.026,135.0895,134.3041,136.8049
-25.33074,-26.90407,-28.11088,-29.31555,-30.73443,-31.7181,-33.14924,-34.35291,-35.55396,-36.7523,-38.21509,-39.41614,-40.61419,-41.80915,-43.00093,-44.49845,-45.69187,-47.20738,-48.06819,-49.93494,-51.83069,-55.18866,-59.0067,-60.68627,-61.61203,-62.51698,-63.4011,-64.26439,-65.10684,-65.50583,-66.29871,-67.07079,-67.82207,-69.00656,-70.18579,-71.35968,-73.00529,-74.66068,-75.83323,-78,-79.68352,-80.86098,-82.55477,-84.25716,-85.96794,-87.68688,-89.41379,-90.58925,-94.02344
137.6557,138.4094,138.1694,137.9188,138.634,138.3605,138.0765,137.782,137.477,137.1615,136.8355,137.4604,137.1112,136.7516,137.3352,136.9521,136.5586,136.1547,136.683,136.2554,138.6275,144.705,149.7972,150.2038,148.7446,147.2808,146.7296,144.3402,143.7739,140.4777,138.9981,137.5155,136.925,135.433,134.8256,135.091,134.459,134.6914,133.1644,135.966,134.4141,134.5753,134.7171,134.8396,134.9426,135.026,135.0895,134.3041,135.9808
-25.51297,-26.90407,-28.11088,-29.31555,-30.73443,-31.94305,-33.14924,-34.35291,-35.55396,-36.7523,-37.94785,-39.41614,-40.61419,-41.80915,-43.30164,-44.49845,-45.69187,-46.88181,-48.40199,-49.59292,-51.83069,-55.54703,-59.0067,-60.68627,-61.61203,-62.51698,-63.79985,-64.26439,-65.52153,-65.50583,-66.29871,-67.07079,-68.26827,-69.00656,-70.18579,-71.82915,-73.00529,-74.66068,-75.3408,-78.5,-79.17598,-80.86098,-82.55477,-84.25716,-85.96794,-87.68688,-89.41379,-90.58925,-93.45703
136.6724,138.4094,138.1694,137.9188,138.634,137.3862,137.1042,137.782,137.477,137.1615,136.8355,137.4604,137.1112,136.7516,137.3352,136.9521,136.5586,137.1002,135.7404,137.1951,138.6275,144.705,149.7972,150.2038,148.7446,147.2808,146.7296,144.3402,142.8639,140.4777,138.9981,137.5155,136.03,135.433,134.8256,134.208,134.459,134.6914,134.0348,135.1,134.4141,134.5753,134.7171,134.8396,134.9426,135.026,135.0895,134.3041,136.8049
-25.33074,-26.90407,-28.11088,-29.31555,-30.73443,-31.7181,-32.9158,-34.35291,-35.55396,-36.7523,-37.94785,-39.41614,-40.61419,-41.80915,-43.30164,-44.49845,-45.69187,-47.20738,-48.06819,-49.93494,-51.83069,-55.54703,-59.0067,-60.68627,-61.61203,-62.51698,-63.79985,-64.26439,-65.10684,-65.50583,-66.29871,-67.07079,-67.82207,-69.00656,-70.18579,-71.35968,-73.00529,-74.66068,-75.83323,-78,-79.17598,-80.86098,-82.55477,-84.25716,-85.96794,-87.68688,-89.41379,-90.58925,-94.02344
135.6892,138.4094,138.1694,137.9188,137.6577,138.3605,138.0765,137.782,137.477,137.1615,136.8355,137.4604,137.1112,136.7516,137.3352,136.9521,136.5586,136.1547,135.7404,136.2554,138.6275,144.705,150.7276,150.2038,148.7446,148.2013,146.7296,144.3402,142.8639,140.4777,139.9007,138.4143,136.03,135.433,134.8256,135.091,134.459,134.6914,134.9051,135.1,134.4141,134.5753,134.7171,134.8396,134.9426,135.026,135.0895,134.3041,135.9808
-25.1485,-26.90407,-28.11088,-29.31555,-30.51799,-31.94305,-33.14924,-34.35291,-35.55396,-36.7523,-37.94785,-39.41614,-40.61419,-41.80915,-43.30164,-44.49845,-45.69187,-46.88181,-48.06819,-49.59292,-51.83069,-55.54703,-59.3732,-60.68627,-61.61203,-62.90771,-63.79985,-64.26439,-65.10684,-65.50583,-66.72922,-67.50916,-67.82207,-69.00656,-70.18579,-71.82915,-73.00529,-74.66068,-76.32565,-78,-79.17598,-80.86098,-82.55477,-84.25716,-85.96794,-87.68688,-89.41379,-90.58925,-93.45703
136.6724,138.4094,138.1694,137.9188,137.6577,138.3605,138.0765,137.782,137.477,137.1615,137.7992,137.4604,137.1112,136.7516,136.3815,136.9521,136.5586,137.1002,135.7404,136.2554,138.6275,144.705,149.7972,150.2038,148.7446,147.2808,145.8126,144.3402,142.8639,140.4777,138.9981,137.5155,136.03,135.433,134.8256,134.208,134.459,134.6914,134.0348,135.1,134.4141,134.5753,134.7171,134.8396,134.9426,135.026,135.0895,134.3041,136.8049
-25.33074,-26.90407,-28.11088,-29.31555,-30.51799,-31.94305,-33.14924,-34.35291,-35.55396,-36.7523,-38.21509,-39.41614,-40.61419,-41.80915,-43.00093,-44.49845,-45.69187,-47.20738,-48.06819,-49.59292,-51.83069,-55.54703,-59.0067,-60.68627,-61.61203,-62.51698,-63.4011,-64.26439,-65.10684,-65.50583,-66.29871,-67.07079,-67.82207,-69.00656,-70.18579,-71.35968,-73.00529,-74.66068,-75.83323,-78,-79.17598,-80.86098,-82.55477,-84.25716,-85.96794,-87.68688,-89.41379,-90.58925,-94.02344
136.6724,138.4094,138.1694,137.9188,138.634,137.3862,138.0765,137.782,137.477,137.1615,136.8355,137.4604,137.1112,136.7516,137.3352,136.9521,136.5586,137.1002,135.7404,136.2554,138.6275,143.7714,149.7972,150.2038,148.7446,147.2808,145.8126,144.3402,142.8639,140.4777,138.9981,137.5155,136.925,135.433,135.7127,134.208,134.459,134.6914,134.0348,134.2339,135.2758,134.5753,134.7171,134.8396,134.9426,135.026,135.0895,134.3041,135.9808
-25.33074,-26.90407,-28.11088,-29.31555,-30.73443,-31.7181,-33.14924,-34.35291,-35.55396,-36.7523,-37.94785,-39.41614,-40.61419,-41.80915,-43.30164,-44.49845,-45.69187,-47.20738,-48.06819,-49.59292,-51.83069,-55.18866,-59.0067,-60.68627,-61.61203,-62.51698,-63.4011,-64.26439,-65.10684,-65.50583,-66.29871,-67.07079,-68.26827,-69.00656,-70.64754,-71.35968,-73.00529,-74.66068,-75.83323,-77.5,-79.68352,-80.86098,-82.55477,-84.25716,-85.96794,-87.68688,-89.41379,-90.58925,-93.45703
137.6557,138.4094,138.1694,137.9188,137.6577,138.3605,138.0765,137.782,137.477,137.1615,137.7992,136.4992,137.1112,136.7516,136.3815,136.9521,136.5586,137.1002,136.683,137.1951,138.6275,144.705,149.7972,150.2038,148.7446,147.2808,146.7296,144.3402,142.8639,140.4777,139.9007,137.5155,136.03,135.433,134.8256,135.091,134.459,133.8168,134.9051,135.1,134.4141,134.5753,134.7171,134.8396,134.9426,135.026,135.0895,134.3041,136.8049
-25.51297,-26.90407,-28.11088,-29.31555,-30.51799,-31.94305,-33.14924,-34.35291,-35.55396,-36.7523,-38.21509,-39.1405,-40.61419,-41.80915,-43.00093,-44.49845,-45.69187,-47.20738,-48.40199,-49.93494,-51.83069,-55.54703,-59.0067,-60.68627,-61.61203,-62.51698,-63.79985,-64.26439,-65.10684,-65.50583,-66.72922,-67.07079,-67.82207,-69.00656,-70.18579,-71.82915,-73.00529,-74.17587,-76.32565,-78,-79.17598,-80.86098,-82.55477,-84.25716,-85.96794,-87.68688,-89.41379,-90.58925,-94.02344
137.6557,138.4094,138.1694,137.9188,138.634,137.3862,138.0765,137.782,137.477,137.1615,136.8355,137.4604,137.1112,136.7516,137.3352,136.9521,136.5586,137.1002,136.683,136.2554,138.6275,144.705,149.7972,150.2038,148.7446,148.2013,146.7296,144.3402,142.8639,140.4777,138.9981,138.4143,136.925,135.433,134.8256,135.091,134.459,134.6914,134.9051,133.3679,135.2758,134.5753,134.7171,134.8396,134.9426,135.026,135.0895,134.3041,136.8049
-25.51297,-26.90407,-28.11088,-29.31555,-30.73443,-31.7181,-33.14924,-34.35291,-35.55396,-36.7523,-37.94785,-39.41614,-40.61419,-41.80915,-43.30164,-44.49845,-45.69187,-47.20738,-48.40199,-49.59292,-51.83069,-55.54703,-59.0067,-60.68627,-61.61203,-62.90771,-63.79985,-64.26439,-65.10684,-65.50583,-66.29871,-67.50916,-68.26827,-69.00656,-70.18579,-71.82915,-73.00529,-74.66068,-76.32565,-77,-79.68352,-80.86098,-82.55477,-84.25716,-85.96794,-87.68688,-89.41379,-90.58925,-94.02344
136.6724,138.4094,138.1694,137.9188,137.6577,138.3605,138.0765,137.782,137.477,137.1615,136.8355,137.4604,137.1112,136.7516,137.3352,136.9521,136.5586,137.1002,135.7404,136.2554,138.6275,143.7714,149.7972,150.2038,148.7446,148.2013,145.8126,144.3402,142.8639,140.4777,138.9981,138.4143,136.03,135.433,134.8256,135.091,134.459,134.6914,134.9051,133.3679,135.2758,134.5753,134.7171,134.8396,134.9426,135.026,135.0895,134.3041,135.9808
-25.33074,-26.90407,-28.11088,-29.31555,-30.51799,-31.94305,-33.14924,-34.35291,-35.55396,-36.7523,-37.94785,-39.41614,-40.61419,-41.80915,-43.30164,-44.49845,-45.69187,-47.20738,-48.06819,-49.59292,-51.83069,-55.18866,-59.0067,-60.68627,-61.61203,-62.90771,-63.4011,-64.26439,-65.10684,-65.50583,-66.29871,-67.50916,-67.82207,-69.00656,-70.18579,-71.82915,-73.00529,-74.66068,-76.32565,-77,-79.68352,-80.86098,-82.55477,-84.25716,-85.96794,-87.68688,-89.41379,-90.58925,-93.45703
137.6557,138.4094,138.1694,137.9188,137.6577,138.3605,138.0765,137.782,137.477,137.1615,137.7992,137.4604,137.1112,136.7516,137.3352,136.9521,136.5586,137.1002,135.7404,136.2554,138.6275,144.705,150.7276,150.2038,148.7446,148.2013,146.7296,145.2537,142.8639,142.2903,138.9981,138.4143,136.03,135.433,134.8256,135.091,134.459,134.6914,134.9051,135.1,134.4141,134.5753,134.7171,134.8396,134.9426,135.026,135.0895,134.3041,136.8049
-25.51297,-26.90407,-28.11088,-29.31555,-30.51799,-31.94305,-33.14924,-34.35291,-35.55396,-36.7523,-38.21509,-39.41614,-40.61419,-41.80915,-43.30164,-44.49845,-45.69187,-47.20738,-48.06819,-49.59292,-51.83069,-55.54703,-59.3732,-60.68627,-61.61203,-62.90771,-63.79985,-64.67113,-65.10684,-66.35107,-66.29871,-67.50916,-67.82207,-69.00656,-70.18579,-71.82915,-73.00529,-74.66068,-76.32565,-78,-79.17598,-80.86098,-82.55477,-84.25716,-85.96794,-87.68688,-89.41379,-90.58925,-94.02344
137.6557,138.4094,138.1694,137.9188,137.6577,138.3605,138.0765,137.782,137.477,137.1615,137.7992,137.4604,137.1112,136.7516,137.3352,136.9521,136.5586,136.1547,135.7404,136.2554,138.6275,144.705,149.7972,150.2038,148.7446,148.2013,146.7296,144.3402,143.7739,140.4777,138.9981,138.4143,136.925,135.433,134.8256,135.091,134.459,134.6914,134.9051,133.3679,135.2758,134.5753,134.7171,134.8396,134.9426,135.026,135.0895,134.3041,135.9808
-25.51297,-26.90407,-28.11088,-29.31555,-30.51799,-31.94305,-33.14924,-34.35291,-35.55396,-36.7523,-38.21509,-39.41614,-40.61419,-41.80915,-43.30164,-44.49845,-45.69187,-46.88181,-48.06819,-49.59292,-51.83069,-55.54703,-59.0067,-60.68627,-61.61203,-62.90771,-63.79985,-64.26439,-65.52153,-65.50583,-66.29871,-67.50916,-68.26827,-69.00656,-70.18579,-71.82915,-73.00529,-74.66068,-76.32565,-77,-79.68352,-80.86098,-82.55477,-84.25716,-85.96794,-87.68688,-89.41379,-90.58925,-93.45703
136.6724,138.4094,138.1694,138.897,137.6577,137.3862,138.0765,136.8117,137.477,137.1615,136.8355,136.4992,137.1112,136.7516,137.3352,136.9521,136.5586,137.1002,135.7404,136.2554,138.6275,144.705,149.7972,150.2038,148.7446,147.2808,146.7296,145.2537,142.8639,142.2903,139.9007,137.5155,136.03,135.433,134.8256,135.091,135.3378,134.6914,134.9051,133.3679,134.4141,134.5753,134.7171,134.8396,134.9426,135.026,135.0895,134.3041,135.9808
-25.33074,-26.90407,-28.11088,-29.52346,-30.51799,-31.7181,-33.14924,-34.11099,-35.55396,-36.7523,-37.94785,-39.1405,-40.61419,-41.80915,-43.30164,-44.49845,-45.69187,-47.20738,-48.06819,-49.59292,-51.83069,-55.54703,-59.0067,-60.68627,-61.61203,-62.51698,-63.79985,-64.67113,-65.10684,-66.35107,-66.72922,-67.07079,-67.82207,-69.00656,-70.18579,-71.82915,-73.48245,-74.66068,-76.32565,-77,-79.17598,-80.86098,-82.55477,-84.25716,-85.96794,-87.68688,-89.41379,-90.58925,-93.45703
136.6724,138.4094,138.1694,137.9188,137.6577,138.3605,138.0765,137.782,137.477,137.1615,136.8355,137.4604,137.1112,136.7516,136.3815,136.9521,136.5586,137.1002,135.7404,136.2554,138.6275,143.7714,148.8668,150.2038,148.7446,147.2808,146.7296,144.3402,142.8639,140.4777,138.9981,137.5155,136.03,135.433,134.8256,135.091,134.459,133.8168,134.0348,135.1,135.2758,134.5753,135.5698,134.8396,134.9426,135.026,135.0895,134.3041,135.9808
-25.33074,-26.90407,-28.11088,-29.31555,-30.51799,-31.94305,-33.14924,-34.35291,-35.55396,-36.7523,-37.94785,-39.41614,-40.61419,-41.80915,-43.00093,-44.49845,-45.69187,-47.20738,-48.06819,-49.59292,-51.83069,-55.18866,-58.6402,-60.68627,-61.61203,-62.51698,-63.79985,-64.26439,-65.10684,-65.50583,-66.29871,-67.07079,-67.82207,-69.00656,-70.18579,-71.82915,-73.00529,-74.17587,-75.83323,-78,-79.68352,-80.86098,-83.07727,-84.25716,-85.96794,-87.68688,-89.41379,-90.58925,-93.45703
136.6724,138.4094,138.1694,137.9188,137.6577,137.3862,138.0765,137.782,137.477,137.1615,136.8355,137.4604,137.1112,136.7516,137.3352,136.9521,136.5586,136.1547,136.683,136.2554,138.6275,144.705,150.7276,150.2038,148.7446,148.2013,146.7296,144.3402,142.8639,140.4777,138.9981,137.5155,136.925,134.542,134.8256,135.091,134.459,134.6914,134.0348,133.3679,135.2758,134.5753,134.7171,134.8396,134.9426,135.026,134.2556,134.3041,136.8049
-25.33074,-26.90407,-28.11088,-29.31555,-30.51799,-31.7181,-33.14924,-34.35291,-35.55396,-36.7523,-37.94785,-39.41614,-40.61419,-41.80915,-43.30164,-44.49845,-45.69187,-46.88181,-48.40199,-49.59292,-51.83069,-55.54703,-59.3732,-60.68627,-61.61203,-62.90771,-63.79985,-64.26439,-65.10684,-65.50583,-66.29871,-67.07079,-68.26827,-68.55257,-70.18579,-71.82915,-73.00529,-74.66068,-75.83323,-77,-79.68352,-80.86098,-82.55477,-84.25716,-85.96794,-87.68688,-88.86185,-90.58925,-94.02344
137.6557,138.4094,138.1694,137.9188,138.634,138.3605,137.1042,137.782,137.477,137.1615,137.7992,137.4604,137.1112,136.7516,136.3815,136.9521,137.5069,136.1547,136.683,136.2554,138.6275,144.705,148.8668,150.2038,148.7446,147.2808,145.8126,144.3402,142.8639,140.4777,139.9007,138.4143,136.03,135.433,134.8256,135.091,135.3378,134.6914,134.0348,135.1,135.2758,134.5753,134.7171,134.8396,134.9426,135.026,135.0895,134.3041,135.9808
-25.51297,-26.90407,-28.11088,-29.31555,-30.73443,-31.94305,-32.9158,-34.35291,-35.55396,-36.7523,-38.21509,-39.41614,-40.61419,-41.80915,-43.00093,-44.49845,-46.00918,-46.88181,-48.40199,-49.59292,-51.83069,-55.54703,-58.6402,-60.68627,-61.61203,-62.51698,-63.4011,-64.26439,-65.10684,-65.50583,-66.72922,-67.50916,-67.82207,-69.00656,-70.18579,-71.82915,-73.48245,-74.66068,-75.83323,-78,-79.68352,-80.86098,-82.55477,-84.25716,-85.96794,-87.68688,-89.41379,-90.58925,-93.45703
136.6724,138.4094,138.1694,137.9188,138.634,138.3605,138.0765,137.782,137.477,137.1615,136.8355,137.4604,137.1112,136.7516,137.3352,136.9521,136.5586,137.1002,136.683,137.1951,138.6275,144.705,149.7972,150.2038,148.7446,147.2808,146.7296,144.3402,143.7739,140.4777,139.9007,138.4143,136.925,135.433,134.8256,135.091,134.459,133.8168,134.9051,135.966,134.4141,134.5753,134.7171,134.8396,134.9426,135.026,135.0895,134.3041,135.9808
-25.33074,-26.90407,-28.11088,-29.31555,-30.73443,-31.94305,-33.14924,-34.35291,-35.55396,-36.7523,-37.94785,-39.41614,-40.61419,-41.80915,-43.30164,-44.49845,-45.69187,-47.20738,-48.40199,-49.93494,-51.83069,-55.54703,-59.0067,-60.68627,-61.61203,-62.51698,-63.79985,-64.26439,-65.52153,-65.50583,-66.72922,-67.50916,-68.26827,-69.00656,-70.18579,-71.82915,-73.00529,-74.17587,-76.32565,-78.5,-79.17598,-80.86098,-82.55477,-84.25716,-85.96794,-87.68688,-89.41379,-90.58925,-93.45703
137.6557,138.4094,138.1694,138.897,138.634,138.3605,138.0765,137.782,137.477,137.1615,136.8355,137.4604,137.1112,136.7516,136.3815,136.9521,136.5586,137.1002,135.7404,136.2554,138.6275,143.7714,149.7972,150.2038,148.7446,147.2808,146.7296,144.3402,141.954,140.4777,138.9981,138.4143,136.925,135.433,135.7127,135.091,134.459,134.6914,134.0348,134.2339,133.5525,134.5753,135.5698,134.8396,134.9426,135.026,135.0895,134.3041,135.1567
-25.51297,-26.90407,-28.11088,-29.52346,-30.73443,-31.94305,-33.14924,-34.35291,-35.55396,-36.7523,-37.94785,-39.41614,-40.61419,-41.80915,-43.00093,-44.49845,-45.69187,-47.20738,-48.06819,-49.59292,-51.83069,-55.18866,-59.0067,-60.68627,-61.61203,-62.51698,-63.79985,-64.26439,-64.69215,-65.50583,-66.29871,-67.50916,-68.26827,-69.00656,-70.64754,-71.82915,-73.00529,-74.66068,-75.83323,-77.5,-78.66845,-80.86098,-83.07727,-84.25716,-85.96794,-87.68688,-89.41379,-90.58925,-92.89062
136.6724,138.4094,138.1694,138.897,137.6577,138.3605,138.0765,137.782,137.477,137.1615,137.7992,137.4604,137.1112,136.7516,136.3815,136.9521,136.5586,137.1002,135.7404,137.1951,138.6275,144.705,149.7972,150.2038,148.7446,148.2013,145.8126,144.3402,141.954,140.4777,138.9981,137.5155,136.03,135.433,134.8256,134.208,134.459,133.8168,134.9051,134.2339,134.4141,134.5753,134.7171,134.8396,134.9426,135.026,135.0895,134.3041,136.8049
-25.33074,-26.90407,-28.11088,-29.52346,-30.51799,-31.94305,-33.14924,-34.35291,-35.55396,-36.7523,-38.21509,-39.41614,-40.61419,-41.80915,-43.00093,-44.49845,-45.69187,-47.20738,-48.06819,-49.93494,-51.83069,-55.54703,-59.0067,-60.68627,-61.61203,-62.90771,-63.4011,-64.26439,-64.69215,-65.50583,-66.29871,-67.07079,-67.82207,-69.00656,-70.18579,-71.35968,-73.00529,-74.17587,-76.32565,-77.5,-79.17598,-80.86098,-82.55477,-84.25716,-85.96794,-87.68688,-89.41379,-90.58925,-94.02344
136.6724,138.4094,138.1694,137.9188,137.6577,138.3605,138.0765,137.782,137.477,137.1615,137.7992,137.4604,137.1112,136.7516,136.3815,136.9521,136.5586,137.1002,135.7404,136.2554,138.6275,143.7714,150.7276,150.2038,148.7446,147.2808,145.8126,144.3402,143.7739,141.384,138.9981,137.5155,136.925,135.433,134.8256,135.091,134.459,133.8168,134.0348,134.2339,133.5525,134.5753,134.7171,134.8396,134.9426,135.026,135.0895,134.3041,135.9808
-25.33074,-26.90407,-28.11088,-29.31555,-30.51799,-31.94305,-33.14924,-34.35291,-35.55396,-36.7523,-38.21509,-39.41614,-40.61419,-41.80915,-43.00093,-44.49845,-45.69187,-47.20738,-48.06819,-49.59292,-51.83069,-55.18866,-59.3732,-60.68627,-61.61203,-62.51698,-63.4011,-64.26439,-65.52153,-65.92845,-66.29871,-67.07079,-68.26827,-69.00656,-70.18579,-71.82915,-73.00529,-74.17587,-75.83323,-77.5,-78.66845,-80.86098,-82.55477,-84.25716,-85.96794,-87.68688,-89.41379,-90.58925,-93.45703
136.6724,138.4094,138.1694,137.9188,138.634,138.3605,138.0765,137.782,137.477,137.1615,137.7992,137.4604,137.1112,136.7516,137.3352,136.9521,136.5586,137.1002,135.7404,137.1951,138.6275,144.705,149.7972,150.2038,148.7446,147.2808,145.8126,144.3402,141.954,140.4777,138.9981,137.5155,136.925,135.433,134.8256,134.208,134.459,134.6914,134.9051,134.2339,135.2758,134.5753,134.7171,134.8396,134.9426,135.026,135.0895,134.3041,135.9808
-25.33074,-26.90407,-28.11088,-29.31555,-30.73443,-31.94305,-33.14924,-34.35291,-35.55396,-36.7523,-38.21509,-39.41614,-40.61419,-41.80915,-43.30164,-44.49845,-45.69187,-47.20738,-48.06819,-49.93494,-51.83069,-55.54703,-59.0067,-60.68627,-61.61203,-62.51698,-63.4011,-64.26439,-64.69215,-65.50583,-66.29871,-67.07079,-68.26827,-69.00656,-70.18579,-71.35968,-73.00529,-74.66068,-76.32565,-77.5,-79.68352,-80.86098,-82.55477,-84.25716,-85.96794,-87.68688,-89.41379,-90.58925,-93.45703
136.6724,138.4094,138.1694,138.897,138.634,138.3605,138.0765,137.782,137.477,137.1615,136.8355,137.4604,137.1112,136.7516,137.3352,136.9521,136.5586,137.1002,136.683,136.2554,138.6275,143.7714,149.7972,150.2038,148.7446,148.2013,146.7296,144.3402,142.8639,140.4777,138.9981,138.4143,136.925,135.433,134.8256,135.091,134.459,133.8168,134.9051,135.1,135.2758,134.5753,134.7171,134.8396,134.9426,135.026,135.0895,134.3041,136.8049
-25.33074,-26.90407,-28.11088,-29.52346,-30.73443,-31.94305,-33.14924,-34.35291,-35.55396,-36.7523,-37.94785,-39.41614,-40.61419,-41.80915,-43.30164,-44.49845,-45.69187,-47.20738,-48.40199,-49.59292,-51.83069,-55.18866,-59.0067,-60.68627,-61.61203,-62.90771,-63.79985,-64.26439,-65.10684,-65.50583,-66.29871,-67.50916,-68.26827,-69.00656,-70.18579,-71.82915,-73.00529,-74.17587,-76.32565,-78,-79.68352,-80.86098,-82.55477,-84.25716,-85.96794,-87.68688,-89.41379,-90.58925,-94.02344
137.6557,138.4094,138.1694,137.9188,138.634,138.3605,138.0765,137.782,137.477,137.1615,136.8355,137.4604,137.1112,136.7516,136.3815,136.9521,136.5586,137.1002,135.7404,137.1951,138.6275,144.705,149.7972,150.2038,148.7446,147.2808,145.8126,144.3402,142.8639,140.4777,138.9981,138.4143,136.03,135.433,134.8256,135.091,134.459,134.6914,134.0348,135.966,134.4141,134.5753,134.7171,134.8396,134.9426,135.026,135.0895,134.3041,135.9808
-25.51297,-26.90407,-28.11088,-29.31555,-30.73443,-31.94305,-33.14924,-34.35291,-35.55396,-36.7523,-37.94785,-39.41614,-40.61419,-41.80915,-43.00093,-44.49845,-45.69187,-47.20738,-48.06819,-49.93494,-51.83069,-55.54703,-59.0067,-60.68627,-61.61203,-62.51698,-63.4011,-64.26439,-65.10684,-65.50583,-66.29871,-67.50916,-67.82207,-69.00656,-70.18579,-71.82915,-73.00529,-74.66068,-75.83323,-78.5,-79.17598,-80.86098,-82.55477,-84.25716,-85.96794,-87.68688,-89.41379,-90.58925,-93.45703
135.6892,138.4094,138.1694,137.9188,137.6577,138.3605,138.0765,137.782,137.477,137.1615,136.8355,136.4992,137.1112,136.7516,137.3352,136.9521,136.5586,137.1002,135.7404,137.1951,138.6275,144.705,149.7972,150.2038,148.7446,148.2013,145.8126,144.3402,142.8639,140.4777,138.9981,138.4143,136.03,135.433,135.7127,135.091,134.459,134.6914,134.9051,135.1,134.4141,134.5753,134.7171,134.8396,134.9426,135.026,135.0895,134.3041,136.8049
-25.1485,-26.90407,-28.11088,-29.31555,-30.51799,-31.94305,-33.14924,-34.35291,-35.55396,-36.7523,-37.94785,-39.1405,-40.61419,-41.80915,-43.30164,-44.49845,-45.69187,-47.20738,-48.06819,-49.93494,-51.83069,-55.54703,-59.0067,-60.68627,-61.61203,-62.90771,-63.4011,-64.26439,-65.10684,-65.50583,-66.29871,-67.50916,-67.82207,-69.00656,-70.64754,-71.82915,-73.00529,-74.66068,-76.32565,-78,-79.17598,-80.86098,-82.55477,-84.25716,-85.96794,-87.68688,-89.41379,-90.58925,-94.02344
136.6724,138.4094,138.1694,137.9188,137.6577,137.3862,138.0765,137.782,137.477,137.1615,136.8355,137.4604,137.1112,136.7516,137.3352,136.9521,136.5586,136.1547,135.7404,136.2554,138.6275,144.705,149.7972,150.2038,148.7446,147.2808,145.8126,144.3402,142.8639,140.4777,138.9981,138.4143,136.925,135.433,134.8256,135.091,134.459,134.6914,134.9051,135.1,135.2758,135.4324,134.7171,134.8396,134.9426,135.026,135.0895,134.3041,136.8049
-25.33074,-26.90407,-28.11088,-29.31555,-30.51799,-31.7181,-33.14924,-34.35291,-35.55396,-36.7523,-37.94785,-39.41614,-40.61419,-41.80915,-43.30164,-44.49845,-45.69187,-46.88181,-48.06819,-49.59292,-51.83069,-55.54703,-59.0067,-60.68627,-61.61203,-62.51698,-63.4011,-64.26439,-65.10684,-65.50583,-66.29871,-67.50916,-68.26827,-69.00656,-70.18579,-71.82915,-73.00529,-74.66068,-76.32565,-78,-79.68352,-81.37602,-82.55477,-84.25716,-85.96794,-87.68688,-89.41379,-90.58925,-94.02344
136.6724,138.4094,138.1694,137.9188,137.6577,138.3605,138.0765,137.782,137.477,137.1615,136.8355,137.4604,137.1112,136.7516,137.3352,136.9521,136.5586,137.1002,135.7404,137.1951,138.6275,144.705,149.7972,150.2038,148.7446,147.2808,145.8126,144.3402,142.8639,140.4777,138.9981,137.5155,136.03,135.433,134.8256,134.208,135.3378,134.6914,134.0348,135.1,134.4141,134.5753,134.7171,134.8396,134.9426,135.026,135.0895,134.3041,136.8049
-25.33074,-26.90407,-28.11088,-29.31555,-30.51799,-31.94305,-33.14924,-34.35291,-35.55396,-36.7523,-37.94785,-39.41614,-40.61419,-41.80915,-43.30164,-44.49845,-45.69187,-47.20738,-48.06819,-49.93494,-51.83069,-55.54703,-59.0067,-60.68627,-61.61203,-62.51698,-63.4011,-64.26439,-65.10684,-65.50583,-66.29871,-67.07079,-67.82207,-69.00656,-70.18579,-71.35968,-73.48245,-74.66068,-75.83323,-78,-79.17598,-80.86098,-82.55477,-84.25716,-85.96794,-87.68688,-89.41379,-90.58925,-94.02344
136.6724,138.4094,138.1694,137.9188,137.6577,137.3862,138.0765,137.782,137.477,137.1615,136.8355,137.4604,137.1112,136.7516,137.3352,136.9521,136.5586,136.1547,135.7404,136.2554,138.6275,144.705,150.7276,150.2038,148.7446,148.2013,146.7296,144.3402,142.8639,140.4777,139.9007,137.5155,136.03,135.433,134.8256,135.091,134.459,134.6914,134.9051,135.1,134.4141,134.5753,134.7171,134.8396,134.9426,135.026,135.0895,134.3041,136.8049
-25.33074,-26.90407,-28.11088,-29.31555,-30.51799,-31.7181,-33.14924,-34.35291,-35.55396,-36.7523,-37.94785,-39.41614,-40.61419,-41.80915,-43.30164,-44.49845,-45.69187,-46.88181,-48.06819,-49.59292,-51.83069,-55.54703,-59.3732,-60.68627,-61.61203,-62.90771,-63.79985,-64.26439,-65.10684,-65.50583,-66.72922,-67.07079,-67.82207,-69.00656,-70.18579,-71.82915,-73.00529,-74.66068,-76.32565,-78,-79.17598,-80.86098,-82.55477,-84.25716,-85.96794,-87.68688,-89.41379,-90.58925,-94.02344
136.6724,138.4094,138.1694,137.9188,137.6577,138.3605,138.0765,137.782,137.477,137.1615,137.7992,137.4604,137.1112,136.7516,137.3352,136.9521,136.5586,137.1002,135.7404,136.2554,138.6275,143.7714,149.7972,150.2038,148.7446,147.2808,146.7296,144.3402,142.8639,140.4777,138.9981,137.5155,136.03,135.433,134.8256,135.091,134.459,134.6914,134.0348,133.3679,135.2758,134.5753,134.7171,134.8396,134.9426,135.026,135.0895,134.3041,136.8049
-25.33074,-26.90407,-28.11088,-29.31555,-30.51799,-31.94305,-33.14924,-34.35291,-35.55396,-36.7523,-38.21509,-39.41614,-40.61419,-41.80915,-43.30164,-44.49845,-45.69187,-47.20738,-48.06819,-49.59292,-51.83069,-55.18866,-59.0067,-60.68627,-61.61203,-62.51698,-63.79985,-64.26439,-65.10684,-65.50583,-66.29871,-67.07079,-67.82207,-69.00656,-70.18579,-71.82915,-73.00529,-74.66068,-75.83323,-77,-79.68352,-80.86098,-82.55477,-84.25716,-85.96794,-87.68688,-89.41379,-90.58925,-94.02344
136.6724,138.4094,138.1694,137.9188,137.6577,138.3605,138.0765,137.782,137.477,137.1615,137.7992,137.4604,137.1112,136.7516,137.3352,136.9521,136.5586,137.1002,135.7404,137.1951,138.6275,143.7714,149.7972,150.2038,148.7446,147.2808,145.8126,144.3402,142.8639,140.4777,138.9981,138.4143,136.03,135.433,134.8256,135.091,134.459,134.6914,134.9051,133.3679,136.1374,134.5753,134.7171,134.8396,134.9426,135.026,135.0895,134.3041,136.8049
-25.33074,-26.90407,-28.11088,-29.31555,-30.51799,-31.94305,-33.14924,-34.35291,-35.55396,-36.7523,-38.21509,-39.41614,-40.61419,-41.80915,-43.30164,-44.49845,-45.69187,-47.20738,-48.06819,-49.93494,-51.83069,-55.18866,-59.0067,-60.68627,-61.61203,-62.51698,-63.4011,-64.26439,-65.10684,-65.50583,-66.29871,-67.50916,-67.82207,-69.00656,-70.18579,-71.82915,-73.00529,-74.66068,-76.32565,-77,-80.19106,-80.86098,-82.55477,-84.25716,-85.96794,-87.68688,-89.41379,-90.58925,-94.02344
136.6724,138.4094,138.1694,137.9188,138.634,137.3862,138.0765,137.782,137.477,138.1274,136.8355,137.4604,137.1112,136.7516,137.3352,136.9521,136.5586,137.1002,136.683,137.1951,138.6275,144.705,149.7972,150.2038,148.7446,147.2808,145.8126,144.3402,142.8639,140.4777,138.9981,137.5155,136.03,135.433,134.8256,135.091,135.3378,134.6914,134.9051,135.1,134.4141,134.5753,134.7171,134.8396,134.9426,135.026,135.0895,134.3041,135.9808
-25.33074,-26.90407,-28.11088,-29.31555,-30.73443,-31.7181,-33.14924,-34.35291,-35.55396,-37.01112,-37.94785,-39.41614,-40.61419,-41.80915,-43.30164,-44.49845,-45.69187,-47.20738,-48.40199,-49.93494,-51.83069,-55.54703,-59.0067,-60.68627,-61.61203,-62.51698,-63.4011,-64.26439,-65.10684,-65.50583,-66.29871,-67.07079,-67.82207,-69.00656,-70.18579,-71.82915,-73.48245,-74.66068,-76.32565,-78,-79.17598,-80.86098,-82.55477,-84.25716,-85.96794,-87.68688,-89.41379,-90.58925,-93.45703
137.6557,138.4094,138.1694,137.9188,137.6577,138.3605,138.0765,136.8117,137.477,137.1615,136.8355,136.4992,137.1112,136.7516,136.3815,136.9521,136.5586,137.1002,135.7404,136.2554,138.6275,143.7714,150.7276,150.2038,148.7446,147.2808,145.8126,145.2537,142.8639,142.2903,138.9981,137.5155,136.925,135.433,134.8256,134.208,134.459,134.6914,134.0348,134.2339,135.2758,134.5753,134.7171,134.8396,134.9426,135.026,135.0895,134.3041,135.9808
-25.51297,-26.90407,-28.11088,-29.31555,-30.51799,-31.94305,-33.14924,-34.11099,-35.55396,-36.7523,-37.94785,-39.1405,-40.61419,-41.80915,-43.00093,-44.49845,-45.69187,-47.20738,-48.06819,-49.59292,-51.83069,-55.18866,-59.3732,-60.68627,-61.61203,-62.51698,-63.4011,-64.67113,-65.10684,-66.35107,-66.29871,-67.07079,-68.26827,-69.00656,-70.18579,-71.35968,-73.00529,-74.66068,-75.83323,-77.5,-79.68352,-80.86098,-82.55477,-84.25716,-85.96794,-87.68688,-89.41379,-90.58925,-93.45703
