152.5659,155.0351,154.8236,154.5926,154.3421,154.0723,153.7835,154.3892,154.0661,153.7243,153.364,152.9853,152.5885,152.1736,152.6776,153.1699,154.5932,156.0106,158.3701,159.7775,161.1782,161.6155,163.9582,165.337,166.7081,169.037,170.394,170.772,173.0818,175.3866,174.757,170.1977,164.6274,160.0052,155.3543,151.6604,149.9154,150.1286,149.3414,149.5305,149.7082,149.8745,150.0294,150.1728,150.3048,149.4292,149.5376,149.6346,149.7202,149.7944,149.8572,149.9086,149.9486,150.977
79.42076,78.99435,77.19222,75.39984,73.6174,71.8451,70.08316,68.73849,66.98984,65.2521,63.52545,61.81009,60.1062,58.41398,57.0838,55.74928,54.74432,53.71875,52.98988,51.91486,50.81928,49.41082,48.56662,47.40963,46.23224,45.29333,44.06688,42.57825,41.55327,40.49119,38.74269,36.17663,33.49381,31.10187,28.79321,26.74182,25.08724,23.77804,22.31922,21.01514,19.70946,18.40227,17.09369,15.7838,14.47271,13.07336,11.76886,10.46347,9.157281,7.850393,6.542908,5.234925,3.926542,2.635313
153.4529,155.0351,154.8236,154.5926,154.3421,154.0723,153.7835,154.3892,154.0661,153.7243,153.364,152.9853,153.5189,152.1736,152.6776,153.1699,154.5932,156.9561,158.3701,159.7775,161.1782,162.5718,163.9582,164.3758,167.6717,168.0711,170.394,170.772,174.0542,175.3866,174.757,170.1977,164.6274,160.0052,155.3543,151.6604,150.9017,150.1286,150.3304,149.5305,149.7082,149.8745,150.0294,150.1728,150.3048,150.4254,149.5376,149.6346,149.7202,149.7944,149.8572,149.9086,149.9486,150.977
79.88251,78.99435,77.19222,75.39984,73.6174,71.8451,70.08316,68.73849,66.98984,65.2521,63.52545,61.81009,60.4727,58.41398,57.0838,55.74928,54.74432,54.04431,52.98988,51.91486,50.81928,49.70319,48.56662,47.13399,46.49948,45.03451,44.06688,42.57825,41.78672,40.49119,38.74269,36.17663,33.49381,31.10187,28.79321,26.74182,25.25228,23.77804,22.46703,21.01514,19.70946,18.40227,17.09369,15.7838,14.47271,13.16052,11.76886,10.46347,9.157281,7.850393,6.542908,5.234925,3.926542,2.635313
152.5659,155.9261,154.8236,155.4914,154.3421,154.0723,153.7835,154.3892,154.0661,153.7243,153.364,152.9853,152.5885,152.1736,152.6776,153.1699,154.5932,156.0106,158.3701,159.7775,161.1782,161.6155,163.9582,166.2983,166.7081,170.0029,170.394,170.772,173.0818,175.3866,174.757,169.2195,164.6274,160.0052,155.3543,151.6604,149.9154,150.1286,149.3414,149.5305,150.6996,149.8745,150.0294,150.1728,149.3094,149.4292,150.5345,150.6322,149.7202,149.7944,149.8572,149.9086,149.9486,150.977
79.42076,79.44834,77.19222,75.83821,73.6174,71.8451,70.08316,68.73849,66.98984,65.2521,63.52545,61.81009,60.1062,58.41398,57.0838,55.74928,54.74432,53.71875,52.98988,51.91486,50.81928,49.41082,48.56662,47.68526,46.23224,45.55215,44.06688,42.57825,41.55327,40.49119,38.74269,35.96872,33.49381,31.10187,28.79321,26.74182,25.08724,23.77804,22.31922,21.01514,19.83998,18.40227,17.09369,15.7838,14.37686,13.07336,11.84732,10.53323,9.157281,7.850393,6.542908,5.234925,3.926542,2.635313
152.5659,155.0351,154.8236,154.5926,154.3421,154.0723,153.7835,154.3892,154.0661,153.7243,153.364,152.9853,152.5885,152.1736,152.6776,153.1699,154.5932,156.9561,158.3701,159.7775,161.1782,161.6155,163.9582,165.337,166.7081,169.037,170.394,170.772,173.0818,176.361,174.757,170.1977,164.6274,159.0236,155.3543,151.6604,150.9017,150.1286,149.3414,149.5305,149.7082,149.8745,150.0294,150.1728,150.3048,149.4292,149.5376,149.6346,149.7202,149.7944,149.8572,149.9086,149.9486,150.977
79.42076,78.99435,77.19222,75.39984,73.6174,71.8451,70.08316,68.73849,66.98984,65.2521,63.52545,61.81009,60.1062,58.41398,57.0838,55.74928,54.74432,54.04431,52.98988,51.91486,50.81928,49.41082,48.56662,47.40963,46.23224,45.29333,44.06688,42.57825,41.55327,40.71614,38.74269,36.17663,33.49381,30.91106,28.79321,26.74182,25.25228,23.77804,22.31922,21.01514,19.70946,18.40227,17.09369,15.7838,14.47271,13.07336,11.76886,10.46347,9.157281,7.850393,6.542908,5.234925,3.926542,2.635313
152.5659,155.9261,155.7186,154.5926,155.2447,154.0723,153.7835,154.3892,154.0661,153.7243,153.364,152.9853,152.5885,152.1736,152.6776,152.2302,154.5932,156.0106,158.3701,159.7775,161.1782,162.5718,163.9582,165.337,166.7081,169.037,170.394,170.772,173.0818,175.3866,174.757,169.2195,164.6274,159.0236,155.3543,151.6604,150.9017,150.1286,150.3304,150.5207,149.7082,149.8745,150.0294,150.1728,150.3048,150.4254,150.5345,149.6346,149.7202,149.7944,149.8572,150.908,149.9486,150.977
79.42076,79.44834,77.63842,75.39984,74.04791,71.8451,70.08316,68.73849,66.98984,65.2521,63.52545,61.81009,60.1062,58.41398,57.0838,55.40726,54.74432,53.71875,52.98988,51.91486,50.81928,49.70319,48.56662,47.40963,46.23224,45.29333,44.06688,42.57825,41.55327,40.49119,38.74269,35.96872,33.49381,30.91106,28.79321,26.74182,25.25228,23.77804,22.46703,21.15431,19.70946,18.40227,17.09369,15.7838,14.47271,13.16052,11.84732,10.46347,9.157281,7.850393,6.542908,5.269824,3.926542,2.635313
153.4529,155.9261,154.8236,154.5926,153.4395,154.0723,153.7835,154.3892,154.0661,153.7243,153.364,152.9853,152.5885,153.1072,152.6776,153.1699,154.5932,156.0106,158.3701,159.7775,161.1782,161.6155,163.9582,166.2983,166.7081,169.037,170.394,170.772,173.0818,175.3866,174.757,169.2195,164.6274,160.0052,154.371,151.6604,149.9154,150.1286,149.3414,150.5207,149.7082,149.8745,150.0294,150.1728,150.3048,150.4254,149.5376,149.6346,149.7202,149.7944,149.8572,150.908,149.9486,150.977
79.88251,79.44834,77.19222,75.39984,73.18689,71.8451,70.08316,68.73849,66.98984,65.2521,63.52545,61.81009,60.1062,58.77234,57.0838,55.74928,54.74432,53.71875,52.98988,51.91486,50.81928,49.41082,48.56662,47.68526,46.23224,45.29333,44.06688,42.57825,41.55327,40.49119,38.74269,35.96872,33.49381,31.10187,28.61098,26.74182,25.08724,23.77804,22.31922,21.15431,19.70946,18.40227,17.09369,15.7838,14.47271,13.16052,11.76886,10.46347,9.157281,7.850393,6.542908,5.269824,3.926542,2.635313
153.4529,155.0351,154.8236,155.4914,154.3421,154.0723,153.7835,154.3892,154.0661,153.7243,153.364,152.9853,153.5189,152.1736,153.6142,153.1699,154.5932,156.9561,158.3701,159.7775,161.1782,161.6155,163.9582,165.337,167.6717,168.0711,170.394,170.772,173.0818,175.3866,174.757,169.2195,164.6274,160.0052,155.3543,150.6756,149.9154,150.1286,150.3304,149.5305,149.7082,149.8745,150.0294,150.1728,150.3048,150.4254,150.5345,150.6322,149.7202,149.7944,149.8572,149.9086,149.9486,150.977
79.88251,78.99435,77.19222,75.83821,73.6174,71.8451,70.08316,68.73849,66.98984,65.2521,63.52545,61.81009,60.4727,58.41398,57.43401,55.74928,54.74432,54.04431,52.98988,51.91486,50.81928,49.41082,48.56662,47.40963,46.49948,45.03451,44.06688,42.57825,41.55327,40.49119,38.74269,35.96872,33.49381,31.10187,28.79321,26.56817,25.08724,23.77804,22.46703,21.01514,19.70946,18.40227,17.09369,15.7838,14.47271,13.16052,11.84732,10.53323,9.157281,7.850393,6.542908,5.234925,3.926542,2.635313
153.4529,155.9261,154.8236,155.4914,154.3421,154.0723,153.7835,154.3892,154.0661,153.7243,153.364,152.9853,152.5885,153.1072,152.6776,153.1699,154.5932,156.0106,158.3701,159.7775,161.1782,161.6155,163.9582,165.337,166.7081,169.037,170.394,170.772,173.0818,175.3866,174.757,170.1977,164.6274,160.0052,155.3543,151.6604,149.9154,150.1286,149.3414,149.5305,149.7082,149.8745,150.0294,150.1728,150.3048,149.4292,149.5376,149.6346,149.7202,149.7944,149.8572,149.9086,149.9486,150.977
79.88251,79.44834,77.19222,75.83821,73.6174,71.8451,70.08316,68.73849,66.98984,65.2521,63.52545,61.81009,60.1062,58.77234,57.0838,55.74928,54.74432,53.71875,52.98988,51.91486,50.81928,49.41082,48.56662,47.40963,46.23224,45.29333,44.06688,42.57825,41.55327,40.49119,38.74269,36.17663,33.49381,31.10187,28.79321,26.74182,25.08724,23.77804,22.31922,21.01514,19.70946,18.40227,17.09369,15.7838,14.47271,13.07336,11.76886,10.46347,9.157281,7.850393,6.542908,5.234925,3.926542,2.635313
153.4529,155.9261,153.9287,153.6938,154.3421,154.0723,153.7835,154.3892,154.0661,153.7243,153.364,153.9125,153.5189,152.1736,152.6776,153.1699,154.5932,156.9561,158.3701,159.7775,161.1782,162.5718,163.9582,164.3758,166.7081,169.037,170.394,170.772,173.0818,175.3866,174.757,169.2195,164.6274,159.0236,155.3543,150.6756,150.9017,149.1409,150.3304,149.5305,149.7082,150.867,150.0294,150.1728,150.3048,150.4254,149.5376,150.6322,149.7202,150.7931,149.8572,149.9086,149.9486,150.977
79.88251,79.44834,76.74602,74.96147,73.6174,71.8451,70.08316,68.73849,66.98984,65.2521,63.52545,62.18469,60.4727,58.41398,57.0838,55.74928,54.74432,54.04431,52.98988,51.91486,50.81928,49.70319,48.56662,47.13399,46.23224,45.29333,44.06688,42.57825,41.55327,40.49119,38.74269,35.96872,33.49381,30.91106,28.79321,26.56817,25.25228,23.6216,22.46703,21.01514,19.70946,18.52414,17.09369,15.7838,14.47271,13.16052,11.76886,10.53323,9.157281,7.902729,6.542908,5.234925,3.926542,2.635313
152.5659,155.9261,153.9287,154.5926,154.3421,154.0723,153.7835,154.3892,154.0661,153.7243,153.364,152.9853,152.5885,152.1736,152.6776,153.1699,154.5932,156.0106,158.3701,158.8264,161.1782,161.6155,163.9582,166.2983,166.7081,169.037,170.394,170.772,173.0818,175.3866,174.757,169.2195,164.6274,160.0052,155.3543,151.6604,149.9154,149.1409,150.3304,149.5305,149.7082,149.8745,150.0294,150.1728,149.3094,150.4254,149.5376,149.6346,149.7202,149.7944,149.8572,150.908,149.9486,150.977
79.42076,79.44834,76.74602,75.39984,73.6174,71.8451,70.08316,68.73849,66.98984,65.2521,63.52545,61.81009,60.1062,58.41398,57.0838,55.74928,54.74432,53.71875,52.98988,51.60584,50.81928,49.41082,48.56662,47.68526,46.23224,45.29333,44.06688,42.57825,41.55327,40.49119,38.74269,35.96872,33.49381,31.10187,28.79321,26.74182,25.08724,23.6216,22.46703,21.01514,19.70946,18.40227,17.09369,15.7838,14.37686,13.16052,11.76886,10.46347,9.157281,7.850393,6.542908,5.269824,3.926542,2.635313
153.4529,155.0351,154.8236,154.5926,154.3421,154.0723,153.7835,154.3892,154.0661,153.7243,153.364,152.9853,152.5885,152.1736,152.6776,153.1699,154.5932,156.9561,157.4217,159.7775,161.1782,162.5718,163.9582,165.337,167.6717,168.0711,170.394,171.7423,173.0818,175.3866,174.757,170.1977,164.6274,160.0052,155.3543,151.6604,149.9154,150.1286,150.3304,149.5305,149.7082,149.8745,150.0294,150.1728,150.3048,150.4254,149.5376,149.6346,149.7202,149.7944,149.8572,149.9086,149.9486,150.977
79.88251,78.99435,77.19222,75.39984,73.6174,71.8451,70.08316,68.73849,66.98984,65.2521,63.52545,61.81009,60.1062,58.41398,57.0838,55.74928,54.74432,54.04431,52.67257,51.91486,50.81928,49.70319,48.56662,47.40963,46.49948,45.03451,44.06688,42.82018,41.55327,40.49119,38.74269,36.17663,33.49381,31.10187,28.79321,26.74182,25.08724,23.77804,22.46703,21.01514,19.70946,18.40227,17.09369,15.7838,14.47271,13.16052,11.76886,10.46347,9.157281,7.850393,6.542908,5.234925,3.926542,2.635313
153.4529,155.9261,153.9287,155.4914,154.3421,154.0723,153.7835,154.3892,154.0661,153.7243,153.364,152.9853,153.5189,152.1736,152.6776,153.1699,154.5932,156.9561,158.3701,159.7775,161.1782,162.5718,163.9582,166.2983,167.6717,169.037,170.394,170.772,173.0818,175.3866,174.757,170.1977,164.6274,159.0236,155.3543,151.6604,149.9154,150.1286,149.3414,149.5305,149.7082,149.8745,150.0294,150.1728,150.3048,149.4292,149.5376,149.6346,149.7202,149.7944,149.8572,149.9086,149.9486,150.977
79.88251,79.44834,76.74602,75.83821,73.6174,71.8451,70.08316,68.73849,66.98984,65.2521,63.52545,61.81009,60.4727,58.41398,57.0838,55.74928,54.74432,54.04431,52.98988,51.91486,50.81928,49.70319,48.56662,47.68526,46.49948,45.29333,44.06688,42.57825,41.55327,40.49119,38.74269,36.17663,33.49381,30.91106,28.79321,26.74182,25.08724,23.77804,22.31922,21.01514,19.70946,18.40227,17.09369,15.7838,14.47271,13.07336,11.76886,10.46347,9.157281,7.850393,6.542908,5.234925,3.926542,2.635313
153.4529,155.0351,155.7186,153.6938,155.2447,154.0723,153.7835,154.3892,154.0661,152.8038,153.364,152.9853,153.5189,153.1072,152.6776,153.1699,154.5932,156.0106,158.3701,159.7775,161.1782,162.5718,163.9582,165.337,166.7081,168.0711,170.394,171.7423,173.0818,175.3866,174.757,169.2195,164.6274,160.0052,155.3543,150.6756,149.9154,150.1286,149.3414,149.5305,149.7082,149.8745,150.0294,150.1728,150.3048,149.4292,150.5345,149.6346,150.7184,149.7944,150.8563,149.9086,149.9486,150.977
79.88251,78.99435,77.63842,74.96147,74.04791,71.8451,70.08316,68.73849,66.98984,64.86137,63.52545,61.81009,60.4727,58.77234,57.0838,55.74928,54.74432,53.71875,52.98988,51.91486,50.81928,49.70319,48.56662,47.40963,46.23224,45.03451,44.06688,42.82018,41.55327,40.49119,38.74269,35.96872,33.49381,31.10187,28.79321,26.56817,25.08724,23.77804,22.31922,21.01514,19.70946,18.40227,17.09369,15.7838,14.47271,13.07336,11.84732,10.46347,9.218329,7.850393,6.586527,5.234925,3.926542,2.635313
153.4529,155.0351,153.9287,154.5926,154.3421,154.0723,153.7835,154.3892,154.0661,153.7243,153.364,152.9853,152.5885,152.1736,152.6776,153.1699,154.5932,156.9561,157.4217,159.7775,161.1782,162.5718,163.9582,166.2983,166.7081,169.037,170.394,170.772,173.0818,175.3866,174.757,169.2195,164.6274,160.0052,155.3543,151.6604,150.9017,150.1286,150.3304,149.5305,149.7082,149.8745,150.0294,150.1728,150.3048,150.4254,149.5376,150.6322,149.7202,150.7931,149.8572,149.9086,149.9486,150.977
79.88251,78.99435,76.74602,75.39984,73.6174,71.8451,70.08316,68.73849,66.98984,65.2521,63.52545,61.81009,60.1062,58.41398,57.0838,55.74928,54.74432,54.04431,52.67257,51.91486,50.81928,49.70319,48.56662,47.68526,46.23224,45.29333,44.06688,42.57825,41.55327,40.49119,38.74269,35.96872,33.49381,31.10187,28.79321,26.74182,25.25228,23.77804,22.46703,21.01514,19.70946,18.40227,17.09369,15.7838,14.47271,13.16052,11.76886,10.53323,9.157281,7.902729,6.542908,5.234925,3.926542,2.635313
153.4529,155.9261,153.9287,155.4914,154.3421,154.0723,153.7835,154.3892,154.0661,153.7243,153.364,152.9853,153.5189,152.1736,152.6776,153.1699,154.5932,156.9561,158.3701,159.7775,161.1782,161.6155,162.9994,166.2983,166.7081,168.0711,170.394,170.772,173.0818,175.3866,174.757,169.2195,164.6274,160.0052,155.3543,150.6756,149.9154,150.1286,149.3414,149.5305,149.7082,149.8745,150.0294,150.1728,150.3048,150.4254,150.5345,149.6346,149.7202,149.7944,150.8563,149.9086,149.9486,150.977
79.88251,79.44834,76.74602,75.83821,73.6174,71.8451,70.08316,68.73849,66.98984,65.2521,63.52545,61.81009,60.4727,58.41398,57.0838,55.74928,54.74432,54.04431,52.98988,51.91486,50.81928,49.41082,48.28261,47.68526,46.23224,45.03451,44.06688,42.57825,41.55327,40.49119,38.74269,35.96872,33.49381,31.10187,28.79321,26.56817,25.08724,23.77804,22.31922,21.01514,19.70946,18.40227,17.09369,15.7838,14.47271,13.16052,11.84732,10.46347,9.157281,7.850393,6.586527,5.234925,3.926542,2.635313
153.4529,155.9261,154.8236,154.5926,154.3421,154.0723,153.7835,154.3892,154.0661,153.7243,153.364,152.9853,152.5885,152.1736,152.6776,153.1699,154.5932,156.0106,157.4217,159.7775,161.1782,162.5718,162.9994,166.2983,166.7081,168.0711,170.394,170.772,173.0818,175.3866,174.757,169.2195,164.6274,160.0052,155.3543,150.6756,149.9154,150.1286,149.3414,149.5305,149.7082,149.8745,150.0294,150.1728,150.3048,149.4292,150.5345,149.6346,149.7202,149.7944,149.8572,149.9086,150.9483,150.977
79.88251,79.44834,77.19222,75.39984,73.6174,71.8451,70.08316,68.73849,66.98984,65.2521,63.52545,61.81009,60.1062,58.41398,57.0838,55.74928,54.74432,53.71875,52.67257,51.91486,50.81928,49.70319,48.28261,47.68526,46.23224,45.03451,44.06688,42.57825,41.55327,40.49119,38.74269,35.96872,33.49381,31.10187,28.79321,26.56817,25.08724,23.77804,22.31922,21.01514,19.70946,18.40227,17.09369,15.7838,14.47271,13.07336,11.84732,10.46347,9.157281,7.850393,6.542908,5.234925,3.952719,2.635313
152.5659,155.0351,153.9287,154.5926,154.3421,154.0723,153.7835,154.3892,154.0661,153.7243,153.364,152.9853,153.5189,152.1736,152.6776,153.1699,154.5932,156.0106,157.4217,159.7775,161.1782,162.5718,163.9582,165.337,166.7081,169.037,170.394,170.772,173.0818,175.3866,174.757,169.2195,164.6274,160.0052,155.3543,151.6604,149.9154,150.1286,150.3304,149.5305,149.7082,149.8745,150.0294,150.1728,150.3048,150.4254,149.5376,149.6346,149.7202,149.7944,149.8572,149.9086,149.9486,150.977
79.42076,78.99435,76.74602,75.39984,73.6174,71.8451,70.08316,68.73849,66.98984,65.2521,63.52545,61.81009,60.4727,58.41398,57.0838,55.74928,54.74432,53.71875,52.67257,51.91486,50.81928,49.70319,48.56662,47.40963,46.23224,45.29333,44.06688,42.57825,41.55327,40.49119,38.74269,35.96872,33.49381,31.10187,28.79321,26.74182,25.08724,23.77804,22.46703,21.01514,19.70946,18.40227,17.09369,15.7838,14.47271,13.16052,11.76886,10.46347,9.157281,7.850393,6.542908,5.234925,3.926542,2.635313
153.4529,155.0351,154.8236,154.5926,154.3421,154.0723,153.7835,154.3892,154.0661,153.7243,153.364,152.9853,153.5189,152.1736,152.6776,153.1699,154.5932,156.9561,157.4217,159.7775,161.1782,161.6155,163.9582,165.337,166.7081,169.037,170.394,170.772,174.0542,175.3866,174.757,170.1977,164.6274,160.0052,155.3543,150.6756,150.9017,150.1286,150.3304,149.5305,149.7082,149.8745,150.0294,150.1728,149.3094,149.4292,150.5345,149.6346,149.7202,149.7944,149.8572,149.9086,149.9486,151.9768
79.88251,78.99435,77.19222,75.39984,73.6174,71.8451,70.08316,68.73849,66.98984,65.2521,63.52545,61.81009,60.4727,58.41398,57.0838,55.74928,54.74432,54.04431,52.67257,51.91486,50.81928,49.41082,48.56662,47.40963,46.23224,45.29333,44.06688,42.57825,41.78672,40.49119,38.74269,36.17663,33.49381,31.10187,28.79321,26.56817,25.25228,23.77804,22.46703,21.01514,19.70946,18.40227,17.09369,15.7838,14.37686,13.07336,11.84732,10.46347,9.157281,7.850393,6.542908,5.234925,3.926542,2.652766
153.4529,155.9261,154.8236,154.5926,154.3421,154.0723,153.7835,154.3892,154.0661,153.7243,153.364,152.9853,152.5885,152.1736,152.6776,153.1699,154.5932,156.0106,157.4217,159.7775,161.1782,162.5718,163.9582,165.337,166.7081,170.0029,170.394,170.772,173.0818,175.3866,174.757,170.1977,164.6274,160.0052,155.3543,150.6756,150.9017,150.1286,150.3304,149.5305,149.7082,149.8745,150.0294,150.1728,150.3048,150.4254,150.5345,149.6346,149.7202,149.7944,149.8572,150.908,149.9486,150.977
79.88251,79.44834,77.19222,75.39984,73.6174,71.8451,70.08316,68.73849,66.98984,65.2521,63.52545,61.81009,60.1062,58.41398,57.0838,55.74928,54.74432,53.71875,52.67257,51.91486,50.81928,49.70319,48.56662,47.40963,46.23224,45.55215,44.06688,42.57825,41.55327,40.49119,38.74269,36.17663,33.49381,31.10187,28.79321,26.56817,25.25228,23.77804,22.46703,21.01514,19.70946,18.40227,17.09369,15.7838,14.47271,13.16052,11.84732,10.46347,9.157281,7.850393,6.542908,5.269824,3.926542,2.635313
153.4529,155.9261,154.8236,154.5926,154.3421,154.0723,153.7835,154.3892,154.0661,153.7243,153.364,153.9125,153.5189,152.1736,152.6776,152.2302,154.5932,156.9561,157.4217,159.7775,161.1782,161.6155,163.9582,165.337,167.6717,169.037,170.394,171.7423,173.0818,175.3866,174.757,169.2195,164.6274,160.0052,155.3543,151.6604,149.9154,149.1409,149.3414,149.5305,149.7082,149.8745,150.0294,150.1728,149.3094,150.4254,149.5376,149.6346,149.7202,149.7944,149.8572,149.9086,149.9486,150.977
79.88251,79.44834,77.19222,75.39984,73.6174,71.8451,70.08316,68.73849,66.98984,65.2521,63.52545,62.18469,60.4727,58.41398,57.0838,55.40726,54.74432,54.04431,52.67257,51.91486,50.81928,49.41082,48.56662,47.40963,46.49948,45.29333,44.06688,42.82018,41.55327,40.49119,38.74269,35.96872,33.49381,31.10187,28.79321,26.74182,25.08724,23.6216,22.31922,21.01514,19.70946,18.40227,17.09369,15.7838,14.37686,13.16052,11.76886,10.46347,9.157281,7.850393,6.542908,5.234925,3.926542,2.635313
153.4529,155.9261,155.7186,155.4914,154.3421,154.0723,153.7835,154.3892,154.0661,153.7243,153.364,152.9853,152.5885,153.1072,152.6776,153.1699,154.5932,156.0106,158.3701,159.7775,161.1782,161.6155,163.9582,165.337,166.7081,169.037,170.394,171.7423,173.0818,175.3866,174.757,169.2195,164.6274,160.0052,155.3543,150.6756,150.9017,150.1286,149.3414,149.5305,149.7082,149.8745,150.0294,150.1728,149.3094,150.4254,149.5376,149.6346,149.7202,149.7944,150.8563,149.9086,149.9486,150.977
79.88251,79.44834,77.63842,75.83821,73.6174,71.8451,70.08316,68.73849,66.98984,65.2521,63.52545,61.81009,60.1062,58.77234,57.0838,55.74928,54.74432,53.71875,52.98988,51.91486,50.81928,49.41082,48.56662,47.40963,46.23224,45.29333,44.06688,42.82018,41.55327,40.49119,38.74269,35.96872,33.49381,31.10187,28.79321,26.56817,25.25228,23.77804,22.31922,21.01514,19.70946,18.40227,17.09369,15.7838,14.37686,13.16052,11.76886,10.46347,9.157281,7.850393,6.586527,5.234925,3.926542,2.635313
153.4529,155.0351,153.9287,154.5926,154.3421,154.0723,153.7835,154.3892,154.0661,153.7243,153.364,152.9853,152.5885,153.1072,152.6776,153.1699,154.5932,156.0106,157.4217,159.7775,161.1782,162.5718,163.9582,165.337,166.7081,169.037,170.394,170.772,174.0542,175.3866,174.757,170.1977,164.6274,160.0052,155.3543,151.6604,149.9154,150.1286,150.3304,149.5305,149.7082,149.8745,150.0294,150.1728,150.3048,150.4254,149.5376,150.6322,149.7202,149.7944,149.8572,149.9086,149.9486,150.977
79.88251,78.99435,76.74602,75.39984,73.6174,71.8451,70.08316,68.73849,66.98984,65.2521,63.52545,61.81009,60.1062,58.77234,57.0838,55.74928,54.74432,53.71875,52.67257,51.91486,50.81928,49.70319,48.56662,47.40963,46.23224,45.29333,44.06688,42.57825,41.78672,40.49119,38.74269,36.17663,33.49381,31.10187,28.79321,26.74182,25.08724,23.77804,22.46703,21.01514,19.70946,18.40227,17.09369,15.7838,14.47271,13.16052,11.76886,10.53323,9.157281,7.850393,6.542908,5.234925,3.926542,2.635313
153.4529,155.0351,153.9287,154.5926,154.3421,154.0723,153.7835,154.3892,154.0661,153.7243,153.364,152.9853,152.5885,152.1736,152.6776,153.1699,155.5358,156.0106,157.4217,159.7775,161.1782,161.6155,163.9582,165.337,166.7081,168.0711,170.394,170.772,173.0818,175.3866,174.757,169.2195,164.6274,160.0052,155.3543,151.6604,149.9154,150.1286,149.3414,149.5305,149.7082,149.8745,150.0294,150.1728,150.3048,150.4254,150.5345,150.6322,149.7202,149.7944,149.8572,149.9086,149.9486,151.9768
79.88251,78.99435,76.74602,75.39984,73.6174,71.8451,70.08316,68.73849,66.98984,65.2521,63.52545,61.81009,60.1062,58.41398,57.0838,55.74928,55.07813,53.71875,52.67257,51.91486,50.81928,49.41082,48.56662,47.40963,46.23224,45.03451,44.06688,42.57825,41.55327,40.49119,38.74269,35.96872,33.49381,31.10187,28.79321,26.74182,25.08724,23.77804,22.31922,21.01514,19.70946,18.40227,17.09369,15.7838,14.47271,13.16052,11.84732,10.53323,9.157281,7.850393,6.542908,5.234925,3.926542,2.652766
152.5659,155.0351,153.9287,154.5926,154.3421,154.0723,153.7835,154.3892,154.0661,153.7243,153.364,152.9853,153.5189,152.1736,152.6776,153.1699,154.5932,156.9561,157.4217,159.7775,161.1782,161.6155,163.9582,164.3758,166.7081,169.037,170.394,170.772,173.0818,175.3866,174.757,169.2195,164.6274,160.0052,155.3543,151.6604,149.9154,149.1409,149.3414,149.5305,149.7082,149.8745,150.0294,150.1728,149.3094,150.4254,149.5376,149.6346,150.7184,149.7944,150.8563,150.908,149.9486,150.977
79.42076,78.99435,76.74602,75.39984,73.6174,71.8451,70.08316,68.73849,66.98984,65.2521,63.52545,61.81009,60.4727,58.41398,57.0838,55.74928,54.74432,54.04431,52.67257,51.91486,50.81928,49.41082,48.56662,47.13399,46.23224,45.29333,44.06688,42.57825,41.55327,40.49119,38.74269,35.96872,33.49381,31.10187,28.79321,26.74182,25.08724,23.6216,22.31922,21.01514,19.70946,18.40227,17.09369,15.7838,14.37686,13.16052,11.76886,10.46347,9.218329,7.850393,6.586527,5.269824,3.926542,2.635313
152.5659,155.0351,153.9287,155.4914,154.3421,154.0723,153.7835,154.3892,154.0661,153.7243,153.364,152.9853,152.5885,153.1072,152.6776,154.1096,154.5932,156.9561,158.3701,159.7775,161.1782,162.5718,163.9582,165.337,166.7081,169.037,170.394,171.7423,173.0818,175.3866,174.757,169.2195,164.6274,159.0236,155.3543,151.6604,149.9154,150.1286,150.3304,149.5305,149.7082,149.8745,150.0294,150.1728,150.3048,150.4254,149.5376,150.6322,149.7202,149.7944,150.8563,149.9086,149.9486,150.977
79.42076,78.99435,76.74602,75.83821,73.6174,71.8451,70.08316,68.73849,66.98984,65.2521,63.52545,61.81009,60.1062,58.77234,57.0838,56.0913,54.74432,54.04431,52.98988,51.91486,50.81928,49.70319,48.56662,47.40963,46.23224,45.29333,44.06688,42.82018,41.55327,40.49119,38.74269,35.96872,33.49381,30.91106,28.79321,26.74182,25.08724,23.77804,22.46703,21.01514,19.70946,18.40227,17.09369,15.7838,14.47271,13.16052,11.76886,10.53323,9.157281,7.850393,6.586527,5.234925,3.926542,2.635313
153.4529,155.0351,153.9287,155.4914,154.3421,154.0723,153.7835,154.3892,154.0661,153.7243,153.364,153.9125,153.5189,153.1072,152.6776,154.1096,154.5932,156.9561,158.3701,159.7775,161.1782,162.5718,163.9582,166.2983,166.7081,169.037,170.394,170.772,173.0818,175.3866,174.757,169.2195,164.6274,159.0236,155.3543,150.6756,149.9154,150.1286,149.3414,149.5305,149.7082,149.8745,150.0294,150.1728,149.3094,149.4292,149.5376,149.6346,150.7184,149.7944,149.8572,149.9086,149.9486,150.977
79.88251,78.99435,76.74602,75.83821,73.6174,71.8451,70.08316,68.73849,66.98984,65.2521,63.52545,62.18469,60.4727,58.77234,57.0838,56.0913,54.74432,54.04431,52.98988,51.91486,50.81928,49.70319,48.56662,47.68526,46.23224,45.29333,44.06688,42.57825,41.55327,40.49119,38.74269,35.96872,33.49381,30.91106,28.79321,26.56817,25.08724,23.77804,22.31922,21.01514,19.70946,18.40227,17.09369,15.7838,14.37686,13.07336,11.76886,10.46347,9.218329,7.850393,6.542908,5.234925,3.926542,2.635313
152.5659,155.0351,154.8236,154.5926,154.3421,154.0723,153.7835,154.3892,154.0661,153.7243,153.364,152.9853,153.5189,152.1736,152.6776,153.1699,154.5932,156.9561,157.4217,159.7775,161.1782,161.6155,163.9582,164.3758,166.7081,168.0711,170.394,170.772,173.0818,175.3866,174.757,169.2195,164.6274,160.0052,155.3543,151.6604,149.9154,150.1286,149.3414,149.5305,149.7082,149.8745,150.0294,150.1728,150.3048,150.4254,149.5376,149.6346,149.7202,150.7931,149.8572,149.9086,149.9486,150.977
79.42076,78.99435,77.19222,75.39984,73.6174,71.8451,70.08316,68.73849,66.98984,65.2521,63.52545,61.81009,60.4727,58.41398,57.0838,55.74928,54.74432,54.04431,52.67257,51.91486,50.81928,49.41082,48.56662,47.13399,46.23224,45.03451,44.06688,42.57825,41.55327,40.49119,38.74269,35.96872,33.49381,31.10187,28.79321,26.74182,25.08724,23.77804,22.31922,21.01514,19.70946,18.40227,17.09369,15.7838,14.47271,13.16052,11.76886,10.46347,9.157281,7.902729,6.542908,5.234925,3.926542,2.635313
153.4529,155.0351,153.9287,154.5926,154.3421,154.0723,153.7835,154.3892,154.0661,153.7243,153.364,152.9853,152.5885,153.1072,153.6142,153.1699,154.5932,156.0106,158.3701,159.7775,161.1782,161.6155,163.9582,166.2983,166.7081,169.037,170.394,170.772,173.0818,175.3866,174.757,169.2195,164.6274,160.0052,155.3543,151.6604,149.9154,150.1286,149.3414,149.5305,149.7082,149.8745,150.0294,150.1728,149.3094,150.4254,150.5345,149.6346,149.7202,149.7944,149.8572,149.9086,149.9486,150.977
79.88251,78.99435,76.74602,75.39984,73.6174,71.8451,70.08316,68.73849,66.98984,65.2521,63.52545,61.81009,60.1062,58.77234,57.43401,55.74928,54.74432,53.71875,52.98988,51.91486,50.81928,49.41082,48.56662,47.68526,46.23224,45.29333,44.06688,42.57825,41.55327,40.49119,38.74269,35.96872,33.49381,31.10187,28.79321,26.74182,25.08724,23.77804,22.31922,21.01514,19.70946,18.40227,17.09369,15.7838,14.37686,13.16052,11.84732,10.46347,9.157281,7.850393,6.542908,5.234925,3.926542,2.635313
153.4529,155.0351,154.8236,155.4914,154.3421,154.9786,153.7835,153.4756,154.0661,152.8038,153.364,152.9853,152.5885,152.1736,152.6776,153.1699,154.5932,156.9561,157.4217,159.7775,161.1782,162.5718,163.9582,165.337,166.7081,169.037,170.394,170.772,173.0818,175.3866,174.757,170.1977,164.6274,160.0052,155.3543,151.6604,150.9017,150.1286,150.3304,149.5305,149.7082,149.8745,150.0294,150.1728,150.3048,150.4254,149.5376,149.6346,149.7202,149.7944,149.8572,149.9086,149.9486,150.977
79.88251,78.99435,77.19222,75.83821,73.6174,72.26772,70.08316,68.33176,66.98984,64.86137,63.52545,61.81009,60.1062,58.41398,57.0838,55.74928,54.74432,54.04431,52.67257,51.91486,50.81928,49.70319,48.56662,47.40963,46.23224,45.29333,44.06688,42.57825,41.55327,40.49119,38.74269,36.17663,33.49381,31.10187,28.79321,26.74182,25.25228,23.77804,22.46703,21.01514,19.70946,18.40227,17.09369,15.7838,14.47271,13.16052,11.76886,10.46347,9.157281,7.850393,6.542908,5.234925,3.926542,2.635313
153.4529,155.9261,153.9287,153.6938,155.2447,154.0723,153.7835,154.3892,154.0661,153.7243,153.364,152.9853,152.5885,152.1736,152.6776,153.1699,154.5932,156.0106,157.4217,159.7775,161.1782,161.6155,163.9582,165.337,166.7081,168.0711,170.394,170.772,173.0818,175.3866,174.757,170.1977,164.6274,160.0052,155.3543,150.6756,149.9154,150.1286,149.3414,150.5207,149.7082,149.8745,150.0294,150.1728,150.3048,150.4254,150.5345,149.6346,150.7184,149.7944,149.8572,149.9086,149.9486,151.9768
79.88251,79.44834,76.74602,74.96147,74.04791,71.8451,70.08316,68.73849,66.98984,65.2521,63.52545,61.81009,60.1062,58.41398,57.0838,55.74928,54.74432,53.71875,52.67257,51.91486,50.81928,49.41082,48.56662,47.40963,46.23224,45.03451,44.06688,42.57825,41.55327,40.49119,38.74269,36.17663,33.49381,31.10187,28.79321,26.56817,25.08724,23.77804,22.31922,21.15431,19.70946,18.40227,17.09369,15.7838,14.47271,13.16052,11.84732,10.46347,9.218329,7.850393,6.542908,5.234925,3.926542,2.652766
