153.4529,155.0351,153.9287,153.6938,153.4395,153.166,152.8735,153.4756,154.0661,153.7243,153.364,152.9853,152.5885,153.1072,151.7409,152.2302,153.6506,156.0106,157.4217,158.8264,160.2244,161.6155,162.9994,164.3758,166.7081,169.037,170.394,170.772,173.0818,175.3866,174.757,169.2195,164.6274,160.9869,155.3543,151.6604,149.9154,150.1286,149.3414,149.5305,149.7082,149.8745,150.0294,150.1728,150.3048,150.4254,149.5376,150.6322,149.7202,149.7944,149.8572,149.9086,149.9486,151.9768
79.88251,78.99435,76.74602,74.96147,73.18689,71.42249,69.66846,68.33176,66.98984,65.2521,63.52545,61.81009,60.1062,58.77234,56.7336,55.40726,54.41052,53.71875,52.67257,51.60584,50.51857,49.41082,48.28261,47.13399,46.23224,45.29333,44.06688,42.57825,41.55327,40.49119,38.74269,35.96872,33.49381,31.29268,28.79321,26.74182,25.08724,23.77804,22.31922,21.01514,19.70946,18.40227,17.09369,15.7838,14.47271,13.16052,11.76886,10.53323,9.157281,7.850393,6.542908,5.234925,3.926542,2.652766
154.3399,155.0351,153.9287,153.6938,153.4395,153.166,152.8735,154.3892,153.149,153.7243,153.364,153.9125,153.5189,152.1736,151.7409,152.2302,153.6506,155.065,157.4217,158.8264,160.2244,161.6155,162.9994,164.3758,166.7081,169.037,170.394,171.7423,173.0818,175.3866,174.757,169.2195,164.6274,160.0052,155.3543,151.6604,149.9154,150.1286,150.3304,149.5305,149.7082,149.8745,150.0294,150.1728,150.3048,150.4254,149.5376,149.6346,149.7202,150.7931,149.8572,149.9086,149.9486,151.9768
80.34426,78.99435,76.74602,74.96147,73.18689,71.42249,69.66846,68.73849,66.59109,65.2521,63.52545,62.18469,60.4727,58.41398,56.7336,55.40726,54.41052,53.39318,52.67257,51.60584,50.51857,49.41082,48.28261,47.13399,46.23224,45.29333,44.06688,42.82018,41.55327,40.49119,38.74269,35.96872,33.49381,31.10187,28.79321,26.74182,25.08724,23.77804,22.46703,21.01514,19.70946,18.40227,17.09369,15.7838,14.47271,13.16052,11.76886,10.46347,9.157281,7.902729,6.542908,5.234925,3.926542,2.652766
152.5659,155.0351,154.8236,153.6938,154.3421,153.166,152.8735,154.3892,154.0661,153.7243,153.364,152.9853,153.5189,153.1072,151.7409,152.2302,153.6506,155.065,156.4734,158.8264,160.2244,161.6155,162.9994,165.337,166.7081,168.0711,170.394,170.772,173.0818,175.3866,174.757,169.2195,164.6274,160.0052,155.3543,150.6756,149.9154,150.1286,150.3304,149.5305,149.7082,149.8745,150.0294,150.1728,150.3048,150.4254,149.5376,149.6346,149.7202,149.7944,149.8572,149.9086,149.9486,151.9768
79.42076,78.99435,77.19222,74.96147,73.6174,71.42249,69.66846,68.73849,66.98984,65.2521,63.52545,61.81009,60.4727,58.77234,56.7336,55.40726,54.41052,53.39318,52.35527,51.60584,50.51857,49.41082,48.28261,47.40963,46.23224,45.03451,44.06688,42.57825,41.55327,40.49119,38.74269,35.96872,33.49381,31.10187,28.79321,26.56817,25.08724,23.77804,22.46703,21.01514,19.70946,18.40227,17.09369,15.7838,14.47271,13.16052,11.76886,10.46347,9.157281,7.850393,6.542908,5.234925,3.926542,2.652766
153.4529,155.0351,153.9287,153.6938,153.4395,153.166,152.8735,153.4756,154.0661,152.8038,153.364,152.9853,152.5885,152.1736,151.7409,152.2302,153.6506,155.065,157.4217,158.8264,160.2244,160.6592,162.9994,165.337,166.7081,169.037,170.394,171.7423,173.0818,175.3866,174.757,169.2195,164.6274,160.0052,155.3543,151.6604,149.9154,150.1286,149.3414,149.5305,149.7082,149.8745,150.0294,150.1728,150.3048,150.4254,149.5376,150.6322,149.7202,149.7944,149.8572,149.9086,149.9486,150.977
79.88251,78.99435,76.74602,74.96147,73.18689,71.42249,69.66846,68.33176,66.98984,64.86137,63.52545,61.81009,60.1062,58.41398,56.7336,55.40726,54.41052,53.39318,52.67257,51.60584,50.51857,49.11845,48.28261,47.40963,46.23224,45.29333,44.06688,42.82018,41.55327,40.49119,38.74269,35.96872,33.49381,31.10187,28.79321,26.74182,25.08724,23.77804,22.31922,21.01514,19.70946,18.40227,17.09369,15.7838,14.47271,13.16052,11.76886,10.53323,9.157281,7.850393,6.542908,5.234925,3.926542,2.635313
153.4529,155.9261,153.9287,153.6938,153.4395,153.166,152.8735,153.4756,153.149,153.7243,153.364,152.9853,152.5885,152.1736,151.7409,153.1699,154.5932,155.065,157.4217,158.8264,160.2244,161.6155,162.9994,164.3758,166.7081,169.037,170.394,171.7423,173.0818,175.3866,174.757,170.1977,164.6274,159.0236,155.3543,150.6756,150.9017,150.1286,150.3304,149.5305,149.7082,149.8745,150.0294,150.1728,150.3048,149.4292,150.5345,149.6346,149.7202,149.7944,149.8572,149.9086,149.9486,150.977
79.88251,79.44834,76.74602,74.96147,73.18689,71.42249,69.66846,68.33176,66.59109,65.2521,63.52545,61.81009,60.1062,58.41398,56.7336,55.74928,54.74432,53.39318,52.67257,51.60584,50.51857,49.41082,48.28261,47.13399,46.23224,45.29333,44.06688,42.82018,41.55327,40.49119,38.74269,36.17663,33.49381,30.91106,28.79321,26.56817,25.25228,23.77804,22.46703,21.01514,19.70946,18.40227,17.09369,15.7838,14.47271,13.07336,11.84732,10.46347,9.157281,7.850393,6.542908,5.234925,3.926542,2.635313
153.4529,155.9261,153.9287,153.6938,153.4395,153.166,152.8735,154.3892,154.0661,153.7243,153.364,153.9125,152.5885,152.1736,151.7409,152.2302,154.5932,156.0106,156.4734,158.8264,160.2244,161.6155,162.9994,164.3758,166.7081,168.0711,170.394,170.772,173.0818,175.3866,175.7333,169.2195,164.6274,159.0236,155.3543,150.6756,149.9154,150.1286,150.3304,150.5207,149.7082,149.8745,150.0294,150.1728,150.3048,150.4254,150.5345,150.6322,149.7202,149.7944,149.8572,149.9086,149.9486,150.977
79.88251,79.44834,76.74602,74.96147,73.18689,71.42249,69.66846,68.73849,66.98984,65.2521,63.52545,62.18469,60.1062,58.41398,56.7336,55.40726,54.74432,53.71875,52.35527,51.60584,50.51857,49.41082,48.28261,47.13399,46.23224,45.03451,44.06688,42.57825,41.55327,40.49119,38.95913,35.96872,33.49381,30.91106,28.79321,26.56817,25.08724,23.77804,22.46703,21.15431,19.70946,18.40227,17.09369,15.7838,14.47271,13.16052,11.84732,10.53323,9.157281,7.850393,6.542908,5.234925,3.926542,2.635313
153.4529,155.0351,153.9287,153.6938,153.4395,154.0723,152.8735,152.5621,154.0661,152.8038,153.364,152.9853,153.5189,152.1736,151.7409,152.2302,153.6506,155.065,157.4217,158.8264,160.2244,161.6155,162.9994,165.337,166.7081,169.037,170.394,171.7423,173.0818,175.3866,174.757,169.2195,164.6274,159.0236,155.3543,151.6604,150.9017,150.1286,150.3304,149.5305,149.7082,149.8745,150.0294,150.1728,150.3048,150.4254,150.5345,149.6346,149.7202,150.7931,148.8582,149.9086,150.9483,151.9768
79.88251,78.99435,76.74602,74.96147,73.18689,71.8451,69.66846,67.92502,66.98984,64.86137,63.52545,61.81009,60.4727,58.41398,56.7336,55.40726,54.41052,53.39318,52.67257,51.60584,50.51857,49.41082,48.28261,47.40963,46.23224,45.29333,44.06688,42.82018,41.55327,40.49119,38.74269,35.96872,33.49381,30.91106,28.79321,26.74182,25.25228,23.77804,22.46703,21.01514,19.70946,18.40227,17.09369,15.7838,14.47271,13.16052,11.84732,10.46347,9.157281,7.902729,6.499289,5.234925,3.952719,2.652766
154.3399,155.0351,154.8236,153.6938,153.4395,153.166,152.8735,154.3892,154.0661,153.7243,153.364,152.9853,152.5885,152.1736,151.7409,152.2302,154.5932,156.0106,157.4217,158.8264,159.2707,161.6155,162.9994,165.337,166.7081,169.037,170.394,170.772,174.0542,175.3866,174.757,169.2195,164.6274,160.9869,156.3375,151.6604,149.9154,150.1286,149.3414,149.5305,149.7082,149.8745,150.0294,150.1728,150.3048,149.4292,150.5345,149.6346,149.7202,149.7944,149.8572,149.9086,149.9486,150.977
80.34426,78.99435,77.19222,74.96147,73.18689,71.42249,69.66846,68.73849,66.98984,65.2521,63.52545,61.81009,60.1062,58.41398,56.7336,55.40726,54.74432,53.71875,52.67257,51.60584,50.21787,49.41082,48.28261,47.40963,46.23224,45.29333,44.06688,42.57825,41.78672,40.49119,38.74269,35.96872,33.49381,31.29268,28.97545,26.74182,25.08724,23.77804,22.31922,21.01514,19.70946,18.40227,17.09369,15.7838,14.47271,13.07336,11.84732,10.46347,9.157281,7.850393,6.542908,5.234925,3.926542,2.635313
153.4529,155.9261,153.9287,153.6938,154.3421,153.166,152.8735,153.4756,154.0661,153.7243,153.364,152.9853,153.5189,153.1072,151.7409,153.1699,153.6506,155.065,157.4217,158.8264,159.2707,161.6155,162.9994,165.337,166.7081,168.0711,170.394,170.772,173.0818,175.3866,174.757,169.2195,164.6274,160.0052,155.3543,150.6756,149.9154,150.1286,150.3304,149.5305,149.7082,149.8745,150.0294,150.1728,150.3048,150.4254,149.5376,149.6346,149.7202,149.7944,149.8572,150.908,149.9486,150.977
79.88251,79.44834,76.74602,74.96147,73.6174,71.42249,69.66846,68.33176,66.98984,65.2521,63.52545,61.81009,60.4727,58.77234,56.7336,55.74928,54.41052,53.39318,52.67257,51.60584,50.21787,49.41082,48.28261,47.40963,46.23224,45.03451,44.06688,42.57825,41.55327,40.49119,38.74269,35.96872,33.49381,31.10187,28.79321,26.56817,25.08724,23.77804,22.46703,21.01514,19.70946,18.40227,17.09369,15.7838,14.47271,13.16052,11.76886,10.46347,9.157281,7.850393,6.542908,5.269824,3.926542,2.635313
154.3399,155.0351,153.9287,153.6938,153.4395,153.166,152.8735,152.5621,154.0661,153.7243,153.364,153.9125,152.5885,153.1072,151.7409,152.2302,153.6506,156.0106,157.4217,158.8264,159.2707,161.6155,162.9994,165.337,166.7081,169.037,170.394,170.772,173.0818,175.3866,174.757,169.2195,164.6274,159.0236,155.3543,151.6604,149.9154,150.1286,149.3414,149.5305,149.7082,149.8745,150.0294,150.1728,150.3048,150.4254,150.5345,150.6322,150.7184,149.7944,149.8572,150.908,149.9486,150.977
80.34426,78.99435,76.74602,74.96147,73.18689,71.42249,69.66846,67.92502,66.98984,65.2521,63.52545,62.18469,60.1062,58.77234,56.7336,55.40726,54.41052,53.71875,52.67257,51.60584,50.21787,49.41082,48.28261,47.40963,46.23224,45.29333,44.06688,42.57825,41.55327,40.49119,38.74269,35.96872,33.49381,30.91106,28.79321,26.74182,25.08724,23.77804,22.31922,21.01514,19.70946,18.40227,17.09369,15.7838,14.47271,13.16052,11.84732,10.53323,9.218329,7.850393,6.542908,5.269824,3.926542,2.635313
154.3399,155.9261,153.9287,153.6938,153.4395,153.166,152.8735,152.5621,154.0661,153.7243,153.364,153.9125,152.5885,152.1736,151.7409,152.2302,153.6506,155.065,157.4217,158.8264,159.2707,161.6155,162.9994,165.337,166.7081,169.037,170.394,171.7423,173.0818,175.3866,174.757,169.2195,164.6274,160.0052,155.3543,150.6756,150.9017,150.1286,150.3304,149.5305,149.7082,149.8745,150.0294,150.1728,150.3048,150.4254,150.5345,150.6322,149.7202,150.7931,149.8572,149.9086,149.9486,150.977
80.34426,79.44834,76.74602,74.96147,73.18689,71.42249,69.66846,67.92502,66.98984,65.2521,63.52545,62.18469,60.1062,58.41398,56.7336,55.40726,54.41052,53.39318,52.67257,51.60584,50.21787,49.41082,48.28261,47.40963,46.23224,45.29333,44.06688,42.82018,41.55327,40.49119,38.74269,35.96872,33.49381,31.10187,28.79321,26.56817,25.25228,23.77804,22.46703,21.01514,19.70946,18.40227,17.09369,15.7838,14.47271,13.16052,11.84732,10.53323,9.157281,7.902729,6.542908,5.234925,3.926542,2.635313
153.4529,155.9261,153.9287,153.6938,153.4395,153.166,152.8735,152.5621,154.0661,153.7243,153.364,153.9125,153.5189,152.1736,151.7409,152.2302,153.6506,156.0106,157.4217,158.8264,159.2707,161.6155,162.9994,165.337,166.7081,169.037,170.394,170.772,173.0818,175.3866,175.7333,169.2195,164.6274,160.0052,155.3543,150.6756,149.9154,150.1286,150.3304,149.5305,149.7082,149.8745,150.0294,150.1728,150.3048,150.4254,149.5376,149.6346,149.7202,149.7944,149.8572,149.9086,149.9486,150.977
79.88251,79.44834,76.74602,74.96147,73.18689,71.42249,69.66846,67.92502,66.98984,65.2521,63.52545,62.18469,60.4727,58.41398,56.7336,55.40726,54.41052,53.71875,52.67257,51.60584,50.21787,49.41082,48.28261,47.40963,46.23224,45.29333,44.06688,42.57825,41.55327,40.49119,38.95913,35.96872,33.49381,31.10187,28.79321,26.56817,25.08724,23.77804,22.46703,21.01514,19.70946,18.40227,17.09369,15.7838,14.47271,13.16052,11.76886,10.46347,9.157281,7.850393,6.542908,5.234925,3.926542,2.635313
153.4529,155.0351,153.9287,153.6938,154.3421,153.166,152.8735,152.5621,154.0661,153.7243,153.364,152.9853,153.5189,152.1736,151.7409,152.2302,153.6506,156.0106,157.4217,158.8264,159.2707,161.6155,162.9994,165.337,166.7081,169.037,170.394,171.7423,173.0818,175.3866,174.757,170.1977,164.6274,160.0052,155.3543,151.6604,149.9154,150.1286,150.3304,149.5305,149.7082,149.8745,150.0294,150.1728,150.3048,149.4292,150.5345,150.6322,149.7202,150.7931,149.8572,149.9086,149.9486,150.977
79.88251,78.99435,76.74602,74.96147,73.6174,71.42249,69.66846,67.92502,66.98984,65.2521,63.52545,61.81009,60.4727,58.41398,56.7336,55.40726,54.41052,53.71875,52.67257,51.60584,50.21787,49.41082,48.28261,47.40963,46.23224,45.29333,44.06688,42.82018,41.55327,40.49119,38.74269,36.17663,33.49381,31.10187,28.79321,26.74182,25.08724,23.77804,22.46703,21.01514,19.70946,18.40227,17.09369,15.7838,14.47271,13.07336,11.84732,10.53323,9.157281,7.902729,6.542908,5.234925,3.926542,2.635313
154.3399,155.0351,153.9287,153.6938,153.4395,153.166,152.8735,152.5621,154.0661,153.7243,153.364,152.9853,152.5885,152.1736,151.7409,152.2302,153.6506,155.065,156.4734,158.8264,159.2707,160.6592,162.9994,164.3758,166.7081,168.0711,170.394,170.772,173.0818,175.3866,174.757,169.2195,164.6274,160.0052,155.3543,151.6604,149.9154,150.1286,149.3414,149.5305,149.7082,149.8745,150.0294,150.1728,150.3048,150.4254,149.5376,149.6346,149.7202,149.7944,149.8572,149.9086,149.9486,150.977
80.34426,78.99435,76.74602,74.96147,73.18689,71.42249,69.66846,67.92502,66.98984,65.2521,63.52545,61.81009,60.1062,58.41398,56.7336,55.40726,54.41052,53.39318,52.35527,51.60584,50.21787,49.11845,48.28261,47.13399,46.23224,45.03451,44.06688,42.57825,41.55327,40.49119,38.74269,35.96872,33.49381,31.10187,28.79321,26.74182,25.08724,23.77804,22.31922,21.01514,19.70946,18.40227,17.09369,15.7838,14.47271,13.16052,11.76886,10.46347,9.157281,7.850393,6.542908,5.234925,3.926542,2.635313
153.4529,155.9261,153.9287,154.5926,153.4395,153.166,152.8735,153.4756,153.149,153.7243,153.364,152.9853,153.5189,152.1736,151.7409,153.1699,154.5932,156.0106,156.4734,158.8264,159.2707,161.6155,162.9994,164.3758,166.7081,169.037,170.394,170.772,173.0818,175.3866,174.757,170.1977,164.6274,159.0236,155.3543,152.6452,149.9154,150.1286,150.3304,149.5305,149.7082,149.8745,150.0294,149.1783,149.3094,150.4254,149.5376,149.6346,149.7202,149.7944,149.8572,149.9086,149.9486,150.977
79.88251,79.44834,76.74602,75.39984,73.18689,71.42249,69.66846,68.33176,66.59109,65.2521,63.52545,61.81009,60.4727,58.41398,56.7336,55.74928,54.74432,53.71875,52.35527,51.60584,50.21787,49.41082,48.28261,47.13399,46.23224,45.29333,44.06688,42.57825,41.55327,40.49119,38.74269,36.17663,33.49381,30.91106,28.79321,26.91547,25.08724,23.77804,22.46703,21.01514,19.70946,18.40227,17.09369,15.67927,14.37686,13.16052,11.76886,10.46347,9.157281,7.850393,6.542908,5.234925,3.926542,2.635313
154.3399,155.9261,153.9287,153.6938,154.3421,153.166,152.8735,152.5621,153.149,153.7243,153.364,152.9853,153.5189,153.1072,151.7409,152.2302,153.6506,155.065,158.3701,158.8264,159.2707,161.6155,162.9994,164.3758,166.7081,168.0711,170.394,170.772,173.0818,175.3866,175.7333,170.1977,164.6274,160.0052,155.3543,151.6604,149.9154,149.1409,150.3304,150.5207,149.7082,150.867,150.0294,150.1728,150.3048,150.4254,149.5376,150.6322,149.7202,149.7944,149.8572,149.9086,149.9486,150.977
80.34426,79.44834,76.74602,74.96147,73.6174,71.42249,69.66846,67.92502,66.59109,65.2521,63.52545,61.81009,60.4727,58.77234,56.7336,55.40726,54.41052,53.39318,52.98988,51.60584,50.21787,49.41082,48.28261,47.13399,46.23224,45.03451,44.06688,42.57825,41.55327,40.49119,38.95913,36.17663,33.49381,31.10187,28.79321,26.74182,25.08724,23.6216,22.46703,21.15431,19.70946,18.52414,17.09369,15.7838,14.47271,13.16052,11.76886,10.53323,9.157281,7.850393,6.542908,5.234925,3.926542,2.635313
155.2269,155.9261,153.9287,153.6938,153.4395,153.166,152.8735,152.5621,154.0661,153.7243,153.364,152.9853,152.5885,152.1736,151.7409,152.2302,153.6506,156.0106,157.4217,158.8264,159.2707,161.6155,162.9994,164.3758,166.7081,168.0711,170.394,170.772,173.0818,175.3866,174.757,169.2195,164.6274,160.0052,155.3543,151.6604,149.9154,150.1286,150.3304,150.5207,149.7082,149.8745,150.0294,150.1728,149.3094,150.4254,150.5345,150.6322,149.7202,149.7944,149.8572,149.9086,149.9486,150.977
80.80601,79.44834,76.74602,74.96147,73.18689,71.42249,69.66846,67.92502,66.98984,65.2521,63.52545,61.81009,60.1062,58.41398,56.7336,55.40726,54.41052,53.71875,52.67257,51.60584,50.21787,49.41082,48.28261,47.13399,46.23224,45.03451,44.06688,42.57825,41.55327,40.49119,38.74269,35.96872,33.49381,31.10187,28.79321,26.74182,25.08724,23.77804,22.46703,21.15431,19.70946,18.40227,17.09369,15.7838,14.37686,13.16052,11.84732,10.53323,9.157281,7.850393,6.542908,5.234925,3.926542,2.635313
154.3399,155.9261,153.9287,153.6938,153.4395,153.166,152.8735,152.5621,154.0661,153.7243,153.364,152.9853,152.5885,152.1736,151.7409,152.2302,154.5932,156.0106,157.4217,158.8264,160.2244,161.6155,162.9994,165.337,166.7081,169.037,170.394,171.7423,173.0818,175.3866,174.757,169.2195,164.6274,160.0052,155.3543,151.6604,149.9154,150.1286,150.3304,150.5207,149.7082,149.8745,149.0358,150.1728,150.3048,150.4254,150.5345,149.6346,149.7202,149.7944,149.8572,150.908,149.9486,151.9768
80.34426,79.44834,76.74602,74.96147,73.18689,71.42249,69.66846,67.92502,66.98984,65.2521,63.52545,61.81009,60.1062,58.41398,56.7336,55.40726,54.74432,53.71875,52.67257,51.60584,50.51857,49.41082,48.28261,47.40963,46.23224,45.29333,44.06688,42.82018,41.55327,40.49119,38.74269,35.96872,33.49381,31.10187,28.79321,26.74182,25.08724,23.77804,22.46703,21.15431,19.70946,18.40227,16.98048,15.7838,14.47271,13.16052,11.84732,10.46347,9.157281,7.850393,6.542908,5.269824,3.926542,2.652766
154.3399,155.0351,153.9287,153.6938,154.3421,153.166,152.8735,153.4756,153.149,153.7243,153.364,152.9853,152.5885,152.1736,151.7409,152.2302,153.6506,155.065,157.4217,158.8264,159.2707,160.6592,162.9994,165.337,166.7081,169.037,170.394,170.772,173.0818,175.3866,174.757,169.2195,164.6274,160.0052,155.3543,151.6604,149.9154,150.1286,149.3414,149.5305,149.7082,149.8745,150.0294,150.1728,150.3048,150.4254,149.5376,150.6322,150.7184,149.7944,149.8572,149.9086,150.9483,150.977
80.34426,78.99435,76.74602,74.96147,73.6174,71.42249,69.66846,68.33176,66.59109,65.2521,63.52545,61.81009,60.1062,58.41398,56.7336,55.40726,54.41052,53.39318,52.67257,51.60584,50.21787,49.11845,48.28261,47.40963,46.23224,45.29333,44.06688,42.57825,41.55327,40.49119,38.74269,35.96872,33.49381,31.10187,28.79321,26.74182,25.08724,23.77804,22.31922,21.01514,19.70946,18.40227,17.09369,15.7838,14.47271,13.16052,11.76886,10.53323,9.218329,7.850393,6.542908,5.234925,3.952719,2.635313
152.5659,155.0351,153.9287,153.6938,153.4395,153.166,152.8735,153.4756,154.0661,153.7243,153.364,152.9853,152.5885,153.1072,151.7409,152.2302,153.6506,156.0106,158.3701,158.8264,159.2707,161.6155,162.9994,164.3758,166.7081,169.037,170.394,171.7423,173.0818,175.3866,174.757,169.2195,164.6274,160.0052,155.3543,151.6604,150.9017,150.1286,149.3414,149.5305,149.7082,149.8745,150.0294,150.1728,150.3048,149.4292,149.5376,149.6346,149.7202,149.7944,150.8563,149.9086,149.9486,150.977
79.42076,78.99435,76.74602,74.96147,73.18689,71.42249,69.66846,68.33176,66.98984,65.2521,63.52545,61.81009,60.1062,58.77234,56.7336,55.40726,54.41052,53.71875,52.98988,51.60584,50.21787,49.41082,48.28261,47.13399,46.23224,45.29333,44.06688,42.82018,41.55327,40.49119,38.74269,35.96872,33.49381,31.10187,28.79321,26.74182,25.25228,23.77804,22.31922,21.01514,19.70946,18.40227,17.09369,15.7838,14.47271,13.07336,11.76886,10.46347,9.157281,7.850393,6.586527,5.234925,3.926542,2.635313
153.4529,155.9261,153.9287,153.6938,153.4395,153.166,152.8735,153.4756,154.0661,153.7243,153.364,152.9853,153.5189,152.1736,151.7409,153.1699,153.6506,156.0106,157.4217,158.8264,159.2707,161.6155,162.9994,164.3758,166.7081,168.0711,170.394,170.772,173.0818,175.3866,174.757,170.1977,164.6274,160.0052,155.3543,151.6604,150.9017,150.1286,149.3414,149.5305,149.7082,149.8745,150.0294,150.1728,150.3048,150.4254,149.5376,150.6322,149.7202,149.7944,149.8572,149.9086,149.9486,150.977
79.88251,79.44834,76.74602,74.96147,73.18689,71.42249,69.66846,68.33176,66.98984,65.2521,63.52545,61.81009,60.4727,58.41398,56.7336,55.74928,54.41052,53.71875,52.67257,51.60584,50.21787,49.41082,48.28261,47.13399,46.23224,45.03451,44.06688,42.57825,41.55327,40.49119,38.74269,36.17663,33.49381,31.10187,28.79321,26.74182,25.25228,23.77804,22.31922,21.01514,19.70946,18.40227,17.09369,15.7838,14.47271,13.16052,11.76886,10.53323,9.157281,7.850393,6.542908,5.234925,3.926542,2.635313
154.3399,155.9261,153.9287,153.6938,153.4395,153.166,153.7835,152.5621,154.0661,153.7243,153.364,153.9125,152.5885,152.1736,152.6776,152.2302,154.5932,156.0106,157.4217,158.8264,159.2707,161.6155,162.9994,164.3758,166.7081,168.0711,170.394,170.772,173.0818,175.3866,174.757,170.1977,164.6274,160.0052,155.3543,151.6604,150.9017,150.1286,150.3304,150.5207,149.7082,149.8745,150.0294,150.1728,149.3094,149.4292,150.5345,150.6322,150.7184,149.7944,149.8572,149.9086,149.9486,151.9768
80.34426,79.44834,76.74602,74.96147,73.18689,71.42249,70.08316,67.92502,66.98984,65.2521,63.52545,62.18469,60.1062,58.41398,57.0838,55.40726,54.74432,53.71875,52.67257,51.60584,50.21787,49.41082,48.28261,47.13399,46.23224,45.03451,44.06688,42.57825,41.55327,40.49119,38.74269,36.17663,33.49381,31.10187,28.79321,26.74182,25.25228,23.77804,22.46703,21.15431,19.70946,18.40227,17.09369,15.7838,14.37686,13.07336,11.84732,10.53323,9.218329,7.850393,6.542908,5.234925,3.926542,2.652766
154.3399,155.0351,153.9287,153.6938,153.4395,153.166,152.8735,152.5621,153.149,153.7243,153.364,152.9853,152.5885,153.1072,151.7409,152.2302,153.6506,155.065,157.4217,158.8264,159.2707,161.6155,162.9994,164.3758,166.7081,169.037,170.394,171.7423,173.0818,175.3866,174.757,169.2195,164.6274,160.0052,155.3543,150.6756,149.9154,150.1286,149.3414,149.5305,149.7082,149.8745,150.0294,150.1728,149.3094,150.4254,149.5376,149.6346,149.7202,149.7944,150.8563,150.908,150.9483,151.9768
80.34426,78.99435,76.74602,74.96147,73.18689,71.42249,69.66846,67.92502,66.59109,65.2521,63.52545,61.81009,60.1062,58.77234,56.7336,55.40726,54.41052,53.39318,52.67257,51.60584,50.21787,49.41082,48.28261,47.13399,46.23224,45.29333,44.06688,42.82018,41.55327,40.49119,38.74269,35.96872,33.49381,31.10187,28.79321,26.56817,25.08724,23.77804,22.31922,21.01514,19.70946,18.40227,17.09369,15.7838,14.37686,13.16052,11.76886,10.46347,9.157281,7.850393,6.586527,5.269824,3.952719,2.652766
153.4529,155.0351,153.9287,153.6938,153.4395,153.166,152.8735,152.5621,154.0661,153.7243,153.364,152.9853,152.5885,152.1736,151.7409,152.2302,153.6506,156.0106,157.4217,158.8264,159.2707,160.6592,162.9994,164.3758,166.7081,169.037,170.394,170.772,173.0818,175.3866,174.757,169.2195,164.6274,159.0236,155.3543,152.6452,149.9154,150.1286,150.3304,150.5207,149.7082,149.8745,150.0294,150.1728,150.3048,150.4254,149.5376,149.6346,149.7202,149.7944,149.8572,149.9086,149.9486,150.977
79.88251,78.99435,76.74602,74.96147,73.18689,71.42249,69.66846,67.92502,66.98984,65.2521,63.52545,61.81009,60.1062,58.41398,56.7336,55.40726,54.41052,53.71875,52.67257,51.60584,50.21787,49.11845,48.28261,47.13399,46.23224,45.29333,44.06688,42.57825,41.55327,40.49119,38.74269,35.96872,33.49381,30.91106,28.79321,26.91547,25.08724,23.77804,22.46703,21.15431,19.70946,18.40227,17.09369,15.7838,14.47271,13.16052,11.76886,10.46347,9.157281,7.850393,6.542908,5.234925,3.926542,2.635313
153.4529,155.9261,153.9287,154.5926,153.4395,153.166,152.8735,152.5621,154.0661,153.7243,153.364,152.9853,153.5189,153.1072,151.7409,153.1699,154.5932,155.065,158.3701,158.8264,159.2707,161.6155,162.9994,164.3758,166.7081,168.0711,170.394,170.772,173.0818,175.3866,174.757,169.2195,164.6274,160.0052,155.3543,150.6756,150.9017,150.1286,150.3304,149.5305,149.7082,149.8745,150.0294,150.1728,150.3048,150.4254,149.5376,149.6346,149.7202,149.7944,149.8572,149.9086,149.9486,150.977
79.88251,79.44834,76.74602,75.39984,73.18689,71.42249,69.66846,67.92502,66.98984,65.2521,63.52545,61.81009,60.4727,58.77234,56.7336,55.74928,54.74432,53.39318,52.98988,51.60584,50.21787,49.41082,48.28261,47.13399,46.23224,45.03451,44.06688,42.57825,41.55327,40.49119,38.74269,35.96872,33.49381,31.10187,28.79321,26.56817,25.25228,23.77804,22.46703,21.01514,19.70946,18.40227,17.09369,15.7838,14.47271,13.16052,11.76886,10.46347,9.157281,7.850393,6.542908,5.234925,3.926542,2.635313
152.5659,155.0351,153.9287,154.5926,153.4395,153.166,152.8735,152.5621,154.0661,153.7243,153.364,152.9853,153.5189,152.1736,151.7409,153.1699,154.5932,156.0106,157.4217,158.8264,159.2707,161.6155,162.9994,165.337,166.7081,169.037,170.394,170.772,173.0818,175.3866,174.757,171.1758,164.6274,160.9869,155.3543,151.6604,149.9154,150.1286,150.3304,150.5207,149.7082,149.8745,150.0294,150.1728,150.3048,150.4254,149.5376,149.6346,149.7202,149.7944,149.8572,149.9086,149.9486,150.977
79.42076,78.99435,76.74602,75.39984,73.18689,71.42249,69.66846,67.92502,66.98984,65.2521,63.52545,61.81009,60.4727,58.41398,56.7336,55.74928,54.74432,53.71875,52.67257,51.60584,50.21787,49.41082,48.28261,47.40963,46.23224,45.29333,44.06688,42.57825,41.55327,40.49119,38.74269,36.38455,33.49381,31.29268,28.79321,26.74182,25.08724,23.77804,22.46703,21.15431,19.70946,18.40227,17.09369,15.7838,14.47271,13.16052,11.76886,10.46347,9.157281,7.850393,6.542908,5.234925,3.926542,2.635313
153.4529,155.0351,153.9287,154.5926,153.4395,153.166,152.8735,153.4756,154.0661,153.7243,153.364,152.9853,153.5189,153.1072,151.7409,152.2302,155.5358,155.065,157.4217,158.8264,159.2707,161.6155,162.9994,165.337,166.7081,169.037,170.394,171.7423,173.0818,175.3866,174.757,169.2195,164.6274,160.9869,155.3543,151.6604,150.9017,150.1286,149.3414,150.5207,149.7082,149.8745,150.0294,150.1728,150.3048,149.4292,149.5376,150.6322,149.7202,149.7944,149.8572,149.9086,149.9486,151.9768
79.88251,78.99435,76.74602,75.39984,73.18689,71.42249,69.66846,68.33176,66.98984,65.2521,63.52545,61.81009,60.4727,58.77234,56.7336,55.40726,55.07813,53.39318,52.67257,51.60584,50.21787,49.41082,48.28261,47.40963,46.23224,45.29333,44.06688,42.82018,41.55327,40.49119,38.74269,35.96872,33.49381,31.29268,28.79321,26.74182,25.25228,23.77804,22.31922,21.15431,19.70946,18.40227,17.09369,15.7838,14.47271,13.07336,11.76886,10.53323,9.157281,7.850393,6.542908,5.234925,3.926542,2.652766
153.4529,155.9261,153.9287,153.6938,154.3421,153.166,152.8735,153.4756,153.149,153.7243,153.364,152.9853,152.5885,152.1736,151.7409,152.2302,153.6506,156.0106,157.4217,158.8264,159.2707,161.6155,162.9994,165.337,166.7081,169.037,170.394,170.772,173.0818,175.3866,174.757,169.2195,164.6274,160.9869,155.3543,151.6604,150.9017,150.1286,149.3414,149.5305,149.7082,149.8745,150.0294,149.1783,150.3048,149.4292,150.5345,149.6346,149.7202,149.7944,149.8572,149.9086,149.9486,151.9768
79.88251,79.44834,76.74602,74.96147,73.6174,71.42249,69.66846,68.33176,66.59109,65.2521,63.52545,61.81009,60.1062,58.41398,56.7336,55.40726,54.41052,53.71875,52.67257,51.60584,50.21787,49.41082,48.28261,47.40963,46.23224,45.29333,44.06688,42.57825,41.55327,40.49119,38.74269,35.96872,33.49381,31.29268,28.79321,26.74182,25.25228,23.77804,22.31922,21.01514,19.70946,18.40227,17.09369,15.67927,14.47271,13.07336,11.84732,10.46347,9.157281,7.850393,6.542908,5.234925,3.926542,2.652766
153.4529,155.0351,154.8236,154.5926,154.3421,153.166,153.7835,152.5621,154.0661,153.7243,153.364,152.9853,152.5885,152.1736,152.6776,152.2302,154.5932,155.065,157.4217,158.8264,160.2244,161.6155,163.9582,165.337,167.6717,169.037,170.394,171.7423,174.0542,175.3866,174.757,170.1977,164.6274,160.9869,155.3543,151.6604,150.9017,150.1286,149.3414,149.5305,149.7082,148.8819,150.0294,149.1783,150.3048,150.4254,150.5345,150.6322,149.7202,149.7944,149.8572,149.9086,150.9483,151.9768
79.88251,78.99435,77.19222,75.39984,73.6174,71.42249,70.08316,67.92502,66.98984,65.2521,63.52545,61.81009,60.1062,58.41398,57.0838,55.40726,54.74432,53.39318,52.67257,51.60584,50.51857,49.41082,48.56662,47.40963,46.49948,45.29333,44.06688,42.82018,41.78672,40.49119,38.74269,36.17663,33.49381,31.29268,28.79321,26.74182,25.25228,23.77804,22.31922,21.01514,19.70946,18.2804,17.09369,15.67927,14.47271,13.16052,11.84732,10.53323,9.157281,7.850393,6.542908,5.234925,3.952719,2.652766
153.4529,155.9261,154.8236,155.4914,154.3421,154.0723,153.7835,153.4756,154.0661,153.7243,154.2879,152.9853,153.5189,153.1072,152.6776,153.1699,155.5358,156.0106,158.3701,159.7775,160.2244,162.5718,163.9582,166.2983,167.6717,170.0029,171.3621,171.7423,174.0542,175.3866,174.757,170.1977,164.6274,160.9869,155.3543,150.6756,149.9154,150.1286,149.3414,149.5305,149.7082,149.8745,150.0294,150.1728,150.3048,150.4254,149.5376,150.6322,149.7202,149.7944,149.8572,149.9086,149.9486,151.9768
79.88251,79.44834,77.19222,75.83821,73.6174,71.8451,70.08316,68.33176,66.98984,65.2521,63.90813,61.81009,60.4727,58.77234,57.0838,55.74928,55.07813,53.71875,52.98988,51.91486,50.51857,49.70319,48.56662,47.68526,46.49948,45.55215,44.31726,42.82018,41.78672,40.49119,38.74269,36.17663,33.49381,31.29268,28.79321,26.56817,25.08724,23.77804,22.31922,21.01514,19.70946,18.40227,17.09369,15.7838,14.47271,13.16052,11.76886,10.53323,9.157281,7.850393,6.542908,5.234925,3.926542,2.652766
