122.9899,122.1764,121.3537,121.3043,120.4576,119.6018,118.7369,117.8629,116.98,116.0881,116.6737,115.7525,114.8225,113.8838,112.9363,112.6936,111.7229,110.7437,109.756,112.2018,115.2577,118.9039,118.4361,115.9585,114.1543,112.3545,110.5595,108.7694,106.3551,104.5825,102.8155,101.0544,99.90129,98.74058,97.57235,96.97739,95.78726,95.15625,94.5036,93.82929,93.13327,92.41553,91.67603,90.91475,90.13166,89.83429,94
-92.67951,-93.74926,-94.81187,-96.48977,-97.54466,-98.59212,-99.63208,-100.6644,-101.6891,-102.7061,-105.0535,-106.0677,-107.0737,-108.0717,-109.0614,-110.7437,-111.7229,-112.6936,-113.6557,-118.236,-123.5988,-129.7608,-131.5366,-131.0673,-131.3195,-131.5502,-131.7596,-131.9478,-131.3377,-131.4782,-131.5978,-131.6967,-132.5735,-133.4402,-134.2968,-135.9573,-136.7984,-138.4532,-140.1073,-141.7606,-143.4127,-145.0633,-146.7123,-148.3594,-150.0043,-152.5084,-162.8128
123.7885,122.1764,121.3537,120.5217,120.4576,119.6018,118.7369,117.8629,116.98,116.0881,116.6737,115.7525,114.8225,113.8838,112.9363,112.6936,111.7229,110.7437,109.756,112.2018,115.2577,118.9039,118.4361,117.2837,114.8103,112.3545,110.5595,108.7694,106.3551,104.5825,102.8155,100.4456,99.90129,98.74058,97.57235,96.97739,95.78726,95.15625,94.5036,93.82929,93.13327,92.41553,91.67603,90.91475,90.13166,89.83429,94
-93.28133,-93.74926,-94.81187,-95.86725,-97.54466,-98.59212,-99.63208,-100.6644,-101.6891,-102.7061,-105.0535,-106.0677,-107.0737,-108.0717,-109.0614,-110.7437,-111.7229,-112.6936,-113.6557,-118.236,-123.5988,-129.7608,-131.5366,-132.5652,-132.0742,-131.5502,-131.7596,-131.9478,-131.3377,-131.4782,-131.5978,-130.9033,-132.5735,-133.4402,-134.2968,-135.9573,-136.7984,-138.4532,-140.1073,-141.7606,-143.4127,-145.0633,-146.7123,-148.3594,-150.0043,-152.5084,-162.8128
123.7885,122.1764,121.3537,120.5217,120.4576,119.6018,118.7369,117.8629,116.98,116.0881,116.6737,115.7525,114.8225,113.8838,112.9363,112.6936,111.7229,110.7437,109.756,112.2018,115.2577,118.9039,118.4361,116.6211,114.1543,112.3545,110.5595,108.1333,106.3551,104.5825,102.8155,101.6632,99.90129,98.74058,97.57235,97.5581,96.36084,95.15625,94.5036,93.82929,93.13327,92.41553,91.67603,90.91475,90.13166,89.83429,94.5
-93.28133,-93.74926,-94.81187,-95.86725,-97.54466,-98.59212,-99.63208,-100.6644,-101.6891,-102.7061,-105.0535,-106.0677,-107.0737,-108.0717,-109.0614,-110.7437,-111.7229,-112.6936,-113.6557,-118.236,-123.5988,-129.7608,-131.5366,-131.8162,-131.3195,-131.5502,-131.7596,-131.1762,-131.3377,-131.4782,-131.5978,-132.49,-132.5735,-133.4402,-134.2968,-136.7714,-137.6175,-138.4532,-140.1073,-141.7606,-143.4127,-145.0633,-146.7123,-148.3594,-150.0043,-152.5084,-163.6788
121.3926,122.1764,121.3537,120.5217,120.4576,119.6018,118.7369,117.8629,116.98,116.0881,116.6737,115.7525,114.8225,114.6092,112.9363,112.6936,111.7229,110.7437,110.4507,112.2018,115.2577,118.2283,118.4361,117.2837,114.1543,112.3545,110.5595,108.7694,106.3551,104.5825,102.8155,101.0544,99.90129,98.74058,97.57235,96.97739,96.36084,95.72265,94.5036,93.82929,93.13327,92.95283,91.67603,90.91475,90.13166,89.83429,94
-91.47588,-93.74926,-94.81187,-95.86725,-97.54466,-98.59212,-99.63208,-100.6644,-101.6891,-102.7061,-105.0535,-106.0677,-107.0737,-108.76,-109.0614,-110.7437,-111.7229,-112.6936,-114.375,-118.236,-123.5988,-129.0235,-131.5366,-132.5652,-131.3195,-131.5502,-131.7596,-131.9478,-131.3377,-131.4782,-131.5978,-131.6967,-132.5735,-133.4402,-134.2968,-135.9573,-137.6175,-139.2773,-140.1073,-141.7606,-143.4127,-145.9067,-146.7123,-148.3594,-150.0043,-152.5084,-162.8128
122.9899,122.1764,121.3537,121.3043,120.4576,119.6018,118.7369,117.8629,116.98,117.586,116.6737,115.7525,114.8225,113.8838,113.6557,112.6936,111.7229,110.7437,109.756,112.2018,115.2577,118.9039,118.4361,116.6211,114.1543,112.3545,110.5595,108.7694,106.3551,104.5825,102.8155,101.0544,99.90129,98.74058,97.57235,97.5581,96.36084,95.72265,95.06279,93.82929,93.13327,92.95283,91.67603,90.91475,90.6467,89.83429,94
-92.67951,-93.74926,-94.81187,-96.48977,-97.54466,-98.59212,-99.63208,-100.6644,-101.6891,-104.0313,-105.0535,-106.0677,-107.0737,-108.0717,-109.756,-110.7437,-111.7229,-112.6936,-113.6557,-118.236,-123.5988,-129.7608,-131.5366,-131.8162,-131.3195,-131.5502,-131.7596,-131.9478,-131.3377,-131.4782,-131.5978,-131.6967,-132.5735,-133.4402,-134.2968,-136.7714,-137.6175,-139.2773,-140.9364,-141.7606,-143.4127,-145.9067,-146.7123,-148.3594,-150.8614,-152.5084,-162.8128
122.9899,122.1764,121.3537,121.3043,120.4576,119.6018,118.7369,117.8629,116.98,116.0881,116.6737,115.7525,114.8225,113.8838,112.9363,112.6936,111.7229,111.4446,109.756,111.5134,114.5757,118.2283,118.4361,116.6211,114.1543,112.3545,110.5595,108.7694,106.3551,104.5825,102.8155,101.6632,99.90129,98.74058,97.57235,96.97739,96.36084,95.72265,95.06279,93.82929,93.67791,92.41553,91.67603,90.91475,90.13166,89.83429,94
-92.67951,-93.74926,-94.81187,-96.48977,-97.54466,-98.59212,-99.63208,-100.6644,-101.6891,-102.7061,-105.0535,-106.0677,-107.0737,-108.0717,-109.0614,-110.7437,-111.7229,-113.4068,-113.6557,-117.5106,-122.8674,-129.0235,-131.5366,-131.8162,-131.3195,-131.5502,-131.7596,-131.9478,-131.3377,-131.4782,-131.5978,-132.49,-132.5735,-133.4402,-134.2968,-135.9573,-137.6175,-139.2773,-140.9364,-141.7606,-144.2513,-145.0633,-146.7123,-148.3594,-150.0043,-152.5084,-162.8128
118.1981,122.1764,121.3537,120.5217,120.4576,119.6018,118.7369,117.8629,116.98,116.0881,116.6737,115.7525,114.8225,113.8838,112.9363,112.6936,111.7229,111.4446,109.756,112.2018,115.2577,118.2283,118.4361,116.6211,114.1543,112.3545,110.5595,108.7694,106.3551,104.5825,102.8155,101.0544,99.90129,98.74058,97.57235,97.5581,96.36084,95.15625,94.5036,93.82929,93.13327,91.87823,91.67603,90.91475,90.13166,89.83429,93.5
-89.06862,-93.74926,-94.81187,-95.86725,-97.54466,-98.59212,-99.63208,-100.6644,-101.6891,-102.7061,-105.0535,-106.0677,-107.0737,-108.0717,-109.0614,-110.7437,-111.7229,-113.4068,-113.6557,-118.236,-123.5988,-129.0235,-131.5366,-131.8162,-131.3195,-131.5502,-131.7596,-131.9478,-131.3377,-131.4782,-131.5978,-131.6967,-132.5735,-133.4402,-134.2968,-136.7714,-137.6175,-138.4532,-140.1073,-141.7606,-143.4127,-144.2199,-146.7123,-148.3594,-150.0043,-152.5084,-161.9468
122.9899,122.9698,121.3537,121.3043,120.4576,119.6018,118.7369,117.8629,116.98,117.586,116.6737,115.7525,114.8225,113.8838,113.6557,112.6936,111.7229,111.4446,109.756,112.2018,115.2577,118.2283,118.4361,116.6211,114.1543,112.3545,110.5595,108.7694,106.3551,104.5825,102.8155,101.6632,99.90129,98.74058,98.16014,96.97739,96.36084,95.15625,94.5036,93.82929,93.13327,92.41553,91.14611,90.91475,90.13166,89.83429,94
-92.67951,-94.35802,-94.81187,-96.48977,-97.54466,-98.59212,-99.63208,-100.6644,-101.6891,-104.0313,-105.0535,-106.0677,-107.0737,-108.0717,-109.756,-110.7437,-111.7229,-113.4068,-113.6557,-118.236,-123.5988,-129.0235,-131.5366,-131.8162,-131.3195,-131.5502,-131.7596,-131.9478,-131.3377,-131.4782,-131.5978,-132.49,-132.5735,-133.4402,-135.1058,-135.9573,-137.6175,-138.4532,-140.1073,-141.7606,-143.4127,-145.0633,-145.8643,-148.3594,-150.0043,-152.5084,-162.8128
122.1912,122.9698,121.3537,120.5217,120.4576,118.8302,118.7369,117.8629,116.98,116.0881,116.6737,115.7525,114.8225,113.8838,112.9363,112.6936,111.7229,110.7437,109.756,112.2018,115.2577,118.2283,118.4361,116.6211,114.1543,112.3545,110.5595,108.7694,106.3551,104.5825,102.8155,101.0544,99.90129,98.74058,97.57235,96.97739,96.36084,95.15625,94.5036,93.82929,93.13327,92.41553,91.67603,90.91475,90.13166,89.83429,94
-92.0777,-94.35802,-94.81187,-95.86725,-97.54466,-97.95605,-99.63208,-100.6644,-101.6891,-102.7061,-105.0535,-106.0677,-107.0737,-108.0717,-109.0614,-110.7437,-111.7229,-112.6936,-113.6557,-118.236,-123.5988,-129.0235,-131.5366,-131.8162,-131.3195,-131.5502,-131.7596,-131.9478,-131.3377,-131.4782,-131.5978,-131.6967,-132.5735,-133.4402,-134.2968,-135.9573,-137.6175,-138.4532,-140.1073,-141.7606,-143.4127,-145.0633,-146.7123,-148.3594,-150.0043,-152.5084,-162.8128
123.7885,122.9698,121.3537,120.5217,120.4576,119.6018,118.7369,117.8629,118.4894,116.0881,115.1874,115.7525,114.8225,113.8838,113.6557,112.6936,111.7229,110.7437,109.756,112.2018,115.2577,118.9039,118.4361,116.6211,114.1543,112.3545,110.5595,108.1333,106.3551,104.5825,102.8155,101.6632,99.90129,98.74058,97.57235,97.5581,96.36084,95.15625,94.5036,93.82929,93.13327,92.41553,91.67603,90.39225,90.13166,90.34183,94
-93.28133,-94.35802,-94.81187,-95.86725,-97.54466,-98.59212,-99.63208,-100.6644,-103.0013,-102.7061,-103.7152,-106.0677,-107.0737,-108.0717,-109.756,-110.7437,-111.7229,-112.6936,-113.6557,-118.236,-123.5988,-129.7608,-131.5366,-131.8162,-131.3195,-131.5502,-131.7596,-131.1762,-131.3377,-131.4782,-131.5978,-132.49,-132.5735,-133.4402,-134.2968,-136.7714,-137.6175,-138.4532,-140.1073,-141.7606,-143.4127,-145.0633,-146.7123,-147.5067,-150.0043,-153.37,-162.8128
123.7885,122.1764,121.3537,120.5217,119.6805,119.6018,118.7369,117.8629,116.98,116.0881,116.6737,115.7525,114.8225,113.8838,113.6557,112.6936,111.7229,110.7437,110.4507,112.2018,115.2577,118.2283,118.4361,117.2837,114.1543,112.3545,110.5595,108.7694,106.9845,104.5825,102.8155,101.6632,99.90129,98.74058,97.57235,97.5581,96.36084,95.15625,94.5036,93.82929,93.13327,92.41553,91.67603,90.91475,90.13166,89.83429,94
-93.28133,-93.74926,-94.81187,-95.86725,-96.91534,-98.59212,-99.63208,-100.6644,-101.6891,-102.7061,-105.0535,-106.0677,-107.0737,-108.0717,-109.756,-110.7437,-111.7229,-112.6936,-114.375,-118.236,-123.5988,-129.0235,-131.5366,-132.5652,-131.3195,-131.5502,-131.7596,-131.9478,-132.1148,-131.4782,-131.5978,-132.49,-132.5735,-133.4402,-134.2968,-136.7714,-137.6175,-138.4532,-140.1073,-141.7606,-143.4127,-145.0633,-146.7123,-148.3594,-150.0043,-152.5084,-162.8128
123.7885,122.1764,121.3537,120.5217,120.4576,119.6018,118.7369,117.8629,116.98,116.0881,116.6737,115.7525,114.8225,113.8838,112.9363,112.6936,111.7229,110.7437,109.756,112.2018,115.2577,118.2283,118.4361,116.6211,114.1543,112.3545,110.5595,108.1333,106.3551,104.5825,102.8155,101.0544,99.90129,98.74058,97.57235,96.97739,95.78726,95.15625,94.5036,94.38122,93.13327,92.41553,91.67603,90.91475,90.13166,90.34183,94
-93.28133,-93.74926,-94.81187,-95.86725,-97.54466,-98.59212,-99.63208,-100.6644,-101.6891,-102.7061,-105.0535,-106.0677,-107.0737,-108.0717,-109.0614,-110.7437,-111.7229,-112.6936,-113.6557,-118.236,-123.5988,-129.0235,-131.5366,-131.8162,-131.3195,-131.5502,-131.7596,-131.1762,-131.3377,-131.4782,-131.5978,-131.6967,-132.5735,-133.4402,-134.2968,-135.9573,-136.7984,-138.4532,-140.1073,-142.5945,-143.4127,-145.0633,-146.7123,-148.3594,-150.0043,-153.37,-162.8128
120.594,122.1764,121.3537,120.5217,120.4576,119.6018,118.7369,117.8629,116.98,117.586,116.6737,115.7525,114.8225,113.8838,113.6557,112.6936,111.7229,111.4446,109.756,112.2018,115.2577,118.9039,117.767,116.6211,114.1543,112.3545,110.5595,108.1333,106.3551,104.5825,102.8155,101.0544,99.90129,98.74058,97.57235,96.97739,95.78726,95.15625,94.5036,94.38122,93.13327,92.41553,91.67603,90.91475,90.13166,89.83429,94
-90.87407,-93.74926,-94.81187,-95.86725,-97.54466,-98.59212,-99.63208,-100.6644,-101.6891,-104.0313,-105.0535,-106.0677,-107.0737,-108.0717,-109.756,-110.7437,-111.7229,-113.4068,-113.6557,-118.236,-123.5988,-129.7608,-130.7935,-131.8162,-131.3195,-131.5502,-131.7596,-131.1762,-131.3377,-131.4782,-131.5978,-131.6967,-132.5735,-133.4402,-134.2968,-135.9573,-136.7984,-138.4532,-140.1073,-142.5945,-143.4127,-145.0633,-146.7123,-148.3594,-150.0043,-152.5084,-162.8128
122.9899,122.1764,121.3537,121.3043,120.4576,119.6018,118.7369,117.8629,116.98,116.0881,116.6737,115.7525,114.8225,113.8838,113.6557,112.6936,111.7229,111.4446,109.756,112.2018,115.2577,118.9039,118.4361,115.9585,114.1543,112.3545,110.5595,108.1333,106.3551,104.5825,102.8155,101.6632,99.90129,98.74058,98.16014,96.97739,95.78726,95.15625,94.5036,93.82929,93.13327,92.41553,91.67603,90.91475,90.13166,89.83429,94
-92.67951,-93.74926,-94.81187,-96.48977,-97.54466,-98.59212,-99.63208,-100.6644,-101.6891,-102.7061,-105.0535,-106.0677,-107.0737,-108.0717,-109.756,-110.7437,-111.7229,-113.4068,-113.6557,-118.236,-123.5988,-129.7608,-131.5366,-131.0673,-131.3195,-131.5502,-131.7596,-131.1762,-131.3377,-131.4782,-131.5978,-132.49,-132.5735,-133.4402,-135.1058,-135.9573,-136.7984,-138.4532,-140.1073,-141.7606,-143.4127,-145.0633,-146.7123,-148.3594,-150.0043,-152.5084,-162.8128
123.7885,122.1764,121.3537,120.5217,120.4576,119.6018,118.7369,117.8629,116.98,117.586,116.6737,115.7525,114.8225,113.8838,113.6557,112.6936,111.7229,110.7437,109.756,112.2018,115.2577,118.9039,118.4361,116.6211,114.1543,112.3545,110.5595,108.1333,106.3551,104.5825,102.8155,101.0544,99.90129,99.33541,97.57235,96.97739,96.36084,95.15625,94.5036,93.82929,93.13327,92.41553,91.67603,90.91475,90.13166,89.83429,94
-93.28133,-93.74926,-94.81187,-95.86725,-97.54466,-98.59212,-99.63208,-100.6644,-101.6891,-104.0313,-105.0535,-106.0677,-107.0737,-108.0717,-109.756,-110.7437,-111.7229,-112.6936,-113.6557,-118.236,-123.5988,-129.7608,-131.5366,-131.8162,-131.3195,-131.5502,-131.7596,-131.1762,-131.3377,-131.4782,-131.5978,-131.6967,-132.5735,-134.2441,-134.2968,-135.9573,-137.6175,-138.4532,-140.1073,-141.7606,-143.4127,-145.0633,-146.7123,-148.3594,-150.0043,-152.5084,-162.8128
122.9899,122.1764,121.3537,120.5217,120.4576,119.6018,118.7369,117.8629,118.4894,116.0881,116.6737,115.7525,114.8225,113.8838,113.6557,112.6936,111.7229,110.7437,109.756,112.2018,115.2577,118.9039,118.4361,116.6211,114.1543,112.3545,110.5595,108.7694,106.3551,104.5825,102.8155,101.0544,99.90129,98.74058,97.57235,96.97739,96.36084,95.15625,94.5036,93.82929,93.13327,92.41553,91.67603,90.91475,90.13166,90.34183,94
-92.67951,-93.74926,-94.81187,-95.86725,-97.54466,-98.59212,-99.63208,-100.6644,-103.0013,-102.7061,-105.0535,-106.0677,-107.0737,-108.0717,-109.756,-110.7437,-111.7229,-112.6936,-113.6557,-118.236,-123.5988,-129.7608,-131.5366,-131.8162,-131.3195,-131.5502,-131.7596,-131.9478,-131.3377,-131.4782,-131.5978,-131.6967,-132.5735,-133.4402,-134.2968,-135.9573,-137.6175,-138.4532,-140.1073,-141.7606,-143.4127,-145.0633,-146.7123,-148.3594,-150.0043,-153.37,-162.8128
123.7885,122.1764,121.3537,120.5217,119.6805,119.6018,118.7369,117.8629,116.98,117.586,116.6737,115.7525,114.8225,113.8838,113.6557,112.6936,111.7229,110.7437,109.756,111.5134,114.5757,118.2283,118.4361,116.6211,114.1543,112.3545,110.5595,108.1333,106.3551,104.5825,102.8155,101.0544,99.90129,98.74058,97.57235,96.97739,96.36084,95.15625,94.5036,93.82929,93.13327,92.41553,91.67603,90.91475,90.13166,89.83429,94
-93.28133,-93.74926,-94.81187,-95.86725,-96.91534,-98.59212,-99.63208,-100.6644,-101.6891,-104.0313,-105.0535,-106.0677,-107.0737,-108.0717,-109.756,-110.7437,-111.7229,-112.6936,-113.6557,-117.5106,-122.8674,-129.0235,-131.5366,-131.8162,-131.3195,-131.5502,-131.7596,-131.1762,-131.3377,-131.4782,-131.5978,-131.6967,-132.5735,-133.4402,-134.2968,-135.9573,-137.6175,-138.4532,-140.1073,-141.7606,-143.4127,-145.0633,-146.7123,-148.3594,-150.0043,-152.5084,-162.8128
120.594,122.1764,121.3537,120.5217,120.4576,119.6018,118.7369,117.8629,116.98,116.0881,116.6737,115.7525,114.8225,113.8838,113.6557,112.6936,111.7229,110.7437,109.756,112.2018,115.2577,118.9039,118.4361,116.6211,114.8103,112.3545,110.5595,108.7694,106.3551,104.5825,102.8155,101.6632,99.90129,98.74058,97.57235,96.97739,95.78726,95.15625,94.5036,93.82929,93.13327,92.41553,91.67603,90.91475,90.13166,89.83429,94
-90.87407,-93.74926,-94.81187,-95.86725,-97.54466,-98.59212,-99.63208,-100.6644,-101.6891,-102.7061,-105.0535,-106.0677,-107.0737,-108.0717,-109.756,-110.7437,-111.7229,-112.6936,-113.6557,-118.236,-123.5988,-129.7608,-131.5366,-131.8162,-132.0742,-131.5502,-131.7596,-131.9478,-131.3377,-131.4782,-131.5978,-132.49,-132.5735,-133.4402,-134.2968,-135.9573,-136.7984,-138.4532,-140.1073,-141.7606,-143.4127,-145.0633,-146.7123,-148.3594,-150.0043,-152.5084,-162.8128
122.9899,122.1764,121.3537,120.5217,120.4576,119.6018,118.7369,117.8629,116.98,116.0881,116.6737,115.7525,114.8225,113.8838,113.6557,112.6936,111.7229,110.7437,109.756,112.2018,114.5757,118.9039,118.4361,116.6211,114.1543,112.3545,110.5595,108.1333,106.3551,104.5825,102.8155,101.6632,99.90129,99.33541,97.57235,96.97739,95.78726,95.15625,94.5036,93.82929,93.13327,92.41553,91.67603,90.91475,90.13166,89.83429,94
-92.67951,-93.74926,-94.81187,-95.86725,-97.54466,-98.59212,-99.63208,-100.6644,-101.6891,-102.7061,-105.0535,-106.0677,-107.0737,-108.0717,-109.756,-110.7437,-111.7229,-112.6936,-113.6557,-118.236,-122.8674,-129.7608,-131.5366,-131.8162,-131.3195,-131.5502,-131.7596,-131.1762,-131.3377,-131.4782,-131.5978,-132.49,-132.5735,-134.2441,-134.2968,-135.9573,-136.7984,-138.4532,-140.1073,-141.7606,-143.4127,-145.0633,-146.7123,-148.3594,-150.0043,-152.5084,-162.8128
120.594,122.1764,121.3537,120.5217,120.4576,119.6018,118.7369,117.8629,116.98,116.0881,116.6737,115.7525,114.8225,113.8838,112.9363,112.6936,111.7229,111.4446,109.756,112.2018,115.2577,118.2283,118.4361,116.6211,114.8103,112.3545,110.5595,108.7694,106.3551,104.5825,102.8155,101.0544,99.90129,98.74058,97.57235,96.97739,95.78726,95.15625,94.5036,93.82929,93.13327,92.41553,91.67603,90.91475,90.13166,89.83429,94
-90.87407,-93.74926,-94.81187,-95.86725,-97.54466,-98.59212,-99.63208,-100.6644,-101.6891,-102.7061,-105.0535,-106.0677,-107.0737,-108.0717,-109.0614,-110.7437,-111.7229,-113.4068,-113.6557,-118.236,-123.5988,-129.0235,-131.5366,-131.8162,-132.0742,-131.5502,-131.7596,-131.9478,-131.3377,-131.4782,-131.5978,-131.6967,-132.5735,-133.4402,-134.2968,-135.9573,-136.7984,-138.4532,-140.1073,-141.7606,-143.4127,-145.0633,-146.7123,-148.3594,-150.0043,-152.5084,-162.8128
118.9967,122.1764,121.3537,121.3043,120.4576,119.6018,118.7369,117.8629,118.4894,117.586,115.1874,115.7525,114.8225,113.8838,112.9363,112.6936,111.7229,110.7437,109.756,112.2018,115.2577,118.9039,118.4361,116.6211,114.1543,112.3545,110.5595,108.7694,106.3551,104.5825,102.8155,101.6632,99.90129,98.74058,97.57235,96.97739,95.78726,95.72265,94.5036,94.38122,93.13327,92.41553,91.67603,90.91475,90.13166,89.83429,94.5
-89.67044,-93.74926,-94.81187,-96.48977,-97.54466,-98.59212,-99.63208,-100.6644,-103.0013,-104.0313,-103.7152,-106.0677,-107.0737,-108.0717,-109.0614,-110.7437,-111.7229,-112.6936,-113.6557,-118.236,-123.5988,-129.7608,-131.5366,-131.8162,-131.3195,-131.5502,-131.7596,-131.9478,-131.3377,-131.4782,-131.5978,-132.49,-132.5735,-133.4402,-134.2968,-135.9573,-136.7984,-139.2773,-140.1073,-142.5945,-143.4127,-145.0633,-146.7123,-148.3594,-150.0043,-152.5084,-163.6788
119.7953,122.1764,121.3537,120.5217,119.6805,119.6018,118.7369,117.8629,118.4894,116.0881,116.6737,115.7525,114.8225,113.8838,112.9363,112.6936,111.7229,111.4446,109.756,112.2018,115.2577,118.2283,118.4361,116.6211,114.1543,112.3545,110.5595,108.1333,106.3551,104.5825,102.8155,101.6632,99.90129,98.74058,97.57235,97.5581,95.78726,95.15625,94.5036,93.82929,93.13327,92.41553,91.67603,90.91475,90.13166,89.83429,94
-90.27225,-93.74926,-94.81187,-95.86725,-96.91534,-98.59212,-99.63208,-100.6644,-103.0013,-102.7061,-105.0535,-106.0677,-107.0737,-108.0717,-109.0614,-110.7437,-111.7229,-113.4068,-113.6557,-118.236,-123.5988,-129.0235,-131.5366,-131.8162,-131.3195,-131.5502,-131.7596,-131.1762,-131.3377,-131.4782,-131.5978,-132.49,-132.5735,-133.4402,-134.2968,-136.7714,-136.7984,-138.4532,-140.1073,-141.7606,-143.4127,-145.0633,-146.7123,-148.3594,-150.0043,-152.5084,-162.8128
122.9899,122.1764,121.3537,120.5217,120.4576,119.6018,118.7369,117.8629,116.98,116.0881,116.6737,115.7525,114.8225,113.8838,113.6557,112.6936,111.7229,110.7437,109.756,112.2018,115.2577,118.9039,118.4361,116.6211,114.1543,112.3545,110.5595,108.7694,106.3551,104.5825,102.8155,101.0544,99.90129,98.74058,97.57235,96.97739,95.78726,95.15625,94.5036,93.82929,93.13327,92.41553,91.67603,90.91475,90.13166,89.83429,94
-92.67951,-93.74926,-94.81187,-95.86725,-97.54466,-98.59212,-99.63208,-100.6644,-101.6891,-102.7061,-105.0535,-106.0677,-107.0737,-108.0717,-109.756,-110.7437,-111.7229,-112.6936,-113.6557,-118.236,-123.5988,-129.7608,-131.5366,-131.8162,-131.3195,-131.5502,-131.7596,-131.9478,-131.3377,-131.4782,-131.5978,-131.6967,-132.5735,-133.4402,-134.2968,-135.9573,-136.7984,-138.4532,-140.1073,-141.7606,-143.4127,-145.0633,-146.7123,-148.3594,-150.0043,-152.5084,-162.8128
118.9967,122.1764,121.3537,120.5217,120.4576,119.6018,118.7369,117.8629,116.98,116.0881,116.6737,115.7525,114.8225,113.8838,112.9363,112.6936,111.7229,110.7437,109.756,112.2018,115.2577,118.2283,118.4361,116.6211,114.1543,112.3545,110.5595,108.7694,106.3551,104.5825,102.8155,101.6632,99.90129,98.74058,97.57235,96.97739,95.78726,95.15625,94.5036,93.82929,93.13327,92.41553,91.67603,90.91475,90.13166,89.83429,94
-89.67044,-93.74926,-94.81187,-95.86725,-97.54466,-98.59212,-99.63208,-100.6644,-101.6891,-102.7061,-105.0535,-106.0677,-107.0737,-108.0717,-109.0614,-110.7437,-111.7229,-112.6936,-113.6557,-118.236,-123.5988,-129.0235,-131.5366,-131.8162,-131.3195,-131.5502,-131.7596,-131.9478,-131.3377,-131.4782,-131.5978,-132.49,-132.5735,-133.4402,-134.2968,-135.9573,-136.7984,-138.4532,-140.1073,-141.7606,-143.4127,-145.0633,-146.7123,-148.3594,-150.0043,-152.5084,-162.8128
123.7885,122.9698,121.3537,120.5217,120.4576,119.6018,118.7369,117.8629,116.98,116.0881,116.6737,115.7525,114.8225,113.8838,112.9363,112.6936,111.7229,110.7437,109.756,112.2018,115.2577,118.9039,118.4361,116.6211,114.1543,112.3545,110.5595,108.7694,106.3551,104.5825,102.8155,101.6632,99.90129,98.74058,97.57235,96.97739,96.36084,95.15625,95.06279,93.82929,93.13327,92.41553,91.67603,90.91475,90.13166,89.83429,94
-93.28133,-94.35802,-94.81187,-95.86725,-97.54466,-98.59212,-99.63208,-100.6644,-101.6891,-102.7061,-105.0535,-106.0677,-107.0737,-108.0717,-109.0614,-110.7437,-111.7229,-112.6936,-113.6557,-118.236,-123.5988,-129.7608,-131.5366,-131.8162,-131.3195,-131.5502,-131.7596,-131.9478,-131.3377,-131.4782,-131.5978,-132.49,-132.5735,-133.4402,-134.2968,-135.9573,-137.6175,-138.4532,-140.9364,-141.7606,-143.4127,-145.0633,-146.7123,-148.3594,-150.0043,-152.5084,-162.8128
122.1912,122.1764,121.3537,121.3043,119.6805,119.6018,118.7369,117.8629,116.98,116.0881,116.6737,115.7525,114.8225,114.6092,113.6557,112.6936,111.7229,110.7437,109.756,112.2018,115.2577,118.2283,118.4361,115.9585,114.8103,112.3545,110.5595,108.1333,106.3551,104.5825,102.8155,101.6632,99.90129,98.74058,97.57235,96.97739,96.36084,95.15625,94.5036,93.82929,93.13327,92.41553,91.67603,90.91475,90.13166,89.83429,94.5
-92.0777,-93.74926,-94.81187,-96.48977,-96.91534,-98.59212,-99.63208,-100.6644,-101.6891,-102.7061,-105.0535,-106.0677,-107.0737,-108.76,-109.756,-110.7437,-111.7229,-112.6936,-113.6557,-118.236,-123.5988,-129.0235,-131.5366,-131.0673,-132.0742,-131.5502,-131.7596,-131.1762,-131.3377,-131.4782,-131.5978,-132.49,-132.5735,-133.4402,-134.2968,-135.9573,-137.6175,-138.4532,-140.1073,-141.7606,-143.4127,-145.0633,-146.7123,-148.3594,-150.0043,-152.5084,-163.6788
122.9899,122.1764,121.3537,120.5217,120.4576,119.6018,118.7369,117.8629,116.98,117.586,116.6737,115.7525,114.8225,113.8838,112.9363,112.6936,111.7229,111.4446,109.756,112.2018,115.2577,118.9039,118.4361,116.6211,114.8103,112.3545,110.5595,108.7694,106.9845,104.5825,102.8155,101.6632,99.90129,98.74058,97.57235,96.97739,95.78726,95.15625,94.5036,93.82929,93.13327,92.41553,91.67603,90.91475,90.13166,89.83429,94
-92.67951,-93.74926,-94.81187,-95.86725,-97.54466,-98.59212,-99.63208,-100.6644,-101.6891,-104.0313,-105.0535,-106.0677,-107.0737,-108.0717,-109.0614,-110.7437,-111.7229,-113.4068,-113.6557,-118.236,-123.5988,-129.7608,-131.5366,-131.8162,-132.0742,-131.5502,-131.7596,-131.9478,-132.1148,-131.4782,-131.5978,-132.49,-132.5735,-133.4402,-134.2968,-135.9573,-136.7984,-138.4532,-140.1073,-141.7606,-143.4127,-145.0633,-146.7123,-148.3594,-150.0043,-152.5084,-162.8128
122.9899,122.1764,121.3537,120.5217,120.4576,118.8302,118.7369,117.8629,118.4894,116.0881,115.1874,115.7525,114.8225,113.8838,112.9363,112.6936,111.7229,110.7437,109.756,112.2018,115.2577,118.9039,118.4361,116.6211,114.1543,112.3545,110.5595,108.7694,106.3551,104.5825,102.8155,101.0544,99.90129,98.74058,97.57235,96.97739,96.36084,95.72265,94.5036,93.82929,93.13327,92.41553,91.67603,90.39225,90.13166,89.83429,94
-92.67951,-93.74926,-94.81187,-95.86725,-97.54466,-97.95605,-99.63208,-100.6644,-103.0013,-102.7061,-103.7152,-106.0677,-107.0737,-108.0717,-109.0614,-110.7437,-111.7229,-112.6936,-113.6557,-118.236,-123.5988,-129.7608,-131.5366,-131.8162,-131.3195,-131.5502,-131.7596,-131.9478,-131.3377,-131.4782,-131.5978,-131.6967,-132.5735,-133.4402,-134.2968,-135.9573,-137.6175,-139.2773,-140.1073,-141.7606,-143.4127,-145.0633,-146.7123,-147.5067,-150.0043,-152.5084,-162.8128
118.1981,122.1764,121.3537,121.3043,120.4576,119.6018,118.7369,117.8629,116.98,117.586,116.6737,115.7525,114.8225,113.8838,113.6557,112.6936,111.7229,110.7437,109.756,112.2018,115.2577,118.9039,118.4361,116.6211,114.1543,112.3545,110.5595,108.7694,106.3551,104.5825,102.8155,101.6632,99.90129,98.74058,97.57235,96.39669,95.78726,95.15625,94.5036,93.82929,93.13327,92.41553,91.67603,90.91475,90.13166,89.83429,94
-89.06862,-93.74926,-94.81187,-96.48977,-97.54466,-98.59212,-99.63208,-100.6644,-101.6891,-104.0313,-105.0535,-106.0677,-107.0737,-108.0717,-109.756,-110.7437,-111.7229,-112.6936,-113.6557,-118.236,-123.5988,-129.7608,-131.5366,-131.8162,-131.3195,-131.5502,-131.7596,-131.9478,-131.3377,-131.4782,-131.5978,-132.49,-132.5735,-133.4402,-134.2968,-135.1432,-136.7984,-138.4532,-140.1073,-141.7606,-143.4127,-145.0633,-146.7123,-148.3594,-150.0043,-152.5084,-162.8128
123.7885,122.1764,121.3537,121.3043,120.4576,119.6018,118.7369,117.8629,116.98,117.586,115.1874,115.7525,115.5539,113.8838,112.9363,112.6936,112.43,111.4446,109.756,112.2018,115.2577,118.2283,118.4361,116.6211,114.1543,112.3545,110.5595,108.1333,106.3551,104.5825,102.8155,101.0544,99.90129,98.74058,97.57235,96.39669,96.36084,95.15625,94.5036,93.82929,93.13327,92.41553,91.67603,90.91475,90.13166,90.34183,94
-93.28133,-93.74926,-94.81187,-96.48977,-97.54466,-98.59212,-99.63208,-100.6644,-101.6891,-104.0313,-103.7152,-106.0677,-107.7557,-108.0717,-109.0614,-110.7437,-112.43,-113.4068,-113.6557,-118.236,-123.5988,-129.0235,-131.5366,-131.8162,-131.3195,-131.5502,-131.7596,-131.1762,-131.3377,-131.4782,-131.5978,-131.6967,-132.5735,-133.4402,-134.2968,-135.1432,-137.6175,-138.4532,-140.1073,-141.7606,-143.4127,-145.0633,-146.7123,-148.3594,-150.0043,-153.37,-162.8128
