144.9503,146.9776,146.9944,147,146.9944,146.9776,146.9496,146.9105,146.8601,147.7972,147.724,147.6395,147.5438,147.4368,147.3186,148.1838,147.0486,147.8894,147.7253,147.5499,151.3194,154.0794,157.8057,162.4933,165.1868,169.8215,168.547,166.2851,164.994,163.6942,161.4134,160.0988,158.7762,157.4459,156.1081,154.7631,153.4112,152.0525,149.7336,149.3159,148.8868,149.3919,149.88,150.3508,149.8676,150.3064,150.7276,151.131,150.5924,150.9628,151.3149,151.6485,151.9635,150.4471
3.795658,2.565504,1.282801,0,-1.282801,-2.565504,-3.848011,-5.130226,-6.41205,-7.745722,-9.035184,-10.32396,-11.61195,-12.89905,-14.18517,-15.57474,-16.75408,-18.15853,-19.4484,-20.73679,-22.61484,-24.40378,-26.40762,-28.65195,-30.61557,-33.00996,-34.29128,-35.34499,-36.57829,-37.79178,-38.75193,-39.91711,-41.06232,-42.1875,-43.29262,-44.37761,-45.44246,-46.4871,-47.21081,-48.51567,-49.81683,-51.43977,-53.07529,-54.72322,-56.03318,-57.69724,-59.3732,-61.06087,-62.3774,-64.07991,-65.7936,-67.51828,-69.25377,-70.15463
145.95,146.9776,146.9944,147,146.9944,146.9776,146.9496,146.9105,146.8601,147.7972,147.724,147.6395,147.5438,147.4368,147.3186,147.1892,148.0422,147.8894,147.7253,146.5597,151.3194,155.0671,157.8057,162.4933,165.1868,169.8215,168.547,166.2851,164.994,163.6942,162.3858,160.0988,158.7762,156.48,156.1081,154.7631,153.4112,151.0962,150.6873,149.3159,148.8868,149.3919,149.88,150.3508,150.8042,150.3064,150.7276,151.131,150.5924,151.8833,151.3149,151.6485,151.9635,150.4471
3.821834,2.565504,1.282801,0,-1.282801,-2.565504,-3.848011,-5.130226,-6.41205,-7.745722,-9.035184,-10.32396,-11.61195,-12.89905,-14.18517,-15.47021,-16.86728,-18.15853,-19.4484,-20.59762,-22.61484,-24.56021,-26.40762,-28.65195,-30.61557,-33.00996,-34.29128,-35.34499,-36.57829,-37.79178,-38.98538,-39.91711,-41.06232,-41.92869,-43.29262,-44.37761,-45.44246,-46.19473,-47.51152,-48.51567,-49.81683,-51.43977,-53.07529,-54.72322,-56.38339,-57.69724,-59.3732,-61.06087,-62.3774,-64.47064,-65.7936,-67.51828,-69.25377,-70.15463
144.9503,146.9776,146.9944,147,146.9944,146.9776,147.9493,146.9105,146.8601,146.7985,147.724,147.6395,147.5438,147.4368,147.3186,147.1892,148.0422,147.8894,147.7253,146.5597,151.3194,154.0794,158.792,162.4933,165.1868,170.8031,168.547,166.2851,164.994,163.6942,162.3858,160.0988,158.7762,157.4459,156.1081,154.7631,153.4112,151.0962,149.7336,149.3159,149.8351,149.3919,149.88,150.3508,149.8676,150.3064,150.7276,151.131,150.5924,150.9628,152.232,151.6485,151.9635,150.4471
3.795658,2.565504,1.282801,0,-1.282801,-2.565504,-3.874188,-5.130226,-6.41205,-7.693386,-9.035184,-10.32396,-11.61195,-12.89905,-14.18517,-15.47021,-16.86728,-18.15853,-19.4484,-20.59762,-22.61484,-24.40378,-26.57266,-28.65195,-30.61557,-33.20077,-34.29128,-35.34499,-36.57829,-37.79178,-38.98538,-39.91711,-41.06232,-42.1875,-43.29262,-44.37761,-45.44246,-46.19473,-47.21081,-48.51567,-50.13414,-51.43977,-53.07529,-54.72322,-56.03318,-57.69724,-59.3732,-61.06087,-62.3774,-64.07991,-66.19235,-67.51828,-69.25377,-70.15463
145.95,146.9776,146.9944,147,146.9944,146.9776,146.9496,147.9098,147.8591,146.7985,147.724,147.6395,147.5438,147.4368,147.3186,147.1892,148.0422,147.8894,147.7253,146.5597,151.3194,155.0671,157.8057,162.4933,165.1868,169.8215,168.547,166.2851,164.994,163.6942,162.3858,160.0988,158.7762,157.4459,156.1081,153.8019,153.4112,151.0962,149.7336,149.3159,149.8351,149.3919,149.88,150.3508,149.8676,150.3064,150.7276,151.131,151.5162,150.9628,151.3149,151.6485,151.9635,150.4471
3.821834,2.565504,1.282801,0,-1.282801,-2.565504,-3.848011,-5.165126,-6.455669,-7.693386,-9.035184,-10.32396,-11.61195,-12.89905,-14.18517,-15.47021,-16.86728,-18.15853,-19.4484,-20.59762,-22.61484,-24.56021,-26.40762,-28.65195,-30.61557,-33.00996,-34.29128,-35.34499,-36.57829,-37.79178,-38.98538,-39.91711,-41.06232,-42.1875,-43.29262,-44.10198,-45.44246,-46.19473,-47.21081,-48.51567,-50.13414,-51.43977,-53.07529,-54.72322,-56.03318,-57.69724,-59.3732,-61.06087,-62.76008,-64.07991,-65.7936,-67.51828,-69.25377,-70.15463
145.95,146.9776,146.9944,147,146.9944,146.9776,146.9496,146.9105,146.8601,146.7985,147.724,147.6395,147.5438,147.4368,147.3186,147.1892,148.0422,147.8894,147.7253,146.5597,151.3194,154.0794,158.792,162.4933,167.1533,169.8215,168.547,166.2851,164.0177,163.6942,161.4134,160.0988,158.7762,157.4459,156.1081,154.7631,152.4523,151.0962,149.7336,149.3159,148.8868,149.3919,149.88,150.3508,149.8676,150.3064,150.7276,151.131,150.5924,150.9628,151.3149,151.6485,151.9635,150.4471
3.821834,2.565504,1.282801,0,-1.282801,-2.565504,-3.848011,-5.130226,-6.41205,-7.693386,-9.035184,-10.32396,-11.61195,-12.89905,-14.18517,-15.47021,-16.86728,-18.15853,-19.4484,-20.59762,-22.61484,-24.40378,-26.57266,-28.65195,-30.98004,-33.00996,-34.29128,-35.34499,-36.36186,-37.79178,-38.75193,-39.91711,-41.06232,-42.1875,-43.29262,-44.37761,-45.15844,-46.19473,-47.21081,-48.51567,-49.81683,-51.43977,-53.07529,-54.72322,-56.03318,-57.69724,-59.3732,-61.06087,-62.3774,-64.07991,-65.7936,-67.51828,-69.25377,-70.15463
145.95,146.9776,146.9944,147,146.9944,146.9776,146.9496,146.9105,146.8601,147.7972,147.724,147.6395,147.5438,147.4368,147.3186,147.1892,148.0422,147.8894,147.7253,146.5597,151.3194,155.0671,158.792,162.4933,167.1533,170.8031,168.547,166.2851,164.994,163.6942,162.3858,160.0988,158.7762,157.4459,156.1081,154.7631,153.4112,151.0962,149.7336,149.3159,148.8868,149.3919,149.88,150.3508,149.8676,150.3064,150.7276,151.131,150.5924,151.8833,151.3149,152.5621,151.9635,150.4471
3.821834,2.565504,1.282801,0,-1.282801,-2.565504,-3.848011,-5.130226,-6.41205,-7.745722,-9.035184,-10.32396,-11.61195,-12.89905,-14.18517,-15.47021,-16.86728,-18.15853,-19.4484,-20.59762,-22.61484,-24.56021,-26.57266,-28.65195,-30.98004,-33.20077,-34.29128,-35.34499,-36.57829,-37.79178,-38.98538,-39.91711,-41.06232,-42.1875,-43.29262,-44.37761,-45.44246,-46.19473,-47.21081,-48.51567,-49.81683,-51.43977,-53.07529,-54.72322,-56.03318,-57.69724,-59.3732,-61.06087,-62.3774,-64.47064,-65.7936,-67.92502,-69.25377,-70.15463
145.95,146.9776,146.9944,147,146.9944,146.9776,146.9496,146.9105,146.8601,147.7972,147.724,147.6395,147.5438,147.4368,147.3186,147.1892,148.0422,147.8894,147.7253,146.5597,151.3194,155.0671,158.792,162.4933,165.1868,170.8031,168.547,166.2851,164.994,163.6942,162.3858,160.0988,158.7762,157.4459,156.1081,154.7631,153.4112,152.0525,150.6873,149.3159,148.8868,149.3919,149.88,150.3508,149.8676,150.3064,150.7276,151.131,151.5162,151.8833,151.3149,151.6485,151.9635,150.4471
3.821834,2.565504,1.282801,0,-1.282801,-2.565504,-3.848011,-5.130226,-6.41205,-7.745722,-9.035184,-10.32396,-11.61195,-12.89905,-14.18517,-15.47021,-16.86728,-18.15853,-19.4484,-20.59762,-22.61484,-24.56021,-26.57266,-28.65195,-30.61557,-33.20077,-34.29128,-35.34499,-36.57829,-37.79178,-38.98538,-39.91711,-41.06232,-42.1875,-43.29262,-44.37761,-45.44246,-46.4871,-47.51152,-48.51567,-49.81683,-51.43977,-53.07529,-54.72322,-56.03318,-57.69724,-59.3732,-61.06087,-62.76008,-64.47064,-65.7936,-67.51828,-69.25377,-70.15463
145.95,146.9776,146.9944,147,146.9944,146.9776,146.9496,146.9105,146.8601,146.7985,147.724,147.6395,147.5438,147.4368,147.3186,147.1892,148.0422,147.8894,147.7253,146.5597,151.3194,154.0794,158.792,162.4933,165.1868,169.8215,168.547,167.2632,164.994,163.6942,161.4134,160.0988,158.7762,157.4459,155.1445,154.7631,153.4112,151.0962,149.7336,149.3159,148.8868,149.3919,149.88,150.3508,149.8676,150.3064,150.7276,151.131,150.5924,150.9628,151.3149,151.6485,152.8735,150.4471
3.821834,2.565504,1.282801,0,-1.282801,-2.565504,-3.848011,-5.130226,-6.41205,-7.693386,-9.035184,-10.32396,-11.61195,-12.89905,-14.18517,-15.47021,-16.86728,-18.15853,-19.4484,-20.59762,-22.61484,-24.40378,-26.57266,-28.65195,-30.61557,-33.00996,-34.29128,-35.5529,-36.57829,-37.79178,-38.75193,-39.91711,-41.06232,-42.1875,-43.02538,-44.37761,-45.44246,-46.19473,-47.21081,-48.51567,-49.81683,-51.43977,-53.07529,-54.72322,-56.03318,-57.69724,-59.3732,-61.06087,-62.3774,-64.07991,-65.7936,-67.51828,-69.66846,-70.15463
145.95,146.9776,146.9944,147,146.9944,146.9776,146.9496,146.9105,146.8601,146.7985,147.724,147.6395,147.5438,147.4368,148.314,147.1892,148.0422,147.8894,147.7253,147.5499,151.3194,154.0794,158.792,162.4933,167.1533,170.8031,168.547,166.2851,164.994,163.6942,161.4134,160.0988,158.7762,157.4459,156.1081,154.7631,153.4112,151.0962,149.7336,149.3159,148.8868,149.3919,149.88,150.3508,149.8676,150.3064,150.7276,151.131,151.5162,150.9628,151.3149,151.6485,151.9635,150.4471
3.821834,2.565504,1.282801,0,-1.282801,-2.565504,-3.848011,-5.130226,-6.41205,-7.693386,-9.035184,-10.32396,-11.61195,-12.89905,-14.28102,-15.47021,-16.86728,-18.15853,-19.4484,-20.73679,-22.61484,-24.40378,-26.57266,-28.65195,-30.98004,-33.20077,-34.29128,-35.34499,-36.57829,-37.79178,-38.75193,-39.91711,-41.06232,-42.1875,-43.29262,-44.37761,-45.44246,-46.19473,-47.21081,-48.51567,-49.81683,-51.43977,-53.07529,-54.72322,-56.03318,-57.69724,-59.3732,-61.06087,-62.76008,-64.07991,-65.7936,-67.51828,-69.25377,-70.15463
145.95,146.9776,146.9944,147,146.9944,146.9776,146.9496,146.9105,146.8601,147.7972,147.724,147.6395,147.5438,147.4368,147.3186,148.1838,148.0422,147.8894,147.7253,145.5694,151.3194,154.0794,158.792,162.4933,167.1533,169.8215,168.547,167.2632,164.994,163.6942,161.4134,160.0988,158.7762,156.48,156.1081,153.8019,153.4112,151.0962,149.7336,149.3159,148.8868,149.3919,149.88,150.3508,149.8676,150.3064,150.7276,151.131,151.5162,150.9628,151.3149,151.6485,151.9635,150.4471
3.821834,2.565504,1.282801,0,-1.282801,-2.565504,-3.848011,-5.130226,-6.41205,-7.745722,-9.035184,-10.32396,-11.61195,-12.89905,-14.18517,-15.57474,-16.86728,-18.15853,-19.4484,-20.45845,-22.61484,-24.40378,-26.57266,-28.65195,-30.98004,-33.00996,-34.29128,-35.5529,-36.57829,-37.79178,-38.75193,-39.91711,-41.06232,-41.92869,-43.29262,-44.10198,-45.44246,-46.19473,-47.21081,-48.51567,-49.81683,-51.43977,-53.07529,-54.72322,-56.03318,-57.69724,-59.3732,-61.06087,-62.76008,-64.07991,-65.7936,-67.51828,-69.25377,-70.15463
145.95,146.9776,146.9944,147,146.9944,146.9776,146.9496,146.9105,146.8601,147.7972,147.724,147.6395,147.5438,147.4368,147.3186,148.1838,148.0422,147.8894,147.7253,146.5597,151.3194,155.0671,158.792,162.4933,165.1868,169.8215,168.547,166.2851,164.994,163.6942,162.3858,160.0988,158.7762,156.48,156.1081,154.7631,152.4523,151.0962,149.7336,149.3159,148.8868,149.3919,149.88,150.3508,149.8676,150.3064,150.7276,151.131,150.5924,151.8833,151.3149,151.6485,151.9635,150.4471
3.821834,2.565504,1.282801,0,-1.282801,-2.565504,-3.848011,-5.130226,-6.41205,-7.745722,-9.035184,-10.32396,-11.61195,-12.89905,-14.18517,-15.57474,-16.86728,-18.15853,-19.4484,-20.59762,-22.61484,-24.56021,-26.57266,-28.65195,-30.61557,-33.00996,-34.29128,-35.34499,-36.57829,-37.79178,-38.98538,-39.91711,-41.06232,-41.92869,-43.29262,-44.37761,-45.15844,-46.19473,-47.21081,-48.51567,-49.81683,-51.43977,-53.07529,-54.72322,-56.03318,-57.69724,-59.3732,-61.06087,-62.3774,-64.47064,-65.7936,-67.51828,-69.25377,-70.15463
145.95,146.9776,146.9944,147,146.9944,146.9776,146.9496,146.9105,146.8601,147.7972,147.724,147.6395,147.5438,147.4368,147.3186,148.1838,148.0422,147.8894,147.7253,146.5597,151.3194,155.0671,158.792,162.4933,167.1533,170.8031,168.547,166.2851,164.994,163.6942,162.3858,160.0988,158.7762,157.4459,156.1081,154.7631,152.4523,151.0962,149.7336,149.3159,149.8351,149.3919,149.88,150.3508,149.8676,150.3064,150.7276,151.131,151.5162,151.8833,151.3149,151.6485,151.9635,150.4471
3.821834,2.565504,1.282801,0,-1.282801,-2.565504,-3.848011,-5.130226,-6.41205,-7.745722,-9.035184,-10.32396,-11.61195,-12.89905,-14.18517,-15.57474,-16.86728,-18.15853,-19.4484,-20.59762,-22.61484,-24.56021,-26.57266,-28.65195,-30.98004,-33.20077,-34.29128,-35.34499,-36.57829,-37.79178,-38.98538,-39.91711,-41.06232,-42.1875,-43.29262,-44.37761,-45.15844,-46.19473,-47.21081,-48.51567,-50.13414,-51.43977,-53.07529,-54.72322,-56.03318,-57.69724,-59.3732,-61.06087,-62.76008,-64.47064,-65.7936,-67.51828,-69.25377,-70.15463
145.95,146.9776,146.9944,147,146.9944,146.9776,146.9496,147.9098,147.8591,147.7972,147.724,147.6395,147.5438,147.4368,147.3186,147.1892,148.0422,147.8894,147.7253,146.5597,151.3194,155.0671,157.8057,162.4933,165.1868,169.8215,168.547,166.2851,164.0177,163.6942,161.4134,160.0988,158.7762,157.4459,156.1081,154.7631,153.4112,152.0525,149.7336,149.3159,148.8868,149.3919,149.88,150.3508,149.8676,150.3064,150.7276,151.131,151.5162,150.9628,151.3149,151.6485,151.9635,150.4471
3.821834,2.565504,1.282801,0,-1.282801,-2.565504,-3.848011,-5.165126,-6.455669,-7.745722,-9.035184,-10.32396,-11.61195,-12.89905,-14.18517,-15.47021,-16.86728,-18.15853,-19.4484,-20.59762,-22.61484,-24.56021,-26.40762,-28.65195,-30.61557,-33.00996,-34.29128,-35.34499,-36.36186,-37.79178,-38.75193,-39.91711,-41.06232,-42.1875,-43.29262,-44.37761,-45.44246,-46.4871,-47.21081,-48.51567,-49.81683,-51.43977,-53.07529,-54.72322,-56.03318,-57.69724,-59.3732,-61.06087,-62.76008,-64.07991,-65.7936,-67.51828,-69.25377,-70.15463
145.95,146.9776,146.9944,147,147.9944,146.9776,146.9496,147.9098,146.8601,147.7972,147.724,147.6395,147.5438,147.4368,147.3186,148.1838,148.0422,147.8894,147.7253,147.5499,151.3194,154.0794,158.792,162.4933,165.1868,169.8215,168.547,166.2851,164.994,163.6942,161.4134,160.0988,158.7762,157.4459,156.1081,153.8019,153.4112,151.0962,149.7336,149.3159,148.8868,149.3919,149.88,150.3508,149.8676,150.3064,150.7276,151.131,151.5162,151.8833,151.3149,151.6485,151.9635,150.4471
3.821834,2.565504,1.282801,0,-1.291527,-2.565504,-3.848011,-5.165126,-6.41205,-7.745722,-9.035184,-10.32396,-11.61195,-12.89905,-14.18517,-15.57474,-16.86728,-18.15853,-19.4484,-20.73679,-22.61484,-24.40378,-26.57266,-28.65195,-30.61557,-33.00996,-34.29128,-35.34499,-36.57829,-37.79178,-38.75193,-39.91711,-41.06232,-42.1875,-43.29262,-44.10198,-45.44246,-46.19473,-47.21081,-48.51567,-49.81683,-51.43977,-53.07529,-54.72322,-56.03318,-57.69724,-59.3732,-61.06087,-62.76008,-64.47064,-65.7936,-67.51828,-69.25377,-70.15463
144.9503,146.9776,146.9944,147,146.9944,146.9776,146.9496,146.9105,146.8601,147.7972,147.724,147.6395,147.5438,147.4368,147.3186,147.1892,148.0422,147.8894,147.7253,146.5597,151.3194,154.0794,158.792,162.4933,168.1366,170.8031,168.547,166.2851,164.994,162.7198,161.4134,160.0988,158.7762,157.4459,156.1081,153.8019,152.4523,151.0962,149.7336,149.3159,148.8868,149.3919,149.88,150.3508,149.8676,150.3064,150.7276,151.131,151.5162,150.9628,151.3149,151.6485,151.9635,150.4471
3.795658,2.565504,1.282801,0,-1.282801,-2.565504,-3.848011,-5.130226,-6.41205,-7.745722,-9.035184,-10.32396,-11.61195,-12.89905,-14.18517,-15.47021,-16.86728,-18.15853,-19.4484,-20.59762,-22.61484,-24.40378,-26.57266,-28.65195,-31.16227,-33.20077,-34.29128,-35.34499,-36.57829,-37.56683,-38.75193,-39.91711,-41.06232,-42.1875,-43.29262,-44.10198,-45.15844,-46.19473,-47.21081,-48.51567,-49.81683,-51.43977,-53.07529,-54.72322,-56.03318,-57.69724,-59.3732,-61.06087,-62.76008,-64.07991,-65.7936,-67.51828,-69.25377,-70.15463
145.95,146.9776,146.9944,147,146.9944,146.9776,146.9496,146.9105,146.8601,147.7972,147.724,147.6395,147.5438,147.4368,147.3186,147.1892,148.0422,146.8968,147.7253,146.5597,151.3194,154.0794,158.792,162.4933,165.1868,170.8031,168.547,166.2851,164.0177,163.6942,162.3858,160.0988,158.7762,157.4459,155.1445,154.7631,153.4112,151.0962,150.6873,149.3159,148.8868,149.3919,149.88,150.3508,149.8676,150.3064,150.7276,151.131,151.5162,151.8833,152.232,152.5621,151.9635,150.4471
3.821834,2.565504,1.282801,0,-1.282801,-2.565504,-3.848011,-5.130226,-6.41205,-7.745722,-9.035184,-10.32396,-11.61195,-12.89905,-14.18517,-15.47021,-16.86728,-18.03666,-19.4484,-20.59762,-22.61484,-24.40378,-26.57266,-28.65195,-30.61557,-33.20077,-34.29128,-35.34499,-36.36186,-37.79178,-38.98538,-39.91711,-41.06232,-42.1875,-43.02538,-44.37761,-45.44246,-46.19473,-47.51152,-48.51567,-49.81683,-51.43977,-53.07529,-54.72322,-56.03318,-57.69724,-59.3732,-61.06087,-62.76008,-64.47064,-66.19235,-67.92502,-69.25377,-70.15463
145.95,146.9776,146.9944,147,146.9944,146.9776,146.9496,146.9105,146.8601,147.7972,147.724,147.6395,147.5438,147.4368,147.3186,147.1892,148.0422,147.8894,147.7253,147.5499,151.3194,155.0671,157.8057,162.4933,167.1533,169.8215,168.547,166.2851,164.994,163.6942,161.4134,160.0988,158.7762,157.4459,155.1445,154.7631,152.4523,151.0962,149.7336,149.3159,148.8868,149.3919,149.88,150.3508,149.8676,150.3064,150.7276,151.131,151.5162,150.9628,151.3149,152.5621,151.9635,150.4471
3.821834,2.565504,1.282801,0,-1.282801,-2.565504,-3.848011,-5.130226,-6.41205,-7.745722,-9.035184,-10.32396,-11.61195,-12.89905,-14.18517,-15.47021,-16.86728,-18.15853,-19.4484,-20.73679,-22.61484,-24.56021,-26.40762,-28.65195,-30.98004,-33.00996,-34.29128,-35.34499,-36.57829,-37.79178,-38.75193,-39.91711,-41.06232,-42.1875,-43.02538,-44.37761,-45.15844,-46.19473,-47.21081,-48.51567,-49.81683,-51.43977,-53.07529,-54.72322,-56.03318,-57.69724,-59.3732,-61.06087,-62.76008,-64.07991,-65.7936,-67.92502,-69.25377,-70.15463
145.95,146.9776,146.9944,147,146.9944,146.9776,146.9496,147.9098,146.8601,146.7985,147.724,147.6395,147.5438,147.4368,147.3186,147.1892,148.0422,147.8894,147.7253,146.5597,151.3194,154.0794,158.792,162.4933,167.1533,170.8031,168.547,166.2851,164.994,163.6942,162.3858,160.0988,158.7762,157.4459,156.1081,153.8019,153.4112,151.0962,149.7336,149.3159,148.8868,149.3919,149.88,150.3508,149.8676,150.3064,150.7276,151.131,151.5162,150.9628,151.3149,151.6485,151.9635,150.4471
3.821834,2.565504,1.282801,0,-1.282801,-2.565504,-3.848011,-5.165126,-6.41205,-7.693386,-9.035184,-10.32396,-11.61195,-12.89905,-14.18517,-15.47021,-16.86728,-18.15853,-19.4484,-20.59762,-22.61484,-24.40378,-26.57266,-28.65195,-30.98004,-33.20077,-34.29128,-35.34499,-36.57829,-37.79178,-38.98538,-39.91711,-41.06232,-42.1875,-43.29262,-44.10198,-45.44246,-46.19473,-47.21081,-48.51567,-49.81683,-51.43977,-53.07529,-54.72322,-56.03318,-57.69724,-59.3732,-61.06087,-62.76008,-64.07991,-65.7936,-67.51828,-69.25377,-70.15463
145.95,146.9776,146.9944,147,146.9944,146.9776,146.9496,146.9105,146.8601,147.7972,147.724,147.6395,147.5438,147.4368,147.3186,147.1892,148.0422,147.8894,147.7253,146.5597,151.3194,155.0671,158.792,162.4933,168.1366,170.8031,168.547,166.2851,164.994,163.6942,162.3858,160.0988,158.7762,157.4459,155.1445,154.7631,152.4523,151.0962,149.7336,149.3159,148.8868,149.3919,149.88,150.3508,149.8676,150.3064,150.7276,151.131,150.5924,150.9628,151.3149,151.6485,151.9635,150.4471
3.821834,2.565504,1.282801,0,-1.282801,-2.565504,-3.848011,-5.130226,-6.41205,-7.745722,-9.035184,-10.32396,-11.61195,-12.89905,-14.18517,-15.47021,-16.86728,-18.15853,-19.4484,-20.59762,-22.61484,-24.56021,-26.57266,-28.65195,-31.16227,-33.20077,-34.29128,-35.34499,-36.57829,-37.79178,-38.98538,-39.91711,-41.06232,-42.1875,-43.02538,-44.37761,-45.15844,-46.19473,-47.21081,-48.51567,-49.81683,-51.43977,-53.07529,-54.72322,-56.03318,-57.69724,-59.3732,-61.06087,-62.3774,-64.07991,-65.7936,-67.51828,-69.25377,-70.15463
145.95,146.9776,146.9944,148,146.9944,147.9775,147.9493,146.9105,147.8591,147.7972,147.724,147.6395,147.5438,147.4368,147.3186,147.1892,148.0422,147.8894,147.7253,147.5499,151.3194,155.0671,158.792,162.4933,168.1366,169.8215,168.547,166.2851,164.994,163.6942,161.4134,160.0988,158.7762,157.4459,156.1081,154.7631,152.4523,152.0525,149.7336,149.3159,148.8868,149.3919,149.88,150.3508,150.8042,150.3064,150.7276,151.131,150.5924,150.9628,151.3149,151.6485,152.8735,150.4471
3.821834,2.565504,1.282801,0,-1.282801,-2.582956,-3.874188,-5.130226,-6.455669,-7.745722,-9.035184,-10.32396,-11.61195,-12.89905,-14.18517,-15.47021,-16.86728,-18.15853,-19.4484,-20.73679,-22.61484,-24.56021,-26.57266,-28.65195,-31.16227,-33.00996,-34.29128,-35.34499,-36.57829,-37.79178,-38.75193,-39.91711,-41.06232,-42.1875,-43.29262,-44.37761,-45.15844,-46.4871,-47.21081,-48.51567,-49.81683,-51.43977,-53.07529,-54.72322,-56.38339,-57.69724,-59.3732,-61.06087,-62.3774,-64.07991,-65.7936,-67.51828,-69.66846,-70.15463
145.95,146.9776,146.9944,147,146.9944,146.9776,147.9493,146.9105,147.8591,147.7972,147.724,147.6395,147.5438,147.4368,147.3186,147.1892,147.0486,147.8894,147.7253,146.5597,151.3194,154.0794,158.792,162.4933,167.1533,170.8031,168.547,166.2851,164.994,163.6942,162.3858,160.0988,158.7762,157.4459,156.1081,153.8019,153.4112,151.0962,149.7336,149.3159,149.8351,149.3919,149.88,150.3508,150.8042,150.3064,150.7276,151.131,151.5162,151.8833,151.3149,151.6485,151.9635,150.4471
3.821834,2.565504,1.282801,0,-1.282801,-2.565504,-3.874188,-5.130226,-6.455669,-7.745722,-9.035184,-10.32396,-11.61195,-12.89905,-14.18517,-15.47021,-16.75408,-18.15853,-19.4484,-20.59762,-22.61484,-24.40378,-26.57266,-28.65195,-30.98004,-33.20077,-34.29128,-35.34499,-36.57829,-37.79178,-38.98538,-39.91711,-41.06232,-42.1875,-43.29262,-44.10198,-45.44246,-46.19473,-47.21081,-48.51567,-50.13414,-51.43977,-53.07529,-54.72322,-56.38339,-57.69724,-59.3732,-61.06087,-62.76008,-64.47064,-65.7936,-67.51828,-69.25377,-70.15463
145.95,146.9776,146.9944,148,146.9944,147.9775,146.9496,146.9105,147.8591,147.7972,147.724,147.6395,147.5438,147.4368,147.3186,147.1892,148.0422,147.8894,147.7253,147.5499,151.3194,155.0671,158.792,162.4933,165.1868,169.8215,168.547,166.2851,164.994,163.6942,161.4134,160.0988,158.7762,157.4459,156.1081,154.7631,152.4523,152.0525,150.6873,149.3159,149.8351,149.3919,149.88,150.3508,149.8676,150.3064,150.7276,151.131,151.5162,151.8833,151.3149,151.6485,151.9635,150.4471
3.821834,2.565504,1.282801,0,-1.282801,-2.582956,-3.848011,-5.130226,-6.455669,-7.745722,-9.035184,-10.32396,-11.61195,-12.89905,-14.18517,-15.47021,-16.86728,-18.15853,-19.4484,-20.73679,-22.61484,-24.56021,-26.57266,-28.65195,-30.61557,-33.00996,-34.29128,-35.34499,-36.57829,-37.79178,-38.75193,-39.91711,-41.06232,-42.1875,-43.29262,-44.37761,-45.15844,-46.4871,-47.51152,-48.51567,-50.13414,-51.43977,-53.07529,-54.72322,-56.03318,-57.69724,-59.3732,-61.06087,-62.76008,-64.47064,-65.7936,-67.51828,-69.25377,-70.15463
145.95,146.9776,146.9944,147,146.9944,146.9776,146.9496,146.9105,146.8601,147.7972,147.724,147.6395,147.5438,147.4368,147.3186,147.1892,148.0422,147.8894,147.7253,146.5597,151.3194,155.0671,158.792,162.4933,165.1868,169.8215,168.547,166.2851,164.994,163.6942,162.3858,160.0988,158.7762,157.4459,156.1081,153.8019,153.4112,152.0525,149.7336,149.3159,148.8868,149.3919,149.88,150.3508,150.8042,150.3064,150.7276,151.131,151.5162,151.8833,151.3149,151.6485,151.9635,150.4471
3.821834,2.565504,1.282801,0,-1.282801,-2.565504,-3.848011,-5.130226,-6.41205,-7.745722,-9.035184,-10.32396,-11.61195,-12.89905,-14.18517,-15.47021,-16.86728,-18.15853,-19.4484,-20.59762,-22.61484,-24.56021,-26.57266,-28.65195,-30.61557,-33.00996,-34.29128,-35.34499,-36.57829,-37.79178,-38.98538,-39.91711,-41.06232,-42.1875,-43.29262,-44.10198,-45.44246,-46.4871,-47.21081,-48.51567,-49.81683,-51.43977,-53.07529,-54.72322,-56.38339,-57.69724,-59.3732,-61.06087,-62.76008,-64.47064,-65.7936,-67.51828,-69.25377,-70.15463
145.95,146.9776,146.9944,147,146.9944,146.9776,146.9496,146.9105,147.8591,147.7972,147.724,147.6395,147.5438,147.4368,147.3186,147.1892,148.0422,147.8894,147.7253,146.5597,151.3194,155.0671,158.792,162.4933,167.1533,170.8031,168.547,166.2851,164.994,163.6942,161.4134,160.0988,158.7762,157.4459,155.1445,154.7631,152.4523,151.0962,149.7336,149.3159,148.8868,149.3919,149.88,150.3508,149.8676,150.3064,150.7276,151.131,151.5162,151.8833,152.232,151.6485,151.9635,150.4471
3.821834,2.565504,1.282801,0,-1.282801,-2.565504,-3.848011,-5.130226,-6.455669,-7.745722,-9.035184,-10.32396,-11.61195,-12.89905,-14.18517,-15.47021,-16.86728,-18.15853,-19.4484,-20.59762,-22.61484,-24.56021,-26.57266,-28.65195,-30.98004,-33.20077,-34.29128,-35.34499,-36.57829,-37.79178,-38.75193,-39.91711,-41.06232,-42.1875,-43.02538,-44.37761,-45.15844,-46.19473,-47.21081,-48.51567,-49.81683,-51.43977,-53.07529,-54.72322,-56.03318,-57.69724,-59.3732,-61.06087,-62.76008,-64.47064,-66.19235,-67.51828,-69.25377,-70.15463
145.95,146.9776,146.9944,147,146.9944,146.9776,146.9496,146.9105,146.8601,147.7972,147.724,147.6395,147.5438,147.4368,147.3186,147.1892,148.0422,147.8894,147.7253,146.5597,151.3194,155.0671,158.792,162.4933,167.1533,169.8215,168.547,166.2851,164.994,162.7198,162.3858,160.0988,158.7762,157.4459,156.1081,153.8019,153.4112,152.0525,149.7336,149.3159,149.8351,149.3919,149.88,150.3508,149.8676,150.3064,150.7276,151.131,150.5924,151.8833,152.232,151.6485,151.9635,150.4471
3.821834,2.565504,1.282801,0,-1.282801,-2.565504,-3.848011,-5.130226,-6.41205,-7.745722,-9.035184,-10.32396,-11.61195,-12.89905,-14.18517,-15.47021,-16.86728,-18.15853,-19.4484,-20.59762,-22.61484,-24.56021,-26.57266,-28.65195,-30.98004,-33.00996,-34.29128,-35.34499,-36.57829,-37.56683,-38.98538,-39.91711,-41.06232,-42.1875,-43.29262,-44.10198,-45.44246,-46.4871,-47.21081,-48.51567,-50.13414,-51.43977,-53.07529,-54.72322,-56.03318,-57.69724,-59.3732,-61.06087,-62.3774,-64.47064,-66.19235,-67.51828,-69.25377,-70.15463
145.95,146.9776,146.9944,147,146.9944,146.9776,146.9496,146.9105,146.8601,147.7972,147.724,147.6395,147.5438,147.4368,147.3186,148.1838,148.0422,147.8894,147.7253,146.5597,151.3194,154.0794,157.8057,162.4933,165.1868,170.8031,168.547,166.2851,164.994,163.6942,162.3858,160.0988,158.7762,157.4459,156.1081,153.8019,153.4112,151.0962,150.6873,149.3159,148.8868,149.3919,149.88,150.3508,149.8676,150.3064,150.7276,151.131,151.5162,151.8833,151.3149,152.5621,151.9635,150.4471
3.821834,2.565504,1.282801,0,-1.282801,-2.565504,-3.848011,-5.130226,-6.41205,-7.745722,-9.035184,-10.32396,-11.61195,-12.89905,-14.18517,-15.57474,-16.86728,-18.15853,-19.4484,-20.59762,-22.61484,-24.40378,-26.40762,-28.65195,-30.61557,-33.20077,-34.29128,-35.34499,-36.57829,-37.79178,-38.98538,-39.91711,-41.06232,-42.1875,-43.29262,-44.10198,-45.44246,-46.19473,-47.51152,-48.51567,-49.81683,-51.43977,-53.07529,-54.72322,-56.03318,-57.69724,-59.3732,-61.06087,-62.76008,-64.47064,-65.7936,-67.92502,-69.25377,-70.15463
145.95,146.9776,146.9944,147,146.9944,146.9776,146.9496,146.9105,146.8601,147.7972,147.724,147.6395,147.5438,147.4368,147.3186,148.1838,148.0422,147.8894,147.7253,147.5499,151.3194,154.0794,158.792,162.4933,165.1868,169.8215,168.547,166.2851,164.0177,163.6942,162.3858,160.0988,158.7762,156.48,156.1081,154.7631,153.4112,151.0962,149.7336,149.3159,149.8351,149.3919,149.88,150.3508,149.8676,150.3064,150.7276,151.131,151.5162,150.9628,151.3149,151.6485,151.9635,150.4471
3.821834,2.565504,1.282801,0,-1.282801,-2.565504,-3.848011,-5.130226,-6.41205,-7.745722,-9.035184,-10.32396,-11.61195,-12.89905,-14.18517,-15.57474,-16.86728,-18.15853,-19.4484,-20.73679,-22.61484,-24.40378,-26.57266,-28.65195,-30.61557,-33.00996,-34.29128,-35.34499,-36.36186,-37.79178,-38.98538,-39.91711,-41.06232,-41.92869,-43.29262,-44.37761,-45.44246,-46.19473,-47.21081,-48.51567,-50.13414,-51.43977,-53.07529,-54.72322,-56.03318,-57.69724,-59.3732,-61.06087,-62.76008,-64.07991,-65.7936,-67.51828,-69.25377,-70.15463
145.95,146.9776,146.9944,147,146.9944,146.9776,146.9496,146.9105,146.8601,146.7985,147.724,147.6395,147.5438,147.4368,147.3186,148.1838,147.0486,147.8894,147.7253,145.5694,151.3194,154.0794,158.792,162.4933,165.1868,169.8215,168.547,166.2851,164.994,163.6942,162.3858,160.0988,158.7762,157.4459,156.1081,154.7631,152.4523,152.0525,149.7336,149.3159,149.8351,149.3919,149.88,150.3508,149.8676,150.3064,150.7276,151.131,150.5924,151.8833,152.232,151.6485,151.9635,150.4471
3.821834,2.565504,1.282801,0,-1.282801,-2.565504,-3.848011,-5.130226,-6.41205,-7.693386,-9.035184,-10.32396,-11.61195,-12.89905,-14.18517,-15.57474,-16.75408,-18.15853,-19.4484,-20.45845,-22.61484,-24.40378,-26.57266,-28.65195,-30.61557,-33.00996,-34.29128,-35.34499,-36.57829,-37.79178,-38.98538,-39.91711,-41.06232,-42.1875,-43.29262,-44.37761,-45.15844,-46.4871,-47.21081,-48.51567,-50.13414,-51.43977,-53.07529,-54.72322,-56.03318,-57.69724,-59.3732,-61.06087,-62.3774,-64.47064,-66.19235,-67.51828,-69.25377,-70.15463
145.95,146.9776,146.9944,147,146.9944,146.9776,146.9496,146.9105,147.8591,146.7985,147.724,147.6395,147.5438,147.4368,147.3186,147.1892,148.0422,147.8894,147.7253,146.5597,151.3194,155.0671,157.8057,162.4933,165.1868,170.8031,168.547,167.2632,164.0177,163.6942,162.3858,160.0988,158.7762,157.4459,156.1081,153.8019,152.4523,152.0525,149.7336,149.3159,148.8868,149.3919,149.88,150.3508,150.8042,150.3064,150.7276,151.131,151.5162,151.8833,151.3149,151.6485,151.9635,150.4471
3.821834,2.565504,1.282801,0,-1.282801,-2.565504,-3.848011,-5.130226,-6.455669,-7.693386,-9.035184,-10.32396,-11.61195,-12.89905,-14.18517,-15.47021,-16.86728,-18.15853,-19.4484,-20.59762,-22.61484,-24.56021,-26.40762,-28.65195,-30.61557,-33.20077,-34.29128,-35.5529,-36.36186,-37.79178,-38.98538,-39.91711,-41.06232,-42.1875,-43.29262,-44.10198,-45.15844,-46.4871,-47.21081,-48.51567,-49.81683,-51.43977,-53.07529,-54.72322,-56.38339,-57.69724,-59.3732,-61.06087,-62.76008,-64.47064,-65.7936,-67.51828,-69.25377,-70.15463
145.95,146.9776,146.9944,147,146.9944,146.9776,146.9496,146.9105,146.8601,146.7985,147.724,147.6395,147.5438,147.4368,147.3186,147.1892,147.0486,147.8894,147.7253,146.5597,151.3194,155.0671,158.792,162.4933,165.1868,169.8215,168.547,166.2851,164.994,163.6942,162.3858,160.0988,158.7762,156.48,156.1081,153.8019,152.4523,151.0962,149.7336,149.3159,148.8868,149.3919,149.88,149.4111,149.8676,150.3064,150.7276,151.131,150.5924,150.9628,151.3149,151.6485,151.9635,150.4471
3.821834,2.565504,1.282801,0,-1.282801,-2.565504,-3.848011,-5.130226,-6.41205,-7.693386,-9.035184,-10.32396,-11.61195,-12.89905,-14.18517,-15.47021,-16.75408,-18.15853,-19.4484,-20.59762,-22.61484,-24.56021,-26.57266,-28.65195,-30.61557,-33.00996,-34.29128,-35.34499,-36.57829,-37.79178,-38.98538,-39.91711,-41.06232,-41.92869,-43.29262,-44.10198,-45.15844,-46.19473,-47.21081,-48.51567,-49.81683,-51.43977,-53.07529,-54.3812,-56.03318,-57.69724,-59.3732,-61.06087,-62.3774,-64.07991,-65.7936,-67.51828,-69.25377,-70.15463
