76.29983,74.90843,75.72677,76.99334,77.77688,78.53916,79.28019,80.5,81.20614,81.89105,83.07727,83.72724,84.35604,85.50833,86.10217,87.23409,88.35937,90.0515,92.33177,94.04564,95.76647,97.49403,99.83687,100.9685,103.3374,105.0965,107.4972,109.2739,111.0556,113.4982,115.9585,117.767,117.5527,115.9397,113.5785,112.5347,111.4446,109.6016,107.7008,107.901,107.3554,108.2403,109.117,109.2423,110.0965,110.9423,112.5401,112.6085,113.4288,114.2405,115.0434,116.6256,117.4163,118.1981,118.9708,119.7345,121.3032,121.2345
153.0338,147.0161,145.4698,144.8034,143.2472,141.6884,140.1273,139.4301,137.8607,136.2896,135.5698,133.9916,132.4125,131.6713,130.0862,129.3299,128.5637,128.6069,129.4444,129.4427,129.421,129.379,130.1099,129.2338,129.913,129.7834,130.4046,130.2276,130.0294,130.5648,131.0673,130.7935,128.2863,124.3301,119.6868,116.533,113.4068,109.6016,105.8373,104.1988,101.8765,100.9358,99.98735,98.3622,97.40515,96.44068,96.11831,94.48978,93.5035,92.5101,91.50965,91.1179,90.09669,89.06862,88.03377,86.99222,86.52474,84.88931
76.29983,74.45444,75.72677,76.99334,77.77688,78.53916,79.28019,80,81.20614,81.89105,82.55477,83.72724,84.35604,84.96369,86.10217,86.6749,88.92578,90.0515,92.33177,94.04564,95.76647,97.49403,99.83687,100.9685,103.3374,105.0965,107.4972,109.9167,111.7051,113.4982,115.9585,117.767,117.5527,115.9397,113.5785,112.5347,111.4446,109.6016,107.7008,107.1816,107.3554,107.509,108.3798,109.9854,110.0965,111.697,111.7797,112.6085,114.2004,115.0176,115.0434,116.6256,117.4163,118.1981,118.9708,119.7345,120.4891,121.2345
153.0338,146.1251,145.4698,144.8034,143.2472,141.6884,140.1273,138.5641,137.8607,136.2896,134.7171,133.9916,132.4125,130.8326,130.0862,128.5008,129.3878,128.6069,129.4444,129.4427,129.421,129.379,130.1099,129.2338,129.913,129.7834,130.4046,130.9936,130.7898,130.5648,131.0673,130.7935,128.2863,124.3301,119.6868,116.533,113.4068,109.6016,105.8373,103.5041,101.8765,100.2538,99.31176,99.03133,97.40515,97.09674,95.46886,94.48978,94.13958,93.13942,91.50965,91.1179,90.09669,89.06862,88.03377,86.99222,85.94404,84.88931
76.29983,74.45444,75.72677,76.99334,77.77688,78.53916,79.28019,80,81.20614,81.89105,82.55477,83.72724,84.35604,84.96369,86.10217,87.23409,87.79297,90.0515,91.75107,94.04564,95.76647,97.49403,99.83687,100.9685,103.3374,105.0965,107.4972,109.9167,111.7051,113.4982,115.9585,117.767,117.5527,115.9397,113.5785,112.5347,111.4446,109.6016,107.7008,107.1816,107.3554,107.509,108.3798,109.2423,110.8454,110.9423,111.7797,113.3746,114.2004,115.0176,115.826,116.6256,117.4163,118.1981,118.9708,119.7345,120.4891,121.2345
153.0338,146.1251,145.4698,144.8034,143.2472,141.6884,140.1273,138.5641,137.8607,136.2896,134.7171,133.9916,132.4125,130.8326,130.0862,129.3299,127.7396,128.6069,128.6303,129.4427,129.421,129.379,130.1099,129.2338,129.913,129.7834,130.4046,130.9936,130.7898,130.5648,131.0673,130.7935,128.2863,124.3301,119.6868,116.533,113.4068,109.6016,105.8373,103.5041,101.8765,100.2538,99.31176,98.3622,98.06777,96.44068,95.46886,95.13257,94.13958,93.13942,92.13217,91.1179,90.09669,89.06862,88.03377,86.99222,85.94404,84.88931
76.29983,74.45444,75.72677,76.99334,77.77688,78.53916,79.28019,80.5,81.20614,81.89105,83.07727,83.19732,84.35604,85.50833,86.10217,86.6749,88.35937,90.0515,92.33177,94.04564,95.76647,97.49403,99.83687,100.9685,103.3374,105.0965,107.4972,109.2739,111.0556,113.4982,115.2959,117.767,117.5527,115.9397,113.5785,112.5347,111.4446,109.6016,107.7008,107.1816,107.3554,107.509,108.3798,109.2423,110.0965,110.9423,111.7797,112.6085,114.2004,115.0176,115.826,116.6256,117.4163,118.1981,118.9708,120.5435,121.3032,121.2345
153.0338,146.1251,145.4698,144.8034,143.2472,141.6884,140.1273,139.4301,137.8607,136.2896,135.5698,133.1436,132.4125,131.6713,130.0862,128.5008,128.5637,128.6069,129.4444,129.4427,129.421,129.379,130.1099,129.2338,129.913,129.7834,130.4046,130.2276,130.0294,130.5648,130.3183,130.7935,128.2863,124.3301,119.6868,116.533,113.4068,109.6016,105.8373,103.5041,101.8765,100.2538,99.31176,98.3622,97.40515,96.44068,95.46886,94.48978,94.13958,93.13942,92.13217,91.1179,90.09669,89.06862,88.03377,87.58,86.52474,84.88931
76.29983,74.45444,75.72677,76.99334,77.77688,78.53916,79.28019,80.5,81.20614,81.89105,82.55477,83.72724,84.35604,84.96369,86.10217,87.23409,88.35937,90.0515,92.33177,94.04564,95.76647,98.09585,99.83687,100.9685,103.3374,105.0965,107.4972,109.9167,111.0556,113.4982,115.2959,117.767,117.5527,115.9397,113.5785,112.5347,111.4446,109.6016,107.7008,107.1816,107.3554,107.509,108.3798,109.2423,110.0965,111.697,111.7797,112.6085,114.2004,114.2405,115.826,116.6256,117.4163,118.1981,118.9708,120.5435,120.4891,121.2345
153.0338,146.1251,145.4698,144.8034,143.2472,141.6884,140.1273,139.4301,137.8607,136.2896,134.7171,133.9916,132.4125,130.8326,130.0862,129.3299,128.5637,128.6069,129.4444,129.4427,129.421,130.1776,130.1099,129.2338,129.913,129.7834,130.4046,130.9936,130.0294,130.5648,130.3183,130.7935,128.2863,124.3301,119.6868,116.533,113.4068,109.6016,105.8373,103.5041,101.8765,100.2538,99.31176,98.3622,97.40515,97.09674,95.46886,94.48978,94.13958,92.5101,92.13217,91.1179,90.09669,89.06862,88.03377,87.58,85.94404,84.88931
76.29983,74.45444,75.72677,76.99334,77.77688,78.53916,79.28019,80.5,81.20614,81.89105,83.07727,83.72724,84.35604,85.50833,86.10217,87.23409,88.35937,90.0515,92.33177,94.04564,95.76647,97.49403,99.83687,100.9685,103.3374,105.0965,107.4972,109.2739,111.0556,113.4982,115.9585,117.767,118.2283,115.9397,114.2669,112.5347,111.4446,109.6016,107.7008,107.1816,107.3554,108.2403,108.3798,109.2423,110.0965,110.9423,111.7797,112.6085,114.2004,115.0176,115.0434,115.8376,117.4163,118.1981,118.9708,119.7345,120.4891,121.2345
153.0338,146.1251,145.4698,144.8034,143.2472,141.6884,140.1273,139.4301,137.8607,136.2896,135.5698,133.9916,132.4125,131.6713,130.0862,129.3299,128.5637,128.6069,129.4444,129.4427,129.421,129.379,130.1099,129.2338,129.913,129.7834,130.4046,130.2276,130.0294,130.5648,131.0673,130.7935,129.0235,124.3301,120.4121,116.533,113.4068,109.6016,105.8373,103.5041,101.8765,100.9358,99.31176,98.3622,97.40515,96.44068,95.46886,94.48978,94.13958,93.13942,91.50965,90.50224,90.09669,89.06862,88.03377,86.99222,85.94404,84.88931
76.29983,74.90843,75.72677,76.99334,77.77688,78.53916,79.28019,80,81.20614,81.89105,82.55477,83.72724,84.35604,84.96369,86.10217,87.23409,88.35937,90.0515,92.33177,94.04564,95.76647,97.49403,99.83687,100.9685,103.3374,105.0965,107.4972,109.9167,111.0556,113.4982,115.9585,117.767,117.5527,115.9397,113.5785,112.5347,111.4446,109.6016,107.7008,107.1816,107.3554,107.509,109.117,109.9854,110.0965,110.9423,111.7797,113.3746,113.4288,114.2405,115.826,116.6256,117.4163,118.1981,118.9708,119.7345,120.4891,122.0537
153.0338,147.0161,145.4698,144.8034,143.2472,141.6884,140.1273,138.5641,137.8607,136.2896,134.7171,133.9916,132.4125,130.8326,130.0862,129.3299,128.5637,128.6069,129.4444,129.4427,129.421,129.379,130.1099,129.2338,129.913,129.7834,130.4046,130.9936,130.0294,130.5648,131.0673,130.7935,128.2863,124.3301,119.6868,116.533,113.4068,109.6016,105.8373,103.5041,101.8765,100.2538,99.98735,99.03133,97.40515,96.44068,95.46886,95.13257,93.5035,92.5101,92.13217,91.1179,90.09669,89.06862,88.03377,86.99222,85.94404,85.46289
76.29983,74.45444,75.72677,76.99334,77.77688,78.53916,79.77262,80,81.20614,81.89105,83.07727,83.72724,84.35604,85.50833,86.10217,87.23409,88.35937,90.0515,91.75107,94.04564,95.76647,97.49403,99.83687,100.9685,103.3374,105.0965,107.4972,109.2739,111.0556,113.4982,115.2959,117.767,117.5527,115.9397,113.5785,112.5347,111.4446,109.6016,107.7008,107.1816,107.3554,107.509,108.3798,109.2423,110.0965,111.697,111.7797,112.6085,113.4288,114.2405,115.826,116.6256,116.6229,118.1981,118.9708,119.7345,120.4891,121.2345
153.0338,146.1251,145.4698,144.8034,143.2472,141.6884,140.9976,138.5641,137.8607,136.2896,135.5698,133.9916,132.4125,131.6713,130.0862,129.3299,128.5637,128.6069,128.6303,129.4427,129.421,129.379,130.1099,129.2338,129.913,129.7834,130.4046,130.2276,130.0294,130.5648,130.3183,130.7935,128.2863,124.3301,119.6868,116.533,113.4068,109.6016,105.8373,103.5041,101.8765,100.2538,99.31176,98.3622,97.40515,97.09674,95.46886,94.48978,93.5035,92.5101,92.13217,91.1179,89.48793,89.06862,88.03377,86.99222,85.94404,84.88931
76.29983,74.45444,75.72677,76.99334,77.77688,78.53916,79.28019,80.5,81.20614,81.89105,83.07727,83.72724,84.35604,84.96369,86.10217,87.23409,88.35937,90.0515,91.75107,94.04564,95.76647,98.09585,99.83687,100.9685,103.3374,105.0965,107.4972,109.2739,111.0556,113.4982,115.2959,117.767,117.5527,115.9397,113.5785,112.5347,111.4446,109.6016,107.7008,107.901,107.3554,107.509,108.3798,109.2423,110.0965,110.9423,111.7797,112.6085,114.2004,114.2405,115.826,116.6256,117.4163,118.1981,118.9708,119.7345,120.4891,121.2345
153.0338,146.1251,145.4698,144.8034,143.2472,141.6884,140.1273,139.4301,137.8607,136.2896,135.5698,133.9916,132.4125,130.8326,130.0862,129.3299,128.5637,128.6069,128.6303,129.4427,129.421,130.1776,130.1099,129.2338,129.913,129.7834,130.4046,130.2276,130.0294,130.5648,130.3183,130.7935,128.2863,124.3301,119.6868,116.533,113.4068,109.6016,105.8373,104.1988,101.8765,100.2538,99.31176,98.3622,97.40515,96.44068,95.46886,94.48978,94.13958,92.5101,92.13217,91.1179,90.09669,89.06862,88.03377,86.99222,85.94404,84.88931
76.29983,74.45444,75.72677,76.99334,77.77688,78.53916,79.28019,80,81.20614,81.89105,83.07727,83.72724,84.35604,85.50833,86.10217,87.23409,88.35937,90.0515,92.33177,94.04564,95.76647,97.49403,99.83687,100.9685,103.3374,105.0965,107.4972,109.9167,111.0556,113.4982,115.9585,117.767,117.5527,115.9397,113.5785,112.5347,111.4446,108.8944,107.7008,107.901,107.3554,107.509,108.3798,109.2423,110.0965,110.9423,111.7797,112.6085,113.4288,114.2405,115.0434,116.6256,117.4163,118.1981,118.9708,119.7345,120.4891,121.2345
153.0338,146.1251,145.4698,144.8034,143.2472,141.6884,140.1273,138.5641,137.8607,136.2896,135.5698,133.9916,132.4125,131.6713,130.0862,129.3299,128.5637,128.6069,129.4444,129.4427,129.421,129.379,130.1099,129.2338,129.913,129.7834,130.4046,130.9936,130.0294,130.5648,131.0673,130.7935,128.2863,124.3301,119.6868,116.533,113.4068,108.8944,105.8373,104.1988,101.8765,100.2538,99.31176,98.3622,97.40515,96.44068,95.46886,94.48978,93.5035,92.5101,91.50965,91.1179,90.09669,89.06862,88.03377,86.99222,85.94404,84.88931
76.29983,74.90843,75.72677,76.99334,77.77688,78.53916,79.28019,80.5,81.20614,81.89105,83.07727,83.72724,84.35604,84.96369,86.10217,87.23409,87.79297,90.0515,91.75107,94.04564,95.76647,98.09585,99.83687,100.9685,103.3374,105.0965,107.4972,109.2739,111.0556,113.4982,115.9585,117.767,117.5527,115.9397,113.5785,112.5347,111.4446,109.6016,107.7008,107.1816,107.3554,107.509,108.3798,109.2423,110.0965,111.697,111.7797,112.6085,113.4288,114.2405,115.826,116.6256,117.4163,118.1981,118.9708,119.7345,121.3032,122.0537
153.0338,147.0161,145.4698,144.8034,143.2472,141.6884,140.1273,139.4301,137.8607,136.2896,135.5698,133.9916,132.4125,130.8326,130.0862,129.3299,127.7396,128.6069,128.6303,129.4427,129.421,130.1776,130.1099,129.2338,129.913,129.7834,130.4046,130.2276,130.0294,130.5648,131.0673,130.7935,128.2863,124.3301,119.6868,116.533,113.4068,109.6016,105.8373,103.5041,101.8765,100.2538,99.31176,98.3622,97.40515,97.09674,95.46886,94.48978,93.5035,92.5101,92.13217,91.1179,90.09669,89.06862,88.03377,86.99222,86.52474,85.46289
76.29983,74.45444,75.72677,76.52386,77.77688,78.53916,79.77262,80,81.20614,81.89105,82.55477,83.72724,84.35604,85.50833,86.10217,87.23409,88.35937,90.0515,92.33177,94.04564,95.76647,98.09585,99.83687,100.9685,103.3374,105.0965,107.4972,109.2739,111.7051,113.4982,115.2959,117.0979,117.5527,115.9397,113.5785,112.5347,111.4446,109.6016,107.7008,107.1816,107.3554,107.509,108.3798,109.2423,110.0965,110.9423,112.5401,112.6085,113.4288,115.0176,115.0434,116.6256,117.4163,118.1981,118.9708,119.7345,120.4891,122.0537
153.0338,146.1251,145.4698,143.9205,143.2472,141.6884,140.9976,138.5641,137.8607,136.2896,134.7171,133.9916,132.4125,131.6713,130.0862,129.3299,128.5637,128.6069,129.4444,129.4427,129.421,130.1776,130.1099,129.2338,129.913,129.7834,130.4046,130.2276,130.7898,130.5648,130.3183,130.0503,128.2863,124.3301,119.6868,116.533,113.4068,109.6016,105.8373,103.5041,101.8765,100.2538,99.31176,98.3622,97.40515,96.44068,96.11831,94.48978,93.5035,93.13942,91.50965,91.1179,90.09669,89.06862,88.03377,86.99222,85.94404,85.46289
76.29983,74.45444,75.72677,76.99334,77.77688,78.53916,79.28019,80,81.20614,81.89105,83.07727,83.72724,84.35604,85.50833,86.10217,87.23409,88.92578,90.0515,92.33177,94.04564,95.76647,97.49403,99.83687,100.9685,103.3374,105.0965,107.4972,109.2739,111.0556,113.4982,115.9585,117.767,117.5527,115.9397,113.5785,112.5347,111.4446,109.6016,107.7008,107.1816,107.3554,107.509,108.3798,109.2423,110.0965,110.9423,111.7797,113.3746,114.2004,115.0176,115.826,116.6256,116.6229,118.1981,118.9708,119.7345,120.4891,121.2345
153.0338,146.1251,145.4698,144.8034,143.2472,141.6884,140.1273,138.5641,137.8607,136.2896,135.5698,133.9916,132.4125,131.6713,130.0862,129.3299,129.3878,128.6069,129.4444,129.4427,129.421,129.379,130.1099,129.2338,129.913,129.7834,130.4046,130.2276,130.0294,130.5648,131.0673,130.7935,128.2863,124.3301,119.6868,116.533,113.4068,109.6016,105.8373,103.5041,101.8765,100.2538,99.31176,98.3622,97.40515,96.44068,95.46886,95.13257,94.13958,93.13942,92.13217,91.1179,89.48793,89.06862,88.03377,86.99222,85.94404,84.88931
76.29983,74.45444,75.72677,76.99334,77.77688,78.53916,79.28019,80,81.20614,81.89105,82.55477,83.72724,84.35604,85.50833,86.10217,87.23409,88.35937,90.0515,92.33177,94.04564,95.76647,97.49403,99.83687,100.9685,103.3374,105.0965,107.4972,109.2739,111.0556,113.4982,115.9585,117.0979,117.5527,115.9397,113.5785,112.5347,111.4446,109.6016,107.7008,107.901,107.3554,108.2403,108.3798,109.2423,110.0965,110.9423,112.5401,112.6085,113.4288,115.0176,115.826,116.6256,117.4163,118.1981,118.9708,119.7345,120.4891,122.0537
153.0338,146.1251,145.4698,144.8034,143.2472,141.6884,140.1273,138.5641,137.8607,136.2896,134.7171,133.9916,132.4125,131.6713,130.0862,129.3299,128.5637,128.6069,129.4444,129.4427,129.421,129.379,130.1099,129.2338,129.913,129.7834,130.4046,130.2276,130.0294,130.5648,131.0673,130.0503,128.2863,124.3301,119.6868,116.533,113.4068,109.6016,105.8373,104.1988,101.8765,100.9358,99.31176,98.3622,97.40515,96.44068,96.11831,94.48978,93.5035,93.13942,92.13217,91.1179,90.09669,89.06862,88.03377,86.99222,85.94404,85.46289
76.29983,74.45444,75.72677,76.99334,77.77688,78.53916,79.28019,80.5,81.20614,81.89105,82.55477,83.72724,84.35604,85.50833,86.10217,87.23409,88.35937,90.0515,92.33177,94.04564,95.76647,97.49403,99.83687,100.9685,103.3374,105.0965,107.4972,109.9167,111.0556,113.4982,115.9585,117.0979,117.5527,115.9397,113.5785,112.5347,111.4446,109.6016,107.7008,107.901,107.3554,107.509,108.3798,109.2423,110.0965,110.9423,111.7797,112.6085,113.4288,115.0176,115.826,116.6256,117.4163,118.1981,118.9708,119.7345,120.4891,122.0537
153.0338,146.1251,145.4698,144.8034,143.2472,141.6884,140.1273,139.4301,137.8607,136.2896,134.7171,133.9916,132.4125,131.6713,130.0862,129.3299,128.5637,128.6069,129.4444,129.4427,129.421,129.379,130.1099,129.2338,129.913,129.7834,130.4046,130.9936,130.0294,130.5648,131.0673,130.0503,128.2863,124.3301,119.6868,116.533,113.4068,109.6016,105.8373,104.1988,101.8765,100.2538,99.31176,98.3622,97.40515,96.44068,95.46886,94.48978,93.5035,93.13942,92.13217,91.1179,90.09669,89.06862,88.03377,86.99222,85.94404,85.46289
76.29983,74.90843,75.72677,76.99334,77.77688,78.53916,79.28019,80,81.20614,81.89105,83.07727,83.72724,84.35604,85.50833,86.10217,86.6749,88.35937,90.0515,91.75107,94.04564,95.76647,97.49403,99.83687,100.9685,103.3374,105.0965,107.4972,109.9167,111.0556,113.4982,115.9585,117.0979,117.5527,115.9397,113.5785,112.5347,111.4446,109.6016,107.7008,107.1816,107.3554,107.509,108.3798,109.2423,110.0965,110.9423,111.7797,113.3746,113.4288,114.2405,115.826,116.6256,117.4163,118.1981,118.9708,119.7345,120.4891,121.2345
153.0338,147.0161,145.4698,144.8034,143.2472,141.6884,140.1273,138.5641,137.8607,136.2896,135.5698,133.9916,132.4125,131.6713,130.0862,128.5008,128.5637,128.6069,128.6303,129.4427,129.421,129.379,130.1099,129.2338,129.913,129.7834,130.4046,130.9936,130.0294,130.5648,131.0673,130.0503,128.2863,124.3301,119.6868,116.533,113.4068,109.6016,105.8373,103.5041,101.8765,100.2538,99.31176,98.3622,97.40515,96.44068,95.46886,95.13257,93.5035,92.5101,92.13217,91.1179,90.09669,89.06862,88.03377,86.99222,85.94404,84.88931
76.29983,74.45444,75.72677,76.99334,77.77688,78.53916,79.28019,80,81.20614,81.89105,83.07727,83.72724,84.35604,84.96369,86.10217,87.23409,88.35937,90.0515,91.75107,94.04564,95.76647,97.49403,99.83687,100.9685,103.3374,105.0965,107.4972,109.9167,111.7051,113.4982,115.9585,117.0979,117.5527,115.9397,113.5785,112.5347,111.4446,109.6016,107.7008,107.1816,106.63,108.2403,108.3798,109.9854,110.0965,110.9423,111.7797,112.6085,114.2004,114.2405,115.0434,116.6256,117.4163,118.1981,118.9708,119.7345,121.3032,121.2345
153.0338,146.1251,145.4698,144.8034,143.2472,141.6884,140.1273,138.5641,137.8607,136.2896,135.5698,133.9916,132.4125,130.8326,130.0862,129.3299,128.5637,128.6069,128.6303,129.4427,129.421,129.379,130.1099,129.2338,129.913,129.7834,130.4046,130.9936,130.7898,130.5648,131.0673,130.0503,128.2863,124.3301,119.6868,116.533,113.4068,109.6016,105.8373,103.5041,101.1881,100.9358,99.31176,99.03133,97.40515,96.44068,95.46886,94.48978,94.13958,92.5101,91.50965,91.1179,90.09669,89.06862,88.03377,86.99222,86.52474,84.88931
76.29983,74.45444,75.72677,76.99334,77.77688,78.53916,79.28019,80.5,81.20614,81.89105,82.55477,83.72724,84.35604,84.96369,86.10217,87.23409,88.35937,90.0515,91.75107,94.04564,95.76647,98.09585,99.83687,100.9685,103.3374,105.0965,106.8611,109.2739,111.7051,113.4982,115.9585,117.767,117.5527,115.9397,113.5785,112.5347,111.4446,108.8944,107.7008,107.1816,107.3554,108.2403,108.3798,109.2423,110.0965,110.9423,111.7797,112.6085,113.4288,115.0176,115.826,116.6256,117.4163,118.1981,118.9708,119.7345,121.3032,119.5962
153.0338,146.1251,145.4698,144.8034,143.2472,141.6884,140.1273,139.4301,137.8607,136.2896,134.7171,133.9916,132.4125,130.8326,130.0862,129.3299,128.5637,128.6069,128.6303,129.4427,129.421,130.1776,130.1099,129.2338,129.913,129.7834,129.6329,130.2276,130.7898,130.5648,131.0673,130.7935,128.2863,124.3301,119.6868,116.533,113.4068,108.8944,105.8373,103.5041,101.8765,100.9358,99.31176,98.3622,97.40515,96.44068,95.46886,94.48978,93.5035,93.13942,92.13217,91.1179,90.09669,89.06862,88.03377,86.99222,86.52474,83.74216
76.29983,74.45444,75.72677,76.99334,77.77688,78.53916,79.77262,80.5,81.20614,81.89105,82.55477,83.72724,84.35604,85.50833,86.10217,87.23409,88.35937,90.0515,92.33177,94.04564,95.76647,97.49403,99.83687,100.9685,103.3374,105.0965,107.4972,109.2739,111.7051,114.1543,115.2959,117.767,117.5527,115.9397,113.5785,112.5347,111.4446,109.6016,107.7008,107.1816,107.3554,107.509,108.3798,109.9854,110.0965,110.9423,111.7797,113.3746,114.2004,114.2405,115.826,116.6256,117.4163,118.1981,118.9708,119.7345,121.3032,121.2345
153.0338,146.1251,145.4698,144.8034,143.2472,141.6884,140.9976,139.4301,137.8607,136.2896,134.7171,133.9916,132.4125,131.6713,130.0862,129.3299,128.5637,128.6069,129.4444,129.4427,129.421,129.379,130.1099,129.2338,129.913,129.7834,130.4046,130.2276,130.7898,131.3195,130.3183,130.7935,128.2863,124.3301,119.6868,116.533,113.4068,109.6016,105.8373,103.5041,101.8765,100.2538,99.31176,99.03133,97.40515,96.44068,95.46886,95.13257,94.13958,92.5101,92.13217,91.1179,90.09669,89.06862,88.03377,86.99222,86.52474,84.88931
76.29983,74.45444,75.72677,76.99334,77.77688,78.53916,79.77262,80,81.20614,81.89105,83.07727,83.72724,84.35604,84.96369,86.10217,87.23409,88.35937,90.0515,91.75107,94.04564,95.76647,98.09585,99.83687,100.9685,103.3374,105.0965,107.4972,109.9167,111.7051,113.4982,115.9585,117.767,117.5527,115.9397,113.5785,112.5347,111.4446,109.6016,107.7008,107.1816,107.3554,107.509,108.3798,109.2423,110.0965,110.9423,111.7797,112.6085,113.4288,115.0176,115.0434,116.6256,117.4163,118.1981,118.9708,119.7345,120.4891,121.2345
153.0338,146.1251,145.4698,144.8034,143.2472,141.6884,140.9976,138.5641,137.8607,136.2896,135.5698,133.9916,132.4125,130.8326,130.0862,129.3299,128.5637,128.6069,128.6303,129.4427,129.421,130.1776,130.1099,129.2338,129.913,129.7834,130.4046,130.9936,130.7898,130.5648,131.0673,130.7935,128.2863,124.3301,119.6868,116.533,113.4068,109.6016,105.8373,103.5041,101.8765,100.2538,99.31176,98.3622,97.40515,96.44068,95.46886,94.48978,93.5035,93.13942,91.50965,91.1179,90.09669,89.06862,88.03377,86.99222,85.94404,84.88931
76.29983,74.90843,75.72677,76.99334,77.77688,78.53916,79.28019,80,81.20614,81.89105,83.07727,83.72724,84.35604,84.96369,86.10217,87.23409,88.35937,90.0515,91.75107,94.04564,95.76647,98.09585,99.83687,101.5841,102.7149,105.0965,107.4972,109.9167,111.0556,113.4982,115.9585,117.767,117.5527,115.9397,113.5785,112.5347,111.4446,109.6016,108.4141,107.901,107.3554,108.2403,109.117,109.9854,110.8454,111.697,112.5401,113.3746,114.2004,115.0176,115.826,116.6256,117.4163,118.1981,118.9708,119.7345,121.3032,121.2345
153.0338,147.0161,145.4698,144.8034,143.2472,141.6884,140.1273,138.5641,137.8607,136.2896,135.5698,133.9916,132.4125,130.8326,130.0862,129.3299,128.5637,128.6069,128.6303,129.4427,129.421,130.1776,130.1099,130.0218,129.1303,129.7834,130.4046,130.9936,130.0294,130.5648,131.0673,130.7935,128.2863,124.3301,119.6868,116.533,113.4068,109.6016,106.5382,104.1988,101.8765,100.9358,99.98735,99.03133,98.06777,97.09674,96.11831,95.13257,94.13958,93.13942,92.13217,91.1179,90.09669,89.06862,88.03377,86.99222,86.52474,84.88931
76.29983,74.90843,76.18852,76.99334,77.77688,78.53916,79.28019,80,81.20614,81.89105,82.55477,83.72724,84.35604,85.50833,86.10217,87.23409,88.35937,90.0515,92.33177,94.04564,95.76647,98.09585,99.83687,101.5841,103.3374,105.0965,107.4972,109.2739,111.7051,113.4982,115.2959,117.767,117.5527,115.9397,113.5785,112.5347,111.4446,109.6016,108.4141,107.1816,107.3554,108.2403,109.117,109.9854,110.8454,111.697,112.5401,113.3746,114.2004,115.0176,115.826,116.6256,117.4163,118.1981,118.9708,119.7345,120.4891,121.2345
153.0338,147.0161,146.3568,144.8034,143.2472,141.6884,140.1273,138.5641,137.8607,136.2896,134.7171,133.9916,132.4125,131.6713,130.0862,129.3299,128.5637,128.6069,129.4444,129.4427,129.421,130.1776,130.1099,130.0218,129.913,129.7834,130.4046,130.2276,130.7898,130.5648,130.3183,130.7935,128.2863,124.3301,119.6868,116.533,113.4068,109.6016,106.5382,103.5041,101.8765,100.9358,99.98735,99.03133,98.06777,97.09674,96.11831,95.13257,94.13958,93.13942,92.13217,91.1179,90.09669,89.06862,88.03377,86.99222,85.94404,84.88931
76.29983,74.90843,76.18852,76.52386,77.77688,78.53916,79.28019,80.5,81.20614,81.89105,83.07727,83.72724,84.35604,85.50833,86.10217,87.23409,88.35937,90.0515,92.33177,93.45786,95.76647,97.49403,99.83687,101.5841,103.3374,105.0965,107.4972,109.2739,111.7051,113.4982,115.9585,117.767,117.5527,115.9397,114.2669,112.5347,111.4446,109.6016,108.4141,107.901,107.3554,108.2403,109.117,109.9854,110.8454,111.697,112.5401,113.3746,114.2004,115.0176,115.826,116.6256,117.4163,118.1981,118.9708,119.7345,120.4891,121.2345
153.0338,147.0161,146.3568,143.9205,143.2472,141.6884,140.1273,139.4301,137.8607,136.2896,135.5698,133.9916,132.4125,131.6713,130.0862,129.3299,128.5637,128.6069,129.4444,128.6337,129.421,129.379,130.1099,130.0218,129.913,129.7834,130.4046,130.2276,130.7898,130.5648,131.0673,130.7935,128.2863,124.3301,120.4121,116.533,113.4068,109.6016,106.5382,104.1988,101.8765,100.9358,99.98735,99.03133,98.06777,97.09674,96.11831,95.13257,94.13958,93.13942,92.13217,91.1179,90.09669,89.06862,88.03377,86.99222,85.94404,84.88931
76.29983,74.90843,76.18852,76.99334,77.77688,78.53916,79.28019,80,81.20614,81.89105,83.07727,83.72724,84.35604,85.50833,86.10217,87.23409,88.35937,90.0515,92.33177,94.04564,95.76647,98.09585,99.83687,101.5841,103.3374,105.0965,107.4972,109.2739,111.0556,113.4982,115.9585,117.767,117.5527,115.9397,113.5785,112.5347,111.4446,109.6016,108.4141,107.1816,107.3554,108.2403,109.117,109.9854,110.8454,111.697,112.5401,113.3746,114.2004,115.0176,115.826,116.6256,117.4163,118.1981,118.9708,120.5435,121.3032,122.0537
153.0338,147.0161,146.3568,144.8034,143.2472,141.6884,140.1273,138.5641,137.8607,136.2896,135.5698,133.9916,132.4125,131.6713,130.0862,129.3299,128.5637,128.6069,129.4444,129.4427,129.421,130.1776,130.1099,130.0218,129.913,129.7834,130.4046,130.2276,130.0294,130.5648,131.0673,130.7935,128.2863,124.3301,119.6868,116.533,113.4068,109.6016,106.5382,103.5041,101.8765,100.9358,99.98735,99.03133,98.06777,97.09674,96.11831,95.13257,94.13958,93.13942,92.13217,91.1179,90.09669,89.06862,88.03377,87.58,86.52474,85.46289
76.29983,74.45444,75.72677,76.99334,77.77688,78.53916,79.28019,80,81.20614,81.89105,83.07727,83.72724,84.35604,85.50833,86.10217,87.23409,88.35937,90.0515,91.75107,94.04564,95.76647,98.09585,99.83687,100.9685,103.3374,105.0965,107.4972,109.2739,111.7051,113.4982,115.9585,117.767,117.5527,115.9397,113.5785,112.5347,111.4446,109.6016,107.7008,106.4623,107.3554,107.509,109.117,109.9854,110.8454,111.697,111.7797,112.6085,113.4288,114.2405,115.826,116.6256,117.4163,118.1981,118.9708,119.7345,120.4891,121.2345
153.0338,146.1251,145.4698,144.8034,143.2472,141.6884,140.1273,138.5641,137.8607,136.2896,135.5698,133.9916,132.4125,131.6713,130.0862,129.3299,128.5637,128.6069,128.6303,129.4427,129.421,130.1776,130.1099,129.2338,129.913,129.7834,130.4046,130.2276,130.7898,130.5648,131.0673,130.7935,128.2863,124.3301,119.6868,116.533,113.4068,109.6016,105.8373,102.8094,101.8765,100.2538,99.98735,99.03133,98.06777,97.09674,95.46886,94.48978,93.5035,92.5101,92.13217,91.1179,90.09669,89.06862,88.03377,86.99222,85.94404,84.88931
76.29983,74.45444,75.72677,76.99334,77.77688,78.53916,79.28019,80.5,81.20614,81.89105,83.07727,83.72724,84.35604,85.50833,86.10217,87.23409,88.35937,90.0515,92.33177,94.04564,95.76647,97.49403,99.83687,100.9685,103.3374,105.0965,107.4972,109.9167,111.0556,113.4982,115.9585,117.767,117.5527,115.9397,113.5785,112.5347,111.4446,109.6016,107.7008,107.1816,107.3554,107.509,108.3798,109.2423,110.0965,110.9423,111.7797,112.6085,113.4288,115.0176,115.826,116.6256,117.4163,118.1981,118.9708,119.7345,120.4891,121.2345
153.0338,146.1251,145.4698,144.8034,143.2472,141.6884,140.1273,139.4301,137.8607,136.2896,135.5698,133.9916,132.4125,131.6713,130.0862,129.3299,128.5637,128.6069,129.4444,129.4427,129.421,129.379,130.1099,129.2338,129.913,129.7834,130.4046,130.9936,130.0294,130.5648,131.0673,130.7935,128.2863,124.3301,119.6868,116.533,113.4068,109.6016,105.8373,103.5041,101.8765,100.2538,99.31176,98.3622,97.40515,96.44068,95.46886,94.48978,93.5035,93.13942,92.13217,91.1179,90.09669,89.06862,88.03377,86.99222,85.94404,84.88931
76.29983,74.90843,75.72677,76.99334,77.77688,78.53916,79.28019,80.5,81.20614,81.89105,82.55477,83.72724,84.35604,85.50833,86.10217,87.23409,88.92578,90.62508,91.75107,94.04564,95.76647,98.09585,99.83687,101.5841,103.3374,105.0965,107.4972,109.2739,111.0556,114.1543,115.2959,117.767,117.5527,115.9397,113.5785,112.5347,111.4446,109.6016,107.7008,107.1816,107.3554,107.509,108.3798,109.2423,110.0965,110.9423,111.7797,112.6085,113.4288,115.0176,115.826,116.6256,116.6229,118.1981,118.9708,119.7345,120.4891,121.2345
153.0338,147.0161,145.4698,144.8034,143.2472,141.6884,140.1273,139.4301,137.8607,136.2896,134.7171,133.9916,132.4125,131.6713,130.0862,129.3299,129.3878,129.426,128.6303,129.4427,129.421,130.1776,130.1099,130.0218,129.913,129.7834,130.4046,130.2276,130.0294,131.3195,130.3183,130.7935,128.2863,124.3301,119.6868,116.533,113.4068,109.6016,105.8373,103.5041,101.8765,100.2538,99.31176,98.3622,97.40515,96.44068,95.46886,94.48978,93.5035,93.13942,92.13217,91.1179,89.48793,89.06862,88.03377,86.99222,85.94404,84.88931
75.85363,74.45444,75.72677,76.99334,77.77688,78.53916,79.28019,80.5,81.20614,81.89105,83.07727,83.72724,84.35604,85.50833,86.10217,87.23409,88.35937,90.0515,91.75107,94.04564,95.76647,98.09585,99.83687,100.9685,103.3374,105.0965,107.4972,109.2739,111.0556,113.4982,115.9585,117.767,117.5527,115.9397,113.5785,112.5347,111.4446,109.6016,107.7008,107.1816,107.3554,107.509,108.3798,109.9854,110.0965,111.697,111.7797,112.6085,113.4288,115.0176,115.0434,116.6256,117.4163,118.1981,118.9708,119.7345,120.4891,121.2345
152.1388,146.1251,145.4698,144.8034,143.2472,141.6884,140.1273,139.4301,137.8607,136.2896,135.5698,133.9916,132.4125,131.6713,130.0862,129.3299,128.5637,128.6069,128.6303,129.4427,129.421,130.1776,130.1099,129.2338,129.913,129.7834,130.4046,130.2276,130.0294,130.5648,131.0673,130.7935,128.2863,124.3301,119.6868,116.533,113.4068,109.6016,105.8373,103.5041,101.8765,100.2538,99.31176,99.03133,97.40515,97.09674,95.46886,94.48978,93.5035,93.13942,91.50965,91.1179,90.09669,89.06862,88.03377,86.99222,85.94404,84.88931
76.29983,74.90843,76.18852,76.99334,77.77688,78.53916,79.28019,80.5,81.20614,81.89105,82.55477,83.72724,84.35604,85.50833,86.10217,87.23409,88.92578,90.0515,91.75107,94.04564,95.76647,97.49403,99.83687,101.5841,103.3374,105.0965,107.4972,109.2739,111.0556,113.4982,115.9585,117.767,117.5527,115.9397,113.5785,112.5347,111.4446,109.6016,108.4141,107.901,107.3554,108.2403,109.117,109.9854,110.8454,111.697,112.5401,113.3746,114.2004,115.0176,115.826,116.6256,117.4163,118.1981,118.9708,120.5435,120.4891,121.2345
153.0338,147.0161,146.3568,144.8034,143.2472,141.6884,140.1273,139.4301,137.8607,136.2896,134.7171,133.9916,132.4125,131.6713,130.0862,129.3299,129.3878,128.6069,128.6303,129.4427,129.421,129.379,130.1099,130.0218,129.913,129.7834,130.4046,130.2276,130.0294,130.5648,131.0673,130.7935,128.2863,124.3301,119.6868,116.533,113.4068,109.6016,106.5382,104.1988,101.8765,100.9358,99.98735,99.03133,98.06777,97.09674,96.11831,95.13257,94.13958,93.13942,92.13217,91.1179,90.09669,89.06862,88.03377,87.58,85.94404,84.88931
76.29983,74.90843,76.18852,76.99334,77.77688,78.53916,79.28019,80.5,81.20614,81.89105,82.55477,83.72724,84.35604,85.50833,86.10217,87.23409,88.35937,90.0515,92.33177,94.04564,95.76647,98.09585,99.22811,101.5841,103.3374,105.0965,107.4972,109.9167,111.7051,113.4982,115.9585,117.767,117.5527,115.9397,113.5785,112.5347,111.4446,108.8944,108.4141,107.1816,107.3554,108.2403,109.117,109.9854,110.8454,111.697,112.5401,113.3746,114.2004,115.0176,115.826,116.6256,117.4163,118.1981,118.9708,119.7345,120.4891,121.2345
153.0338,147.0161,146.3568,144.8034,143.2472,141.6884,140.1273,139.4301,137.8607,136.2896,134.7171,133.9916,132.4125,131.6713,130.0862,129.3299,128.5637,128.6069,129.4444,129.4427,129.421,130.1776,129.3166,130.0218,129.913,129.7834,130.4046,130.9936,130.7898,130.5648,131.0673,130.7935,128.2863,124.3301,119.6868,116.533,113.4068,108.8944,106.5382,103.5041,101.8765,100.9358,99.98735,99.03133,98.06777,97.09674,96.11831,95.13257,94.13958,93.13942,92.13217,91.1179,90.09669,89.06862,88.03377,86.99222,85.94404,84.88931
