76.29983,74.45444,75.26502,76.52386,77.29972,78.05435,78.78777,79.5,80.6986,81.37602,82.55477,83.19732,83.81874,84.41905,85.55023,86.6749,87.79297,89.47792,91.75107,93.45786,95.17165,97.49403,99.22811,100.9685,102.0924,104.4672,106.8611,108.6311,111.0556,113.4982,115.9585,117.0979,117.5527,115.9397,113.5785,111.84,110.7437,108.8944,108.4141,106.4623,106.63,107.509,108.3798,109.2423,110.0965,110.9423,111.7797,112.6085,113.4288,114.2405,115.0434,115.8376,116.6229,117.3994,118.167,118.9255,119.675,120.4154
153.0338,146.1251,144.5828,143.9205,142.3684,140.8138,139.2569,137.698,136.999,135.4324,134.7171,133.1436,131.5691,129.9939,129.2523,128.5008,127.7396,127.7877,128.6303,128.6337,128.6171,129.379,129.3166,129.2338,128.3477,129.0062,129.6329,129.4615,130.0294,130.5648,131.0673,130.0503,128.2863,124.3301,119.6868,115.8137,112.6936,108.8944,106.5382,102.8094,101.1881,100.2538,99.31176,98.3622,97.40515,96.44068,95.46886,94.48978,93.5035,92.5101,91.50965,90.50224,89.48793,88.46681,87.43895,86.40443,85.36333,84.31574
76.29983,74.45444,75.72677,76.52386,77.29972,78.05435,79.28019,79.5,80.6986,81.37602,82.55477,83.19732,83.81874,84.41905,85.55023,86.6749,87.79297,89.47792,91.17036,93.45786,95.17165,97.49403,99.22811,100.9685,102.7149,104.4672,106.8611,108.6311,111.0556,113.4982,115.2959,117.0979,117.5527,115.9397,113.5785,111.84,110.7437,108.8944,108.4141,106.4623,106.63,107.509,108.3798,109.2423,110.0965,110.9423,111.7797,112.6085,113.4288,114.2405,115.0434,115.8376,116.6229,117.3994,118.167,118.9255,119.675,121.2345
153.0338,146.1251,145.4698,143.9205,142.3684,140.8138,140.1273,137.698,136.999,135.4324,134.7171,133.1436,131.5691,129.9939,129.2523,128.5008,127.7396,127.7877,127.8161,128.6337,128.6171,129.379,129.3166,129.2338,129.1303,129.0062,129.6329,129.4615,130.0294,130.5648,130.3183,130.0503,128.2863,124.3301,119.6868,115.8137,112.6936,108.8944,106.5382,102.8094,101.1881,100.2538,99.31176,98.3622,97.40515,96.44068,95.46886,94.48978,93.5035,92.5101,91.50965,90.50224,89.48793,88.46681,87.43895,86.40443,85.36333,84.88931
76.29983,74.45444,75.26502,76.52386,77.29972,78.05435,78.78777,80,80.6986,81.37602,82.55477,83.19732,83.81874,84.96369,85.55023,86.6749,87.79297,89.47792,91.75107,93.45786,95.17165,97.49403,99.22811,100.9685,102.7149,104.4672,106.8611,108.6311,111.0556,113.4982,115.9585,117.0979,117.5527,115.9397,113.5785,111.84,110.7437,108.8944,108.4141,106.4623,106.63,107.509,108.3798,109.2423,110.0965,110.9423,111.7797,112.6085,113.4288,114.2405,115.0434,115.8376,116.6229,117.3994,118.167,118.9255,119.675,120.4154
153.0338,146.1251,144.5828,143.9205,142.3684,140.8138,139.2569,138.5641,136.999,135.4324,134.7171,133.1436,131.5691,130.8326,129.2523,128.5008,127.7396,127.7877,128.6303,128.6337,128.6171,129.379,129.3166,129.2338,129.1303,129.0062,129.6329,129.4615,130.0294,130.5648,131.0673,130.0503,128.2863,124.3301,119.6868,115.8137,112.6936,108.8944,106.5382,102.8094,101.1881,100.2538,99.31176,98.3622,97.40515,96.44068,95.46886,94.48978,93.5035,92.5101,91.50965,90.50224,89.48793,88.46681,87.43895,86.40443,85.36333,84.31574
76.29983,74.45444,75.26502,76.52386,77.29972,78.05435,78.78777,80,80.6986,81.37602,82.03227,83.19732,83.81874,84.41905,85.55023,86.6749,87.79297,89.47792,91.75107,93.45786,95.17165,97.49403,99.22811,100.9685,102.7149,104.4672,106.8611,108.6311,111.0556,113.4982,115.2959,117.0979,117.5527,115.9397,114.2669,111.84,110.7437,108.8944,107.7008,106.4623,106.63,107.509,108.3798,109.2423,110.0965,110.9423,111.7797,112.6085,113.4288,114.2405,115.0434,115.8376,116.6229,117.3994,118.167,118.9255,119.675,120.4154
153.0338,146.1251,144.5828,143.9205,142.3684,140.8138,139.2569,138.5641,136.999,135.4324,133.8645,133.1436,131.5691,129.9939,129.2523,128.5008,127.7396,127.7877,128.6303,128.6337,128.6171,129.379,129.3166,129.2338,129.1303,129.0062,129.6329,129.4615,130.0294,130.5648,130.3183,130.0503,128.2863,124.3301,120.4121,115.8137,112.6936,108.8944,105.8373,102.8094,101.1881,100.2538,99.31176,98.3622,97.40515,96.44068,95.46886,94.48978,93.5035,92.5101,91.50965,90.50224,89.48793,88.46681,87.43895,86.40443,85.36333,84.31574
76.29983,74.45444,75.72677,76.52386,77.29972,78.05435,78.78777,79.5,80.6986,81.37602,82.03227,83.19732,83.81874,84.41905,85.55023,86.6749,87.79297,89.47792,91.17036,93.45786,95.17165,96.89222,99.22811,100.9685,102.7149,104.4672,106.8611,109.2739,111.0556,113.4982,115.9585,117.0979,117.5527,115.9397,113.5785,111.84,110.7437,108.8944,108.4141,107.1816,106.63,107.509,108.3798,109.2423,110.0965,110.9423,111.7797,112.6085,113.4288,114.2405,115.0434,115.8376,116.6229,117.3994,118.167,118.9255,119.675,120.4154
153.0338,146.1251,145.4698,143.9205,142.3684,140.8138,139.2569,137.698,136.999,135.4324,133.8645,133.1436,131.5691,129.9939,129.2523,128.5008,127.7396,127.7877,127.8161,128.6337,128.6171,128.5803,129.3166,129.2338,129.1303,129.0062,129.6329,130.2276,130.0294,130.5648,131.0673,130.0503,128.2863,124.3301,119.6868,115.8137,112.6936,108.8944,106.5382,103.5041,101.1881,100.2538,99.31176,98.3622,97.40515,96.44068,95.46886,94.48978,93.5035,92.5101,91.50965,90.50224,89.48793,88.46681,87.43895,86.40443,85.36333,84.31574
76.29983,74.45444,75.72677,76.05439,77.29972,78.05435,78.78777,79.5,80.6986,81.37602,82.55477,83.19732,83.81874,84.41905,85.55023,86.6749,87.79297,89.47792,91.17036,93.45786,95.17165,96.89222,99.22811,100.9685,102.7149,104.4672,106.8611,108.6311,111.0556,113.4982,115.9585,117.0979,117.5527,115.9397,113.5785,111.84,110.7437,108.8944,108.4141,106.4623,106.63,107.509,108.3798,109.2423,110.0965,110.9423,111.7797,112.6085,113.4288,114.2405,115.0434,115.8376,116.6229,117.3994,118.167,118.9255,120.4891,120.4154
153.0338,146.1251,145.4698,143.0375,142.3684,140.8138,139.2569,137.698,136.999,135.4324,134.7171,133.1436,131.5691,129.9939,129.2523,128.5008,127.7396,127.7877,127.8161,128.6337,128.6171,128.5803,129.3166,129.2338,129.1303,129.0062,129.6329,129.4615,130.0294,130.5648,131.0673,130.0503,128.2863,124.3301,119.6868,115.8137,112.6936,108.8944,106.5382,102.8094,101.1881,100.2538,99.31176,98.3622,97.40515,96.44068,95.46886,94.48978,93.5035,92.5101,91.50965,90.50224,89.48793,88.46681,87.43895,86.40443,85.94404,84.31574
76.29983,74.45444,75.72677,76.05439,77.29972,78.05435,78.78777,80,80.6986,81.37602,82.55477,83.19732,83.81874,84.41905,85.55023,86.6749,87.79297,89.47792,91.17036,93.45786,95.17165,97.49403,99.22811,100.9685,102.7149,104.4672,106.8611,108.6311,111.0556,113.4982,115.2959,117.0979,117.5527,115.9397,113.5785,111.84,110.7437,108.8944,108.4141,106.4623,106.63,107.509,108.3798,109.2423,110.0965,110.9423,111.7797,112.6085,113.4288,114.2405,115.0434,115.8376,116.6229,117.3994,118.167,118.9255,119.675,121.2345
153.0338,146.1251,145.4698,143.0375,142.3684,140.8138,139.2569,138.5641,136.999,135.4324,134.7171,133.1436,131.5691,129.9939,129.2523,128.5008,127.7396,127.7877,127.8161,128.6337,128.6171,129.379,129.3166,129.2338,129.1303,129.0062,129.6329,129.4615,130.0294,130.5648,130.3183,130.0503,128.2863,124.3301,119.6868,115.8137,112.6936,108.8944,106.5382,102.8094,101.1881,100.2538,99.31176,98.3622,97.40515,96.44068,95.46886,94.48978,93.5035,92.5101,91.50965,90.50224,89.48793,88.46681,87.43895,86.40443,85.36333,84.88931
76.29983,74.45444,75.72677,76.52386,77.29972,78.05435,78.78777,79.5,80.6986,81.37602,82.03227,83.19732,83.81874,84.96369,84.9983,86.6749,88.35937,89.47792,91.75107,93.45786,95.17165,96.89222,99.22811,100.9685,102.7149,104.4672,106.8611,108.6311,111.0556,113.4982,115.2959,117.0979,117.5527,115.9397,114.2669,111.84,110.0428,108.8944,108.4141,107.1816,106.63,107.509,108.3798,109.2423,110.0965,110.9423,111.7797,112.6085,113.4288,114.2405,115.0434,115.8376,116.6229,117.3994,118.167,118.9255,119.675,121.2345
153.0338,146.1251,145.4698,143.9205,142.3684,140.8138,139.2569,137.698,136.999,135.4324,133.8645,133.1436,131.5691,130.8326,128.4184,128.5008,128.5637,127.7877,128.6303,128.6337,128.6171,128.5803,129.3166,129.2338,129.1303,129.0062,129.6329,129.4615,130.0294,130.5648,130.3183,130.0503,128.2863,124.3301,120.4121,115.8137,111.9803,108.8944,106.5382,103.5041,101.1881,100.2538,99.31176,98.3622,97.40515,96.44068,95.46886,94.48978,93.5035,92.5101,91.50965,90.50224,89.48793,88.46681,87.43895,86.40443,85.36333,84.88931
76.29983,74.45444,75.26502,76.52386,77.29972,78.05435,79.28019,80,80.6986,81.37602,82.03227,83.19732,83.81874,84.96369,85.55023,86.6749,87.79297,89.47792,91.75107,93.45786,95.17165,96.89222,99.22811,100.9685,102.7149,104.4672,106.8611,108.6311,111.0556,113.4982,115.2959,117.0979,117.5527,115.9397,113.5785,111.84,110.7437,108.8944,108.4141,106.4623,106.63,107.509,108.3798,109.2423,110.0965,110.9423,111.7797,112.6085,113.4288,114.2405,115.0434,115.8376,116.6229,117.3994,118.167,118.9255,119.675,120.4154
153.0338,146.1251,144.5828,143.9205,142.3684,140.8138,140.1273,138.5641,136.999,135.4324,133.8645,133.1436,131.5691,130.8326,129.2523,128.5008,127.7396,127.7877,128.6303,128.6337,128.6171,128.5803,129.3166,129.2338,129.1303,129.0062,129.6329,129.4615,130.0294,130.5648,130.3183,130.0503,128.2863,124.3301,119.6868,115.8137,112.6936,108.8944,106.5382,102.8094,101.1881,100.2538,99.31176,98.3622,97.40515,96.44068,95.46886,94.48978,93.5035,92.5101,91.50965,90.50224,89.48793,88.46681,87.43895,86.40443,85.36333,84.31574
76.29983,74.45444,75.72677,76.52386,77.29972,78.05435,78.78777,80,80.6986,81.37602,82.55477,83.19732,84.35604,84.96369,85.55023,86.6749,87.79297,89.47792,91.17036,93.45786,95.17165,97.49403,99.22811,100.9685,102.7149,104.4672,106.8611,109.2739,111.0556,113.4982,115.9585,117.0979,117.5527,115.9397,113.5785,111.84,110.7437,108.8944,108.4141,107.1816,106.63,107.509,108.3798,109.2423,110.0965,110.9423,111.7797,112.6085,113.4288,114.2405,115.0434,115.8376,116.6229,117.3994,118.167,119.7345,119.675,120.4154
153.0338,146.1251,145.4698,143.9205,142.3684,140.8138,139.2569,138.5641,136.999,135.4324,134.7171,133.1436,132.4125,130.8326,129.2523,128.5008,127.7396,127.7877,127.8161,128.6337,128.6171,129.379,129.3166,129.2338,129.1303,129.0062,129.6329,130.2276,130.0294,130.5648,131.0673,130.0503,128.2863,124.3301,119.6868,115.8137,112.6936,108.8944,106.5382,103.5041,101.1881,100.2538,99.31176,98.3622,97.40515,96.44068,95.46886,94.48978,93.5035,92.5101,91.50965,90.50224,89.48793,88.46681,87.43895,86.99222,85.36333,84.31574
76.29983,74.45444,75.26502,76.52386,77.29972,78.53916,78.78777,80,80.6986,81.37602,82.03227,83.19732,83.81874,84.41905,85.55023,86.6749,87.79297,89.47792,91.75107,93.45786,95.17165,96.89222,99.22811,100.9685,102.7149,104.4672,106.8611,108.6311,111.0556,113.4982,115.9585,117.0979,117.5527,115.9397,113.5785,111.84,110.7437,108.8944,108.4141,106.4623,106.63,107.509,108.3798,109.2423,110.0965,110.9423,111.7797,112.6085,113.4288,114.2405,115.0434,115.8376,116.6229,117.3994,118.167,119.7345,119.675,121.2345
153.0338,146.1251,144.5828,143.9205,142.3684,141.6884,139.2569,138.5641,136.999,135.4324,133.8645,133.1436,131.5691,129.9939,129.2523,128.5008,127.7396,127.7877,128.6303,128.6337,128.6171,128.5803,129.3166,129.2338,129.1303,129.0062,129.6329,129.4615,130.0294,130.5648,131.0673,130.0503,128.2863,124.3301,119.6868,115.8137,112.6936,108.8944,106.5382,102.8094,101.1881,100.2538,99.31176,98.3622,97.40515,96.44068,95.46886,94.48978,93.5035,92.5101,91.50965,90.50224,89.48793,88.46681,87.43895,86.99222,85.36333,84.88931
76.29983,74.45444,75.72677,76.52386,77.29972,78.05435,78.78777,79.5,80.6986,81.37602,82.55477,83.19732,83.81874,84.96369,85.55023,86.6749,87.79297,89.47792,91.17036,93.45786,95.17165,96.89222,99.22811,100.9685,102.7149,104.4672,106.8611,108.6311,111.0556,113.4982,115.9585,117.0979,117.5527,115.9397,113.5785,111.84,110.7437,108.8944,108.4141,106.4623,106.63,107.509,108.3798,109.2423,110.0965,110.9423,111.7797,112.6085,113.4288,114.2405,115.0434,115.8376,116.6229,117.3994,118.167,118.9255,119.675,120.4154
153.0338,146.1251,145.4698,143.9205,142.3684,140.8138,139.2569,137.698,136.999,135.4324,134.7171,133.1436,131.5691,130.8326,129.2523,128.5008,127.7396,127.7877,127.8161,128.6337,128.6171,128.5803,129.3166,129.2338,129.1303,129.0062,129.6329,129.4615,130.0294,130.5648,131.0673,130.0503,128.2863,124.3301,119.6868,115.8137,112.6936,108.8944,106.5382,102.8094,101.1881,100.2538,99.31176,98.3622,97.40515,96.44068,95.46886,94.48978,93.5035,92.5101,91.50965,90.50224,89.48793,88.46681,87.43895,86.40443,85.36333,84.31574
76.29983,74.45444,75.72677,76.52386,77.29972,78.05435,78.78777,80,80.6986,81.37602,82.55477,83.19732,83.81874,84.41905,85.55023,86.6749,87.79297,89.47792,91.17036,93.45786,95.17165,96.89222,99.22811,100.9685,102.7149,104.4672,106.8611,109.2739,111.0556,113.4982,115.9585,117.0979,117.5527,115.9397,113.5785,111.84,110.7437,108.8944,108.4141,106.4623,106.63,107.509,108.3798,109.2423,110.0965,110.9423,111.7797,112.6085,113.4288,114.2405,115.0434,115.8376,116.6229,117.3994,118.167,118.9255,119.675,120.4154
153.0338,146.1251,145.4698,143.9205,142.3684,140.8138,139.2569,138.5641,136.999,135.4324,134.7171,133.1436,131.5691,129.9939,129.2523,128.5008,127.7396,127.7877,127.8161,128.6337,128.6171,128.5803,129.3166,129.2338,129.1303,129.0062,129.6329,130.2276,130.0294,130.5648,131.0673,130.0503,128.2863,124.3301,119.6868,115.8137,112.6936,108.8944,106.5382,102.8094,101.1881,100.2538,99.31176,98.3622,97.40515,96.44068,95.46886,94.48978,93.5035,92.5101,91.50965,90.50224,89.48793,88.46681,87.43895,86.40443,85.36333,84.31574
76.29983,74.45444,75.72677,76.52386,77.29972,78.05435,78.78777,80,80.6986,81.37602,82.03227,83.19732,83.81874,84.41905,85.55023,86.6749,87.79297,89.47792,91.17036,92.87007,95.17165,96.89222,99.22811,100.9685,102.7149,104.4672,106.8611,109.2739,111.0556,113.4982,115.2959,117.0979,117.5527,115.9397,113.5785,111.84,110.7437,108.8944,108.4141,106.4623,106.63,107.509,108.3798,109.2423,110.0965,110.9423,111.7797,112.6085,113.4288,114.2405,115.0434,115.8376,116.6229,117.3994,118.167,119.7345,119.675,121.2345
153.0338,146.1251,145.4698,143.9205,142.3684,140.8138,139.2569,138.5641,136.999,135.4324,133.8645,133.1436,131.5691,129.9939,129.2523,128.5008,127.7396,127.7877,127.8161,127.8247,128.6171,128.5803,129.3166,129.2338,129.1303,129.0062,129.6329,130.2276,130.0294,130.5648,130.3183,130.0503,128.2863,124.3301,119.6868,115.8137,112.6936,108.8944,106.5382,102.8094,101.1881,100.2538,99.31176,98.3622,97.40515,96.44068,95.46886,94.48978,93.5035,92.5101,91.50965,90.50224,89.48793,88.46681,87.43895,86.99222,85.36333,84.88931
76.29983,74.45444,75.72677,76.05439,77.29972,78.53916,78.78777,79.5,80.6986,81.37602,82.55477,83.19732,83.81874,84.96369,85.55023,86.6749,87.79297,89.47792,91.17036,93.45786,95.17165,96.89222,99.22811,100.9685,102.7149,104.4672,106.8611,108.6311,111.0556,113.4982,115.9585,117.0979,117.5527,115.9397,113.5785,111.84,110.7437,108.8944,108.4141,106.4623,106.63,107.509,108.3798,109.2423,110.0965,110.9423,111.7797,112.6085,113.4288,114.2405,115.0434,115.8376,116.6229,117.3994,118.167,119.7345,119.675,120.4154
153.0338,146.1251,145.4698,143.0375,142.3684,141.6884,139.2569,137.698,136.999,135.4324,134.7171,133.1436,131.5691,130.8326,129.2523,128.5008,127.7396,127.7877,127.8161,128.6337,128.6171,128.5803,129.3166,129.2338,129.1303,129.0062,129.6329,129.4615,130.0294,130.5648,131.0673,130.0503,128.2863,124.3301,119.6868,115.8137,112.6936,108.8944,106.5382,102.8094,101.1881,100.2538,99.31176,98.3622,97.40515,96.44068,95.46886,94.48978,93.5035,92.5101,91.50965,90.50224,89.48793,88.46681,87.43895,86.99222,85.36333,84.31574
76.29983,74.45444,75.72677,76.52386,77.29972,78.05435,78.78777,79.5,80.6986,81.37602,82.55477,83.19732,83.81874,84.96369,85.55023,86.6749,87.79297,89.47792,91.75107,93.45786,95.17165,96.89222,99.22811,100.9685,102.7149,104.4672,106.8611,108.6311,111.0556,113.4982,115.2959,117.0979,117.5527,115.9397,113.5785,111.84,110.7437,108.8944,108.4141,107.1816,106.63,107.509,108.3798,109.2423,110.0965,110.9423,111.7797,112.6085,113.4288,114.2405,115.0434,115.8376,116.6229,117.3994,118.167,118.9255,120.4891,122.0537
153.0338,146.1251,145.4698,143.9205,142.3684,140.8138,139.2569,137.698,136.999,135.4324,134.7171,133.1436,131.5691,130.8326,129.2523,128.5008,127.7396,127.7877,128.6303,128.6337,128.6171,128.5803,129.3166,129.2338,129.1303,129.0062,129.6329,129.4615,130.0294,130.5648,130.3183,130.0503,128.2863,124.3301,119.6868,115.8137,112.6936,108.8944,106.5382,103.5041,101.1881,100.2538,99.31176,98.3622,97.40515,96.44068,95.46886,94.48978,93.5035,92.5101,91.50965,90.50224,89.48793,88.46681,87.43895,86.40443,85.94404,85.46289
76.29983,74.45444,75.72677,76.52386,77.29972,78.05435,78.78777,80,80.6986,81.37602,82.55477,83.19732,83.81874,84.96369,85.55023,86.6749,87.79297,89.47792,91.75107,93.45786,95.17165,97.49403,98.61935,100.9685,102.7149,104.4672,106.8611,108.6311,111.0556,113.4982,115.9585,117.0979,117.5527,115.9397,113.5785,111.84,110.7437,109.6016,108.4141,107.1816,106.63,107.509,108.3798,109.2423,110.0965,110.9423,111.7797,112.6085,113.4288,114.2405,115.0434,115.8376,116.6229,117.3994,118.167,118.9255,119.675,121.2345
153.0338,146.1251,145.4698,143.9205,142.3684,140.8138,139.2569,138.5641,136.999,135.4324,134.7171,133.1436,131.5691,130.8326,129.2523,128.5008,127.7396,127.7877,128.6303,128.6337,128.6171,129.379,128.5232,129.2338,129.1303,129.0062,129.6329,129.4615,130.0294,130.5648,131.0673,130.0503,128.2863,124.3301,119.6868,115.8137,112.6936,109.6016,106.5382,103.5041,101.1881,100.2538,99.31176,98.3622,97.40515,96.44068,95.46886,94.48978,93.5035,92.5101,91.50965,90.50224,89.48793,88.46681,87.43895,86.40443,85.36333,84.88931
76.29983,74.45444,75.72677,76.52386,77.29972,78.05435,79.28019,80,80.6986,81.37602,82.55477,83.19732,84.35604,84.41905,85.55023,86.11571,87.79297,89.47792,91.17036,93.45786,95.17165,96.89222,99.22811,100.9685,102.7149,104.4672,106.8611,108.6311,111.0556,113.4982,115.9585,117.0979,117.5527,115.9397,113.5785,111.84,110.7437,109.6016,108.4141,106.4623,106.63,107.509,108.3798,109.2423,110.0965,110.9423,111.7797,112.6085,113.4288,114.2405,115.0434,115.8376,116.6229,117.3994,118.167,118.9255,119.675,121.2345
153.0338,146.1251,145.4698,143.9205,142.3684,140.8138,140.1273,138.5641,136.999,135.4324,134.7171,133.1436,132.4125,129.9939,129.2523,127.6718,127.7396,127.7877,127.8161,128.6337,128.6171,128.5803,129.3166,129.2338,129.1303,129.0062,129.6329,129.4615,130.0294,130.5648,131.0673,130.0503,128.2863,124.3301,119.6868,115.8137,112.6936,109.6016,106.5382,102.8094,101.1881,100.2538,99.31176,98.3622,97.40515,96.44068,95.46886,94.48978,93.5035,92.5101,91.50965,90.50224,89.48793,88.46681,87.43895,86.40443,85.36333,84.88931
76.29983,74.45444,75.72677,76.52386,77.29972,78.05435,78.78777,80,80.6986,81.37602,82.03227,83.19732,83.81874,84.96369,85.55023,86.6749,87.79297,89.47792,91.17036,93.45786,95.17165,96.89222,99.22811,100.9685,102.7149,104.4672,106.8611,108.6311,111.0556,113.4982,115.9585,117.0979,117.5527,115.9397,113.5785,111.84,110.7437,109.6016,108.4141,106.4623,106.63,107.509,108.3798,109.2423,110.0965,110.9423,111.7797,112.6085,113.4288,114.2405,115.0434,115.8376,116.6229,117.3994,118.167,118.9255,119.675,122.0537
153.0338,146.1251,145.4698,143.9205,142.3684,140.8138,139.2569,138.5641,136.999,135.4324,133.8645,133.1436,131.5691,130.8326,129.2523,128.5008,127.7396,127.7877,127.8161,128.6337,128.6171,128.5803,129.3166,129.2338,129.1303,129.0062,129.6329,129.4615,130.0294,130.5648,131.0673,130.0503,128.2863,124.3301,119.6868,115.8137,112.6936,109.6016,106.5382,102.8094,101.1881,100.2538,99.31176,98.3622,97.40515,96.44068,95.46886,94.48978,93.5035,92.5101,91.50965,90.50224,89.48793,88.46681,87.43895,86.40443,85.36333,85.46289
76.29983,74.45444,75.72677,76.52386,77.29972,78.05435,78.78777,80,80.6986,81.37602,82.55477,83.19732,83.81874,84.96369,85.55023,86.6749,87.79297,89.47792,91.75107,93.45786,95.17165,97.49403,99.22811,100.9685,102.7149,104.4672,106.8611,109.2739,111.0556,113.4982,115.9585,117.0979,116.8771,115.9397,113.5785,111.84,110.7437,109.6016,108.4141,106.4623,106.63,107.509,108.3798,109.2423,110.0965,110.9423,111.7797,112.6085,113.4288,114.2405,115.0434,115.8376,116.6229,117.3994,118.167,118.9255,120.4891,122.0537
153.0338,146.1251,145.4698,143.9205,142.3684,140.8138,139.2569,138.5641,136.999,135.4324,134.7171,133.1436,131.5691,130.8326,129.2523,128.5008,127.7396,127.7877,128.6303,128.6337,128.6171,129.379,129.3166,129.2338,129.1303,129.0062,129.6329,130.2276,130.0294,130.5648,131.0673,130.0503,127.549,124.3301,119.6868,115.8137,112.6936,109.6016,106.5382,102.8094,101.1881,100.2538,99.31176,98.3622,97.40515,96.44068,95.46886,94.48978,93.5035,92.5101,91.50965,90.50224,89.48793,88.46681,87.43895,86.40443,85.94404,85.46289
76.29983,74.45444,75.72677,76.52386,77.29972,78.05435,78.78777,79.5,80.6986,81.37602,82.55477,83.19732,83.81874,84.41905,85.55023,86.6749,87.79297,89.47792,91.17036,93.45786,95.17165,97.49403,99.22811,100.9685,102.7149,104.4672,106.8611,108.6311,111.0556,113.4982,115.9585,117.0979,117.5527,115.9397,113.5785,111.84,110.7437,109.6016,108.4141,106.4623,106.63,107.509,108.3798,109.2423,110.0965,110.9423,111.7797,112.6085,113.4288,114.2405,115.0434,115.8376,116.6229,117.3994,118.167,118.9255,119.675,122.0537
153.0338,146.1251,145.4698,143.9205,142.3684,140.8138,139.2569,137.698,136.999,135.4324,134.7171,133.1436,131.5691,129.9939,129.2523,128.5008,127.7396,127.7877,127.8161,128.6337,128.6171,129.379,129.3166,129.2338,129.1303,129.0062,129.6329,129.4615,130.0294,130.5648,131.0673,130.0503,128.2863,124.3301,119.6868,115.8137,112.6936,109.6016,106.5382,102.8094,101.1881,100.2538,99.31176,98.3622,97.40515,96.44068,95.46886,94.48978,93.5035,92.5101,91.50965,90.50224,89.48793,88.46681,87.43895,86.40443,85.36333,85.46289
76.29983,74.45444,75.72677,76.52386,77.29972,78.05435,78.78777,80,80.6986,81.37602,82.55477,83.19732,83.81874,84.96369,85.55023,86.11571,87.79297,89.47792,91.75107,93.45786,95.17165,96.89222,99.22811,100.9685,102.7149,104.4672,106.8611,109.2739,111.0556,113.4982,115.9585,117.0979,117.5527,115.9397,113.5785,111.84,110.7437,109.6016,108.4141,106.4623,106.63,107.509,108.3798,109.2423,110.0965,110.9423,111.7797,112.6085,113.4288,114.2405,115.0434,115.8376,116.6229,117.3994,118.167,118.9255,120.4891,120.4154
153.0338,146.1251,145.4698,143.9205,142.3684,140.8138,139.2569,138.5641,136.999,135.4324,134.7171,133.1436,131.5691,130.8326,129.2523,127.6718,127.7396,127.7877,128.6303,128.6337,128.6171,128.5803,129.3166,129.2338,129.1303,129.0062,129.6329,130.2276,130.0294,130.5648,131.0673,130.0503,128.2863,124.3301,119.6868,115.8137,112.6936,109.6016,106.5382,102.8094,101.1881,100.2538,99.31176,98.3622,97.40515,96.44068,95.46886,94.48978,93.5035,92.5101,91.50965,90.50224,89.48793,88.46681,87.43895,86.40443,85.94404,84.31574
76.29983,74.45444,75.72677,76.52386,77.29972,78.05435,79.28019,79.5,80.6986,81.37602,82.55477,83.19732,83.81874,84.96369,85.55023,86.6749,87.79297,89.47792,91.75107,93.45786,95.17165,97.49403,99.22811,100.9685,102.7149,104.4672,106.8611,108.6311,111.0556,113.4982,115.9585,117.0979,117.5527,115.9397,113.5785,111.84,110.7437,109.6016,108.4141,106.4623,106.63,107.509,108.3798,109.2423,110.0965,110.9423,111.7797,112.6085,113.4288,114.2405,115.0434,115.8376,116.6229,117.3994,118.167,118.9255,119.675,122.0537
153.0338,146.1251,145.4698,143.9205,142.3684,140.8138,140.1273,137.698,136.999,135.4324,134.7171,133.1436,131.5691,130.8326,129.2523,128.5008,127.7396,127.7877,128.6303,128.6337,128.6171,129.379,129.3166,129.2338,129.1303,129.0062,129.6329,129.4615,130.0294,130.5648,131.0673,130.0503,128.2863,124.3301,119.6868,115.8137,112.6936,109.6016,106.5382,102.8094,101.1881,100.2538,99.31176,98.3622,97.40515,96.44068,95.46886,94.48978,93.5035,92.5101,91.50965,90.50224,89.48793,88.46681,87.43895,86.40443,85.36333,85.46289
76.29983,74.45444,75.72677,76.52386,77.29972,78.05435,78.78777,79.5,80.6986,81.37602,82.55477,83.19732,83.81874,84.96369,85.55023,86.6749,87.79297,89.47792,91.17036,93.45786,95.17165,97.49403,99.22811,100.9685,102.7149,104.4672,106.8611,108.6311,111.0556,113.4982,115.9585,117.0979,117.5527,115.9397,113.5785,111.84,110.7437,109.6016,108.4141,106.4623,106.63,107.509,108.3798,109.2423,110.0965,110.9423,111.7797,112.6085,113.4288,114.2405,115.0434,115.8376,116.6229,117.3994,118.167,118.9255,119.675,121.2345
153.0338,146.1251,145.4698,143.9205,142.3684,140.8138,139.2569,137.698,136.999,135.4324,134.7171,133.1436,131.5691,130.8326,129.2523,128.5008,127.7396,127.7877,127.8161,128.6337,128.6171,129.379,129.3166,129.2338,129.1303,129.0062,129.6329,129.4615,130.0294,130.5648,131.0673,130.0503,128.2863,124.3301,119.6868,115.8137,112.6936,109.6016,106.5382,102.8094,101.1881,100.2538,99.31176,98.3622,97.40515,96.44068,95.46886,94.48978,93.5035,92.5101,91.50965,90.50224,89.48793,88.46681,87.43895,86.40443,85.36333,84.88931
76.29983,74.45444,75.72677,76.52386,77.29972,78.05435,78.78777,80,80.6986,81.37602,82.03227,83.19732,83.81874,84.96369,85.55023,86.6749,87.79297,89.47792,91.17036,93.45786,95.17165,96.89222,99.22811,100.9685,102.7149,104.4672,106.8611,109.2739,111.0556,113.4982,115.9585,117.0979,117.5527,115.9397,113.5785,111.84,110.7437,109.6016,108.4141,107.1816,106.63,107.509,108.3798,109.2423,110.0965,110.9423,111.7797,112.6085,113.4288,114.2405,115.0434,115.8376,116.6229,117.3994,118.167,118.9255,120.4891,122.0537
153.0338,146.1251,145.4698,143.9205,142.3684,140.8138,139.2569,138.5641,136.999,135.4324,133.8645,133.1436,131.5691,130.8326,129.2523,128.5008,127.7396,127.7877,127.8161,128.6337,128.6171,128.5803,129.3166,129.2338,129.1303,129.0062,129.6329,130.2276,130.0294,130.5648,131.0673,130.0503,128.2863,124.3301,119.6868,115.8137,112.6936,109.6016,106.5382,103.5041,101.1881,100.2538,99.31176,98.3622,97.40515,96.44068,95.46886,94.48978,93.5035,92.5101,91.50965,90.50224,89.48793,88.46681,87.43895,86.40443,85.94404,85.46289
76.29983,74.45444,75.72677,76.52386,77.29972,78.05435,78.78777,79.5,80.6986,81.89105,82.03227,83.19732,83.81874,84.41905,85.55023,86.6749,88.35937,90.0515,91.17036,93.45786,95.17165,96.89222,99.22811,100.9685,102.7149,104.4672,106.8611,108.6311,111.0556,113.4982,115.9585,117.0979,117.5527,115.9397,113.5785,111.84,110.7437,109.6016,108.4141,106.4623,106.63,107.509,108.3798,109.2423,110.0965,110.9423,111.7797,112.6085,113.4288,114.2405,115.0434,115.8376,116.6229,117.3994,118.167,118.9255,120.4891,121.2345
153.0338,146.1251,145.4698,143.9205,142.3684,140.8138,139.2569,137.698,136.999,136.2896,133.8645,133.1436,131.5691,129.9939,129.2523,128.5008,128.5637,128.6069,127.8161,128.6337,128.6171,128.5803,129.3166,129.2338,129.1303,129.0062,129.6329,129.4615,130.0294,130.5648,131.0673,130.0503,128.2863,124.3301,119.6868,115.8137,112.6936,109.6016,106.5382,102.8094,101.1881,100.2538,99.31176,98.3622,97.40515,96.44068,95.46886,94.48978,93.5035,92.5101,91.50965,90.50224,89.48793,88.46681,87.43895,86.40443,85.94404,84.88931
76.29983,74.45444,75.26502,76.52386,77.29972,78.05435,78.78777,80,80.6986,81.37602,82.55477,83.19732,83.81874,84.96369,85.55023,86.6749,88.35937,89.47792,91.17036,93.45786,95.17165,96.89222,99.22811,100.9685,102.7149,104.4672,106.8611,109.2739,111.0556,113.4982,115.9585,117.0979,117.5527,115.9397,113.5785,111.84,110.7437,108.8944,108.4141,106.4623,106.63,107.509,108.3798,109.2423,110.0965,110.9423,111.7797,112.6085,113.4288,114.2405,115.0434,115.8376,116.6229,117.3994,118.167,118.9255,119.675,121.2345
153.0338,146.1251,144.5828,143.9205,142.3684,140.8138,139.2569,138.5641,136.999,135.4324,134.7171,133.1436,131.5691,130.8326,129.2523,128.5008,128.5637,127.7877,127.8161,128.6337,128.6171,128.5803,129.3166,129.2338,129.1303,129.0062,129.6329,130.2276,130.0294,130.5648,131.0673,130.0503,128.2863,124.3301,119.6868,115.8137,112.6936,108.8944,106.5382,102.8094,101.1881,100.2538,99.31176,98.3622,97.40515,96.44068,95.46886,94.48978,93.5035,92.5101,91.50965,90.50224,89.48793,88.46681,87.43895,86.40443,85.36333,84.88931
76.29983,74.45444,75.72677,76.52386,77.29972,78.05435,78.78777,80,80.6986,81.37602,82.55477,83.19732,83.81874,84.41905,85.55023,86.6749,88.35937,89.47792,91.75107,93.45786,95.17165,96.89222,99.22811,100.9685,102.7149,104.4672,106.8611,109.2739,111.0556,113.4982,115.9585,117.0979,117.5527,115.9397,113.5785,111.84,110.7437,109.6016,108.4141,106.4623,106.63,107.509,108.3798,109.2423,110.0965,110.9423,111.7797,112.6085,113.4288,114.2405,115.0434,115.8376,116.6229,117.3994,118.167,118.9255,119.675,121.2345
153.0338,146.1251,145.4698,143.9205,142.3684,140.8138,139.2569,138.5641,136.999,135.4324,134.7171,133.1436,131.5691,129.9939,129.2523,128.5008,128.5637,127.7877,128.6303,128.6337,128.6171,128.5803,129.3166,129.2338,129.1303,129.0062,129.6329,130.2276,130.0294,130.5648,131.0673,130.0503,128.2863,124.3301,119.6868,115.8137,112.6936,109.6016,106.5382,102.8094,101.1881,100.2538,99.31176,98.3622,97.40515,96.44068,95.46886,94.48978,93.5035,92.5101,91.50965,90.50224,89.48793,88.46681,87.43895,86.40443,85.36333,84.88931
76.29983,74.45444,75.26502,76.52386,77.29972,78.05435,78.78777,80,80.6986,81.37602,82.55477,83.19732,83.81874,84.96369,85.55023,86.6749,88.35937,89.47792,91.75107,93.45786,95.17165,97.49403,99.22811,100.9685,102.7149,104.4672,106.8611,109.2739,111.0556,113.4982,115.2959,117.0979,117.5527,115.9397,113.5785,111.84,110.7437,109.6016,108.4141,106.4623,106.63,107.509,108.3798,109.2423,110.0965,110.9423,111.7797,112.6085,113.4288,114.2405,115.0434,115.8376,116.6229,117.3994,118.167,118.9255,119.675,122.0537
153.0338,146.1251,144.5828,143.9205,142.3684,140.8138,139.2569,138.5641,136.999,135.4324,134.7171,133.1436,131.5691,130.8326,129.2523,128.5008,128.5637,127.7877,128.6303,128.6337,128.6171,129.379,129.3166,129.2338,129.1303,129.0062,129.6329,130.2276,130.0294,130.5648,130.3183,130.0503,128.2863,124.3301,119.6868,115.8137,112.6936,109.6016,106.5382,102.8094,101.1881,100.2538,99.31176,98.3622,97.40515,96.44068,95.46886,94.48978,93.5035,92.5101,91.50965,90.50224,89.48793,88.46681,87.43895,86.40443,85.36333,85.46289
76.29983,74.45444,75.26502,76.52386,77.29972,78.05435,78.78777,79.5,80.6986,81.37602,82.03227,82.66741,83.81874,84.41905,85.55023,86.6749,87.79297,89.47792,91.75107,93.45786,95.17165,96.89222,99.22811,100.9685,102.7149,104.4672,106.8611,109.2739,111.0556,113.4982,115.9585,117.0979,117.5527,115.9397,113.5785,111.84,110.7437,109.6016,108.4141,106.4623,106.63,107.509,108.3798,109.2423,110.0965,110.9423,111.7797,112.6085,113.4288,114.2405,115.0434,115.8376,116.6229,117.3994,118.167,118.9255,119.675,122.0537
153.0338,146.1251,144.5828,143.9205,142.3684,140.8138,139.2569,137.698,136.999,135.4324,133.8645,132.2955,131.5691,129.9939,129.2523,128.5008,127.7396,127.7877,128.6303,128.6337,128.6171,128.5803,129.3166,129.2338,129.1303,129.0062,129.6329,130.2276,130.0294,130.5648,131.0673,130.0503,128.2863,124.3301,119.6868,115.8137,112.6936,109.6016,106.5382,102.8094,101.1881,100.2538,99.31176,98.3622,97.40515,96.44068,95.46886,94.48978,93.5035,92.5101,91.50965,90.50224,89.48793,88.46681,87.43895,86.40443,85.36333,85.46289
