119.5594,115.5485,116.2734,116.9757,117.6553,118.9416,119.5827,120.8441,122.0962,122.683,123.9099,124.4583,125.6598,126.1697,128.034,129.2065,131.07,133.6432,136.2308,138.8326,140.7226,143.3453,146.7182,148.629,152.038,153.9608,152.0812,150.1447,148.1519,146.8806,144.7825,143.418,143.597,143.7544,144.6942,145.6231,147.3549,147.4474,149.1668,149.2268,150.9333,151.7994,152.6539,154.3448,155.1805,156.0044,156.8165,156.7506
161.5752,153.338,151.5305,149.722,147.9129,146.8806,145.0654,144.0164,142.9563,141.1307,140.0547,138.2249,137.1336,135.3004,134.9196,133.7972,133.3778,133.6432,133.8737,134.0691,133.5408,133.6717,134.4425,133.8261,134.5119,133.836,129.8896,125.9864,122.127,118.9416,115.1652,112.0504,110.1858,108.3267,107.0681,105.8013,105.1072,103.2438,102.5195,100.6547,99.90059,98.57967,97.25123,96.44531,95.09474,93.73693,92.37198,90.5
119.5594,115.5485,116.2734,116.9757,117.6553,118.9416,119.5827,120.8441,122.0962,122.683,123.9099,124.4583,124.9842,126.1697,128.034,129.2065,131.07,133.6432,136.2308,138.8326,140.7226,143.3453,145.9809,148.629,152.038,153.9608,152.0812,150.9108,148.1519,146.1034,144.7825,143.418,142.8036,143.7544,144.6942,145.6231,146.5408,148.2665,149.1668,149.2268,150.9333,151.7994,152.6539,154.3448,155.1805,155.1473,156.8165,156.7506
161.5752,153.338,151.5305,149.722,147.9129,146.8806,145.0654,144.0164,142.9563,141.1307,140.0547,138.2249,136.3963,135.3004,134.9196,133.7972,133.3778,133.6432,133.8737,134.0691,133.5408,133.6717,133.7669,133.8261,134.5119,133.836,129.8896,126.6292,122.127,118.3122,115.1652,112.0504,109.5771,108.3267,107.0681,105.8013,104.5265,103.8173,102.5195,100.6547,99.90059,98.57967,97.25123,96.44531,95.09474,93.22189,92.37198,90.5
119.5594,115.5485,116.2734,116.9757,117.6553,118.3122,119.5827,120.8441,122.0962,122.683,123.9099,124.4583,125.6598,126.1697,128.034,129.2065,131.07,133.6432,136.2308,138.1132,140.7226,143.3453,146.7182,148.629,151.2891,153.9608,152.0812,150.1447,148.9235,146.1034,144.7825,143.418,142.8036,143.7544,144.6942,145.6231,146.5408,147.4474,148.3427,150.0558,150.9333,151.7994,152.6539,153.4967,154.3279,156.0044,156.8165,157.6166
161.5752,153.338,151.5305,149.722,147.9129,146.1034,145.0654,144.0164,142.9563,141.1307,140.0547,138.2249,137.1336,135.3004,134.9196,133.7972,133.3778,133.6432,133.8737,133.3744,133.5408,133.6717,134.4425,133.8261,133.8492,133.836,129.8896,125.9864,122.7631,118.3122,115.1652,112.0504,109.5771,108.3267,107.0681,105.8013,104.5265,103.2438,101.9531,101.2139,99.90059,98.57967,97.25123,95.91539,94.57224,93.73693,92.37198,91
119.5594,115.5485,116.2734,116.9757,117.6553,118.3122,119.5827,120.8441,122.0962,122.683,123.9099,124.4583,125.6598,126.1697,128.034,129.2065,131.07,133.6432,136.2308,138.8326,140.7226,143.3453,146.7182,148.629,152.038,153.9608,152.0812,150.9108,148.1519,146.8806,144.7825,142.6299,142.8036,143.7544,144.6942,145.6231,146.5408,147.4474,148.3427,150.0558,150.9333,151.7994,152.6539,153.4967,155.1805,156.0044,156.8165,157.6166
161.5752,153.338,151.5305,149.722,147.9129,146.1034,145.0654,144.0164,142.9563,141.1307,140.0547,138.2249,137.1336,135.3004,134.9196,133.7972,133.3778,133.6432,133.8737,134.0691,133.5408,133.6717,134.4425,133.8261,134.5119,133.836,129.8896,126.6292,122.127,118.9416,115.1652,111.4347,109.5771,108.3267,107.0681,105.8013,104.5265,103.2438,101.9531,101.2139,99.90059,98.57967,97.25123,95.91539,95.09474,93.73693,92.37198,91
119.5594,115.5485,116.2734,116.9757,117.6553,118.9416,119.5827,120.8441,122.0962,123.3391,123.9099,124.4583,125.6598,126.1697,128.034,129.2065,131.07,133.6432,136.2308,138.1132,140.7226,143.3453,146.7182,148.629,152.038,153.9608,152.0812,150.1447,148.1519,146.8806,144.7825,143.418,142.8036,143.7544,144.6942,145.6231,146.5408,147.4474,148.3427,149.2268,150.9333,151.7994,152.6539,153.4967,155.1805,156.0044,156.8165,156.7506
161.5752,153.338,151.5305,149.722,147.9129,146.8806,145.0654,144.0164,142.9563,141.8854,140.0547,138.2249,137.1336,135.3004,134.9196,133.7972,133.3778,133.6432,133.8737,133.3744,133.5408,133.6717,134.4425,133.8261,134.5119,133.836,129.8896,125.9864,122.127,118.9416,115.1652,112.0504,109.5771,108.3267,107.0681,105.8013,104.5265,103.2438,101.9531,100.6547,99.90059,98.57967,97.25123,95.91539,95.09474,93.73693,92.37198,90.5
119.5594,115.5485,115.6647,116.9757,117.6553,118.3122,119.5827,120.8441,122.0962,122.683,123.9099,124.4583,124.9842,126.1697,127.3456,129.2065,131.07,133.6432,136.2308,138.8326,140.7226,143.3453,146.7182,148.629,152.038,153.9608,152.0812,150.1447,148.1519,146.8806,144.7825,143.418,142.8036,143.7544,144.6942,145.6231,146.5408,147.4474,148.3427,149.2268,150.9333,151.7994,152.6539,153.4967,154.3279,156.0044,156.8165,157.6166
161.5752,153.338,150.7371,149.722,147.9129,146.1034,145.0654,144.0164,142.9563,141.1307,140.0547,138.2249,136.3963,135.3004,134.1943,133.7972,133.3778,133.6432,133.8737,134.0691,133.5408,133.6717,134.4425,133.8261,134.5119,133.836,129.8896,125.9864,122.127,118.9416,115.1652,112.0504,109.5771,108.3267,107.0681,105.8013,104.5265,103.2438,101.9531,100.6547,99.90059,98.57967,97.25123,95.91539,94.57224,93.73693,92.37198,91
118.9646,115.5485,116.2734,116.9757,117.6553,118.3122,119.5827,120.8441,122.0962,122.683,123.9099,124.4583,125.6598,126.1697,128.034,129.2065,131.07,133.6432,136.2308,138.8326,140.7226,143.3453,146.7182,148.629,151.2891,153.9608,152.0812,150.9108,148.1519,146.8806,144.7825,143.418,142.8036,143.7544,144.6942,146.4321,147.3549,147.4474,148.3427,149.2268,150.9333,151.7994,152.6539,153.4967,154.3279,156.0044,156.8165,158.4826
160.7714,153.338,151.5305,149.722,147.9129,146.1034,145.0654,144.0164,142.9563,141.1307,140.0547,138.2249,137.1336,135.3004,134.9196,133.7972,133.3778,133.6432,133.8737,134.0691,133.5408,133.6717,134.4425,133.8261,133.8492,133.836,129.8896,126.6292,122.127,118.9416,115.1652,112.0504,109.5771,108.3267,107.0681,106.3891,105.1072,103.2438,101.9531,100.6547,99.90059,98.57967,97.25123,95.91539,94.57224,93.73693,92.37198,91.5
119.5594,115.5485,116.2734,116.9757,117.6553,118.9416,119.5827,120.8441,122.0962,122.683,123.9099,124.4583,124.9842,126.1697,128.034,129.2065,131.07,133.6432,136.2308,138.8326,140.7226,143.3453,145.9809,148.629,151.2891,153.9608,152.0812,150.9108,148.1519,146.8806,144.7825,143.418,142.8036,143.7544,144.6942,145.6231,146.5408,147.4474,148.3427,149.2268,150.0994,151.7994,152.6539,153.4967,154.3279,156.0044,156.8165,156.7506
161.5752,153.338,151.5305,149.722,147.9129,146.8806,145.0654,144.0164,142.9563,141.1307,140.0547,138.2249,136.3963,135.3004,134.9196,133.7972,133.3778,133.6432,133.8737,134.0691,133.5408,133.6717,133.7669,133.8261,133.8492,133.836,129.8896,126.6292,122.127,118.9416,115.1652,112.0504,109.5771,108.3267,107.0681,105.8013,104.5265,103.2438,101.9531,100.6547,99.34866,98.57967,97.25123,95.91539,94.57224,93.73693,92.37198,90.5
119.5594,114.9467,116.2734,116.9757,117.6553,118.9416,119.5827,120.8441,122.0962,122.683,123.9099,124.4583,125.6598,126.1697,128.034,129.2065,131.07,133.6432,136.2308,138.8326,140.7226,143.3453,146.7182,148.629,151.2891,153.9608,152.0812,150.9108,148.1519,146.8806,144.7825,143.418,143.597,143.7544,144.6942,145.6231,146.5408,147.4474,149.1668,150.0558,150.9333,151.7994,152.6539,153.4967,154.3279,156.0044,156.8165,157.6166
161.5752,152.5394,151.5305,149.722,147.9129,146.8806,145.0654,144.0164,142.9563,141.1307,140.0547,138.2249,137.1336,135.3004,134.9196,133.7972,133.3778,133.6432,133.8737,134.0691,133.5408,133.6717,134.4425,133.8261,133.8492,133.836,129.8896,126.6292,122.127,118.9416,115.1652,112.0504,110.1858,108.3267,107.0681,105.8013,104.5265,103.2438,102.5195,101.2139,99.90059,98.57967,97.25123,95.91539,94.57224,93.73693,92.37198,91
119.5594,115.5485,116.2734,116.9757,117.6553,118.3122,119.5827,120.8441,122.0962,122.683,123.9099,124.4583,125.6598,126.1697,128.034,129.2065,131.07,133.6432,136.2308,138.8326,140.7226,143.3453,146.7182,148.629,151.2891,153.9608,152.0812,150.1447,148.1519,146.8806,144.7825,142.6299,144.3903,143.7544,144.6942,145.6231,146.5408,147.4474,148.3427,149.2268,150.9333,151.7994,152.6539,153.4967,154.3279,156.0044,156.8165,158.4826
161.5752,153.338,151.5305,149.722,147.9129,146.1034,145.0654,144.0164,142.9563,141.1307,140.0547,138.2249,137.1336,135.3004,134.9196,133.7972,133.3778,133.6432,133.8737,134.0691,133.5408,133.6717,134.4425,133.8261,133.8492,133.836,129.8896,125.9864,122.127,118.9416,115.1652,111.4347,110.7946,108.3267,107.0681,105.8013,104.5265,103.2438,101.9531,100.6547,99.90059,98.57967,97.25123,95.91539,94.57224,93.73693,92.37198,91.5
119.5594,115.5485,116.2734,116.9757,117.6553,118.9416,119.5827,120.8441,121.4468,122.683,123.9099,124.4583,125.6598,126.1697,127.3456,129.2065,131.07,133.6432,136.2308,138.8326,139.9973,143.3453,145.9809,148.629,151.2891,153.9608,152.0812,150.9108,148.1519,146.8806,144.7825,143.418,142.8036,143.7544,144.6942,145.6231,146.5408,147.4474,148.3427,149.2268,150.9333,151.7994,152.6539,153.4967,155.1805,156.0044,156.8165,156.7506
161.5752,153.338,151.5305,149.722,147.9129,146.8806,145.0654,144.0164,142.1959,141.1307,140.0547,138.2249,137.1336,135.3004,134.1943,133.7972,133.3778,133.6432,133.8737,134.0691,132.8524,133.6717,133.7669,133.8261,133.8492,133.836,129.8896,126.6292,122.127,118.9416,115.1652,112.0504,109.5771,108.3267,107.0681,105.8013,104.5265,103.2438,101.9531,100.6547,99.90059,98.57967,97.25123,95.91539,95.09474,93.73693,92.37198,90.5
119.5594,114.9467,116.2734,116.9757,117.6553,118.3122,119.5827,120.8441,122.0962,122.683,123.9099,125.1274,124.9842,126.1697,127.3456,129.2065,131.07,132.9361,136.2308,138.1132,140.7226,143.3453,145.9809,148.629,151.2891,153.9608,152.0812,150.1447,148.1519,146.1034,144.7825,143.418,142.8036,143.7544,144.6942,145.6231,146.5408,147.4474,148.3427,149.2268,150.9333,151.7994,152.6539,153.4967,154.3279,155.1473,156.8165,158.4826
161.5752,152.5394,151.5305,149.722,147.9129,146.1034,145.0654,144.0164,142.9563,141.1307,140.0547,138.9681,136.3963,135.3004,134.1943,133.7972,133.3778,132.9361,133.8737,133.3744,133.5408,133.6717,133.7669,133.8261,133.8492,133.836,129.8896,125.9864,122.127,118.3122,115.1652,112.0504,109.5771,108.3267,107.0681,105.8013,104.5265,103.2438,101.9531,100.6547,99.90059,98.57967,97.25123,95.91539,94.57224,93.22189,92.37198,91.5
119.5594,115.5485,116.2734,116.9757,117.6553,118.9416,119.5827,120.8441,122.0962,122.683,123.9099,124.4583,124.9842,126.1697,127.3456,129.2065,131.07,133.6432,136.2308,138.1132,139.9973,143.3453,146.7182,148.629,152.038,153.9608,152.0812,150.1447,148.1519,146.8806,144.7825,143.418,142.8036,143.7544,144.6942,145.6231,146.5408,147.4474,148.3427,150.0558,150.9333,151.7994,152.6539,153.4967,155.1805,155.1473,156.8165,158.4826
161.5752,153.338,151.5305,149.722,147.9129,146.8806,145.0654,144.0164,142.9563,141.1307,140.0547,138.2249,136.3963,135.3004,134.1943,133.7972,133.3778,133.6432,133.8737,133.3744,132.8524,133.6717,134.4425,133.8261,134.5119,133.836,129.8896,125.9864,122.127,118.9416,115.1652,112.0504,109.5771,108.3267,107.0681,105.8013,104.5265,103.2438,101.9531,101.2139,99.90059,98.57967,97.25123,95.91539,95.09474,93.22189,92.37198,91.5
119.5594,115.5485,116.2734,116.9757,117.6553,118.9416,119.5827,120.8441,122.0962,123.3391,123.9099,124.4583,125.6598,126.1697,128.034,129.2065,131.07,133.6432,136.2308,138.8326,140.7226,143.3453,146.7182,148.629,152.038,153.9608,152.0812,150.9108,148.1519,146.8806,144.7825,143.418,142.8036,143.7544,144.6942,145.6231,146.5408,147.4474,148.3427,150.0558,150.9333,151.7994,152.6539,153.4967,155.1805,156.0044,156.8165,157.6166
161.5752,153.338,151.5305,149.722,147.9129,146.8806,145.0654,144.0164,142.9563,141.8854,140.0547,138.2249,137.1336,135.3004,134.9196,133.7972,133.3778,133.6432,133.8737,134.0691,133.5408,133.6717,134.4425,133.8261,134.5119,133.836,129.8896,126.6292,122.127,118.9416,115.1652,112.0504,109.5771,108.3267,107.0681,105.8013,104.5265,103.2438,101.9531,101.2139,99.90059,98.57967,97.25123,95.91539,95.09474,93.73693,92.37198,91
119.5594,115.5485,115.6647,116.36,117.6553,118.9416,119.5827,120.8441,122.0962,122.683,123.9099,124.4583,125.6598,126.1697,127.3456,129.2065,131.07,133.6432,136.2308,138.8326,140.7226,143.3453,146.7182,148.629,151.2891,153.9608,152.0812,150.9108,148.1519,146.8806,144.7825,143.418,142.8036,143.7544,144.6942,145.6231,146.5408,147.4474,148.3427,149.2268,150.9333,151.7994,152.6539,153.4967,155.1805,156.0044,156.8165,159.3487
161.5752,153.338,150.7371,148.934,147.9129,146.8806,145.0654,144.0164,142.9563,141.1307,140.0547,138.2249,137.1336,135.3004,134.1943,133.7972,133.3778,133.6432,133.8737,134.0691,133.5408,133.6717,134.4425,133.8261,133.8492,133.836,129.8896,126.6292,122.127,118.9416,115.1652,112.0504,109.5771,108.3267,107.0681,105.8013,104.5265,103.2438,101.9531,100.6547,99.90059,98.57967,97.25123,95.91539,95.09474,93.73693,92.37198,92
119.5594,115.5485,115.6647,116.9757,117.6553,118.9416,119.5827,120.8441,122.0962,122.683,123.9099,124.4583,124.9842,126.1697,128.034,129.2065,131.07,133.6432,136.2308,138.8326,140.7226,143.3453,146.7182,148.629,151.2891,153.9608,152.0812,150.1447,148.1519,146.8806,144.7825,143.418,142.8036,143.7544,144.6942,145.6231,146.5408,147.4474,148.3427,149.2268,150.9333,151.7994,152.6539,153.4967,154.3279,156.0044,156.8165,158.4826
161.5752,153.338,150.7371,149.722,147.9129,146.8806,145.0654,144.0164,142.9563,141.1307,140.0547,138.2249,136.3963,135.3004,134.9196,133.7972,133.3778,133.6432,133.8737,134.0691,133.5408,133.6717,134.4425,133.8261,133.8492,133.836,129.8896,125.9864,122.127,118.9416,115.1652,112.0504,109.5771,108.3267,107.0681,105.8013,104.5265,103.2438,101.9531,100.6547,99.90059,98.57967,97.25123,95.91539,94.57224,93.73693,92.37198,91.5
119.5594,115.5485,116.2734,116.9757,117.6553,118.9416,119.5827,120.8441,122.0962,122.683,123.9099,124.4583,124.9842,126.1697,128.034,129.2065,131.07,133.6432,135.5176,138.8326,140.7226,143.3453,146.7182,148.629,152.038,153.9608,152.0812,150.9108,148.1519,146.8806,144.7825,143.418,142.8036,143.7544,144.6942,145.6231,146.5408,147.4474,148.3427,150.0558,150.9333,151.7994,152.6539,153.4967,155.1805,156.0044,156.8165,157.6166
161.5752,153.338,151.5305,149.722,147.9129,146.8806,145.0654,144.0164,142.9563,141.1307,140.0547,138.2249,136.3963,135.3004,134.9196,133.7972,133.3778,133.6432,133.1728,134.0691,133.5408,133.6717,134.4425,133.8261,134.5119,133.836,129.8896,126.6292,122.127,118.9416,115.1652,112.0504,109.5771,108.3267,107.0681,105.8013,104.5265,103.2438,101.9531,101.2139,99.90059,98.57967,97.25123,95.91539,95.09474,93.73693,92.37198,91
119.5594,114.9467,116.2734,116.9757,117.6553,118.3122,119.5827,120.8441,122.0962,122.683,123.9099,124.4583,124.9842,126.1697,128.034,129.2065,131.07,133.6432,136.2308,138.8326,140.7226,143.3453,145.9809,148.629,151.2891,153.9608,152.0812,150.9108,148.1519,146.8806,144.7825,142.6299,143.597,143.7544,144.6942,145.6231,146.5408,147.4474,148.3427,150.0558,150.9333,151.7994,152.6539,153.4967,154.3279,155.1473,156.8165,157.6166
161.5752,152.5394,151.5305,149.722,147.9129,146.1034,145.0654,144.0164,142.9563,141.1307,140.0547,138.2249,136.3963,135.3004,134.9196,133.7972,133.3778,133.6432,133.8737,134.0691,133.5408,133.6717,133.7669,133.8261,133.8492,133.836,129.8896,126.6292,122.127,118.9416,115.1652,111.4347,110.1858,108.3267,107.0681,105.8013,104.5265,103.2438,101.9531,101.2139,99.90059,98.57967,97.25123,95.91539,94.57224,93.22189,92.37198,91
119.5594,115.5485,116.2734,116.9757,117.6553,118.9416,119.5827,120.8441,122.0962,122.683,123.9099,124.4583,125.6598,126.1697,128.034,129.2065,131.07,133.6432,136.2308,138.1132,140.7226,143.3453,146.7182,148.629,151.2891,153.9608,152.0812,150.9108,148.1519,146.8806,144.7825,143.418,143.597,142.9558,144.6942,145.6231,146.5408,147.4474,148.3427,149.2268,150.9333,151.7994,152.6539,153.4967,155.1805,155.1473,156.8165,157.6166
161.5752,153.338,151.5305,149.722,147.9129,146.8806,145.0654,144.0164,142.9563,141.1307,140.0547,138.2249,137.1336,135.3004,134.9196,133.7972,133.3778,133.6432,133.8737,133.3744,133.5408,133.6717,134.4425,133.8261,133.8492,133.836,129.8896,126.6292,122.127,118.9416,115.1652,112.0504,110.1858,107.7249,107.0681,105.8013,104.5265,103.2438,101.9531,100.6547,99.90059,98.57967,97.25123,95.91539,95.09474,93.22189,92.37198,91
119.5594,115.5485,116.2734,116.9757,117.6553,118.9416,119.5827,120.8441,122.0962,122.683,123.9099,124.4583,125.6598,126.1697,128.034,129.2065,131.07,133.6432,136.2308,138.8326,140.7226,143.3453,145.9809,149.3721,151.2891,153.9608,152.0812,150.9108,148.1519,146.8806,144.7825,143.418,142.8036,143.7544,144.6942,145.6231,146.5408,147.4474,148.3427,150.0558,150.9333,151.7994,152.6539,153.4967,155.1805,156.0044,156.8165,157.6166
161.5752,153.338,151.5305,149.722,147.9129,146.8806,145.0654,144.0164,142.9563,141.1307,140.0547,138.2249,137.1336,135.3004,134.9196,133.7972,133.3778,133.6432,133.8737,134.0691,133.5408,133.6717,133.7669,134.4953,133.8492,133.836,129.8896,126.6292,122.127,118.9416,115.1652,112.0504,109.5771,108.3267,107.0681,105.8013,104.5265,103.2438,101.9531,101.2139,99.90059,98.57967,97.25123,95.91539,95.09474,93.73693,92.37198,91
119.5594,115.5485,116.2734,116.9757,117.6553,118.9416,119.5827,120.8441,122.0962,122.683,123.2473,124.4583,125.6598,126.1697,127.3456,129.2065,131.07,133.6432,136.2308,138.1132,140.7226,143.3453,146.7182,148.629,151.2891,153.9608,152.0812,150.9108,148.1519,146.8806,144.7825,143.418,143.597,143.7544,144.6942,145.6231,146.5408,147.4474,148.3427,150.0558,150.9333,151.7994,152.6539,153.4967,154.3279,155.1473,156.8165,158.4826
161.5752,153.338,151.5305,149.722,147.9129,146.8806,145.0654,144.0164,142.9563,141.1307,139.3058,138.2249,137.1336,135.3004,134.1943,133.7972,133.3778,133.6432,133.8737,133.3744,133.5408,133.6717,134.4425,133.8261,133.8492,133.836,129.8896,126.6292,122.127,118.9416,115.1652,112.0504,110.1858,108.3267,107.0681,105.8013,104.5265,103.2438,101.9531,101.2139,99.90059,98.57967,97.25123,95.91539,94.57224,93.22189,92.37198,91.5
119.5594,115.5485,115.6647,116.9757,118.2778,118.9416,119.5827,120.8441,122.0962,122.683,123.9099,124.4583,124.9842,126.1697,128.034,129.2065,131.07,133.6432,136.2308,138.8326,140.7226,143.3453,146.7182,148.629,152.038,153.9608,152.0812,150.9108,148.1519,146.8806,144.7825,143.418,142.8036,143.7544,144.6942,145.6231,146.5408,147.4474,148.3427,149.2268,150.9333,151.7994,152.6539,153.4967,155.1805,156.0044,156.8165,156.7506
161.5752,153.338,150.7371,149.722,148.6955,146.8806,145.0654,144.0164,142.9563,141.1307,140.0547,138.2249,136.3963,135.3004,134.9196,133.7972,133.3778,133.6432,133.8737,134.0691,133.5408,133.6717,134.4425,133.8261,134.5119,133.836,129.8896,126.6292,122.127,118.9416,115.1652,112.0504,109.5771,108.3267,107.0681,105.8013,104.5265,103.2438,101.9531,100.6547,99.90059,98.57967,97.25123,95.91539,95.09474,93.73693,92.37198,90.5
119.5594,114.9467,115.6647,116.9757,117.6553,118.9416,119.5827,120.8441,122.0962,122.683,123.9099,124.4583,125.6598,126.1697,128.034,129.2065,131.07,133.6432,136.2308,138.8326,140.7226,143.3453,146.7182,148.629,152.038,153.9608,152.0812,150.9108,148.1519,146.8806,144.7825,143.418,143.597,143.7544,144.6942,145.6231,146.5408,147.4474,149.1668,150.0558,150.0994,151.7994,152.6539,153.4967,155.1805,156.0044,156.8165,156.7506
161.5752,152.5394,150.7371,149.722,147.9129,146.8806,145.0654,144.0164,142.9563,141.1307,140.0547,138.2249,137.1336,135.3004,134.9196,133.7972,133.3778,133.6432,133.8737,134.0691,133.5408,133.6717,134.4425,133.8261,134.5119,133.836,129.8896,126.6292,122.127,118.9416,115.1652,112.0504,110.1858,108.3267,107.0681,105.8013,104.5265,103.2438,102.5195,101.2139,99.34866,98.57967,97.25123,95.91539,95.09474,93.73693,92.37198,90.5
119.5594,115.5485,116.2734,116.9757,117.6553,118.9416,119.5827,120.8441,122.0962,123.3391,123.2473,124.4583,125.6598,126.1697,128.034,129.2065,131.07,133.6432,136.2308,138.8326,140.7226,143.3453,145.9809,148.629,151.2891,153.9608,152.0812,150.9108,148.1519,146.8806,144.7825,143.418,142.8036,143.7544,144.6942,145.6231,146.5408,147.4474,148.3427,150.0558,150.9333,151.7994,152.6539,153.4967,154.3279,156.0044,156.8165,157.6166
161.5752,153.338,151.5305,149.722,147.9129,146.8806,145.0654,144.0164,142.9563,141.8854,139.3058,138.2249,137.1336,135.3004,134.9196,133.7972,133.3778,133.6432,133.8737,134.0691,133.5408,133.6717,133.7669,133.8261,133.8492,133.836,129.8896,126.6292,122.127,118.9416,115.1652,112.0504,109.5771,108.3267,107.0681,105.8013,104.5265,103.2438,101.9531,101.2139,99.90059,98.57967,97.25123,95.91539,94.57224,93.73693,92.37198,91
119.5594,115.5485,116.2734,116.9757,117.6553,118.9416,119.5827,120.8441,122.0962,122.683,123.9099,124.4583,125.6598,126.1697,128.034,129.2065,131.07,133.6432,136.2308,138.8326,140.7226,143.3453,145.9809,148.629,152.038,153.9608,152.0812,150.1447,148.1519,146.1034,144.7825,143.418,143.597,143.7544,144.6942,145.6231,146.5408,147.4474,148.3427,150.0558,150.0994,151.7994,152.6539,153.4967,155.1805,156.0044,156.8165,158.4826
161.5752,153.338,151.5305,149.722,147.9129,146.8806,145.0654,144.0164,142.9563,141.1307,140.0547,138.2249,137.1336,135.3004,134.9196,133.7972,133.3778,133.6432,133.8737,134.0691,133.5408,133.6717,133.7669,133.8261,134.5119,133.836,129.8896,125.9864,122.127,118.3122,115.1652,112.0504,110.1858,108.3267,107.0681,105.8013,104.5265,103.2438,101.9531,101.2139,99.34866,98.57967,97.25123,95.91539,95.09474,93.73693,92.37198,91.5
119.5594,115.5485,116.2734,116.9757,117.6553,118.9416,119.5827,120.8441,122.0962,122.683,123.9099,124.4583,125.6598,126.1697,128.034,129.2065,131.07,133.6432,136.2308,138.8326,140.7226,143.3453,146.7182,148.629,151.2891,153.9608,152.0812,150.9108,148.1519,146.8806,144.7825,143.418,143.597,143.7544,144.6942,145.6231,146.5408,147.4474,148.3427,149.2268,150.9333,151.7994,152.6539,153.4967,155.1805,156.0044,155.9549,157.6166
161.5752,153.338,151.5305,149.722,147.9129,146.8806,145.0654,144.0164,142.9563,141.1307,140.0547,138.2249,137.1336,135.3004,134.9196,133.7972,133.3778,133.6432,133.8737,134.0691,133.5408,133.6717,134.4425,133.8261,133.8492,133.836,129.8896,126.6292,122.127,118.9416,115.1652,112.0504,110.1858,108.3267,107.0681,105.8013,104.5265,103.2438,101.9531,100.6547,99.90059,98.57967,97.25123,95.91539,95.09474,93.73693,91.86444,91
119.5594,115.5485,116.2734,116.9757,117.6553,118.9416,119.5827,120.8441,122.0962,122.683,123.9099,124.4583,125.6598,126.1697,128.034,129.2065,131.07,133.6432,136.2308,138.8326,140.7226,143.3453,145.9809,148.629,151.2891,153.9608,152.0812,150.9108,148.1519,146.8806,144.7825,142.6299,144.3903,143.7544,144.6942,145.6231,146.5408,147.4474,149.1668,149.2268,150.9333,151.7994,152.6539,153.4967,155.1805,156.0044,156.8165,157.6166
161.5752,153.338,151.5305,149.722,147.9129,146.8806,145.0654,144.0164,142.9563,141.1307,140.0547,138.2249,137.1336,135.3004,134.9196,133.7972,133.3778,133.6432,133.8737,134.0691,133.5408,133.6717,133.7669,133.8261,133.8492,133.836,129.8896,126.6292,122.127,118.9416,115.1652,111.4347,110.7946,108.3267,107.0681,105.8013,104.5265,103.2438,102.5195,100.6547,99.90059,98.57967,97.25123,95.91539,95.09474,93.73693,92.37198,91
119.5594,115.5485,115.6647,116.9757,117.6553,118.9416,119.5827,120.8441,122.0962,122.683,123.9099,124.4583,125.6598,126.1697,127.3456,129.2065,131.07,133.6432,136.2308,138.8326,139.9973,143.3453,145.9809,148.629,152.038,153.9608,152.0812,150.9108,148.1519,146.8806,144.7825,143.418,142.8036,143.7544,144.6942,145.6231,146.5408,147.4474,148.3427,149.2268,150.9333,151.7994,152.6539,153.4967,155.1805,156.0044,156.8165,157.6166
161.5752,153.338,150.7371,149.722,147.9129,146.8806,145.0654,144.0164,142.9563,141.1307,140.0547,138.2249,137.1336,135.3004,134.1943,133.7972,133.3778,133.6432,133.8737,134.0691,132.8524,133.6717,133.7669,133.8261,134.5119,133.836,129.8896,126.6292,122.127,118.9416,115.1652,112.0504,109.5771,108.3267,107.0681,105.8013,104.5265,103.2438,101.9531,100.6547,99.90059,98.57967,97.25123,95.91539,95.09474,93.73693,92.37198,91
119.5594,115.5485,116.2734,116.9757,117.6553,118.9416,119.5827,120.8441,122.0962,122.683,123.9099,124.4583,124.9842,126.1697,128.034,129.2065,131.07,132.9361,136.2308,138.8326,140.7226,143.3453,146.7182,148.629,152.038,153.9608,152.0812,150.9108,148.1519,146.8806,144.7825,143.418,142.8036,143.7544,144.6942,145.6231,146.5408,147.4474,148.3427,149.2268,150.9333,151.7994,152.6539,153.4967,154.3279,156.0044,156.8165,156.7506
161.5752,153.338,151.5305,149.722,147.9129,146.8806,145.0654,144.0164,142.9563,141.1307,140.0547,138.2249,136.3963,135.3004,134.9196,133.7972,133.3778,132.9361,133.8737,134.0691,133.5408,133.6717,134.4425,133.8261,134.5119,133.836,129.8896,126.6292,122.127,118.9416,115.1652,112.0504,109.5771,108.3267,107.0681,105.8013,104.5265,103.2438,101.9531,100.6547,99.90059,98.57967,97.25123,95.91539,94.57224,93.73693,92.37198,90.5
119.5594,115.5485,116.2734,116.9757,117.6553,118.9416,119.5827,120.8441,122.0962,122.683,123.9099,124.4583,125.6598,126.1697,127.3456,129.2065,131.07,133.6432,136.9441,138.1132,140.7226,143.3453,146.7182,148.629,151.2891,153.9608,152.0812,150.9108,148.1519,146.8806,144.7825,143.418,142.8036,143.7544,144.6942,145.6231,146.5408,147.4474,149.1668,149.2268,150.9333,151.7994,152.6539,153.4967,155.1805,156.0044,156.8165,158.4826
161.5752,153.338,151.5305,149.722,147.9129,146.8806,145.0654,144.0164,142.9563,141.1307,140.0547,138.2249,137.1336,135.3004,134.1943,133.7972,133.3778,133.6432,134.5746,133.3744,133.5408,133.6717,134.4425,133.8261,133.8492,133.836,129.8896,126.6292,122.127,118.9416,115.1652,112.0504,109.5771,108.3267,107.0681,105.8013,104.5265,103.2438,102.5195,100.6547,99.90059,98.57967,97.25123,95.91539,95.09474,93.73693,92.37198,91.5
